Model,MSO66B
Label,
Waveform Type,ANALOG
Horizontal Units,s
Sample Interval,4.00000000e-11
Record Length,10000
Zero Index,1599.08984375
Vertical Units,A
ANALOG_Thumbnail,
yOffset,1.84500000e-01
yPosition,8.40000000e-01

Labels,
TIME,CH1
-6.39635937e-08,1.97712500e-01
-6.39235937e-08,1.97689063e-01
-6.38835938e-08,1.97709375e-01
-6.38435937e-08,1.97690625e-01
-6.38035938e-08,1.97707812e-01
-6.37635937e-08,1.97692188e-01
-6.37235937e-08,1.97706250e-01
-6.36835937e-08,1.97693750e-01
-6.36435937e-08,1.97706250e-01
-6.36035938e-08,1.97695312e-01
-6.35635937e-08,1.97704688e-01
-6.35235938e-08,1.97695312e-01
-6.34835937e-08,1.97704688e-01
-6.34435937e-08,1.97695312e-01
-6.34035937e-08,1.97703125e-01
-6.33635937e-08,1.97696875e-01
-6.33235938e-08,1.97703125e-01
-6.32835937e-08,1.97696875e-01
-6.32435938e-08,1.97703125e-01
-6.32035937e-08,1.97696875e-01
-6.31635937e-08,1.97703125e-01
-6.31235937e-08,1.97696875e-01
-6.30835937e-08,1.97703125e-01
-6.30435938e-08,1.97698438e-01
-6.30035937e-08,1.97701563e-01
-6.29635938e-08,1.97698438e-01
-6.29235937e-08,1.97701563e-01
-6.28835937e-08,1.97698438e-01
-6.28435937e-08,1.97701563e-01
-6.28035937e-08,1.97698438e-01
-6.27635938e-08,1.97701563e-01
-6.27235937e-08,1.97698438e-01
-6.26835938e-08,1.97701563e-01
-6.26435937e-08,1.97698438e-01
-6.26035937e-08,1.97701563e-01
-6.25635937e-08,1.97698438e-01
-6.25235937e-08,1.97701563e-01
-6.24835938e-08,1.97700000e-01
-6.24435937e-08,1.97700000e-01
-6.24035938e-08,1.97700000e-01
-6.23635937e-08,1.97700000e-01
-6.23235937e-08,1.97700000e-01
-6.22835937e-08,1.97700000e-01
-6.22435937e-08,1.97700000e-01
-6.22035938e-08,1.97700000e-01
-6.21635937e-08,1.97700000e-01
-6.21235937e-08,1.97700000e-01
-6.20835937e-08,1.97700000e-01
-6.20435937e-08,1.97700000e-01
-6.20035937e-08,1.97700000e-01
-6.19635937e-08,1.97700000e-01
-6.19235938e-08,1.97700000e-01
-6.18835937e-08,1.97700000e-01
-6.18435937e-08,1.97700000e-01
-6.18035937e-08,1.97700000e-01
-6.17635937e-08,1.97700000e-01
-6.17235937e-08,1.97700000e-01
-6.16835937e-08,1.97700000e-01
-6.16435938e-08,1.97701563e-01
-6.16035937e-08,1.97698438e-01
-6.15635937e-08,1.97703125e-01
-6.15235937e-08,1.97693750e-01
-6.14835937e-08,1.97709375e-01
-6.14435937e-08,1.97681250e-01
-6.14035937e-08,1.97742187e-01
-6.13635938e-08,1.97506250e-01
-6.13235937e-08,1.97229688e-01
-6.12835937e-08,1.97350000e-01
-6.12435937e-08,1.97256250e-01
-6.12035937e-08,1.97343750e-01
-6.11635937e-08,1.97248438e-01
-6.11235937e-08,1.97375000e-01
-6.10835938e-08,1.97071875e-01
-6.10435937e-08,1.96867188e-01
-6.10035937e-08,1.96907813e-01
-6.09635937e-08,1.96903125e-01
-6.09235937e-08,1.96889063e-01
-6.08835937e-08,1.96918750e-01
-6.08435937e-08,1.96868750e-01
-6.08035938e-08,1.96957812e-01
-6.07635937e-08,1.96687500e-01
-6.07235937e-08,1.96451563e-01
-6.06835937e-08,1.96523438e-01
-6.06435937e-08,1.96487500e-01
-6.06035937e-08,1.96504687e-01
-6.05635937e-08,1.96500000e-01
-6.05235938e-08,1.96493750e-01
-6.04835937e-08,1.96512500e-01
-6.04435937e-08,1.96475000e-01
-6.04035937e-08,1.96550000e-01
-6.03635937e-08,1.96295313e-01
-6.03235938e-08,1.96043750e-01
-6.02835937e-08,1.96131250e-01
-6.02435938e-08,1.96079688e-01
-6.02035937e-08,1.96112500e-01
-6.01635937e-08,1.96092188e-01
-6.01235937e-08,1.96103125e-01
-6.00835937e-08,1.96101562e-01
-6.00435938e-08,1.96092188e-01
-6.00035937e-08,1.96118750e-01
-5.99635938e-08,1.96054688e-01
-5.99235937e-08,1.96300000e-01
-5.98835937e-08,1.96562500e-01
-5.98435937e-08,1.96462500e-01
-5.98035937e-08,1.96526563e-01
-5.97635938e-08,1.96479687e-01
-5.97235937e-08,1.96515625e-01
-5.96835938e-08,1.96487500e-01
-5.96435937e-08,1.96509375e-01
-5.96035937e-08,1.96495313e-01
-5.95635937e-08,1.96498438e-01
-5.95235937e-08,1.96510938e-01
-5.94835937e-08,1.96464063e-01
-5.94435937e-08,1.96689063e-01
-5.94035937e-08,1.96973438e-01
-5.93635937e-08,1.96850000e-01
-5.93235937e-08,1.96940625e-01
-5.92835937e-08,1.96862500e-01
-5.92435937e-08,1.96937500e-01
-5.92035937e-08,1.96860937e-01
-5.91635937e-08,1.96946875e-01
-5.91235937e-08,1.96829688e-01
-5.90835937e-08,1.97121875e-01
-5.90435937e-08,1.97340625e-01
-5.90035937e-08,1.97281250e-01
-5.89635937e-08,1.97310938e-01
-5.89235937e-08,1.97293750e-01
-5.88835937e-08,1.97304688e-01
-5.88435937e-08,1.97295313e-01
-5.88035937e-08,1.97304688e-01
-5.87635937e-08,1.97293750e-01
-5.87235937e-08,1.97307813e-01
-5.86835937e-08,1.97287500e-01
-5.86435937e-08,1.97321875e-01
-5.86035937e-08,1.97253125e-01
-5.85635937e-08,1.97500000e-01
-5.85235937e-08,1.97762500e-01
-5.84835937e-08,1.97660938e-01
-5.84435937e-08,1.97729688e-01
-5.84035937e-08,1.97675000e-01
-5.83635937e-08,1.97723438e-01
-5.83235937e-08,1.97679688e-01
-5.82835937e-08,1.97720312e-01
-5.82435937e-08,1.97681250e-01
-5.82035937e-08,1.97718750e-01
-5.81635937e-08,1.97681250e-01
-5.81235937e-08,1.97718750e-01
-5.80835937e-08,1.97681250e-01
-5.80435937e-08,1.97718750e-01
-5.80035937e-08,1.97681250e-01
-5.79635937e-08,1.97718750e-01
-5.79235937e-08,1.97679688e-01
-5.78835937e-08,1.97720312e-01
-5.78435937e-08,1.97678125e-01
-5.78035937e-08,1.97723438e-01
-5.77635937e-08,1.97673437e-01
-5.77235937e-08,1.97732813e-01
-5.76835937e-08,1.97657813e-01
-5.76435937e-08,1.97767187e-01
-5.76035937e-08,1.97479688e-01
-5.75635937e-08,1.97257813e-01
-5.75235937e-08,1.97317188e-01
-5.74835937e-08,1.97292187e-01
-5.74435937e-08,1.97303125e-01
-5.74035937e-08,1.97300000e-01
-5.73635937e-08,1.97296875e-01
-5.73235937e-08,1.97304688e-01
-5.72835937e-08,1.97293750e-01
-5.72435937e-08,1.97307813e-01
-5.72035937e-08,1.97289063e-01
-5.71635937e-08,1.97312500e-01
-5.71235937e-08,1.97285938e-01
-5.70835937e-08,1.97317188e-01
-5.70435937e-08,1.97279688e-01
-5.70035937e-08,1.97326562e-01
-5.69635937e-08,1.97264063e-01
-5.69235937e-08,1.97362500e-01
-5.68835937e-08,1.97084375e-01
-5.68435937e-08,1.96854688e-01
-5.68035937e-08,1.96920312e-01
-5.67635937e-08,1.96890625e-01
-5.67235937e-08,1.96903125e-01
-5.66835937e-08,1.96903125e-01
-5.66435937e-08,1.96892188e-01
-5.66035937e-08,1.96915625e-01
-5.65635937e-08,1.96873437e-01
-5.65235937e-08,1.96953125e-01
-5.64835937e-08,1.96693750e-01
-5.64435937e-08,1.96445312e-01
-5.64035937e-08,1.96528125e-01
-5.63635937e-08,1.96482812e-01
-5.63235937e-08,1.96509375e-01
-5.62835937e-08,1.96500000e-01
-5.62435937e-08,1.96489063e-01
-5.62035937e-08,1.96535938e-01
-5.61635937e-08,1.96309375e-01
-5.61235937e-08,1.96028125e-01
-5.60835937e-08,1.96148437e-01
-5.60435937e-08,1.96060938e-01
-5.60035937e-08,1.96135937e-01
-5.59635937e-08,1.96064062e-01
-5.59235937e-08,1.96139063e-01
-5.58835937e-08,1.96053125e-01
-5.58435937e-08,1.96170312e-01
-5.58035937e-08,1.95878125e-01
-5.57635937e-08,1.95659375e-01
-5.57235937e-08,1.95718750e-01
-5.56835937e-08,1.95690625e-01
-5.56435937e-08,1.95704688e-01
-5.56035937e-08,1.95698438e-01
-5.55635937e-08,1.95700000e-01
-5.55235937e-08,1.95700000e-01
-5.54835937e-08,1.95698438e-01
-5.54435937e-08,1.95703125e-01
-5.54035937e-08,1.95696875e-01
-5.53635937e-08,1.95703125e-01
-5.53235937e-08,1.95695312e-01
-5.52835937e-08,1.95704688e-01
-5.52435937e-08,1.95695312e-01
-5.52035937e-08,1.95706250e-01
-5.51635937e-08,1.95693750e-01
-5.51235937e-08,1.95706250e-01
-5.50835937e-08,1.95692188e-01
-5.50435937e-08,1.95707813e-01
-5.50035937e-08,1.95690625e-01
-5.49635937e-08,1.95710938e-01
-5.49235937e-08,1.95685938e-01
-5.48835937e-08,1.95717188e-01
-5.48435937e-08,1.95678125e-01
-5.48035937e-08,1.95731250e-01
-5.47635937e-08,1.95643750e-01
-5.47235937e-08,1.95909375e-01
-5.46835937e-08,1.96151563e-01
-5.46435937e-08,1.96071875e-01
-5.46035937e-08,1.96118750e-01
-5.45635937e-08,1.96087500e-01
-5.45235937e-08,1.96109375e-01
-5.44835937e-08,1.96093750e-01
-5.44435937e-08,1.96104688e-01
-5.44035937e-08,1.96096875e-01
-5.43635937e-08,1.96101562e-01
-5.43235937e-08,1.96101562e-01
-5.42835937e-08,1.96096875e-01
-5.42435937e-08,1.96107813e-01
-5.42035937e-08,1.96087500e-01
-5.41635937e-08,1.96121875e-01
-5.41235937e-08,1.96053125e-01
-5.40835937e-08,1.96300000e-01
-5.40435937e-08,1.96560938e-01
-5.40035937e-08,1.96462500e-01
-5.39635937e-08,1.96528125e-01
-5.39235937e-08,1.96476563e-01
-5.38835937e-08,1.96520313e-01
-5.38435937e-08,1.96481250e-01
-5.38035937e-08,1.96517187e-01
-5.37635937e-08,1.96484375e-01
-5.37235937e-08,1.96515625e-01
-5.36835937e-08,1.96484375e-01
-5.36435937e-08,1.96514063e-01
-5.36035937e-08,1.96485938e-01
-5.35635937e-08,1.96514063e-01
-5.35235937e-08,1.96484375e-01
-5.34835937e-08,1.96515625e-01
-5.34435937e-08,1.96484375e-01
-5.34035937e-08,1.96517187e-01
-5.33635937e-08,1.96481250e-01
-5.33235937e-08,1.96520313e-01
-5.32835937e-08,1.96476563e-01
-5.32435937e-08,1.96528125e-01
-5.32035937e-08,1.96462500e-01
-5.31635937e-08,1.96562500e-01
-5.31235937e-08,1.96284375e-01
-5.30835937e-08,1.96053125e-01
-5.30435937e-08,1.96123437e-01
-5.30035937e-08,1.96085938e-01
-5.29635937e-08,1.96107813e-01
-5.29235938e-08,1.96093750e-01
-5.28835937e-08,1.96103125e-01
-5.28435937e-08,1.96098438e-01
-5.28035937e-08,1.96100000e-01
-5.27635937e-08,1.96100000e-01
-5.27235937e-08,1.96098438e-01
-5.26835937e-08,1.96103125e-01
-5.26435937e-08,1.96096875e-01
-5.26035937e-08,1.96104688e-01
-5.25635937e-08,1.96093750e-01
-5.25235937e-08,1.96106250e-01
-5.24835937e-08,1.96092188e-01
-5.24435937e-08,1.96110937e-01
-5.24035937e-08,1.96085938e-01
-5.23635937e-08,1.96118750e-01
-5.23235937e-08,1.96071875e-01
-5.22835937e-08,1.96153125e-01
-5.22435937e-08,1.95893750e-01
-5.22035937e-08,1.95643750e-01
-5.21635937e-08,1.95732813e-01
-5.21235937e-08,1.95676563e-01
-5.20835937e-08,1.95718750e-01
-5.20435937e-08,1.95684375e-01
-5.20035937e-08,1.95714063e-01
-5.19635937e-08,1.95687500e-01
-5.19235937e-08,1.95712500e-01
-5.18835937e-08,1.95687500e-01
-5.18435937e-08,1.95714063e-01
-5.18035937e-08,1.95684375e-01
-5.17635937e-08,1.95717188e-01
-5.17235937e-08,1.95678125e-01
-5.16835937e-08,1.95731250e-01
-5.16435937e-08,1.95643750e-01
-5.16035937e-08,1.95907813e-01
-5.15635937e-08,1.96154688e-01
-5.15235937e-08,1.96068750e-01
-5.14835937e-08,1.96121875e-01
-5.14435937e-08,1.96082813e-01
-5.14035937e-08,1.96115625e-01
-5.13635937e-08,1.96085938e-01
-5.13235937e-08,1.96112500e-01
-5.12835937e-08,1.96087500e-01
-5.12435937e-08,1.96112500e-01
-5.12035937e-08,1.96087500e-01
-5.11635937e-08,1.96112500e-01
-5.11235937e-08,1.96085938e-01
-5.10835937e-08,1.96114063e-01
-5.10435937e-08,1.96084375e-01
-5.10035938e-08,1.96118750e-01
-5.09635937e-08,1.96076562e-01
-5.09235937e-08,1.96134375e-01
-5.08835937e-08,1.96042188e-01
-5.08435937e-08,1.96310938e-01
-5.08035937e-08,1.96551562e-01
-5.07635937e-08,1.96473438e-01
-5.07235938e-08,1.96517187e-01
-5.06835937e-08,1.96487500e-01
-5.06435937e-08,1.96509375e-01
-5.06035937e-08,1.96492187e-01
-5.05635937e-08,1.96506250e-01
-5.05235937e-08,1.96493750e-01
-5.04835937e-08,1.96504687e-01
-5.04435937e-08,1.96496875e-01
-5.04035937e-08,1.96503125e-01
-5.03635937e-08,1.96496875e-01
-5.03235937e-08,1.96503125e-01
-5.02835937e-08,1.96498438e-01
-5.02435937e-08,1.96501563e-01
-5.02035937e-08,1.96498438e-01
-5.01635937e-08,1.96501563e-01
-5.01235937e-08,1.96498438e-01
-5.00835937e-08,1.96501563e-01
-5.00435937e-08,1.96500000e-01
-5.00035937e-08,1.96500000e-01
-4.99635937e-08,1.96500000e-01
-4.99235937e-08,1.96500000e-01
-4.98835937e-08,1.96500000e-01
-4.98435937e-08,1.96500000e-01
-4.98035937e-08,1.96500000e-01
-4.97635937e-08,1.96500000e-01
-4.97235937e-08,1.96500000e-01
-4.96835937e-08,1.96500000e-01
-4.96435937e-08,1.96501563e-01
-4.96035937e-08,1.96498438e-01
-4.95635937e-08,1.96501563e-01
-4.95235937e-08,1.96498438e-01
-4.94835937e-08,1.96501563e-01
-4.94435937e-08,1.96498438e-01
-4.94035937e-08,1.96501563e-01
-4.93635937e-08,1.96498438e-01
-4.93235937e-08,1.96503125e-01
-4.92835937e-08,1.96496875e-01
-4.92435937e-08,1.96503125e-01
-4.92035937e-08,1.96496875e-01
-4.91635937e-08,1.96503125e-01
-4.91235937e-08,1.96495313e-01
-4.90835938e-08,1.96504687e-01
-4.90435937e-08,1.96495313e-01
-4.90035937e-08,1.96506250e-01
-4.89635937e-08,1.96492187e-01
-4.89235937e-08,1.96509375e-01
-4.88835937e-08,1.96489063e-01
-4.88435937e-08,1.96514063e-01
-4.88035938e-08,1.96481250e-01
-4.87635937e-08,1.96528125e-01
-4.87235937e-08,1.96446875e-01
-4.86835937e-08,1.96706250e-01
-4.86435937e-08,1.96956250e-01
-4.86035937e-08,1.96867188e-01
-4.85635937e-08,1.96923438e-01
-4.85235938e-08,1.96881250e-01
-4.84835937e-08,1.96915625e-01
-4.84435937e-08,1.96885937e-01
-4.84035937e-08,1.96914063e-01
-4.83635937e-08,1.96887500e-01
-4.83235937e-08,1.96912500e-01
-4.82835937e-08,1.96885937e-01
-4.82435937e-08,1.96915625e-01
-4.82035937e-08,1.96882813e-01
-4.81635937e-08,1.96921875e-01
-4.81235937e-08,1.96868750e-01
-4.80835937e-08,1.96954688e-01
-4.80435937e-08,1.96692188e-01
-4.80035937e-08,1.96443750e-01
-4.79635937e-08,1.96532813e-01
-4.79235937e-08,1.96476563e-01
-4.78835937e-08,1.96520313e-01
-4.78435937e-08,1.96481250e-01
-4.78035937e-08,1.96518750e-01
-4.77635937e-08,1.96479687e-01
-4.77235937e-08,1.96523438e-01
-4.76835937e-08,1.96467188e-01
-4.76435937e-08,1.96556250e-01
-4.76035937e-08,1.96292187e-01
-4.75635937e-08,1.96043750e-01
-4.75235937e-08,1.96132813e-01
-4.74835937e-08,1.96073438e-01
-4.74435937e-08,1.96126563e-01
-4.74035937e-08,1.96067188e-01
-4.73635937e-08,1.96154688e-01
-4.73235937e-08,1.95895313e-01
-4.72835937e-08,1.95639063e-01
-4.72435937e-08,1.95739063e-01
-4.72035937e-08,1.95665625e-01
-4.71635938e-08,1.95735938e-01
-4.71235937e-08,1.95656250e-01
-4.70835937e-08,1.95767187e-01
-4.70435937e-08,1.95479687e-01
-4.70035937e-08,1.95259375e-01
-4.69635937e-08,1.95314062e-01
-4.69235937e-08,1.95298438e-01
-4.68835938e-08,1.95287500e-01
-4.68435937e-08,1.95340625e-01
-4.68035937e-08,1.95106250e-01
-4.67635937e-08,1.94832813e-01
-4.67235937e-08,1.94943750e-01
-4.66835937e-08,1.94865625e-01
-4.66435937e-08,1.94929688e-01
-4.66035938e-08,1.94871875e-01
-4.65635937e-08,1.94928125e-01
-4.65235937e-08,1.94870313e-01
-4.64835937e-08,1.94932812e-01
-4.64435937e-08,1.94857813e-01
-4.64035937e-08,1.94965625e-01
-4.63635937e-08,1.94681250e-01
-4.63235938e-08,1.94456250e-01
-4.62835937e-08,1.94518750e-01
-4.62435937e-08,1.94490625e-01
-4.62035937e-08,1.94503125e-01
-4.61635937e-08,1.94503125e-01
-4.61235937e-08,1.94490625e-01
-4.60835937e-08,1.94518750e-01
-4.60435937e-08,1.94456250e-01
-4.60035937e-08,1.94696875e-01
-4.59635937e-08,1.94965625e-01
-4.59235937e-08,1.94857813e-01
-4.58835937e-08,1.94934375e-01
-4.58435937e-08,1.94870313e-01
-4.58035937e-08,1.94929688e-01
-4.57635937e-08,1.94870313e-01
-4.57235937e-08,1.94931250e-01
-4.56835937e-08,1.94864063e-01
-4.56435937e-08,1.94946875e-01
-4.56035937e-08,1.94828125e-01
-4.55635937e-08,1.95126563e-01
-4.55235937e-08,1.95334375e-01
-4.54835937e-08,1.95293750e-01
-4.54435937e-08,1.95292188e-01
-4.54035937e-08,1.95323438e-01
-4.53635937e-08,1.95248438e-01
-4.53235937e-08,1.95507813e-01
-4.52835937e-08,1.95750000e-01
-4.52435938e-08,1.95678125e-01
-4.52035937e-08,1.95707813e-01
-4.51635937e-08,1.95707813e-01
-4.51235937e-08,1.95662500e-01
-4.50835937e-08,1.95893750e-01
-4.50435937e-08,1.96165625e-01
-4.50035937e-08,1.96060938e-01
-4.49635938e-08,1.96125000e-01
-4.49235937e-08,1.96089063e-01
-4.48835937e-08,1.96084375e-01
-4.48435937e-08,1.96268750e-01
-4.48035937e-08,1.96595313e-01
-4.47635937e-08,1.96425000e-01
-4.47235937e-08,1.96575000e-01
-4.46835938e-08,1.96404688e-01
-4.46435937e-08,1.96746875e-01
-4.46035937e-08,1.96915625e-01
-4.45635937e-08,1.96909375e-01
-4.45235937e-08,1.96878125e-01
-4.44835937e-08,1.96935938e-01
-4.44435937e-08,1.96837500e-01
-4.44035938e-08,1.97118750e-01
-4.43635937e-08,1.97342188e-01
-4.43235937e-08,1.97282813e-01
-4.42835937e-08,1.97304688e-01
-4.42435937e-08,1.97303125e-01
-4.42035937e-08,1.97289063e-01
-4.41635937e-08,1.97321875e-01
-4.41235938e-08,1.97251563e-01
-4.40835937e-08,1.97501563e-01
-4.40435937e-08,1.97760938e-01
-4.40035937e-08,1.97664063e-01
-4.39635937e-08,1.97728125e-01
-4.39235937e-08,1.97676563e-01
-4.38835937e-08,1.97721875e-01
-4.38435937e-08,1.97679688e-01
-4.38035937e-08,1.97721875e-01
-4.37635937e-08,1.97673437e-01
-4.37235937e-08,1.97734375e-01
-4.36835937e-08,1.97642188e-01
-4.36435937e-08,1.97910937e-01
-4.36035937e-08,1.98151563e-01
-4.35635937e-08,1.98071875e-01
-4.35235937e-08,1.98120313e-01
-4.34835937e-08,1.98084375e-01
-4.34435937e-08,1.98112500e-01
-4.34035937e-08,1.98089062e-01
-4.33635937e-08,1.98110938e-01
-4.33235938e-08,1.98090625e-01
-4.32835937e-08,1.98109375e-01
-4.32435937e-08,1.98090625e-01
-4.32035937e-08,1.98107813e-01
-4.31635937e-08,1.98092188e-01
-4.31235937e-08,1.98107813e-01
-4.30835937e-08,1.98092188e-01
-4.30435938e-08,1.98107813e-01
-4.30035937e-08,1.98090625e-01
-4.29635937e-08,1.98109375e-01
-4.29235937e-08,1.98090625e-01
-4.28835937e-08,1.98110938e-01
-4.28435937e-08,1.98089062e-01
-4.28035937e-08,1.98112500e-01
-4.27635938e-08,1.98085938e-01
-4.27235937e-08,1.98115625e-01
-4.26835937e-08,1.98081250e-01
-4.26435937e-08,1.98123437e-01
-4.26035937e-08,1.98067188e-01
-4.25635937e-08,1.98157813e-01
-4.25235937e-08,1.97889063e-01
-4.24835938e-08,1.97648437e-01
-4.24435937e-08,1.97728125e-01
-4.24035937e-08,1.97681250e-01
-4.23635937e-08,1.97712500e-01
-4.23235937e-08,1.97689063e-01
-4.22835937e-08,1.97707812e-01
-4.22435937e-08,1.97693750e-01
-4.22035938e-08,1.97706250e-01
-4.21635937e-08,1.97695312e-01
-4.21235937e-08,1.97704688e-01
-4.20835937e-08,1.97696875e-01
-4.20435937e-08,1.97703125e-01
-4.20035937e-08,1.97696875e-01
-4.19635937e-08,1.97703125e-01
-4.19235938e-08,1.97696875e-01
-4.18835937e-08,1.97701563e-01
-4.18435937e-08,1.97698438e-01
-4.18035937e-08,1.97701563e-01
-4.17635937e-08,1.97698438e-01
-4.17235937e-08,1.97701563e-01
-4.16835937e-08,1.97698438e-01
-4.16435937e-08,1.97701563e-01
-4.16035937e-08,1.97698438e-01
-4.15635937e-08,1.97701563e-01
-4.15235937e-08,1.97698438e-01
-4.14835937e-08,1.97703125e-01
-4.14435937e-08,1.97696875e-01
-4.14035938e-08,1.97703125e-01
-4.13635937e-08,1.97695312e-01
-4.13235937e-08,1.97704688e-01
-4.12835937e-08,1.97693750e-01
-4.12435937e-08,1.97707812e-01
-4.12035937e-08,1.97689063e-01
-4.11635937e-08,1.97715625e-01
-4.11235938e-08,1.97675000e-01
-4.10835937e-08,1.97750000e-01
-4.10435937e-08,1.97496875e-01
-4.10035937e-08,1.97239063e-01
-4.09635937e-08,1.97337500e-01
-4.09235937e-08,1.97271875e-01
-4.08835937e-08,1.97323438e-01
-4.08435938e-08,1.97279688e-01
-4.08035937e-08,1.97318750e-01
-4.07635937e-08,1.97281250e-01
-4.07235937e-08,1.97318750e-01
-4.06835937e-08,1.97281250e-01
-4.06435937e-08,1.97318750e-01
-4.06035937e-08,1.97279688e-01
-4.05635938e-08,1.97321875e-01
-4.05235937e-08,1.97275000e-01
-4.04835937e-08,1.97329688e-01
-4.04435937e-08,1.97259375e-01
-4.04035937e-08,1.97365625e-01
-4.03635937e-08,1.97081250e-01
-4.03235937e-08,1.96856250e-01
-4.02835938e-08,1.96918750e-01
-4.02435937e-08,1.96890625e-01
-4.02035937e-08,1.96903125e-01
-4.01635937e-08,1.96900000e-01
-4.01235937e-08,1.96895313e-01
-4.00835937e-08,1.96907813e-01
-4.00435937e-08,1.96887500e-01
-4.00035938e-08,1.96917188e-01
-3.99635937e-08,1.96871875e-01
-3.99235937e-08,1.96953125e-01
-3.98835937e-08,1.96692188e-01
-3.98435937e-08,1.96445312e-01
-3.98035937e-08,1.96529687e-01
-3.97635937e-08,1.96479687e-01
-3.97235937e-08,1.96515625e-01
-3.96835937e-08,1.96489063e-01
-3.96435937e-08,1.96509375e-01
-3.96035937e-08,1.96492187e-01
-3.95635937e-08,1.96506250e-01
-3.95235937e-08,1.96495313e-01
-3.94835938e-08,1.96503125e-01
-3.94435937e-08,1.96498438e-01
-3.94035937e-08,1.96500000e-01
-3.93635937e-08,1.96503125e-01
-3.93235937e-08,1.96493750e-01
-3.92835937e-08,1.96510938e-01
-3.92435937e-08,1.96481250e-01
-3.92035938e-08,1.96543750e-01
-3.91635937e-08,1.96304688e-01
-3.91235937e-08,1.96031250e-01
-3.90835937e-08,1.96146875e-01
-3.90435937e-08,1.96057813e-01
-3.90035937e-08,1.96146875e-01
-3.89635937e-08,1.96031250e-01
-3.89235938e-08,1.96318750e-01
-3.88835937e-08,1.96545313e-01
-3.88435937e-08,1.96478125e-01
-3.88035937e-08,1.96514063e-01
-3.87635937e-08,1.96490625e-01
-3.87235937e-08,1.96507813e-01
-3.86835937e-08,1.96493750e-01
-3.86435938e-08,1.96506250e-01
-3.86035937e-08,1.96493750e-01
-3.85635937e-08,1.96506250e-01
-3.85235937e-08,1.96492187e-01
-3.84835937e-08,1.96507813e-01
-3.84435937e-08,1.96490625e-01
-3.84035937e-08,1.96512500e-01
-3.83635938e-08,1.96482812e-01
-3.83235937e-08,1.96526563e-01
-3.82835937e-08,1.96448438e-01
-3.82435937e-08,1.96703125e-01
-3.82035937e-08,1.96959375e-01
-3.81635937e-08,1.96864062e-01
-3.81235937e-08,1.96926563e-01
-3.80835938e-08,1.96876563e-01
-3.80435937e-08,1.96921875e-01
-3.80035937e-08,1.96878125e-01
-3.79635937e-08,1.96923438e-01
-3.79235937e-08,1.96873437e-01
-3.78835937e-08,1.96935938e-01
-3.78435937e-08,1.96840625e-01
-3.78035938e-08,1.97112500e-01
-3.77635937e-08,1.97351563e-01
-3.77235937e-08,1.97271875e-01
-3.76835937e-08,1.97318750e-01
-3.76435937e-08,1.97285938e-01
-3.76035937e-08,1.97312500e-01
-3.75635938e-08,1.97289063e-01
-3.75235937e-08,1.97309375e-01
-3.74835937e-08,1.97290625e-01
-3.74435937e-08,1.97309375e-01
-3.74035937e-08,1.97290625e-01
-3.73635937e-08,1.97310938e-01
-3.73235937e-08,1.97287500e-01
-3.72835938e-08,1.97315625e-01
-3.72435937e-08,1.97279688e-01
-3.72035937e-08,1.97329688e-01
-3.71635937e-08,1.97246875e-01
-3.71235937e-08,1.97506250e-01
-3.70835937e-08,1.97756250e-01
-3.70435937e-08,1.97667188e-01
-3.70035938e-08,1.97725000e-01
-3.69635937e-08,1.97679688e-01
-3.69235937e-08,1.97718750e-01
-3.68835937e-08,1.97682812e-01
-3.68435937e-08,1.97718750e-01
-3.68035937e-08,1.97679688e-01
-3.67635937e-08,1.97723438e-01
-3.67235938e-08,1.97667188e-01
-3.66835937e-08,1.97757813e-01
-3.66435937e-08,1.97490625e-01
-3.66035937e-08,1.97246875e-01
-3.65635937e-08,1.97329688e-01
-3.65235937e-08,1.97278125e-01
-3.64835937e-08,1.97317188e-01
-3.64435938e-08,1.97284375e-01
-3.64035937e-08,1.97314062e-01
-3.63635937e-08,1.97285938e-01
-3.63235937e-08,1.97314062e-01
-3.62835937e-08,1.97284375e-01
-3.62435937e-08,1.97318750e-01
-3.62035937e-08,1.97276563e-01
-3.61635938e-08,1.97331250e-01
-3.61235937e-08,1.97243750e-01
-3.60835937e-08,1.97509375e-01
-3.60435937e-08,1.97753125e-01
-3.60035937e-08,1.97670313e-01
-3.59635937e-08,1.97720312e-01
-3.59235937e-08,1.97684375e-01
-3.58835938e-08,1.97712500e-01
-3.58435937e-08,1.97689063e-01
-3.58035937e-08,1.97710938e-01
-3.57635937e-08,1.97690625e-01
-3.57235937e-08,1.97709375e-01
-3.56835937e-08,1.97690625e-01
-3.56435938e-08,1.97709375e-01
-3.56035938e-08,1.97690625e-01
-3.55635937e-08,1.97709375e-01
-3.55235937e-08,1.97689063e-01
-3.54835937e-08,1.97710938e-01
-3.54435937e-08,1.97685938e-01
-3.54035937e-08,1.97715625e-01
-3.53635938e-08,1.97679688e-01
-3.53235937e-08,1.97729688e-01
-3.52835937e-08,1.97645313e-01
-3.52435937e-08,1.97907813e-01
-3.52035937e-08,1.98154688e-01
-3.51635937e-08,1.98068750e-01
-3.51235937e-08,1.98121875e-01
-3.50835938e-08,1.98082813e-01
-3.50435937e-08,1.98114063e-01
-3.50035937e-08,1.98087500e-01
-3.49635937e-08,1.98110938e-01
-3.49235937e-08,1.98089062e-01
-3.48835937e-08,1.98110938e-01
-3.48435937e-08,1.98090625e-01
-3.48035938e-08,1.98109375e-01
-3.47635937e-08,1.98090625e-01
-3.47235937e-08,1.98109375e-01
-3.46835937e-08,1.98090625e-01
-3.46435937e-08,1.98110938e-01
-3.46035937e-08,1.98089062e-01
-3.45635937e-08,1.98110938e-01
-3.45235938e-08,1.98087500e-01
-3.44835937e-08,1.98112500e-01
-3.44435937e-08,1.98085938e-01
-3.44035937e-08,1.98117188e-01
-3.43635937e-08,1.98079688e-01
-3.43235937e-08,1.98125000e-01
-3.42835937e-08,1.98065625e-01
-3.42435938e-08,1.98159375e-01
-3.42035937e-08,1.97885937e-01
-3.41635937e-08,1.97651563e-01
-3.41235937e-08,1.97725000e-01
-3.40835937e-08,1.97685938e-01
-3.40435937e-08,1.97709375e-01
-3.40035937e-08,1.97693750e-01
-3.39635938e-08,1.97703125e-01
-3.39235937e-08,1.97700000e-01
-3.38835937e-08,1.97696875e-01
-3.38435937e-08,1.97704688e-01
-3.38035937e-08,1.97690625e-01
-3.37635937e-08,1.97714063e-01
-3.37235938e-08,1.97675000e-01
-3.36835938e-08,1.97750000e-01
-3.36435937e-08,1.97496875e-01
-3.36035937e-08,1.97240625e-01
-3.35635937e-08,1.97334375e-01
-3.35235937e-08,1.97275000e-01
-3.34835937e-08,1.97320313e-01
-3.34435938e-08,1.97282813e-01
-3.34035938e-08,1.97314062e-01
-3.33635937e-08,1.97287500e-01
-3.33235937e-08,1.97312500e-01
-3.32835937e-08,1.97289063e-01
-3.32435937e-08,1.97310938e-01
-3.32035937e-08,1.97290625e-01
-3.31635938e-08,1.97309375e-01
-3.31235937e-08,1.97290625e-01
-3.30835937e-08,1.97307813e-01
-3.30435937e-08,1.97292187e-01
-3.30035937e-08,1.97307813e-01
-3.29635937e-08,1.97292187e-01
-3.29235937e-08,1.97307813e-01
-3.28835938e-08,1.97292187e-01
-3.28435937e-08,1.97307813e-01
-3.28035937e-08,1.97292187e-01
-3.27635937e-08,1.97307813e-01
-3.27235937e-08,1.97292187e-01
-3.26835937e-08,1.97307813e-01
-3.26435937e-08,1.97290625e-01
-3.26035938e-08,1.97309375e-01
-3.25635937e-08,1.97289063e-01
-3.25235937e-08,1.97310938e-01
-3.24835937e-08,1.97285938e-01
-3.24435937e-08,1.97315625e-01
-3.24035937e-08,1.97279688e-01
-3.23635937e-08,1.97329688e-01
-3.23235938e-08,1.97245313e-01
-3.22835937e-08,1.97507813e-01
-3.22435937e-08,1.97754687e-01
-3.22035937e-08,1.97667188e-01
-3.21635937e-08,1.97723438e-01
-3.21235937e-08,1.97681250e-01
-3.20835938e-08,1.97717188e-01
-3.20435938e-08,1.97684375e-01
-3.20035937e-08,1.97715625e-01
-3.19635937e-08,1.97682812e-01
-3.19235937e-08,1.97718750e-01
-3.18835937e-08,1.97676563e-01
-3.18435937e-08,1.97732813e-01
-3.18035938e-08,1.97642188e-01
-3.17635938e-08,1.97909375e-01
-3.17235937e-08,1.98153125e-01
-3.16835937e-08,1.98070313e-01
-3.16435937e-08,1.98120313e-01
-3.16035937e-08,1.98084375e-01
-3.15635937e-08,1.98112500e-01
-3.15235938e-08,1.98089062e-01
-3.14835938e-08,1.98109375e-01
-3.14435937e-08,1.98092188e-01
-3.14035937e-08,1.98107813e-01
-3.13635937e-08,1.98093750e-01
-3.13235937e-08,1.98106250e-01
-3.12835937e-08,1.98093750e-01
-3.12435938e-08,1.98106250e-01
-3.12035938e-08,1.98095313e-01
-3.11635937e-08,1.98104688e-01
-3.11235937e-08,1.98095313e-01
-3.10835937e-08,1.98104688e-01
-3.10435937e-08,1.98095313e-01
-3.10035937e-08,1.98104688e-01
-3.09635938e-08,1.98095313e-01
-3.09235937e-08,1.98104688e-01
-3.08835937e-08,1.98095313e-01
-3.08435937e-08,1.98104688e-01
-3.08035937e-08,1.98095313e-01
-3.07635937e-08,1.98104688e-01
-3.07235937e-08,1.98095313e-01
-3.06835938e-08,1.98104688e-01
-3.06435937e-08,1.98095313e-01
-3.06035937e-08,1.98104688e-01
-3.05635937e-08,1.98095313e-01
-3.05235937e-08,1.98104688e-01
-3.04835937e-08,1.98095313e-01
-3.04435937e-08,1.98106250e-01
-3.04035938e-08,1.98093750e-01
-3.03635937e-08,1.98106250e-01
-3.03235937e-08,1.98093750e-01
-3.02835937e-08,1.98107813e-01
-3.02435937e-08,1.98092188e-01
-3.02035937e-08,1.98109375e-01
-3.01635938e-08,1.98089062e-01
-3.01235938e-08,1.98112500e-01
-3.00835937e-08,1.98085938e-01
-3.00435937e-08,1.98118750e-01
-3.00035937e-08,1.98071875e-01
-2.99635937e-08,1.98153125e-01
-2.99235937e-08,1.97893750e-01
-2.98835938e-08,1.97642188e-01
-2.98435938e-08,1.97734375e-01
-2.98035937e-08,1.97673437e-01
-2.97635937e-08,1.97723438e-01
-2.97235937e-08,1.97678125e-01
-2.96835937e-08,1.97725000e-01
-2.96435937e-08,1.97667188e-01
-2.96035937e-08,1.97756250e-01
-2.95635937e-08,1.97492187e-01
-2.95235937e-08,1.97242187e-01
-2.94835937e-08,1.97335938e-01
-2.94435937e-08,1.97270313e-01
-2.94035937e-08,1.97329688e-01
-2.93635937e-08,1.97264063e-01
-2.93235937e-08,1.97357813e-01
-2.92835937e-08,1.97090625e-01
-2.92435937e-08,1.96845313e-01
-2.92035937e-08,1.96934375e-01
-2.91635937e-08,1.96871875e-01
-2.91235937e-08,1.96928125e-01
-2.90835937e-08,1.96865625e-01
-2.90435937e-08,1.96956250e-01
-2.90035937e-08,1.96692188e-01
-2.89635937e-08,1.96443750e-01
-2.89235937e-08,1.96534375e-01
-2.88835937e-08,1.96473438e-01
-2.88435937e-08,1.96525000e-01
-2.88035937e-08,1.96475000e-01
-2.87635937e-08,1.96528125e-01
-2.87235937e-08,1.96464063e-01
-2.86835937e-08,1.96560938e-01
-2.86435937e-08,1.96287500e-01
-2.86035937e-08,1.96050000e-01
-2.85635937e-08,1.96126563e-01
-2.85235937e-08,1.96082813e-01
-2.84835937e-08,1.96112500e-01
-2.84435937e-08,1.96090625e-01
-2.84035937e-08,1.96107813e-01
-2.83635937e-08,1.96093750e-01
-2.83235937e-08,1.96106250e-01
-2.82835937e-08,1.96095313e-01
-2.82435937e-08,1.96104688e-01
-2.82035937e-08,1.96095313e-01
-2.81635937e-08,1.96103125e-01
-2.81235937e-08,1.96096875e-01
-2.80835937e-08,1.96103125e-01
-2.80435937e-08,1.96096875e-01
-2.80035937e-08,1.96103125e-01
-2.79635937e-08,1.96096875e-01
-2.79235937e-08,1.96103125e-01
-2.78835937e-08,1.96096875e-01
-2.78435937e-08,1.96101562e-01
-2.78035937e-08,1.96098438e-01
-2.77635937e-08,1.96101562e-01
-2.77235937e-08,1.96098438e-01
-2.76835937e-08,1.96101562e-01
-2.76435937e-08,1.96098438e-01
-2.76035937e-08,1.96101562e-01
-2.75635937e-08,1.96098438e-01
-2.75235937e-08,1.96101562e-01
-2.74835937e-08,1.96098438e-01
-2.74435937e-08,1.96101562e-01
-2.74035937e-08,1.96098438e-01
-2.73635937e-08,1.96101562e-01
-2.73235937e-08,1.96098438e-01
-2.72835937e-08,1.96101562e-01
-2.72435937e-08,1.96098438e-01
-2.72035937e-08,1.96101562e-01
-2.71635937e-08,1.96098438e-01
-2.71235937e-08,1.96101562e-01
-2.70835937e-08,1.96098438e-01
-2.70435937e-08,1.96101562e-01
-2.70035937e-08,1.96098438e-01
-2.69635937e-08,1.96101562e-01
-2.69235937e-08,1.96098438e-01
-2.68835937e-08,1.96101562e-01
-2.68435937e-08,1.96098438e-01
-2.68035937e-08,1.96101562e-01
-2.67635937e-08,1.96098438e-01
-2.67235937e-08,1.96103125e-01
-2.66835937e-08,1.96096875e-01
-2.66435937e-08,1.96103125e-01
-2.66035937e-08,1.96096875e-01
-2.65635937e-08,1.96103125e-01
-2.65235937e-08,1.96095313e-01
-2.64835937e-08,1.96104688e-01
-2.64435937e-08,1.96093750e-01
-2.64035937e-08,1.96109375e-01
-2.63635937e-08,1.96082813e-01
-2.63235938e-08,1.96135937e-01
-2.62835937e-08,1.95920312e-01
-2.62435937e-08,1.95592188e-01
-2.62035937e-08,1.95935938e-01
-2.61635937e-08,1.96135937e-01
-2.61235937e-08,1.96082813e-01
-2.60835937e-08,1.96110937e-01
-2.60435937e-08,1.96092188e-01
-2.60035937e-08,1.96106250e-01
-2.59635937e-08,1.96093750e-01
-2.59235937e-08,1.96104688e-01
-2.58835937e-08,1.96095313e-01
-2.58435937e-08,1.96104688e-01
-2.58035937e-08,1.96095313e-01
-2.57635937e-08,1.96106250e-01
-2.57235937e-08,1.96093750e-01
-2.56835937e-08,1.96106250e-01
-2.56435937e-08,1.96092188e-01
-2.56035937e-08,1.96109375e-01
-2.55635937e-08,1.96089063e-01
-2.55235937e-08,1.96114063e-01
-2.54835937e-08,1.96081250e-01
-2.54435937e-08,1.96128125e-01
-2.54035937e-08,1.96048438e-01
-2.53635938e-08,1.96304688e-01
-2.53235937e-08,1.96559375e-01
-2.52835937e-08,1.96464063e-01
-2.52435937e-08,1.96528125e-01
-2.52035937e-08,1.96475000e-01
-2.51635937e-08,1.96525000e-01
-2.51235937e-08,1.96473438e-01
-2.50835937e-08,1.96534375e-01
-2.50435937e-08,1.96442188e-01
-2.50035937e-08,1.96709375e-01
-2.49635937e-08,1.96954688e-01
-2.49235937e-08,1.96868750e-01
-2.48835937e-08,1.96923438e-01
-2.48435937e-08,1.96878125e-01
-2.48035937e-08,1.96921875e-01
-2.47635937e-08,1.96875000e-01
-2.47235937e-08,1.96932812e-01
-2.46835937e-08,1.96843750e-01
-2.46435937e-08,1.97109375e-01
-2.46035937e-08,1.97354688e-01
-2.45635937e-08,1.97268750e-01
-2.45235937e-08,1.97321875e-01
-2.44835937e-08,1.97281250e-01
-2.44435937e-08,1.97315625e-01
-2.44035938e-08,1.97284375e-01
-2.43635937e-08,1.97315625e-01
-2.43235937e-08,1.97284375e-01
-2.42835937e-08,1.97318750e-01
-2.42435937e-08,1.97278125e-01
-2.42035937e-08,1.97331250e-01
-2.41635937e-08,1.97243750e-01
-2.41235938e-08,1.97507813e-01
-2.40835937e-08,1.97754687e-01
-2.40435937e-08,1.97668750e-01
-2.40035937e-08,1.97723438e-01
-2.39635937e-08,1.97681250e-01
-2.39235937e-08,1.97717188e-01
-2.38835937e-08,1.97682812e-01
-2.38435937e-08,1.97717188e-01
-2.38035937e-08,1.97681250e-01
-2.37635937e-08,1.97723438e-01
-2.37235937e-08,1.97667188e-01
-2.36835937e-08,1.97756250e-01
-2.36435937e-08,1.97490625e-01
-2.36035937e-08,1.97246875e-01
-2.35635937e-08,1.97329688e-01
-2.35235937e-08,1.97278125e-01
-2.34835937e-08,1.97317188e-01
-2.34435938e-08,1.97284375e-01
-2.34035937e-08,1.97314062e-01
-2.33635937e-08,1.97285938e-01
-2.33235937e-08,1.97315625e-01
-2.32835937e-08,1.97282813e-01
-2.32435937e-08,1.97321875e-01
-2.32035937e-08,1.97270313e-01
-2.31635938e-08,1.97354688e-01
-2.31235937e-08,1.97093750e-01
-2.30835937e-08,1.96843750e-01
-2.30435937e-08,1.96934375e-01
-2.30035937e-08,1.96875000e-01
-2.29635937e-08,1.96921875e-01
-2.29235937e-08,1.96879688e-01
-2.28835937e-08,1.96920312e-01
-2.28435937e-08,1.96878125e-01
-2.28035937e-08,1.96926563e-01
-2.27635937e-08,1.96864062e-01
-2.27235937e-08,1.96959375e-01
-2.26835937e-08,1.96687500e-01
-2.26435937e-08,1.96450000e-01
-2.26035937e-08,1.96526563e-01
-2.25635937e-08,1.96482812e-01
-2.25235937e-08,1.96512500e-01
-2.24835938e-08,1.96490625e-01
-2.24435937e-08,1.96507813e-01
-2.24035937e-08,1.96493750e-01
-2.23635937e-08,1.96506250e-01
-2.23235937e-08,1.96495313e-01
-2.22835937e-08,1.96504687e-01
-2.22435937e-08,1.96496875e-01
-2.22035938e-08,1.96503125e-01
-2.21635937e-08,1.96496875e-01
-2.21235937e-08,1.96503125e-01
-2.20835937e-08,1.96498438e-01
-2.20435937e-08,1.96501563e-01
-2.20035937e-08,1.96498438e-01
-2.19635937e-08,1.96501563e-01
-2.19235937e-08,1.96498438e-01
-2.18835937e-08,1.96500000e-01
-2.18435937e-08,1.96500000e-01
-2.18035937e-08,1.96500000e-01
-2.17635937e-08,1.96500000e-01
-2.17235937e-08,1.96498438e-01
-2.16835937e-08,1.96501563e-01
-2.16435937e-08,1.96496875e-01
-2.16035937e-08,1.96503125e-01
-2.15635937e-08,1.96495313e-01
-2.15235938e-08,1.96506250e-01
-2.14835937e-08,1.96492187e-01
-2.14435937e-08,1.96510938e-01
-2.14035937e-08,1.96484375e-01
-2.13635937e-08,1.96525000e-01
-2.13235937e-08,1.96450000e-01
-2.12835937e-08,1.96703125e-01
-2.12435938e-08,1.96959375e-01
-2.12035937e-08,1.96864062e-01
-2.11635937e-08,1.96926563e-01
-2.11235937e-08,1.96878125e-01
-2.10835937e-08,1.96918750e-01
-2.10435937e-08,1.96882813e-01
-2.10035937e-08,1.96917188e-01
-2.09635938e-08,1.96882813e-01
-2.09235937e-08,1.96917188e-01
-2.08835937e-08,1.96882813e-01
-2.08435937e-08,1.96917188e-01
-2.08035937e-08,1.96881250e-01
-2.07635937e-08,1.96921875e-01
-2.07235937e-08,1.96873437e-01
-2.06835937e-08,1.96935938e-01
-2.06435937e-08,1.96839062e-01
-2.06035937e-08,1.97114063e-01
-2.05635938e-08,1.97348438e-01
-2.05235937e-08,1.97275000e-01
-2.04835937e-08,1.97315625e-01
-2.04435937e-08,1.97289063e-01
-2.04035937e-08,1.97307813e-01
-2.03635937e-08,1.97293750e-01
-2.03235937e-08,1.97304688e-01
-2.02835938e-08,1.97295313e-01
-2.02435937e-08,1.97303125e-01
-2.02035937e-08,1.97296875e-01
-2.01635937e-08,1.97301562e-01
-2.01235937e-08,1.97298438e-01
-2.00835937e-08,1.97301562e-01
-2.00435937e-08,1.97298438e-01
-2.00035938e-08,1.97301562e-01
-1.99635937e-08,1.97298438e-01
-1.99235937e-08,1.97300000e-01
-1.98835937e-08,1.97300000e-01
-1.98435937e-08,1.97300000e-01
-1.98035937e-08,1.97300000e-01
-1.97635937e-08,1.97300000e-01
-1.97235937e-08,1.97300000e-01
-1.96835937e-08,1.97300000e-01
-1.96435937e-08,1.97300000e-01
-1.96035938e-08,1.97300000e-01
-1.95635937e-08,1.97300000e-01
-1.95235937e-08,1.97300000e-01
-1.94835937e-08,1.97300000e-01
-1.94435937e-08,1.97300000e-01
-1.94035937e-08,1.97300000e-01
-1.93635937e-08,1.97300000e-01
-1.93235938e-08,1.97300000e-01
-1.92835937e-08,1.97300000e-01
-1.92435937e-08,1.97300000e-01
-1.92035937e-08,1.97300000e-01
-1.91635937e-08,1.97300000e-01
-1.91235937e-08,1.97300000e-01
-1.90835937e-08,1.97300000e-01
-1.90435938e-08,1.97300000e-01
-1.90035937e-08,1.97300000e-01
-1.89635937e-08,1.97300000e-01
-1.89235937e-08,1.97300000e-01
-1.88835937e-08,1.97300000e-01
-1.88435937e-08,1.97300000e-01
-1.88035937e-08,1.97300000e-01
-1.87635938e-08,1.97300000e-01
-1.87235937e-08,1.97300000e-01
-1.86835937e-08,1.97300000e-01
-1.86435938e-08,1.97300000e-01
-1.86035937e-08,1.97300000e-01
-1.85635937e-08,1.97300000e-01
-1.85235937e-08,1.97300000e-01
-1.84835937e-08,1.97301562e-01
-1.84435937e-08,1.97298438e-01
-1.84035937e-08,1.97301562e-01
-1.83635938e-08,1.97298438e-01
-1.83235937e-08,1.97301562e-01
-1.82835937e-08,1.97298438e-01
-1.82435937e-08,1.97303125e-01
-1.82035937e-08,1.97296875e-01
-1.81635937e-08,1.97303125e-01
-1.81235937e-08,1.97295313e-01
-1.80835938e-08,1.97306250e-01
-1.80435937e-08,1.97293750e-01
-1.80035937e-08,1.97309375e-01
-1.79635937e-08,1.97287500e-01
-1.79235937e-08,1.97317188e-01
-1.78835937e-08,1.97273438e-01
-1.78435937e-08,1.97351563e-01
-1.78035938e-08,1.97095313e-01
-1.77635937e-08,1.96842188e-01
-1.77235937e-08,1.96934375e-01
-1.76835938e-08,1.96875000e-01
-1.76435937e-08,1.96920312e-01
-1.76035937e-08,1.96882813e-01
-1.75635937e-08,1.96915625e-01
-1.75235937e-08,1.96885937e-01
-1.74835937e-08,1.96914063e-01
-1.74435937e-08,1.96887500e-01
-1.74035938e-08,1.96912500e-01
-1.73635937e-08,1.96887500e-01
-1.73235937e-08,1.96912500e-01
-1.72835937e-08,1.96887500e-01
-1.72435937e-08,1.96914063e-01
-1.72035937e-08,1.96885937e-01
-1.71635937e-08,1.96914063e-01
-1.71235938e-08,1.96884375e-01
-1.70835937e-08,1.96918750e-01
-1.70435937e-08,1.96879688e-01
-1.70035937e-08,1.96926563e-01
-1.69635937e-08,1.96864062e-01
-1.69235937e-08,1.96959375e-01
-1.68835937e-08,1.96687500e-01
-1.68435938e-08,1.96451563e-01
-1.68035937e-08,1.96525000e-01
-1.67635937e-08,1.96484375e-01
-1.67235938e-08,1.96510938e-01
-1.66835937e-08,1.96492187e-01
-1.66435937e-08,1.96506250e-01
-1.66035937e-08,1.96495313e-01
-1.65635937e-08,1.96503125e-01
-1.65235937e-08,1.96496875e-01
-1.64835937e-08,1.96501563e-01
-1.64435938e-08,1.96498438e-01
-1.64035937e-08,1.96501563e-01
-1.63635937e-08,1.96500000e-01
-1.63235937e-08,1.96500000e-01
-1.62835937e-08,1.96500000e-01
-1.62435937e-08,1.96500000e-01
-1.62035937e-08,1.96500000e-01
-1.61635938e-08,1.96498438e-01
-1.61235937e-08,1.96501563e-01
-1.60835937e-08,1.96498438e-01
-1.60435937e-08,1.96501563e-01
-1.60035937e-08,1.96498438e-01
-1.59635937e-08,1.96501563e-01
-1.59235937e-08,1.96498438e-01
-1.58835938e-08,1.96503125e-01
-1.58435937e-08,1.96496875e-01
-1.58035937e-08,1.96503125e-01
-1.57635938e-08,1.96496875e-01
-1.57235937e-08,1.96503125e-01
-1.56835937e-08,1.96495313e-01
-1.56435937e-08,1.96504687e-01
-1.56035938e-08,1.96495313e-01
-1.55635937e-08,1.96506250e-01
-1.55235937e-08,1.96493750e-01
-1.54835938e-08,1.96507813e-01
-1.54435937e-08,1.96490625e-01
-1.54035937e-08,1.96510938e-01
-1.53635937e-08,1.96485938e-01
-1.53235937e-08,1.96520313e-01
-1.52835937e-08,1.96470313e-01
-1.52435937e-08,1.96554688e-01
-1.52035938e-08,1.96293750e-01
-1.51635937e-08,1.96045313e-01
-1.51235937e-08,1.96131250e-01
-1.50835937e-08,1.96078125e-01
-1.50435937e-08,1.96117188e-01
-1.50035937e-08,1.96085938e-01
-1.49635937e-08,1.96112500e-01
-1.49235938e-08,1.96089063e-01
-1.48835937e-08,1.96110937e-01
-1.48435937e-08,1.96090625e-01
-1.48035937e-08,1.96109375e-01
-1.47635937e-08,1.96090625e-01
-1.47235937e-08,1.96109375e-01
-1.46835937e-08,1.96090625e-01
-1.46435937e-08,1.96110937e-01
-1.46035937e-08,1.96089063e-01
-1.45635937e-08,1.96112500e-01
-1.45235937e-08,1.96085938e-01
-1.44835937e-08,1.96117188e-01
-1.44435937e-08,1.96078125e-01
-1.44035937e-08,1.96131250e-01
-1.43635937e-08,1.96043750e-01
-1.43235937e-08,1.96309375e-01
-1.42835937e-08,1.96553125e-01
-1.42435937e-08,1.96470313e-01
-1.42035937e-08,1.96520313e-01
-1.41635937e-08,1.96484375e-01
-1.41235937e-08,1.96512500e-01
-1.40835937e-08,1.96489063e-01
-1.40435937e-08,1.96509375e-01
-1.40035937e-08,1.96492187e-01
-1.39635937e-08,1.96507813e-01
-1.39235937e-08,1.96492187e-01
-1.38835937e-08,1.96506250e-01
-1.38435937e-08,1.96493750e-01
-1.38035937e-08,1.96506250e-01
-1.37635937e-08,1.96493750e-01
-1.37235937e-08,1.96506250e-01
-1.36835937e-08,1.96493750e-01
-1.36435937e-08,1.96506250e-01
-1.36035937e-08,1.96493750e-01
-1.35635937e-08,1.96506250e-01
-1.35235937e-08,1.96493750e-01
-1.34835937e-08,1.96506250e-01
-1.34435937e-08,1.96493750e-01
-1.34035937e-08,1.96506250e-01
-1.33635937e-08,1.96493750e-01
-1.33235937e-08,1.96506250e-01
-1.32835937e-08,1.96493750e-01
-1.32435937e-08,1.96506250e-01
-1.32035937e-08,1.96493750e-01
-1.31635937e-08,1.96507813e-01
-1.31235937e-08,1.96492187e-01
-1.30835937e-08,1.96507813e-01
-1.30435937e-08,1.96490625e-01
-1.30035937e-08,1.96509375e-01
-1.29635937e-08,1.96489063e-01
-1.29235937e-08,1.96512500e-01
-1.28835937e-08,1.96485938e-01
-1.28435937e-08,1.96517187e-01
-1.28035937e-08,1.96478125e-01
-1.27635937e-08,1.96531250e-01
-1.27235937e-08,1.96443750e-01
-1.26835937e-08,1.96709375e-01
-1.26435937e-08,1.96953125e-01
-1.26035937e-08,1.96870313e-01
-1.25635937e-08,1.96920312e-01
-1.25235937e-08,1.96884375e-01
-1.24835937e-08,1.96912500e-01
-1.24435937e-08,1.96889063e-01
-1.24035937e-08,1.96909375e-01
-1.23635937e-08,1.96890625e-01
-1.23235937e-08,1.96907813e-01
-1.22835937e-08,1.96892188e-01
-1.22435937e-08,1.96907813e-01
-1.22035937e-08,1.96890625e-01
-1.21635937e-08,1.96909375e-01
-1.21235937e-08,1.96889063e-01
-1.20835937e-08,1.96912500e-01
-1.20435937e-08,1.96885937e-01
-1.20035937e-08,1.96918750e-01
-1.19635937e-08,1.96871875e-01
-1.19235937e-08,1.96953125e-01
-1.18835937e-08,1.96693750e-01
-1.18435937e-08,1.96443750e-01
-1.18035937e-08,1.96532813e-01
-1.17635937e-08,1.96476563e-01
-1.17235937e-08,1.96518750e-01
-1.16835937e-08,1.96484375e-01
-1.16435937e-08,1.96514063e-01
-1.16035937e-08,1.96485938e-01
-1.15635937e-08,1.96512500e-01
-1.15235937e-08,1.96487500e-01
-1.14835937e-08,1.96512500e-01
-1.14435937e-08,1.96487500e-01
-1.14035937e-08,1.96512500e-01
-1.13635937e-08,1.96487500e-01
-1.13235937e-08,1.96512500e-01
-1.12835937e-08,1.96487500e-01
-1.12435938e-08,1.96512500e-01
-1.12035937e-08,1.96485938e-01
-1.11635937e-08,1.96515625e-01
-1.11235937e-08,1.96484375e-01
-1.10835937e-08,1.96518750e-01
-1.10435937e-08,1.96478125e-01
-1.10035937e-08,1.96526563e-01
-1.09635938e-08,1.96464063e-01
-1.09235937e-08,1.96560938e-01
-1.08835937e-08,1.96285938e-01
-1.08435937e-08,1.96051562e-01
-1.08035937e-08,1.96123437e-01
-1.07635938e-08,1.96085938e-01
-1.07235937e-08,1.96109375e-01
-1.06835937e-08,1.96093750e-01
-1.06435937e-08,1.96103125e-01
-1.06035937e-08,1.96098438e-01
-1.05635937e-08,1.96100000e-01
-1.05235937e-08,1.96100000e-01
-1.04835938e-08,1.96098438e-01
-1.04435937e-08,1.96101562e-01
-1.04035937e-08,1.96096875e-01
-1.03635937e-08,1.96104688e-01
-1.03235937e-08,1.96095313e-01
-1.02835938e-08,1.96106250e-01
-1.02435937e-08,1.96093750e-01
-1.02035937e-08,1.96107813e-01
-1.01635937e-08,1.96090625e-01
-1.01235937e-08,1.96110937e-01
-1.00835937e-08,1.96087500e-01
-1.00435937e-08,1.96114063e-01
-1.00035938e-08,1.96081250e-01
-9.96359375e-09,1.96123437e-01
-9.92359375e-09,1.96065625e-01
-9.88359375e-09,1.96159375e-01
-9.84359375e-09,1.95887500e-01
-9.80359375e-09,1.95650000e-01
-9.76359375e-09,1.95725000e-01
-9.72359375e-09,1.95684375e-01
-9.68359375e-09,1.95709375e-01
-9.64359375e-09,1.95695312e-01
-9.60359375e-09,1.95701563e-01
-9.56359375e-09,1.95700000e-01
-9.52359375e-09,1.95696875e-01
-9.48359375e-09,1.95706250e-01
-9.44359375e-09,1.95689063e-01
-9.40359375e-09,1.95715625e-01
-9.36359375e-09,1.95673438e-01
-9.32359375e-09,1.95753125e-01
-9.28359375e-09,1.95493750e-01
-9.24359375e-09,1.95245313e-01
-9.20359375e-09,1.95331250e-01
-9.16359375e-09,1.95279688e-01
-9.12359375e-09,1.95314062e-01
-9.08359375e-09,1.95289062e-01
-9.04359375e-09,1.95306250e-01
-9.00359375e-09,1.95296875e-01
-8.96359375e-09,1.95298438e-01
-8.92359375e-09,1.95306250e-01
-8.88359375e-09,1.95282813e-01
-8.84359375e-09,1.95342188e-01
-8.80359375e-09,1.95104688e-01
-8.76359375e-09,1.94832813e-01
-8.72359375e-09,1.94943750e-01
-8.68359375e-09,1.94865625e-01
-8.64359375e-09,1.94929688e-01
-8.60359375e-09,1.94871875e-01
-8.56359375e-09,1.94926563e-01
-8.52359375e-09,1.94871875e-01
-8.48359375e-09,1.94932812e-01
-8.44359375e-09,1.94859375e-01
-8.40359375e-09,1.94964063e-01
-8.36359375e-09,1.94682812e-01
-8.32359375e-09,1.94453125e-01
-8.28359375e-09,1.94523438e-01
-8.24359375e-09,1.94484375e-01
-8.20359375e-09,1.94510938e-01
-8.16359375e-09,1.94490625e-01
-8.12359375e-09,1.94507813e-01
-8.08359375e-09,1.94492187e-01
-8.04359375e-09,1.94507813e-01
-8.00359375e-09,1.94492187e-01
-7.96359375e-09,1.94509375e-01
-7.92359375e-09,1.94487500e-01
-7.88359375e-09,1.94517188e-01
-7.84359375e-09,1.94473438e-01
-7.80359375e-09,1.94551562e-01
-7.76359375e-09,1.94295313e-01
-7.72359375e-09,1.94042188e-01
-7.68359375e-09,1.94134375e-01
-7.64359375e-09,1.94073438e-01
-7.60359375e-09,1.94121875e-01
-7.56359375e-09,1.94081250e-01
-7.52359375e-09,1.94117188e-01
-7.48359375e-09,1.94084375e-01
-7.44359375e-09,1.94115625e-01
-7.40359375e-09,1.94084375e-01
-7.36359375e-09,1.94115625e-01
-7.32359375e-09,1.94082813e-01
-7.28359375e-09,1.94118750e-01
-7.24359375e-09,1.94079688e-01
-7.20359375e-09,1.94125000e-01
-7.16359375e-09,1.94065625e-01
-7.12359375e-09,1.94159375e-01
-7.08359375e-09,1.93887500e-01
-7.04359375e-09,1.93650000e-01
-7.00359375e-09,1.93726563e-01
-6.96359375e-09,1.93681250e-01
-6.92359375e-09,1.93714063e-01
-6.88359375e-09,1.93689063e-01
-6.84359375e-09,1.93709375e-01
-6.80359375e-09,1.93692188e-01
-6.76359375e-09,1.93707813e-01
-6.72359375e-09,1.93692188e-01
-6.68359375e-09,1.93707813e-01
-6.64359375e-09,1.93692188e-01
-6.60359375e-09,1.93709375e-01
-6.56359375e-09,1.93690625e-01
-6.52359375e-09,1.93710938e-01
-6.48359375e-09,1.93685938e-01
-6.44359375e-09,1.93718750e-01
-6.40359375e-09,1.93671875e-01
-6.36359375e-09,1.93753125e-01
-6.32359375e-09,1.93493750e-01
-6.28359375e-09,1.93243750e-01
-6.24359375e-09,1.93332813e-01
-6.20359375e-09,1.93276562e-01
-6.16359375e-09,1.93318750e-01
-6.12359375e-09,1.93284375e-01
-6.08359375e-09,1.93314062e-01
-6.04359375e-09,1.93285938e-01
-6.00359375e-09,1.93312500e-01
-5.96359375e-09,1.93287500e-01
-5.92359375e-09,1.93312500e-01
-5.88359375e-09,1.93287500e-01
-5.84359375e-09,1.93312500e-01
-5.80359375e-09,1.93287500e-01
-5.76359375e-09,1.93314062e-01
-5.72359375e-09,1.93284375e-01
-5.68359375e-09,1.93318750e-01
-5.64359375e-09,1.93276562e-01
-5.60359375e-09,1.93332813e-01
-5.56359375e-09,1.93243750e-01
-5.52359375e-09,1.93509375e-01
-5.48359375e-09,1.93753125e-01
-5.44359375e-09,1.93670312e-01
-5.40359375e-09,1.93720313e-01
-5.36359375e-09,1.93682812e-01
-5.32359375e-09,1.93714063e-01
-5.28359375e-09,1.93685938e-01
-5.24359375e-09,1.93712500e-01
-5.20359375e-09,1.93685938e-01
-5.16359375e-09,1.93715625e-01
-5.12359375e-09,1.93679688e-01
-5.08359375e-09,1.93728125e-01
-5.04359375e-09,1.93646875e-01
-5.00359375e-09,1.93904688e-01
-4.96359375e-09,1.94157812e-01
-4.92359375e-09,1.94064062e-01
-4.88359375e-09,1.94128125e-01
-4.84359375e-09,1.94075000e-01
-4.80359375e-09,1.94125000e-01
-4.76359375e-09,1.94071875e-01
-4.72359375e-09,1.94135938e-01
-4.68359375e-09,1.94040625e-01
-4.64359375e-09,1.94310938e-01
-4.60359375e-09,1.94551562e-01
-4.56359375e-09,1.94470313e-01
-4.52359375e-09,1.94520313e-01
-4.48359375e-09,1.94482813e-01
-4.44359375e-09,1.94515625e-01
-4.40359375e-09,1.94484375e-01
-4.36359375e-09,1.94517188e-01
-4.32359375e-09,1.94478125e-01
-4.28359375e-09,1.94531250e-01
-4.24359375e-09,1.94445313e-01
-4.20359375e-09,1.94707813e-01
-4.16359375e-09,1.94956250e-01
-4.12359375e-09,1.94867188e-01
-4.08359375e-09,1.94923438e-01
-4.04359375e-09,1.94881250e-01
-4.00359375e-09,1.94917188e-01
-3.96359375e-09,1.94884375e-01
-3.92359375e-09,1.94914063e-01
-3.88359375e-09,1.94885937e-01
-3.84359375e-09,1.94914063e-01
-3.80359375e-09,1.94885937e-01
-3.76359375e-09,1.94915625e-01
-3.72359375e-09,1.94882813e-01
-3.68359375e-09,1.94920312e-01
-3.64359375e-09,1.94875000e-01
-3.60359375e-09,1.94934375e-01
-3.56359375e-09,1.94840625e-01
-3.52359375e-09,1.95112500e-01
-3.48359375e-09,1.95350000e-01
-3.44359375e-09,1.95273438e-01
-3.40359375e-09,1.95317188e-01
-3.36359375e-09,1.95287500e-01
-3.32359375e-09,1.95309375e-01
-3.28359375e-09,1.95292188e-01
-3.24359375e-09,1.95306250e-01
-3.20359375e-09,1.95295313e-01
-3.16359375e-09,1.95304688e-01
-3.12359375e-09,1.95296875e-01
-3.08359375e-09,1.95303125e-01
-3.04359375e-09,1.95296875e-01
-3.00359375e-09,1.95301562e-01
-2.96359375e-09,1.95298438e-01
-2.92359375e-09,1.95301562e-01
-2.88359375e-09,1.95298438e-01
-2.84359375e-09,1.95301562e-01
-2.80359375e-09,1.95300000e-01
-2.76359375e-09,1.95300000e-01
-2.72359375e-09,1.95300000e-01
-2.68359375e-09,1.95300000e-01
-2.64359375e-09,1.95300000e-01
-2.60359375e-09,1.95300000e-01
-2.56359375e-09,1.95300000e-01
-2.52359375e-09,1.95298438e-01
-2.48359375e-09,1.95301562e-01
-2.44359375e-09,1.95298438e-01
-2.40359375e-09,1.95301562e-01
-2.36359375e-09,1.95296875e-01
-2.32359375e-09,1.95303125e-01
-2.28359375e-09,1.95295313e-01
-2.24359375e-09,1.95304688e-01
-2.20359375e-09,1.95292188e-01
-2.16359375e-09,1.95309375e-01
-2.12359375e-09,1.95285938e-01
-2.08359375e-09,1.95323438e-01
-2.04359375e-09,1.95251563e-01
-2.00359375e-09,1.95500000e-01
-1.96359375e-09,1.95762500e-01
-1.92359375e-09,1.95659375e-01
-1.88359375e-09,1.95732813e-01
-1.84359375e-09,1.95670312e-01
-1.80359375e-09,1.95729687e-01
-1.76359375e-09,1.95667188e-01
-1.72359375e-09,1.95742187e-01
-1.68359375e-09,1.95634375e-01
-1.64359375e-09,1.95918750e-01
-1.60359375e-09,1.96143750e-01
-1.56359375e-09,1.96081250e-01
-1.52359375e-09,1.96109375e-01
-1.48359375e-09,1.96098438e-01
-1.44359375e-09,1.96095313e-01
-1.40359375e-09,1.96115625e-01
-1.36359375e-09,1.96059375e-01
-1.32359375e-09,1.96293750e-01
-1.28359375e-09,1.96570313e-01
-1.24359375e-09,1.96451563e-01
-1.20359375e-09,1.96540625e-01
-1.16359375e-09,1.96457812e-01
-1.12359375e-09,1.96548438e-01
-1.08359375e-09,1.96428125e-01
-1.04359375e-09,1.96723438e-01
-1.00359375e-09,1.96939063e-01
-9.63593750e-10,1.96885937e-01
-9.23593750e-10,1.96904688e-01
-8.83593750e-10,1.96903125e-01
-8.43593750e-10,1.96889063e-01
-8.03593750e-10,1.96921875e-01
-7.63593750e-10,1.96853125e-01
-7.23593750e-10,1.97100000e-01
-6.83593750e-10,1.97362500e-01
-6.43593750e-10,1.97260938e-01
-6.03593750e-10,1.97329688e-01
-5.63593750e-10,1.97275000e-01
-5.23593750e-10,1.97323438e-01
-4.83593750e-10,1.97276563e-01
-4.43593750e-10,1.97325000e-01
-4.03593750e-10,1.97271875e-01
-3.63593750e-10,1.97337500e-01
-3.23593750e-10,1.97239063e-01
-2.83593750e-10,1.97514063e-01
-2.43593750e-10,1.97748438e-01
-2.03593750e-10,1.97675000e-01
-1.63593750e-10,1.97717188e-01
-1.23593750e-10,1.97687500e-01
-8.35937500e-11,1.97709375e-01
-4.35937500e-11,1.97692188e-01
-3.59375000e-12,1.97706250e-01
3.64062500e-11,1.97693750e-01
7.64062500e-11,1.97706250e-01
1.16406250e-10,1.97695312e-01
1.56406250e-10,1.97704688e-01
1.96406250e-10,1.97695312e-01
2.36406250e-10,1.97704688e-01
2.76406250e-10,1.97695312e-01
3.16406250e-10,1.97704688e-01
3.56406250e-10,1.97693750e-01
3.96406250e-10,1.97706250e-01
4.36406250e-10,1.97693750e-01
4.76406250e-10,1.97707812e-01
5.16406250e-10,1.97692188e-01
5.56406250e-10,1.97709375e-01
5.96406250e-10,1.97689063e-01
6.36406250e-10,1.97712500e-01
6.76406250e-10,1.97684375e-01
7.16406250e-10,1.97720312e-01
7.56406250e-10,1.97668750e-01
7.96406250e-10,1.97756250e-01
8.36406250e-10,1.97490625e-01
8.76406250e-10,1.97246875e-01
9.16406250e-10,1.97328125e-01
9.56406250e-10,1.97281250e-01
9.96406250e-10,1.97312500e-01
1.03640625e-09,1.97290625e-01
1.07640625e-09,1.97306250e-01
1.11640625e-09,1.97296875e-01
1.15640625e-09,1.97298438e-01
1.19640625e-09,1.97306250e-01
1.23640625e-09,1.97282813e-01
1.27640625e-09,1.97342188e-01
1.31640625e-09,1.97104688e-01
1.35640625e-09,1.96832813e-01
1.39640625e-09,1.96943750e-01
1.43640625e-09,1.96865625e-01
1.47640625e-09,1.96929688e-01
1.51640625e-09,1.96871875e-01
1.55640625e-09,1.96926563e-01
1.59640625e-09,1.96873437e-01
1.63640625e-09,1.96928125e-01
1.67640625e-09,1.96868750e-01
1.71640625e-09,1.96934375e-01
1.75640625e-09,1.96856250e-01
1.79640625e-09,1.96968750e-01
1.83640625e-09,1.96678125e-01
1.87640625e-09,1.96459375e-01
1.91640625e-09,1.96517187e-01
1.95640625e-09,1.96492187e-01
1.99640625e-09,1.96503125e-01
2.03640625e-09,1.96501563e-01
2.07640625e-09,1.96496875e-01
2.11640625e-09,1.96506250e-01
2.15640625e-09,1.96492187e-01
2.19640625e-09,1.96509375e-01
2.23640625e-09,1.96489063e-01
2.27640625e-09,1.96514063e-01
2.31640625e-09,1.96482812e-01
2.35640625e-09,1.96523438e-01
2.39640625e-09,1.96467188e-01
2.43640625e-09,1.96557813e-01
2.47640625e-09,1.96287500e-01
2.51640625e-09,1.96050000e-01
2.55640625e-09,1.96125000e-01
2.59640625e-09,1.96084375e-01
2.63640625e-09,1.96109375e-01
2.67640625e-09,1.96093750e-01
2.71640625e-09,1.96103125e-01
2.75640625e-09,1.96098438e-01
2.79640625e-09,1.96098438e-01
2.83640625e-09,1.96104688e-01
2.87640625e-09,1.96092188e-01
2.91640625e-09,1.96114063e-01
2.95640625e-09,1.96076562e-01
2.99640625e-09,1.96148437e-01
3.03640625e-09,1.95898438e-01
3.07640625e-09,1.95640625e-01
3.11640625e-09,1.95735938e-01
3.15640625e-09,1.95673438e-01
3.19640625e-09,1.95721875e-01
3.23640625e-09,1.95679688e-01
3.27640625e-09,1.95718750e-01
3.31640625e-09,1.95682812e-01
3.35640625e-09,1.95717188e-01
3.39640625e-09,1.95682812e-01
3.43640625e-09,1.95718750e-01
3.47640625e-09,1.95679688e-01
3.51640625e-09,1.95725000e-01
3.55640625e-09,1.95665625e-01
3.59640625e-09,1.95759375e-01
3.63640625e-09,1.95489063e-01
3.67640625e-09,1.95248438e-01
3.71640625e-09,1.95328125e-01
3.75640625e-09,1.95281250e-01
3.79640625e-09,1.95314062e-01
3.83640625e-09,1.95289062e-01
3.87640625e-09,1.95309375e-01
3.91640625e-09,1.95292188e-01
3.95640625e-09,1.95307813e-01
3.99640625e-09,1.95293750e-01
4.03640625e-09,1.95306250e-01
4.07640625e-09,1.95293750e-01
4.11640625e-09,1.95306250e-01
4.15640625e-09,1.95293750e-01
4.19640625e-09,1.95306250e-01
4.23640625e-09,1.95293750e-01
4.27640625e-09,1.95306250e-01
4.31640625e-09,1.95293750e-01
4.35640625e-09,1.95306250e-01
4.39640625e-09,1.95293750e-01
4.43640625e-09,1.95306250e-01
4.47640625e-09,1.95292188e-01
4.51640625e-09,1.95307813e-01
4.55640625e-09,1.95292188e-01
4.59640625e-09,1.95309375e-01
4.63640625e-09,1.95289062e-01
4.67640625e-09,1.95312500e-01
4.71640625e-09,1.95285938e-01
4.75640625e-09,1.95317188e-01
4.79640625e-09,1.95278125e-01
4.83640625e-09,1.95331250e-01
4.87640625e-09,1.95243750e-01
4.91640625e-09,1.95509375e-01
4.95640625e-09,1.95753125e-01
4.99640625e-09,1.95671875e-01
5.03640625e-09,1.95718750e-01
5.07640625e-09,1.95685938e-01
5.11640625e-09,1.95710938e-01
5.15640625e-09,1.95690625e-01
5.19640625e-09,1.95707813e-01
5.23640625e-09,1.95693750e-01
5.27640625e-09,1.95706250e-01
5.31640625e-09,1.95695312e-01
5.35640625e-09,1.95704688e-01
5.39640625e-09,1.95695312e-01
5.43640625e-09,1.95703125e-01
5.47640625e-09,1.95696875e-01
5.51640625e-09,1.95703125e-01
5.55640625e-09,1.95696875e-01
5.59640625e-09,1.95703125e-01
5.63640625e-09,1.95698438e-01
5.67640625e-09,1.95701563e-01
5.71640625e-09,1.95698438e-01
5.75640625e-09,1.95701563e-01
5.79640625e-09,1.95698438e-01
5.83640625e-09,1.95701563e-01
5.87640625e-09,1.95698438e-01
5.91640625e-09,1.95701563e-01
5.95640625e-09,1.95700000e-01
5.99640625e-09,1.95700000e-01
6.03640625e-09,1.95700000e-01
6.07640625e-09,1.95700000e-01
6.11640625e-09,1.95700000e-01
6.15640625e-09,1.95700000e-01
6.19640625e-09,1.95700000e-01
6.23640625e-09,1.95700000e-01
6.27640625e-09,1.95700000e-01
6.31640625e-09,1.95700000e-01
6.35640625e-09,1.95700000e-01
6.39640625e-09,1.95698438e-01
6.43640625e-09,1.95701563e-01
6.47640625e-09,1.95698438e-01
6.51640625e-09,1.95701563e-01
6.55640625e-09,1.95698438e-01
6.59640625e-09,1.95701563e-01
6.63640625e-09,1.95698438e-01
6.67640625e-09,1.95703125e-01
6.71640625e-09,1.95696875e-01
6.75640625e-09,1.95703125e-01
6.79640625e-09,1.95695312e-01
6.83640625e-09,1.95704688e-01
6.87640625e-09,1.95693750e-01
6.91640625e-09,1.95707813e-01
6.95640625e-09,1.95690625e-01
6.99640625e-09,1.95712500e-01
7.03640625e-09,1.95682812e-01
7.07640625e-09,1.95726563e-01
7.11640625e-09,1.95650000e-01
7.15640625e-09,1.95903125e-01
7.19640625e-09,1.96159375e-01
7.23640625e-09,1.96064062e-01
7.27640625e-09,1.96128125e-01
7.31640625e-09,1.96076562e-01
7.35640625e-09,1.96121875e-01
7.39640625e-09,1.96078125e-01
7.43640625e-09,1.96123437e-01
7.47640625e-09,1.96073438e-01
7.51640625e-09,1.96135937e-01
7.55640625e-09,1.96040625e-01
7.59640625e-09,1.96310938e-01
7.63640625e-09,1.96551562e-01
7.67640625e-09,1.96470313e-01
7.71640625e-09,1.96521875e-01
7.75640625e-09,1.96481250e-01
7.79640625e-09,1.96517187e-01
7.83640625e-09,1.96479687e-01
7.87640625e-09,1.96528125e-01
7.91640625e-09,1.96450000e-01
7.95640625e-09,1.96701563e-01
7.99640625e-09,1.96962500e-01
8.03640625e-09,1.96857813e-01
8.07640625e-09,1.96935938e-01
8.11640625e-09,1.96862500e-01
8.15640625e-09,1.96943750e-01
8.19640625e-09,1.96831250e-01
8.23640625e-09,1.97120313e-01
8.27640625e-09,1.97340625e-01
8.31640625e-09,1.97282813e-01
8.35640625e-09,1.97306250e-01
8.39640625e-09,1.97301562e-01
8.43640625e-09,1.97290625e-01
8.47640625e-09,1.97321875e-01
8.51640625e-09,1.97251563e-01
8.55640625e-09,1.97503125e-01
8.59640625e-09,1.97756250e-01
8.63640625e-09,1.97670313e-01
8.67640625e-09,1.97715625e-01
8.71640625e-09,1.97696875e-01
8.75640625e-09,1.97675000e-01
8.79640625e-09,1.97878125e-01
8.83640625e-09,1.98184375e-01
8.87640625e-09,1.98037500e-01
8.91640625e-09,1.98154688e-01
8.95640625e-09,1.98043750e-01
8.99640625e-09,1.98162500e-01
9.03640625e-09,1.98014063e-01
9.07640625e-09,1.98339062e-01
9.11640625e-09,1.98521875e-01
9.15640625e-09,1.98504687e-01
9.19640625e-09,1.98481250e-01
9.23640625e-09,1.98532813e-01
9.27640625e-09,1.98439063e-01
9.31640625e-09,1.98715625e-01
9.35640625e-09,1.98945312e-01
9.39640625e-09,1.98881250e-01
9.43640625e-09,1.98906250e-01
9.47640625e-09,1.98901563e-01
9.51640625e-09,1.98890625e-01
9.55640625e-09,1.98921875e-01
9.59640625e-09,1.98851563e-01
9.63640625e-09,1.99103125e-01
9.67640625e-09,1.99357813e-01
9.71640625e-09,1.99265625e-01
9.75640625e-09,1.99323438e-01
9.79640625e-09,1.99281250e-01
9.83640625e-09,1.99315625e-01
9.87640625e-09,1.99287500e-01
9.91640625e-09,1.99310938e-01
9.95640625e-09,1.99290625e-01
9.99640625e-09,1.99309375e-01
1.00364062e-08,1.99292187e-01
1.00764062e-08,1.99307813e-01
1.01164062e-08,1.99292187e-01
1.01564062e-08,1.99306250e-01
1.01964062e-08,1.99293750e-01
1.02364062e-08,1.99306250e-01
1.02764063e-08,1.99293750e-01
1.03164062e-08,1.99307813e-01
1.03564062e-08,1.99292187e-01
1.03964062e-08,1.99309375e-01
1.04364062e-08,1.99287500e-01
1.04764062e-08,1.99315625e-01
1.05164062e-08,1.99275000e-01
1.05564062e-08,1.99348438e-01
1.05964062e-08,1.99098438e-01
1.06364062e-08,1.98837500e-01
1.06764062e-08,1.98939063e-01
1.07164062e-08,1.98867188e-01
1.07564063e-08,1.98929688e-01
1.07964062e-08,1.98870313e-01
1.08364062e-08,1.98934375e-01
1.08764062e-08,1.98857813e-01
1.09164062e-08,1.98967188e-01
1.09564062e-08,1.98679688e-01
1.09964062e-08,1.98457812e-01
1.10364062e-08,1.98517187e-01
1.10764062e-08,1.98493750e-01
1.11164062e-08,1.98498438e-01
1.11564062e-08,1.98509375e-01
1.11964062e-08,1.98479688e-01
1.12364063e-08,1.98545313e-01
1.12764062e-08,1.98300000e-01
1.13164062e-08,1.98037500e-01
1.13564062e-08,1.98139063e-01
1.13964062e-08,1.98068750e-01
1.14364062e-08,1.98128125e-01
1.14764062e-08,1.98073438e-01
1.15164062e-08,1.98129688e-01
1.15564062e-08,1.98062500e-01
1.15964062e-08,1.98160938e-01
1.16364062e-08,1.97887500e-01
1.16764062e-08,1.97648437e-01
1.17164062e-08,1.97728125e-01
1.17564062e-08,1.97679688e-01
1.17964062e-08,1.97717188e-01
1.18364062e-08,1.97684375e-01
1.18764062e-08,1.97714063e-01
1.19164062e-08,1.97684375e-01
1.19564062e-08,1.97715625e-01
1.19964062e-08,1.97681250e-01
1.20364062e-08,1.97723438e-01
1.20764062e-08,1.97667188e-01
1.21164062e-08,1.97757813e-01
1.21564062e-08,1.97489063e-01
1.21964062e-08,1.97248438e-01
1.22364062e-08,1.97328125e-01
1.22764062e-08,1.97281250e-01
1.23164062e-08,1.97314062e-01
1.23564062e-08,1.97289063e-01
1.23964062e-08,1.97309375e-01
1.24364062e-08,1.97292187e-01
1.24764062e-08,1.97306250e-01
1.25164062e-08,1.97295313e-01
1.25564062e-08,1.97304688e-01
1.25964062e-08,1.97295313e-01
1.26364062e-08,1.97303125e-01
1.26764062e-08,1.97296875e-01
1.27164062e-08,1.97303125e-01
1.27564062e-08,1.97298438e-01
1.27964062e-08,1.97301562e-01
1.28364062e-08,1.97298438e-01
1.28764062e-08,1.97301562e-01
1.29164062e-08,1.97298438e-01
1.29564062e-08,1.97301562e-01
1.29964062e-08,1.97300000e-01
1.30364062e-08,1.97300000e-01
1.30764062e-08,1.97300000e-01
1.31164062e-08,1.97300000e-01
1.31564062e-08,1.97300000e-01
1.31964062e-08,1.97300000e-01
1.32364062e-08,1.97301562e-01
1.32764062e-08,1.97298438e-01
1.33164062e-08,1.97301562e-01
1.33564062e-08,1.97298438e-01
1.33964062e-08,1.97301562e-01
1.34364062e-08,1.97296875e-01
1.34764062e-08,1.97303125e-01
1.35164062e-08,1.97296875e-01
1.35564062e-08,1.97303125e-01
1.35964062e-08,1.97295313e-01
1.36364062e-08,1.97304688e-01
1.36764062e-08,1.97295313e-01
1.37164062e-08,1.97306250e-01
1.37564062e-08,1.97293750e-01
1.37964062e-08,1.97307813e-01
1.38364062e-08,1.97290625e-01
1.38764062e-08,1.97309375e-01
1.39164062e-08,1.97287500e-01
1.39564062e-08,1.97314062e-01
1.39964062e-08,1.97282813e-01
1.40364062e-08,1.97323438e-01
1.40764062e-08,1.97267187e-01
1.41164062e-08,1.97359375e-01
1.41564062e-08,1.97087500e-01
1.41964062e-08,1.96851563e-01
1.42364062e-08,1.96925000e-01
1.42764062e-08,1.96885937e-01
1.43164062e-08,1.96907813e-01
1.43564062e-08,1.96898438e-01
1.43964062e-08,1.96896875e-01
1.44364062e-08,1.96910937e-01
1.44764062e-08,1.96878125e-01
1.45164062e-08,1.96946875e-01
1.45564062e-08,1.96698438e-01
1.45964062e-08,1.96440625e-01
1.46364062e-08,1.96534375e-01
1.46764062e-08,1.96475000e-01
1.47164062e-08,1.96517187e-01
1.47564062e-08,1.96487500e-01
1.47964062e-08,1.96507813e-01
1.48364062e-08,1.96498438e-01
1.48764062e-08,1.96490625e-01
1.49164063e-08,1.96534375e-01
1.49564062e-08,1.96312500e-01
1.49964062e-08,1.96025000e-01
1.50364062e-08,1.96151563e-01
1.50764063e-08,1.96056250e-01
1.51164062e-08,1.96140625e-01
1.51564062e-08,1.96059375e-01
1.51964063e-08,1.96143750e-01
1.52364062e-08,1.96048438e-01
1.52764062e-08,1.96176563e-01
1.53164062e-08,1.95871875e-01
1.53564062e-08,1.95665625e-01
1.53964062e-08,1.95709375e-01
1.54364062e-08,1.95700000e-01
1.54764063e-08,1.95693750e-01
1.55164062e-08,1.95710938e-01
1.55564062e-08,1.95684375e-01
1.55964062e-08,1.95721875e-01
1.56364062e-08,1.95668750e-01
1.56764062e-08,1.95757813e-01
1.57164062e-08,1.95489063e-01
1.57564063e-08,1.95248438e-01
1.57964062e-08,1.95326563e-01
1.58364062e-08,1.95282813e-01
1.58764063e-08,1.95312500e-01
1.59164062e-08,1.95290625e-01
1.59564062e-08,1.95307813e-01
1.59964062e-08,1.95295313e-01
1.60364063e-08,1.95304688e-01
1.60764062e-08,1.95296875e-01
1.61164062e-08,1.95303125e-01
1.61564063e-08,1.95298438e-01
1.61964062e-08,1.95301562e-01
1.62364062e-08,1.95298438e-01
1.62764062e-08,1.95300000e-01
1.63164062e-08,1.95300000e-01
1.63564062e-08,1.95300000e-01
1.63964062e-08,1.95300000e-01
1.64364063e-08,1.95298438e-01
1.64764062e-08,1.95301562e-01
1.65164062e-08,1.95298438e-01
1.65564062e-08,1.95301562e-01
1.65964062e-08,1.95298438e-01
1.66364062e-08,1.95301562e-01
1.66764062e-08,1.95296875e-01
1.67164063e-08,1.95303125e-01
1.67564062e-08,1.95296875e-01
1.67964062e-08,1.95303125e-01
1.68364062e-08,1.95295313e-01
1.68764062e-08,1.95304688e-01
1.69164062e-08,1.95295313e-01
1.69564062e-08,1.95306250e-01
1.69964063e-08,1.95293750e-01
1.70364062e-08,1.95307813e-01
1.70764062e-08,1.95292188e-01
1.71164063e-08,1.95310938e-01
1.71564062e-08,1.95287500e-01
1.71964062e-08,1.95315625e-01
1.72364062e-08,1.95279688e-01
1.72764062e-08,1.95329688e-01
1.73164062e-08,1.95245313e-01
1.73564062e-08,1.95507813e-01
1.73964063e-08,1.95753125e-01
1.74364062e-08,1.95670312e-01
1.74764062e-08,1.95720312e-01
1.75164062e-08,1.95685938e-01
1.75564062e-08,1.95710938e-01
1.75964062e-08,1.95690625e-01
1.76364062e-08,1.95707813e-01
1.76764063e-08,1.95693750e-01
1.77164062e-08,1.95704688e-01
1.77564062e-08,1.95696875e-01
1.77964062e-08,1.95701563e-01
1.78364062e-08,1.95700000e-01
1.78764062e-08,1.95696875e-01
1.79164062e-08,1.95706250e-01
1.79564063e-08,1.95689063e-01
1.79964062e-08,1.95721875e-01
1.80364062e-08,1.95654688e-01
1.80764063e-08,1.95898438e-01
1.81164062e-08,1.96162500e-01
1.81564062e-08,1.96060938e-01
1.81964062e-08,1.96129688e-01
1.82364062e-08,1.96075000e-01
1.82764062e-08,1.96123437e-01
1.83164062e-08,1.96078125e-01
1.83564063e-08,1.96120313e-01
1.83964062e-08,1.96079688e-01
1.84364062e-08,1.96118750e-01
1.84764062e-08,1.96081250e-01
1.85164062e-08,1.96120313e-01
1.85564062e-08,1.96078125e-01
1.85964062e-08,1.96123437e-01
1.86364063e-08,1.96075000e-01
1.86764062e-08,1.96129688e-01
1.87164062e-08,1.96059375e-01
1.87564062e-08,1.96164063e-01
1.87964062e-08,1.95882813e-01
1.88364062e-08,1.95654688e-01
1.88764062e-08,1.95720312e-01
1.89164063e-08,1.95689063e-01
1.89564062e-08,1.95706250e-01
1.89964062e-08,1.95696875e-01
1.90364063e-08,1.95701563e-01
1.90764062e-08,1.95700000e-01
1.91164062e-08,1.95698438e-01
1.91564062e-08,1.95703125e-01
1.91964062e-08,1.95695312e-01
1.92364062e-08,1.95704688e-01
1.92764062e-08,1.95693750e-01
1.93164063e-08,1.95707813e-01
1.93564062e-08,1.95692188e-01
1.93964062e-08,1.95709375e-01
1.94364062e-08,1.95689063e-01
1.94764062e-08,1.95714063e-01
1.95164062e-08,1.95682812e-01
1.95564062e-08,1.95721875e-01
1.95964063e-08,1.95668750e-01
1.96364062e-08,1.95756250e-01
1.96764062e-08,1.95490625e-01
1.97164062e-08,1.95248438e-01
1.97564062e-08,1.95328125e-01
1.97964062e-08,1.95281250e-01
1.98364062e-08,1.95314062e-01
1.98764063e-08,1.95289062e-01
1.99164062e-08,1.95307813e-01
1.99564062e-08,1.95293750e-01
1.99964062e-08,1.95306250e-01
2.00364062e-08,1.95295313e-01
2.00764062e-08,1.95303125e-01
2.01164062e-08,1.95296875e-01
2.01564062e-08,1.95301562e-01
2.01964062e-08,1.95298438e-01
2.02364062e-08,1.95301562e-01
2.02764063e-08,1.95298438e-01
2.03164062e-08,1.95300000e-01
2.03564062e-08,1.95300000e-01
2.03964062e-08,1.95300000e-01
2.04364062e-08,1.95300000e-01
2.04764062e-08,1.95300000e-01
2.05164062e-08,1.95301562e-01
2.05564063e-08,1.95298438e-01
2.05964062e-08,1.95301562e-01
2.06364062e-08,1.95298438e-01
2.06764062e-08,1.95301562e-01
2.07164062e-08,1.95298438e-01
2.07564062e-08,1.95301562e-01
2.07964062e-08,1.95296875e-01
2.08364063e-08,1.95303125e-01
2.08764062e-08,1.95296875e-01
2.09164062e-08,1.95303125e-01
2.09564062e-08,1.95296875e-01
2.09964062e-08,1.95304688e-01
2.10364062e-08,1.95295313e-01
2.10764062e-08,1.95304688e-01
2.11164062e-08,1.95295313e-01
2.11564062e-08,1.95306250e-01
2.11964062e-08,1.95293750e-01
2.12364063e-08,1.95306250e-01
2.12764062e-08,1.95292188e-01
2.13164062e-08,1.95307813e-01
2.13564062e-08,1.95290625e-01
2.13964062e-08,1.95309375e-01
2.14364062e-08,1.95289062e-01
2.14764062e-08,1.95312500e-01
2.15164063e-08,1.95284375e-01
2.15564062e-08,1.95318750e-01
2.15964062e-08,1.95276563e-01
2.16364062e-08,1.95334375e-01
2.16764062e-08,1.95240625e-01
2.17164062e-08,1.95512500e-01
2.17564062e-08,1.95750000e-01
2.17964063e-08,1.95675000e-01
2.18364062e-08,1.95715625e-01
2.18764062e-08,1.95690625e-01
2.19164062e-08,1.95706250e-01
2.19564062e-08,1.95696875e-01
2.19964062e-08,1.95700000e-01
2.20364062e-08,1.95703125e-01
2.20764062e-08,1.95695312e-01
2.21164062e-08,1.95709375e-01
2.21564062e-08,1.95684375e-01
2.21964062e-08,1.95725000e-01
2.22364062e-08,1.95650000e-01
2.22764062e-08,1.95903125e-01
2.23164062e-08,1.96157813e-01
2.23564062e-08,1.96065625e-01
2.23964062e-08,1.96123437e-01
2.24364062e-08,1.96081250e-01
2.24764063e-08,1.96115625e-01
2.25164062e-08,1.96085938e-01
2.25564062e-08,1.96112500e-01
2.25964062e-08,1.96089063e-01
2.26364062e-08,1.96109375e-01
2.26764062e-08,1.96090625e-01
2.27164062e-08,1.96107813e-01
2.27564063e-08,1.96092188e-01
2.27964062e-08,1.96106250e-01
2.28364062e-08,1.96093750e-01
2.28764062e-08,1.96106250e-01
2.29164062e-08,1.96093750e-01
2.29564062e-08,1.96104688e-01
2.29964062e-08,1.96095313e-01
2.30364062e-08,1.96104688e-01
2.30764062e-08,1.96095313e-01
2.31164062e-08,1.96104688e-01
2.31564062e-08,1.96096875e-01
2.31964062e-08,1.96103125e-01
2.32364062e-08,1.96096875e-01
2.32764062e-08,1.96103125e-01
2.33164062e-08,1.96096875e-01
2.33564062e-08,1.96103125e-01
2.33964062e-08,1.96096875e-01
2.34364063e-08,1.96103125e-01
2.34764062e-08,1.96098438e-01
2.35164062e-08,1.96101562e-01
2.35564062e-08,1.96098438e-01
2.35964062e-08,1.96101562e-01
2.36364062e-08,1.96098438e-01
2.36764062e-08,1.96101562e-01
2.37164063e-08,1.96098438e-01
2.37564062e-08,1.96101562e-01
2.37964062e-08,1.96098438e-01
2.38364062e-08,1.96101562e-01
2.38764062e-08,1.96098438e-01
2.39164062e-08,1.96100000e-01
2.39564062e-08,1.96100000e-01
2.39964062e-08,1.96100000e-01
2.40364062e-08,1.96100000e-01
2.40764062e-08,1.96100000e-01
2.41164062e-08,1.96100000e-01
2.41564062e-08,1.96100000e-01
2.41964062e-08,1.96100000e-01
2.42364062e-08,1.96098438e-01
2.42764062e-08,1.96101562e-01
2.43164062e-08,1.96098438e-01
2.43564062e-08,1.96101562e-01
2.43964063e-08,1.96098438e-01
2.44364062e-08,1.96103125e-01
2.44764062e-08,1.96096875e-01
2.45164062e-08,1.96103125e-01
2.45564062e-08,1.96096875e-01
2.45964062e-08,1.96104688e-01
2.46364062e-08,1.96095313e-01
2.46764063e-08,1.96106250e-01
2.47164062e-08,1.96092188e-01
2.47564062e-08,1.96109375e-01
2.47964062e-08,1.96089063e-01
2.48364062e-08,1.96114063e-01
2.48764062e-08,1.96081250e-01
2.49164062e-08,1.96129688e-01
2.49564062e-08,1.96045313e-01
2.49964062e-08,1.96307813e-01
2.50364062e-08,1.96554688e-01
2.50764062e-08,1.96468750e-01
2.51164062e-08,1.96521875e-01
2.51564062e-08,1.96482812e-01
2.51964062e-08,1.96514063e-01
2.52364062e-08,1.96489063e-01
2.52764062e-08,1.96509375e-01
2.53164062e-08,1.96490625e-01
2.53564062e-08,1.96507813e-01
2.53964062e-08,1.96493750e-01
2.54364062e-08,1.96506250e-01
2.54764062e-08,1.96493750e-01
2.55164062e-08,1.96504687e-01
2.55564062e-08,1.96495313e-01
2.55964062e-08,1.96504687e-01
2.56364063e-08,1.96496875e-01
2.56764062e-08,1.96503125e-01
2.57164062e-08,1.96496875e-01
2.57564062e-08,1.96503125e-01
2.57964062e-08,1.96498438e-01
2.58364062e-08,1.96501563e-01
2.58764062e-08,1.96498438e-01
2.59164062e-08,1.96501563e-01
2.59564062e-08,1.96500000e-01
2.59964062e-08,1.96500000e-01
2.60364062e-08,1.96501563e-01
2.60764062e-08,1.96498438e-01
2.61164062e-08,1.96503125e-01
2.61564062e-08,1.96495313e-01
2.61964062e-08,1.96506250e-01
2.62364062e-08,1.96490625e-01
2.62764062e-08,1.96514063e-01
2.63164062e-08,1.96476563e-01
2.63564062e-08,1.96548438e-01
2.63964062e-08,1.96298438e-01
2.64364062e-08,1.96039062e-01
2.64764062e-08,1.96137500e-01
2.65164062e-08,1.96071875e-01
2.65564062e-08,1.96123437e-01
2.65964063e-08,1.96078125e-01
2.66364062e-08,1.96120313e-01
2.66764062e-08,1.96079688e-01
2.67164062e-08,1.96120313e-01
2.67564062e-08,1.96076562e-01
2.67964062e-08,1.96126563e-01
2.68364062e-08,1.96064062e-01
2.68764062e-08,1.96159375e-01
2.69164062e-08,1.95887500e-01
2.69564062e-08,1.95648437e-01
2.69964062e-08,1.95728125e-01
2.70364062e-08,1.95679688e-01
2.70764062e-08,1.95715625e-01
2.71164062e-08,1.95685938e-01
2.71564062e-08,1.95714063e-01
2.71964062e-08,1.95684375e-01
2.72364062e-08,1.95720312e-01
2.72764062e-08,1.95671875e-01
2.73164062e-08,1.95753125e-01
2.73564062e-08,1.95495313e-01
2.73964062e-08,1.95242187e-01
2.74364062e-08,1.95334375e-01
2.74764062e-08,1.95273438e-01
2.75164062e-08,1.95323438e-01
2.75564062e-08,1.95278125e-01
2.75964062e-08,1.95321875e-01
2.76364062e-08,1.95276563e-01
2.76764062e-08,1.95326563e-01
2.77164062e-08,1.95265625e-01
2.77564062e-08,1.95359375e-01
2.77964062e-08,1.95089063e-01
2.78364062e-08,1.94848437e-01
2.78764062e-08,1.94928125e-01
2.79164062e-08,1.94879688e-01
2.79564062e-08,1.94915625e-01
2.79964062e-08,1.94885937e-01
2.80364062e-08,1.94914063e-01
2.80764062e-08,1.94885937e-01
2.81164062e-08,1.94914063e-01
2.81564062e-08,1.94882813e-01
2.81964062e-08,1.94921875e-01
2.82364062e-08,1.94868750e-01
2.82764062e-08,1.94954688e-01
2.83164062e-08,1.94692188e-01
2.83564062e-08,1.94445313e-01
2.83964062e-08,1.94531250e-01
2.84364062e-08,1.94478125e-01
2.84764062e-08,1.94517188e-01
2.85164062e-08,1.94485938e-01
2.85564062e-08,1.94512500e-01
2.85964062e-08,1.94489063e-01
2.86364062e-08,1.94509375e-01
2.86764062e-08,1.94490625e-01
2.87164062e-08,1.94509375e-01
2.87564062e-08,1.94492187e-01
2.87964062e-08,1.94507813e-01
2.88364062e-08,1.94492187e-01
2.88764062e-08,1.94507813e-01
2.89164062e-08,1.94492187e-01
2.89564062e-08,1.94506250e-01
2.89964062e-08,1.94493750e-01
2.90364062e-08,1.94506250e-01
2.90764062e-08,1.94493750e-01
2.91164062e-08,1.94506250e-01
2.91564062e-08,1.94493750e-01
2.91964062e-08,1.94506250e-01
2.92364062e-08,1.94493750e-01
2.92764062e-08,1.94506250e-01
2.93164062e-08,1.94493750e-01
2.93564062e-08,1.94506250e-01
2.93964062e-08,1.94493750e-01
2.94364062e-08,1.94506250e-01
2.94764062e-08,1.94492187e-01
2.95164062e-08,1.94507813e-01
2.95564062e-08,1.94492187e-01
2.95964062e-08,1.94507813e-01
2.96364062e-08,1.94492187e-01
2.96764062e-08,1.94507813e-01
2.97164062e-08,1.94492187e-01
2.97564062e-08,1.94509375e-01
2.97964062e-08,1.94490625e-01
2.98364063e-08,1.94509375e-01
2.98764063e-08,1.94489063e-01
2.99164062e-08,1.94512500e-01
2.99564062e-08,1.94487500e-01
2.99964062e-08,1.94514063e-01
3.00364062e-08,1.94482813e-01
3.00764062e-08,1.94520313e-01
3.01164063e-08,1.94475000e-01
3.01564063e-08,1.94534375e-01
3.01964062e-08,1.94439063e-01
3.02364062e-08,1.94714063e-01
3.02764062e-08,1.94948438e-01
3.03164062e-08,1.94876563e-01
3.03564062e-08,1.94914063e-01
3.03964063e-08,1.94892188e-01
3.04364062e-08,1.94904688e-01
3.04764062e-08,1.94898438e-01
3.05164062e-08,1.94896875e-01
3.05564062e-08,1.94906250e-01
3.05964062e-08,1.94887500e-01
3.06364062e-08,1.94921875e-01
3.06764063e-08,1.94853125e-01
3.07164062e-08,1.95100000e-01
3.07564062e-08,1.95360937e-01
3.07964062e-08,1.95262500e-01
3.08364062e-08,1.95328125e-01
3.08764062e-08,1.95276563e-01
3.09164062e-08,1.95321875e-01
3.09564063e-08,1.95279688e-01
3.09964062e-08,1.95320313e-01
3.10364062e-08,1.95278125e-01
3.10764062e-08,1.95323438e-01
3.11164062e-08,1.95271875e-01
3.11564062e-08,1.95335938e-01
3.11964062e-08,1.95239063e-01
3.12364063e-08,1.95512500e-01
3.12764062e-08,1.95750000e-01
3.13164062e-08,1.95673438e-01
3.13564062e-08,1.95717188e-01
3.13964062e-08,1.95687500e-01
3.14364062e-08,1.95709375e-01
3.14764063e-08,1.95692188e-01
3.15164063e-08,1.95706250e-01
3.15564062e-08,1.95693750e-01
3.15964062e-08,1.95704688e-01
3.16364062e-08,1.95695312e-01
3.16764062e-08,1.95704688e-01
3.17164062e-08,1.95695312e-01
3.17564063e-08,1.95704688e-01
3.17964063e-08,1.95695312e-01
3.18364062e-08,1.95704688e-01
3.18764062e-08,1.95695312e-01
3.19164062e-08,1.95704688e-01
3.19564062e-08,1.95695312e-01
3.19964062e-08,1.95704688e-01
3.20364063e-08,1.95693750e-01
3.20764063e-08,1.95706250e-01
3.21164062e-08,1.95693750e-01
3.21564062e-08,1.95707813e-01
3.21964062e-08,1.95690625e-01
3.22364062e-08,1.95710938e-01
3.22764062e-08,1.95687500e-01
3.23164063e-08,1.95715625e-01
3.23564062e-08,1.95679688e-01
3.23964062e-08,1.95729687e-01
3.24364062e-08,1.95645313e-01
3.24764062e-08,1.95907813e-01
3.25164062e-08,1.96153125e-01
3.25564062e-08,1.96070313e-01
3.25964063e-08,1.96120313e-01
3.26364062e-08,1.96084375e-01
3.26764062e-08,1.96112500e-01
3.27164062e-08,1.96090625e-01
3.27564062e-08,1.96107813e-01
3.27964062e-08,1.96093750e-01
3.28364062e-08,1.96104688e-01
3.28764063e-08,1.96098438e-01
3.29164062e-08,1.96100000e-01
3.29564062e-08,1.96103125e-01
3.29964062e-08,1.96092188e-01
3.30364062e-08,1.96117188e-01
3.30764062e-08,1.96057813e-01
3.31164062e-08,1.96295313e-01
3.31564063e-08,1.96567188e-01
3.31964062e-08,1.96456250e-01
3.32364062e-08,1.96535938e-01
3.32764062e-08,1.96467188e-01
3.33164062e-08,1.96531250e-01
3.33564062e-08,1.96468750e-01
3.33964062e-08,1.96532813e-01
3.34364063e-08,1.96462500e-01
3.34764062e-08,1.96545313e-01
3.35164062e-08,1.96429688e-01
3.35564062e-08,1.96723438e-01
3.35964062e-08,1.96939063e-01
3.36364062e-08,1.96884375e-01
3.36764063e-08,1.96904688e-01
3.37164063e-08,1.96900000e-01
3.37564062e-08,1.96895313e-01
3.37964062e-08,1.96907813e-01
3.38364062e-08,1.96889063e-01
3.38764062e-08,1.96915625e-01
3.39164062e-08,1.96879688e-01
3.39564063e-08,1.96931250e-01
3.39964063e-08,1.96843750e-01
3.40364062e-08,1.97110937e-01
3.40764062e-08,1.97351563e-01
3.41164062e-08,1.97273438e-01
3.41564062e-08,1.97317188e-01
3.41964062e-08,1.97287500e-01
3.42364063e-08,1.97307813e-01
3.42764062e-08,1.97293750e-01
3.43164062e-08,1.97303125e-01
3.43564062e-08,1.97298438e-01
3.43964062e-08,1.97300000e-01
3.44364062e-08,1.97301562e-01
3.44764062e-08,1.97296875e-01
3.45164063e-08,1.97304688e-01
3.45564062e-08,1.97292187e-01
3.45964062e-08,1.97310938e-01
3.46364062e-08,1.97282813e-01
3.46764062e-08,1.97326562e-01
3.47164062e-08,1.97248438e-01
3.47564062e-08,1.97504687e-01
3.47964063e-08,1.97757813e-01
3.48364062e-08,1.97667188e-01
3.48764062e-08,1.97723438e-01
3.49164062e-08,1.97681250e-01
3.49564062e-08,1.97715625e-01
3.49964062e-08,1.97687500e-01
3.50364062e-08,1.97710938e-01
3.50764063e-08,1.97690625e-01
3.51164062e-08,1.97709375e-01
3.51564062e-08,1.97692188e-01
3.51964062e-08,1.97707812e-01
3.52364062e-08,1.97692188e-01
3.52764062e-08,1.97706250e-01
3.53164062e-08,1.97693750e-01
3.53564063e-08,1.97706250e-01
3.53964062e-08,1.97695312e-01
3.54364062e-08,1.97704688e-01
3.54764062e-08,1.97695312e-01
3.55164062e-08,1.97704688e-01
3.55564062e-08,1.97695312e-01
3.55964062e-08,1.97704688e-01
3.56364063e-08,1.97696875e-01
3.56764062e-08,1.97703125e-01
3.57164062e-08,1.97696875e-01
3.57564062e-08,1.97703125e-01
3.57964062e-08,1.97696875e-01
3.58364062e-08,1.97703125e-01
3.58764063e-08,1.97696875e-01
3.59164063e-08,1.97701563e-01
3.59564062e-08,1.97698438e-01
3.59964062e-08,1.97701563e-01
3.60364062e-08,1.97698438e-01
3.60764062e-08,1.97701563e-01
3.61164062e-08,1.97698438e-01
3.61564063e-08,1.97700000e-01
3.61964062e-08,1.97700000e-01
3.62364062e-08,1.97700000e-01
3.62764062e-08,1.97701563e-01
3.63164062e-08,1.97698438e-01
3.63564062e-08,1.97701563e-01
3.63964062e-08,1.97696875e-01
3.64364063e-08,1.97704688e-01
3.64764062e-08,1.97693750e-01
3.65164062e-08,1.97707812e-01
3.65564062e-08,1.97689063e-01
3.65964062e-08,1.97715625e-01
3.66364062e-08,1.97673437e-01
3.66764062e-08,1.97751563e-01
3.67164063e-08,1.97495313e-01
3.67564062e-08,1.97242187e-01
3.67964062e-08,1.97334375e-01
3.68364062e-08,1.97276563e-01
3.68764062e-08,1.97318750e-01
3.69164062e-08,1.97284375e-01
3.69564062e-08,1.97312500e-01
3.69964063e-08,1.97289063e-01
3.70364062e-08,1.97307813e-01
3.70764062e-08,1.97293750e-01
3.71164062e-08,1.97303125e-01
3.71564062e-08,1.97303125e-01
3.71964062e-08,1.97287500e-01
3.72364062e-08,1.97335938e-01
3.72764063e-08,1.97110937e-01
3.73164062e-08,1.96826562e-01
3.73564062e-08,1.96951563e-01
3.73964062e-08,1.96856250e-01
3.74364062e-08,1.96940625e-01
3.74764062e-08,1.96859375e-01
3.75164062e-08,1.96943750e-01
3.75564063e-08,1.96846875e-01
3.75964062e-08,1.96976563e-01
3.76364062e-08,1.96670312e-01
3.76764062e-08,1.96467188e-01
3.77164062e-08,1.96507813e-01
3.77564062e-08,1.96501563e-01
3.77964062e-08,1.96492187e-01
3.78364063e-08,1.96512500e-01
3.78764062e-08,1.96481250e-01
3.79164062e-08,1.96525000e-01
3.79564062e-08,1.96465625e-01
3.79964062e-08,1.96560938e-01
3.80364062e-08,1.96284375e-01
3.80764063e-08,1.96053125e-01
3.81164062e-08,1.96121875e-01
3.81564062e-08,1.96087500e-01
3.81964062e-08,1.96106250e-01
3.82364062e-08,1.96096875e-01
3.82764062e-08,1.96100000e-01
3.83164062e-08,1.96103125e-01
3.83564063e-08,1.96095313e-01
3.83964062e-08,1.96107813e-01
3.84364062e-08,1.96090625e-01
3.84764062e-08,1.96112500e-01
3.85164062e-08,1.96082813e-01
3.85564062e-08,1.96123437e-01
3.85964062e-08,1.96067188e-01
3.86364063e-08,1.96159375e-01
3.86764062e-08,1.95885937e-01
3.87164062e-08,1.95653125e-01
3.87564062e-08,1.95721875e-01
3.87964062e-08,1.95689063e-01
3.88364062e-08,1.95704688e-01
3.88764062e-08,1.95703125e-01
3.89164063e-08,1.95690625e-01
3.89564062e-08,1.95720312e-01
3.89964062e-08,1.95653125e-01
3.90364062e-08,1.95901563e-01
3.90764062e-08,1.96159375e-01
3.91164062e-08,1.96064062e-01
3.91564062e-08,1.96125000e-01
3.91964063e-08,1.96081250e-01
3.92364062e-08,1.96115625e-01
3.92764062e-08,1.96087500e-01
3.93164062e-08,1.96110937e-01
3.93564062e-08,1.96090625e-01
3.93964062e-08,1.96107813e-01
3.94364062e-08,1.96093750e-01
3.94764063e-08,1.96104688e-01
3.95164062e-08,1.96096875e-01
3.95564062e-08,1.96101562e-01
3.95964062e-08,1.96100000e-01
3.96364062e-08,1.96096875e-01
3.96764062e-08,1.96106250e-01
3.97164062e-08,1.96089063e-01
3.97564063e-08,1.96121875e-01
3.97964062e-08,1.96053125e-01
3.98364062e-08,1.96300000e-01
3.98764062e-08,1.96562500e-01
3.99164062e-08,1.96462500e-01
3.99564062e-08,1.96528125e-01
3.99964062e-08,1.96476563e-01
4.00364062e-08,1.96520313e-01
4.00764062e-08,1.96481250e-01
4.01164062e-08,1.96517187e-01
4.01564062e-08,1.96484375e-01
4.01964062e-08,1.96514063e-01
4.02364062e-08,1.96485938e-01
4.02764063e-08,1.96512500e-01
4.03164062e-08,1.96487500e-01
4.03564062e-08,1.96512500e-01
4.03964062e-08,1.96487500e-01
4.04364062e-08,1.96512500e-01
4.04764062e-08,1.96489063e-01
4.05164062e-08,1.96510938e-01
4.05564063e-08,1.96489063e-01
4.05964062e-08,1.96510938e-01
4.06364062e-08,1.96489063e-01
4.06764062e-08,1.96510938e-01
4.07164062e-08,1.96489063e-01
4.07564062e-08,1.96512500e-01
4.07964062e-08,1.96487500e-01
4.08364063e-08,1.96512500e-01
4.08764062e-08,1.96487500e-01
4.09164062e-08,1.96514063e-01
4.09564062e-08,1.96485938e-01
4.09964062e-08,1.96515625e-01
4.10364062e-08,1.96482812e-01
4.10764062e-08,1.96518750e-01
4.11164063e-08,1.96478125e-01
4.11564062e-08,1.96526563e-01
4.11964062e-08,1.96464063e-01
4.12364062e-08,1.96560938e-01
4.12764062e-08,1.96285938e-01
4.13164062e-08,1.96051562e-01
4.13564062e-08,1.96125000e-01
4.13964063e-08,1.96084375e-01
4.14364062e-08,1.96110937e-01
4.14764062e-08,1.96092188e-01
4.15164062e-08,1.96104688e-01
4.15564062e-08,1.96096875e-01
4.15964062e-08,1.96103125e-01
4.16364062e-08,1.96098438e-01
4.16764063e-08,1.96101562e-01
4.17164062e-08,1.96100000e-01
4.17564062e-08,1.96100000e-01
4.17964062e-08,1.96100000e-01
4.18364062e-08,1.96100000e-01
4.18764062e-08,1.96101562e-01
4.19164062e-08,1.96098438e-01
4.19564062e-08,1.96101562e-01
4.19964062e-08,1.96098438e-01
4.20364062e-08,1.96101562e-01
4.20764062e-08,1.96098438e-01
4.21164062e-08,1.96101562e-01
4.21564062e-08,1.96098438e-01
4.21964063e-08,1.96103125e-01
4.22364062e-08,1.96096875e-01
4.22764062e-08,1.96103125e-01
4.23164062e-08,1.96096875e-01
4.23564062e-08,1.96103125e-01
4.23964062e-08,1.96096875e-01
4.24364062e-08,1.96103125e-01
4.24764063e-08,1.96096875e-01
4.25164062e-08,1.96103125e-01
4.25564062e-08,1.96096875e-01
4.25964062e-08,1.96103125e-01
4.26364062e-08,1.96096875e-01
4.26764062e-08,1.96103125e-01
4.27164062e-08,1.96095313e-01
4.27564063e-08,1.96104688e-01
4.27964062e-08,1.96095313e-01
4.28364062e-08,1.96104688e-01
4.28764062e-08,1.96095313e-01
4.29164062e-08,1.96104688e-01
4.29564062e-08,1.96095313e-01
4.29964062e-08,1.96104688e-01
4.30364063e-08,1.96095313e-01
4.30764062e-08,1.96106250e-01
4.31164062e-08,1.96093750e-01
4.31564062e-08,1.96106250e-01
4.31964062e-08,1.96093750e-01
4.32364062e-08,1.96106250e-01
4.32764062e-08,1.96092188e-01
4.33164063e-08,1.96107813e-01
4.33564062e-08,1.96092188e-01
4.33964062e-08,1.96109375e-01
4.34364062e-08,1.96090625e-01
4.34764062e-08,1.96110937e-01
4.35164062e-08,1.96089063e-01
4.35564062e-08,1.96112500e-01
4.35964063e-08,1.96084375e-01
4.36364062e-08,1.96118750e-01
4.36764062e-08,1.96076562e-01
4.37164062e-08,1.96132813e-01
4.37564062e-08,1.96042188e-01
4.37964062e-08,1.96310938e-01
4.38364062e-08,1.96550000e-01
4.38764062e-08,1.96473438e-01
4.39164062e-08,1.96517187e-01
4.39564062e-08,1.96487500e-01
4.39964062e-08,1.96509375e-01
4.40364062e-08,1.96493750e-01
4.40764062e-08,1.96504687e-01
4.41164062e-08,1.96495313e-01
4.41564062e-08,1.96503125e-01
4.41964062e-08,1.96496875e-01
4.42364062e-08,1.96501563e-01
4.42764062e-08,1.96498438e-01
4.43164062e-08,1.96500000e-01
4.43564062e-08,1.96500000e-01
4.43964063e-08,1.96500000e-01
4.44364062e-08,1.96501563e-01
4.44764062e-08,1.96498438e-01
4.45164062e-08,1.96501563e-01
4.45564062e-08,1.96496875e-01
4.45964062e-08,1.96503125e-01
4.46364062e-08,1.96496875e-01
4.46764063e-08,1.96504687e-01
4.47164062e-08,1.96495313e-01
4.47564062e-08,1.96506250e-01
4.47964062e-08,1.96493750e-01
4.48364062e-08,1.96507813e-01
4.48764062e-08,1.96490625e-01
4.49164062e-08,1.96512500e-01
4.49564063e-08,1.96484375e-01
4.49964062e-08,1.96520313e-01
4.50364062e-08,1.96470313e-01
4.50764062e-08,1.96554688e-01
4.51164062e-08,1.96292187e-01
4.51564062e-08,1.96046875e-01
4.51964062e-08,1.96129688e-01
4.52364063e-08,1.96079688e-01
4.52764062e-08,1.96115625e-01
4.53164062e-08,1.96087500e-01
4.53564062e-08,1.96109375e-01
4.53964062e-08,1.96092188e-01
4.54364062e-08,1.96107813e-01
4.54764062e-08,1.96093750e-01
4.55164063e-08,1.96106250e-01
4.55564062e-08,1.96095313e-01
4.55964062e-08,1.96104688e-01
4.56364062e-08,1.96096875e-01
4.56764062e-08,1.96103125e-01
4.57164062e-08,1.96096875e-01
4.57564062e-08,1.96103125e-01
4.57964062e-08,1.96098438e-01
4.58364062e-08,1.96101562e-01
4.58764062e-08,1.96098438e-01
4.59164062e-08,1.96101562e-01
4.59564062e-08,1.96098438e-01
4.59964062e-08,1.96100000e-01
4.60364062e-08,1.96100000e-01
4.60764062e-08,1.96100000e-01
4.61164062e-08,1.96100000e-01
4.61564062e-08,1.96100000e-01
4.61964062e-08,1.96101562e-01
4.62364062e-08,1.96098438e-01
4.62764062e-08,1.96101562e-01
4.63164062e-08,1.96098438e-01
4.63564062e-08,1.96103125e-01
4.63964062e-08,1.96096875e-01
4.64364062e-08,1.96103125e-01
4.64764062e-08,1.96095313e-01
4.65164062e-08,1.96104688e-01
4.65564062e-08,1.96093750e-01
4.65964063e-08,1.96107813e-01
4.66364062e-08,1.96090625e-01
4.66764062e-08,1.96110937e-01
4.67164062e-08,1.96085938e-01
4.67564062e-08,1.96118750e-01
4.67964062e-08,1.96071875e-01
4.68364062e-08,1.96153125e-01
4.68764063e-08,1.95892188e-01
4.69164062e-08,1.95645313e-01
4.69564062e-08,1.95731250e-01
4.69964062e-08,1.95678125e-01
4.70364062e-08,1.95717188e-01
4.70764062e-08,1.95685938e-01
4.71164062e-08,1.95710938e-01
4.71564063e-08,1.95690625e-01
4.71964062e-08,1.95709375e-01
4.72364062e-08,1.95692188e-01
4.72764062e-08,1.95706250e-01
4.73164062e-08,1.95693750e-01
4.73564062e-08,1.95706250e-01
4.73964062e-08,1.95695312e-01
4.74364063e-08,1.95704688e-01
4.74764062e-08,1.95695312e-01
4.75164062e-08,1.95704688e-01
4.75564062e-08,1.95696875e-01
4.75964062e-08,1.95703125e-01
4.76364062e-08,1.95696875e-01
4.76764062e-08,1.95703125e-01
4.77164062e-08,1.95696875e-01
4.77564062e-08,1.95701563e-01
4.77964062e-08,1.95698438e-01
4.78364062e-08,1.95701563e-01
4.78764062e-08,1.95698438e-01
4.79164062e-08,1.95700000e-01
4.79564062e-08,1.95700000e-01
4.79964062e-08,1.95700000e-01
4.80364062e-08,1.95700000e-01
4.80764062e-08,1.95698438e-01
4.81164062e-08,1.95701563e-01
4.81564062e-08,1.95696875e-01
4.81964062e-08,1.95704688e-01
4.82364062e-08,1.95693750e-01
4.82764062e-08,1.95707813e-01
4.83164062e-08,1.95689063e-01
4.83564062e-08,1.95715625e-01
4.83964062e-08,1.95675000e-01
4.84364062e-08,1.95750000e-01
4.84764062e-08,1.95496875e-01
4.85164062e-08,1.95240625e-01
4.85564062e-08,1.95335938e-01
4.85964062e-08,1.95273438e-01
4.86364062e-08,1.95321875e-01
4.86764062e-08,1.95281250e-01
4.87164062e-08,1.95317188e-01
4.87564062e-08,1.95284375e-01
4.87964063e-08,1.95315625e-01
4.88364062e-08,1.95284375e-01
4.88764062e-08,1.95315625e-01
4.89164062e-08,1.95282813e-01
4.89564062e-08,1.95318750e-01
4.89964062e-08,1.95279688e-01
4.90364062e-08,1.95325000e-01
4.90764063e-08,1.95265625e-01
4.91164062e-08,1.95359375e-01
4.91564062e-08,1.95089063e-01
4.91964062e-08,1.94848437e-01
4.92364062e-08,1.94928125e-01
4.92764062e-08,1.94881250e-01
4.93164062e-08,1.94914063e-01
4.93564063e-08,1.94887500e-01
4.93964062e-08,1.94910937e-01
4.94364062e-08,1.94890625e-01
4.94764062e-08,1.94909375e-01
4.95164062e-08,1.94890625e-01
4.95564062e-08,1.94909375e-01
4.95964062e-08,1.94889063e-01
4.96364062e-08,1.94912500e-01
4.96764062e-08,1.94884375e-01
4.97164062e-08,1.94920312e-01
4.97564062e-08,1.94870313e-01
4.97964062e-08,1.94954688e-01
4.98364062e-08,1.94692188e-01
4.98764062e-08,1.94445313e-01
4.99164062e-08,1.94531250e-01
4.99564062e-08,1.94478125e-01
4.99964062e-08,1.94517188e-01
5.00364062e-08,1.94485938e-01
5.00764062e-08,1.94512500e-01
5.01164062e-08,1.94489063e-01
5.01564062e-08,1.94509375e-01
5.01964062e-08,1.94490625e-01
5.02364062e-08,1.94509375e-01
5.02764062e-08,1.94492187e-01
5.03164062e-08,1.94507813e-01
5.03564062e-08,1.94492187e-01
5.03964062e-08,1.94507813e-01
5.04364062e-08,1.94492187e-01
5.04764062e-08,1.94507813e-01
5.05164062e-08,1.94492187e-01
5.05564062e-08,1.94507813e-01
5.05964062e-08,1.94492187e-01
5.06364062e-08,1.94507813e-01
5.06764062e-08,1.94492187e-01
5.07164062e-08,1.94507813e-01
5.07564062e-08,1.94490625e-01
5.07964062e-08,1.94509375e-01
5.08364062e-08,1.94489063e-01
5.08764062e-08,1.94512500e-01
5.09164062e-08,1.94484375e-01
5.09564062e-08,1.94520313e-01
5.09964063e-08,1.94470313e-01
5.10364062e-08,1.94554688e-01
5.10764062e-08,1.94292188e-01
5.11164062e-08,1.94043750e-01
5.11564062e-08,1.94132813e-01
5.11964062e-08,1.94076562e-01
5.12364062e-08,1.94118750e-01
5.12764062e-08,1.94082813e-01
5.13164062e-08,1.94115625e-01
5.13564062e-08,1.94084375e-01
5.13964062e-08,1.94115625e-01
5.14364062e-08,1.94084375e-01
5.14764062e-08,1.94117188e-01
5.15164062e-08,1.94079688e-01
5.15564062e-08,1.94125000e-01
5.15964062e-08,1.94065625e-01
5.16364062e-08,1.94159375e-01
5.16764062e-08,1.93887500e-01
5.17164062e-08,1.93650000e-01
5.17564062e-08,1.93725000e-01
5.17964062e-08,1.93684375e-01
5.18364062e-08,1.93710938e-01
5.18764062e-08,1.93693750e-01
5.19164062e-08,1.93704688e-01
5.19564062e-08,1.93698438e-01
5.19964062e-08,1.93698438e-01
5.20364062e-08,1.93703125e-01
5.20764062e-08,1.93692188e-01
5.21164062e-08,1.93712500e-01
5.21564062e-08,1.93676563e-01
5.21964062e-08,1.93748438e-01
5.22364062e-08,1.93498438e-01
5.22764062e-08,1.93239063e-01
5.23164062e-08,1.93335937e-01
5.23564062e-08,1.93273438e-01
5.23964062e-08,1.93321875e-01
5.24364062e-08,1.93281250e-01
5.24764062e-08,1.93317188e-01
5.25164062e-08,1.93284375e-01
5.25564062e-08,1.93314062e-01
5.25964062e-08,1.93287500e-01
5.26364062e-08,1.93312500e-01
5.26764062e-08,1.93289062e-01
5.27164062e-08,1.93310938e-01
5.27564062e-08,1.93289062e-01
5.27964062e-08,1.93310938e-01
5.28364062e-08,1.93290625e-01
5.28764062e-08,1.93309375e-01
5.29164062e-08,1.93290625e-01
5.29564062e-08,1.93309375e-01
5.29964062e-08,1.93290625e-01
5.30364062e-08,1.93309375e-01
5.30764062e-08,1.93290625e-01
5.31164062e-08,1.93307813e-01
5.31564062e-08,1.93292188e-01
5.31964062e-08,1.93307813e-01
5.32364062e-08,1.93292188e-01
5.32764062e-08,1.93307813e-01
5.33164062e-08,1.93292188e-01
5.33564062e-08,1.93307813e-01
5.33964062e-08,1.93292188e-01
5.34364062e-08,1.93307813e-01
5.34764062e-08,1.93292188e-01
5.35164062e-08,1.93307813e-01
5.35564062e-08,1.93292188e-01
5.35964062e-08,1.93307813e-01
5.36364062e-08,1.93292188e-01
5.36764062e-08,1.93307813e-01
5.37164062e-08,1.93292188e-01
5.37564062e-08,1.93307813e-01
5.37964062e-08,1.93292188e-01
5.38364062e-08,1.93307813e-01
5.38764062e-08,1.93292188e-01
5.39164062e-08,1.93307813e-01
5.39564062e-08,1.93292188e-01
5.39964062e-08,1.93307813e-01
5.40364062e-08,1.93290625e-01
5.40764062e-08,1.93309375e-01
5.41164062e-08,1.93290625e-01
5.41564062e-08,1.93309375e-01
5.41964062e-08,1.93290625e-01
5.42364062e-08,1.93309375e-01
5.42764062e-08,1.93289062e-01
5.43164062e-08,1.93310938e-01
5.43564062e-08,1.93289062e-01
5.43964062e-08,1.93312500e-01
5.44364062e-08,1.93285938e-01
5.44764062e-08,1.93315625e-01
5.45164062e-08,1.93282813e-01
5.45564062e-08,1.93320313e-01
5.45964062e-08,1.93275000e-01
5.46364062e-08,1.93334375e-01
5.46764062e-08,1.93240625e-01
5.47164062e-08,1.93512500e-01
5.47564062e-08,1.93750000e-01
5.47964062e-08,1.93673438e-01
5.48364062e-08,1.93717187e-01
5.48764062e-08,1.93687500e-01
5.49164062e-08,1.93709375e-01
5.49564062e-08,1.93692188e-01
5.49964062e-08,1.93707813e-01
5.50364062e-08,1.93693750e-01
5.50764062e-08,1.93706250e-01
5.51164062e-08,1.93693750e-01
5.51564062e-08,1.93707813e-01
5.51964062e-08,1.93690625e-01
5.52364062e-08,1.93710938e-01
5.52764062e-08,1.93684375e-01
5.53164062e-08,1.93725000e-01
5.53564062e-08,1.93651563e-01
5.53964062e-08,1.93901563e-01
5.54364062e-08,1.94160938e-01
5.54764062e-08,1.94062500e-01
5.55164062e-08,1.94129688e-01
5.55564062e-08,1.94075000e-01
5.55964062e-08,1.94123437e-01
5.56364062e-08,1.94078125e-01
5.56764062e-08,1.94121875e-01
5.57164062e-08,1.94076562e-01
5.57564062e-08,1.94125000e-01
5.57964062e-08,1.94070313e-01
5.58364062e-08,1.94139063e-01
5.58764062e-08,1.94035938e-01
5.59164062e-08,1.94315625e-01
5.59564062e-08,1.94546875e-01
5.59964062e-08,1.94476563e-01
5.60364062e-08,1.94515625e-01
5.60764062e-08,1.94489063e-01
5.61164062e-08,1.94509375e-01
5.61564062e-08,1.94490625e-01
5.61964062e-08,1.94509375e-01
5.62364062e-08,1.94485938e-01
5.62764062e-08,1.94521875e-01
5.63164062e-08,1.94454688e-01
5.63564062e-08,1.94696875e-01
5.63964062e-08,1.94967187e-01
5.64364062e-08,1.94854688e-01
5.64764062e-08,1.94937500e-01
5.65164062e-08,1.94864063e-01
5.65564062e-08,1.94937500e-01
5.65964062e-08,1.94859375e-01
5.66364062e-08,1.94950000e-01
5.66764062e-08,1.94825000e-01
5.67164062e-08,1.95128125e-01
5.67564062e-08,1.95334375e-01
5.67964062e-08,1.95292188e-01
5.68364062e-08,1.95296875e-01
5.68764062e-08,1.95310938e-01
5.69164062e-08,1.95281250e-01
5.69564062e-08,1.95331250e-01
5.69964062e-08,1.95242187e-01
5.70364062e-08,1.95512500e-01
5.70764062e-08,1.95748438e-01
5.71164062e-08,1.95678125e-01
5.71564062e-08,1.95709375e-01
5.71964062e-08,1.95698438e-01
5.72364062e-08,1.95693750e-01
5.72764062e-08,1.95718750e-01
5.73164062e-08,1.95656250e-01
5.73564062e-08,1.95898438e-01
5.73964062e-08,1.96162500e-01
5.74364062e-08,1.96060938e-01
5.74764062e-08,1.96129688e-01
5.75164062e-08,1.96075000e-01
5.75564062e-08,1.96123437e-01
5.75964062e-08,1.96078125e-01
5.76364062e-08,1.96123437e-01
5.76764062e-08,1.96073438e-01
5.77164062e-08,1.96134375e-01
5.77564062e-08,1.96042188e-01
5.77964062e-08,1.96310938e-01
5.78364062e-08,1.96553125e-01
5.78764062e-08,1.96470313e-01
5.79164062e-08,1.96521875e-01
5.79564062e-08,1.96482812e-01
5.79964062e-08,1.96515625e-01
5.80364062e-08,1.96485938e-01
5.80764062e-08,1.96514063e-01
5.81164062e-08,1.96484375e-01
5.81564062e-08,1.96515625e-01
5.81964062e-08,1.96482812e-01
5.82364062e-08,1.96520313e-01
5.82764062e-08,1.96475000e-01
5.83164062e-08,1.96535938e-01
5.83564062e-08,1.96440625e-01
5.83964062e-08,1.96714063e-01
5.84364062e-08,1.96948438e-01
5.84764062e-08,1.96875000e-01
5.85164062e-08,1.96915625e-01
5.85564062e-08,1.96890625e-01
5.85964062e-08,1.96906250e-01
5.86364062e-08,1.96895313e-01
5.86764062e-08,1.96903125e-01
5.87164062e-08,1.96898438e-01
5.87564062e-08,1.96900000e-01
5.87964062e-08,1.96901563e-01
5.88364062e-08,1.96896875e-01
5.88764062e-08,1.96906250e-01
5.89164062e-08,1.96892188e-01
5.89564062e-08,1.96910937e-01
5.89964062e-08,1.96882813e-01
5.90364062e-08,1.96926563e-01
5.90764062e-08,1.96848438e-01
5.91164062e-08,1.97104688e-01
5.91564062e-08,1.97357813e-01
5.91964062e-08,1.97267187e-01
5.92364062e-08,1.97323438e-01
5.92764062e-08,1.97281250e-01
5.93164062e-08,1.97315625e-01
5.93564062e-08,1.97285938e-01
5.93964062e-08,1.97312500e-01
5.94364062e-08,1.97289063e-01
5.94764062e-08,1.97310938e-01
5.95164062e-08,1.97289063e-01
5.95564062e-08,1.97310938e-01
5.95964062e-08,1.97289063e-01
5.96364062e-08,1.97310938e-01
5.96764063e-08,1.97289063e-01
5.97164062e-08,1.97312500e-01
5.97564063e-08,1.97287500e-01
5.97964062e-08,1.97314062e-01
5.98364062e-08,1.97282813e-01
5.98764062e-08,1.97321875e-01
5.99164062e-08,1.97267187e-01
5.99564063e-08,1.97356250e-01
5.99964062e-08,1.97090625e-01
6.00364063e-08,1.96848438e-01
6.00764062e-08,1.96928125e-01
6.01164062e-08,1.96881250e-01
6.01564062e-08,1.96912500e-01
6.01964062e-08,1.96890625e-01
6.02364063e-08,1.96906250e-01
6.02764062e-08,1.96896875e-01
6.03164063e-08,1.96900000e-01
6.03564062e-08,1.96904688e-01
6.03964062e-08,1.96884375e-01
6.04364062e-08,1.96939063e-01
6.04764062e-08,1.96707812e-01
6.05164063e-08,1.96429688e-01
6.05564062e-08,1.96548438e-01
6.05964063e-08,1.96459375e-01
6.06364062e-08,1.96537500e-01
6.06764062e-08,1.96462500e-01
6.07164062e-08,1.96540625e-01
6.07564062e-08,1.96450000e-01
6.07964063e-08,1.96573438e-01
6.08364062e-08,1.96273438e-01
6.08764062e-08,1.96064062e-01
6.09164062e-08,1.96110937e-01
6.09564062e-08,1.96098438e-01
6.09964062e-08,1.96095313e-01
6.10364062e-08,1.96109375e-01
6.10764063e-08,1.96085938e-01
6.11164062e-08,1.96120313e-01
6.11564062e-08,1.96068750e-01
6.11964062e-08,1.96157813e-01
6.12364062e-08,1.95889063e-01
6.12764062e-08,1.95648437e-01
6.13164062e-08,1.95726563e-01
6.13564063e-08,1.95682812e-01
6.13964062e-08,1.95712500e-01
6.14364062e-08,1.95692188e-01
6.14764062e-08,1.95706250e-01
6.15164062e-08,1.95695312e-01
6.15564062e-08,1.95703125e-01
6.15964062e-08,1.95698438e-01
6.16364063e-08,1.95701563e-01
6.16764062e-08,1.95700000e-01
6.17164062e-08,1.95700000e-01
6.17564062e-08,1.95701563e-01
6.17964062e-08,1.95698438e-01
6.18364062e-08,1.95701563e-01
6.18764062e-08,1.95696875e-01
6.19164063e-08,1.95703125e-01
6.19564062e-08,1.95696875e-01
6.19964062e-08,1.95703125e-01
6.20364062e-08,1.95695312e-01
6.20764062e-08,1.95704688e-01
6.21164062e-08,1.95695312e-01
6.21564062e-08,1.95704688e-01
6.21964063e-08,1.95693750e-01
6.22364062e-08,1.95706250e-01
6.22764062e-08,1.95693750e-01
6.23164062e-08,1.95706250e-01
6.23564062e-08,1.95692188e-01
6.23964062e-08,1.95707813e-01
6.24364062e-08,1.95692188e-01
6.24764063e-08,1.95709375e-01
6.25164062e-08,1.95690625e-01
6.25564062e-08,1.95709375e-01
6.25964062e-08,1.95689063e-01
6.26364062e-08,1.95710938e-01
6.26764063e-08,1.95687500e-01
6.27164062e-08,1.95712500e-01
6.27564063e-08,1.95685938e-01
6.27964062e-08,1.95714063e-01
6.28364062e-08,1.95684375e-01
6.28764062e-08,1.95717188e-01
6.29164062e-08,1.95681250e-01
6.29564063e-08,1.95720312e-01
6.29964062e-08,1.95678125e-01
6.30364063e-08,1.95725000e-01
6.30764062e-08,1.95671875e-01
6.31164062e-08,1.95734375e-01
6.31564062e-08,1.95654688e-01
6.31964062e-08,1.95771875e-01
6.32364063e-08,1.95473438e-01
6.32764062e-08,1.95265625e-01
6.33164063e-08,1.95307813e-01
6.33564062e-08,1.95304688e-01
6.33964062e-08,1.95285938e-01
6.34364062e-08,1.95323438e-01
6.34764062e-08,1.95264063e-01
6.35164063e-08,1.95364063e-01
6.35564062e-08,1.95079688e-01
6.35964063e-08,1.94862500e-01
6.36364062e-08,1.94909375e-01
6.36764062e-08,1.94907812e-01
6.37164062e-08,1.94876563e-01
6.37564062e-08,1.94953125e-01
6.37964063e-08,1.94689063e-01
6.38364062e-08,1.94453125e-01
6.38764063e-08,1.94517188e-01
6.39164062e-08,1.94500000e-01
6.39564062e-08,1.94484375e-01
6.39964062e-08,1.94546875e-01
6.40364062e-08,1.94295313e-01
6.40764063e-08,1.94046875e-01
6.41164062e-08,1.94125000e-01
6.41564063e-08,1.94092188e-01
6.41964062e-08,1.94092188e-01
6.42364062e-08,1.94139063e-01
6.42764062e-08,1.93903125e-01
6.43164062e-08,1.93637500e-01
6.43564063e-08,1.93732813e-01
6.43964062e-08,1.93682812e-01
6.44364063e-08,1.93701563e-01
6.44764062e-08,1.93728125e-01
6.45164062e-08,1.93515625e-01
6.45564062e-08,1.93223438e-01
6.45964062e-08,1.93350000e-01
6.46364063e-08,1.93260938e-01
6.46764062e-08,1.93332813e-01
6.47164062e-08,1.93270313e-01
6.47564062e-08,1.93326563e-01
6.47964062e-08,1.93276562e-01
6.48364062e-08,1.93321875e-01
6.48764062e-08,1.93279688e-01
6.49164063e-08,1.93318750e-01
6.49564062e-08,1.93281250e-01
6.49964062e-08,1.93317188e-01
6.50364062e-08,1.93284375e-01
6.50764062e-08,1.93315625e-01
6.51164062e-08,1.93285938e-01
6.51564062e-08,1.93314062e-01
6.51964063e-08,1.93287500e-01
6.52364062e-08,1.93312500e-01
6.52764062e-08,1.93287500e-01
6.53164062e-08,1.93310938e-01
6.53564062e-08,1.93289062e-01
6.53964062e-08,1.93309375e-01
6.54364062e-08,1.93290625e-01
6.54764063e-08,1.93309375e-01
6.55164062e-08,1.93292188e-01
6.55564062e-08,1.93307813e-01
6.55964062e-08,1.93292188e-01
6.56364062e-08,1.93306250e-01
6.56764062e-08,1.93293750e-01
6.57164062e-08,1.93304688e-01
6.57564063e-08,1.93296875e-01
6.57964062e-08,1.93301562e-01
6.58364062e-08,1.93300000e-01
6.58764062e-08,1.93298438e-01
6.59164062e-08,1.93304688e-01
6.59564062e-08,1.93290625e-01
6.59964062e-08,1.93320313e-01
6.60364063e-08,1.93254688e-01
6.60764062e-08,1.93498438e-01
6.61164062e-08,1.93764063e-01
6.61564062e-08,1.93659375e-01
6.61964062e-08,1.93729687e-01
6.62364062e-08,1.93675000e-01
6.62764062e-08,1.93721875e-01
6.63164063e-08,1.93679688e-01
6.63564062e-08,1.93718750e-01
6.63964062e-08,1.93682812e-01
6.64364062e-08,1.93717187e-01
6.64764062e-08,1.93684375e-01
6.65164062e-08,1.93715625e-01
6.65564062e-08,1.93685938e-01
6.65964063e-08,1.93714063e-01
6.66364062e-08,1.93685938e-01
6.66764062e-08,1.93714063e-01
6.67164062e-08,1.93687500e-01
6.67564062e-08,1.93712500e-01
6.67964062e-08,1.93687500e-01
6.68364062e-08,1.93712500e-01
6.68764063e-08,1.93687500e-01
6.69164062e-08,1.93712500e-01
6.69564062e-08,1.93687500e-01
6.69964062e-08,1.93712500e-01
6.70364062e-08,1.93689063e-01
6.70764063e-08,1.93710938e-01
6.71164062e-08,1.93689063e-01
6.71564063e-08,1.93710938e-01
6.71964062e-08,1.93689063e-01
6.72364062e-08,1.93710938e-01
6.72764062e-08,1.93689063e-01
6.73164062e-08,1.93710938e-01
6.73564063e-08,1.93689063e-01
6.73964062e-08,1.93710938e-01
6.74364063e-08,1.93689063e-01
6.74764062e-08,1.93712500e-01
6.75164062e-08,1.93687500e-01
6.75564062e-08,1.93712500e-01
6.75964062e-08,1.93687500e-01
6.76364063e-08,1.93712500e-01
6.76764062e-08,1.93687500e-01
6.77164063e-08,1.93712500e-01
6.77564062e-08,1.93685938e-01
6.77964062e-08,1.93714063e-01
6.78364062e-08,1.93685938e-01
6.78764062e-08,1.93715625e-01
6.79164063e-08,1.93684375e-01
6.79564062e-08,1.93717187e-01
6.79964063e-08,1.93681250e-01
6.80364062e-08,1.93720313e-01
6.80764062e-08,1.93676563e-01
6.81164062e-08,1.93728125e-01
6.81564062e-08,1.93660938e-01
6.81964063e-08,1.93764063e-01
6.82364062e-08,1.93482813e-01
6.82764063e-08,1.93254688e-01
6.83164062e-08,1.93321875e-01
6.83564062e-08,1.93287500e-01
6.83964062e-08,1.93307813e-01
6.84364062e-08,1.93296875e-01
6.84764063e-08,1.93301562e-01
6.85164062e-08,1.93300000e-01
6.85564062e-08,1.93298438e-01
6.85964062e-08,1.93303125e-01
6.86364062e-08,1.93296875e-01
6.86764062e-08,1.93304688e-01
6.87164062e-08,1.93293750e-01
6.87564063e-08,1.93306250e-01
6.87964062e-08,1.93292188e-01
6.88364062e-08,1.93309375e-01
6.88764062e-08,1.93287500e-01
6.89164062e-08,1.93315625e-01
6.89564062e-08,1.93279688e-01
6.89964062e-08,1.93329688e-01
6.90364063e-08,1.93245313e-01
6.90764062e-08,1.93507813e-01
6.91164062e-08,1.93754688e-01
6.91564062e-08,1.93668750e-01
6.91964062e-08,1.93721875e-01
6.92364062e-08,1.93681250e-01
6.92764062e-08,1.93717187e-01
6.93164063e-08,1.93684375e-01
6.93564062e-08,1.93717187e-01
6.93964062e-08,1.93679688e-01
6.94364062e-08,1.93729687e-01
6.94764062e-08,1.93646875e-01
6.95164062e-08,1.93904688e-01
6.95564062e-08,1.94159375e-01
6.95964063e-08,1.94062500e-01
6.96364062e-08,1.94129688e-01
6.96764062e-08,1.94071875e-01
6.97164062e-08,1.94128125e-01
6.97564062e-08,1.94068750e-01
6.97964062e-08,1.94140625e-01
6.98364062e-08,1.94035938e-01
6.98764063e-08,1.94317188e-01
6.99164062e-08,1.94545313e-01
6.99564062e-08,1.94479687e-01
6.99964062e-08,1.94510938e-01
7.00364062e-08,1.94495313e-01
7.00764062e-08,1.94500000e-01
7.01164062e-08,1.94504687e-01
7.01564063e-08,1.94489063e-01
7.01964062e-08,1.94520313e-01
7.02364062e-08,1.94454688e-01
7.02764062e-08,1.94698438e-01
7.03164062e-08,1.94964063e-01
7.03564062e-08,1.94859375e-01
7.03964062e-08,1.94931250e-01
7.04364063e-08,1.94873437e-01
7.04764062e-08,1.94925000e-01
7.05164062e-08,1.94875000e-01
7.05564062e-08,1.94926563e-01
7.05964062e-08,1.94868750e-01
7.06364062e-08,1.94939063e-01
7.06764062e-08,1.94835938e-01
7.07164063e-08,1.95117188e-01
7.07564062e-08,1.95345313e-01
7.07964062e-08,1.95278125e-01
7.08364062e-08,1.95312500e-01
7.08764062e-08,1.95292188e-01
7.09164062e-08,1.95304688e-01
7.09564062e-08,1.95298438e-01
7.09964063e-08,1.95300000e-01
7.10364062e-08,1.95303125e-01
7.10764062e-08,1.95295313e-01
7.11164062e-08,1.95309375e-01
7.11564062e-08,1.95285938e-01
7.11964062e-08,1.95323438e-01
7.12364062e-08,1.95251563e-01
7.12764063e-08,1.95501563e-01
7.13164062e-08,1.95760938e-01
7.13564062e-08,1.95664063e-01
7.13964062e-08,1.95728125e-01
7.14364062e-08,1.95676563e-01
7.14764063e-08,1.95720312e-01
7.15164062e-08,1.95681250e-01
7.15564063e-08,1.95717188e-01
7.15964062e-08,1.95682812e-01
7.16364062e-08,1.95717188e-01
7.16764062e-08,1.95682812e-01
7.17164062e-08,1.95718750e-01
7.17564063e-08,1.95679688e-01
7.17964062e-08,1.95721875e-01
7.18364063e-08,1.95673438e-01
7.18764062e-08,1.95735938e-01
7.19164062e-08,1.95639063e-01
7.19564062e-08,1.95914063e-01
7.19964062e-08,1.96148437e-01
7.20364063e-08,1.96075000e-01
7.20764062e-08,1.96115625e-01
7.21164062e-08,1.96089063e-01
7.21564062e-08,1.96107813e-01
7.21964062e-08,1.96093750e-01
7.22364062e-08,1.96104688e-01
7.22764062e-08,1.96096875e-01
7.23164063e-08,1.96103125e-01
7.23564062e-08,1.96098438e-01
7.23964062e-08,1.96101562e-01
7.24364062e-08,1.96098438e-01
7.24764062e-08,1.96101562e-01
7.25164062e-08,1.96098438e-01
7.25564062e-08,1.96100000e-01
7.25964063e-08,1.96100000e-01
7.26364062e-08,1.96100000e-01
7.26764062e-08,1.96100000e-01
7.27164062e-08,1.96100000e-01
7.27564062e-08,1.96100000e-01
7.27964062e-08,1.96100000e-01
7.28364062e-08,1.96100000e-01
7.28764063e-08,1.96100000e-01
7.29164062e-08,1.96100000e-01
7.29564062e-08,1.96100000e-01
7.29964062e-08,1.96100000e-01
7.30364062e-08,1.96100000e-01
7.30764062e-08,1.96100000e-01
7.31164062e-08,1.96100000e-01
7.31564063e-08,1.96100000e-01
7.31964062e-08,1.96100000e-01
7.32364062e-08,1.96100000e-01
7.32764062e-08,1.96100000e-01
7.33164062e-08,1.96100000e-01
7.33564062e-08,1.96100000e-01
7.33964062e-08,1.96098438e-01
7.34364063e-08,1.96101562e-01
7.34764062e-08,1.96098438e-01
7.35164062e-08,1.96103125e-01
7.35564062e-08,1.96095313e-01
7.35964062e-08,1.96106250e-01
7.36364062e-08,1.96092188e-01
7.36764062e-08,1.96112500e-01
7.37164063e-08,1.96078125e-01
7.37564062e-08,1.96145313e-01
7.37964062e-08,1.95901563e-01
7.38364062e-08,1.95634375e-01
7.38764062e-08,1.95742187e-01
7.39164062e-08,1.95665625e-01
7.39564062e-08,1.95732813e-01
7.39964063e-08,1.95667188e-01
7.40364062e-08,1.95735938e-01
7.40764062e-08,1.95656250e-01
7.41164062e-08,1.95768750e-01
7.41564062e-08,1.95478125e-01
7.41964062e-08,1.95259375e-01
7.42364062e-08,1.95315625e-01
7.42764063e-08,1.95295313e-01
7.43164062e-08,1.95296875e-01
7.43564062e-08,1.95309375e-01
7.43964062e-08,1.95279688e-01
7.44364062e-08,1.95346875e-01
7.44764062e-08,1.95100000e-01
7.45164062e-08,1.94837500e-01
7.45564063e-08,1.94939063e-01
7.45964062e-08,1.94868750e-01
7.46364062e-08,1.94928125e-01
7.46764062e-08,1.94871875e-01
7.47164062e-08,1.94929688e-01
7.47564062e-08,1.94860937e-01
7.47964062e-08,1.94962500e-01
7.48364063e-08,1.94685938e-01
7.48764062e-08,1.94450000e-01
7.49164062e-08,1.94526562e-01
7.49564062e-08,1.94482813e-01
7.49964062e-08,1.94512500e-01
7.50364062e-08,1.94489063e-01
7.50764062e-08,1.94509375e-01
7.51164063e-08,1.94492187e-01
7.51564062e-08,1.94506250e-01
7.51964062e-08,1.94493750e-01
7.52364062e-08,1.94506250e-01
7.52764062e-08,1.94493750e-01
7.53164062e-08,1.94506250e-01
7.53564062e-08,1.94495313e-01
7.53964063e-08,1.94504687e-01
7.54364062e-08,1.94495313e-01
7.54764062e-08,1.94504687e-01
7.55164062e-08,1.94495313e-01
7.55564062e-08,1.94504687e-01
7.55964063e-08,1.94493750e-01
7.56364062e-08,1.94506250e-01
7.56764063e-08,1.94493750e-01
7.57164062e-08,1.94506250e-01
7.57564062e-08,1.94493750e-01
7.57964062e-08,1.94506250e-01
7.58364062e-08,1.94493750e-01
7.58764063e-08,1.94507813e-01
7.59164062e-08,1.94492187e-01
7.59564062e-08,1.94507813e-01
7.59964062e-08,1.94492187e-01
7.60364062e-08,1.94509375e-01
7.60764062e-08,1.94489063e-01
7.61164062e-08,1.94510938e-01
7.61564063e-08,1.94487500e-01
7.61964062e-08,1.94515625e-01
7.62364062e-08,1.94481250e-01
7.62764062e-08,1.94523438e-01
7.63164062e-08,1.94467187e-01
7.63564062e-08,1.94557813e-01
7.63964062e-08,1.94289062e-01
7.64364063e-08,1.94048438e-01
7.64764062e-08,1.94126563e-01
7.65164062e-08,1.94082813e-01
7.65564062e-08,1.94112500e-01
7.65964062e-08,1.94090625e-01
7.66364062e-08,1.94107813e-01
7.66764062e-08,1.94093750e-01
7.67164063e-08,1.94104688e-01
7.67564062e-08,1.94096875e-01
7.67964062e-08,1.94101563e-01
7.68364062e-08,1.94098437e-01
7.68764062e-08,1.94100000e-01
7.69164062e-08,1.94100000e-01
7.69564062e-08,1.94098437e-01
7.69964063e-08,1.94101563e-01
7.70364062e-08,1.94096875e-01
7.70764062e-08,1.94103125e-01
7.71164062e-08,1.94095313e-01
7.71564062e-08,1.94106250e-01
7.71964062e-08,1.94092188e-01
7.72364062e-08,1.94112500e-01
7.72764063e-08,1.94082813e-01
7.73164062e-08,1.94126563e-01
7.73564062e-08,1.94048438e-01
7.73964062e-08,1.94304688e-01
7.74364062e-08,1.94557813e-01
7.74764062e-08,1.94465625e-01
7.75164062e-08,1.94526562e-01
7.75564063e-08,1.94478125e-01
7.75964062e-08,1.94520313e-01
7.76364062e-08,1.94479687e-01
7.76764062e-08,1.94520313e-01
7.77164062e-08,1.94475000e-01
7.77564062e-08,1.94532813e-01
7.77964062e-08,1.94443750e-01
7.78364063e-08,1.94707813e-01
7.78764062e-08,1.94956250e-01
7.79164062e-08,1.94865625e-01
7.79564062e-08,1.94926563e-01
7.79964062e-08,1.94875000e-01
7.80364062e-08,1.94925000e-01
7.80764062e-08,1.94871875e-01
7.81164063e-08,1.94937500e-01
7.81564062e-08,1.94839062e-01
7.81964062e-08,1.95114063e-01
7.82364062e-08,1.95348437e-01
7.82764062e-08,1.95276563e-01
7.83164062e-08,1.95314062e-01
7.83564062e-08,1.95292188e-01
7.83964063e-08,1.95303125e-01
7.84364062e-08,1.95301562e-01
7.84764062e-08,1.95292188e-01
7.85164062e-08,1.95318750e-01
7.85564062e-08,1.95256250e-01
7.85964062e-08,1.95496875e-01
7.86364062e-08,1.95764063e-01
7.86764063e-08,1.95659375e-01
7.87164062e-08,1.95731250e-01
7.87564062e-08,1.95673438e-01
7.87964062e-08,1.95723438e-01
7.88364062e-08,1.95678125e-01
7.88764062e-08,1.95721875e-01
7.89164062e-08,1.95678125e-01
7.89564063e-08,1.95721875e-01
7.89964062e-08,1.95676563e-01
7.90364062e-08,1.95725000e-01
7.90764062e-08,1.95670312e-01
7.91164062e-08,1.95739063e-01
7.91564062e-08,1.95635937e-01
7.91964062e-08,1.95917188e-01
7.92364063e-08,1.96145313e-01
7.92764062e-08,1.96078125e-01
7.93164062e-08,1.96112500e-01
7.93564062e-08,1.96092188e-01
7.93964062e-08,1.96106250e-01
7.94364062e-08,1.96096875e-01
7.94764062e-08,1.96101562e-01
7.95164063e-08,1.96098438e-01
7.95564062e-08,1.96100000e-01
7.95964062e-08,1.96100000e-01
7.96364062e-08,1.96100000e-01
7.96764062e-08,1.96101562e-01
7.97164062e-08,1.96098438e-01
7.97564062e-08,1.96101562e-01
7.97964062e-08,1.96098438e-01
7.98364062e-08,1.96101562e-01
7.98764062e-08,1.96096875e-01
7.99164062e-08,1.96103125e-01
7.99564062e-08,1.96096875e-01
7.99964063e-08,1.96103125e-01
8.00364062e-08,1.96096875e-01
8.00764062e-08,1.96104688e-01
8.01164062e-08,1.96095313e-01
8.01564062e-08,1.96104688e-01
8.01964062e-08,1.96095313e-01
8.02364062e-08,1.96106250e-01
8.02764063e-08,1.96093750e-01
8.03164062e-08,1.96107813e-01
8.03564062e-08,1.96090625e-01
8.03964062e-08,1.96110937e-01
8.04364062e-08,1.96087500e-01
8.04764062e-08,1.96115625e-01
8.05164062e-08,1.96079688e-01
8.05564063e-08,1.96129688e-01
8.05964062e-08,1.96045313e-01
8.06364062e-08,1.96307813e-01
8.06764062e-08,1.96554688e-01
8.07164062e-08,1.96468750e-01
8.07564062e-08,1.96521875e-01
8.07964062e-08,1.96484375e-01
8.08364063e-08,1.96514063e-01
8.08764062e-08,1.96489063e-01
8.09164062e-08,1.96509375e-01
8.09564062e-08,1.96490625e-01
8.09964062e-08,1.96507813e-01
8.10364062e-08,1.96492187e-01
8.10764062e-08,1.96507813e-01
8.11164063e-08,1.96493750e-01
8.11564062e-08,1.96506250e-01
8.11964062e-08,1.96493750e-01
8.12364062e-08,1.96506250e-01
8.12764062e-08,1.96493750e-01
8.13164062e-08,1.96506250e-01
8.13564062e-08,1.96493750e-01
8.13964063e-08,1.96506250e-01
8.14364062e-08,1.96492187e-01
8.14764062e-08,1.96507813e-01
8.15164062e-08,1.96492187e-01
8.15564062e-08,1.96509375e-01
8.15964062e-08,1.96490625e-01
8.16364062e-08,1.96510938e-01
8.16764063e-08,1.96487500e-01
8.17164062e-08,1.96515625e-01
8.17564062e-08,1.96479687e-01
8.17964062e-08,1.96531250e-01
8.18364062e-08,1.96445312e-01
8.18764062e-08,1.96707812e-01
8.19164062e-08,1.96954688e-01
8.19564063e-08,1.96870313e-01
8.19964062e-08,1.96920312e-01
8.20364062e-08,1.96884375e-01
8.20764062e-08,1.96912500e-01
8.21164062e-08,1.96889063e-01
8.21564062e-08,1.96909375e-01
8.21964062e-08,1.96890625e-01
8.22364063e-08,1.96907813e-01
8.22764062e-08,1.96892188e-01
8.23164062e-08,1.96906250e-01
8.23564062e-08,1.96893750e-01
8.23964062e-08,1.96906250e-01
8.24364062e-08,1.96893750e-01
8.24764062e-08,1.96906250e-01
8.25164063e-08,1.96893750e-01
8.25564062e-08,1.96906250e-01
8.25964062e-08,1.96893750e-01
8.26364062e-08,1.96906250e-01
8.26764062e-08,1.96893750e-01
8.27164062e-08,1.96906250e-01
8.27564062e-08,1.96893750e-01
8.27964063e-08,1.96906250e-01
8.28364062e-08,1.96893750e-01
8.28764062e-08,1.96906250e-01
8.29164062e-08,1.96892188e-01
8.29564062e-08,1.96907813e-01
8.29964062e-08,1.96890625e-01
8.30364062e-08,1.96909375e-01
8.30764063e-08,1.96887500e-01
8.31164062e-08,1.96914063e-01
8.31564062e-08,1.96881250e-01
8.31964062e-08,1.96928125e-01
8.32364062e-08,1.96846875e-01
8.32764062e-08,1.97106250e-01
8.33164062e-08,1.97357813e-01
8.33564063e-08,1.97265625e-01
8.33964062e-08,1.97326562e-01
8.34364062e-08,1.97278125e-01
8.34764062e-08,1.97321875e-01
8.35164062e-08,1.97278125e-01
8.35564062e-08,1.97326562e-01
8.35964062e-08,1.97265625e-01
8.36364062e-08,1.97357813e-01
8.36764062e-08,1.97089063e-01
8.37164062e-08,1.96848438e-01
8.37564062e-08,1.96928125e-01
8.37964062e-08,1.96879688e-01
8.38364062e-08,1.96915625e-01
8.38764062e-08,1.96887500e-01
8.39164062e-08,1.96910937e-01
8.39564062e-08,1.96890625e-01
8.39964062e-08,1.96909375e-01
8.40364062e-08,1.96892188e-01
8.40764062e-08,1.96907813e-01
8.41164062e-08,1.96892188e-01
8.41564062e-08,1.96907813e-01
8.41964062e-08,1.96892188e-01
8.42364062e-08,1.96907813e-01
8.42764062e-08,1.96892188e-01
8.43164062e-08,1.96907813e-01
8.43564062e-08,1.96892188e-01
8.43964063e-08,1.96907813e-01
8.44364062e-08,1.96892188e-01
8.44764062e-08,1.96909375e-01
8.45164062e-08,1.96890625e-01
8.45564062e-08,1.96909375e-01
8.45964062e-08,1.96889063e-01
8.46364062e-08,1.96910937e-01
8.46764063e-08,1.96887500e-01
8.47164062e-08,1.96912500e-01
8.47564062e-08,1.96885937e-01
8.47964062e-08,1.96917188e-01
8.48364062e-08,1.96879688e-01
8.48764062e-08,1.96925000e-01
8.49164062e-08,1.96865625e-01
8.49564063e-08,1.96959375e-01
8.49964062e-08,1.96685938e-01
8.50364062e-08,1.96451563e-01
8.50764062e-08,1.96525000e-01
8.51164062e-08,1.96484375e-01
8.51564062e-08,1.96509375e-01
8.51964062e-08,1.96493750e-01
8.52364063e-08,1.96503125e-01
8.52764062e-08,1.96498438e-01
8.53164062e-08,1.96500000e-01
8.53564062e-08,1.96501563e-01
8.53964062e-08,1.96496875e-01
8.54364062e-08,1.96504687e-01
8.54764062e-08,1.96492187e-01
8.55164063e-08,1.96509375e-01
8.55564062e-08,1.96487500e-01
8.55964062e-08,1.96518750e-01
8.56364062e-08,1.96471875e-01
8.56764062e-08,1.96553125e-01
8.57164062e-08,1.96292187e-01
8.57564062e-08,1.96045313e-01
8.57964063e-08,1.96131250e-01
8.58364062e-08,1.96079688e-01
8.58764062e-08,1.96115625e-01
8.59164062e-08,1.96087500e-01
8.59564062e-08,1.96109375e-01
8.59964062e-08,1.96092188e-01
8.60364062e-08,1.96106250e-01
8.60764063e-08,1.96095313e-01
8.61164062e-08,1.96104688e-01
8.61564062e-08,1.96096875e-01
8.61964062e-08,1.96101562e-01
8.62364062e-08,1.96098438e-01
8.62764062e-08,1.96100000e-01
8.63164062e-08,1.96100000e-01
8.63564063e-08,1.96098438e-01
8.63964062e-08,1.96103125e-01
8.64364062e-08,1.96095313e-01
8.64764062e-08,1.96107813e-01
8.65164062e-08,1.96089063e-01
8.65564062e-08,1.96115625e-01
8.65964062e-08,1.96073438e-01
8.66364063e-08,1.96151563e-01
8.66764062e-08,1.95895313e-01
8.67164062e-08,1.95643750e-01
8.67564062e-08,1.95732813e-01
8.67964062e-08,1.95676563e-01
8.68364062e-08,1.95717188e-01
8.68764062e-08,1.95685938e-01
8.69164063e-08,1.95710938e-01
8.69564062e-08,1.95690625e-01
8.69964062e-08,1.95707813e-01
8.70364062e-08,1.95693750e-01
8.70764062e-08,1.95703125e-01
8.71164062e-08,1.95698438e-01
8.71564062e-08,1.95698438e-01
8.71964063e-08,1.95707813e-01
8.72364062e-08,1.95682812e-01
8.72764062e-08,1.95742187e-01
8.73164062e-08,1.95504687e-01
8.73564062e-08,1.95231250e-01
8.73964062e-08,1.95345313e-01
8.74364062e-08,1.95264063e-01
8.74764062e-08,1.95332813e-01
8.75164062e-08,1.95267187e-01
8.75564062e-08,1.95334375e-01
8.75964062e-08,1.95257813e-01
8.76364062e-08,1.95365625e-01
8.76764062e-08,1.95082813e-01
8.77164062e-08,1.94853125e-01
8.77564062e-08,1.94926563e-01
8.77964062e-08,1.94879688e-01
8.78364062e-08,1.94920312e-01
8.78764062e-08,1.94873437e-01
8.79164062e-08,1.94950000e-01
8.79564062e-08,1.94700000e-01
8.79964062e-08,1.94437500e-01
8.80364062e-08,1.94540625e-01
8.80764062e-08,1.94465625e-01
8.81164062e-08,1.94531250e-01
8.81564062e-08,1.94468750e-01
8.81964062e-08,1.94534375e-01
8.82364062e-08,1.94457812e-01
8.82764062e-08,1.94567188e-01
8.83164062e-08,1.94281250e-01
8.83564062e-08,1.94056250e-01
8.83964062e-08,1.94120313e-01
8.84364062e-08,1.94089063e-01
8.84764062e-08,1.94106250e-01
8.85164062e-08,1.94095313e-01
8.85564062e-08,1.94101563e-01
8.85964062e-08,1.94098437e-01
8.86364062e-08,1.94100000e-01
8.86764062e-08,1.94100000e-01
8.87164062e-08,1.94098437e-01
8.87564062e-08,1.94101563e-01
8.87964063e-08,1.94098437e-01
8.88364062e-08,1.94101563e-01
8.88764062e-08,1.94096875e-01
8.89164062e-08,1.94103125e-01
8.89564062e-08,1.94096875e-01
8.89964062e-08,1.94103125e-01
8.90364062e-08,1.94096875e-01
8.90764063e-08,1.94103125e-01
8.91164062e-08,1.94096875e-01
8.91564062e-08,1.94103125e-01
8.91964062e-08,1.94096875e-01
8.92364062e-08,1.94103125e-01
8.92764062e-08,1.94096875e-01
8.93164062e-08,1.94103125e-01
8.93564063e-08,1.94096875e-01
8.93964062e-08,1.94103125e-01
8.94364062e-08,1.94096875e-01
8.94764062e-08,1.94103125e-01
8.95164062e-08,1.94096875e-01
8.95564062e-08,1.94103125e-01
8.95964062e-08,1.94096875e-01
8.96364063e-08,1.94103125e-01
8.96764062e-08,1.94096875e-01
8.97164062e-08,1.94103125e-01
8.97564062e-08,1.94096875e-01
8.97964062e-08,1.94103125e-01
8.98364062e-08,1.94096875e-01
8.98764062e-08,1.94103125e-01
8.99164063e-08,1.94096875e-01
8.99564062e-08,1.94103125e-01
8.99964062e-08,1.94096875e-01
9.00364062e-08,1.94103125e-01
9.00764062e-08,1.94096875e-01
9.01164062e-08,1.94103125e-01
9.01564062e-08,1.94096875e-01
9.01964063e-08,1.94103125e-01
9.02364062e-08,1.94096875e-01
9.02764062e-08,1.94103125e-01
9.03164062e-08,1.94096875e-01
9.03564062e-08,1.94101563e-01
9.03964062e-08,1.94098437e-01
9.04364062e-08,1.94101563e-01
9.04764063e-08,1.94098437e-01
9.05164062e-08,1.94100000e-01
9.05564062e-08,1.94100000e-01
9.05964062e-08,1.94098437e-01
9.06364062e-08,1.94103125e-01
9.06764062e-08,1.94093750e-01
9.07164062e-08,1.94110937e-01
9.07564063e-08,1.94079688e-01
9.07964062e-08,1.94145313e-01
9.08364062e-08,1.93901563e-01
9.08764062e-08,1.93635938e-01
9.09164062e-08,1.93742187e-01
9.09564062e-08,1.93667188e-01
9.09964062e-08,1.93728125e-01
9.10364063e-08,1.93673438e-01
9.10764062e-08,1.93725000e-01
9.11164062e-08,1.93675000e-01
9.11564062e-08,1.93726563e-01
9.11964062e-08,1.93671875e-01
9.12364062e-08,1.93732813e-01
9.12764062e-08,1.93657812e-01
9.13164062e-08,1.93767187e-01
9.13564062e-08,1.93479687e-01
9.13964062e-08,1.93257813e-01
9.14364062e-08,1.93318750e-01
9.14764062e-08,1.93290625e-01
9.15164062e-08,1.93304688e-01
9.15564062e-08,1.93298438e-01
9.15964062e-08,1.93300000e-01
9.16364062e-08,1.93301562e-01
9.16764062e-08,1.93296875e-01
9.17164062e-08,1.93303125e-01
9.17564062e-08,1.93295313e-01
9.17964062e-08,1.93304688e-01
9.18364062e-08,1.93295313e-01
9.18764062e-08,1.93306250e-01
9.19164062e-08,1.93293750e-01
9.19564062e-08,1.93306250e-01
9.19964062e-08,1.93293750e-01
9.20364062e-08,1.93307813e-01
9.20764062e-08,1.93292188e-01
9.21164062e-08,1.93307813e-01
9.21564062e-08,1.93292188e-01
9.21964062e-08,1.93309375e-01
9.22364062e-08,1.93290625e-01
9.22764062e-08,1.93309375e-01
9.23164062e-08,1.93290625e-01
9.23564062e-08,1.93310938e-01
9.23964062e-08,1.93289062e-01
9.24364062e-08,1.93310938e-01
9.24764062e-08,1.93287500e-01
9.25164062e-08,1.93314062e-01
9.25564062e-08,1.93285938e-01
9.25964062e-08,1.93315625e-01
9.26364062e-08,1.93281250e-01
9.26764062e-08,1.93321875e-01
9.27164062e-08,1.93273438e-01
9.27564062e-08,1.93335937e-01
9.27964062e-08,1.93239063e-01
9.28364062e-08,1.93514063e-01
9.28764062e-08,1.93748438e-01
9.29164063e-08,1.93675000e-01
9.29564062e-08,1.93717187e-01
9.29964062e-08,1.93685938e-01
9.30364062e-08,1.93712500e-01
9.30764062e-08,1.93685938e-01
9.31164062e-08,1.93721875e-01
9.31564062e-08,1.93656250e-01
9.31964063e-08,1.93895312e-01
9.32364062e-08,1.94170312e-01
9.32764062e-08,1.94050000e-01
9.33164062e-08,1.94143750e-01
9.33564062e-08,1.94054688e-01
9.33964062e-08,1.94153125e-01
9.34364062e-08,1.94021875e-01
9.34764063e-08,1.94331250e-01
9.35164062e-08,1.94531250e-01
9.35564062e-08,1.94493750e-01
9.35964062e-08,1.94495313e-01
9.36364062e-08,1.94514063e-01
9.36764062e-08,1.94478125e-01
9.37164062e-08,1.94534375e-01
9.37564063e-08,1.94439063e-01
9.37964062e-08,1.94715625e-01
9.38364062e-08,1.94943750e-01
9.38764062e-08,1.94882813e-01
9.39164062e-08,1.94906250e-01
9.39564062e-08,1.94903125e-01
9.39964062e-08,1.94887500e-01
9.40364063e-08,1.94923438e-01
9.40764062e-08,1.94848437e-01
9.41164062e-08,1.95106250e-01
9.41564062e-08,1.95354688e-01
9.41964062e-08,1.95270313e-01
9.42364062e-08,1.95318750e-01
9.42764062e-08,1.95287500e-01
9.43164063e-08,1.95307813e-01
9.43564062e-08,1.95296875e-01
9.43964062e-08,1.95300000e-01
9.44364062e-08,1.95304688e-01
9.44764062e-08,1.95289062e-01
9.45164062e-08,1.95321875e-01
9.45564062e-08,1.95251563e-01
9.45964063e-08,1.95501563e-01
9.46364062e-08,1.95759375e-01
9.46764062e-08,1.95664063e-01
9.47164062e-08,1.95725000e-01
9.47564062e-08,1.95679688e-01
9.47964062e-08,1.95717188e-01
9.48364062e-08,1.95685938e-01
9.48764062e-08,1.95712500e-01
9.49164062e-08,1.95687500e-01
9.49564062e-08,1.95710938e-01
9.49964062e-08,1.95689063e-01
9.50364062e-08,1.95710938e-01
9.50764062e-08,1.95689063e-01
9.51164062e-08,1.95712500e-01
9.51564062e-08,1.95685938e-01
9.51964062e-08,1.95718750e-01
9.52364062e-08,1.95673438e-01
9.52764062e-08,1.95750000e-01
9.53164062e-08,1.95496875e-01
9.53564062e-08,1.95239063e-01
9.53964062e-08,1.95337500e-01
9.54364062e-08,1.95270313e-01
9.54764062e-08,1.95328125e-01
9.55164062e-08,1.95273438e-01
9.55564062e-08,1.95328125e-01
9.55964062e-08,1.95270313e-01
9.56364062e-08,1.95334375e-01
9.56764062e-08,1.95256250e-01
9.57164062e-08,1.95370313e-01
9.57564062e-08,1.95076562e-01
9.57964062e-08,1.94862500e-01
9.58364062e-08,1.94910937e-01
9.58764062e-08,1.94900000e-01
9.59164062e-08,1.94892188e-01
9.59564062e-08,1.94917188e-01
9.59964062e-08,1.94870313e-01
9.60364062e-08,1.94956250e-01
9.60764062e-08,1.94687500e-01
9.61164062e-08,1.94451563e-01
9.61564062e-08,1.94521875e-01
9.61964062e-08,1.94490625e-01
9.62364062e-08,1.94501563e-01
9.62764062e-08,1.94507813e-01
9.63164062e-08,1.94479687e-01
9.63564062e-08,1.94546875e-01
9.63964062e-08,1.94298438e-01
9.64364062e-08,1.94040625e-01
9.64764062e-08,1.94132813e-01
9.65164062e-08,1.94076562e-01
9.65564062e-08,1.94115625e-01
9.65964062e-08,1.94087500e-01
9.66364062e-08,1.94107813e-01
9.66764062e-08,1.94095313e-01
9.67164062e-08,1.94101563e-01
9.67564062e-08,1.94101563e-01
9.67964062e-08,1.94093750e-01
9.68364062e-08,1.94112500e-01
9.68764062e-08,1.94076562e-01
9.69164062e-08,1.94150000e-01
9.69564062e-08,1.93896875e-01
9.69964062e-08,1.93642188e-01
9.70364062e-08,1.93732813e-01
9.70764062e-08,1.93678125e-01
9.71164062e-08,1.93715625e-01
9.71564062e-08,1.93689063e-01
9.71964062e-08,1.93706250e-01
9.72364062e-08,1.93698438e-01
9.72764062e-08,1.93693750e-01
9.73164063e-08,1.93717187e-01
9.73564062e-08,1.93657812e-01
9.73964062e-08,1.93896875e-01
9.74364062e-08,1.94164063e-01
9.74764062e-08,1.94059375e-01
9.75164062e-08,1.94129688e-01
9.75564062e-08,1.94075000e-01
9.75964063e-08,1.94120313e-01
9.76364062e-08,1.94081250e-01
9.76764062e-08,1.94115625e-01
9.77164062e-08,1.94085937e-01
9.77564062e-08,1.94112500e-01
9.77964062e-08,1.94089063e-01
9.78364062e-08,1.94109375e-01
9.78764063e-08,1.94092188e-01
9.79164062e-08,1.94106250e-01
9.79564062e-08,1.94095313e-01
9.79964062e-08,1.94101563e-01
9.80364062e-08,1.94101563e-01
9.80764062e-08,1.94092188e-01
9.81164062e-08,1.94117188e-01
9.81564063e-08,1.94057813e-01
9.81964062e-08,1.94295313e-01
9.82364062e-08,1.94565625e-01
9.82764062e-08,1.94457812e-01
9.83164062e-08,1.94532813e-01
9.83564062e-08,1.94473438e-01
9.83964062e-08,1.94523438e-01
9.84364063e-08,1.94478125e-01
9.84764062e-08,1.94520313e-01
9.85164062e-08,1.94481250e-01
9.85564062e-08,1.94517188e-01
9.85964062e-08,1.94482813e-01
9.86364062e-08,1.94515625e-01
9.86764062e-08,1.94484375e-01
9.87164062e-08,1.94515625e-01
9.87564062e-08,1.94485938e-01
9.87964062e-08,1.94514063e-01
9.88364062e-08,1.94485938e-01
9.88764062e-08,1.94514063e-01
9.89164062e-08,1.94487500e-01
9.89564062e-08,1.94512500e-01
9.89964062e-08,1.94487500e-01
9.90364062e-08,1.94512500e-01
9.90764062e-08,1.94487500e-01
9.91164062e-08,1.94512500e-01
9.91564062e-08,1.94487500e-01
9.91964062e-08,1.94510938e-01
9.92364062e-08,1.94489063e-01
9.92764062e-08,1.94510938e-01
9.93164062e-08,1.94489063e-01
9.93564062e-08,1.94510938e-01
9.93964062e-08,1.94489063e-01
9.94364062e-08,1.94510938e-01
9.94764062e-08,1.94489063e-01
9.95164062e-08,1.94510938e-01
9.95564062e-08,1.94489063e-01
9.95964062e-08,1.94510938e-01
9.96364062e-08,1.94489063e-01
9.96764062e-08,1.94510938e-01
9.97164062e-08,1.94489063e-01
9.97564062e-08,1.94510938e-01
9.97964062e-08,1.94489063e-01
9.98364062e-08,1.94510938e-01
9.98764062e-08,1.94489063e-01
9.99164062e-08,1.94510938e-01
9.99564062e-08,1.94489063e-01
9.99964062e-08,1.94510938e-01
1.00036406e-07,1.94489063e-01
1.00076406e-07,1.94510938e-01
1.00116406e-07,1.94489063e-01
1.00156406e-07,1.94510938e-01
1.00196406e-07,1.94489063e-01
1.00236406e-07,1.94510938e-01
1.00276406e-07,1.94489063e-01
1.00316406e-07,1.94510938e-01
1.00356406e-07,1.94489063e-01
1.00396406e-07,1.94510938e-01
1.00436406e-07,1.94489063e-01
1.00476406e-07,1.94510938e-01
1.00516406e-07,1.94489063e-01
1.00556406e-07,1.94510938e-01
1.00596406e-07,1.94489063e-01
1.00636406e-07,1.94510938e-01
1.00676406e-07,1.94489063e-01
1.00716406e-07,1.94510938e-01
1.00756406e-07,1.94489063e-01
1.00796406e-07,1.94510938e-01
1.00836406e-07,1.94489063e-01
1.00876406e-07,1.94512500e-01
1.00916406e-07,1.94487500e-01
1.00956406e-07,1.94512500e-01
1.00996406e-07,1.94487500e-01
1.01036406e-07,1.94512500e-01
1.01076406e-07,1.94487500e-01
1.01116406e-07,1.94514063e-01
1.01156406e-07,1.94485938e-01
1.01196406e-07,1.94514063e-01
1.01236406e-07,1.94485938e-01
1.01276406e-07,1.94515625e-01
1.01316406e-07,1.94484375e-01
1.01356406e-07,1.94515625e-01
1.01396406e-07,1.94482813e-01
1.01436406e-07,1.94517188e-01
1.01476406e-07,1.94481250e-01
1.01516406e-07,1.94520313e-01
1.01556406e-07,1.94478125e-01
1.01596406e-07,1.94523438e-01
1.01636406e-07,1.94475000e-01
1.01676406e-07,1.94528125e-01
1.01716406e-07,1.94467187e-01
1.01756406e-07,1.94539062e-01
1.01796406e-07,1.94448438e-01
1.01836406e-07,1.94579688e-01
1.01876406e-07,1.94260938e-01
1.01916406e-07,1.94085937e-01
1.01956406e-07,1.94065625e-01
1.01996406e-07,1.94298438e-01
1.02036406e-07,1.94559375e-01
1.02076406e-07,1.94468750e-01
1.02116406e-07,1.94520313e-01
1.02156406e-07,1.94487500e-01
1.02196406e-07,1.94507813e-01
1.02236406e-07,1.94495313e-01
1.02276406e-07,1.94501563e-01
1.02316406e-07,1.94501563e-01
1.02356406e-07,1.94496875e-01
1.02396406e-07,1.94506250e-01
1.02436406e-07,1.94490625e-01
1.02476406e-07,1.94514063e-01
1.02516406e-07,1.94479687e-01
1.02556406e-07,1.94531250e-01
1.02596406e-07,1.94443750e-01
1.02636406e-07,1.94710938e-01
1.02676406e-07,1.94950000e-01
1.02716406e-07,1.94875000e-01
1.02756406e-07,1.94912500e-01
1.02796406e-07,1.94895313e-01
1.02836406e-07,1.94896875e-01
1.02876406e-07,1.94914063e-01
1.02916406e-07,1.94859375e-01
1.02956406e-07,1.95093750e-01
1.02996406e-07,1.95368750e-01
1.03036406e-07,1.95254687e-01
1.03076406e-07,1.95337500e-01
1.03116406e-07,1.95262500e-01
1.03156406e-07,1.95342188e-01
1.03196406e-07,1.95235938e-01
1.03236406e-07,1.95515625e-01
1.03276406e-07,1.95750000e-01
1.03316406e-07,1.95671875e-01
1.03356406e-07,1.95721875e-01
1.03396406e-07,1.95681250e-01
1.03436406e-07,1.95720312e-01
1.03476406e-07,1.95676563e-01
1.03516406e-07,1.95732813e-01
1.03556406e-07,1.95643750e-01
1.03596406e-07,1.95909375e-01
1.03636406e-07,1.96153125e-01
1.03676406e-07,1.96070313e-01
1.03716406e-07,1.96120313e-01
1.03756406e-07,1.96084375e-01
1.03796406e-07,1.96112500e-01
1.03836406e-07,1.96090625e-01
1.03876406e-07,1.96107813e-01
1.03916406e-07,1.96092188e-01
1.03956406e-07,1.96106250e-01
1.03996406e-07,1.96093750e-01
1.04036406e-07,1.96104688e-01
1.04076406e-07,1.96095313e-01
1.04116406e-07,1.96103125e-01
1.04156406e-07,1.96096875e-01
1.04196406e-07,1.96103125e-01
1.04236406e-07,1.96096875e-01
1.04276406e-07,1.96101562e-01
1.04316406e-07,1.96098438e-01
1.04356406e-07,1.96101562e-01
1.04396406e-07,1.96098438e-01
1.04436406e-07,1.96100000e-01
1.04476406e-07,1.96100000e-01
1.04516406e-07,1.96100000e-01
1.04556406e-07,1.96100000e-01
1.04596406e-07,1.96098438e-01
1.04636406e-07,1.96101562e-01
1.04676406e-07,1.96098438e-01
1.04716406e-07,1.96103125e-01
1.04756406e-07,1.96096875e-01
1.04796406e-07,1.96104688e-01
1.04836406e-07,1.96095313e-01
1.04876406e-07,1.96106250e-01
1.04916406e-07,1.96092188e-01
1.04956406e-07,1.96110937e-01
1.04996406e-07,1.96085938e-01
1.05036406e-07,1.96118750e-01
1.05076406e-07,1.96071875e-01
1.05116406e-07,1.96153125e-01
1.05156406e-07,1.95892188e-01
1.05196406e-07,1.95645313e-01
1.05236406e-07,1.95731250e-01
1.05276406e-07,1.95678125e-01
1.05316406e-07,1.95715625e-01
1.05356406e-07,1.95687500e-01
1.05396406e-07,1.95710938e-01
1.05436406e-07,1.95690625e-01
1.05476406e-07,1.95707813e-01
1.05516406e-07,1.95693750e-01
1.05556406e-07,1.95704688e-01
1.05596406e-07,1.95696875e-01
1.05636406e-07,1.95701563e-01
1.05676406e-07,1.95700000e-01
1.05716406e-07,1.95698438e-01
1.05756406e-07,1.95703125e-01
1.05796406e-07,1.95692188e-01
1.05836406e-07,1.95712500e-01
1.05876406e-07,1.95678125e-01
1.05916406e-07,1.95746875e-01
1.05956406e-07,1.95500000e-01
1.05996406e-07,1.95239063e-01
1.06036406e-07,1.95337500e-01
1.06076406e-07,1.95271875e-01
1.06116406e-07,1.95323438e-01
1.06156406e-07,1.95279688e-01
1.06196406e-07,1.95318750e-01
1.06236406e-07,1.95282813e-01
1.06276406e-07,1.95315625e-01
1.06316406e-07,1.95285938e-01
1.06356406e-07,1.95314062e-01
1.06396406e-07,1.95287500e-01
1.06436406e-07,1.95312500e-01
1.06476406e-07,1.95287500e-01
1.06516406e-07,1.95312500e-01
1.06556406e-07,1.95287500e-01
1.06596406e-07,1.95310938e-01
1.06636406e-07,1.95289062e-01
1.06676406e-07,1.95310938e-01
1.06716406e-07,1.95289062e-01
1.06756406e-07,1.95310938e-01
1.06796406e-07,1.95289062e-01
1.06836406e-07,1.95310938e-01
1.06876406e-07,1.95289062e-01
1.06916406e-07,1.95310938e-01
1.06956406e-07,1.95289062e-01
1.06996406e-07,1.95310938e-01
1.07036406e-07,1.95287500e-01
1.07076406e-07,1.95312500e-01
1.07116406e-07,1.95287500e-01
1.07156406e-07,1.95312500e-01
1.07196406e-07,1.95287500e-01
1.07236406e-07,1.95314062e-01
1.07276406e-07,1.95285938e-01
1.07316406e-07,1.95314062e-01
1.07356406e-07,1.95284375e-01
1.07396406e-07,1.95315625e-01
1.07436406e-07,1.95282813e-01
1.07476406e-07,1.95318750e-01
1.07516406e-07,1.95279688e-01
1.07556406e-07,1.95321875e-01
1.07596406e-07,1.95273438e-01
1.07636406e-07,1.95331250e-01
1.07676406e-07,1.95257813e-01
1.07716406e-07,1.95367188e-01
1.07756406e-07,1.95079688e-01
1.07796406e-07,1.94859375e-01
1.07836406e-07,1.94915625e-01
1.07876406e-07,1.94895313e-01
1.07916406e-07,1.94898438e-01
1.07956406e-07,1.94907812e-01
1.07996406e-07,1.94887500e-01
1.08036406e-07,1.94918750e-01
1.08076406e-07,1.94868750e-01
1.08116406e-07,1.94956250e-01
1.08156406e-07,1.94689063e-01
1.08196406e-07,1.94450000e-01
1.08236406e-07,1.94523438e-01
1.08276406e-07,1.94487500e-01
1.08316406e-07,1.94504687e-01
1.08356406e-07,1.94504687e-01
1.08396406e-07,1.94484375e-01
1.08436406e-07,1.94542188e-01
1.08476406e-07,1.94304688e-01
1.08516406e-07,1.94032813e-01
1.08556406e-07,1.94143750e-01
1.08596406e-07,1.94062500e-01
1.08636406e-07,1.94135938e-01
1.08676406e-07,1.94057813e-01
1.08716406e-07,1.94164063e-01
1.08756406e-07,1.93885937e-01
1.08796406e-07,1.93648437e-01
1.08836406e-07,1.93729687e-01
1.08876406e-07,1.93676563e-01
1.08916406e-07,1.93720313e-01
1.08956406e-07,1.93678125e-01
1.08996406e-07,1.93725000e-01
1.09036406e-07,1.93665625e-01
1.09076406e-07,1.93759375e-01
1.09116406e-07,1.93487500e-01
1.09156406e-07,1.93250000e-01
1.09196406e-07,1.93326563e-01
1.09236406e-07,1.93284375e-01
1.09276406e-07,1.93310938e-01
1.09316406e-07,1.93293750e-01
1.09356406e-07,1.93303125e-01
1.09396406e-07,1.93300000e-01
1.09436406e-07,1.93295313e-01
1.09476406e-07,1.93310938e-01
1.09516406e-07,1.93279688e-01
1.09556406e-07,1.93346875e-01
1.09596406e-07,1.93100000e-01
1.09636406e-07,1.92837500e-01
1.09676406e-07,1.92937500e-01
1.09716406e-07,1.92871875e-01
1.09756406e-07,1.92923438e-01
1.09796406e-07,1.92879688e-01
1.09836406e-07,1.92917188e-01
1.09876406e-07,1.92884375e-01
1.09916406e-07,1.92915625e-01
1.09956406e-07,1.92885937e-01
1.09996406e-07,1.92914063e-01
1.10036406e-07,1.92887500e-01
1.10076406e-07,1.92912500e-01
1.10116406e-07,1.92887500e-01
1.10156406e-07,1.92910938e-01
1.10196406e-07,1.92889063e-01
1.10236406e-07,1.92910938e-01
1.10276406e-07,1.92889063e-01
1.10316406e-07,1.92910938e-01
1.10356406e-07,1.92889063e-01
1.10396406e-07,1.92910938e-01
1.10436406e-07,1.92889063e-01
1.10476406e-07,1.92910938e-01
1.10516406e-07,1.92887500e-01
1.10556406e-07,1.92912500e-01
1.10596406e-07,1.92887500e-01
1.10636406e-07,1.92912500e-01
1.10676406e-07,1.92885937e-01
1.10716406e-07,1.92914063e-01
1.10756406e-07,1.92884375e-01
1.10796406e-07,1.92917188e-01
1.10836406e-07,1.92879688e-01
1.10876406e-07,1.92923438e-01
1.10916406e-07,1.92871875e-01
1.10956406e-07,1.92939063e-01
1.10996406e-07,1.92835937e-01
1.11036406e-07,1.93117188e-01
1.11076406e-07,1.93343750e-01
1.11116406e-07,1.93281250e-01
1.11156406e-07,1.93307813e-01
1.11196406e-07,1.93300000e-01
1.11236406e-07,1.93292188e-01
1.11276406e-07,1.93318750e-01
1.11316406e-07,1.93254688e-01
1.11356406e-07,1.93498438e-01
1.11396406e-07,1.93764063e-01
1.11436406e-07,1.93659375e-01
1.11476406e-07,1.93731250e-01
1.11516406e-07,1.93671875e-01
1.11556406e-07,1.93726563e-01
1.11596406e-07,1.93670312e-01
1.11636406e-07,1.93737500e-01
1.11676406e-07,1.93639063e-01
1.11716406e-07,1.93912500e-01
1.11756406e-07,1.94151563e-01
1.11796406e-07,1.94070313e-01
1.11836406e-07,1.94121875e-01
1.11876406e-07,1.94082813e-01
1.11916406e-07,1.94117188e-01
1.11956406e-07,1.94082813e-01
1.11996406e-07,1.94118750e-01
1.12036406e-07,1.94076562e-01
1.12076406e-07,1.94132813e-01
1.12116406e-07,1.94043750e-01
1.12156406e-07,1.94309375e-01
1.12196406e-07,1.94553125e-01
1.12236406e-07,1.94470313e-01
1.12276406e-07,1.94520313e-01
1.12316406e-07,1.94484375e-01
1.12356406e-07,1.94512500e-01
1.12396406e-07,1.94489063e-01
1.12436406e-07,1.94509375e-01
1.12476406e-07,1.94490625e-01
1.12516406e-07,1.94507813e-01
1.12556406e-07,1.94492187e-01
1.12596406e-07,1.94507813e-01
1.12636406e-07,1.94493750e-01
1.12676406e-07,1.94506250e-01
1.12716406e-07,1.94493750e-01
1.12756406e-07,1.94506250e-01
1.12796406e-07,1.94493750e-01
1.12836406e-07,1.94506250e-01
1.12876406e-07,1.94493750e-01
1.12916406e-07,1.94506250e-01
1.12956406e-07,1.94493750e-01
1.12996406e-07,1.94506250e-01
1.13036406e-07,1.94493750e-01
1.13076406e-07,1.94507813e-01
1.13116406e-07,1.94492187e-01
1.13156406e-07,1.94507813e-01
1.13196406e-07,1.94490625e-01
1.13236406e-07,1.94510938e-01
1.13276406e-07,1.94489063e-01
1.13316406e-07,1.94514063e-01
1.13356406e-07,1.94482813e-01
1.13396406e-07,1.94521875e-01
1.13436406e-07,1.94468750e-01
1.13476406e-07,1.94556250e-01
1.13516406e-07,1.94290625e-01
1.13556406e-07,1.94046875e-01
1.13596406e-07,1.94129688e-01
1.13636406e-07,1.94079688e-01
1.13676406e-07,1.94115625e-01
1.13716406e-07,1.94087500e-01
1.13756406e-07,1.94110937e-01
1.13796406e-07,1.94090625e-01
1.13836406e-07,1.94107813e-01
1.13876406e-07,1.94092188e-01
1.13916406e-07,1.94106250e-01
1.13956406e-07,1.94093750e-01
1.13996406e-07,1.94104688e-01
1.14036406e-07,1.94095313e-01
1.14076406e-07,1.94104688e-01
1.14116406e-07,1.94095313e-01
1.14156406e-07,1.94104688e-01
1.14196406e-07,1.94095313e-01
1.14236406e-07,1.94104688e-01
1.14276406e-07,1.94095313e-01
1.14316406e-07,1.94104688e-01
1.14356406e-07,1.94095313e-01
1.14396406e-07,1.94104688e-01
1.14436406e-07,1.94095313e-01
1.14476406e-07,1.94103125e-01
1.14516406e-07,1.94096875e-01
1.14556406e-07,1.94104688e-01
1.14596406e-07,1.94095313e-01
1.14636406e-07,1.94104688e-01
1.14676406e-07,1.94095313e-01
1.14716406e-07,1.94104688e-01
1.14756406e-07,1.94095313e-01
1.14796406e-07,1.94104688e-01
1.14836406e-07,1.94095313e-01
1.14876406e-07,1.94104688e-01
1.14916406e-07,1.94093750e-01
1.14956406e-07,1.94106250e-01
1.14996406e-07,1.94093750e-01
1.15036406e-07,1.94107813e-01
1.15076406e-07,1.94090625e-01
1.15116406e-07,1.94110937e-01
1.15156406e-07,1.94087500e-01
1.15196406e-07,1.94115625e-01
1.15236406e-07,1.94079688e-01
1.15276406e-07,1.94129688e-01
1.15316406e-07,1.94045313e-01
1.15356406e-07,1.94307813e-01
1.15396406e-07,1.94554688e-01
1.15436406e-07,1.94468750e-01
1.15476406e-07,1.94521875e-01
1.15516406e-07,1.94482813e-01
1.15556406e-07,1.94514063e-01
1.15596406e-07,1.94487500e-01
1.15636406e-07,1.94510938e-01
1.15676406e-07,1.94490625e-01
1.15716406e-07,1.94509375e-01
1.15756406e-07,1.94492187e-01
1.15796406e-07,1.94507813e-01
1.15836406e-07,1.94492187e-01
1.15876406e-07,1.94507813e-01
1.15916406e-07,1.94492187e-01
1.15956406e-07,1.94507813e-01
1.15996406e-07,1.94492187e-01
1.16036406e-07,1.94507813e-01
1.16076406e-07,1.94492187e-01
1.16116406e-07,1.94507813e-01
1.16156406e-07,1.94490625e-01
1.16196406e-07,1.94509375e-01
1.16236406e-07,1.94489063e-01
1.16276406e-07,1.94512500e-01
1.16316406e-07,1.94485938e-01
1.16356406e-07,1.94517188e-01
1.16396406e-07,1.94478125e-01
1.16436406e-07,1.94531250e-01
1.16476406e-07,1.94443750e-01
1.16516406e-07,1.94709375e-01
1.16556406e-07,1.94953125e-01
1.16596406e-07,1.94870313e-01
1.16636406e-07,1.94920312e-01
1.16676406e-07,1.94884375e-01
1.16716406e-07,1.94912500e-01
1.16756406e-07,1.94890625e-01
1.16796406e-07,1.94909375e-01
1.16836406e-07,1.94892188e-01
1.16876406e-07,1.94906250e-01
1.16916406e-07,1.94893750e-01
1.16956406e-07,1.94906250e-01
1.16996406e-07,1.94895313e-01
1.17036406e-07,1.94904688e-01
1.17076406e-07,1.94895313e-01
1.17116406e-07,1.94904688e-01
1.17156406e-07,1.94895313e-01
1.17196406e-07,1.94904688e-01
1.17236406e-07,1.94895313e-01
1.17276406e-07,1.94904688e-01
1.17316406e-07,1.94896875e-01
1.17356406e-07,1.94903125e-01
1.17396406e-07,1.94896875e-01
1.17436406e-07,1.94903125e-01
1.17476406e-07,1.94896875e-01
1.17516406e-07,1.94903125e-01
1.17556406e-07,1.94896875e-01
1.17596406e-07,1.94904688e-01
1.17636406e-07,1.94896875e-01
1.17676406e-07,1.94904688e-01
1.17716406e-07,1.94895313e-01
1.17756406e-07,1.94904688e-01
1.17796406e-07,1.94895313e-01
1.17836406e-07,1.94904688e-01
1.17876406e-07,1.94895313e-01
1.17916406e-07,1.94904688e-01
1.17956406e-07,1.94895313e-01
1.17996406e-07,1.94906250e-01
1.18036406e-07,1.94893750e-01
1.18076406e-07,1.94906250e-01
1.18116406e-07,1.94892188e-01
1.18156406e-07,1.94907812e-01
1.18196406e-07,1.94890625e-01
1.18236406e-07,1.94910937e-01
1.18276406e-07,1.94887500e-01
1.18316406e-07,1.94915625e-01
1.18356406e-07,1.94879688e-01
1.18396406e-07,1.94931250e-01
1.18436406e-07,1.94845313e-01
1.18476406e-07,1.95107813e-01
1.18516406e-07,1.95353125e-01
1.18556406e-07,1.95270313e-01
1.18596406e-07,1.95320313e-01
1.18636406e-07,1.95284375e-01
1.18676406e-07,1.95312500e-01
1.18716406e-07,1.95289062e-01
1.18756406e-07,1.95309375e-01
1.18796406e-07,1.95292188e-01
1.18836406e-07,1.95307813e-01
1.18876406e-07,1.95293750e-01
1.18916406e-07,1.95306250e-01
1.18956406e-07,1.95293750e-01
1.18996406e-07,1.95304688e-01
1.19036406e-07,1.95295313e-01
1.19076406e-07,1.95304688e-01
1.19116406e-07,1.95295313e-01
1.19156406e-07,1.95304688e-01
1.19196406e-07,1.95295313e-01
1.19236406e-07,1.95304688e-01
1.19276406e-07,1.95296875e-01
1.19316406e-07,1.95303125e-01
1.19356406e-07,1.95296875e-01
1.19396406e-07,1.95303125e-01
1.19436406e-07,1.95296875e-01
1.19476406e-07,1.95303125e-01
1.19516406e-07,1.95296875e-01
1.19556406e-07,1.95303125e-01
1.19596406e-07,1.95296875e-01
1.19636406e-07,1.95303125e-01
1.19676406e-07,1.95296875e-01
1.19716406e-07,1.95303125e-01
1.19756406e-07,1.95296875e-01
1.19796406e-07,1.95303125e-01
1.19836406e-07,1.95296875e-01
1.19876406e-07,1.95303125e-01
1.19916406e-07,1.95296875e-01
1.19956406e-07,1.95303125e-01
1.19996406e-07,1.95296875e-01
1.20036406e-07,1.95303125e-01
1.20076406e-07,1.95296875e-01
1.20116406e-07,1.95303125e-01
1.20156406e-07,1.95296875e-01
1.20196406e-07,1.95303125e-01
1.20236406e-07,1.95296875e-01
1.20276406e-07,1.95303125e-01
1.20316406e-07,1.95296875e-01
1.20356406e-07,1.95303125e-01
1.20396406e-07,1.95296875e-01
1.20436406e-07,1.95303125e-01
1.20476406e-07,1.95296875e-01
1.20516406e-07,1.95303125e-01
1.20556406e-07,1.95295313e-01
1.20596406e-07,1.95304688e-01
1.20636406e-07,1.95295313e-01
1.20676406e-07,1.95304688e-01
1.20716406e-07,1.95295313e-01
1.20756406e-07,1.95304688e-01
1.20796406e-07,1.95293750e-01
1.20836406e-07,1.95306250e-01
1.20876406e-07,1.95293750e-01
1.20916406e-07,1.95307813e-01
1.20956406e-07,1.95292188e-01
1.20996406e-07,1.95309375e-01
1.21036406e-07,1.95289062e-01
1.21076406e-07,1.95312500e-01
1.21116406e-07,1.95284375e-01
1.21156406e-07,1.95320313e-01
1.21196406e-07,1.95270313e-01
1.21236406e-07,1.95354688e-01
1.21276406e-07,1.95092188e-01
1.21316406e-07,1.94846875e-01
1.21356406e-07,1.94929688e-01
1.21396406e-07,1.94879688e-01
1.21436406e-07,1.94915625e-01
1.21476406e-07,1.94887500e-01
1.21516406e-07,1.94910937e-01
1.21556406e-07,1.94890625e-01
1.21596406e-07,1.94907812e-01
1.21636406e-07,1.94892188e-01
1.21676406e-07,1.94906250e-01
1.21716406e-07,1.94893750e-01
1.21756406e-07,1.94906250e-01
1.21796406e-07,1.94893750e-01
1.21836406e-07,1.94906250e-01
1.21876406e-07,1.94895313e-01
1.21916406e-07,1.94904688e-01
1.21956406e-07,1.94895313e-01
1.21996406e-07,1.94904688e-01
1.22036406e-07,1.94895313e-01
1.22076406e-07,1.94904688e-01
1.22116406e-07,1.94895313e-01
1.22156406e-07,1.94904688e-01
1.22196406e-07,1.94895313e-01
1.22236406e-07,1.94906250e-01
1.22276406e-07,1.94893750e-01
1.22316406e-07,1.94906250e-01
1.22356406e-07,1.94893750e-01
1.22396406e-07,1.94907812e-01
1.22436406e-07,1.94892188e-01
1.22476406e-07,1.94909375e-01
1.22516406e-07,1.94889063e-01
1.22556406e-07,1.94912500e-01
1.22596406e-07,1.94884375e-01
1.22636406e-07,1.94920312e-01
1.22676406e-07,1.94870313e-01
1.22716406e-07,1.94954688e-01
1.22756406e-07,1.94692188e-01
1.22796406e-07,1.94445313e-01
1.22836406e-07,1.94531250e-01
1.22876406e-07,1.94478125e-01
1.22916406e-07,1.94517188e-01
1.22956406e-07,1.94485938e-01
1.22996406e-07,1.94512500e-01
1.23036406e-07,1.94489063e-01
1.23076406e-07,1.94509375e-01
1.23116406e-07,1.94490625e-01
1.23156406e-07,1.94509375e-01
1.23196406e-07,1.94492187e-01
1.23236406e-07,1.94507813e-01
1.23276406e-07,1.94492187e-01
1.23316406e-07,1.94507813e-01
1.23356406e-07,1.94492187e-01
1.23396406e-07,1.94507813e-01
1.23436406e-07,1.94492187e-01
1.23476406e-07,1.94507813e-01
1.23516406e-07,1.94490625e-01
1.23556406e-07,1.94509375e-01
1.23596406e-07,1.94489063e-01
1.23636406e-07,1.94510938e-01
1.23676406e-07,1.94487500e-01
1.23716406e-07,1.94514063e-01
1.23756406e-07,1.94482813e-01
1.23796406e-07,1.94521875e-01
1.23836406e-07,1.94467187e-01
1.23876406e-07,1.94556250e-01
1.23916406e-07,1.94290625e-01
1.23956406e-07,1.94048438e-01
1.23996406e-07,1.94128125e-01
1.24036406e-07,1.94081250e-01
1.24076406e-07,1.94114063e-01
1.24116406e-07,1.94089063e-01
1.24156406e-07,1.94109375e-01
1.24196406e-07,1.94092188e-01
1.24236406e-07,1.94106250e-01
1.24276406e-07,1.94093750e-01
1.24316406e-07,1.94104688e-01
1.24356406e-07,1.94095313e-01
1.24396406e-07,1.94104688e-01
1.24436406e-07,1.94096875e-01
1.24476406e-07,1.94103125e-01
1.24516406e-07,1.94096875e-01
1.24556406e-07,1.94103125e-01
1.24596406e-07,1.94096875e-01
1.24636406e-07,1.94103125e-01
1.24676406e-07,1.94096875e-01
1.24716406e-07,1.94103125e-01
1.24756406e-07,1.94098437e-01
1.24796406e-07,1.94101563e-01
1.24836406e-07,1.94098437e-01
1.24876406e-07,1.94101563e-01
1.24916406e-07,1.94098437e-01
1.24956406e-07,1.94101563e-01
1.24996406e-07,1.94098437e-01
1.25036406e-07,1.94101563e-01
1.25076406e-07,1.94098437e-01
1.25116406e-07,1.94101563e-01
1.25156406e-07,1.94098437e-01
1.25196406e-07,1.94101563e-01
1.25236406e-07,1.94098437e-01
1.25276406e-07,1.94101563e-01
1.25316406e-07,1.94098437e-01
1.25356406e-07,1.94101563e-01
1.25396406e-07,1.94098437e-01
1.25436406e-07,1.94101563e-01
1.25476406e-07,1.94098437e-01
1.25516406e-07,1.94101563e-01
1.25556406e-07,1.94098437e-01
1.25596406e-07,1.94101563e-01
1.25636406e-07,1.94098437e-01
1.25676406e-07,1.94101563e-01
1.25716406e-07,1.94098437e-01
1.25756406e-07,1.94101563e-01
1.25796406e-07,1.94098437e-01
1.25836406e-07,1.94101563e-01
1.25876406e-07,1.94098437e-01
1.25916406e-07,1.94101563e-01
1.25956406e-07,1.94098437e-01
1.25996406e-07,1.94101563e-01
1.26036406e-07,1.94098437e-01
1.26076406e-07,1.94101563e-01
1.26116406e-07,1.94098437e-01
1.26156406e-07,1.94101563e-01
1.26196406e-07,1.94098437e-01
1.26236406e-07,1.94101563e-01
1.26276406e-07,1.94098437e-01
1.26316406e-07,1.94101563e-01
1.26356406e-07,1.94098437e-01
1.26396406e-07,1.94101563e-01
1.26436406e-07,1.94098437e-01
1.26476406e-07,1.94101563e-01
1.26516406e-07,1.94098437e-01
1.26556406e-07,1.94101563e-01
1.26596406e-07,1.94098437e-01
1.26636406e-07,1.94101563e-01
1.26676406e-07,1.94098437e-01
1.26716406e-07,1.94101563e-01
1.26756406e-07,1.94098437e-01
1.26796406e-07,1.94101563e-01
1.26836406e-07,1.94098437e-01
1.26876406e-07,1.94101563e-01
1.26916406e-07,1.94098437e-01
1.26956406e-07,1.94101563e-01
1.26996406e-07,1.94098437e-01
1.27036406e-07,1.94103125e-01
1.27076406e-07,1.94096875e-01
1.27116406e-07,1.94103125e-01
1.27156406e-07,1.94096875e-01
1.27196406e-07,1.94103125e-01
1.27236406e-07,1.94096875e-01
1.27276406e-07,1.94104688e-01
1.27316406e-07,1.94095313e-01
1.27356406e-07,1.94104688e-01
1.27396406e-07,1.94093750e-01
1.27436406e-07,1.94106250e-01
1.27476406e-07,1.94092188e-01
1.27516406e-07,1.94109375e-01
1.27556406e-07,1.94089063e-01
1.27596406e-07,1.94114063e-01
1.27636406e-07,1.94081250e-01
1.27676406e-07,1.94128125e-01
1.27716406e-07,1.94046875e-01
1.27756406e-07,1.94306250e-01
1.27796406e-07,1.94556250e-01
1.27836406e-07,1.94468750e-01
1.27876406e-07,1.94523438e-01
1.27916406e-07,1.94482813e-01
1.27956406e-07,1.94515625e-01
1.27996406e-07,1.94487500e-01
1.28036406e-07,1.94510938e-01
1.28076406e-07,1.94489063e-01
1.28116406e-07,1.94509375e-01
1.28156406e-07,1.94490625e-01
1.28196406e-07,1.94509375e-01
1.28236406e-07,1.94492187e-01
1.28276406e-07,1.94507813e-01
1.28316406e-07,1.94492187e-01
1.28356406e-07,1.94507813e-01
1.28396406e-07,1.94492187e-01
1.28436406e-07,1.94507813e-01
1.28476406e-07,1.94492187e-01
1.28516406e-07,1.94507813e-01
1.28556406e-07,1.94492187e-01
1.28596406e-07,1.94507813e-01
1.28636406e-07,1.94492187e-01
1.28676406e-07,1.94509375e-01
1.28716406e-07,1.94490625e-01
1.28756406e-07,1.94509375e-01
1.28796406e-07,1.94489063e-01
1.28836406e-07,1.94510938e-01
1.28876406e-07,1.94487500e-01
1.28916406e-07,1.94514063e-01
1.28956406e-07,1.94484375e-01
1.28996406e-07,1.94518750e-01
1.29036406e-07,1.94476563e-01
1.29076406e-07,1.94534375e-01
1.29116406e-07,1.94440625e-01
1.29156406e-07,1.94712500e-01
1.29196406e-07,1.94950000e-01
1.29236406e-07,1.94875000e-01
1.29276406e-07,1.94915625e-01
1.29316406e-07,1.94889063e-01
1.29356406e-07,1.94907812e-01
1.29396406e-07,1.94895313e-01
1.29436406e-07,1.94901563e-01
1.29476406e-07,1.94900000e-01
1.29516406e-07,1.94896875e-01
1.29556406e-07,1.94906250e-01
1.29596406e-07,1.94887500e-01
1.29636406e-07,1.94921875e-01
1.29676406e-07,1.94853125e-01
1.29716406e-07,1.95100000e-01
1.29756406e-07,1.95362500e-01
1.29796406e-07,1.95260938e-01
1.29836406e-07,1.95329688e-01
1.29876406e-07,1.95273438e-01
1.29916406e-07,1.95323438e-01
1.29956406e-07,1.95276563e-01
1.29996406e-07,1.95323438e-01
1.30036406e-07,1.95276563e-01
1.30076406e-07,1.95326563e-01
1.30116406e-07,1.95268750e-01
1.30156406e-07,1.95339062e-01
1.30196406e-07,1.95235938e-01
1.30236406e-07,1.95517188e-01
1.30276406e-07,1.95745313e-01
1.30316406e-07,1.95678125e-01
1.30356406e-07,1.95712500e-01
1.30396406e-07,1.95693750e-01
1.30436406e-07,1.95703125e-01
1.30476406e-07,1.95698438e-01
1.30516406e-07,1.95698438e-01
1.30556406e-07,1.95703125e-01
1.30596406e-07,1.95695312e-01
1.30636406e-07,1.95707813e-01
1.30676406e-07,1.95689063e-01
1.30716406e-07,1.95717188e-01
1.30756406e-07,1.95673438e-01
1.30796406e-07,1.95753125e-01
1.30836406e-07,1.95493750e-01
1.30876406e-07,1.95243750e-01
1.30916406e-07,1.95331250e-01
1.30956406e-07,1.95278125e-01
1.30996406e-07,1.95315625e-01
1.31036406e-07,1.95289062e-01
1.31076406e-07,1.95306250e-01
1.31116406e-07,1.95300000e-01
1.31156406e-07,1.95290625e-01
1.31196406e-07,1.95334375e-01
1.31236406e-07,1.95114063e-01
1.31276406e-07,1.94821875e-01
1.31316406e-07,1.94956250e-01
1.31356406e-07,1.94850000e-01
1.31396406e-07,1.94950000e-01
1.31436406e-07,1.94842188e-01
1.31476406e-07,1.94981250e-01
1.31516406e-07,1.94665625e-01
1.31556406e-07,1.94473438e-01
1.31596406e-07,1.94500000e-01
1.31636406e-07,1.94514063e-01
1.31676406e-07,1.94471875e-01
1.31716406e-07,1.94556250e-01
1.31756406e-07,1.94287500e-01
1.31796406e-07,1.94051562e-01
1.31836406e-07,1.94120313e-01
1.31876406e-07,1.94093750e-01
1.31916406e-07,1.94092188e-01
1.31956406e-07,1.94134375e-01
1.31996406e-07,1.93910938e-01
1.32036406e-07,1.93626563e-01
1.32076406e-07,1.93750000e-01
1.32116406e-07,1.93656250e-01
1.32156406e-07,1.93742187e-01
1.32196406e-07,1.93650000e-01
1.32236406e-07,1.93771875e-01
1.32276406e-07,1.93476563e-01
1.32316406e-07,1.93260938e-01
1.32356406e-07,1.93315625e-01
1.32396406e-07,1.93295313e-01
1.32436406e-07,1.93298438e-01
1.32476406e-07,1.93309375e-01
1.32516406e-07,1.93279688e-01
1.32556406e-07,1.93345313e-01
1.32596406e-07,1.93101563e-01
1.32636406e-07,1.92835937e-01
1.32676406e-07,1.92940625e-01
1.32716406e-07,1.92868750e-01
1.32756406e-07,1.92928125e-01
1.32796406e-07,1.92873438e-01
1.32836406e-07,1.92926563e-01
1.32876406e-07,1.92871875e-01
1.32916406e-07,1.92931250e-01
1.32956406e-07,1.92859375e-01
1.32996406e-07,1.92965625e-01
1.33036406e-07,1.92682813e-01
1.33076406e-07,1.92454687e-01
1.33116406e-07,1.92521875e-01
1.33156406e-07,1.92487500e-01
1.33196406e-07,1.92507813e-01
1.33236406e-07,1.92495313e-01
1.33276406e-07,1.92501563e-01
1.33316406e-07,1.92500000e-01
1.33356406e-07,1.92500000e-01
1.33396406e-07,1.92501563e-01
1.33436406e-07,1.92498438e-01
1.33476406e-07,1.92503125e-01
1.33516406e-07,1.92496875e-01
1.33556406e-07,1.92504687e-01
1.33596406e-07,1.92495313e-01
1.33636406e-07,1.92506250e-01
1.33676406e-07,1.92493750e-01
1.33716406e-07,1.92506250e-01
1.33756406e-07,1.92492188e-01
1.33796406e-07,1.92507813e-01
1.33836406e-07,1.92490625e-01
1.33876406e-07,1.92510938e-01
1.33916406e-07,1.92487500e-01
1.33956406e-07,1.92514062e-01
1.33996406e-07,1.92482813e-01
1.34036406e-07,1.92520313e-01
1.34076406e-07,1.92475000e-01
1.34116406e-07,1.92535938e-01
1.34156406e-07,1.92439063e-01
1.34196406e-07,1.92714063e-01
1.34236406e-07,1.92946875e-01
1.34276406e-07,1.92878125e-01
1.34316406e-07,1.92912500e-01
1.34356406e-07,1.92893750e-01
1.34396406e-07,1.92901563e-01
1.34436406e-07,1.92903125e-01
1.34476406e-07,1.92893750e-01
1.34516406e-07,1.92910938e-01
1.34556406e-07,1.92882813e-01
1.34596406e-07,1.92928125e-01
1.34636406e-07,1.92845313e-01
1.34676406e-07,1.93107813e-01
1.34716406e-07,1.93353125e-01
1.34756406e-07,1.93271875e-01
1.34796406e-07,1.93317188e-01
1.34836406e-07,1.93290625e-01
1.34876406e-07,1.93304688e-01
1.34916406e-07,1.93301562e-01
1.34956406e-07,1.93292188e-01
1.34996406e-07,1.93318750e-01
1.35036406e-07,1.93254688e-01
1.35076406e-07,1.93500000e-01
1.35116406e-07,1.93762500e-01
1.35156406e-07,1.93662500e-01
1.35196406e-07,1.93726563e-01
1.35236406e-07,1.93679688e-01
1.35276406e-07,1.93717187e-01
1.35316406e-07,1.93685938e-01
1.35356406e-07,1.93710938e-01
1.35396406e-07,1.93692188e-01
1.35436406e-07,1.93704688e-01
1.35476406e-07,1.93698438e-01
1.35516406e-07,1.93695312e-01
1.35556406e-07,1.93715625e-01
1.35596406e-07,1.93659375e-01
1.35636406e-07,1.93893750e-01
1.35676406e-07,1.94168750e-01
1.35716406e-07,1.94056250e-01
1.35756406e-07,1.94134375e-01
1.35796406e-07,1.94070313e-01
1.35836406e-07,1.94126563e-01
1.35876406e-07,1.94076562e-01
1.35916406e-07,1.94121875e-01
1.35956406e-07,1.94078125e-01
1.35996406e-07,1.94120313e-01
1.36036406e-07,1.94079688e-01
1.36076406e-07,1.94118750e-01
1.36116406e-07,1.94081250e-01
1.36156406e-07,1.94118750e-01
1.36196406e-07,1.94081250e-01
1.36236406e-07,1.94118750e-01
1.36276406e-07,1.94081250e-01
1.36316406e-07,1.94120313e-01
1.36356406e-07,1.94079688e-01
1.36396406e-07,1.94121875e-01
1.36436406e-07,1.94076562e-01
1.36476406e-07,1.94125000e-01
1.36516406e-07,1.94071875e-01
1.36556406e-07,1.94132813e-01
1.36596406e-07,1.94057813e-01
1.36636406e-07,1.94167188e-01
1.36676406e-07,1.93879688e-01
1.36716406e-07,1.93657812e-01
1.36756406e-07,1.93717187e-01
1.36796406e-07,1.93692188e-01
1.36836406e-07,1.93703125e-01
1.36876406e-07,1.93701563e-01
1.36916406e-07,1.93696875e-01
1.36956406e-07,1.93704688e-01
1.36996406e-07,1.93692188e-01
1.37036406e-07,1.93709375e-01
1.37076406e-07,1.93689063e-01
1.37116406e-07,1.93714063e-01
1.37156406e-07,1.93682812e-01
1.37196406e-07,1.93723438e-01
1.37236406e-07,1.93667188e-01
1.37276406e-07,1.93757813e-01
1.37316406e-07,1.93489063e-01
1.37356406e-07,1.93250000e-01
1.37396406e-07,1.93326563e-01
1.37436406e-07,1.93282813e-01
1.37476406e-07,1.93312500e-01
1.37516406e-07,1.93290625e-01
1.37556406e-07,1.93306250e-01
1.37596406e-07,1.93295313e-01
1.37636406e-07,1.93303125e-01
1.37676406e-07,1.93296875e-01
1.37716406e-07,1.93301562e-01
1.37756406e-07,1.93298438e-01
1.37796406e-07,1.93300000e-01
1.37836406e-07,1.93300000e-01
1.37876406e-07,1.93300000e-01
1.37916406e-07,1.93301562e-01
1.37956406e-07,1.93298438e-01
1.37996406e-07,1.93301562e-01
1.38036406e-07,1.93296875e-01
1.38076406e-07,1.93303125e-01
1.38116406e-07,1.93296875e-01
1.38156406e-07,1.93304688e-01
1.38196406e-07,1.93295313e-01
1.38236406e-07,1.93304688e-01
1.38276406e-07,1.93293750e-01
1.38316406e-07,1.93306250e-01
1.38356406e-07,1.93292188e-01
1.38396406e-07,1.93307813e-01
1.38436406e-07,1.93290625e-01
1.38476406e-07,1.93310938e-01
1.38516406e-07,1.93285938e-01
1.38556406e-07,1.93317188e-01
1.38596406e-07,1.93276562e-01
1.38636406e-07,1.93332813e-01
1.38676406e-07,1.93242187e-01
1.38716406e-07,1.93512500e-01
1.38756406e-07,1.93750000e-01
1.38796406e-07,1.93675000e-01
1.38836406e-07,1.93712500e-01
1.38876406e-07,1.93693750e-01
1.38916406e-07,1.93698438e-01
1.38956406e-07,1.93712500e-01
1.38996406e-07,1.93660938e-01
1.39036406e-07,1.93892188e-01
1.39076406e-07,1.94170312e-01
1.39116406e-07,1.94053125e-01
1.39156406e-07,1.94139063e-01
1.39196406e-07,1.94064062e-01
1.39236406e-07,1.94134375e-01
1.39276406e-07,1.94062500e-01
1.39316406e-07,1.94145313e-01
1.39356406e-07,1.94029687e-01
1.39396406e-07,1.94321875e-01
1.39436406e-07,1.94540625e-01
1.39476406e-07,1.94482813e-01
1.39516406e-07,1.94507813e-01
1.39556406e-07,1.94498438e-01
1.39596406e-07,1.94498438e-01
1.39636406e-07,1.94504687e-01
1.39676406e-07,1.94492187e-01
1.39716406e-07,1.94510938e-01
1.39756406e-07,1.94482813e-01
1.39796406e-07,1.94526562e-01
1.39836406e-07,1.94446875e-01
1.39876406e-07,1.94706250e-01
1.39916406e-07,1.94956250e-01
1.39956406e-07,1.94867188e-01
1.39996406e-07,1.94923438e-01
1.40036406e-07,1.94882813e-01
1.40076406e-07,1.94915625e-01
1.40116406e-07,1.94887500e-01
1.40156406e-07,1.94910937e-01
1.40196406e-07,1.94889063e-01
1.40236406e-07,1.94909375e-01
1.40276406e-07,1.94892188e-01
1.40316406e-07,1.94907812e-01
1.40356406e-07,1.94892188e-01
1.40396406e-07,1.94907812e-01
1.40436406e-07,1.94893750e-01
1.40476406e-07,1.94906250e-01
1.40516406e-07,1.94893750e-01
1.40556406e-07,1.94906250e-01
1.40596406e-07,1.94893750e-01
1.40636406e-07,1.94906250e-01
1.40676406e-07,1.94893750e-01
1.40716406e-07,1.94906250e-01
1.40756406e-07,1.94893750e-01
1.40796406e-07,1.94906250e-01
1.40836406e-07,1.94893750e-01
1.40876406e-07,1.94906250e-01
1.40916406e-07,1.94893750e-01
1.40956406e-07,1.94906250e-01
1.40996406e-07,1.94893750e-01
1.41036406e-07,1.94906250e-01
1.41076406e-07,1.94893750e-01
1.41116406e-07,1.94906250e-01
1.41156406e-07,1.94893750e-01
1.41196406e-07,1.94906250e-01
1.41236406e-07,1.94893750e-01
1.41276406e-07,1.94906250e-01
1.41316406e-07,1.94893750e-01
1.41356406e-07,1.94906250e-01
1.41396406e-07,1.94893750e-01
1.41436406e-07,1.94906250e-01
1.41476406e-07,1.94893750e-01
1.41516406e-07,1.94906250e-01
1.41556406e-07,1.94892188e-01
1.41596406e-07,1.94907812e-01
1.41636406e-07,1.94892188e-01
1.41676406e-07,1.94907812e-01
1.41716406e-07,1.94890625e-01
1.41756406e-07,1.94909375e-01
1.41796406e-07,1.94890625e-01
1.41836406e-07,1.94910937e-01
1.41876406e-07,1.94889063e-01
1.41916406e-07,1.94912500e-01
1.41956406e-07,1.94885937e-01
1.41996406e-07,1.94915625e-01
1.42036406e-07,1.94881250e-01
1.42076406e-07,1.94925000e-01
1.42116406e-07,1.94865625e-01
1.42156406e-07,1.94959375e-01
1.42196406e-07,1.94687500e-01
1.42236406e-07,1.94450000e-01
1.42276406e-07,1.94526562e-01
1.42316406e-07,1.94482813e-01
1.42356406e-07,1.94510938e-01
1.42396406e-07,1.94492187e-01
1.42436406e-07,1.94506250e-01
1.42476406e-07,1.94495313e-01
1.42516406e-07,1.94503125e-01
1.42556406e-07,1.94496875e-01
1.42596406e-07,1.94501563e-01
1.42636406e-07,1.94498438e-01
1.42676406e-07,1.94500000e-01
1.42716406e-07,1.94500000e-01
1.42756406e-07,1.94498438e-01
1.42796406e-07,1.94501563e-01
1.42836406e-07,1.94498438e-01
1.42876406e-07,1.94503125e-01
1.42916406e-07,1.94496875e-01
1.42956406e-07,1.94504687e-01
1.42996406e-07,1.94495313e-01
1.43036406e-07,1.94506250e-01
1.43076406e-07,1.94493750e-01
1.43116406e-07,1.94507813e-01
1.43156406e-07,1.94490625e-01
1.43196406e-07,1.94510938e-01
1.43236406e-07,1.94485938e-01
1.43276406e-07,1.94520313e-01
1.43316406e-07,1.94470313e-01
1.43356406e-07,1.94554688e-01
1.43396406e-07,1.94292188e-01
1.43436406e-07,1.94045313e-01
1.43476406e-07,1.94131250e-01
1.43516406e-07,1.94079688e-01
1.43556406e-07,1.94115625e-01
1.43596406e-07,1.94087500e-01
1.43636406e-07,1.94110937e-01
1.43676406e-07,1.94090625e-01
1.43716406e-07,1.94107813e-01
1.43756406e-07,1.94092188e-01
1.43796406e-07,1.94106250e-01
1.43836406e-07,1.94093750e-01
1.43876406e-07,1.94104688e-01
1.43916406e-07,1.94095313e-01
1.43956406e-07,1.94104688e-01
1.43996406e-07,1.94095313e-01
1.44036406e-07,1.94104688e-01
1.44076406e-07,1.94096875e-01
1.44116406e-07,1.94103125e-01
1.44156406e-07,1.94096875e-01
1.44196406e-07,1.94103125e-01
1.44236406e-07,1.94096875e-01
1.44276406e-07,1.94103125e-01
1.44316406e-07,1.94096875e-01
1.44356406e-07,1.94103125e-01
1.44396406e-07,1.94096875e-01
1.44436406e-07,1.94103125e-01
1.44476406e-07,1.94098437e-01
1.44516406e-07,1.94101563e-01
1.44556406e-07,1.94098437e-01
1.44596406e-07,1.94101563e-01
1.44636406e-07,1.94098437e-01
1.44676406e-07,1.94101563e-01
1.44716406e-07,1.94098437e-01
1.44756406e-07,1.94101563e-01
1.44796406e-07,1.94098437e-01
1.44836406e-07,1.94101563e-01
1.44876406e-07,1.94098437e-01
1.44916406e-07,1.94101563e-01
1.44956406e-07,1.94098437e-01
1.44996406e-07,1.94101563e-01
1.45036406e-07,1.94098437e-01
1.45076406e-07,1.94101563e-01
1.45116406e-07,1.94098437e-01
1.45156406e-07,1.94101563e-01
1.45196406e-07,1.94096875e-01
1.45236406e-07,1.94103125e-01
1.45276406e-07,1.94096875e-01
1.45316406e-07,1.94103125e-01
1.45356406e-07,1.94096875e-01
1.45396406e-07,1.94103125e-01
1.45436406e-07,1.94096875e-01
1.45476406e-07,1.94104688e-01
1.45516406e-07,1.94095313e-01
1.45556406e-07,1.94104688e-01
1.45596406e-07,1.94093750e-01
1.45636406e-07,1.94107813e-01
1.45676406e-07,1.94092188e-01
1.45716406e-07,1.94110937e-01
1.45756406e-07,1.94085937e-01
1.45796406e-07,1.94118750e-01
1.45836406e-07,1.94071875e-01
1.45876406e-07,1.94153125e-01
1.45916406e-07,1.93893750e-01
1.45956406e-07,1.93643750e-01
1.45996406e-07,1.93732813e-01
1.46036406e-07,1.93676563e-01
1.46076406e-07,1.93718750e-01
1.46116406e-07,1.93684375e-01
1.46156406e-07,1.93714063e-01
1.46196406e-07,1.93687500e-01
1.46236406e-07,1.93710938e-01
1.46276406e-07,1.93689063e-01
1.46316406e-07,1.93709375e-01
1.46356406e-07,1.93690625e-01
1.46396406e-07,1.93709375e-01
1.46436406e-07,1.93690625e-01
1.46476406e-07,1.93707813e-01
1.46516406e-07,1.93692188e-01
1.46556406e-07,1.93707813e-01
1.46596406e-07,1.93692188e-01
1.46636406e-07,1.93707813e-01
1.46676406e-07,1.93692188e-01
1.46716406e-07,1.93707813e-01
1.46756406e-07,1.93692188e-01
1.46796406e-07,1.93707813e-01
1.46836406e-07,1.93692188e-01
1.46876406e-07,1.93707813e-01
1.46916406e-07,1.93692188e-01
1.46956406e-07,1.93707813e-01
1.46996406e-07,1.93690625e-01
1.47036406e-07,1.93709375e-01
1.47076406e-07,1.93690625e-01
1.47116406e-07,1.93709375e-01
1.47156406e-07,1.93690625e-01
1.47196406e-07,1.93709375e-01
1.47236406e-07,1.93689063e-01
1.47276406e-07,1.93710938e-01
1.47316406e-07,1.93689063e-01
1.47356406e-07,1.93710938e-01
1.47396406e-07,1.93687500e-01
1.47436406e-07,1.93712500e-01
1.47476406e-07,1.93685938e-01
1.47516406e-07,1.93715625e-01
1.47556406e-07,1.93684375e-01
1.47596406e-07,1.93718750e-01
1.47636406e-07,1.93679688e-01
1.47676406e-07,1.93723438e-01
1.47716406e-07,1.93670312e-01
1.47756406e-07,1.93739063e-01
1.47796406e-07,1.93635938e-01
1.47836406e-07,1.93918750e-01
1.47876406e-07,1.94143750e-01
1.47916406e-07,1.94081250e-01
1.47956406e-07,1.94109375e-01
1.47996406e-07,1.94096875e-01
1.48036406e-07,1.94098437e-01
1.48076406e-07,1.94104688e-01
1.48116406e-07,1.94090625e-01
1.48156406e-07,1.94114063e-01
1.48196406e-07,1.94079688e-01
1.48236406e-07,1.94131250e-01
1.48276406e-07,1.94043750e-01
1.48316406e-07,1.94310938e-01
1.48356406e-07,1.94551562e-01
1.48396406e-07,1.94473438e-01
1.48436406e-07,1.94515625e-01
1.48476406e-07,1.94490625e-01
1.48516406e-07,1.94504687e-01
1.48556406e-07,1.94498438e-01
1.48596406e-07,1.94496875e-01
1.48636406e-07,1.94506250e-01
1.48676406e-07,1.94487500e-01
1.48716406e-07,1.94523438e-01
1.48756406e-07,1.94450000e-01
1.48796406e-07,1.94703125e-01
1.48836406e-07,1.94959375e-01
1.48876406e-07,1.94865625e-01
1.48916406e-07,1.94925000e-01
1.48956406e-07,1.94881250e-01
1.48996406e-07,1.94915625e-01
1.49036406e-07,1.94887500e-01
1.49076406e-07,1.94910937e-01
1.49116406e-07,1.94890625e-01
1.49156406e-07,1.94909375e-01
1.49196406e-07,1.94892188e-01
1.49236406e-07,1.94906250e-01
1.49276406e-07,1.94893750e-01
1.49316406e-07,1.94904688e-01
1.49356406e-07,1.94895313e-01
1.49396406e-07,1.94903125e-01
1.49436406e-07,1.94896875e-01
1.49476406e-07,1.94903125e-01
1.49516406e-07,1.94898438e-01
1.49556406e-07,1.94901563e-01
1.49596406e-07,1.94900000e-01
1.49636406e-07,1.94900000e-01
1.49676406e-07,1.94901563e-01
1.49716406e-07,1.94896875e-01
1.49756406e-07,1.94903125e-01
1.49796406e-07,1.94893750e-01
1.49836406e-07,1.94907812e-01
1.49876406e-07,1.94889063e-01
1.49916406e-07,1.94915625e-01
1.49956406e-07,1.94873437e-01
1.49996406e-07,1.94951563e-01
1.50036406e-07,1.94695312e-01
1.50076406e-07,1.94442188e-01
1.50116406e-07,1.94534375e-01
1.50156406e-07,1.94475000e-01
1.50196406e-07,1.94518750e-01
1.50236406e-07,1.94484375e-01
1.50276406e-07,1.94514063e-01
1.50316406e-07,1.94487500e-01
1.50356406e-07,1.94510938e-01
1.50396406e-07,1.94489063e-01
1.50436406e-07,1.94509375e-01
1.50476406e-07,1.94490625e-01
1.50516406e-07,1.94507813e-01
1.50556406e-07,1.94492187e-01
1.50596406e-07,1.94507813e-01
1.50636406e-07,1.94493750e-01
1.50676406e-07,1.94506250e-01
1.50716406e-07,1.94493750e-01
1.50756406e-07,1.94506250e-01
1.50796406e-07,1.94493750e-01
1.50836406e-07,1.94504687e-01
1.50876406e-07,1.94495313e-01
1.50916406e-07,1.94504687e-01
1.50956406e-07,1.94495313e-01
1.50996406e-07,1.94504687e-01
1.51036406e-07,1.94495313e-01
1.51076406e-07,1.94504687e-01
1.51116406e-07,1.94495313e-01
1.51156406e-07,1.94504687e-01
1.51196406e-07,1.94496875e-01
1.51236406e-07,1.94503125e-01
1.51276406e-07,1.94496875e-01
1.51316406e-07,1.94503125e-01
1.51356406e-07,1.94496875e-01
1.51396406e-07,1.94503125e-01
1.51436406e-07,1.94496875e-01
1.51476406e-07,1.94503125e-01
1.51516406e-07,1.94496875e-01
1.51556406e-07,1.94503125e-01
1.51596406e-07,1.94496875e-01
1.51636406e-07,1.94503125e-01
1.51676406e-07,1.94498438e-01
1.51716406e-07,1.94501563e-01
1.51756406e-07,1.94498438e-01
1.51796406e-07,1.94501563e-01
1.51836406e-07,1.94498438e-01
1.51876406e-07,1.94501563e-01
1.51916406e-07,1.94498438e-01
1.51956406e-07,1.94501563e-01
1.51996406e-07,1.94498438e-01
1.52036406e-07,1.94500000e-01
1.52076406e-07,1.94500000e-01
1.52116406e-07,1.94500000e-01
1.52156406e-07,1.94500000e-01
1.52196406e-07,1.94500000e-01
1.52236406e-07,1.94501563e-01
1.52276406e-07,1.94498438e-01
1.52316406e-07,1.94501563e-01
1.52356406e-07,1.94496875e-01
1.52396406e-07,1.94503125e-01
1.52436406e-07,1.94495313e-01
1.52476406e-07,1.94504687e-01
1.52516406e-07,1.94493750e-01
1.52556406e-07,1.94509375e-01
1.52596406e-07,1.94487500e-01
1.52636406e-07,1.94517188e-01
1.52676406e-07,1.94473438e-01
1.52716406e-07,1.94551562e-01
1.52756406e-07,1.94295313e-01
1.52796406e-07,1.94042188e-01
1.52836406e-07,1.94134375e-01
1.52876406e-07,1.94075000e-01
1.52916406e-07,1.94118750e-01
1.52956406e-07,1.94082813e-01
1.52996406e-07,1.94114063e-01
1.53036406e-07,1.94087500e-01
1.53076406e-07,1.94112500e-01
1.53116406e-07,1.94089063e-01
1.53156406e-07,1.94110937e-01
1.53196406e-07,1.94090625e-01
1.53236406e-07,1.94109375e-01
1.53276406e-07,1.94090625e-01
1.53316406e-07,1.94109375e-01
1.53356406e-07,1.94090625e-01
1.53396406e-07,1.94107813e-01
1.53436406e-07,1.94092188e-01
1.53476406e-07,1.94107813e-01
1.53516406e-07,1.94092188e-01
1.53556406e-07,1.94107813e-01
1.53596406e-07,1.94092188e-01
1.53636406e-07,1.94107813e-01
1.53676406e-07,1.94092188e-01
1.53716406e-07,1.94109375e-01
1.53756406e-07,1.94090625e-01
1.53796406e-07,1.94109375e-01
1.53836406e-07,1.94090625e-01
1.53876406e-07,1.94109375e-01
1.53916406e-07,1.94089063e-01
1.53956406e-07,1.94110937e-01
1.53996406e-07,1.94087500e-01
1.54036406e-07,1.94114063e-01
1.54076406e-07,1.94084375e-01
1.54116406e-07,1.94118750e-01
1.54156406e-07,1.94075000e-01
1.54196406e-07,1.94134375e-01
1.54236406e-07,1.94040625e-01
1.54276406e-07,1.94312500e-01
1.54316406e-07,1.94550000e-01
1.54356406e-07,1.94475000e-01
1.54396406e-07,1.94514063e-01
1.54436406e-07,1.94490625e-01
1.54476406e-07,1.94504687e-01
1.54516406e-07,1.94500000e-01
1.54556406e-07,1.94493750e-01
1.54596406e-07,1.94515625e-01
1.54636406e-07,1.94459375e-01
1.54676406e-07,1.94693750e-01
1.54716406e-07,1.94968750e-01
1.54756406e-07,1.94854688e-01
1.54796406e-07,1.94937500e-01
1.54836406e-07,1.94865625e-01
1.54876406e-07,1.94935938e-01
1.54916406e-07,1.94860937e-01
1.54956406e-07,1.94946875e-01
1.54996406e-07,1.94828125e-01
1.55036406e-07,1.95123437e-01
1.55076406e-07,1.95337500e-01
1.55116406e-07,1.95285938e-01
1.55156406e-07,1.95303125e-01
1.55196406e-07,1.95301562e-01
1.55236406e-07,1.95292188e-01
1.55276406e-07,1.95312500e-01
1.55316406e-07,1.95281250e-01
1.55356406e-07,1.95329688e-01
1.55396406e-07,1.95243750e-01
1.55436406e-07,1.95509375e-01
1.55476406e-07,1.95751563e-01
1.55516406e-07,1.95673438e-01
1.55556406e-07,1.95715625e-01
1.55596406e-07,1.95690625e-01
1.55636406e-07,1.95703125e-01
1.55676406e-07,1.95701563e-01
1.55716406e-07,1.95692188e-01
1.55756406e-07,1.95718750e-01
1.55796406e-07,1.95654688e-01
1.55836406e-07,1.95898438e-01
1.55876406e-07,1.96162500e-01
1.55916406e-07,1.96060938e-01
1.55956406e-07,1.96128125e-01
1.55996406e-07,1.96076562e-01
1.56036406e-07,1.96120313e-01
1.56076406e-07,1.96082813e-01
1.56116406e-07,1.96115625e-01
1.56156406e-07,1.96085938e-01
1.56196406e-07,1.96112500e-01
1.56236406e-07,1.96087500e-01
1.56276406e-07,1.96110937e-01
1.56316406e-07,1.96089063e-01
1.56356406e-07,1.96109375e-01
1.56396406e-07,1.96090625e-01
1.56436406e-07,1.96109375e-01
1.56476406e-07,1.96092188e-01
1.56516406e-07,1.96107813e-01
1.56556406e-07,1.96093750e-01
1.56596406e-07,1.96106250e-01
1.56636406e-07,1.96095313e-01
1.56676406e-07,1.96104688e-01
1.56716406e-07,1.96096875e-01
1.56756406e-07,1.96101562e-01
1.56796406e-07,1.96100000e-01
1.56836406e-07,1.96096875e-01
1.56876406e-07,1.96107813e-01
1.56916406e-07,1.96082813e-01
1.56956406e-07,1.96142188e-01
1.56996406e-07,1.95904688e-01
1.57036406e-07,1.95631250e-01
1.57076406e-07,1.95745313e-01
1.57116406e-07,1.95664063e-01
1.57156406e-07,1.95732813e-01
1.57196406e-07,1.95668750e-01
1.57236406e-07,1.95731250e-01
1.57276406e-07,1.95667188e-01
1.57316406e-07,1.95735938e-01
1.57356406e-07,1.95654688e-01
1.57396406e-07,1.95768750e-01
1.57436406e-07,1.95478125e-01
1.57476406e-07,1.95259375e-01
1.57516406e-07,1.95317188e-01
1.57556406e-07,1.95292188e-01
1.57596406e-07,1.95303125e-01
1.57636406e-07,1.95300000e-01
1.57676406e-07,1.95298438e-01
1.57716406e-07,1.95303125e-01
1.57756406e-07,1.95296875e-01
1.57796406e-07,1.95304688e-01
1.57836406e-07,1.95295313e-01
1.57876406e-07,1.95306250e-01
1.57916406e-07,1.95293750e-01
1.57956406e-07,1.95306250e-01
1.57996406e-07,1.95292188e-01
1.58036406e-07,1.95307813e-01
1.58076406e-07,1.95292188e-01
1.58116406e-07,1.95307813e-01
1.58156406e-07,1.95290625e-01
1.58196406e-07,1.95309375e-01
1.58236406e-07,1.95290625e-01
1.58276406e-07,1.95310938e-01
1.58316406e-07,1.95289062e-01
1.58356406e-07,1.95312500e-01
1.58396406e-07,1.95287500e-01
1.58436406e-07,1.95314062e-01
1.58476406e-07,1.95284375e-01
1.58516406e-07,1.95317188e-01
1.58556406e-07,1.95279688e-01
1.58596406e-07,1.95326563e-01
1.58636406e-07,1.95264063e-01
1.58676406e-07,1.95360937e-01
1.58716406e-07,1.95085938e-01
1.58756406e-07,1.94851563e-01
1.58796406e-07,1.94923438e-01
1.58836406e-07,1.94885937e-01
1.58876406e-07,1.94909375e-01
1.58916406e-07,1.94893750e-01
1.58956406e-07,1.94904688e-01
1.58996406e-07,1.94898438e-01
1.59036406e-07,1.94901563e-01
1.59076406e-07,1.94900000e-01
1.59116406e-07,1.94898438e-01
1.59156406e-07,1.94901563e-01
1.59196406e-07,1.94896875e-01
1.59236406e-07,1.94903125e-01
1.59276406e-07,1.94895313e-01
1.59316406e-07,1.94906250e-01
1.59356406e-07,1.94893750e-01
1.59396406e-07,1.94907812e-01
1.59436406e-07,1.94890625e-01
1.59476406e-07,1.94912500e-01
1.59516406e-07,1.94884375e-01
1.59556406e-07,1.94920312e-01
1.59596406e-07,1.94870313e-01
1.59636406e-07,1.94954688e-01
1.59676406e-07,1.94692188e-01
1.59716406e-07,1.94446875e-01
1.59756406e-07,1.94529687e-01
1.59796406e-07,1.94479687e-01
1.59836406e-07,1.94515625e-01
1.59876406e-07,1.94487500e-01
1.59916406e-07,1.94510938e-01
1.59956406e-07,1.94490625e-01
1.59996406e-07,1.94507813e-01
1.60036406e-07,1.94492187e-01
1.60076406e-07,1.94506250e-01
1.60116406e-07,1.94493750e-01
1.60156406e-07,1.94506250e-01
1.60196406e-07,1.94495313e-01
1.60236406e-07,1.94504687e-01
1.60276406e-07,1.94495313e-01
1.60316406e-07,1.94504687e-01
1.60356406e-07,1.94495313e-01
1.60396406e-07,1.94504687e-01
1.60436406e-07,1.94493750e-01
1.60476406e-07,1.94506250e-01
1.60516406e-07,1.94492187e-01
1.60556406e-07,1.94507813e-01
1.60596406e-07,1.94490625e-01
1.60636406e-07,1.94512500e-01
1.60676406e-07,1.94482813e-01
1.60716406e-07,1.94526562e-01
1.60756406e-07,1.94448438e-01
1.60796406e-07,1.94704688e-01
1.60836406e-07,1.94959375e-01
1.60876406e-07,1.94864063e-01
1.60916406e-07,1.94926563e-01
1.60956406e-07,1.94876563e-01
1.60996406e-07,1.94921875e-01
1.61036406e-07,1.94879688e-01
1.61076406e-07,1.94921875e-01
1.61116406e-07,1.94873437e-01
1.61156406e-07,1.94934375e-01
1.61196406e-07,1.94842188e-01
1.61236406e-07,1.95109375e-01
1.61276406e-07,1.95353125e-01
1.61316406e-07,1.95268750e-01
1.61356406e-07,1.95323438e-01
1.61396406e-07,1.95278125e-01
1.61436406e-07,1.95321875e-01
1.61476406e-07,1.95275000e-01
1.61516406e-07,1.95334375e-01
1.61556406e-07,1.95242187e-01
1.61596406e-07,1.95510938e-01
1.61636406e-07,1.95750000e-01
1.61676406e-07,1.95673438e-01
1.61716406e-07,1.95715625e-01
1.61756406e-07,1.95692188e-01
1.61796406e-07,1.95701563e-01
1.61836406e-07,1.95710938e-01
1.61876406e-07,1.95664063e-01
1.61916406e-07,1.95889063e-01
1.61956406e-07,1.96173437e-01
1.61996406e-07,1.96050000e-01
1.62036406e-07,1.96140625e-01
1.62076406e-07,1.96064062e-01
1.62116406e-07,1.96134375e-01
1.62156406e-07,1.96067188e-01
1.62196406e-07,1.96132813e-01
1.62236406e-07,1.96067188e-01
1.62276406e-07,1.96134375e-01
1.62316406e-07,1.96062500e-01
1.62356406e-07,1.96140625e-01
1.62396406e-07,1.96053125e-01
1.62436406e-07,1.96157813e-01
1.62476406e-07,1.96014063e-01
1.62516406e-07,1.96345313e-01
1.62556406e-07,1.96507813e-01
1.62596406e-07,1.96540625e-01
1.62636406e-07,1.96296875e-01
1.62676406e-07,1.96046875e-01
1.62716406e-07,1.96125000e-01
1.62756406e-07,1.96085938e-01
1.62796406e-07,1.96106250e-01
1.62836406e-07,1.96098438e-01
1.62876406e-07,1.96096875e-01
1.62916406e-07,1.96106250e-01
1.62956406e-07,1.96090625e-01
1.62996406e-07,1.96114063e-01
1.63036406e-07,1.96081250e-01
1.63076406e-07,1.96125000e-01
1.63116406e-07,1.96064062e-01
1.63156406e-07,1.96162500e-01
1.63196406e-07,1.95882813e-01
1.63236406e-07,1.95657813e-01
1.63276406e-07,1.95717188e-01
1.63316406e-07,1.95695312e-01
1.63356406e-07,1.95695312e-01
1.63396406e-07,1.95714063e-01
1.63436406e-07,1.95673438e-01
1.63476406e-07,1.95753125e-01
1.63516406e-07,1.95490625e-01
1.63556406e-07,1.95250000e-01
1.63596406e-07,1.95325000e-01
1.63636406e-07,1.95287500e-01
1.63676406e-07,1.95303125e-01
1.63716406e-07,1.95306250e-01
1.63756406e-07,1.95281250e-01
1.63796406e-07,1.95346875e-01
1.63836406e-07,1.95098437e-01
1.63876406e-07,1.94842188e-01
1.63916406e-07,1.94931250e-01
1.63956406e-07,1.94881250e-01
1.63996406e-07,1.94910937e-01
1.64036406e-07,1.94898438e-01
1.64076406e-07,1.94889063e-01
1.64116406e-07,1.94937500e-01
1.64156406e-07,1.94707813e-01
1.64196406e-07,1.94431250e-01
1.64236406e-07,1.94543750e-01
1.64276406e-07,1.94465625e-01
1.64316406e-07,1.94528125e-01
1.64356406e-07,1.94475000e-01
1.64396406e-07,1.94521875e-01
1.64436406e-07,1.94479687e-01
1.64476406e-07,1.94518750e-01
1.64516406e-07,1.94482813e-01
1.64556406e-07,1.94515625e-01
1.64596406e-07,1.94485938e-01
1.64636406e-07,1.94514063e-01
1.64676406e-07,1.94487500e-01
1.64716406e-07,1.94512500e-01
1.64756406e-07,1.94489063e-01
1.64796406e-07,1.94510938e-01
1.64836406e-07,1.94489063e-01
1.64876406e-07,1.94509375e-01
1.64916406e-07,1.94490625e-01
1.64956406e-07,1.94509375e-01
1.64996406e-07,1.94492187e-01
1.65036406e-07,1.94507813e-01
1.65076406e-07,1.94492187e-01
1.65116406e-07,1.94506250e-01
1.65156406e-07,1.94493750e-01
1.65196406e-07,1.94504687e-01
1.65236406e-07,1.94496875e-01
1.65276406e-07,1.94501563e-01
1.65316406e-07,1.94501563e-01
1.65356406e-07,1.94493750e-01
1.65396406e-07,1.94515625e-01
1.65436406e-07,1.94460938e-01
1.65476406e-07,1.94692188e-01
1.65516406e-07,1.94971875e-01
1.65556406e-07,1.94851563e-01
1.65596406e-07,1.94940625e-01
1.65636406e-07,1.94862500e-01
1.65676406e-07,1.94939063e-01
1.65716406e-07,1.94857813e-01
1.65756406e-07,1.94950000e-01
1.65796406e-07,1.94826563e-01
1.65836406e-07,1.95126563e-01
1.65876406e-07,1.95335938e-01
1.65916406e-07,1.95289062e-01
1.65956406e-07,1.95301562e-01
1.65996406e-07,1.95304688e-01
1.66036406e-07,1.95290625e-01
1.66076406e-07,1.95314062e-01
1.66116406e-07,1.95279688e-01
1.66156406e-07,1.95331250e-01
1.66196406e-07,1.95243750e-01
1.66236406e-07,1.95509375e-01
1.66276406e-07,1.95751563e-01
1.66316406e-07,1.95671875e-01
1.66356406e-07,1.95718750e-01
1.66396406e-07,1.95687500e-01
1.66436406e-07,1.95709375e-01
1.66476406e-07,1.95692188e-01
1.66516406e-07,1.95706250e-01
1.66556406e-07,1.95695312e-01
1.66596406e-07,1.95703125e-01
1.66636406e-07,1.95696875e-01
1.66676406e-07,1.95703125e-01
1.66716406e-07,1.95698438e-01
1.66756406e-07,1.95701563e-01
1.66796406e-07,1.95700000e-01
1.66836406e-07,1.95700000e-01
1.66876406e-07,1.95700000e-01
1.66916406e-07,1.95700000e-01
1.66956406e-07,1.95701563e-01
1.66996406e-07,1.95698438e-01
1.67036406e-07,1.95701563e-01
1.67076406e-07,1.95698438e-01
1.67116406e-07,1.95703125e-01
1.67156406e-07,1.95696875e-01
1.67196406e-07,1.95704688e-01
1.67236406e-07,1.95695312e-01
1.67276406e-07,1.95706250e-01
1.67316406e-07,1.95692188e-01
1.67356406e-07,1.95709375e-01
1.67396406e-07,1.95687500e-01
1.67436406e-07,1.95717188e-01
1.67476406e-07,1.95673438e-01
1.67516406e-07,1.95751563e-01
1.67556406e-07,1.95495313e-01
1.67596406e-07,1.95242187e-01
1.67636406e-07,1.95334375e-01
1.67676406e-07,1.95275000e-01
1.67716406e-07,1.95320313e-01
1.67756406e-07,1.95282813e-01
1.67796406e-07,1.95315625e-01
1.67836406e-07,1.95285938e-01
1.67876406e-07,1.95312500e-01
1.67916406e-07,1.95287500e-01
1.67956406e-07,1.95312500e-01
1.67996406e-07,1.95287500e-01
1.68036406e-07,1.95312500e-01
1.68076406e-07,1.95285938e-01
1.68116406e-07,1.95314062e-01
1.68156406e-07,1.95284375e-01
1.68196406e-07,1.95317188e-01
1.68236406e-07,1.95279688e-01
1.68276406e-07,1.95325000e-01
1.68316406e-07,1.95265625e-01
1.68356406e-07,1.95359375e-01
1.68396406e-07,1.95087500e-01
1.68436406e-07,1.94850000e-01
1.68476406e-07,1.94926563e-01
1.68516406e-07,1.94882813e-01
1.68556406e-07,1.94912500e-01
1.68596406e-07,1.94890625e-01
1.68636406e-07,1.94907812e-01
1.68676406e-07,1.94893750e-01
1.68716406e-07,1.94904688e-01
1.68756406e-07,1.94895313e-01
1.68796406e-07,1.94903125e-01
1.68836406e-07,1.94896875e-01
1.68876406e-07,1.94903125e-01
1.68916406e-07,1.94898438e-01
1.68956406e-07,1.94901563e-01
1.68996406e-07,1.94898438e-01
1.69036406e-07,1.94901563e-01
1.69076406e-07,1.94898438e-01
1.69116406e-07,1.94900000e-01
1.69156406e-07,1.94900000e-01
1.69196406e-07,1.94900000e-01
1.69236406e-07,1.94900000e-01
1.69276406e-07,1.94900000e-01
1.69316406e-07,1.94900000e-01
1.69356406e-07,1.94900000e-01
1.69396406e-07,1.94900000e-01
1.69436406e-07,1.94898438e-01
1.69476406e-07,1.94901563e-01
1.69516406e-07,1.94898438e-01
1.69556406e-07,1.94901563e-01
1.69596406e-07,1.94898438e-01
1.69636406e-07,1.94901563e-01
1.69676406e-07,1.94898438e-01
1.69716406e-07,1.94903125e-01
1.69756406e-07,1.94896875e-01
1.69796406e-07,1.94903125e-01
1.69836406e-07,1.94896875e-01
1.69876406e-07,1.94903125e-01
1.69916406e-07,1.94895313e-01
1.69956406e-07,1.94904688e-01
1.69996406e-07,1.94895313e-01
1.70036406e-07,1.94906250e-01
1.70076406e-07,1.94893750e-01
1.70116406e-07,1.94907812e-01
1.70156406e-07,1.94892188e-01
1.70196406e-07,1.94909375e-01
1.70236406e-07,1.94887500e-01
1.70276406e-07,1.94915625e-01
1.70316406e-07,1.94879688e-01
1.70356406e-07,1.94929688e-01
1.70396406e-07,1.94845313e-01
1.70436406e-07,1.95107813e-01
1.70476406e-07,1.95354688e-01
1.70516406e-07,1.95270313e-01
1.70556406e-07,1.95320313e-01
1.70596406e-07,1.95284375e-01
1.70636406e-07,1.95312500e-01
1.70676406e-07,1.95289062e-01
1.70716406e-07,1.95309375e-01
1.70756406e-07,1.95292188e-01
1.70796406e-07,1.95306250e-01
1.70836406e-07,1.95293750e-01
1.70876406e-07,1.95306250e-01
1.70916406e-07,1.95295313e-01
1.70956406e-07,1.95304688e-01
1.70996406e-07,1.95295313e-01
1.71036406e-07,1.95303125e-01
1.71076406e-07,1.95296875e-01
1.71116406e-07,1.95303125e-01
1.71156406e-07,1.95296875e-01
1.71196406e-07,1.95303125e-01
1.71236406e-07,1.95298438e-01
1.71276406e-07,1.95301562e-01
1.71316406e-07,1.95298438e-01
1.71356406e-07,1.95301562e-01
1.71396406e-07,1.95298438e-01
1.71436406e-07,1.95301562e-01
1.71476406e-07,1.95298438e-01
1.71516406e-07,1.95300000e-01
1.71556406e-07,1.95300000e-01
1.71596406e-07,1.95300000e-01
1.71636406e-07,1.95300000e-01
1.71676406e-07,1.95300000e-01
1.71716406e-07,1.95301562e-01
1.71756406e-07,1.95298438e-01
1.71796406e-07,1.95301562e-01
1.71836406e-07,1.95298438e-01
1.71876406e-07,1.95301562e-01
1.71916406e-07,1.95296875e-01
1.71956406e-07,1.95303125e-01
1.71996406e-07,1.95295313e-01
1.72036406e-07,1.95304688e-01
1.72076406e-07,1.95293750e-01
1.72116406e-07,1.95307813e-01
1.72156406e-07,1.95290625e-01
1.72196406e-07,1.95310938e-01
1.72236406e-07,1.95285938e-01
1.72276406e-07,1.95318750e-01
1.72316406e-07,1.95270313e-01
1.72356406e-07,1.95354688e-01
1.72396406e-07,1.95092188e-01
1.72436406e-07,1.94845313e-01
1.72476406e-07,1.94929688e-01
1.72516406e-07,1.94879688e-01
1.72556406e-07,1.94915625e-01
1.72596406e-07,1.94889063e-01
1.72636406e-07,1.94907812e-01
1.72676406e-07,1.94893750e-01
1.72716406e-07,1.94903125e-01
1.72756406e-07,1.94900000e-01
1.72796406e-07,1.94896875e-01
1.72836406e-07,1.94907812e-01
1.72876406e-07,1.94881250e-01
1.72916406e-07,1.94943750e-01
1.72956406e-07,1.94703125e-01
1.72996406e-07,1.94434375e-01
1.73036406e-07,1.94542188e-01
1.73076406e-07,1.94467187e-01
1.73116406e-07,1.94528125e-01
1.73156406e-07,1.94473438e-01
1.73196406e-07,1.94525000e-01
1.73236406e-07,1.94475000e-01
1.73276406e-07,1.94526562e-01
1.73316406e-07,1.94471875e-01
1.73356406e-07,1.94532813e-01
1.73396406e-07,1.94457812e-01
1.73436406e-07,1.94565625e-01
1.73476406e-07,1.94281250e-01
1.73516406e-07,1.94056250e-01
1.73556406e-07,1.94120313e-01
1.73596406e-07,1.94089063e-01
1.73636406e-07,1.94106250e-01
1.73676406e-07,1.94095313e-01
1.73716406e-07,1.94101563e-01
1.73756406e-07,1.94098437e-01
1.73796406e-07,1.94100000e-01
1.73836406e-07,1.94100000e-01
1.73876406e-07,1.94098437e-01
1.73916406e-07,1.94101563e-01
1.73956406e-07,1.94098437e-01
1.73996406e-07,1.94101563e-01
1.74036406e-07,1.94096875e-01
1.74076406e-07,1.94103125e-01
1.74116406e-07,1.94096875e-01
1.74156406e-07,1.94103125e-01
1.74196406e-07,1.94096875e-01
1.74236406e-07,1.94103125e-01
1.74276406e-07,1.94096875e-01
1.74316406e-07,1.94104688e-01
1.74356406e-07,1.94095313e-01
1.74396406e-07,1.94104688e-01
1.74436406e-07,1.94095313e-01
1.74476406e-07,1.94104688e-01
1.74516406e-07,1.94095313e-01
1.74556406e-07,1.94104688e-01
1.74596406e-07,1.94093750e-01
1.74636406e-07,1.94106250e-01
1.74676406e-07,1.94093750e-01
1.74716406e-07,1.94107813e-01
1.74756406e-07,1.94092188e-01
1.74796406e-07,1.94107813e-01
1.74836406e-07,1.94090625e-01
1.74876406e-07,1.94110937e-01
1.74916406e-07,1.94087500e-01
1.74956406e-07,1.94115625e-01
1.74996406e-07,1.94078125e-01
1.75036406e-07,1.94131250e-01
1.75076406e-07,1.94043750e-01
1.75116406e-07,1.94307813e-01
1.75156406e-07,1.94553125e-01
1.75196406e-07,1.94470313e-01
1.75236406e-07,1.94520313e-01
1.75276406e-07,1.94484375e-01
1.75316406e-07,1.94512500e-01
1.75356406e-07,1.94489063e-01
1.75396406e-07,1.94509375e-01
1.75436406e-07,1.94490625e-01
1.75476406e-07,1.94507813e-01
1.75516406e-07,1.94492187e-01
1.75556406e-07,1.94507813e-01
1.75596406e-07,1.94492187e-01
1.75636406e-07,1.94507813e-01
1.75676406e-07,1.94492187e-01
1.75716406e-07,1.94507813e-01
1.75756406e-07,1.94492187e-01
1.75796406e-07,1.94509375e-01
1.75836406e-07,1.94490625e-01
1.75876406e-07,1.94510938e-01
1.75916406e-07,1.94487500e-01
1.75956406e-07,1.94515625e-01
1.75996406e-07,1.94479687e-01
1.76036406e-07,1.94529687e-01
1.76076406e-07,1.94445313e-01
1.76116406e-07,1.94707813e-01
1.76156406e-07,1.94954688e-01
1.76196406e-07,1.94870313e-01
1.76236406e-07,1.94920312e-01
1.76276406e-07,1.94884375e-01
1.76316406e-07,1.94912500e-01
1.76356406e-07,1.94889063e-01
1.76396406e-07,1.94909375e-01
1.76436406e-07,1.94890625e-01
1.76476406e-07,1.94907812e-01
1.76516406e-07,1.94892188e-01
1.76556406e-07,1.94906250e-01
1.76596406e-07,1.94893750e-01
1.76636406e-07,1.94906250e-01
1.76676406e-07,1.94893750e-01
1.76716406e-07,1.94906250e-01
1.76756406e-07,1.94895313e-01
1.76796406e-07,1.94904688e-01
1.76836406e-07,1.94895313e-01
1.76876406e-07,1.94904688e-01
1.76916406e-07,1.94895313e-01
1.76956406e-07,1.94904688e-01
1.76996406e-07,1.94895313e-01
1.77036406e-07,1.94904688e-01
1.77076406e-07,1.94895313e-01
1.77116406e-07,1.94904688e-01
1.77156406e-07,1.94895313e-01
1.77196406e-07,1.94904688e-01
1.77236406e-07,1.94895313e-01
1.77276406e-07,1.94904688e-01
1.77316406e-07,1.94895313e-01
1.77356406e-07,1.94904688e-01
1.77396406e-07,1.94895313e-01
1.77436406e-07,1.94904688e-01
1.77476406e-07,1.94895313e-01
1.77516406e-07,1.94904688e-01
1.77556406e-07,1.94895313e-01
1.77596406e-07,1.94904688e-01
1.77636406e-07,1.94895313e-01
1.77676406e-07,1.94904688e-01
1.77716406e-07,1.94895313e-01
1.77756406e-07,1.94904688e-01
1.77796406e-07,1.94895313e-01
1.77836406e-07,1.94906250e-01
1.77876406e-07,1.94893750e-01
1.77916406e-07,1.94906250e-01
1.77956406e-07,1.94893750e-01
1.77996406e-07,1.94906250e-01
1.78036406e-07,1.94892188e-01
1.78076406e-07,1.94907812e-01
1.78116406e-07,1.94890625e-01
1.78156406e-07,1.94909375e-01
1.78196406e-07,1.94889063e-01
1.78236406e-07,1.94912500e-01
1.78276406e-07,1.94884375e-01
1.78316406e-07,1.94921875e-01
1.78356406e-07,1.94868750e-01
1.78396406e-07,1.94954688e-01
1.78436406e-07,1.94692188e-01
1.78476406e-07,1.94445313e-01
1.78516406e-07,1.94529687e-01
1.78556406e-07,1.94478125e-01
1.78596406e-07,1.94517188e-01
1.78636406e-07,1.94485938e-01
1.78676406e-07,1.94512500e-01
1.78716406e-07,1.94489063e-01
1.78756406e-07,1.94510938e-01
1.78796406e-07,1.94490625e-01
1.78836406e-07,1.94509375e-01
1.78876406e-07,1.94489063e-01
1.78916406e-07,1.94510938e-01
1.78956406e-07,1.94487500e-01
1.78996406e-07,1.94514063e-01
1.79036406e-07,1.94484375e-01
1.79076406e-07,1.94520313e-01
1.79116406e-07,1.94468750e-01
1.79156406e-07,1.94554688e-01
1.79196406e-07,1.94292188e-01
1.79236406e-07,1.94045313e-01
1.79276406e-07,1.94131250e-01
1.79316406e-07,1.94078125e-01
1.79356406e-07,1.94117188e-01
1.79396406e-07,1.94085937e-01
1.79436406e-07,1.94112500e-01
1.79476406e-07,1.94089063e-01
1.79516406e-07,1.94109375e-01
1.79556406e-07,1.94090625e-01
1.79596406e-07,1.94107813e-01
1.79636406e-07,1.94092188e-01
1.79676406e-07,1.94107813e-01
1.79716406e-07,1.94092188e-01
1.79756406e-07,1.94106250e-01
1.79796406e-07,1.94093750e-01
1.79836406e-07,1.94106250e-01
1.79876406e-07,1.94093750e-01
1.79916406e-07,1.94106250e-01
1.79956406e-07,1.94093750e-01
1.79996406e-07,1.94106250e-01
1.80036406e-07,1.94093750e-01
1.80076406e-07,1.94106250e-01
1.80116406e-07,1.94093750e-01
1.80156406e-07,1.94106250e-01
1.80196406e-07,1.94093750e-01
1.80236406e-07,1.94106250e-01
1.80276406e-07,1.94093750e-01
1.80316406e-07,1.94106250e-01
1.80356406e-07,1.94093750e-01
1.80396406e-07,1.94107813e-01
1.80436406e-07,1.94092188e-01
1.80476406e-07,1.94107813e-01
1.80516406e-07,1.94092188e-01
1.80556406e-07,1.94107813e-01
1.80596406e-07,1.94092188e-01
1.80636406e-07,1.94107813e-01
1.80676406e-07,1.94090625e-01
1.80716406e-07,1.94109375e-01
1.80756406e-07,1.94090625e-01
1.80796406e-07,1.94109375e-01
1.80836406e-07,1.94089063e-01
1.80876406e-07,1.94110937e-01
1.80916406e-07,1.94087500e-01
1.80956406e-07,1.94112500e-01
1.80996406e-07,1.94085937e-01
1.81036406e-07,1.94115625e-01
1.81076406e-07,1.94081250e-01
1.81116406e-07,1.94121875e-01
1.81156406e-07,1.94073438e-01
1.81196406e-07,1.94137500e-01
1.81236406e-07,1.94037500e-01
1.81276406e-07,1.94315625e-01
1.81316406e-07,1.94545313e-01
1.81356406e-07,1.94478125e-01
1.81396406e-07,1.94510938e-01
1.81436406e-07,1.94495313e-01
1.81476406e-07,1.94501563e-01
1.81516406e-07,1.94503125e-01
1.81556406e-07,1.94493750e-01
1.81596406e-07,1.94510938e-01
1.81636406e-07,1.94484375e-01
1.81676406e-07,1.94526562e-01
1.81716406e-07,1.94448438e-01
1.81756406e-07,1.94706250e-01
1.81796406e-07,1.94956250e-01
1.81836406e-07,1.94868750e-01
1.81876406e-07,1.94921875e-01
1.81916406e-07,1.94882813e-01
1.81956406e-07,1.94914063e-01
1.81996406e-07,1.94889063e-01
1.82036406e-07,1.94909375e-01
1.82076406e-07,1.94892188e-01
1.82116406e-07,1.94906250e-01
1.82156406e-07,1.94893750e-01
1.82196406e-07,1.94904688e-01
1.82236406e-07,1.94895313e-01
1.82276406e-07,1.94904688e-01
1.82316406e-07,1.94896875e-01
1.82356406e-07,1.94903125e-01
1.82396406e-07,1.94896875e-01
1.82436406e-07,1.94901563e-01
1.82476406e-07,1.94898438e-01
1.82516406e-07,1.94901563e-01
1.82556406e-07,1.94900000e-01
1.82596406e-07,1.94900000e-01
1.82636406e-07,1.94900000e-01
1.82676406e-07,1.94900000e-01
1.82716406e-07,1.94901563e-01
1.82756406e-07,1.94898438e-01
1.82796406e-07,1.94901563e-01
1.82836406e-07,1.94896875e-01
1.82876406e-07,1.94903125e-01
1.82916406e-07,1.94895313e-01
1.82956406e-07,1.94904688e-01
1.82996406e-07,1.94893750e-01
1.83036406e-07,1.94907812e-01
1.83076406e-07,1.94890625e-01
1.83116406e-07,1.94910937e-01
1.83156406e-07,1.94885937e-01
1.83196406e-07,1.94920312e-01
1.83236406e-07,1.94870313e-01
1.83276406e-07,1.94954688e-01
1.83316406e-07,1.94690625e-01
1.83356406e-07,1.94446875e-01
1.83396406e-07,1.94528125e-01
1.83436406e-07,1.94481250e-01
1.83476406e-07,1.94514063e-01
1.83516406e-07,1.94490625e-01
1.83556406e-07,1.94506250e-01
1.83596406e-07,1.94495313e-01
1.83636406e-07,1.94501563e-01
1.83676406e-07,1.94501563e-01
1.83716406e-07,1.94495313e-01
1.83756406e-07,1.94510938e-01
1.83796406e-07,1.94479687e-01
1.83836406e-07,1.94546875e-01
1.83876406e-07,1.94300000e-01
1.83916406e-07,1.94037500e-01
1.83956406e-07,1.94139063e-01
1.83996406e-07,1.94071875e-01
1.84036406e-07,1.94123437e-01
1.84076406e-07,1.94079688e-01
1.84116406e-07,1.94118750e-01
1.84156406e-07,1.94082813e-01
1.84196406e-07,1.94115625e-01
1.84236406e-07,1.94085937e-01
1.84276406e-07,1.94114063e-01
1.84316406e-07,1.94085937e-01
1.84356406e-07,1.94112500e-01
1.84396406e-07,1.94087500e-01
1.84436406e-07,1.94112500e-01
1.84476406e-07,1.94087500e-01
1.84516406e-07,1.94112500e-01
1.84556406e-07,1.94087500e-01
1.84596406e-07,1.94112500e-01
1.84636406e-07,1.94087500e-01
1.84676406e-07,1.94112500e-01
1.84716406e-07,1.94087500e-01
1.84756406e-07,1.94114063e-01
1.84796406e-07,1.94085937e-01
1.84836406e-07,1.94114063e-01
1.84876406e-07,1.94084375e-01
1.84916406e-07,1.94117188e-01
1.84956406e-07,1.94081250e-01
1.84996406e-07,1.94121875e-01
1.85036406e-07,1.94073438e-01
1.85076406e-07,1.94135938e-01
1.85116406e-07,1.94039062e-01
1.85156406e-07,1.94314062e-01
1.85196406e-07,1.94548438e-01
1.85236406e-07,1.94476563e-01
1.85276406e-07,1.94514063e-01
1.85316406e-07,1.94490625e-01
1.85356406e-07,1.94506250e-01
1.85396406e-07,1.94495313e-01
1.85436406e-07,1.94503125e-01
1.85476406e-07,1.94498438e-01
1.85516406e-07,1.94501563e-01
1.85556406e-07,1.94500000e-01
1.85596406e-07,1.94500000e-01
1.85636406e-07,1.94500000e-01
1.85676406e-07,1.94498438e-01
1.85716406e-07,1.94501563e-01
1.85756406e-07,1.94498438e-01
1.85796406e-07,1.94501563e-01
1.85836406e-07,1.94496875e-01
1.85876406e-07,1.94503125e-01
1.85916406e-07,1.94496875e-01
1.85956406e-07,1.94503125e-01
1.85996406e-07,1.94496875e-01
1.86036406e-07,1.94504687e-01
1.86076406e-07,1.94495313e-01
1.86116406e-07,1.94504687e-01
1.86156406e-07,1.94495313e-01
1.86196406e-07,1.94506250e-01
1.86236406e-07,1.94493750e-01
1.86276406e-07,1.94507813e-01
1.86316406e-07,1.94492187e-01
1.86356406e-07,1.94509375e-01
1.86396406e-07,1.94489063e-01
1.86436406e-07,1.94512500e-01
1.86476406e-07,1.94484375e-01
1.86516406e-07,1.94521875e-01
1.86556406e-07,1.94468750e-01
1.86596406e-07,1.94556250e-01
1.86636406e-07,1.94290625e-01
1.86676406e-07,1.94046875e-01
1.86716406e-07,1.94129688e-01
1.86756406e-07,1.94079688e-01
1.86796406e-07,1.94114063e-01
1.86836406e-07,1.94087500e-01
1.86876406e-07,1.94109375e-01
1.86916406e-07,1.94092188e-01
1.86956406e-07,1.94107813e-01
1.86996406e-07,1.94093750e-01
1.87036406e-07,1.94104688e-01
1.87076406e-07,1.94095313e-01
1.87116406e-07,1.94104688e-01
1.87156406e-07,1.94096875e-01
1.87196406e-07,1.94103125e-01
1.87236406e-07,1.94096875e-01
1.87276406e-07,1.94103125e-01
1.87316406e-07,1.94096875e-01
1.87356406e-07,1.94103125e-01
1.87396406e-07,1.94098437e-01
1.87436406e-07,1.94101563e-01
1.87476406e-07,1.94098437e-01
1.87516406e-07,1.94101563e-01
1.87556406e-07,1.94098437e-01
1.87596406e-07,1.94101563e-01
1.87636406e-07,1.94098437e-01
1.87676406e-07,1.94101563e-01
1.87716406e-07,1.94100000e-01
1.87756406e-07,1.94100000e-01
1.87796406e-07,1.94100000e-01
1.87836406e-07,1.94100000e-01
1.87876406e-07,1.94100000e-01
1.87916406e-07,1.94100000e-01
1.87956406e-07,1.94101563e-01
1.87996406e-07,1.94098437e-01
1.88036406e-07,1.94101563e-01
1.88076406e-07,1.94098437e-01
1.88116406e-07,1.94103125e-01
1.88156406e-07,1.94096875e-01
1.88196406e-07,1.94104688e-01
1.88236406e-07,1.94093750e-01
1.88276406e-07,1.94107813e-01
1.88316406e-07,1.94089063e-01
1.88356406e-07,1.94115625e-01
1.88396406e-07,1.94075000e-01
1.88436406e-07,1.94150000e-01
1.88476406e-07,1.93896875e-01
1.88516406e-07,1.93639063e-01
1.88556406e-07,1.93737500e-01
1.88596406e-07,1.93671875e-01
1.88636406e-07,1.93723438e-01
1.88676406e-07,1.93678125e-01
1.88716406e-07,1.93720313e-01
1.88756406e-07,1.93679688e-01
1.88796406e-07,1.93721875e-01
1.88836406e-07,1.93676563e-01
1.88876406e-07,1.93728125e-01
1.88916406e-07,1.93662500e-01
1.88956406e-07,1.93762500e-01
1.88996406e-07,1.93485938e-01
1.89036406e-07,1.93251563e-01
1.89076406e-07,1.93325000e-01
1.89116406e-07,1.93284375e-01
1.89156406e-07,1.93310938e-01
1.89196406e-07,1.93292188e-01
1.89236406e-07,1.93306250e-01
1.89276406e-07,1.93295313e-01
1.89316406e-07,1.93303125e-01
1.89356406e-07,1.93296875e-01
1.89396406e-07,1.93301562e-01
1.89436406e-07,1.93298438e-01
1.89476406e-07,1.93301562e-01
1.89516406e-07,1.93300000e-01
1.89556406e-07,1.93300000e-01
1.89596406e-07,1.93300000e-01
1.89636406e-07,1.93300000e-01
1.89676406e-07,1.93300000e-01
1.89716406e-07,1.93298438e-01
1.89756406e-07,1.93301562e-01
1.89796406e-07,1.93298438e-01
1.89836406e-07,1.93301562e-01
1.89876406e-07,1.93296875e-01
1.89916406e-07,1.93303125e-01
1.89956406e-07,1.93295313e-01
1.89996406e-07,1.93306250e-01
1.90036406e-07,1.93292188e-01
1.90076406e-07,1.93310938e-01
1.90116406e-07,1.93284375e-01
1.90156406e-07,1.93325000e-01
1.90196406e-07,1.93250000e-01
1.90236406e-07,1.93501563e-01
1.90276406e-07,1.93760938e-01
1.90316406e-07,1.93662500e-01
1.90356406e-07,1.93729687e-01
1.90396406e-07,1.93675000e-01
1.90436406e-07,1.93723438e-01
1.90476406e-07,1.93676563e-01
1.90516406e-07,1.93725000e-01
1.90556406e-07,1.93670312e-01
1.90596406e-07,1.93737500e-01
1.90636406e-07,1.93637500e-01
1.90676406e-07,1.93915625e-01
1.90716406e-07,1.94148437e-01
1.90756406e-07,1.94075000e-01
1.90796406e-07,1.94115625e-01
1.90836406e-07,1.94089063e-01
1.90876406e-07,1.94107813e-01
1.90916406e-07,1.94093750e-01
1.90956406e-07,1.94104688e-01
1.90996406e-07,1.94096875e-01
1.91036406e-07,1.94103125e-01
1.91076406e-07,1.94098437e-01
1.91116406e-07,1.94101563e-01
1.91156406e-07,1.94098437e-01
1.91196406e-07,1.94100000e-01
1.91236406e-07,1.94100000e-01
1.91276406e-07,1.94100000e-01
1.91316406e-07,1.94101563e-01
1.91356406e-07,1.94098437e-01
1.91396406e-07,1.94101563e-01
1.91436406e-07,1.94098437e-01
1.91476406e-07,1.94103125e-01
1.91516406e-07,1.94096875e-01
1.91556406e-07,1.94104688e-01
1.91596406e-07,1.94093750e-01
1.91636406e-07,1.94107813e-01
1.91676406e-07,1.94090625e-01
1.91716406e-07,1.94112500e-01
1.91756406e-07,1.94082813e-01
1.91796406e-07,1.94126563e-01
1.91836406e-07,1.94048438e-01
1.91876406e-07,1.94304688e-01
1.91916406e-07,1.94557813e-01
1.91956406e-07,1.94465625e-01
1.91996406e-07,1.94525000e-01
1.92036406e-07,1.94479687e-01
1.92076406e-07,1.94517188e-01
1.92116406e-07,1.94484375e-01
1.92156406e-07,1.94514063e-01
1.92196406e-07,1.94487500e-01
1.92236406e-07,1.94512500e-01
1.92276406e-07,1.94489063e-01
1.92316406e-07,1.94510938e-01
1.92356406e-07,1.94489063e-01
1.92396406e-07,1.94510938e-01
1.92436406e-07,1.94489063e-01
1.92476406e-07,1.94510938e-01
1.92516406e-07,1.94487500e-01
1.92556406e-07,1.94512500e-01
1.92596406e-07,1.94485938e-01
1.92636406e-07,1.94515625e-01
1.92676406e-07,1.94482813e-01
1.92716406e-07,1.94520313e-01
1.92756406e-07,1.94475000e-01
1.92796406e-07,1.94534375e-01
1.92836406e-07,1.94440625e-01
1.92876406e-07,1.94712500e-01
1.92916406e-07,1.94950000e-01
1.92956406e-07,1.94873437e-01
1.92996406e-07,1.94917188e-01
1.93036406e-07,1.94887500e-01
1.93076406e-07,1.94909375e-01
1.93116406e-07,1.94892188e-01
1.93156406e-07,1.94906250e-01
1.93196406e-07,1.94895313e-01
1.93236406e-07,1.94904688e-01
1.93276406e-07,1.94896875e-01
1.93316406e-07,1.94903125e-01
1.93356406e-07,1.94896875e-01
1.93396406e-07,1.94901563e-01
1.93436406e-07,1.94898438e-01
1.93476406e-07,1.94901563e-01
1.93516406e-07,1.94898438e-01
1.93556406e-07,1.94901563e-01
1.93596406e-07,1.94898438e-01
1.93636406e-07,1.94900000e-01
1.93676406e-07,1.94900000e-01
1.93716406e-07,1.94900000e-01
1.93756406e-07,1.94900000e-01
1.93796406e-07,1.94900000e-01
1.93836406e-07,1.94900000e-01
1.93876406e-07,1.94900000e-01
1.93916406e-07,1.94900000e-01
1.93956406e-07,1.94900000e-01
1.93996406e-07,1.94900000e-01
1.94036406e-07,1.94900000e-01
1.94076406e-07,1.94900000e-01
1.94116406e-07,1.94900000e-01
1.94156406e-07,1.94900000e-01
1.94196406e-07,1.94900000e-01
1.94236406e-07,1.94900000e-01
1.94276406e-07,1.94900000e-01
1.94316406e-07,1.94900000e-01
1.94356406e-07,1.94898438e-01
1.94396406e-07,1.94901563e-01
1.94436406e-07,1.94898438e-01
1.94476406e-07,1.94901563e-01
1.94516406e-07,1.94898438e-01
1.94556406e-07,1.94901563e-01
1.94596406e-07,1.94898438e-01
1.94636406e-07,1.94901563e-01
1.94676406e-07,1.94898438e-01
1.94716406e-07,1.94901563e-01
1.94756406e-07,1.94898438e-01
1.94796406e-07,1.94901563e-01
1.94836406e-07,1.94898438e-01
1.94876406e-07,1.94901563e-01
1.94916406e-07,1.94898438e-01
1.94956406e-07,1.94901563e-01
1.94996406e-07,1.94898438e-01
1.95036406e-07,1.94901563e-01
1.95076406e-07,1.94898438e-01
1.95116406e-07,1.94901563e-01
1.95156406e-07,1.94898438e-01
1.95196406e-07,1.94901563e-01
1.95236406e-07,1.94898438e-01
1.95276406e-07,1.94903125e-01
1.95316406e-07,1.94896875e-01
1.95356406e-07,1.94903125e-01
1.95396406e-07,1.94896875e-01
1.95436406e-07,1.94903125e-01
1.95476406e-07,1.94896875e-01
1.95516406e-07,1.94903125e-01
1.95556406e-07,1.94896875e-01
1.95596406e-07,1.94903125e-01
1.95636406e-07,1.94896875e-01
1.95676406e-07,1.94903125e-01
1.95716406e-07,1.94896875e-01
1.95756406e-07,1.94904688e-01
1.95796406e-07,1.94895313e-01
1.95836406e-07,1.94904688e-01
1.95876406e-07,1.94895313e-01
1.95916406e-07,1.94904688e-01
1.95956406e-07,1.94895313e-01
1.95996406e-07,1.94904688e-01
1.96036406e-07,1.94893750e-01
1.96076406e-07,1.94906250e-01
1.96116406e-07,1.94893750e-01
1.96156406e-07,1.94906250e-01
1.96196406e-07,1.94892188e-01
1.96236406e-07,1.94907812e-01
1.96276406e-07,1.94890625e-01
1.96316406e-07,1.94909375e-01
1.96356406e-07,1.94889063e-01
1.96396406e-07,1.94912500e-01
1.96436406e-07,1.94884375e-01
1.96476406e-07,1.94918750e-01
1.96516406e-07,1.94876563e-01
1.96556406e-07,1.94934375e-01
1.96596406e-07,1.94840625e-01
1.96636406e-07,1.95112500e-01
1.96676406e-07,1.95350000e-01
1.96716406e-07,1.95275000e-01
1.96756406e-07,1.95315625e-01
1.96796406e-07,1.95290625e-01
1.96836406e-07,1.95306250e-01
1.96876406e-07,1.95296875e-01
1.96916406e-07,1.95300000e-01
1.96956406e-07,1.95301562e-01
1.96996406e-07,1.95295313e-01
1.97036406e-07,1.95309375e-01
1.97076406e-07,1.95285938e-01
1.97116406e-07,1.95325000e-01
1.97156406e-07,1.95250000e-01
1.97196406e-07,1.95504687e-01
1.97236406e-07,1.95757813e-01
1.97276406e-07,1.95667188e-01
1.97316406e-07,1.95723438e-01
1.97356406e-07,1.95681250e-01
1.97396406e-07,1.95715625e-01
1.97436406e-07,1.95687500e-01
1.97476406e-07,1.95710938e-01
1.97516406e-07,1.95692188e-01
1.97556406e-07,1.95706250e-01
1.97596406e-07,1.95695312e-01
1.97636406e-07,1.95703125e-01
1.97676406e-07,1.95698438e-01
1.97716406e-07,1.95698438e-01
1.97756406e-07,1.95707813e-01
1.97796406e-07,1.95682812e-01
1.97836406e-07,1.95742187e-01
1.97876406e-07,1.95504687e-01
1.97916406e-07,1.95231250e-01
1.97956406e-07,1.95345313e-01
1.97996406e-07,1.95264063e-01
1.98036406e-07,1.95332813e-01
1.98076406e-07,1.95268750e-01
1.98116406e-07,1.95331250e-01
1.98156406e-07,1.95267187e-01
1.98196406e-07,1.95335938e-01
1.98236406e-07,1.95254687e-01
1.98276406e-07,1.95370313e-01
1.98316406e-07,1.95076562e-01
1.98356406e-07,1.94860937e-01
1.98396406e-07,1.94915625e-01
1.98436406e-07,1.94893750e-01
1.98476406e-07,1.94900000e-01
1.98516406e-07,1.94904688e-01
1.98556406e-07,1.94890625e-01
1.98596406e-07,1.94915625e-01
1.98636406e-07,1.94875000e-01
1.98676406e-07,1.94951563e-01
1.98716406e-07,1.94695312e-01
1.98756406e-07,1.94442188e-01
1.98796406e-07,1.94534375e-01
1.98836406e-07,1.94473438e-01
1.98876406e-07,1.94521875e-01
1.98916406e-07,1.94479687e-01
1.98956406e-07,1.94520313e-01
1.98996406e-07,1.94478125e-01
1.99036406e-07,1.94525000e-01
1.99076406e-07,1.94465625e-01
1.99116406e-07,1.94557813e-01
1.99156406e-07,1.94289062e-01
1.99196406e-07,1.94046875e-01
1.99236406e-07,1.94129688e-01
1.99276406e-07,1.94079688e-01
1.99316406e-07,1.94115625e-01
1.99356406e-07,1.94087500e-01
1.99396406e-07,1.94110937e-01
1.99436406e-07,1.94089063e-01
1.99476406e-07,1.94109375e-01
1.99516406e-07,1.94090625e-01
1.99556406e-07,1.94109375e-01
1.99596406e-07,1.94092188e-01
1.99636406e-07,1.94107813e-01
1.99676406e-07,1.94090625e-01
1.99716406e-07,1.94109375e-01
1.99756406e-07,1.94090625e-01
1.99796406e-07,1.94109375e-01
1.99836406e-07,1.94089063e-01
1.99876406e-07,1.94110937e-01
1.99916406e-07,1.94087500e-01
1.99956406e-07,1.94114063e-01
1.99996406e-07,1.94082813e-01
2.00036406e-07,1.94121875e-01
2.00076406e-07,1.94067188e-01
2.00116406e-07,1.94156250e-01
2.00156406e-07,1.93890625e-01
2.00196406e-07,1.93648437e-01
2.00236406e-07,1.93728125e-01
2.00276406e-07,1.93681250e-01
2.00316406e-07,1.93714063e-01
2.00356406e-07,1.93689063e-01
2.00396406e-07,1.93709375e-01
2.00436406e-07,1.93692188e-01
2.00476406e-07,1.93707813e-01
2.00516406e-07,1.93693750e-01
2.00556406e-07,1.93706250e-01
2.00596406e-07,1.93695312e-01
2.00636406e-07,1.93704688e-01
2.00676406e-07,1.93695312e-01
2.00716406e-07,1.93704688e-01
2.00756406e-07,1.93695312e-01
2.00796406e-07,1.93704688e-01
2.00836406e-07,1.93695312e-01
2.00876406e-07,1.93704688e-01
2.00916406e-07,1.93695312e-01
2.00956406e-07,1.93704688e-01
2.00996406e-07,1.93695312e-01
2.01036406e-07,1.93704688e-01
2.01076406e-07,1.93695312e-01
2.01116406e-07,1.93704688e-01
2.01156406e-07,1.93693750e-01
2.01196406e-07,1.93706250e-01
2.01236406e-07,1.93692188e-01
2.01276406e-07,1.93709375e-01
2.01316406e-07,1.93689063e-01
2.01356406e-07,1.93714063e-01
2.01396406e-07,1.93681250e-01
2.01436406e-07,1.93728125e-01
2.01476406e-07,1.93648437e-01
2.01516406e-07,1.93904688e-01
2.01556406e-07,1.94157812e-01
2.01596406e-07,1.94065625e-01
2.01636406e-07,1.94126563e-01
2.01676406e-07,1.94078125e-01
2.01716406e-07,1.94120313e-01
2.01756406e-07,1.94081250e-01
2.01796406e-07,1.94120313e-01
2.01836406e-07,1.94078125e-01
2.01876406e-07,1.94125000e-01
2.01916406e-07,1.94065625e-01
2.01956406e-07,1.94159375e-01
2.01996406e-07,1.93889063e-01
2.02036406e-07,1.93648437e-01
2.02076406e-07,1.93728125e-01
2.02116406e-07,1.93681250e-01
2.02156406e-07,1.93714063e-01
2.02196406e-07,1.93687500e-01
2.02236406e-07,1.93710938e-01
2.02276406e-07,1.93690625e-01
2.02316406e-07,1.93709375e-01
2.02356406e-07,1.93692188e-01
2.02396406e-07,1.93707813e-01
2.02436406e-07,1.93692188e-01
2.02476406e-07,1.93707813e-01
2.02516406e-07,1.93690625e-01
2.02556406e-07,1.93709375e-01
2.02596406e-07,1.93689063e-01
2.02636406e-07,1.93712500e-01
2.02676406e-07,1.93685938e-01
2.02716406e-07,1.93717187e-01
2.02756406e-07,1.93678125e-01
2.02796406e-07,1.93731250e-01
2.02836406e-07,1.93643750e-01
2.02876406e-07,1.93909375e-01
2.02916406e-07,1.94151563e-01
2.02956406e-07,1.94071875e-01
2.02996406e-07,1.94118750e-01
2.03036406e-07,1.94087500e-01
2.03076406e-07,1.94109375e-01
2.03116406e-07,1.94093750e-01
2.03156406e-07,1.94104688e-01
2.03196406e-07,1.94098437e-01
2.03236406e-07,1.94100000e-01
2.03276406e-07,1.94104688e-01
2.03316406e-07,1.94090625e-01
2.03356406e-07,1.94118750e-01
2.03396406e-07,1.94056250e-01
2.03436406e-07,1.94296875e-01
2.03476406e-07,1.94565625e-01
2.03516406e-07,1.94457812e-01
2.03556406e-07,1.94532813e-01
2.03596406e-07,1.94471875e-01
2.03636406e-07,1.94525000e-01
2.03676406e-07,1.94475000e-01
2.03716406e-07,1.94525000e-01
2.03756406e-07,1.94475000e-01
2.03796406e-07,1.94528125e-01
2.03836406e-07,1.94468750e-01
2.03876406e-07,1.94540625e-01
2.03916406e-07,1.94434375e-01
2.03956406e-07,1.94718750e-01
2.03996406e-07,1.94943750e-01
2.04036406e-07,1.94879688e-01
2.04076406e-07,1.94910937e-01
2.04116406e-07,1.94893750e-01
2.04156406e-07,1.94904688e-01
2.04196406e-07,1.94898438e-01
2.04236406e-07,1.94900000e-01
2.04276406e-07,1.94900000e-01
2.04316406e-07,1.94898438e-01
2.04356406e-07,1.94901563e-01
2.04396406e-07,1.94896875e-01
2.04436406e-07,1.94903125e-01
2.04476406e-07,1.94896875e-01
2.04516406e-07,1.94904688e-01
2.04556406e-07,1.94895313e-01
2.04596406e-07,1.94904688e-01
2.04636406e-07,1.94893750e-01
2.04676406e-07,1.94906250e-01
2.04716406e-07,1.94892188e-01
2.04756406e-07,1.94909375e-01
2.04796406e-07,1.94889063e-01
2.04836406e-07,1.94912500e-01
2.04876406e-07,1.94884375e-01
2.04916406e-07,1.94920312e-01
2.04956406e-07,1.94870313e-01
2.04996406e-07,1.94954688e-01
2.05036406e-07,1.94692188e-01
2.05076406e-07,1.94445313e-01
2.05116406e-07,1.94529687e-01
2.05156406e-07,1.94479687e-01
2.05196406e-07,1.94515625e-01
2.05236406e-07,1.94487500e-01
2.05276406e-07,1.94510938e-01
2.05316406e-07,1.94490625e-01
2.05356406e-07,1.94509375e-01
2.05396406e-07,1.94492187e-01
2.05436406e-07,1.94507813e-01
2.05476406e-07,1.94492187e-01
2.05516406e-07,1.94507813e-01
2.05556406e-07,1.94492187e-01
2.05596406e-07,1.94507813e-01
2.05636406e-07,1.94492187e-01
2.05676406e-07,1.94507813e-01
2.05716406e-07,1.94490625e-01
2.05756406e-07,1.94509375e-01
2.05796406e-07,1.94489063e-01
2.05836406e-07,1.94512500e-01
2.05876406e-07,1.94484375e-01
2.05916406e-07,1.94520313e-01
2.05956406e-07,1.94470313e-01
2.05996406e-07,1.94554688e-01
2.06036406e-07,1.94292188e-01
2.06076406e-07,1.94045313e-01
2.06116406e-07,1.94131250e-01
2.06156406e-07,1.94078125e-01
2.06196406e-07,1.94117188e-01
2.06236406e-07,1.94085937e-01
2.06276406e-07,1.94112500e-01
2.06316406e-07,1.94089063e-01
2.06356406e-07,1.94109375e-01
2.06396406e-07,1.94090625e-01
2.06436406e-07,1.94107813e-01
2.06476406e-07,1.94092188e-01
2.06516406e-07,1.94107813e-01
2.06556406e-07,1.94093750e-01
2.06596406e-07,1.94106250e-01
2.06636406e-07,1.94093750e-01
2.06676406e-07,1.94106250e-01
2.06716406e-07,1.94093750e-01
2.06756406e-07,1.94106250e-01
2.06796406e-07,1.94093750e-01
2.06836406e-07,1.94106250e-01
2.06876406e-07,1.94093750e-01
2.06916406e-07,1.94106250e-01
2.06956406e-07,1.94093750e-01
2.06996406e-07,1.94106250e-01
2.07036406e-07,1.94093750e-01
2.07076406e-07,1.94106250e-01
2.07116406e-07,1.94093750e-01
2.07156406e-07,1.94106250e-01
2.07196406e-07,1.94093750e-01
2.07236406e-07,1.94106250e-01
2.07276406e-07,1.94093750e-01
2.07316406e-07,1.94106250e-01
2.07356406e-07,1.94093750e-01
2.07396406e-07,1.94106250e-01
2.07436406e-07,1.94093750e-01
2.07476406e-07,1.94106250e-01
2.07516406e-07,1.94093750e-01
2.07556406e-07,1.94106250e-01
2.07596406e-07,1.94093750e-01
2.07636406e-07,1.94106250e-01
2.07676406e-07,1.94093750e-01
2.07716406e-07,1.94106250e-01
2.07756406e-07,1.94093750e-01
2.07796406e-07,1.94106250e-01
2.07836406e-07,1.94093750e-01
2.07876406e-07,1.94107813e-01
2.07916406e-07,1.94092188e-01
2.07956406e-07,1.94107813e-01
2.07996406e-07,1.94092188e-01
2.08036406e-07,1.94107813e-01
2.08076406e-07,1.94092188e-01
2.08116406e-07,1.94109375e-01
2.08156406e-07,1.94090625e-01
2.08196406e-07,1.94109375e-01
2.08236406e-07,1.94089063e-01
2.08276406e-07,1.94110937e-01
2.08316406e-07,1.94087500e-01
2.08356406e-07,1.94112500e-01
2.08396406e-07,1.94085937e-01
2.08436406e-07,1.94115625e-01
2.08476406e-07,1.94082813e-01
2.08516406e-07,1.94120313e-01
2.08556406e-07,1.94073438e-01
2.08596406e-07,1.94135938e-01
2.08636406e-07,1.94039062e-01
2.08676406e-07,1.94314062e-01
2.08716406e-07,1.94546875e-01
2.08756406e-07,1.94476563e-01
2.08796406e-07,1.94514063e-01
2.08836406e-07,1.94492187e-01
2.08876406e-07,1.94504687e-01
2.08916406e-07,1.94496875e-01
2.08956406e-07,1.94500000e-01
2.08996406e-07,1.94501563e-01
2.09036406e-07,1.94496875e-01
2.09076406e-07,1.94504687e-01
2.09116406e-07,1.94493750e-01
2.09156406e-07,1.94507813e-01
2.09196406e-07,1.94489063e-01
2.09236406e-07,1.94514063e-01
2.09276406e-07,1.94481250e-01
2.09316406e-07,1.94529687e-01
2.09356406e-07,1.94445313e-01
2.09396406e-07,1.94707813e-01
2.09436406e-07,1.94954688e-01
2.09476406e-07,1.94870313e-01
2.09516406e-07,1.94920312e-01
2.09556406e-07,1.94884375e-01
2.09596406e-07,1.94912500e-01
2.09636406e-07,1.94890625e-01
2.09676406e-07,1.94907812e-01
2.09716406e-07,1.94892188e-01
2.09756406e-07,1.94906250e-01
2.09796406e-07,1.94895313e-01
2.09836406e-07,1.94904688e-01
2.09876406e-07,1.94896875e-01
2.09916406e-07,1.94903125e-01
2.09956406e-07,1.94896875e-01
2.09996406e-07,1.94901563e-01
2.10036406e-07,1.94898438e-01
2.10076406e-07,1.94901563e-01
2.10116406e-07,1.94898438e-01
2.10156406e-07,1.94901563e-01
2.10196406e-07,1.94900000e-01
2.10236406e-07,1.94900000e-01
2.10276406e-07,1.94900000e-01
2.10316406e-07,1.94900000e-01
2.10356406e-07,1.94901563e-01
2.10396406e-07,1.94898438e-01
2.10436406e-07,1.94901563e-01
2.10476406e-07,1.94896875e-01
2.10516406e-07,1.94903125e-01
2.10556406e-07,1.94896875e-01
2.10596406e-07,1.94904688e-01
2.10636406e-07,1.94895313e-01
2.10676406e-07,1.94906250e-01
2.10716406e-07,1.94892188e-01
2.10756406e-07,1.94909375e-01
2.10796406e-07,1.94887500e-01
2.10836406e-07,1.94918750e-01
2.10876406e-07,1.94871875e-01
2.10916406e-07,1.94953125e-01
2.10956406e-07,1.94693750e-01
2.10996406e-07,1.94443750e-01
2.11036406e-07,1.94532813e-01
2.11076406e-07,1.94476563e-01
2.11116406e-07,1.94518750e-01
2.11156406e-07,1.94484375e-01
2.11196406e-07,1.94514063e-01
2.11236406e-07,1.94485938e-01
2.11276406e-07,1.94512500e-01
2.11316406e-07,1.94487500e-01
2.11356406e-07,1.94512500e-01
2.11396406e-07,1.94485938e-01
2.11436406e-07,1.94515625e-01
2.11476406e-07,1.94481250e-01
2.11516406e-07,1.94521875e-01
2.11556406e-07,1.94468750e-01
2.11596406e-07,1.94556250e-01
2.11636406e-07,1.94290625e-01
2.11676406e-07,1.94046875e-01
2.11716406e-07,1.94129688e-01
2.11756406e-07,1.94078125e-01
2.11796406e-07,1.94117188e-01
2.11836406e-07,1.94085937e-01
2.11876406e-07,1.94112500e-01
2.11916406e-07,1.94089063e-01
2.11956406e-07,1.94110937e-01
2.11996406e-07,1.94089063e-01
2.12036406e-07,1.94109375e-01
2.12076406e-07,1.94090625e-01
2.12116406e-07,1.94110937e-01
2.12156406e-07,1.94089063e-01
2.12196406e-07,1.94110937e-01
2.12236406e-07,1.94087500e-01
2.12276406e-07,1.94112500e-01
2.12316406e-07,1.94085937e-01
2.12356406e-07,1.94115625e-01
2.12396406e-07,1.94081250e-01
2.12436406e-07,1.94125000e-01
2.12476406e-07,1.94065625e-01
2.12516406e-07,1.94159375e-01
2.12556406e-07,1.93887500e-01
2.12596406e-07,1.93650000e-01
2.12636406e-07,1.93726563e-01
2.12676406e-07,1.93682812e-01
2.12716406e-07,1.93710938e-01
2.12756406e-07,1.93692188e-01
2.12796406e-07,1.93706250e-01
2.12836406e-07,1.93695312e-01
2.12876406e-07,1.93703125e-01
2.12916406e-07,1.93698438e-01
2.12956406e-07,1.93701563e-01
2.12996406e-07,1.93700000e-01
2.13036406e-07,1.93700000e-01
2.13076406e-07,1.93701563e-01
2.13116406e-07,1.93698438e-01
2.13156406e-07,1.93703125e-01
2.13196406e-07,1.93696875e-01
2.13236406e-07,1.93704688e-01
2.13276406e-07,1.93695312e-01
2.13316406e-07,1.93706250e-01
2.13356406e-07,1.93692188e-01
2.13396406e-07,1.93709375e-01
2.13436406e-07,1.93689063e-01
2.13476406e-07,1.93714063e-01
2.13516406e-07,1.93679688e-01
2.13556406e-07,1.93729687e-01
2.13596406e-07,1.93645312e-01
2.13636406e-07,1.93907812e-01
2.13676406e-07,1.94154688e-01
2.13716406e-07,1.94070313e-01
2.13756406e-07,1.94120313e-01
2.13796406e-07,1.94084375e-01
2.13836406e-07,1.94112500e-01
2.13876406e-07,1.94090625e-01
2.13916406e-07,1.94107813e-01
2.13956406e-07,1.94093750e-01
2.13996406e-07,1.94104688e-01
2.14036406e-07,1.94095313e-01
2.14076406e-07,1.94103125e-01
2.14116406e-07,1.94098437e-01
2.14156406e-07,1.94101563e-01
2.14196406e-07,1.94100000e-01
2.14236406e-07,1.94100000e-01
2.14276406e-07,1.94101563e-01
2.14316406e-07,1.94096875e-01
2.14356406e-07,1.94104688e-01
2.14396406e-07,1.94092188e-01
2.14436406e-07,1.94110937e-01
2.14476406e-07,1.94084375e-01
2.14516406e-07,1.94125000e-01
2.14556406e-07,1.94050000e-01
2.14596406e-07,1.94303125e-01
2.14636406e-07,1.94557813e-01
2.14676406e-07,1.94465625e-01
2.14716406e-07,1.94525000e-01
2.14756406e-07,1.94479687e-01
2.14796406e-07,1.94517188e-01
2.14836406e-07,1.94485938e-01
2.14876406e-07,1.94512500e-01
2.14916406e-07,1.94489063e-01
2.14956406e-07,1.94510938e-01
2.14996406e-07,1.94490625e-01
2.15036406e-07,1.94509375e-01
2.15076406e-07,1.94490625e-01
2.15116406e-07,1.94507813e-01
2.15156406e-07,1.94492187e-01
2.15196406e-07,1.94507813e-01
2.15236406e-07,1.94492187e-01
2.15276406e-07,1.94507813e-01
2.15316406e-07,1.94493750e-01
2.15356406e-07,1.94506250e-01
2.15396406e-07,1.94493750e-01
2.15436406e-07,1.94506250e-01
2.15476406e-07,1.94493750e-01
2.15516406e-07,1.94506250e-01
2.15556406e-07,1.94493750e-01
2.15596406e-07,1.94506250e-01
2.15636406e-07,1.94493750e-01
2.15676406e-07,1.94506250e-01
2.15716406e-07,1.94493750e-01
2.15756406e-07,1.94504687e-01
2.15796406e-07,1.94495313e-01
2.15836406e-07,1.94504687e-01
2.15876406e-07,1.94495313e-01
2.15916406e-07,1.94504687e-01
2.15956406e-07,1.94495313e-01
2.15996406e-07,1.94504687e-01
2.16036406e-07,1.94495313e-01
2.16076406e-07,1.94504687e-01
2.16116406e-07,1.94495313e-01
2.16156406e-07,1.94504687e-01
2.16196406e-07,1.94493750e-01
2.16236406e-07,1.94506250e-01
2.16276406e-07,1.94493750e-01
2.16316406e-07,1.94506250e-01
2.16356406e-07,1.94493750e-01
2.16396406e-07,1.94506250e-01
2.16436406e-07,1.94493750e-01
2.16476406e-07,1.94506250e-01
2.16516406e-07,1.94493750e-01
2.16556406e-07,1.94506250e-01
2.16596406e-07,1.94492187e-01
2.16636406e-07,1.94507813e-01
2.16676406e-07,1.94492187e-01
2.16716406e-07,1.94509375e-01
2.16756406e-07,1.94489063e-01
2.16796406e-07,1.94512500e-01
2.16836406e-07,1.94485938e-01
2.16876406e-07,1.94517188e-01
2.16916406e-07,1.94478125e-01
2.16956406e-07,1.94531250e-01
2.16996406e-07,1.94443750e-01
2.17036406e-07,1.94709375e-01
2.17076406e-07,1.94953125e-01
2.17116406e-07,1.94870313e-01
2.17156406e-07,1.94920312e-01
2.17196406e-07,1.94884375e-01
2.17236406e-07,1.94912500e-01
2.17276406e-07,1.94889063e-01
2.17316406e-07,1.94909375e-01
2.17356406e-07,1.94890625e-01
2.17396406e-07,1.94907812e-01
2.17436406e-07,1.94892188e-01
2.17476406e-07,1.94907812e-01
2.17516406e-07,1.94892188e-01
2.17556406e-07,1.94907812e-01
2.17596406e-07,1.94890625e-01
2.17636406e-07,1.94909375e-01
2.17676406e-07,1.94889063e-01
2.17716406e-07,1.94914063e-01
2.17756406e-07,1.94881250e-01
2.17796406e-07,1.94928125e-01
2.17836406e-07,1.94846875e-01
2.17876406e-07,1.95104688e-01
2.17916406e-07,1.95357813e-01
2.17956406e-07,1.95265625e-01
2.17996406e-07,1.95326563e-01
2.18036406e-07,1.95278125e-01
2.18076406e-07,1.95320313e-01
2.18116406e-07,1.95279688e-01
2.18156406e-07,1.95320313e-01
2.18196406e-07,1.95278125e-01
2.18236406e-07,1.95326563e-01
2.18276406e-07,1.95264063e-01
2.18316406e-07,1.95359375e-01
2.18356406e-07,1.95087500e-01
2.18396406e-07,1.94850000e-01
2.18436406e-07,1.94926563e-01
2.18476406e-07,1.94882813e-01
2.18516406e-07,1.94912500e-01
2.18556406e-07,1.94890625e-01
2.18596406e-07,1.94907812e-01
2.18636406e-07,1.94893750e-01
2.18676406e-07,1.94904688e-01
2.18716406e-07,1.94895313e-01
2.18756406e-07,1.94903125e-01
2.18796406e-07,1.94896875e-01
2.18836406e-07,1.94903125e-01
2.18876406e-07,1.94896875e-01
2.18916406e-07,1.94901563e-01
2.18956406e-07,1.94898438e-01
2.18996406e-07,1.94901563e-01
2.19036406e-07,1.94898438e-01
2.19076406e-07,1.94901563e-01
2.19116406e-07,1.94898438e-01
2.19156406e-07,1.94900000e-01
2.19196406e-07,1.94900000e-01
2.19236406e-07,1.94900000e-01
2.19276406e-07,1.94900000e-01
2.19316406e-07,1.94900000e-01
2.19356406e-07,1.94901563e-01
2.19396406e-07,1.94898438e-01
2.19436406e-07,1.94901563e-01
2.19476406e-07,1.94898438e-01
2.19516406e-07,1.94903125e-01
2.19556406e-07,1.94896875e-01
2.19596406e-07,1.94904688e-01
2.19636406e-07,1.94893750e-01
2.19676406e-07,1.94907812e-01
2.19716406e-07,1.94889063e-01
2.19756406e-07,1.94915625e-01
2.19796406e-07,1.94873437e-01
2.19836406e-07,1.94950000e-01
2.19876406e-07,1.94696875e-01
2.19916406e-07,1.94440625e-01
2.19956406e-07,1.94534375e-01
2.19996406e-07,1.94475000e-01
2.20036406e-07,1.94520313e-01
2.20076406e-07,1.94481250e-01
2.20116406e-07,1.94515625e-01
2.20156406e-07,1.94485938e-01
2.20196406e-07,1.94514063e-01
2.20236406e-07,1.94487500e-01
2.20276406e-07,1.94512500e-01
2.20316406e-07,1.94487500e-01
2.20356406e-07,1.94512500e-01
2.20396406e-07,1.94487500e-01
2.20436406e-07,1.94512500e-01
2.20476406e-07,1.94487500e-01
2.20516406e-07,1.94512500e-01
2.20556406e-07,1.94485938e-01
2.20596406e-07,1.94514063e-01
2.20636406e-07,1.94484375e-01
2.20676406e-07,1.94515625e-01
2.20716406e-07,1.94482813e-01
2.20756406e-07,1.94520313e-01
2.20796406e-07,1.94476563e-01
2.20836406e-07,1.94528125e-01
2.20876406e-07,1.94462500e-01
2.20916406e-07,1.94562500e-01
2.20956406e-07,1.94282813e-01
2.20996406e-07,1.94054688e-01
2.21036406e-07,1.94120313e-01
2.21076406e-07,1.94089063e-01
2.21116406e-07,1.94104688e-01
2.21156406e-07,1.94100000e-01
2.21196406e-07,1.94093750e-01
2.21236406e-07,1.94112500e-01
2.21276406e-07,1.94078125e-01
2.21316406e-07,1.94148437e-01
2.21356406e-07,1.93898438e-01
2.21396406e-07,1.93639063e-01
2.21436406e-07,1.93737500e-01
2.21476406e-07,1.93671875e-01
2.21516406e-07,1.93725000e-01
2.21556406e-07,1.93678125e-01
2.21596406e-07,1.93721875e-01
2.21636406e-07,1.93676563e-01
2.21676406e-07,1.93728125e-01
2.21716406e-07,1.93664063e-01
2.21756406e-07,1.93759375e-01
2.21796406e-07,1.93487500e-01
2.21836406e-07,1.93250000e-01
2.21876406e-07,1.93326563e-01
2.21916406e-07,1.93281250e-01
2.21956406e-07,1.93314062e-01
2.21996406e-07,1.93289062e-01
2.22036406e-07,1.93309375e-01
2.22076406e-07,1.93292188e-01
2.22116406e-07,1.93307813e-01
2.22156406e-07,1.93292188e-01
2.22196406e-07,1.93306250e-01
2.22236406e-07,1.93293750e-01
2.22276406e-07,1.93306250e-01
2.22316406e-07,1.93293750e-01
2.22356406e-07,1.93306250e-01
2.22396406e-07,1.93293750e-01
2.22436406e-07,1.93306250e-01
2.22476406e-07,1.93293750e-01
2.22516406e-07,1.93306250e-01
2.22556406e-07,1.93293750e-01
2.22596406e-07,1.93306250e-01
2.22636406e-07,1.93293750e-01
2.22676406e-07,1.93307813e-01
2.22716406e-07,1.93292188e-01
2.22756406e-07,1.93307813e-01
2.22796406e-07,1.93292188e-01
2.22836406e-07,1.93307813e-01
2.22876406e-07,1.93290625e-01
2.22916406e-07,1.93309375e-01
2.22956406e-07,1.93290625e-01
2.22996406e-07,1.93310938e-01
2.23036406e-07,1.93289062e-01
2.23076406e-07,1.93312500e-01
2.23116406e-07,1.93285938e-01
2.23156406e-07,1.93315625e-01
2.23196406e-07,1.93282813e-01
2.23236406e-07,1.93320313e-01
2.23276406e-07,1.93273438e-01
2.23316406e-07,1.93335937e-01
2.23356406e-07,1.93239063e-01
2.23396406e-07,1.93515625e-01
2.23436406e-07,1.93746875e-01
2.23476406e-07,1.93678125e-01
2.23516406e-07,1.93712500e-01
2.23556406e-07,1.93693750e-01
2.23596406e-07,1.93703125e-01
2.23636406e-07,1.93700000e-01
2.23676406e-07,1.93696875e-01
2.23716406e-07,1.93704688e-01
2.23756406e-07,1.93692188e-01
2.23796406e-07,1.93712500e-01
2.23836406e-07,1.93681250e-01
2.23876406e-07,1.93728125e-01
2.23916406e-07,1.93645312e-01
2.23956406e-07,1.93907812e-01
2.23996406e-07,1.94153125e-01
2.24036406e-07,1.94071875e-01
2.24076406e-07,1.94118750e-01
2.24116406e-07,1.94087500e-01
2.24156406e-07,1.94107813e-01
2.24196406e-07,1.94095313e-01
2.24236406e-07,1.94101563e-01
2.24276406e-07,1.94103125e-01
2.24316406e-07,1.94092188e-01
2.24356406e-07,1.94118750e-01
2.24396406e-07,1.94056250e-01
2.24436406e-07,1.94296875e-01
2.24476406e-07,1.94565625e-01
2.24516406e-07,1.94459375e-01
2.24556406e-07,1.94532813e-01
2.24596406e-07,1.94471875e-01
2.24636406e-07,1.94526562e-01
2.24676406e-07,1.94475000e-01
2.24716406e-07,1.94526562e-01
2.24756406e-07,1.94470313e-01
2.24796406e-07,1.94539062e-01
2.24836406e-07,1.94437500e-01
2.24876406e-07,1.94714063e-01
2.24916406e-07,1.94950000e-01
2.24956406e-07,1.94873437e-01
2.24996406e-07,1.94918750e-01
2.25036406e-07,1.94884375e-01
2.25076406e-07,1.94914063e-01
2.25116406e-07,1.94885937e-01
2.25156406e-07,1.94915625e-01
2.25196406e-07,1.94879688e-01
2.25236406e-07,1.94928125e-01
2.25276406e-07,1.94846875e-01
2.25316406e-07,1.95104688e-01
2.25356406e-07,1.95357813e-01
2.25396406e-07,1.95265625e-01
2.25436406e-07,1.95325000e-01
2.25476406e-07,1.95278125e-01
2.25516406e-07,1.95318750e-01
2.25556406e-07,1.95281250e-01
2.25596406e-07,1.95318750e-01
2.25636406e-07,1.95281250e-01
2.25676406e-07,1.95321875e-01
2.25716406e-07,1.95273438e-01
2.25756406e-07,1.95334375e-01
2.25796406e-07,1.95240625e-01
2.25836406e-07,1.95512500e-01
2.25876406e-07,1.95751563e-01
2.25916406e-07,1.95671875e-01
2.25956406e-07,1.95718750e-01
2.25996406e-07,1.95685938e-01
2.26036406e-07,1.95710938e-01
2.26076406e-07,1.95690625e-01
2.26116406e-07,1.95709375e-01
2.26156406e-07,1.95692188e-01
2.26196406e-07,1.95707813e-01
2.26236406e-07,1.95692188e-01
2.26276406e-07,1.95707813e-01
2.26316406e-07,1.95690625e-01
2.26356406e-07,1.95709375e-01
2.26396406e-07,1.95689063e-01
2.26436406e-07,1.95712500e-01
2.26476406e-07,1.95684375e-01
2.26516406e-07,1.95721875e-01
2.26556406e-07,1.95668750e-01
2.26596406e-07,1.95756250e-01
2.26636406e-07,1.95490625e-01
2.26676406e-07,1.95246875e-01
2.26716406e-07,1.95328125e-01
2.26756406e-07,1.95281250e-01
2.26796406e-07,1.95312500e-01
2.26836406e-07,1.95292188e-01
2.26876406e-07,1.95304688e-01
2.26916406e-07,1.95301562e-01
2.26956406e-07,1.95289062e-01
2.26996406e-07,1.95335938e-01
2.27036406e-07,1.95112500e-01
2.27076406e-07,1.94823438e-01
2.27116406e-07,1.94954688e-01
2.27156406e-07,1.94851563e-01
2.27196406e-07,1.94948438e-01
2.27236406e-07,1.94843750e-01
2.27276406e-07,1.94979687e-01
2.27316406e-07,1.94667188e-01
2.27356406e-07,1.94471875e-01
2.27396406e-07,1.94501563e-01
2.27436406e-07,1.94512500e-01
2.27476406e-07,1.94473438e-01
2.27516406e-07,1.94554688e-01
2.27556406e-07,1.94289062e-01
2.27596406e-07,1.94050000e-01
2.27636406e-07,1.94123437e-01
2.27676406e-07,1.94087500e-01
2.27716406e-07,1.94103125e-01
2.27756406e-07,1.94104688e-01
2.27796406e-07,1.94082813e-01
2.27836406e-07,1.94142188e-01
2.27876406e-07,1.93903125e-01
2.27916406e-07,1.93635938e-01
2.27956406e-07,1.93739063e-01
2.27996406e-07,1.93670312e-01
2.28036406e-07,1.93725000e-01
2.28076406e-07,1.93678125e-01
2.28116406e-07,1.93718750e-01
2.28156406e-07,1.93682812e-01
2.28196406e-07,1.93715625e-01
2.28236406e-07,1.93684375e-01
2.28276406e-07,1.93714063e-01
2.28316406e-07,1.93685938e-01
2.28356406e-07,1.93714063e-01
2.28396406e-07,1.93685938e-01
2.28436406e-07,1.93712500e-01
2.28476406e-07,1.93687500e-01
2.28516406e-07,1.93712500e-01
2.28556406e-07,1.93685938e-01
2.28596406e-07,1.93714063e-01
2.28636406e-07,1.93685938e-01
2.28676406e-07,1.93715625e-01
2.28716406e-07,1.93684375e-01
2.28756406e-07,1.93717187e-01
2.28796406e-07,1.93681250e-01
2.28836406e-07,1.93721875e-01
2.28876406e-07,1.93673438e-01
2.28916406e-07,1.93737500e-01
2.28956406e-07,1.93639063e-01
2.28996406e-07,1.93914063e-01
2.29036406e-07,1.94148437e-01
2.29076406e-07,1.94076562e-01
2.29116406e-07,1.94114063e-01
2.29156406e-07,1.94090625e-01
2.29196406e-07,1.94106250e-01
2.29236406e-07,1.94095313e-01
2.29276406e-07,1.94103125e-01
2.29316406e-07,1.94098437e-01
2.29356406e-07,1.94101563e-01
2.29396406e-07,1.94100000e-01
2.29436406e-07,1.94100000e-01
2.29476406e-07,1.94101563e-01
2.29516406e-07,1.94098437e-01
2.29556406e-07,1.94101563e-01
2.29596406e-07,1.94098437e-01
2.29636406e-07,1.94103125e-01
2.29676406e-07,1.94096875e-01
2.29716406e-07,1.94103125e-01
2.29756406e-07,1.94096875e-01
2.29796406e-07,1.94103125e-01
2.29836406e-07,1.94095313e-01
2.29876406e-07,1.94104688e-01
2.29916406e-07,1.94095313e-01
2.29956406e-07,1.94104688e-01
2.29996406e-07,1.94095313e-01
2.30036406e-07,1.94106250e-01
2.30076406e-07,1.94093750e-01
2.30116406e-07,1.94106250e-01
2.30156406e-07,1.94092188e-01
2.30196406e-07,1.94107813e-01
2.30236406e-07,1.94092188e-01
2.30276406e-07,1.94109375e-01
2.30316406e-07,1.94089063e-01
2.30356406e-07,1.94110937e-01
2.30396406e-07,1.94087500e-01
2.30436406e-07,1.94115625e-01
2.30476406e-07,1.94081250e-01
2.30516406e-07,1.94123437e-01
2.30556406e-07,1.94067188e-01
2.30596406e-07,1.94157812e-01
2.30636406e-07,1.93889063e-01
2.30676406e-07,1.93650000e-01
2.30716406e-07,1.93726563e-01
2.30756406e-07,1.93682812e-01
2.30796406e-07,1.93712500e-01
2.30836406e-07,1.93690625e-01
2.30876406e-07,1.93706250e-01
2.30916406e-07,1.93695312e-01
2.30956406e-07,1.93703125e-01
2.30996406e-07,1.93698438e-01
2.31036406e-07,1.93701563e-01
2.31076406e-07,1.93700000e-01
2.31116406e-07,1.93700000e-01
2.31156406e-07,1.93701563e-01
2.31196406e-07,1.93698438e-01
2.31236406e-07,1.93703125e-01
2.31276406e-07,1.93696875e-01
2.31316406e-07,1.93704688e-01
2.31356406e-07,1.93693750e-01
2.31396406e-07,1.93706250e-01
2.31436406e-07,1.93690625e-01
2.31476406e-07,1.93710938e-01
2.31516406e-07,1.93685938e-01
2.31556406e-07,1.93718750e-01
2.31596406e-07,1.93670312e-01
2.31636406e-07,1.93754688e-01
2.31676406e-07,1.93492187e-01
2.31716406e-07,1.93245313e-01
2.31756406e-07,1.93331250e-01
2.31796406e-07,1.93278125e-01
2.31836406e-07,1.93315625e-01
2.31876406e-07,1.93287500e-01
2.31916406e-07,1.93310938e-01
2.31956406e-07,1.93290625e-01
2.31996406e-07,1.93307813e-01
2.32036406e-07,1.93292188e-01
2.32076406e-07,1.93306250e-01
2.32116406e-07,1.93293750e-01
2.32156406e-07,1.93304688e-01
2.32196406e-07,1.93295313e-01
2.32236406e-07,1.93304688e-01
2.32276406e-07,1.93295313e-01
2.32316406e-07,1.93304688e-01
2.32356406e-07,1.93296875e-01
2.32396406e-07,1.93303125e-01
2.32436406e-07,1.93296875e-01
2.32476406e-07,1.93303125e-01
2.32516406e-07,1.93296875e-01
2.32556406e-07,1.93303125e-01
2.32596406e-07,1.93296875e-01
2.32636406e-07,1.93303125e-01
2.32676406e-07,1.93296875e-01
2.32716406e-07,1.93303125e-01
2.32756406e-07,1.93296875e-01
2.32796406e-07,1.93303125e-01
2.32836406e-07,1.93296875e-01
2.32876406e-07,1.93303125e-01
2.32916406e-07,1.93296875e-01
2.32956406e-07,1.93304688e-01
2.32996406e-07,1.93295313e-01
2.33036406e-07,1.93304688e-01
2.33076406e-07,1.93293750e-01
2.33116406e-07,1.93307813e-01
2.33156406e-07,1.93290625e-01
2.33196406e-07,1.93312500e-01
2.33236406e-07,1.93282813e-01
2.33276406e-07,1.93326563e-01
2.33316406e-07,1.93250000e-01
2.33356406e-07,1.93503125e-01
2.33396406e-07,1.93759375e-01
2.33436406e-07,1.93664063e-01
2.33476406e-07,1.93726563e-01
2.33516406e-07,1.93678125e-01
2.33556406e-07,1.93720313e-01
2.33596406e-07,1.93681250e-01
2.33636406e-07,1.93717187e-01
2.33676406e-07,1.93682812e-01
2.33716406e-07,1.93717187e-01
2.33756406e-07,1.93682812e-01
2.33796406e-07,1.93717187e-01
2.33836406e-07,1.93681250e-01
2.33876406e-07,1.93720313e-01
2.33916406e-07,1.93678125e-01
2.33956406e-07,1.93725000e-01
2.33996406e-07,1.93670312e-01
2.34036406e-07,1.93739063e-01
2.34076406e-07,1.93634375e-01
2.34116406e-07,1.93918750e-01
2.34156406e-07,1.94143750e-01
2.34196406e-07,1.94081250e-01
2.34236406e-07,1.94109375e-01
2.34276406e-07,1.94096875e-01
2.34316406e-07,1.94098437e-01
2.34356406e-07,1.94106250e-01
2.34396406e-07,1.94089063e-01
2.34436406e-07,1.94117188e-01
2.34476406e-07,1.94073438e-01
2.34516406e-07,1.94153125e-01
2.34556406e-07,1.93893750e-01
2.34596406e-07,1.93645312e-01
2.34636406e-07,1.93731250e-01
2.34676406e-07,1.93678125e-01
2.34716406e-07,1.93715625e-01
2.34756406e-07,1.93687500e-01
2.34796406e-07,1.93710938e-01
2.34836406e-07,1.93690625e-01
2.34876406e-07,1.93707813e-01
2.34916406e-07,1.93693750e-01
2.34956406e-07,1.93704688e-01
2.34996406e-07,1.93695312e-01
2.35036406e-07,1.93704688e-01
2.35076406e-07,1.93696875e-01
2.35116406e-07,1.93703125e-01
2.35156406e-07,1.93696875e-01
2.35196406e-07,1.93701563e-01
2.35236406e-07,1.93698438e-01
2.35276406e-07,1.93701563e-01
2.35316406e-07,1.93698438e-01
2.35356406e-07,1.93700000e-01
2.35396406e-07,1.93700000e-01
2.35436406e-07,1.93700000e-01
2.35476406e-07,1.93700000e-01
2.35516406e-07,1.93700000e-01
2.35556406e-07,1.93700000e-01
2.35596406e-07,1.93698438e-01
2.35636406e-07,1.93701563e-01
2.35676406e-07,1.93698438e-01
2.35716406e-07,1.93701563e-01
2.35756406e-07,1.93698438e-01
2.35796406e-07,1.93701563e-01
2.35836406e-07,1.93698438e-01
2.35876406e-07,1.93703125e-01
2.35916406e-07,1.93696875e-01
2.35956406e-07,1.93703125e-01
2.35996406e-07,1.93696875e-01
2.36036406e-07,1.93703125e-01
2.36076406e-07,1.93696875e-01
2.36116406e-07,1.93704688e-01
2.36156406e-07,1.93695312e-01
2.36196406e-07,1.93704688e-01
2.36236406e-07,1.93695312e-01
2.36276406e-07,1.93704688e-01
2.36316406e-07,1.93693750e-01
2.36356406e-07,1.93706250e-01
2.36396406e-07,1.93693750e-01
2.36436406e-07,1.93707813e-01
2.36476406e-07,1.93692188e-01
2.36516406e-07,1.93707813e-01
2.36556406e-07,1.93690625e-01
2.36596406e-07,1.93709375e-01
2.36636406e-07,1.93689063e-01
2.36676406e-07,1.93710938e-01
2.36716406e-07,1.93687500e-01
2.36756406e-07,1.93714063e-01
2.36796406e-07,1.93682812e-01
2.36836406e-07,1.93720313e-01
2.36876406e-07,1.93673438e-01
2.36916406e-07,1.93735938e-01
2.36956406e-07,1.93639063e-01
2.36996406e-07,1.93914063e-01
2.37036406e-07,1.94146875e-01
2.37076406e-07,1.94076562e-01
2.37116406e-07,1.94114063e-01
2.37156406e-07,1.94092188e-01
2.37196406e-07,1.94104688e-01
2.37236406e-07,1.94098437e-01
2.37276406e-07,1.94100000e-01
2.37316406e-07,1.94103125e-01
2.37356406e-07,1.94095313e-01
2.37396406e-07,1.94106250e-01
2.37436406e-07,1.94092188e-01
2.37476406e-07,1.94110937e-01
2.37516406e-07,1.94085937e-01
2.37556406e-07,1.94117188e-01
2.37596406e-07,1.94076562e-01
2.37636406e-07,1.94134375e-01
2.37676406e-07,1.94040625e-01
2.37716406e-07,1.94314062e-01
2.37756406e-07,1.94546875e-01
2.37796406e-07,1.94478125e-01
2.37836406e-07,1.94510938e-01
2.37876406e-07,1.94495313e-01
2.37916406e-07,1.94498438e-01
2.37956406e-07,1.94506250e-01
2.37996406e-07,1.94485938e-01
2.38036406e-07,1.94525000e-01
2.38076406e-07,1.94448438e-01
2.38116406e-07,1.94706250e-01
2.38156406e-07,1.94954688e-01
2.38196406e-07,1.94870313e-01
2.38236406e-07,1.94918750e-01
2.38276406e-07,1.94889063e-01
2.38316406e-07,1.94906250e-01
2.38356406e-07,1.94900000e-01
2.38396406e-07,1.94893750e-01
2.38436406e-07,1.94917188e-01
2.38476406e-07,1.94856250e-01
2.38516406e-07,1.95096875e-01
2.38556406e-07,1.95364063e-01
2.38596406e-07,1.95260938e-01
2.38636406e-07,1.95329688e-01
2.38676406e-07,1.95276563e-01
2.38716406e-07,1.95320313e-01
2.38756406e-07,1.95282813e-01
2.38796406e-07,1.95315625e-01
2.38836406e-07,1.95285938e-01
2.38876406e-07,1.95312500e-01
2.38916406e-07,1.95287500e-01
2.38956406e-07,1.95310938e-01
2.38996406e-07,1.95290625e-01
2.39036406e-07,1.95309375e-01
2.39076406e-07,1.95290625e-01
2.39116406e-07,1.95307813e-01
2.39156406e-07,1.95292188e-01
2.39196406e-07,1.95306250e-01
2.39236406e-07,1.95293750e-01
2.39276406e-07,1.95306250e-01
2.39316406e-07,1.95295313e-01
2.39356406e-07,1.95304688e-01
2.39396406e-07,1.95295313e-01
2.39436406e-07,1.95303125e-01
2.39476406e-07,1.95296875e-01
2.39516406e-07,1.95303125e-01
2.39556406e-07,1.95298438e-01
2.39596406e-07,1.95301562e-01
2.39636406e-07,1.95300000e-01
2.39676406e-07,1.95300000e-01
2.39716406e-07,1.95301562e-01
2.39756406e-07,1.95298438e-01
2.39796406e-07,1.95303125e-01
2.39836406e-07,1.95295313e-01
2.39876406e-07,1.95307813e-01
2.39916406e-07,1.95289062e-01
2.39956406e-07,1.95317188e-01
2.39996406e-07,1.95273438e-01
2.40036406e-07,1.95351563e-01
2.40076406e-07,1.95095313e-01
2.40116406e-07,1.94843750e-01
2.40156406e-07,1.94932812e-01
2.40196406e-07,1.94878125e-01
2.40236406e-07,1.94915625e-01
2.40276406e-07,1.94887500e-01
2.40316406e-07,1.94909375e-01
2.40356406e-07,1.94895313e-01
2.40396406e-07,1.94901563e-01
2.40436406e-07,1.94904688e-01
2.40476406e-07,1.94885937e-01
2.40516406e-07,1.94940625e-01
2.40556406e-07,1.94706250e-01
2.40596406e-07,1.94431250e-01
2.40636406e-07,1.94545313e-01
2.40676406e-07,1.94464063e-01
2.40716406e-07,1.94531250e-01
2.40756406e-07,1.94471875e-01
2.40796406e-07,1.94528125e-01
2.40836406e-07,1.94471875e-01
2.40876406e-07,1.94528125e-01
2.40916406e-07,1.94470313e-01
2.40956406e-07,1.94534375e-01
2.40996406e-07,1.94456250e-01
2.41036406e-07,1.94567188e-01
2.41076406e-07,1.94279688e-01
2.41116406e-07,1.94057813e-01
2.41156406e-07,1.94118750e-01
2.41196406e-07,1.94089063e-01
2.41236406e-07,1.94106250e-01
2.41276406e-07,1.94096875e-01
2.41316406e-07,1.94101563e-01
2.41356406e-07,1.94100000e-01
2.41396406e-07,1.94100000e-01
2.41436406e-07,1.94101563e-01
2.41476406e-07,1.94098437e-01
2.41516406e-07,1.94101563e-01
2.41556406e-07,1.94096875e-01
2.41596406e-07,1.94103125e-01
2.41636406e-07,1.94096875e-01
2.41676406e-07,1.94103125e-01
2.41716406e-07,1.94096875e-01
2.41756406e-07,1.94103125e-01
2.41796406e-07,1.94096875e-01
2.41836406e-07,1.94103125e-01
2.41876406e-07,1.94096875e-01
2.41916406e-07,1.94103125e-01
2.41956406e-07,1.94096875e-01
2.41996406e-07,1.94103125e-01
2.42036406e-07,1.94096875e-01
2.42076406e-07,1.94103125e-01
2.42116406e-07,1.94096875e-01
2.42156406e-07,1.94103125e-01
2.42196406e-07,1.94096875e-01
2.42236406e-07,1.94103125e-01
2.42276406e-07,1.94096875e-01
2.42316406e-07,1.94103125e-01
2.42356406e-07,1.94096875e-01
2.42396406e-07,1.94103125e-01
2.42436406e-07,1.94096875e-01
2.42476406e-07,1.94101563e-01
2.42516406e-07,1.94098437e-01
2.42556406e-07,1.94101563e-01
2.42596406e-07,1.94098437e-01
2.42636406e-07,1.94101563e-01
2.42676406e-07,1.94098437e-01
2.42716406e-07,1.94100000e-01
2.42756406e-07,1.94100000e-01
2.42796406e-07,1.94100000e-01
2.42836406e-07,1.94101563e-01
2.42876406e-07,1.94096875e-01
2.42916406e-07,1.94103125e-01
2.42956406e-07,1.94093750e-01
2.42996406e-07,1.94109375e-01
2.43036406e-07,1.94085937e-01
2.43076406e-07,1.94123437e-01
2.43116406e-07,1.94053125e-01
2.43156406e-07,1.94300000e-01
2.43196406e-07,1.94562500e-01
2.43236406e-07,1.94460938e-01
2.43276406e-07,1.94529687e-01
2.43316406e-07,1.94475000e-01
2.43356406e-07,1.94521875e-01
2.43396406e-07,1.94478125e-01
2.43436406e-07,1.94520313e-01
2.43476406e-07,1.94479687e-01
2.43516406e-07,1.94521875e-01
2.43556406e-07,1.94478125e-01
2.43596406e-07,1.94525000e-01
2.43636406e-07,1.94470313e-01
2.43676406e-07,1.94539062e-01
2.43716406e-07,1.94435938e-01
2.43756406e-07,1.94717187e-01
2.43796406e-07,1.94946875e-01
2.43836406e-07,1.94878125e-01
2.43876406e-07,1.94912500e-01
2.43916406e-07,1.94892188e-01
2.43956406e-07,1.94906250e-01
2.43996406e-07,1.94896875e-01
2.44036406e-07,1.94901563e-01
2.44076406e-07,1.94898438e-01
2.44116406e-07,1.94900000e-01
2.44156406e-07,1.94900000e-01
2.44196406e-07,1.94900000e-01
2.44236406e-07,1.94901563e-01
2.44276406e-07,1.94898438e-01
2.44316406e-07,1.94901563e-01
2.44356406e-07,1.94898438e-01
2.44396406e-07,1.94903125e-01
2.44436406e-07,1.94896875e-01
2.44476406e-07,1.94903125e-01
2.44516406e-07,1.94896875e-01
2.44556406e-07,1.94903125e-01
2.44596406e-07,1.94896875e-01
2.44636406e-07,1.94903125e-01
2.44676406e-07,1.94895313e-01
2.44716406e-07,1.94904688e-01
2.44756406e-07,1.94895313e-01
2.44796406e-07,1.94904688e-01
2.44836406e-07,1.94893750e-01
2.44876406e-07,1.94906250e-01
2.44916406e-07,1.94893750e-01
2.44956406e-07,1.94907812e-01
2.44996406e-07,1.94892188e-01
2.45036406e-07,1.94909375e-01
2.45076406e-07,1.94889063e-01
2.45116406e-07,1.94912500e-01
2.45156406e-07,1.94884375e-01
2.45196406e-07,1.94920312e-01
2.45236406e-07,1.94870313e-01
2.45276406e-07,1.94954688e-01
2.45316406e-07,1.94692188e-01
2.45356406e-07,1.94445313e-01
2.45396406e-07,1.94531250e-01
2.45436406e-07,1.94478125e-01
2.45476406e-07,1.94517188e-01
2.45516406e-07,1.94485938e-01
2.45556406e-07,1.94512500e-01
2.45596406e-07,1.94489063e-01
2.45636406e-07,1.94509375e-01
2.45676406e-07,1.94490625e-01
2.45716406e-07,1.94509375e-01
2.45756406e-07,1.94490625e-01
2.45796406e-07,1.94509375e-01
2.45836406e-07,1.94490625e-01
2.45876406e-07,1.94510938e-01
2.45916406e-07,1.94487500e-01
2.45956406e-07,1.94514063e-01
2.45996406e-07,1.94484375e-01
2.46036406e-07,1.94521875e-01
2.46076406e-07,1.94468750e-01
2.46116406e-07,1.94554688e-01
2.46156406e-07,1.94292188e-01
2.46196406e-07,1.94045313e-01
2.46236406e-07,1.94131250e-01
2.46276406e-07,1.94078125e-01
2.46316406e-07,1.94117188e-01
2.46356406e-07,1.94085937e-01
2.46396406e-07,1.94112500e-01
2.46436406e-07,1.94089063e-01
2.46476406e-07,1.94109375e-01
2.46516406e-07,1.94090625e-01
2.46556406e-07,1.94107813e-01
2.46596406e-07,1.94092188e-01
2.46636406e-07,1.94107813e-01
2.46676406e-07,1.94092188e-01
2.46716406e-07,1.94106250e-01
2.46756406e-07,1.94093750e-01
2.46796406e-07,1.94106250e-01
2.46836406e-07,1.94093750e-01
2.46876406e-07,1.94106250e-01
2.46916406e-07,1.94093750e-01
2.46956406e-07,1.94106250e-01
2.46996406e-07,1.94093750e-01
2.47036406e-07,1.94106250e-01
2.47076406e-07,1.94093750e-01
2.47116406e-07,1.94107813e-01
2.47156406e-07,1.94092188e-01
2.47196406e-07,1.94107813e-01
2.47236406e-07,1.94092188e-01
2.47276406e-07,1.94107813e-01
2.47316406e-07,1.94090625e-01
2.47356406e-07,1.94109375e-01
2.47396406e-07,1.94090625e-01
2.47436406e-07,1.94110937e-01
2.47476406e-07,1.94087500e-01
2.47516406e-07,1.94114063e-01
2.47556406e-07,1.94084375e-01
2.47596406e-07,1.94118750e-01
2.47636406e-07,1.94076562e-01
2.47676406e-07,1.94132813e-01
2.47716406e-07,1.94042188e-01
2.47756406e-07,1.94312500e-01
2.47796406e-07,1.94550000e-01
2.47836406e-07,1.94473438e-01
2.47876406e-07,1.94517188e-01
2.47916406e-07,1.94487500e-01
2.47956406e-07,1.94509375e-01
2.47996406e-07,1.94493750e-01
2.48036406e-07,1.94504687e-01
2.48076406e-07,1.94495313e-01
2.48116406e-07,1.94503125e-01
2.48156406e-07,1.94498438e-01
2.48196406e-07,1.94501563e-01
2.48236406e-07,1.94498438e-01
2.48276406e-07,1.94500000e-01
2.48316406e-07,1.94500000e-01
2.48356406e-07,1.94498438e-01
2.48396406e-07,1.94501563e-01
2.48436406e-07,1.94498438e-01
2.48476406e-07,1.94501563e-01
2.48516406e-07,1.94496875e-01
2.48556406e-07,1.94503125e-01
2.48596406e-07,1.94495313e-01
2.48636406e-07,1.94504687e-01
2.48676406e-07,1.94493750e-01
2.48716406e-07,1.94506250e-01
2.48756406e-07,1.94492187e-01
2.48796406e-07,1.94509375e-01
2.48836406e-07,1.94489063e-01
2.48876406e-07,1.94512500e-01
2.48916406e-07,1.94482813e-01
2.48956406e-07,1.94521875e-01
2.48996406e-07,1.94468750e-01
2.49036406e-07,1.94557813e-01
2.49076406e-07,1.94289062e-01
2.49116406e-07,1.94048438e-01
2.49156406e-07,1.94126563e-01
2.49196406e-07,1.94082813e-01
2.49236406e-07,1.94110937e-01
2.49276406e-07,1.94093750e-01
2.49316406e-07,1.94103125e-01
2.49356406e-07,1.94100000e-01
2.49396406e-07,1.94095313e-01
2.49436406e-07,1.94110937e-01
2.49476406e-07,1.94078125e-01
2.49516406e-07,1.94146875e-01
2.49556406e-07,1.93900000e-01
2.49596406e-07,1.93637500e-01
2.49636406e-07,1.93737500e-01
2.49676406e-07,1.93671875e-01
2.49716406e-07,1.93721875e-01
2.49756406e-07,1.93681250e-01
2.49796406e-07,1.93717187e-01
2.49836406e-07,1.93684375e-01
2.49876406e-07,1.93714063e-01
2.49916406e-07,1.93687500e-01
2.49956406e-07,1.93712500e-01
2.49996406e-07,1.93687500e-01
2.50036406e-07,1.93710938e-01
2.50076406e-07,1.93689063e-01
2.50116406e-07,1.93710938e-01
2.50156406e-07,1.93690625e-01
2.50196406e-07,1.93709375e-01
2.50236406e-07,1.93690625e-01
2.50276406e-07,1.93709375e-01
2.50316406e-07,1.93690625e-01
2.50356406e-07,1.93709375e-01
2.50396406e-07,1.93692188e-01
2.50436406e-07,1.93707813e-01
2.50476406e-07,1.93692188e-01
2.50516406e-07,1.93707813e-01
2.50556406e-07,1.93692188e-01
2.50596406e-07,1.93707813e-01
2.50636406e-07,1.93692188e-01
2.50676406e-07,1.93707813e-01
2.50716406e-07,1.93692188e-01
2.50756406e-07,1.93707813e-01
2.50796406e-07,1.93692188e-01
2.50836406e-07,1.93707813e-01
2.50876406e-07,1.93692188e-01
2.50916406e-07,1.93707813e-01
2.50956406e-07,1.93692188e-01
2.50996406e-07,1.93707813e-01
2.51036406e-07,1.93692188e-01
2.51076406e-07,1.93707813e-01
2.51116406e-07,1.93692188e-01
2.51156406e-07,1.93707813e-01
2.51196406e-07,1.93692188e-01
2.51236406e-07,1.93707813e-01
2.51276406e-07,1.93692188e-01
2.51316406e-07,1.93707813e-01
2.51356406e-07,1.93692188e-01
2.51396406e-07,1.93707813e-01
2.51436406e-07,1.93692188e-01
2.51476406e-07,1.93707813e-01
2.51516406e-07,1.93692188e-01
2.51556406e-07,1.93707813e-01
2.51596406e-07,1.93692188e-01
2.51636406e-07,1.93709375e-01
2.51676406e-07,1.93690625e-01
2.51716406e-07,1.93709375e-01
2.51756406e-07,1.93690625e-01
2.51796406e-07,1.93709375e-01
2.51836406e-07,1.93690625e-01
2.51876406e-07,1.93710938e-01
2.51916406e-07,1.93689063e-01
2.51956406e-07,1.93710938e-01
2.51996406e-07,1.93687500e-01
2.52036406e-07,1.93712500e-01
2.52076406e-07,1.93685938e-01
2.52116406e-07,1.93714063e-01
2.52156406e-07,1.93684375e-01
2.52196406e-07,1.93718750e-01
2.52236406e-07,1.93678125e-01
2.52276406e-07,1.93726563e-01
2.52316406e-07,1.93664063e-01
2.52356406e-07,1.93760938e-01
2.52396406e-07,1.93485938e-01
2.52436406e-07,1.93253125e-01
2.52476406e-07,1.93323438e-01
2.52516406e-07,1.93285938e-01
2.52556406e-07,1.93309375e-01
2.52596406e-07,1.93293750e-01
2.52636406e-07,1.93303125e-01
2.52676406e-07,1.93298438e-01
2.52716406e-07,1.93301562e-01
2.52756406e-07,1.93300000e-01
2.52796406e-07,1.93298438e-01
2.52836406e-07,1.93301562e-01
2.52876406e-07,1.93296875e-01
2.52916406e-07,1.93303125e-01
2.52956406e-07,1.93296875e-01
2.52996406e-07,1.93304688e-01
2.53036406e-07,1.93295313e-01
2.53076406e-07,1.93306250e-01
2.53116406e-07,1.93293750e-01
2.53156406e-07,1.93306250e-01
2.53196406e-07,1.93292188e-01
2.53236406e-07,1.93307813e-01
2.53276406e-07,1.93290625e-01
2.53316406e-07,1.93310938e-01
2.53356406e-07,1.93289062e-01
2.53396406e-07,1.93314062e-01
2.53436406e-07,1.93284375e-01
2.53476406e-07,1.93318750e-01
2.53516406e-07,1.93275000e-01
2.53556406e-07,1.93334375e-01
2.53596406e-07,1.93240625e-01
2.53636406e-07,1.93512500e-01
2.53676406e-07,1.93748438e-01
2.53716406e-07,1.93675000e-01
2.53756406e-07,1.93714063e-01
2.53796406e-07,1.93690625e-01
2.53836406e-07,1.93704688e-01
2.53876406e-07,1.93698438e-01
2.53916406e-07,1.93700000e-01
2.53956406e-07,1.93703125e-01
2.53996406e-07,1.93693750e-01
2.54036406e-07,1.93709375e-01
2.54076406e-07,1.93684375e-01
2.54116406e-07,1.93725000e-01
2.54156406e-07,1.93648437e-01
2.54196406e-07,1.93904688e-01
2.54236406e-07,1.94157812e-01
2.54276406e-07,1.94067188e-01
2.54316406e-07,1.94123437e-01
2.54356406e-07,1.94081250e-01
2.54396406e-07,1.94115625e-01
2.54436406e-07,1.94087500e-01
2.54476406e-07,1.94110937e-01
2.54516406e-07,1.94089063e-01
2.54556406e-07,1.94109375e-01
2.54596406e-07,1.94092188e-01
2.54636406e-07,1.94107813e-01
2.54676406e-07,1.94092188e-01
2.54716406e-07,1.94106250e-01
2.54756406e-07,1.94093750e-01
2.54796406e-07,1.94106250e-01
2.54836406e-07,1.94093750e-01
2.54876406e-07,1.94106250e-01
2.54916406e-07,1.94093750e-01
2.54956406e-07,1.94104688e-01
2.54996406e-07,1.94095313e-01
2.55036406e-07,1.94104688e-01
2.55076406e-07,1.94095313e-01
2.55116406e-07,1.94104688e-01
2.55156406e-07,1.94095313e-01
2.55196406e-07,1.94106250e-01
2.55236406e-07,1.94093750e-01
2.55276406e-07,1.94106250e-01
2.55316406e-07,1.94093750e-01
2.55356406e-07,1.94106250e-01
2.55396406e-07,1.94092188e-01
2.55436406e-07,1.94109375e-01
2.55476406e-07,1.94090625e-01
2.55516406e-07,1.94112500e-01
2.55556406e-07,1.94085937e-01
2.55596406e-07,1.94120313e-01
2.55636406e-07,1.94070313e-01
2.55676406e-07,1.94154688e-01
2.55716406e-07,1.93893750e-01
2.55756406e-07,1.93643750e-01
2.55796406e-07,1.93731250e-01
2.55836406e-07,1.93678125e-01
2.55876406e-07,1.93717187e-01
2.55916406e-07,1.93684375e-01
2.55956406e-07,1.93712500e-01
2.55996406e-07,1.93689063e-01
2.56036406e-07,1.93710938e-01
2.56076406e-07,1.93690625e-01
2.56116406e-07,1.93709375e-01
2.56156406e-07,1.93690625e-01
2.56196406e-07,1.93709375e-01
2.56236406e-07,1.93692188e-01
2.56276406e-07,1.93707813e-01
2.56316406e-07,1.93692188e-01
2.56356406e-07,1.93707813e-01
2.56396406e-07,1.93692188e-01
2.56436406e-07,1.93707813e-01
2.56476406e-07,1.93692188e-01
2.56516406e-07,1.93707813e-01
2.56556406e-07,1.93690625e-01
2.56596406e-07,1.93709375e-01
2.56636406e-07,1.93690625e-01
2.56676406e-07,1.93709375e-01
2.56716406e-07,1.93690625e-01
2.56756406e-07,1.93710938e-01
2.56796406e-07,1.93689063e-01
2.56836406e-07,1.93710938e-01
2.56876406e-07,1.93687500e-01
2.56916406e-07,1.93712500e-01
2.56956406e-07,1.93685938e-01
2.56996406e-07,1.93715625e-01
2.57036406e-07,1.93682812e-01
2.57076406e-07,1.93720313e-01
2.57116406e-07,1.93673438e-01
2.57156406e-07,1.93735938e-01
2.57196406e-07,1.93639063e-01
2.57236406e-07,1.93914063e-01
2.57276406e-07,1.94148437e-01
2.57316406e-07,1.94076562e-01
2.57356406e-07,1.94114063e-01
2.57396406e-07,1.94090625e-01
2.57436406e-07,1.94106250e-01
2.57476406e-07,1.94096875e-01
2.57516406e-07,1.94101563e-01
2.57556406e-07,1.94100000e-01
2.57596406e-07,1.94098437e-01
2.57636406e-07,1.94101563e-01
2.57676406e-07,1.94096875e-01
2.57716406e-07,1.94104688e-01
2.57756406e-07,1.94093750e-01
2.57796406e-07,1.94106250e-01
2.57836406e-07,1.94092188e-01
2.57876406e-07,1.94109375e-01
2.57916406e-07,1.94087500e-01
2.57956406e-07,1.94115625e-01
2.57996406e-07,1.94078125e-01
2.58036406e-07,1.94131250e-01
2.58076406e-07,1.94043750e-01
2.58116406e-07,1.94309375e-01
2.58156406e-07,1.94553125e-01
2.58196406e-07,1.94471875e-01
2.58236406e-07,1.94518750e-01
2.58276406e-07,1.94485938e-01
2.58316406e-07,1.94510938e-01
2.58356406e-07,1.94492187e-01
2.58396406e-07,1.94506250e-01
2.58436406e-07,1.94493750e-01
2.58476406e-07,1.94504687e-01
2.58516406e-07,1.94496875e-01
2.58556406e-07,1.94503125e-01
2.58596406e-07,1.94498438e-01
2.58636406e-07,1.94501563e-01
2.58676406e-07,1.94498438e-01
2.58716406e-07,1.94500000e-01
2.58756406e-07,1.94500000e-01
2.58796406e-07,1.94500000e-01
2.58836406e-07,1.94501563e-01
2.58876406e-07,1.94498438e-01
2.58916406e-07,1.94501563e-01
2.58956406e-07,1.94498438e-01
2.58996406e-07,1.94503125e-01
2.59036406e-07,1.94496875e-01
2.59076406e-07,1.94503125e-01
2.59116406e-07,1.94496875e-01
2.59156406e-07,1.94504687e-01
2.59196406e-07,1.94495313e-01
2.59236406e-07,1.94504687e-01
2.59276406e-07,1.94493750e-01
2.59316406e-07,1.94506250e-01
2.59356406e-07,1.94492187e-01
2.59396406e-07,1.94507813e-01
2.59436406e-07,1.94490625e-01
2.59476406e-07,1.94510938e-01
2.59516406e-07,1.94487500e-01
2.59556406e-07,1.94514063e-01
2.59596406e-07,1.94482813e-01
2.59636406e-07,1.94523438e-01
2.59676406e-07,1.94467187e-01
2.59716406e-07,1.94557813e-01
2.59756406e-07,1.94289062e-01
2.59796406e-07,1.94050000e-01
2.59836406e-07,1.94126563e-01
2.59876406e-07,1.94082813e-01
2.59916406e-07,1.94110937e-01
2.59956406e-07,1.94092188e-01
2.59996406e-07,1.94104688e-01
2.60036406e-07,1.94096875e-01
2.60076406e-07,1.94101563e-01
2.60116406e-07,1.94100000e-01
2.60156406e-07,1.94098437e-01
2.60196406e-07,1.94101563e-01
2.60236406e-07,1.94096875e-01
2.60276406e-07,1.94104688e-01
2.60316406e-07,1.94093750e-01
2.60356406e-07,1.94109375e-01
2.60396406e-07,1.94089063e-01
2.60436406e-07,1.94115625e-01
2.60476406e-07,1.94079688e-01
2.60516406e-07,1.94131250e-01
2.60556406e-07,1.94043750e-01
2.60596406e-07,1.94309375e-01
2.60636406e-07,1.94551562e-01
2.60676406e-07,1.94473438e-01
2.60716406e-07,1.94517188e-01
2.60756406e-07,1.94489063e-01
2.60796406e-07,1.94506250e-01
2.60836406e-07,1.94496875e-01
2.60876406e-07,1.94500000e-01
2.60916406e-07,1.94504687e-01
2.60956406e-07,1.94490625e-01
2.60996406e-07,1.94520313e-01
2.61036406e-07,1.94454688e-01
2.61076406e-07,1.94698438e-01
2.61116406e-07,1.94964063e-01
2.61156406e-07,1.94859375e-01
2.61196406e-07,1.94931250e-01
2.61236406e-07,1.94871875e-01
2.61276406e-07,1.94928125e-01
2.61316406e-07,1.94870313e-01
2.61356406e-07,1.94937500e-01
2.61396406e-07,1.94839062e-01
2.61436406e-07,1.95112500e-01
2.61476406e-07,1.95351563e-01
2.61516406e-07,1.95270313e-01
2.61556406e-07,1.95321875e-01
2.61596406e-07,1.95281250e-01
2.61636406e-07,1.95318750e-01
2.61676406e-07,1.95281250e-01
2.61716406e-07,1.95321875e-01
2.61756406e-07,1.95273438e-01
2.61796406e-07,1.95335938e-01
2.61836406e-07,1.95239063e-01
2.61876406e-07,1.95514063e-01
2.61916406e-07,1.95748438e-01
2.61956406e-07,1.95676563e-01
2.61996406e-07,1.95714063e-01
2.62036406e-07,1.95692188e-01
2.62076406e-07,1.95704688e-01
2.62116406e-07,1.95698438e-01
2.62156406e-07,1.95698438e-01
2.62196406e-07,1.95706250e-01
2.62236406e-07,1.95690625e-01
2.62276406e-07,1.95715625e-01
2.62316406e-07,1.95673438e-01
2.62356406e-07,1.95753125e-01
2.62396406e-07,1.95493750e-01
2.62436406e-07,1.95245313e-01
2.62476406e-07,1.95329688e-01
2.62516406e-07,1.95279688e-01
2.62556406e-07,1.95314062e-01
2.62596406e-07,1.95290625e-01
2.62636406e-07,1.95304688e-01
2.62676406e-07,1.95298438e-01
2.62716406e-07,1.95296875e-01
2.62756406e-07,1.95310938e-01
2.62796406e-07,1.95278125e-01
2.62836406e-07,1.95346875e-01
2.62876406e-07,1.95098437e-01
2.62916406e-07,1.94840625e-01
2.62956406e-07,1.94932812e-01
2.62996406e-07,1.94878125e-01
2.63036406e-07,1.94914063e-01
2.63076406e-07,1.94893750e-01
2.63116406e-07,1.94893750e-01
2.63156406e-07,1.94932812e-01
2.63196406e-07,1.94714063e-01
2.63236406e-07,1.94425000e-01
2.63276406e-07,1.94551562e-01
2.63316406e-07,1.94457812e-01
2.63356406e-07,1.94537500e-01
2.63396406e-07,1.94464063e-01
2.63436406e-07,1.94534375e-01
2.63476406e-07,1.94464063e-01
2.63516406e-07,1.94540625e-01
2.63556406e-07,1.94451563e-01
2.63596406e-07,1.94571875e-01
2.63636406e-07,1.94275000e-01
2.63676406e-07,1.94060938e-01
2.63716406e-07,1.94115625e-01
2.63756406e-07,1.94093750e-01
2.63796406e-07,1.94101563e-01
2.63836406e-07,1.94100000e-01
2.63876406e-07,1.94098437e-01
2.63916406e-07,1.94103125e-01
2.63956406e-07,1.94095313e-01
2.63996406e-07,1.94104688e-01
2.64036406e-07,1.94095313e-01
2.64076406e-07,1.94104688e-01
2.64116406e-07,1.94093750e-01
2.64156406e-07,1.94106250e-01
2.64196406e-07,1.94093750e-01
2.64236406e-07,1.94106250e-01
2.64276406e-07,1.94093750e-01
2.64316406e-07,1.94106250e-01
2.64356406e-07,1.94093750e-01
2.64396406e-07,1.94106250e-01
2.64436406e-07,1.94093750e-01
2.64476406e-07,1.94106250e-01
2.64516406e-07,1.94093750e-01
2.64556406e-07,1.94106250e-01
2.64596406e-07,1.94093750e-01
2.64636406e-07,1.94106250e-01
2.64676406e-07,1.94093750e-01
2.64716406e-07,1.94106250e-01
2.64756406e-07,1.94093750e-01
2.64796406e-07,1.94106250e-01
2.64836406e-07,1.94093750e-01
2.64876406e-07,1.94106250e-01
2.64916406e-07,1.94093750e-01
2.64956406e-07,1.94106250e-01
2.64996406e-07,1.94093750e-01
2.65036406e-07,1.94106250e-01
2.65076406e-07,1.94093750e-01
2.65116406e-07,1.94106250e-01
2.65156406e-07,1.94093750e-01
2.65196406e-07,1.94106250e-01
2.65236406e-07,1.94093750e-01
2.65276406e-07,1.94107813e-01
2.65316406e-07,1.94092188e-01
2.65356406e-07,1.94107813e-01
2.65396406e-07,1.94092188e-01
2.65436406e-07,1.94107813e-01
2.65476406e-07,1.94092188e-01
2.65516406e-07,1.94107813e-01
2.65556406e-07,1.94092188e-01
2.65596406e-07,1.94107813e-01
2.65636406e-07,1.94090625e-01
2.65676406e-07,1.94109375e-01
2.65716406e-07,1.94090625e-01
2.65756406e-07,1.94109375e-01
2.65796406e-07,1.94089063e-01
2.65836406e-07,1.94110937e-01
2.65876406e-07,1.94087500e-01
2.65916406e-07,1.94112500e-01
2.65956406e-07,1.94085937e-01
2.65996406e-07,1.94117188e-01
2.66036406e-07,1.94079688e-01
2.66076406e-07,1.94125000e-01
2.66116406e-07,1.94065625e-01
2.66156406e-07,1.94159375e-01
2.66196406e-07,1.93887500e-01
2.66236406e-07,1.93650000e-01
2.66276406e-07,1.93725000e-01
2.66316406e-07,1.93684375e-01
2.66356406e-07,1.93710938e-01
2.66396406e-07,1.93692188e-01
2.66436406e-07,1.93704688e-01
2.66476406e-07,1.93696875e-01
2.66516406e-07,1.93701563e-01
2.66556406e-07,1.93698438e-01
2.66596406e-07,1.93700000e-01
2.66636406e-07,1.93701563e-01
2.66676406e-07,1.93698438e-01
2.66716406e-07,1.93703125e-01
2.66756406e-07,1.93695312e-01
2.66796406e-07,1.93706250e-01
2.66836406e-07,1.93692188e-01
2.66876406e-07,1.93710938e-01
2.66916406e-07,1.93682812e-01
2.66956406e-07,1.93726563e-01
2.66996406e-07,1.93648437e-01
2.67036406e-07,1.93904688e-01
2.67076406e-07,1.94157812e-01
2.67116406e-07,1.94065625e-01
2.67156406e-07,1.94125000e-01
2.67196406e-07,1.94079688e-01
2.67236406e-07,1.94117188e-01
2.67276406e-07,1.94084375e-01
2.67316406e-07,1.94114063e-01
2.67356406e-07,1.94085937e-01
2.67396406e-07,1.94114063e-01
2.67436406e-07,1.94087500e-01
2.67476406e-07,1.94112500e-01
2.67516406e-07,1.94085937e-01
2.67556406e-07,1.94114063e-01
2.67596406e-07,1.94085937e-01
2.67636406e-07,1.94115625e-01
2.67676406e-07,1.94081250e-01
2.67716406e-07,1.94120313e-01
2.67756406e-07,1.94073438e-01
2.67796406e-07,1.94135938e-01
2.67836406e-07,1.94039062e-01
2.67876406e-07,1.94314062e-01
2.67916406e-07,1.94548438e-01
2.67956406e-07,1.94475000e-01
2.67996406e-07,1.94515625e-01
2.68036406e-07,1.94490625e-01
2.68076406e-07,1.94506250e-01
2.68116406e-07,1.94495313e-01
2.68156406e-07,1.94501563e-01
2.68196406e-07,1.94500000e-01
2.68236406e-07,1.94498438e-01
2.68276406e-07,1.94503125e-01
2.68316406e-07,1.94495313e-01
2.68356406e-07,1.94506250e-01
2.68396406e-07,1.94490625e-01
2.68436406e-07,1.94512500e-01
2.68476406e-07,1.94482813e-01
2.68516406e-07,1.94528125e-01
2.68556406e-07,1.94446875e-01
2.68596406e-07,1.94706250e-01
2.68636406e-07,1.94954688e-01
2.68676406e-07,1.94868750e-01
2.68716406e-07,1.94920312e-01
2.68756406e-07,1.94884375e-01
2.68796406e-07,1.94910937e-01
2.68836406e-07,1.94890625e-01
2.68876406e-07,1.94906250e-01
2.68916406e-07,1.94896875e-01
2.68956406e-07,1.94900000e-01
2.68996406e-07,1.94903125e-01
2.69036406e-07,1.94890625e-01
2.69076406e-07,1.94918750e-01
2.69116406e-07,1.94856250e-01
2.69156406e-07,1.95096875e-01
2.69196406e-07,1.95364063e-01
2.69236406e-07,1.95259375e-01
2.69276406e-07,1.95331250e-01
2.69316406e-07,1.95273438e-01
2.69356406e-07,1.95323438e-01
2.69396406e-07,1.95279688e-01
2.69436406e-07,1.95318750e-01
2.69476406e-07,1.95281250e-01
2.69516406e-07,1.95317188e-01
2.69556406e-07,1.95282813e-01
2.69596406e-07,1.95315625e-01
2.69636406e-07,1.95284375e-01
2.69676406e-07,1.95315625e-01
2.69716406e-07,1.95284375e-01
2.69756406e-07,1.95315625e-01
2.69796406e-07,1.95284375e-01
2.69836406e-07,1.95315625e-01
2.69876406e-07,1.95284375e-01
2.69916406e-07,1.95315625e-01
2.69956406e-07,1.95284375e-01
2.69996406e-07,1.95315625e-01
2.70036406e-07,1.95284375e-01
2.70076406e-07,1.95317188e-01
2.70116406e-07,1.95282813e-01
2.70156406e-07,1.95318750e-01
2.70196406e-07,1.95281250e-01
2.70236406e-07,1.95320313e-01
2.70276406e-07,1.95278125e-01
2.70316406e-07,1.95325000e-01
2.70356406e-07,1.95271875e-01
2.70396406e-07,1.95332813e-01
2.70436406e-07,1.95256250e-01
2.70476406e-07,1.95368750e-01
2.70516406e-07,1.95078125e-01
2.70556406e-07,1.94860937e-01
2.70596406e-07,1.94914063e-01
2.70636406e-07,1.94896875e-01
2.70676406e-07,1.94896875e-01
2.70716406e-07,1.94907812e-01
2.70756406e-07,1.94885937e-01
2.70796406e-07,1.94920312e-01
2.70836406e-07,1.94868750e-01
2.70876406e-07,1.94957812e-01
2.70916406e-07,1.94687500e-01
2.70956406e-07,1.94451563e-01
2.70996406e-07,1.94523438e-01
2.71036406e-07,1.94487500e-01
2.71076406e-07,1.94506250e-01
2.71116406e-07,1.94500000e-01
2.71156406e-07,1.94495313e-01
2.71196406e-07,1.94510938e-01
2.71236406e-07,1.94478125e-01
2.71276406e-07,1.94548438e-01
2.71316406e-07,1.94298438e-01
2.71356406e-07,1.94040625e-01
2.71396406e-07,1.94134375e-01
2.71436406e-07,1.94075000e-01
2.71476406e-07,1.94120313e-01
2.71516406e-07,1.94084375e-01
2.71556406e-07,1.94114063e-01
2.71596406e-07,1.94087500e-01
2.71636406e-07,1.94110937e-01
2.71676406e-07,1.94090625e-01
2.71716406e-07,1.94109375e-01
2.71756406e-07,1.94092188e-01
2.71796406e-07,1.94107813e-01
2.71836406e-07,1.94093750e-01
2.71876406e-07,1.94106250e-01
2.71916406e-07,1.94093750e-01
2.71956406e-07,1.94106250e-01
2.71996406e-07,1.94093750e-01
2.72036406e-07,1.94104688e-01
2.72076406e-07,1.94095313e-01
2.72116406e-07,1.94104688e-01
2.72156406e-07,1.94095313e-01
2.72196406e-07,1.94104688e-01
2.72236406e-07,1.94095313e-01
2.72276406e-07,1.94104688e-01
2.72316406e-07,1.94095313e-01
2.72356406e-07,1.94104688e-01
2.72396406e-07,1.94095313e-01
2.72436406e-07,1.94104688e-01
2.72476406e-07,1.94095313e-01
2.72516406e-07,1.94104688e-01
2.72556406e-07,1.94093750e-01
2.72596406e-07,1.94106250e-01
2.72636406e-07,1.94092188e-01
2.72676406e-07,1.94107813e-01
2.72716406e-07,1.94089063e-01
2.72756406e-07,1.94112500e-01
2.72796406e-07,1.94082813e-01
2.72836406e-07,1.94126563e-01
2.72876406e-07,1.94048438e-01
2.72916406e-07,1.94304688e-01
2.72956406e-07,1.94559375e-01
2.72996406e-07,1.94464063e-01
2.73036406e-07,1.94526562e-01
2.73076406e-07,1.94478125e-01
2.73116406e-07,1.94520313e-01
2.73156406e-07,1.94479687e-01
2.73196406e-07,1.94520313e-01
2.73236406e-07,1.94479687e-01
2.73276406e-07,1.94523438e-01
2.73316406e-07,1.94471875e-01
2.73356406e-07,1.94537500e-01
2.73396406e-07,1.94439063e-01
2.73436406e-07,1.94714063e-01
2.73476406e-07,1.94948438e-01
2.73516406e-07,1.94875000e-01
2.73556406e-07,1.94915625e-01
2.73596406e-07,1.94889063e-01
2.73636406e-07,1.94907812e-01
2.73676406e-07,1.94895313e-01
2.73716406e-07,1.94903125e-01
2.73756406e-07,1.94896875e-01
2.73796406e-07,1.94901563e-01
2.73836406e-07,1.94900000e-01
2.73876406e-07,1.94900000e-01
2.73916406e-07,1.94901563e-01
2.73956406e-07,1.94898438e-01
2.73996406e-07,1.94901563e-01
2.74036406e-07,1.94896875e-01
2.74076406e-07,1.94903125e-01
2.74116406e-07,1.94895313e-01
2.74156406e-07,1.94906250e-01
2.74196406e-07,1.94893750e-01
2.74236406e-07,1.94907812e-01
2.74276406e-07,1.94889063e-01
2.74316406e-07,1.94914063e-01
2.74356406e-07,1.94881250e-01
2.74396406e-07,1.94928125e-01
2.74436406e-07,1.94846875e-01
2.74476406e-07,1.95106250e-01
2.74516406e-07,1.95354688e-01
2.74556406e-07,1.95268750e-01
2.74596406e-07,1.95321875e-01
2.74636406e-07,1.95282813e-01
2.74676406e-07,1.95314062e-01
2.74716406e-07,1.95289062e-01
2.74756406e-07,1.95309375e-01
2.74796406e-07,1.95290625e-01
2.74836406e-07,1.95307813e-01
2.74876406e-07,1.95292188e-01
2.74916406e-07,1.95306250e-01
2.74956406e-07,1.95293750e-01
2.74996406e-07,1.95306250e-01
2.75036406e-07,1.95295313e-01
2.75076406e-07,1.95304688e-01
2.75116406e-07,1.95295313e-01
2.75156406e-07,1.95304688e-01
2.75196406e-07,1.95295313e-01
2.75236406e-07,1.95303125e-01
2.75276406e-07,1.95296875e-01
2.75316406e-07,1.95303125e-01
2.75356406e-07,1.95296875e-01
2.75396406e-07,1.95303125e-01
2.75436406e-07,1.95296875e-01
2.75476406e-07,1.95303125e-01
2.75516406e-07,1.95296875e-01
2.75556406e-07,1.95303125e-01
2.75596406e-07,1.95298438e-01
2.75636406e-07,1.95301562e-01
2.75676406e-07,1.95298438e-01
2.75716406e-07,1.95301562e-01
2.75756406e-07,1.95298438e-01
2.75796406e-07,1.95301562e-01
2.75836406e-07,1.95298438e-01
2.75876406e-07,1.95301562e-01
2.75916406e-07,1.95298438e-01
2.75956406e-07,1.95301562e-01
2.75996406e-07,1.95298438e-01
2.76036406e-07,1.95300000e-01
2.76076406e-07,1.95300000e-01
2.76116406e-07,1.95300000e-01
2.76156406e-07,1.95300000e-01
2.76196406e-07,1.95300000e-01
2.76236406e-07,1.95300000e-01
2.76276406e-07,1.95300000e-01
2.76316406e-07,1.95300000e-01
2.76356406e-07,1.95298438e-01
2.76396406e-07,1.95301562e-01
2.76436406e-07,1.95298438e-01
2.76476406e-07,1.95301562e-01
2.76516406e-07,1.95296875e-01
2.76556406e-07,1.95303125e-01
2.76596406e-07,1.95296875e-01
2.76636406e-07,1.95304688e-01
2.76676406e-07,1.95293750e-01
2.76716406e-07,1.95307813e-01
2.76756406e-07,1.95290625e-01
2.76796406e-07,1.95312500e-01
2.76836406e-07,1.95282813e-01
2.76876406e-07,1.95326563e-01
2.76916406e-07,1.95248438e-01
2.76956406e-07,1.95504687e-01
2.76996406e-07,1.95756250e-01
2.77036406e-07,1.95667188e-01
2.77076406e-07,1.95723438e-01
2.77116406e-07,1.95681250e-01
2.77156406e-07,1.95715625e-01
2.77196406e-07,1.95685938e-01
2.77236406e-07,1.95712500e-01
2.77276406e-07,1.95689063e-01
2.77316406e-07,1.95710938e-01
2.77356406e-07,1.95690625e-01
2.77396406e-07,1.95709375e-01
2.77436406e-07,1.95690625e-01
2.77476406e-07,1.95707813e-01
2.77516406e-07,1.95692188e-01
2.77556406e-07,1.95707813e-01
2.77596406e-07,1.95692188e-01
2.77636406e-07,1.95707813e-01
2.77676406e-07,1.95692188e-01
2.77716406e-07,1.95707813e-01
2.77756406e-07,1.95692188e-01
2.77796406e-07,1.95707813e-01
2.77836406e-07,1.95692188e-01
2.77876406e-07,1.95707813e-01
2.77916406e-07,1.95692188e-01
2.77956406e-07,1.95707813e-01
2.77996406e-07,1.95692188e-01
2.78036406e-07,1.95707813e-01
2.78076406e-07,1.95692188e-01
2.78116406e-07,1.95707813e-01
2.78156406e-07,1.95692188e-01
2.78196406e-07,1.95709375e-01
2.78236406e-07,1.95690625e-01
2.78276406e-07,1.95709375e-01
2.78316406e-07,1.95689063e-01
2.78356406e-07,1.95710938e-01
2.78396406e-07,1.95687500e-01
2.78436406e-07,1.95715625e-01
2.78476406e-07,1.95681250e-01
2.78516406e-07,1.95723438e-01
2.78556406e-07,1.95667188e-01
2.78596406e-07,1.95757813e-01
2.78636406e-07,1.95489063e-01
2.78676406e-07,1.95248438e-01
2.78716406e-07,1.95328125e-01
2.78756406e-07,1.95281250e-01
2.78796406e-07,1.95314062e-01
2.78836406e-07,1.95289062e-01
2.78876406e-07,1.95309375e-01
2.78916406e-07,1.95292188e-01
2.78956406e-07,1.95306250e-01
2.78996406e-07,1.95293750e-01
2.79036406e-07,1.95306250e-01
2.79076406e-07,1.95295313e-01
2.79116406e-07,1.95304688e-01
2.79156406e-07,1.95295313e-01
2.79196406e-07,1.95304688e-01
2.79236406e-07,1.95295313e-01
2.79276406e-07,1.95304688e-01
2.79316406e-07,1.95295313e-01
2.79356406e-07,1.95304688e-01
2.79396406e-07,1.95295313e-01
2.79436406e-07,1.95304688e-01
2.79476406e-07,1.95295313e-01
2.79516406e-07,1.95306250e-01
2.79556406e-07,1.95293750e-01
2.79596406e-07,1.95306250e-01
2.79636406e-07,1.95292188e-01
2.79676406e-07,1.95307813e-01
2.79716406e-07,1.95290625e-01
2.79756406e-07,1.95312500e-01
2.79796406e-07,1.95284375e-01
2.79836406e-07,1.95320313e-01
2.79876406e-07,1.95270313e-01
2.79916406e-07,1.95354688e-01
2.79956406e-07,1.95092188e-01
2.79996406e-07,1.94845313e-01
2.80036406e-07,1.94929688e-01
2.80076406e-07,1.94879688e-01
2.80116406e-07,1.94915625e-01
2.80156406e-07,1.94887500e-01
2.80196406e-07,1.94909375e-01
2.80236406e-07,1.94892188e-01
2.80276406e-07,1.94906250e-01
2.80316406e-07,1.94895313e-01
2.80356406e-07,1.94901563e-01
2.80396406e-07,1.94900000e-01
2.80436406e-07,1.94896875e-01
2.80476406e-07,1.94909375e-01
2.80516406e-07,1.94881250e-01
2.80556406e-07,1.94943750e-01
2.80596406e-07,1.94703125e-01
2.80636406e-07,1.94432812e-01
2.80676406e-07,1.94542188e-01
2.80716406e-07,1.94465625e-01
2.80756406e-07,1.94529687e-01
2.80796406e-07,1.94471875e-01
2.80836406e-07,1.94526562e-01
2.80876406e-07,1.94473438e-01
2.80916406e-07,1.94528125e-01
2.80956406e-07,1.94470313e-01
2.80996406e-07,1.94534375e-01
2.81036406e-07,1.94456250e-01
2.81076406e-07,1.94568750e-01
2.81116406e-07,1.94278125e-01
2.81156406e-07,1.94059375e-01
2.81196406e-07,1.94117188e-01
2.81236406e-07,1.94092188e-01
2.81276406e-07,1.94101563e-01
2.81316406e-07,1.94101563e-01
2.81356406e-07,1.94096875e-01
2.81396406e-07,1.94106250e-01
2.81436406e-07,1.94090625e-01
2.81476406e-07,1.94110937e-01
2.81516406e-07,1.94084375e-01
2.81556406e-07,1.94120313e-01
2.81596406e-07,1.94070313e-01
2.81636406e-07,1.94156250e-01
2.81676406e-07,1.93890625e-01
2.81716406e-07,1.93646875e-01
2.81756406e-07,1.93729687e-01
2.81796406e-07,1.93679688e-01
2.81836406e-07,1.93714063e-01
2.81876406e-07,1.93689063e-01
2.81916406e-07,1.93709375e-01
2.81956406e-07,1.93692188e-01
2.81996406e-07,1.93706250e-01
2.82036406e-07,1.93693750e-01
2.82076406e-07,1.93704688e-01
2.82116406e-07,1.93695312e-01
2.82156406e-07,1.93704688e-01
2.82196406e-07,1.93695312e-01
2.82236406e-07,1.93704688e-01
2.82276406e-07,1.93696875e-01
2.82316406e-07,1.93703125e-01
2.82356406e-07,1.93696875e-01
2.82396406e-07,1.93703125e-01
2.82436406e-07,1.93696875e-01
2.82476406e-07,1.93704688e-01
2.82516406e-07,1.93695312e-01
2.82556406e-07,1.93704688e-01
2.82596406e-07,1.93693750e-01
2.82636406e-07,1.93706250e-01
2.82676406e-07,1.93692188e-01
2.82716406e-07,1.93709375e-01
2.82756406e-07,1.93687500e-01
2.82796406e-07,1.93717187e-01
2.82836406e-07,1.93673438e-01
2.82876406e-07,1.93751563e-01
2.82916406e-07,1.93495313e-01
2.82956406e-07,1.93242187e-01
2.82996406e-07,1.93334375e-01
2.83036406e-07,1.93275000e-01
2.83076406e-07,1.93320313e-01
2.83116406e-07,1.93282813e-01
2.83156406e-07,1.93315625e-01
2.83196406e-07,1.93285938e-01
2.83236406e-07,1.93314062e-01
2.83276406e-07,1.93287500e-01
2.83316406e-07,1.93312500e-01
2.83356406e-07,1.93287500e-01
2.83396406e-07,1.93310938e-01
2.83436406e-07,1.93289062e-01
2.83476406e-07,1.93310938e-01
2.83516406e-07,1.93289062e-01
2.83556406e-07,1.93312500e-01
2.83596406e-07,1.93287500e-01
2.83636406e-07,1.93312500e-01
2.83676406e-07,1.93287500e-01
2.83716406e-07,1.93312500e-01
2.83756406e-07,1.93285938e-01
2.83796406e-07,1.93314062e-01
2.83836406e-07,1.93284375e-01
2.83876406e-07,1.93317188e-01
2.83916406e-07,1.93281250e-01
2.83956406e-07,1.93321875e-01
2.83996406e-07,1.93271875e-01
2.84036406e-07,1.93337500e-01
2.84076406e-07,1.93237500e-01
2.84116406e-07,1.93515625e-01
2.84156406e-07,1.93746875e-01
2.84196406e-07,1.93678125e-01
2.84236406e-07,1.93712500e-01
2.84276406e-07,1.93692188e-01
2.84316406e-07,1.93704688e-01
2.84356406e-07,1.93696875e-01
2.84396406e-07,1.93701563e-01
2.84436406e-07,1.93700000e-01
2.84476406e-07,1.93698438e-01
2.84516406e-07,1.93703125e-01
2.84556406e-07,1.93696875e-01
2.84596406e-07,1.93704688e-01
2.84636406e-07,1.93695312e-01
2.84676406e-07,1.93706250e-01
2.84716406e-07,1.93693750e-01
2.84756406e-07,1.93707813e-01
2.84796406e-07,1.93690625e-01
2.84836406e-07,1.93709375e-01
2.84876406e-07,1.93689063e-01
2.84916406e-07,1.93712500e-01
2.84956406e-07,1.93684375e-01
2.84996406e-07,1.93718750e-01
2.85036406e-07,1.93675000e-01
2.85076406e-07,1.93734375e-01
2.85116406e-07,1.93640625e-01
2.85156406e-07,1.93912500e-01
2.85196406e-07,1.94148437e-01
2.85236406e-07,1.94075000e-01
2.85276406e-07,1.94114063e-01
2.85316406e-07,1.94090625e-01
2.85356406e-07,1.94106250e-01
2.85396406e-07,1.94096875e-01
2.85436406e-07,1.94101563e-01
2.85476406e-07,1.94101563e-01
2.85516406e-07,1.94096875e-01
2.85556406e-07,1.94104688e-01
2.85596406e-07,1.94092188e-01
2.85636406e-07,1.94109375e-01
2.85676406e-07,1.94085937e-01
2.85716406e-07,1.94118750e-01
2.85756406e-07,1.94070313e-01
2.85796406e-07,1.94154688e-01
2.85836406e-07,1.93892188e-01
2.85876406e-07,1.93646875e-01
2.85916406e-07,1.93729687e-01
2.85956406e-07,1.93681250e-01
2.85996406e-07,1.93714063e-01
2.86036406e-07,1.93690625e-01
2.86076406e-07,1.93707813e-01
2.86116406e-07,1.93695312e-01
2.86156406e-07,1.93703125e-01
2.86196406e-07,1.93700000e-01
2.86236406e-07,1.93698438e-01
2.86276406e-07,1.93704688e-01
2.86316406e-07,1.93692188e-01
2.86356406e-07,1.93714063e-01
2.86396406e-07,1.93676563e-01
2.86436406e-07,1.93748438e-01
2.86476406e-07,1.93498438e-01
2.86516406e-07,1.93240625e-01
2.86556406e-07,1.93335937e-01
2.86596406e-07,1.93273438e-01
2.86636406e-07,1.93320313e-01
2.86676406e-07,1.93282813e-01
2.86716406e-07,1.93315625e-01
2.86756406e-07,1.93285938e-01
2.86796406e-07,1.93312500e-01
2.86836406e-07,1.93287500e-01
2.86876406e-07,1.93310938e-01
2.86916406e-07,1.93289062e-01
2.86956406e-07,1.93310938e-01
2.86996406e-07,1.93290625e-01
2.87036406e-07,1.93309375e-01
2.87076406e-07,1.93290625e-01
2.87116406e-07,1.93309375e-01
2.87156406e-07,1.93290625e-01
2.87196406e-07,1.93309375e-01
2.87236406e-07,1.93290625e-01
2.87276406e-07,1.93309375e-01
2.87316406e-07,1.93289062e-01
2.87356406e-07,1.93310938e-01
2.87396406e-07,1.93289062e-01
2.87436406e-07,1.93312500e-01
2.87476406e-07,1.93285938e-01
2.87516406e-07,1.93317188e-01
2.87556406e-07,1.93278125e-01
2.87596406e-07,1.93331250e-01
2.87636406e-07,1.93243750e-01
2.87676406e-07,1.93509375e-01
2.87716406e-07,1.93753125e-01
2.87756406e-07,1.93670312e-01
2.87796406e-07,1.93720313e-01
2.87836406e-07,1.93684375e-01
2.87876406e-07,1.93712500e-01
2.87916406e-07,1.93689063e-01
2.87956406e-07,1.93709375e-01
2.87996406e-07,1.93690625e-01
2.88036406e-07,1.93707813e-01
2.88076406e-07,1.93692188e-01
2.88116406e-07,1.93707813e-01
2.88156406e-07,1.93692188e-01
2.88196406e-07,1.93707813e-01
2.88236406e-07,1.93692188e-01
2.88276406e-07,1.93707813e-01
2.88316406e-07,1.93692188e-01
2.88356406e-07,1.93709375e-01
2.88396406e-07,1.93690625e-01
2.88436406e-07,1.93710938e-01
2.88476406e-07,1.93689063e-01
2.88516406e-07,1.93714063e-01
2.88556406e-07,1.93684375e-01
2.88596406e-07,1.93721875e-01
2.88636406e-07,1.93668750e-01
2.88676406e-07,1.93754688e-01
2.88716406e-07,1.93492187e-01
2.88756406e-07,1.93245313e-01
2.88796406e-07,1.93331250e-01
2.88836406e-07,1.93276562e-01
2.88876406e-07,1.93318750e-01
2.88916406e-07,1.93282813e-01
2.88956406e-07,1.93317188e-01
2.88996406e-07,1.93282813e-01
2.89036406e-07,1.93321875e-01
2.89076406e-07,1.93270313e-01
2.89116406e-07,1.93353125e-01
2.89156406e-07,1.93093750e-01
2.89196406e-07,1.92842188e-01
2.89236406e-07,1.92935938e-01
2.89276406e-07,1.92873438e-01
2.89316406e-07,1.92923438e-01
2.89356406e-07,1.92876563e-01
2.89396406e-07,1.92923438e-01
2.89436406e-07,1.92875000e-01
2.89476406e-07,1.92929688e-01
2.89516406e-07,1.92860937e-01
2.89556406e-07,1.92964063e-01
2.89596406e-07,1.92684375e-01
2.89636406e-07,1.92454687e-01
2.89676406e-07,1.92521875e-01
2.89716406e-07,1.92487500e-01
2.89756406e-07,1.92507813e-01
2.89796406e-07,1.92495313e-01
2.89836406e-07,1.92501563e-01
2.89876406e-07,1.92500000e-01
2.89916406e-07,1.92496875e-01
2.89956406e-07,1.92504687e-01
2.89996406e-07,1.92493750e-01
2.90036406e-07,1.92507813e-01
2.90076406e-07,1.92489063e-01
2.90116406e-07,1.92514062e-01
2.90156406e-07,1.92479687e-01
2.90196406e-07,1.92531250e-01
2.90236406e-07,1.92443750e-01
2.90276406e-07,1.92709375e-01
2.90316406e-07,1.92951563e-01
2.90356406e-07,1.92873438e-01
2.90396406e-07,1.92915625e-01
2.90436406e-07,1.92890625e-01
2.90476406e-07,1.92904688e-01
2.90516406e-07,1.92900000e-01
2.90556406e-07,1.92893750e-01
2.90596406e-07,1.92917188e-01
2.90636406e-07,1.92857813e-01
2.90676406e-07,1.93095313e-01
2.90716406e-07,1.93367188e-01
2.90756406e-07,1.93256250e-01
2.90796406e-07,1.93337500e-01
2.90836406e-07,1.93264063e-01
2.90876406e-07,1.93342188e-01
2.90916406e-07,1.93237500e-01
2.90956406e-07,1.93512500e-01
2.90996406e-07,1.93751563e-01
2.91036406e-07,1.93668750e-01
2.91076406e-07,1.93726563e-01
2.91116406e-07,1.93671875e-01
2.91156406e-07,1.93735938e-01
2.91196406e-07,1.93640625e-01
2.91236406e-07,1.93912500e-01
2.91276406e-07,1.94150000e-01
2.91316406e-07,1.94075000e-01
2.91356406e-07,1.94114063e-01
2.91396406e-07,1.94093750e-01
2.91436406e-07,1.94098437e-01
2.91476406e-07,1.94112500e-01
2.91516406e-07,1.94062500e-01
2.91556406e-07,1.94292188e-01
2.91596406e-07,1.94570313e-01
2.91636406e-07,1.94453125e-01
2.91676406e-07,1.94537500e-01
2.91716406e-07,1.94467187e-01
2.91756406e-07,1.94531250e-01
2.91796406e-07,1.94468750e-01
2.91836406e-07,1.94532813e-01
2.91876406e-07,1.94464063e-01
2.91916406e-07,1.94545313e-01
2.91956406e-07,1.94431250e-01
2.91996406e-07,1.94720312e-01
2.92036406e-07,1.94942188e-01
2.92076406e-07,1.94881250e-01
2.92116406e-07,1.94909375e-01
2.92156406e-07,1.94895313e-01
2.92196406e-07,1.94903125e-01
2.92236406e-07,1.94900000e-01
2.92276406e-07,1.94900000e-01
2.92316406e-07,1.94901563e-01
2.92356406e-07,1.94898438e-01
2.92396406e-07,1.94903125e-01
2.92436406e-07,1.94896875e-01
2.92476406e-07,1.94903125e-01
2.92516406e-07,1.94896875e-01
2.92556406e-07,1.94904688e-01
2.92596406e-07,1.94895313e-01
2.92636406e-07,1.94904688e-01
2.92676406e-07,1.94895313e-01
2.92716406e-07,1.94904688e-01
2.92756406e-07,1.94895313e-01
2.92796406e-07,1.94904688e-01
2.92836406e-07,1.94893750e-01
2.92876406e-07,1.94906250e-01
2.92916406e-07,1.94893750e-01
2.92956406e-07,1.94906250e-01
2.92996406e-07,1.94892188e-01
2.93036406e-07,1.94907812e-01
2.93076406e-07,1.94890625e-01
2.93116406e-07,1.94909375e-01
2.93156406e-07,1.94889063e-01
2.93196406e-07,1.94914063e-01
2.93236406e-07,1.94884375e-01
2.93276406e-07,1.94921875e-01
2.93316406e-07,1.94868750e-01
2.93356406e-07,1.94956250e-01
2.93396406e-07,1.94692188e-01
2.93436406e-07,1.94446875e-01
2.93476406e-07,1.94529687e-01
2.93516406e-07,1.94479687e-01
2.93556406e-07,1.94515625e-01
2.93596406e-07,1.94485938e-01
2.93636406e-07,1.94510938e-01
2.93676406e-07,1.94489063e-01
2.93716406e-07,1.94509375e-01
2.93756406e-07,1.94490625e-01
2.93796406e-07,1.94509375e-01
2.93836406e-07,1.94490625e-01
2.93876406e-07,1.94509375e-01
2.93916406e-07,1.94489063e-01
2.93956406e-07,1.94510938e-01
2.93996406e-07,1.94487500e-01
2.94036406e-07,1.94515625e-01
2.94076406e-07,1.94479687e-01
2.94116406e-07,1.94529687e-01
2.94156406e-07,1.94445313e-01
2.94196406e-07,1.94707813e-01
2.94236406e-07,1.94954688e-01
2.94276406e-07,1.94868750e-01
2.94316406e-07,1.94921875e-01
2.94356406e-07,1.94882813e-01
2.94396406e-07,1.94915625e-01
2.94436406e-07,1.94885937e-01
2.94476406e-07,1.94912500e-01
2.94516406e-07,1.94887500e-01
2.94556406e-07,1.94910937e-01
2.94596406e-07,1.94887500e-01
2.94636406e-07,1.94912500e-01
2.94676406e-07,1.94887500e-01
2.94716406e-07,1.94914063e-01
2.94756406e-07,1.94884375e-01
2.94796406e-07,1.94918750e-01
2.94836406e-07,1.94876563e-01
2.94876406e-07,1.94932812e-01
2.94916406e-07,1.94842188e-01
2.94956406e-07,1.95109375e-01
2.94996406e-07,1.95353125e-01
2.95036406e-07,1.95271875e-01
2.95076406e-07,1.95318750e-01
2.95116406e-07,1.95285938e-01
2.95156406e-07,1.95312500e-01
2.95196406e-07,1.95290625e-01
2.95236406e-07,1.95307813e-01
2.95276406e-07,1.95292188e-01
2.95316406e-07,1.95306250e-01
2.95356406e-07,1.95293750e-01
2.95396406e-07,1.95306250e-01
2.95436406e-07,1.95293750e-01
2.95476406e-07,1.95304688e-01
2.95516406e-07,1.95295313e-01
2.95556406e-07,1.95304688e-01
2.95596406e-07,1.95295313e-01
2.95636406e-07,1.95304688e-01
2.95676406e-07,1.95295313e-01
2.95716406e-07,1.95304688e-01
2.95756406e-07,1.95295313e-01
2.95796406e-07,1.95304688e-01
2.95836406e-07,1.95295313e-01
2.95876406e-07,1.95304688e-01
2.95916406e-07,1.95293750e-01
2.95956406e-07,1.95306250e-01
2.95996406e-07,1.95293750e-01
2.96036406e-07,1.95306250e-01
2.96076406e-07,1.95293750e-01
2.96116406e-07,1.95307813e-01
2.96156406e-07,1.95292188e-01
2.96196406e-07,1.95307813e-01
2.96236406e-07,1.95290625e-01
2.96276406e-07,1.95309375e-01
2.96316406e-07,1.95289062e-01
2.96356406e-07,1.95312500e-01
2.96396406e-07,1.95285938e-01
2.96436406e-07,1.95315625e-01
2.96476406e-07,1.95279688e-01
2.96516406e-07,1.95325000e-01
2.96556406e-07,1.95265625e-01
2.96596406e-07,1.95360937e-01
2.96636406e-07,1.95085938e-01
2.96676406e-07,1.94853125e-01
2.96716406e-07,1.94921875e-01
2.96756406e-07,1.94887500e-01
2.96796406e-07,1.94904688e-01
2.96836406e-07,1.94900000e-01
2.96876406e-07,1.94895313e-01
2.96916406e-07,1.94912500e-01
2.96956406e-07,1.94876563e-01
2.96996406e-07,1.94950000e-01
2.97036406e-07,1.94696875e-01
2.97076406e-07,1.94442188e-01
2.97116406e-07,1.94531250e-01
2.97156406e-07,1.94479687e-01
2.97196406e-07,1.94512500e-01
2.97236406e-07,1.94495313e-01
2.97276406e-07,1.94493750e-01
2.97316406e-07,1.94532813e-01
2.97356406e-07,1.94314062e-01
2.97396406e-07,1.94025000e-01
2.97436406e-07,1.94153125e-01
2.97476406e-07,1.94056250e-01
2.97516406e-07,1.94140625e-01
2.97556406e-07,1.94059375e-01
2.97596406e-07,1.94143750e-01
2.97636406e-07,1.94048438e-01
2.97676406e-07,1.94176563e-01
2.97716406e-07,1.93871875e-01
2.97756406e-07,1.93665625e-01
2.97796406e-07,1.93709375e-01
2.97836406e-07,1.93701563e-01
2.97876406e-07,1.93692188e-01
2.97916406e-07,1.93715625e-01
2.97956406e-07,1.93673438e-01
2.97996406e-07,1.93753125e-01
2.98036406e-07,1.93493750e-01
2.98076406e-07,1.93243750e-01
2.98116406e-07,1.93332813e-01
2.98156406e-07,1.93276562e-01
2.98196406e-07,1.93320313e-01
2.98236406e-07,1.93282813e-01
2.98276406e-07,1.93317188e-01
2.98316406e-07,1.93281250e-01
2.98356406e-07,1.93321875e-01
2.98396406e-07,1.93268750e-01
2.98436406e-07,1.93354688e-01
2.98476406e-07,1.93092188e-01
2.98516406e-07,1.92843750e-01
2.98556406e-07,1.92932812e-01
2.98596406e-07,1.92876563e-01
2.98636406e-07,1.92920312e-01
2.98676406e-07,1.92882813e-01
2.98716406e-07,1.92915625e-01
2.98756406e-07,1.92884375e-01
2.98796406e-07,1.92915625e-01
2.98836406e-07,1.92882813e-01
2.98876406e-07,1.92918750e-01
2.98916406e-07,1.92879688e-01
2.98956406e-07,1.92925000e-01
2.98996406e-07,1.92865625e-01
2.99036406e-07,1.92959375e-01
2.99076406e-07,1.92687500e-01
2.99116406e-07,1.92450000e-01
2.99156406e-07,1.92526562e-01
2.99196406e-07,1.92482813e-01
2.99236406e-07,1.92512500e-01
2.99276406e-07,1.92490625e-01
2.99316406e-07,1.92507813e-01
2.99356406e-07,1.92493750e-01
2.99396406e-07,1.92506250e-01
2.99436406e-07,1.92495313e-01
2.99476406e-07,1.92504687e-01
2.99516406e-07,1.92495313e-01
2.99556406e-07,1.92504687e-01
2.99596406e-07,1.92496875e-01
2.99636406e-07,1.92503125e-01
2.99676406e-07,1.92496875e-01
2.99716406e-07,1.92504687e-01
2.99756406e-07,1.92495313e-01
2.99796406e-07,1.92504687e-01
2.99836406e-07,1.92495313e-01
2.99876406e-07,1.92506250e-01
2.99916406e-07,1.92493750e-01
2.99956406e-07,1.92507813e-01
2.99996406e-07,1.92490625e-01
3.00036406e-07,1.92512500e-01
3.00076406e-07,1.92482813e-01
3.00116406e-07,1.92526562e-01
3.00156406e-07,1.92448438e-01
3.00196406e-07,1.92704687e-01
3.00236406e-07,1.92957812e-01
3.00276406e-07,1.92865625e-01
3.00316406e-07,1.92926563e-01
3.00356406e-07,1.92878125e-01
3.00396406e-07,1.92918750e-01
3.00436406e-07,1.92882813e-01
3.00476406e-07,1.92917188e-01
3.00516406e-07,1.92882813e-01
3.00556406e-07,1.92917188e-01
3.00596406e-07,1.92881250e-01
3.00636406e-07,1.92920312e-01
3.00676406e-07,1.92875000e-01
3.00716406e-07,1.92934375e-01
3.00756406e-07,1.92840625e-01
3.00796406e-07,1.93110937e-01
3.00836406e-07,1.93351563e-01
3.00876406e-07,1.93271875e-01
3.00916406e-07,1.93320313e-01
3.00956406e-07,1.93282813e-01
3.00996406e-07,1.93314062e-01
3.01036406e-07,1.93285938e-01
3.01076406e-07,1.93315625e-01
3.01116406e-07,1.93279688e-01
3.01156406e-07,1.93328125e-01
3.01196406e-07,1.93246875e-01
3.01236406e-07,1.93504687e-01
3.01276406e-07,1.93757813e-01
3.01316406e-07,1.93665625e-01
3.01356406e-07,1.93726563e-01
3.01396406e-07,1.93678125e-01
3.01436406e-07,1.93718750e-01
3.01476406e-07,1.93681250e-01
3.01516406e-07,1.93717187e-01
3.01556406e-07,1.93682812e-01
3.01596406e-07,1.93717187e-01
3.01636406e-07,1.93681250e-01
3.01676406e-07,1.93720313e-01
3.01716406e-07,1.93678125e-01
3.01756406e-07,1.93725000e-01
3.01796406e-07,1.93670312e-01
3.01836406e-07,1.93740625e-01
3.01876406e-07,1.93634375e-01
3.01916406e-07,1.93918750e-01
3.01956406e-07,1.94142188e-01
3.01996406e-07,1.94082813e-01
3.02036406e-07,1.94106250e-01
3.02076406e-07,1.94100000e-01
3.02116406e-07,1.94093750e-01
3.02156406e-07,1.94112500e-01
3.02196406e-07,1.94076562e-01
3.02236406e-07,1.94150000e-01
3.02276406e-07,1.93895312e-01
3.02316406e-07,1.93642188e-01
3.02356406e-07,1.93732813e-01
3.02396406e-07,1.93676563e-01
3.02436406e-07,1.93718750e-01
3.02476406e-07,1.93684375e-01
3.02516406e-07,1.93712500e-01
3.02556406e-07,1.93689063e-01
3.02596406e-07,1.93709375e-01
3.02636406e-07,1.93692188e-01
3.02676406e-07,1.93707813e-01
3.02716406e-07,1.93692188e-01
3.02756406e-07,1.93706250e-01
3.02796406e-07,1.93693750e-01
3.02836406e-07,1.93706250e-01
3.02876406e-07,1.93695312e-01
3.02916406e-07,1.93704688e-01
3.02956406e-07,1.93695312e-01
3.02996406e-07,1.93704688e-01
3.03036406e-07,1.93695312e-01
3.03076406e-07,1.93704688e-01
3.03116406e-07,1.93696875e-01
3.03156406e-07,1.93703125e-01
3.03196406e-07,1.93696875e-01
3.03236406e-07,1.93703125e-01
3.03276406e-07,1.93696875e-01
3.03316406e-07,1.93703125e-01
3.03356406e-07,1.93696875e-01
3.03396406e-07,1.93703125e-01
3.03436406e-07,1.93696875e-01
3.03476406e-07,1.93704688e-01
3.03516406e-07,1.93695312e-01
3.03556406e-07,1.93704688e-01
3.03596406e-07,1.93695312e-01
3.03636406e-07,1.93706250e-01
3.03676406e-07,1.93693750e-01
3.03716406e-07,1.93707813e-01
3.03756406e-07,1.93690625e-01
3.03796406e-07,1.93712500e-01
3.03836406e-07,1.93682812e-01
3.03876406e-07,1.93726563e-01
3.03916406e-07,1.93648437e-01
3.03956406e-07,1.93903125e-01
3.03996406e-07,1.94159375e-01
3.04036406e-07,1.94064062e-01
3.04076406e-07,1.94128125e-01
3.04116406e-07,1.94076562e-01
3.04156406e-07,1.94121875e-01
3.04196406e-07,1.94079688e-01
3.04236406e-07,1.94120313e-01
3.04276406e-07,1.94078125e-01
3.04316406e-07,1.94123437e-01
3.04356406e-07,1.94071875e-01
3.04396406e-07,1.94137500e-01
3.04436406e-07,1.94037500e-01
3.04476406e-07,1.94315625e-01
3.04516406e-07,1.94546875e-01
3.04556406e-07,1.94476563e-01
3.04596406e-07,1.94514063e-01
3.04636406e-07,1.94492187e-01
3.04676406e-07,1.94504687e-01
3.04716406e-07,1.94496875e-01
3.04756406e-07,1.94501563e-01
3.04796406e-07,1.94500000e-01
3.04836406e-07,1.94498438e-01
3.04876406e-07,1.94503125e-01
3.04916406e-07,1.94495313e-01
3.04956406e-07,1.94507813e-01
3.04996406e-07,1.94490625e-01
3.05036406e-07,1.94512500e-01
3.05076406e-07,1.94481250e-01
3.05116406e-07,1.94528125e-01
3.05156406e-07,1.94446875e-01
3.05196406e-07,1.94706250e-01
3.05236406e-07,1.94954688e-01
3.05276406e-07,1.94868750e-01
3.05316406e-07,1.94921875e-01
3.05356406e-07,1.94882813e-01
3.05396406e-07,1.94912500e-01
3.05436406e-07,1.94889063e-01
3.05476406e-07,1.94909375e-01
3.05516406e-07,1.94892188e-01
3.05556406e-07,1.94906250e-01
3.05596406e-07,1.94893750e-01
3.05636406e-07,1.94904688e-01
3.05676406e-07,1.94895313e-01
3.05716406e-07,1.94903125e-01
3.05756406e-07,1.94896875e-01
3.05796406e-07,1.94901563e-01
3.05836406e-07,1.94900000e-01
3.05876406e-07,1.94900000e-01
3.05916406e-07,1.94901563e-01
3.05956406e-07,1.94896875e-01
3.05996406e-07,1.94906250e-01
3.06036406e-07,1.94890625e-01
3.06076406e-07,1.94914063e-01
3.06116406e-07,1.94876563e-01
3.06156406e-07,1.94948438e-01
3.06196406e-07,1.94698438e-01
3.06236406e-07,1.94439063e-01
3.06276406e-07,1.94535938e-01
3.06316406e-07,1.94473438e-01
3.06356406e-07,1.94521875e-01
3.06396406e-07,1.94481250e-01
3.06436406e-07,1.94517188e-01
3.06476406e-07,1.94484375e-01
3.06516406e-07,1.94514063e-01
3.06556406e-07,1.94485938e-01
3.06596406e-07,1.94512500e-01
3.06636406e-07,1.94487500e-01
3.06676406e-07,1.94512500e-01
3.06716406e-07,1.94487500e-01
3.06756406e-07,1.94510938e-01
3.06796406e-07,1.94489063e-01
3.06836406e-07,1.94510938e-01
3.06876406e-07,1.94489063e-01
3.06916406e-07,1.94510938e-01
3.06956406e-07,1.94489063e-01
3.06996406e-07,1.94510938e-01
3.07036406e-07,1.94489063e-01
3.07076406e-07,1.94510938e-01
3.07116406e-07,1.94487500e-01
3.07156406e-07,1.94512500e-01
3.07196406e-07,1.94487500e-01
3.07236406e-07,1.94512500e-01
3.07276406e-07,1.94485938e-01
3.07316406e-07,1.94514063e-01
3.07356406e-07,1.94484375e-01
3.07396406e-07,1.94517188e-01
3.07436406e-07,1.94481250e-01
3.07476406e-07,1.94521875e-01
3.07516406e-07,1.94471875e-01
3.07556406e-07,1.94537500e-01
3.07596406e-07,1.94437500e-01
3.07636406e-07,1.94715625e-01
3.07676406e-07,1.94946875e-01
3.07716406e-07,1.94878125e-01
3.07756406e-07,1.94912500e-01
3.07796406e-07,1.94892188e-01
3.07836406e-07,1.94904688e-01
3.07876406e-07,1.94898438e-01
3.07916406e-07,1.94900000e-01
3.07956406e-07,1.94901563e-01
3.07996406e-07,1.94896875e-01
3.08036406e-07,1.94904688e-01
3.08076406e-07,1.94893750e-01
3.08116406e-07,1.94907812e-01
3.08156406e-07,1.94889063e-01
3.08196406e-07,1.94914063e-01
3.08236406e-07,1.94879688e-01
3.08276406e-07,1.94929688e-01
3.08316406e-07,1.94845313e-01
3.08356406e-07,1.95107813e-01
3.08396406e-07,1.95354688e-01
3.08436406e-07,1.95270313e-01
3.08476406e-07,1.95320313e-01
3.08516406e-07,1.95284375e-01
3.08556406e-07,1.95312500e-01
3.08596406e-07,1.95289062e-01
3.08636406e-07,1.95309375e-01
3.08676406e-07,1.95292188e-01
3.08716406e-07,1.95306250e-01
3.08756406e-07,1.95293750e-01
3.08796406e-07,1.95304688e-01
3.08836406e-07,1.95295313e-01
3.08876406e-07,1.95304688e-01
3.08916406e-07,1.95296875e-01
3.08956406e-07,1.95303125e-01
3.08996406e-07,1.95296875e-01
3.09036406e-07,1.95303125e-01
3.09076406e-07,1.95298438e-01
3.09116406e-07,1.95301562e-01
3.09156406e-07,1.95298438e-01
3.09196406e-07,1.95301562e-01
3.09236406e-07,1.95298438e-01
3.09276406e-07,1.95301562e-01
3.09316406e-07,1.95300000e-01
3.09356406e-07,1.95300000e-01
3.09396406e-07,1.95300000e-01
3.09436406e-07,1.95300000e-01
3.09476406e-07,1.95300000e-01
3.09516406e-07,1.95300000e-01
3.09556406e-07,1.95301562e-01
3.09596406e-07,1.95298438e-01
3.09636406e-07,1.95301562e-01
3.09676406e-07,1.95296875e-01
3.09716406e-07,1.95303125e-01
3.09756406e-07,1.95295313e-01
3.09796406e-07,1.95304688e-01
3.09836406e-07,1.95293750e-01
3.09876406e-07,1.95307813e-01
3.09916406e-07,1.95289062e-01
3.09956406e-07,1.95315625e-01
3.09996406e-07,1.95275000e-01
3.10036406e-07,1.95350000e-01
3.10076406e-07,1.95096875e-01
3.10116406e-07,1.94840625e-01
3.10156406e-07,1.94935938e-01
3.10196406e-07,1.94871875e-01
3.10236406e-07,1.94923438e-01
3.10276406e-07,1.94878125e-01
3.10316406e-07,1.94921875e-01
3.10356406e-07,1.94876563e-01
3.10396406e-07,1.94926563e-01
3.10436406e-07,1.94865625e-01
3.10476406e-07,1.94959375e-01
3.10516406e-07,1.94689063e-01
3.10556406e-07,1.94446875e-01
3.10596406e-07,1.94529687e-01
3.10636406e-07,1.94478125e-01
3.10676406e-07,1.94520313e-01
3.10716406e-07,1.94479687e-01
3.10756406e-07,1.94523438e-01
3.10796406e-07,1.94468750e-01
3.10836406e-07,1.94554688e-01
3.10876406e-07,1.94293750e-01
3.10916406e-07,1.94042188e-01
3.10956406e-07,1.94134375e-01
3.10996406e-07,1.94073438e-01
3.11036406e-07,1.94123437e-01
3.11076406e-07,1.94078125e-01
3.11116406e-07,1.94121875e-01
3.11156406e-07,1.94076562e-01
3.11196406e-07,1.94128125e-01
3.11236406e-07,1.94064062e-01
3.11276406e-07,1.94160938e-01
3.11316406e-07,1.93885937e-01
3.11356406e-07,1.93650000e-01
3.11396406e-07,1.93726563e-01
3.11436406e-07,1.93682812e-01
3.11476406e-07,1.93712500e-01
3.11516406e-07,1.93690625e-01
3.11556406e-07,1.93707813e-01
3.11596406e-07,1.93693750e-01
3.11636406e-07,1.93704688e-01
3.11676406e-07,1.93695312e-01
3.11716406e-07,1.93703125e-01
3.11756406e-07,1.93696875e-01
3.11796406e-07,1.93703125e-01
3.11836406e-07,1.93696875e-01
3.11876406e-07,1.93701563e-01
3.11916406e-07,1.93698438e-01
3.11956406e-07,1.93701563e-01
3.11996406e-07,1.93698438e-01
3.12036406e-07,1.93701563e-01
3.12076406e-07,1.93698438e-01
3.12116406e-07,1.93701563e-01
3.12156406e-07,1.93700000e-01
3.12196406e-07,1.93700000e-01
3.12236406e-07,1.93700000e-01
3.12276406e-07,1.93700000e-01
3.12316406e-07,1.93700000e-01
3.12356406e-07,1.93700000e-01
3.12396406e-07,1.93700000e-01
3.12436406e-07,1.93698438e-01
3.12476406e-07,1.93701563e-01
3.12516406e-07,1.93698438e-01
3.12556406e-07,1.93703125e-01
3.12596406e-07,1.93696875e-01
3.12636406e-07,1.93704688e-01
3.12676406e-07,1.93693750e-01
3.12716406e-07,1.93709375e-01
3.12756406e-07,1.93685938e-01
3.12796406e-07,1.93723438e-01
3.12836406e-07,1.93651563e-01
3.12876406e-07,1.93900000e-01
3.12916406e-07,1.94162500e-01
3.12956406e-07,1.94060938e-01
3.12996406e-07,1.94131250e-01
3.13036406e-07,1.94073438e-01
3.13076406e-07,1.94126563e-01
3.13116406e-07,1.94073438e-01
3.13156406e-07,1.94128125e-01
3.13196406e-07,1.94067188e-01
3.13236406e-07,1.94140625e-01
3.13276406e-07,1.94034375e-01
3.13316406e-07,1.94318750e-01
3.13356406e-07,1.94543750e-01
3.13396406e-07,1.94481250e-01
3.13436406e-07,1.94509375e-01
3.13476406e-07,1.94496875e-01
3.13516406e-07,1.94498438e-01
3.13556406e-07,1.94506250e-01
3.13596406e-07,1.94487500e-01
3.13636406e-07,1.94521875e-01
3.13676406e-07,1.94453125e-01
3.13716406e-07,1.94700000e-01
3.13756406e-07,1.94960938e-01
3.13796406e-07,1.94862500e-01
3.13836406e-07,1.94929688e-01
3.13876406e-07,1.94875000e-01
3.13916406e-07,1.94923438e-01
3.13956406e-07,1.94876563e-01
3.13996406e-07,1.94925000e-01
3.14036406e-07,1.94871875e-01
3.14076406e-07,1.94937500e-01
3.14116406e-07,1.94839062e-01
3.14156406e-07,1.95114063e-01
3.14196406e-07,1.95350000e-01
3.14236406e-07,1.95273438e-01
3.14276406e-07,1.95317188e-01
3.14316406e-07,1.95287500e-01
3.14356406e-07,1.95309375e-01
3.14396406e-07,1.95292188e-01
3.14436406e-07,1.95306250e-01
3.14476406e-07,1.95293750e-01
3.14516406e-07,1.95306250e-01
3.14556406e-07,1.95295313e-01
3.14596406e-07,1.95304688e-01
3.14636406e-07,1.95295313e-01
3.14676406e-07,1.95304688e-01
3.14716406e-07,1.95295313e-01
3.14756406e-07,1.95304688e-01
3.14796406e-07,1.95295313e-01
3.14836406e-07,1.95304688e-01
3.14876406e-07,1.95295313e-01
3.14916406e-07,1.95304688e-01
3.14956406e-07,1.95295313e-01
3.14996406e-07,1.95304688e-01
3.15036406e-07,1.95295313e-01
3.15076406e-07,1.95304688e-01
3.15116406e-07,1.95295313e-01
3.15156406e-07,1.95306250e-01
3.15196406e-07,1.95293750e-01
3.15236406e-07,1.95306250e-01
3.15276406e-07,1.95293750e-01
3.15316406e-07,1.95307813e-01
3.15356406e-07,1.95292188e-01
3.15396406e-07,1.95309375e-01
3.15436406e-07,1.95289062e-01
3.15476406e-07,1.95312500e-01
3.15516406e-07,1.95284375e-01
3.15556406e-07,1.95321875e-01
3.15596406e-07,1.95268750e-01
3.15636406e-07,1.95356250e-01
3.15676406e-07,1.95090625e-01
3.15716406e-07,1.94846875e-01
3.15756406e-07,1.94929688e-01
3.15796406e-07,1.94879688e-01
3.15836406e-07,1.94915625e-01
3.15876406e-07,1.94887500e-01
3.15916406e-07,1.94909375e-01
3.15956406e-07,1.94892188e-01
3.15996406e-07,1.94907812e-01
3.16036406e-07,1.94893750e-01
3.16076406e-07,1.94906250e-01
3.16116406e-07,1.94895313e-01
3.16156406e-07,1.94904688e-01
3.16196406e-07,1.94895313e-01
3.16236406e-07,1.94903125e-01
3.16276406e-07,1.94896875e-01
3.16316406e-07,1.94903125e-01
3.16356406e-07,1.94896875e-01
3.16396406e-07,1.94901563e-01
3.16436406e-07,1.94898438e-01
3.16476406e-07,1.94901563e-01
3.16516406e-07,1.94898438e-01
3.16556406e-07,1.94901563e-01
3.16596406e-07,1.94900000e-01
3.16636406e-07,1.94900000e-01
3.16676406e-07,1.94900000e-01
3.16716406e-07,1.94900000e-01
3.16756406e-07,1.94901563e-01
3.16796406e-07,1.94898438e-01
3.16836406e-07,1.94903125e-01
3.16876406e-07,1.94896875e-01
3.16916406e-07,1.94904688e-01
3.16956406e-07,1.94893750e-01
3.16996406e-07,1.94907812e-01
3.17036406e-07,1.94889063e-01
3.17076406e-07,1.94915625e-01
3.17116406e-07,1.94875000e-01
3.17156406e-07,1.94950000e-01
3.17196406e-07,1.94696875e-01
3.17236406e-07,1.94440625e-01
3.17276406e-07,1.94535938e-01
3.17316406e-07,1.94473438e-01
3.17356406e-07,1.94521875e-01
3.17396406e-07,1.94481250e-01
3.17436406e-07,1.94517188e-01
3.17476406e-07,1.94484375e-01
3.17516406e-07,1.94515625e-01
3.17556406e-07,1.94484375e-01
3.17596406e-07,1.94514063e-01
3.17636406e-07,1.94484375e-01
3.17676406e-07,1.94515625e-01
3.17716406e-07,1.94484375e-01
3.17756406e-07,1.94517188e-01
3.17796406e-07,1.94481250e-01
3.17836406e-07,1.94521875e-01
3.17876406e-07,1.94473438e-01
3.17916406e-07,1.94535938e-01
3.17956406e-07,1.94439063e-01
3.17996406e-07,1.94714063e-01
3.18036406e-07,1.94948438e-01
3.18076406e-07,1.94875000e-01
3.18116406e-07,1.94915625e-01
3.18156406e-07,1.94890625e-01
3.18196406e-07,1.94906250e-01
3.18236406e-07,1.94895313e-01
3.18276406e-07,1.94903125e-01
3.18316406e-07,1.94898438e-01
3.18356406e-07,1.94901563e-01
3.18396406e-07,1.94900000e-01
3.18436406e-07,1.94898438e-01
3.18476406e-07,1.94901563e-01
3.18516406e-07,1.94896875e-01
3.18556406e-07,1.94903125e-01
3.18596406e-07,1.94895313e-01
3.18636406e-07,1.94906250e-01
3.18676406e-07,1.94892188e-01
3.18716406e-07,1.94910937e-01
3.18756406e-07,1.94882813e-01
3.18796406e-07,1.94926563e-01
3.18836406e-07,1.94848437e-01
3.18876406e-07,1.95103125e-01
3.18916406e-07,1.95359375e-01
3.18956406e-07,1.95264063e-01
3.18996406e-07,1.95326563e-01
3.19036406e-07,1.95278125e-01
3.19076406e-07,1.95320313e-01
3.19116406e-07,1.95281250e-01
3.19156406e-07,1.95318750e-01
3.19196406e-07,1.95281250e-01
3.19236406e-07,1.95321875e-01
3.19276406e-07,1.95275000e-01
3.19316406e-07,1.95334375e-01
3.19356406e-07,1.95242187e-01
3.19396406e-07,1.95510938e-01
3.19436406e-07,1.95751563e-01
3.19476406e-07,1.95671875e-01
3.19516406e-07,1.95720312e-01
3.19556406e-07,1.95684375e-01
3.19596406e-07,1.95712500e-01
3.19636406e-07,1.95689063e-01
3.19676406e-07,1.95710938e-01
3.19716406e-07,1.95689063e-01
3.19756406e-07,1.95710938e-01
3.19796406e-07,1.95689063e-01
3.19836406e-07,1.95712500e-01
3.19876406e-07,1.95685938e-01
3.19916406e-07,1.95717188e-01
3.19956406e-07,1.95678125e-01
3.19996406e-07,1.95731250e-01
3.20036406e-07,1.95643750e-01
3.20076406e-07,1.95909375e-01
3.20116406e-07,1.96153125e-01
3.20156406e-07,1.96070313e-01
3.20196406e-07,1.96120313e-01
3.20236406e-07,1.96084375e-01
3.20276406e-07,1.96110937e-01
3.20316406e-07,1.96090625e-01
3.20356406e-07,1.96107813e-01
3.20396406e-07,1.96093750e-01
3.20436406e-07,1.96103125e-01
3.20476406e-07,1.96098438e-01
3.20516406e-07,1.96098438e-01
3.20556406e-07,1.96106250e-01
3.20596406e-07,1.96084375e-01
3.20636406e-07,1.96140625e-01
3.20676406e-07,1.95906250e-01
3.20716406e-07,1.95631250e-01
3.20756406e-07,1.95746875e-01
3.20796406e-07,1.95662500e-01
3.20836406e-07,1.95734375e-01
3.20876406e-07,1.95667188e-01
3.20916406e-07,1.95734375e-01
3.20956406e-07,1.95664063e-01
3.20996406e-07,1.95740625e-01
3.21036406e-07,1.95650000e-01
3.21076406e-07,1.95775000e-01
3.21116406e-07,1.95470313e-01
3.21156406e-07,1.95267187e-01
3.21196406e-07,1.95306250e-01
3.21236406e-07,1.95304688e-01
3.21276406e-07,1.95285938e-01
3.21316406e-07,1.95321875e-01
3.21356406e-07,1.95265625e-01
3.21396406e-07,1.95362500e-01
3.21436406e-07,1.95082813e-01
3.21476406e-07,1.94859375e-01
3.21516406e-07,1.94914063e-01
3.21556406e-07,1.94901563e-01
3.21596406e-07,1.94882813e-01
3.21636406e-07,1.94946875e-01
3.21676406e-07,1.94696875e-01
3.21716406e-07,1.94443750e-01
3.21756406e-07,1.94528125e-01
3.21796406e-07,1.94487500e-01
3.21836406e-07,1.94498438e-01
3.21876406e-07,1.94529687e-01
3.21916406e-07,1.94314062e-01
3.21956406e-07,1.94025000e-01
3.21996406e-07,1.94151563e-01
3.22036406e-07,1.94057813e-01
3.22076406e-07,1.94139063e-01
3.22116406e-07,1.94062500e-01
3.22156406e-07,1.94139063e-01
3.22196406e-07,1.94053125e-01
3.22236406e-07,1.94170312e-01
3.22276406e-07,1.93878125e-01
3.22316406e-07,1.93657812e-01
3.22356406e-07,1.93718750e-01
3.22396406e-07,1.93690625e-01
3.22436406e-07,1.93706250e-01
3.22476406e-07,1.93696875e-01
3.22516406e-07,1.93703125e-01
3.22556406e-07,1.93698438e-01
3.22596406e-07,1.93701563e-01
3.22636406e-07,1.93698438e-01
3.22676406e-07,1.93701563e-01
3.22716406e-07,1.93698438e-01
3.22756406e-07,1.93701563e-01
3.22796406e-07,1.93698438e-01
3.22836406e-07,1.93701563e-01
3.22876406e-07,1.93696875e-01
3.22916406e-07,1.93703125e-01
3.22956406e-07,1.93695312e-01
3.22996406e-07,1.93706250e-01
3.23036406e-07,1.93692188e-01
3.23076406e-07,1.93710938e-01
3.23116406e-07,1.93684375e-01
3.23156406e-07,1.93725000e-01
3.23196406e-07,1.93650000e-01
3.23236406e-07,1.93903125e-01
3.23276406e-07,1.94159375e-01
3.23316406e-07,1.94065625e-01
3.23356406e-07,1.94125000e-01
3.23396406e-07,1.94079688e-01
3.23436406e-07,1.94117188e-01
3.23476406e-07,1.94084375e-01
3.23516406e-07,1.94114063e-01
3.23556406e-07,1.94087500e-01
3.23596406e-07,1.94112500e-01
3.23636406e-07,1.94087500e-01
3.23676406e-07,1.94110937e-01
3.23716406e-07,1.94089063e-01
3.23756406e-07,1.94110937e-01
3.23796406e-07,1.94089063e-01
3.23836406e-07,1.94109375e-01
3.23876406e-07,1.94090625e-01
3.23916406e-07,1.94109375e-01
3.23956406e-07,1.94090625e-01
3.23996406e-07,1.94109375e-01
3.24036406e-07,1.94090625e-01
3.24076406e-07,1.94109375e-01
3.24116406e-07,1.94090625e-01
3.24156406e-07,1.94109375e-01
3.24196406e-07,1.94090625e-01
3.24236406e-07,1.94110937e-01
3.24276406e-07,1.94089063e-01
3.24316406e-07,1.94110937e-01
3.24356406e-07,1.94089063e-01
3.24396406e-07,1.94112500e-01
3.24436406e-07,1.94087500e-01
3.24476406e-07,1.94114063e-01
3.24516406e-07,1.94084375e-01
3.24556406e-07,1.94117188e-01
3.24596406e-07,1.94079688e-01
3.24636406e-07,1.94125000e-01
3.24676406e-07,1.94065625e-01
3.24716406e-07,1.94159375e-01
3.24756406e-07,1.93887500e-01
3.24796406e-07,1.93650000e-01
3.24836406e-07,1.93725000e-01
3.24876406e-07,1.93684375e-01
3.24916406e-07,1.93710938e-01
3.24956406e-07,1.93692188e-01
3.24996406e-07,1.93706250e-01
3.25036406e-07,1.93695312e-01
3.25076406e-07,1.93704688e-01
3.25116406e-07,1.93696875e-01
3.25156406e-07,1.93703125e-01
3.25196406e-07,1.93698438e-01
3.25236406e-07,1.93701563e-01
3.25276406e-07,1.93698438e-01
3.25316406e-07,1.93701563e-01
3.25356406e-07,1.93698438e-01
3.25396406e-07,1.93701563e-01
3.25436406e-07,1.93698438e-01
3.25476406e-07,1.93701563e-01
3.25516406e-07,1.93698438e-01
3.25556406e-07,1.93701563e-01
3.25596406e-07,1.93698438e-01
3.25636406e-07,1.93703125e-01
3.25676406e-07,1.93696875e-01
3.25716406e-07,1.93704688e-01
3.25756406e-07,1.93693750e-01
3.25796406e-07,1.93709375e-01
3.25836406e-07,1.93685938e-01
3.25876406e-07,1.93723438e-01
3.25916406e-07,1.93651563e-01
3.25956406e-07,1.93901563e-01
3.25996406e-07,1.94162500e-01
3.26036406e-07,1.94060938e-01
3.26076406e-07,1.94129688e-01
3.26116406e-07,1.94075000e-01
3.26156406e-07,1.94121875e-01
3.26196406e-07,1.94078125e-01
3.26236406e-07,1.94120313e-01
3.26276406e-07,1.94079688e-01
3.26316406e-07,1.94120313e-01
3.26356406e-07,1.94078125e-01
3.26396406e-07,1.94121875e-01
3.26436406e-07,1.94075000e-01
3.26476406e-07,1.94126563e-01
3.26516406e-07,1.94067188e-01
3.26556406e-07,1.94142188e-01
3.26596406e-07,1.94032813e-01
3.26636406e-07,1.94320313e-01
3.26676406e-07,1.94540625e-01
3.26716406e-07,1.94482813e-01
3.26756406e-07,1.94506250e-01
3.26796406e-07,1.94498438e-01
3.26836406e-07,1.94496875e-01
3.26876406e-07,1.94506250e-01
3.26916406e-07,1.94489063e-01
3.26956406e-07,1.94514063e-01
3.26996406e-07,1.94479687e-01
3.27036406e-07,1.94531250e-01
3.27076406e-07,1.94443750e-01
3.27116406e-07,1.94710938e-01
3.27156406e-07,1.94950000e-01
3.27196406e-07,1.94873437e-01
3.27236406e-07,1.94915625e-01
3.27276406e-07,1.94889063e-01
3.27316406e-07,1.94906250e-01
3.27356406e-07,1.94896875e-01
3.27396406e-07,1.94900000e-01
3.27436406e-07,1.94901563e-01
3.27476406e-07,1.94895313e-01
3.27516406e-07,1.94909375e-01
3.27556406e-07,1.94884375e-01
3.27596406e-07,1.94925000e-01
3.27636406e-07,1.94850000e-01
3.27676406e-07,1.95104688e-01
3.27716406e-07,1.95357813e-01
3.27756406e-07,1.95265625e-01
3.27796406e-07,1.95323438e-01
3.27836406e-07,1.95281250e-01
3.27876406e-07,1.95315625e-01
3.27916406e-07,1.95287500e-01
3.27956406e-07,1.95310938e-01
3.27996406e-07,1.95290625e-01
3.28036406e-07,1.95309375e-01
3.28076406e-07,1.95292188e-01
3.28116406e-07,1.95307813e-01
3.28156406e-07,1.95293750e-01
3.28196406e-07,1.95306250e-01
3.28236406e-07,1.95293750e-01
3.28276406e-07,1.95306250e-01
3.28316406e-07,1.95295313e-01
3.28356406e-07,1.95304688e-01
3.28396406e-07,1.95295313e-01
3.28436406e-07,1.95304688e-01
3.28476406e-07,1.95295313e-01
3.28516406e-07,1.95303125e-01
3.28556406e-07,1.95296875e-01
3.28596406e-07,1.95303125e-01
3.28636406e-07,1.95296875e-01
3.28676406e-07,1.95303125e-01
3.28716406e-07,1.95296875e-01
3.28756406e-07,1.95303125e-01
3.28796406e-07,1.95296875e-01
3.28836406e-07,1.95303125e-01
3.28876406e-07,1.95298438e-01
3.28916406e-07,1.95301562e-01
3.28956406e-07,1.95298438e-01
3.28996406e-07,1.95301562e-01
3.29036406e-07,1.95298438e-01
3.29076406e-07,1.95301562e-01
3.29116406e-07,1.95298438e-01
3.29156406e-07,1.95301562e-01
3.29196406e-07,1.95298438e-01
3.29236406e-07,1.95301562e-01
3.29276406e-07,1.95298438e-01
3.29316406e-07,1.95301562e-01
3.29356406e-07,1.95298438e-01
3.29396406e-07,1.95301562e-01
3.29436406e-07,1.95300000e-01
3.29476406e-07,1.95300000e-01
3.29516406e-07,1.95300000e-01
3.29556406e-07,1.95300000e-01
3.29596406e-07,1.95300000e-01
3.29636406e-07,1.95300000e-01
3.29676406e-07,1.95300000e-01
3.29716406e-07,1.95300000e-01
3.29756406e-07,1.95300000e-01
3.29796406e-07,1.95300000e-01
3.29836406e-07,1.95300000e-01
3.29876406e-07,1.95300000e-01
3.29916406e-07,1.95300000e-01
3.29956406e-07,1.95300000e-01
3.29996406e-07,1.95301562e-01
3.30036406e-07,1.95298438e-01
3.30076406e-07,1.95301562e-01
3.30116406e-07,1.95298438e-01
3.30156406e-07,1.95301562e-01
3.30196406e-07,1.95298438e-01
3.30236406e-07,1.95301562e-01
3.30276406e-07,1.95298438e-01
3.30316406e-07,1.95301562e-01
3.30356406e-07,1.95298438e-01
3.30396406e-07,1.95301562e-01
3.30436406e-07,1.95296875e-01
3.30476406e-07,1.95303125e-01
3.30516406e-07,1.95296875e-01
3.30556406e-07,1.95303125e-01
3.30596406e-07,1.95296875e-01
3.30636406e-07,1.95304688e-01
3.30676406e-07,1.95295313e-01
3.30716406e-07,1.95306250e-01
3.30756406e-07,1.95293750e-01
3.30796406e-07,1.95307813e-01
3.30836406e-07,1.95290625e-01
3.30876406e-07,1.95310938e-01
3.30916406e-07,1.95285938e-01
3.30956406e-07,1.95318750e-01
3.30996406e-07,1.95271875e-01
3.31036406e-07,1.95353125e-01
3.31076406e-07,1.95093750e-01
3.31116406e-07,1.94843750e-01
3.31156406e-07,1.94932812e-01
3.31196406e-07,1.94876563e-01
3.31236406e-07,1.94920312e-01
3.31276406e-07,1.94882813e-01
3.31316406e-07,1.94915625e-01
3.31356406e-07,1.94884375e-01
3.31396406e-07,1.94917188e-01
3.31436406e-07,1.94881250e-01
3.31476406e-07,1.94921875e-01
3.31516406e-07,1.94868750e-01
3.31556406e-07,1.94954688e-01
3.31596406e-07,1.94692188e-01
3.31636406e-07,1.94445313e-01
3.31676406e-07,1.94532813e-01
3.31716406e-07,1.94476563e-01
3.31756406e-07,1.94520313e-01
3.31796406e-07,1.94481250e-01
3.31836406e-07,1.94517188e-01
3.31876406e-07,1.94482813e-01
3.31916406e-07,1.94518750e-01
3.31956406e-07,1.94478125e-01
3.31996406e-07,1.94526562e-01
3.32036406e-07,1.94464063e-01
3.32076406e-07,1.94559375e-01
3.32116406e-07,1.94287500e-01
3.32156406e-07,1.94050000e-01
3.32196406e-07,1.94125000e-01
3.32236406e-07,1.94084375e-01
3.32276406e-07,1.94110937e-01
3.32316406e-07,1.94092188e-01
3.32356406e-07,1.94106250e-01
3.32396406e-07,1.94095313e-01
3.32436406e-07,1.94103125e-01
3.32476406e-07,1.94098437e-01
3.32516406e-07,1.94100000e-01
3.32556406e-07,1.94100000e-01
3.32596406e-07,1.94098437e-01
3.32636406e-07,1.94103125e-01
3.32676406e-07,1.94096875e-01
3.32716406e-07,1.94104688e-01
3.32756406e-07,1.94093750e-01
3.32796406e-07,1.94107813e-01
3.32836406e-07,1.94089063e-01
3.32876406e-07,1.94114063e-01
3.32916406e-07,1.94081250e-01
3.32956406e-07,1.94129688e-01
3.32996406e-07,1.94045313e-01
3.33036406e-07,1.94307813e-01
3.33076406e-07,1.94554688e-01
3.33116406e-07,1.94470313e-01
3.33156406e-07,1.94520313e-01
3.33196406e-07,1.94485938e-01
3.33236406e-07,1.94510938e-01
3.33276406e-07,1.94492187e-01
3.33316406e-07,1.94506250e-01
3.33356406e-07,1.94495313e-01
3.33396406e-07,1.94501563e-01
3.33436406e-07,1.94500000e-01
3.33476406e-07,1.94496875e-01
3.33516406e-07,1.94506250e-01
3.33556406e-07,1.94487500e-01
3.33596406e-07,1.94521875e-01
3.33636406e-07,1.94453125e-01
3.33676406e-07,1.94700000e-01
3.33716406e-07,1.94960938e-01
3.33756406e-07,1.94862500e-01
3.33796406e-07,1.94928125e-01
3.33836406e-07,1.94878125e-01
3.33876406e-07,1.94918750e-01
3.33916406e-07,1.94882813e-01
3.33956406e-07,1.94915625e-01
3.33996406e-07,1.94885937e-01
3.34036406e-07,1.94912500e-01
3.34076406e-07,1.94887500e-01
3.34116406e-07,1.94910937e-01
3.34156406e-07,1.94889063e-01
3.34196406e-07,1.94910937e-01
3.34236406e-07,1.94889063e-01
3.34276406e-07,1.94909375e-01
3.34316406e-07,1.94890625e-01
3.34356406e-07,1.94909375e-01
3.34396406e-07,1.94890625e-01
3.34436406e-07,1.94909375e-01
3.34476406e-07,1.94892188e-01
3.34516406e-07,1.94907812e-01
3.34556406e-07,1.94892188e-01
3.34596406e-07,1.94907812e-01
3.34636406e-07,1.94892188e-01
3.34676406e-07,1.94907812e-01
3.34716406e-07,1.94892188e-01
3.34756406e-07,1.94907812e-01
3.34796406e-07,1.94892188e-01
3.34836406e-07,1.94907812e-01
3.34876406e-07,1.94892188e-01
3.34916406e-07,1.94906250e-01
3.34956406e-07,1.94893750e-01
3.34996406e-07,1.94906250e-01
3.35036406e-07,1.94893750e-01
3.35076406e-07,1.94906250e-01
3.35116406e-07,1.94893750e-01
3.35156406e-07,1.94906250e-01
3.35196406e-07,1.94893750e-01
3.35236406e-07,1.94906250e-01
3.35276406e-07,1.94893750e-01
3.35316406e-07,1.94906250e-01
3.35356406e-07,1.94893750e-01
3.35396406e-07,1.94906250e-01
3.35436406e-07,1.94893750e-01
3.35476406e-07,1.94906250e-01
3.35516406e-07,1.94893750e-01
3.35556406e-07,1.94906250e-01
3.35596406e-07,1.94893750e-01
3.35636406e-07,1.94906250e-01
3.35676406e-07,1.94893750e-01
3.35716406e-07,1.94906250e-01
3.35756406e-07,1.94893750e-01
3.35796406e-07,1.94906250e-01
3.35836406e-07,1.94893750e-01
3.35876406e-07,1.94906250e-01
3.35916406e-07,1.94893750e-01
3.35956406e-07,1.94906250e-01
3.35996406e-07,1.94893750e-01
