Model,MSO66B
Label,
Waveform Type,ANALOG
Horizontal Units,s
Sample Interval,4.00000000e-11
Record Length,25000
Zero Index,6999.51562500
Vertical Units,A
ANALOG_Thumbnail,
yOffset,1.84500000e-01
yPosition,0.00000000e+00

Labels,
TIME,CH1
-2.79980625e-07,1.75459250e-01
-2.79940625e-07,1.75442031e-01
-2.79900625e-07,1.75465594e-01
-2.79860625e-07,1.75424812e-01
-2.79820625e-07,1.75567094e-01
-2.79780625e-07,1.75722969e-01
-2.79740625e-07,1.75657719e-01
-2.79700625e-07,1.75707562e-01
-2.79660625e-07,1.75659531e-01
-2.79620625e-07,1.75713000e-01
-2.79580625e-07,1.75641406e-01
-2.79540625e-07,1.75816312e-01
-2.79500625e-07,1.75935031e-01
-2.79460625e-07,1.75912375e-01
-2.79420625e-07,1.75911469e-01
-2.79380625e-07,1.75929594e-01
-2.79340625e-07,1.75886094e-01
-2.79300625e-07,1.76036531e-01
-2.79260625e-07,1.76177906e-01
-2.79220625e-07,1.76133500e-01
-2.79180625e-07,1.76153438e-01
-2.79140625e-07,1.76150719e-01
-2.79100625e-07,1.76128969e-01
-2.79060625e-07,1.76256750e-01
-2.79020625e-07,1.76423500e-01
-2.78980625e-07,1.76350094e-01
-2.78940625e-07,1.76405375e-01
-2.78900625e-07,1.76355531e-01
-2.78860625e-07,1.76408094e-01
-2.78820625e-07,1.76340125e-01
-2.78780625e-07,1.76507781e-01
-2.78740625e-07,1.76638281e-01
-2.78700625e-07,1.76598406e-01
-2.78660625e-07,1.76621063e-01
-2.78620625e-07,1.76603844e-01
-2.78580625e-07,1.76621063e-01
-2.78540625e-07,1.76601125e-01
-2.78500625e-07,1.76627406e-01
-2.78460625e-07,1.76582094e-01
-2.78420625e-07,1.76729812e-01
-2.78380625e-07,1.76878437e-01
-2.78340625e-07,1.76823156e-01
-2.78300625e-07,1.76859406e-01
-2.78260625e-07,1.76831313e-01
-2.78220625e-07,1.76854875e-01
-2.78180625e-07,1.76834031e-01
-2.78140625e-07,1.76853969e-01
-2.78100625e-07,1.76834938e-01
-2.78060625e-07,1.76853062e-01
-2.78020625e-07,1.76834031e-01
-2.77980625e-07,1.76853969e-01
-2.77940625e-07,1.76833125e-01
-2.77900625e-07,1.76856687e-01
-2.77860625e-07,1.76828594e-01
-2.77820625e-07,1.76864844e-01
-2.77780625e-07,1.76809562e-01
-2.77740625e-07,1.76967250e-01
-2.77700625e-07,1.77105000e-01
-2.77660625e-07,1.77060594e-01
-2.77620625e-07,1.77085969e-01
-2.77580625e-07,1.77067844e-01
-2.77540625e-07,1.77082344e-01
-2.77500625e-07,1.77070563e-01
-2.77460625e-07,1.77081437e-01
-2.77420625e-07,1.77071469e-01
-2.77380625e-07,1.77080531e-01
-2.77340625e-07,1.77070563e-01
-2.77300625e-07,1.77081437e-01
-2.77260625e-07,1.77069656e-01
-2.77220625e-07,1.77084156e-01
-2.77180625e-07,1.77065125e-01
-2.77140625e-07,1.77092312e-01
-2.77100625e-07,1.77045188e-01
-2.77060625e-07,1.77195625e-01
-2.77020625e-07,1.77340625e-01
-2.76980625e-07,1.77288969e-01
-2.76940625e-07,1.77321594e-01
-2.76900625e-07,1.77297125e-01
-2.76860625e-07,1.77317969e-01
-2.76820625e-07,1.77298938e-01
-2.76780625e-07,1.77316156e-01
-2.76740625e-07,1.77300750e-01
-2.76700625e-07,1.77315250e-01
-2.76660625e-07,1.77300750e-01
-2.76620625e-07,1.77315250e-01
-2.76580625e-07,1.77300750e-01
-2.76540625e-07,1.77316156e-01
-2.76500625e-07,1.77298938e-01
-2.76460625e-07,1.77317969e-01
-2.76420625e-07,1.77296219e-01
-2.76380625e-07,1.77322500e-01
-2.76340625e-07,1.77288063e-01
-2.76300625e-07,1.77342438e-01
-2.76260625e-07,1.77184750e-01
-2.76220625e-07,1.77047000e-01
-2.76180625e-07,1.77090500e-01
-2.76140625e-07,1.77067844e-01
-2.76100625e-07,1.77080531e-01
-2.76060625e-07,1.77075094e-01
-2.76020625e-07,1.77070563e-01
-2.75980625e-07,1.77095031e-01
-2.75940625e-07,1.76969062e-01
-2.75900625e-07,1.76796875e-01
-2.75860625e-07,1.76880250e-01
-2.75820625e-07,1.76806844e-01
-2.75780625e-07,1.76893844e-01
-2.75740625e-07,1.76705344e-01
-2.75700625e-07,1.76601125e-01
-2.75660625e-07,1.76604750e-01
-2.75620625e-07,1.76639187e-01
-2.75580625e-07,1.76492375e-01
-2.75540625e-07,1.76351000e-01
-2.75500625e-07,1.76389969e-01
-2.75460625e-07,1.76388156e-01
-2.75420625e-07,1.76283031e-01
-2.75380625e-07,1.76089094e-01
-2.75340625e-07,1.76206906e-01
-2.75300625e-07,1.76005719e-01
-2.75260625e-07,1.75904219e-01
-2.75220625e-07,1.75912375e-01
-2.75180625e-07,1.75935938e-01
-2.75140625e-07,1.75809063e-01
-2.75100625e-07,1.75633250e-01
-2.75060625e-07,1.75735656e-01
-2.75020625e-07,1.75548062e-01
-2.74980625e-07,1.75435687e-01
-2.74940625e-07,1.75451094e-01
-2.74900625e-07,1.75470125e-01
-2.74860625e-07,1.75344156e-01
-2.74820625e-07,1.75175594e-01
-2.74780625e-07,1.75252625e-01
-2.74740625e-07,1.75187375e-01
-2.74700625e-07,1.75263500e-01
-2.74660625e-07,1.75090406e-01
-2.74620625e-07,1.74963531e-01
-2.74580625e-07,1.74999781e-01
-2.74540625e-07,1.74979844e-01
-2.74500625e-07,1.74995250e-01
-2.74460625e-07,1.74980750e-01
-2.74420625e-07,1.74997062e-01
-2.74380625e-07,1.74974406e-01
-2.74340625e-07,1.75016094e-01
-2.74300625e-07,1.74872000e-01
-2.74260625e-07,1.74719750e-01
-2.74220625e-07,1.74779562e-01
-2.74180625e-07,1.74736969e-01
-2.74140625e-07,1.74772312e-01
-2.74100625e-07,1.74739687e-01
-2.74060625e-07,1.74773219e-01
-2.74020625e-07,1.74736969e-01
-2.73980625e-07,1.74779562e-01
-2.73940625e-07,1.74717938e-01
-2.73900625e-07,1.74881969e-01
-2.73860625e-07,1.75014281e-01
-2.73820625e-07,1.74975313e-01
-2.73780625e-07,1.74996156e-01
-2.73740625e-07,1.74982562e-01
-2.73700625e-07,1.74991625e-01
-2.73660625e-07,1.74984375e-01
-2.73620625e-07,1.74990719e-01
-2.73580625e-07,1.74985281e-01
-2.73540625e-07,1.74991625e-01
-2.73500625e-07,1.74984375e-01
-2.73460625e-07,1.74993437e-01
-2.73420625e-07,1.74979844e-01
-2.73380625e-07,1.75001594e-01
-2.73340625e-07,1.74960813e-01
-2.73300625e-07,1.75104000e-01
-2.73260625e-07,1.75257156e-01
-2.73220625e-07,1.75196437e-01
-2.73180625e-07,1.75238125e-01
-2.73140625e-07,1.75203688e-01
-2.73100625e-07,1.75234500e-01
-2.73060625e-07,1.75205500e-01
-2.73020625e-07,1.75234500e-01
-2.72980625e-07,1.75205500e-01
-2.72940625e-07,1.75235406e-01
-2.72900625e-07,1.75202781e-01
-2.72860625e-07,1.75239937e-01
-2.72820625e-07,1.75194625e-01
-2.72780625e-07,1.75259875e-01
-2.72740625e-07,1.75091312e-01
-2.72700625e-07,1.74965344e-01
-2.72660625e-07,1.74997062e-01
-2.72620625e-07,1.74985281e-01
-2.72580625e-07,1.74988000e-01
-2.72540625e-07,1.74990719e-01
-2.72500625e-07,1.74982562e-01
-2.72460625e-07,1.74995250e-01
-2.72420625e-07,1.74978031e-01
-2.72380625e-07,1.75001594e-01
-2.72340625e-07,1.74968969e-01
-2.72300625e-07,1.75022437e-01
-2.72260625e-07,1.74863844e-01
-2.72220625e-07,1.74727906e-01
-2.72180625e-07,1.74768687e-01
-2.72140625e-07,1.74748750e-01
-2.72100625e-07,1.74758719e-01
-2.72060625e-07,1.74756000e-01
-2.72020625e-07,1.74753281e-01
-2.71980625e-07,1.74763250e-01
-2.71940625e-07,1.74742406e-01
-2.71900625e-07,1.74784094e-01
-2.71860625e-07,1.74638187e-01
-2.71820625e-07,1.74489563e-01
-2.71780625e-07,1.74543937e-01
-2.71740625e-07,1.74509500e-01
-2.71700625e-07,1.74534875e-01
-2.71660625e-07,1.74514937e-01
-2.71620625e-07,1.74532156e-01
-2.71580625e-07,1.74517656e-01
-2.71540625e-07,1.74529437e-01
-2.71500625e-07,1.74518563e-01
-2.71460625e-07,1.74528531e-01
-2.71420625e-07,1.74519469e-01
-2.71380625e-07,1.74527625e-01
-2.71340625e-07,1.74520375e-01
-2.71300625e-07,1.74527625e-01
-2.71260625e-07,1.74521281e-01
-2.71220625e-07,1.74526719e-01
-2.71180625e-07,1.74521281e-01
-2.71140625e-07,1.74525812e-01
-2.71100625e-07,1.74522188e-01
-2.71060625e-07,1.74525812e-01
-2.71020625e-07,1.74522188e-01
-2.70980625e-07,1.74525812e-01
-2.70940625e-07,1.74523094e-01
-2.70900625e-07,1.74524906e-01
-2.70860625e-07,1.74523094e-01
-2.70820625e-07,1.74524906e-01
-2.70780625e-07,1.74523094e-01
-2.70740625e-07,1.74524906e-01
-2.70700625e-07,1.74523094e-01
-2.70660625e-07,1.74524000e-01
-2.70620625e-07,1.74524000e-01
-2.70580625e-07,1.74524000e-01
-2.70540625e-07,1.74524000e-01
-2.70500625e-07,1.74524000e-01
-2.70460625e-07,1.74524000e-01
-2.70420625e-07,1.74524000e-01
-2.70380625e-07,1.74524906e-01
-2.70340625e-07,1.74523094e-01
-2.70300625e-07,1.74524906e-01
-2.70260625e-07,1.74523094e-01
-2.70220625e-07,1.74525812e-01
-2.70180625e-07,1.74522188e-01
-2.70140625e-07,1.74525812e-01
-2.70100625e-07,1.74522188e-01
-2.70060625e-07,1.74526719e-01
-2.70020625e-07,1.74521281e-01
-2.69980625e-07,1.74527625e-01
-2.69940625e-07,1.74520375e-01
-2.69900625e-07,1.74528531e-01
-2.69860625e-07,1.74518563e-01
-2.69820625e-07,1.74530344e-01
-2.69780625e-07,1.74516750e-01
-2.69740625e-07,1.74533063e-01
-2.69700625e-07,1.74511312e-01
-2.69660625e-07,1.74542125e-01
-2.69620625e-07,1.74490469e-01
-2.69580625e-07,1.74646344e-01
-2.69540625e-07,1.74785906e-01
-2.69500625e-07,1.74740594e-01
-2.69460625e-07,1.74765063e-01
-2.69420625e-07,1.74749656e-01
-2.69380625e-07,1.74759625e-01
-2.69340625e-07,1.74754187e-01
-2.69300625e-07,1.74755094e-01
-2.69260625e-07,1.74759625e-01
-2.69220625e-07,1.74748750e-01
-2.69180625e-07,1.74768687e-01
-2.69140625e-07,1.74727906e-01
-2.69100625e-07,1.74873813e-01
-2.69060625e-07,1.75022437e-01
-2.69020625e-07,1.74968062e-01
-2.68980625e-07,1.75001594e-01
-2.68940625e-07,1.74978031e-01
-2.68900625e-07,1.74995250e-01
-2.68860625e-07,1.74984375e-01
-2.68820625e-07,1.74988000e-01
-2.68780625e-07,1.74994344e-01
-2.68740625e-07,1.74967156e-01
-2.68700625e-07,1.75097656e-01
-2.68660625e-07,1.75261687e-01
-2.68620625e-07,1.75191906e-01
-2.68580625e-07,1.75242656e-01
-2.68540625e-07,1.75200063e-01
-2.68500625e-07,1.75238125e-01
-2.68460625e-07,1.75202781e-01
-2.68420625e-07,1.75236312e-01
-2.68380625e-07,1.75203688e-01
-2.68340625e-07,1.75236312e-01
-2.68300625e-07,1.75203688e-01
-2.68260625e-07,1.75236312e-01
-2.68220625e-07,1.75202781e-01
-2.68180625e-07,1.75239031e-01
-2.68140625e-07,1.75199156e-01
-2.68100625e-07,1.75243563e-01
-2.68060625e-07,1.75191906e-01
-2.68020625e-07,1.75256250e-01
-2.67980625e-07,1.75163812e-01
-2.67940625e-07,1.75379500e-01
-2.67900625e-07,1.75355938e-01
-2.67860625e-07,1.75177406e-01
-2.67820625e-07,1.75243563e-01
-2.67780625e-07,1.75204594e-01
-2.67740625e-07,1.75230875e-01
-2.67700625e-07,1.75212750e-01
-2.67660625e-07,1.75225437e-01
-2.67620625e-07,1.75215469e-01
-2.67580625e-07,1.75222719e-01
-2.67540625e-07,1.75218188e-01
-2.67500625e-07,1.75221812e-01
-2.67460625e-07,1.75219094e-01
-2.67420625e-07,1.75220000e-01
-2.67380625e-07,1.75220000e-01
-2.67340625e-07,1.75219094e-01
-2.67300625e-07,1.75220906e-01
-2.67260625e-07,1.75219094e-01
-2.67220625e-07,1.75221812e-01
-2.67180625e-07,1.75218188e-01
-2.67140625e-07,1.75221812e-01
-2.67100625e-07,1.75217281e-01
-2.67060625e-07,1.75222719e-01
-2.67020625e-07,1.75217281e-01
-2.66980625e-07,1.75222719e-01
-2.66940625e-07,1.75216375e-01
-2.66900625e-07,1.75223625e-01
-2.66860625e-07,1.75216375e-01
-2.66820625e-07,1.75224531e-01
-2.66780625e-07,1.75215469e-01
-2.66740625e-07,1.75225437e-01
-2.66700625e-07,1.75214563e-01
-2.66660625e-07,1.75226344e-01
-2.66620625e-07,1.75213656e-01
-2.66580625e-07,1.75227250e-01
-2.66540625e-07,1.75211844e-01
-2.66500625e-07,1.75229063e-01
-2.66460625e-07,1.75209125e-01
-2.66420625e-07,1.75232687e-01
-2.66380625e-07,1.75203688e-01
-2.66340625e-07,1.75241750e-01
-2.66300625e-07,1.75182844e-01
-2.66260625e-07,1.75345969e-01
-2.66220625e-07,1.75477375e-01
-2.66180625e-07,1.75441125e-01
-2.66140625e-07,1.75456531e-01
-2.66100625e-07,1.75451094e-01
-2.66060625e-07,1.75449281e-01
-2.66020625e-07,1.75457438e-01
-2.65980625e-07,1.75442031e-01
-2.65940625e-07,1.75468313e-01
-2.65900625e-07,1.75420281e-01
-2.65860625e-07,1.75573437e-01
-2.65820625e-07,1.75713906e-01
-2.65780625e-07,1.75669500e-01
-2.65740625e-07,1.75692156e-01
-2.65700625e-07,1.75681281e-01
-2.65660625e-07,1.75682188e-01
-2.65620625e-07,1.75693062e-01
-2.65580625e-07,1.75659531e-01
-2.65540625e-07,1.75797281e-01
-2.65500625e-07,1.75954063e-01
-2.65460625e-07,1.75892437e-01
-2.65420625e-07,1.75933219e-01
-2.65380625e-07,1.75901500e-01
-2.65340625e-07,1.75928687e-01
-2.65300625e-07,1.75905125e-01
-2.65260625e-07,1.75925969e-01
-2.65220625e-07,1.75906937e-01
-2.65180625e-07,1.75924156e-01
-2.65140625e-07,1.75907844e-01
-2.65100625e-07,1.75923250e-01
-2.65060625e-07,1.75908750e-01
-2.65020625e-07,1.75922344e-01
-2.64980625e-07,1.75909656e-01
-2.64940625e-07,1.75922344e-01
-2.64900625e-07,1.75909656e-01
-2.64860625e-07,1.75921437e-01
-2.64820625e-07,1.75910563e-01
-2.64780625e-07,1.75921437e-01
-2.64740625e-07,1.75910563e-01
-2.64700625e-07,1.75921437e-01
-2.64660625e-07,1.75910563e-01
-2.64620625e-07,1.75921437e-01
-2.64580625e-07,1.75910563e-01
-2.64540625e-07,1.75921437e-01
-2.64500625e-07,1.75910563e-01
-2.64460625e-07,1.75922344e-01
-2.64420625e-07,1.75909656e-01
-2.64380625e-07,1.75923250e-01
-2.64340625e-07,1.75908750e-01
-2.64300625e-07,1.75924156e-01
-2.64260625e-07,1.75906031e-01
-2.64220625e-07,1.75928687e-01
-2.64180625e-07,1.75897875e-01
-2.64140625e-07,1.75948625e-01
-2.64100625e-07,1.75794563e-01
-2.64060625e-07,1.75653188e-01
-2.64020625e-07,1.75701219e-01
-2.63980625e-07,1.75671313e-01
-2.63940625e-07,1.75693969e-01
-2.63900625e-07,1.75675844e-01
-2.63860625e-07,1.75691250e-01
-2.63820625e-07,1.75676750e-01
-2.63780625e-07,1.75691250e-01
-2.63740625e-07,1.75676750e-01
-2.63700625e-07,1.75692156e-01
-2.63660625e-07,1.75674937e-01
-2.63620625e-07,1.75694875e-01
-2.63580625e-07,1.75670406e-01
-2.63540625e-07,1.75703031e-01
-2.63500625e-07,1.75650469e-01
-2.63460625e-07,1.75806344e-01
-2.63420625e-07,1.75945906e-01
-2.63380625e-07,1.75899688e-01
-2.63340625e-07,1.75926875e-01
-2.63300625e-07,1.75907844e-01
-2.63260625e-07,1.75922344e-01
-2.63220625e-07,1.75911469e-01
-2.63180625e-07,1.75919625e-01
-2.63140625e-07,1.75913281e-01
-2.63100625e-07,1.75917812e-01
-2.63060625e-07,1.75915094e-01
-2.63020625e-07,1.75916000e-01
-2.62980625e-07,1.75916906e-01
-2.62940625e-07,1.75913281e-01
-2.62900625e-07,1.75920531e-01
-2.62860625e-07,1.75908750e-01
-2.62820625e-07,1.75929594e-01
-2.62780625e-07,1.75887906e-01
-2.62740625e-07,1.76032906e-01
-2.62700625e-07,1.76183344e-01
-2.62660625e-07,1.76126250e-01
-2.62620625e-07,1.76164313e-01
-2.62580625e-07,1.76134406e-01
-2.62540625e-07,1.76159781e-01
-2.62500625e-07,1.76138031e-01
-2.62460625e-07,1.76157062e-01
-2.62420625e-07,1.76138938e-01
-2.62380625e-07,1.76156156e-01
-2.62340625e-07,1.76139844e-01
-2.62300625e-07,1.76155250e-01
-2.62260625e-07,1.76140750e-01
-2.62220625e-07,1.76155250e-01
-2.62180625e-07,1.76140750e-01
-2.62140625e-07,1.76155250e-01
-2.62100625e-07,1.76140750e-01
-2.62060625e-07,1.76155250e-01
-2.62020625e-07,1.76140750e-01
-2.61980625e-07,1.76155250e-01
-2.61940625e-07,1.76140750e-01
-2.61900625e-07,1.76155250e-01
-2.61860625e-07,1.76140750e-01
-2.61820625e-07,1.76155250e-01
-2.61780625e-07,1.76140750e-01
-2.61740625e-07,1.76155250e-01
-2.61700625e-07,1.76139844e-01
-2.61660625e-07,1.76156156e-01
-2.61620625e-07,1.76138938e-01
-2.61580625e-07,1.76157062e-01
-2.61540625e-07,1.76138031e-01
-2.61500625e-07,1.76158875e-01
-2.61460625e-07,1.76135313e-01
-2.61420625e-07,1.76164313e-01
-2.61380625e-07,1.76126250e-01
-2.61340625e-07,1.76184250e-01
-2.61300625e-07,1.76022938e-01
-2.61260625e-07,1.75888812e-01
-2.61220625e-07,1.75929594e-01
-2.61180625e-07,1.75907844e-01
-2.61140625e-07,1.75921437e-01
-2.61100625e-07,1.75912375e-01
-2.61060625e-07,1.75917812e-01
-2.61020625e-07,1.75914187e-01
-2.60980625e-07,1.75916906e-01
-2.60940625e-07,1.75916000e-01
-2.60900625e-07,1.75916000e-01
-2.60860625e-07,1.75916906e-01
-2.60820625e-07,1.75915094e-01
-2.60780625e-07,1.75916906e-01
-2.60740625e-07,1.75915094e-01
-2.60700625e-07,1.75917812e-01
-2.60660625e-07,1.75914187e-01
-2.60620625e-07,1.75917812e-01
-2.60580625e-07,1.75914187e-01
-2.60540625e-07,1.75918719e-01
-2.60500625e-07,1.75913281e-01
-2.60460625e-07,1.75918719e-01
-2.60420625e-07,1.75913281e-01
-2.60380625e-07,1.75918719e-01
-2.60340625e-07,1.75913281e-01
-2.60300625e-07,1.75918719e-01
-2.60260625e-07,1.75912375e-01
-2.60220625e-07,1.75919625e-01
-2.60180625e-07,1.75912375e-01
-2.60140625e-07,1.75919625e-01
-2.60100625e-07,1.75912375e-01
-2.60060625e-07,1.75919625e-01
-2.60020625e-07,1.75911469e-01
-2.59980625e-07,1.75920531e-01
-2.59940625e-07,1.75911469e-01
-2.59900625e-07,1.75920531e-01
-2.59860625e-07,1.75910563e-01
-2.59820625e-07,1.75921437e-01
-2.59780625e-07,1.75910563e-01
-2.59740625e-07,1.75922344e-01
-2.59700625e-07,1.75909656e-01
-2.59660625e-07,1.75923250e-01
-2.59620625e-07,1.75907844e-01
-2.59580625e-07,1.75924156e-01
-2.59540625e-07,1.75906031e-01
-2.59500625e-07,1.75926875e-01
-2.59460625e-07,1.75903312e-01
-2.59420625e-07,1.75932312e-01
-2.59380625e-07,1.75894250e-01
-2.59340625e-07,1.75952250e-01
-2.59300625e-07,1.75790937e-01
-2.59260625e-07,1.75657719e-01
-2.59220625e-07,1.75696688e-01
-2.59180625e-07,1.75677656e-01
-2.59140625e-07,1.75687625e-01
-2.59100625e-07,1.75683094e-01
-2.59060625e-07,1.75683094e-01
-2.59020625e-07,1.75686719e-01
-2.58980625e-07,1.75680375e-01
-2.58940625e-07,1.75689437e-01
-2.58900625e-07,1.75675844e-01
-2.58860625e-07,1.75695781e-01
-2.58820625e-07,1.75666781e-01
-2.58780625e-07,1.75716625e-01
-2.58740625e-07,1.75562562e-01
-2.58700625e-07,1.75422094e-01
-2.58660625e-07,1.75468313e-01
-2.58620625e-07,1.75442031e-01
-2.58580625e-07,1.75459250e-01
-2.58540625e-07,1.75447469e-01
-2.58500625e-07,1.75455625e-01
-2.58460625e-07,1.75450187e-01
-2.58420625e-07,1.75452906e-01
-2.58380625e-07,1.75452000e-01
-2.58340625e-07,1.75451094e-01
-2.58300625e-07,1.75454719e-01
-2.58260625e-07,1.75448375e-01
-2.58220625e-07,1.75457438e-01
-2.58180625e-07,1.75444750e-01
-2.58140625e-07,1.75462875e-01
-2.58100625e-07,1.75434781e-01
-2.58060625e-07,1.75483719e-01
-2.58020625e-07,1.75331469e-01
-2.57980625e-07,1.75189188e-01
-2.57940625e-07,1.75236312e-01
-2.57900625e-07,1.75209125e-01
-2.57860625e-07,1.75227250e-01
-2.57820625e-07,1.75215469e-01
-2.57780625e-07,1.75221812e-01
-2.57740625e-07,1.75220000e-01
-2.57700625e-07,1.75217281e-01
-2.57660625e-07,1.75226344e-01
-2.57620625e-07,1.75207312e-01
-2.57580625e-07,1.75247188e-01
-2.57540625e-07,1.75103094e-01
-2.57500625e-07,1.74953562e-01
-2.57460625e-07,1.75007937e-01
-2.57420625e-07,1.74975313e-01
-2.57380625e-07,1.74996156e-01
-2.57340625e-07,1.74983469e-01
-2.57300625e-07,1.74985281e-01
-2.57260625e-07,1.75005219e-01
-2.57220625e-07,1.74881969e-01
-2.57180625e-07,1.74709781e-01
-2.57140625e-07,1.74789531e-01
-2.57100625e-07,1.74726094e-01
-2.57060625e-07,1.74785906e-01
-2.57020625e-07,1.74722469e-01
-2.56980625e-07,1.74803125e-01
-2.56940625e-07,1.74620969e-01
-2.56900625e-07,1.74507688e-01
-2.56860625e-07,1.74525812e-01
-2.56820625e-07,1.74529437e-01
-2.56780625e-07,1.74511312e-01
-2.56740625e-07,1.74552094e-01
-2.56700625e-07,1.74407094e-01
-2.56660625e-07,1.74255750e-01
-2.56620625e-07,1.74317375e-01
-2.56580625e-07,1.74267531e-01
-2.56540625e-07,1.74327344e-01
-2.56500625e-07,1.74170562e-01
-2.56460625e-07,1.74027375e-01
-2.56420625e-07,1.74080844e-01
-2.56380625e-07,1.74042781e-01
-2.56340625e-07,1.74078125e-01
-2.56300625e-07,1.74037344e-01
-2.56260625e-07,1.74096250e-01
-2.56220625e-07,1.73935844e-01
-2.56180625e-07,1.73799906e-01
-2.56140625e-07,1.73843406e-01
-2.56100625e-07,1.73818031e-01
-2.56060625e-07,1.73835250e-01
-2.56020625e-07,1.73821656e-01
-2.55980625e-07,1.73833437e-01
-2.55940625e-07,1.73823469e-01
-2.55900625e-07,1.73831625e-01
-2.55860625e-07,1.73824375e-01
-2.55820625e-07,1.73831625e-01
-2.55780625e-07,1.73824375e-01
-2.55740625e-07,1.73831625e-01
-2.55700625e-07,1.73824375e-01
-2.55660625e-07,1.73832531e-01
-2.55620625e-07,1.73823469e-01
-2.55580625e-07,1.73833437e-01
-2.55540625e-07,1.73822562e-01
-2.55500625e-07,1.73834344e-01
-2.55460625e-07,1.73819844e-01
-2.55420625e-07,1.73837969e-01
-2.55380625e-07,1.73814406e-01
-2.55340625e-07,1.73847031e-01
-2.55300625e-07,1.73793562e-01
-2.55260625e-07,1.73952156e-01
-2.55220625e-07,1.74087187e-01
-2.55180625e-07,1.74049125e-01
-2.55140625e-07,1.74062719e-01
-2.55100625e-07,1.74066344e-01
-2.55060625e-07,1.74037344e-01
-2.55020625e-07,1.74174187e-01
-2.54980625e-07,1.74327344e-01
-2.54940625e-07,1.74275687e-01
-2.54900625e-07,1.74289281e-01
-2.54860625e-07,1.74384437e-01
-2.54820625e-07,1.74583812e-01
-2.54780625e-07,1.74475062e-01
-2.54740625e-07,1.74572937e-01
-2.54700625e-07,1.74462375e-01
-2.54660625e-07,1.74674438e-01
-2.54620625e-07,1.74756000e-01
-2.54580625e-07,1.74775031e-01
-2.54540625e-07,1.74716125e-01
-2.54500625e-07,1.74888313e-01
-2.54460625e-07,1.75003406e-01
-2.54420625e-07,1.74993437e-01
-2.54380625e-07,1.74961719e-01
-2.54340625e-07,1.75106719e-01
-2.54300625e-07,1.75249906e-01
-2.54260625e-07,1.75206406e-01
-2.54220625e-07,1.75223625e-01
-2.54180625e-07,1.75225437e-01
-2.54140625e-07,1.75198250e-01
-2.54100625e-07,1.75332375e-01
-2.54060625e-07,1.75490969e-01
-2.54020625e-07,1.75427531e-01
-2.53980625e-07,1.75470125e-01
-2.53940625e-07,1.75437500e-01
-2.53900625e-07,1.75464687e-01
-2.53860625e-07,1.75441125e-01
-2.53820625e-07,1.75461969e-01
-2.53780625e-07,1.75442938e-01
-2.53740625e-07,1.75460156e-01
-2.53700625e-07,1.75443844e-01
-2.53660625e-07,1.75459250e-01
-2.53620625e-07,1.75444750e-01
-2.53580625e-07,1.75459250e-01
-2.53540625e-07,1.75444750e-01
-2.53500625e-07,1.75459250e-01
-2.53460625e-07,1.75444750e-01
-2.53420625e-07,1.75459250e-01
-2.53380625e-07,1.75444750e-01
-2.53340625e-07,1.75459250e-01
-2.53300625e-07,1.75443844e-01
-2.53260625e-07,1.75460156e-01
-2.53220625e-07,1.75442938e-01
-2.53180625e-07,1.75461969e-01
-2.53140625e-07,1.75440219e-01
-2.53100625e-07,1.75466500e-01
-2.53060625e-07,1.75432062e-01
-2.53020625e-07,1.75486438e-01
-2.52980625e-07,1.75328750e-01
-2.52940625e-07,1.75191000e-01
-2.52900625e-07,1.75235406e-01
-2.52860625e-07,1.75210031e-01
-2.52820625e-07,1.75227250e-01
-2.52780625e-07,1.75214563e-01
-2.52740625e-07,1.75223625e-01
-2.52700625e-07,1.75216375e-01
-2.52660625e-07,1.75222719e-01
-2.52620625e-07,1.75218188e-01
-2.52580625e-07,1.75221812e-01
-2.52540625e-07,1.75219094e-01
-2.52500625e-07,1.75220906e-01
-2.52460625e-07,1.75219094e-01
-2.52420625e-07,1.75220906e-01
-2.52380625e-07,1.75220000e-01
-2.52340625e-07,1.75220000e-01
-2.52300625e-07,1.75220000e-01
-2.52260625e-07,1.75220000e-01
-2.52220625e-07,1.75220000e-01
-2.52180625e-07,1.75220000e-01
-2.52140625e-07,1.75220000e-01
-2.52100625e-07,1.75219094e-01
-2.52060625e-07,1.75220906e-01
-2.52020625e-07,1.75219094e-01
-2.51980625e-07,1.75220906e-01
-2.51940625e-07,1.75219094e-01
-2.51900625e-07,1.75220906e-01
-2.51860625e-07,1.75218188e-01
-2.51820625e-07,1.75221812e-01
-2.51780625e-07,1.75218188e-01
-2.51740625e-07,1.75221812e-01
-2.51700625e-07,1.75218188e-01
-2.51660625e-07,1.75222719e-01
-2.51620625e-07,1.75217281e-01
-2.51580625e-07,1.75222719e-01
-2.51540625e-07,1.75216375e-01
-2.51500625e-07,1.75223625e-01
-2.51460625e-07,1.75215469e-01
-2.51420625e-07,1.75225437e-01
-2.51380625e-07,1.75213656e-01
-2.51340625e-07,1.75227250e-01
-2.51300625e-07,1.75210937e-01
-2.51260625e-07,1.75232687e-01
-2.51220625e-07,1.75201875e-01
-2.51180625e-07,1.75252625e-01
-2.51140625e-07,1.75097656e-01
-2.51100625e-07,1.74958094e-01
-2.51060625e-07,1.75003406e-01
-2.51020625e-07,1.74978031e-01
-2.50980625e-07,1.74994344e-01
-2.50940625e-07,1.74984375e-01
-2.50900625e-07,1.74988906e-01
-2.50860625e-07,1.74990719e-01
-2.50820625e-07,1.74978937e-01
-2.50780625e-07,1.75011562e-01
-2.50740625e-07,1.74875625e-01
-2.50700625e-07,1.74716125e-01
-2.50660625e-07,1.74782281e-01
-2.50620625e-07,1.74734250e-01
-2.50580625e-07,1.74775938e-01
-2.50540625e-07,1.74736063e-01
-2.50500625e-07,1.74776844e-01
-2.50460625e-07,1.74730625e-01
-2.50420625e-07,1.74794969e-01
-2.50380625e-07,1.74628219e-01
-2.50340625e-07,1.74498625e-01
-2.50300625e-07,1.74535781e-01
-2.50260625e-07,1.74517656e-01
-2.50220625e-07,1.74527625e-01
-2.50180625e-07,1.74521281e-01
-2.50140625e-07,1.74525812e-01
-2.50100625e-07,1.74523094e-01
-2.50060625e-07,1.74524000e-01
-2.50020625e-07,1.74524000e-01
-2.49980625e-07,1.74524000e-01
-2.49940625e-07,1.74524000e-01
-2.49900625e-07,1.74523094e-01
-2.49860625e-07,1.74524906e-01
-2.49820625e-07,1.74523094e-01
-2.49780625e-07,1.74524906e-01
-2.49740625e-07,1.74523094e-01
-2.49700625e-07,1.74524906e-01
-2.49660625e-07,1.74523094e-01
-2.49620625e-07,1.74524906e-01
-2.49580625e-07,1.74523094e-01
-2.49540625e-07,1.74524906e-01
-2.49500625e-07,1.74523094e-01
-2.49460625e-07,1.74524906e-01
-2.49420625e-07,1.74523094e-01
-2.49380625e-07,1.74524906e-01
-2.49340625e-07,1.74523094e-01
-2.49300625e-07,1.74524906e-01
-2.49260625e-07,1.74523094e-01
-2.49220625e-07,1.74524906e-01
-2.49180625e-07,1.74523094e-01
-2.49140625e-07,1.74524906e-01
-2.49100625e-07,1.74524000e-01
-2.49060625e-07,1.74524000e-01
-2.49020625e-07,1.74524000e-01
-2.48980625e-07,1.74524000e-01
-2.48940625e-07,1.74524000e-01
-2.48900625e-07,1.74523094e-01
-2.48860625e-07,1.74524906e-01
-2.48820625e-07,1.74522188e-01
-2.48780625e-07,1.74526719e-01
-2.48740625e-07,1.74520375e-01
-2.48700625e-07,1.74528531e-01
-2.48660625e-07,1.74515844e-01
-2.48620625e-07,1.74536688e-01
-2.48580625e-07,1.74496812e-01
-2.48540625e-07,1.74640000e-01
-2.48500625e-07,1.74792250e-01
-2.48460625e-07,1.74733344e-01
-2.48420625e-07,1.74774125e-01
-2.48380625e-07,1.74740594e-01
-2.48340625e-07,1.74770500e-01
-2.48300625e-07,1.74741500e-01
-2.48260625e-07,1.74770500e-01
-2.48220625e-07,1.74741500e-01
-2.48180625e-07,1.74772312e-01
-2.48140625e-07,1.74736969e-01
-2.48100625e-07,1.74780469e-01
-2.48060625e-07,1.74717031e-01
-2.48020625e-07,1.74883781e-01
-2.47980625e-07,1.75011562e-01
-2.47940625e-07,1.74978937e-01
-2.47900625e-07,1.74990719e-01
-2.47860625e-07,1.74989813e-01
-2.47820625e-07,1.74981656e-01
-2.47780625e-07,1.75000688e-01
-2.47740625e-07,1.74960813e-01
-2.47700625e-07,1.75104000e-01
-2.47660625e-07,1.75255344e-01
-2.47620625e-07,1.75198250e-01
-2.47580625e-07,1.75237219e-01
-2.47540625e-07,1.75204594e-01
-2.47500625e-07,1.75235406e-01
-2.47460625e-07,1.75203688e-01
-2.47420625e-07,1.75240844e-01
-2.47380625e-07,1.75185563e-01
-2.47340625e-07,1.75342344e-01
-2.47300625e-07,1.75481906e-01
-2.47260625e-07,1.75434781e-01
-2.47220625e-07,1.75463781e-01
-2.47180625e-07,1.75442938e-01
-2.47140625e-07,1.75460156e-01
-2.47100625e-07,1.75444750e-01
-2.47060625e-07,1.75459250e-01
-2.47020625e-07,1.75445656e-01
-2.46980625e-07,1.75458344e-01
-2.46940625e-07,1.75444750e-01
-2.46900625e-07,1.75459250e-01
-2.46860625e-07,1.75444750e-01
-2.46820625e-07,1.75460156e-01
-2.46780625e-07,1.75443844e-01
-2.46740625e-07,1.75461062e-01
-2.46700625e-07,1.75442031e-01
-2.46660625e-07,1.75463781e-01
-2.46620625e-07,1.75438406e-01
-2.46580625e-07,1.75469219e-01
-2.46540625e-07,1.75429344e-01
-2.46500625e-07,1.75490062e-01
-2.46460625e-07,1.75324219e-01
-2.46420625e-07,1.75196437e-01
-2.46380625e-07,1.75229063e-01
-2.46340625e-07,1.75218188e-01
-2.46300625e-07,1.75217281e-01
-2.46260625e-07,1.75228156e-01
-2.46220625e-07,1.75204594e-01
-2.46180625e-07,1.75251719e-01
-2.46140625e-07,1.75097656e-01
-2.46100625e-07,1.74959906e-01
-2.46060625e-07,1.74999781e-01
-2.46020625e-07,1.74985281e-01
-2.45980625e-07,1.74981656e-01
-2.45940625e-07,1.75010656e-01
-2.45900625e-07,1.74874719e-01
-2.45860625e-07,1.74719750e-01
-2.45820625e-07,1.74775938e-01
-2.45780625e-07,1.74744219e-01
-2.45740625e-07,1.74759625e-01
-2.45700625e-07,1.74768687e-01
-2.45660625e-07,1.74653594e-01
-2.45620625e-07,1.74475062e-01
-2.45580625e-07,1.74560250e-01
-2.45540625e-07,1.74492281e-01
-2.45500625e-07,1.74554812e-01
-2.45460625e-07,1.74489563e-01
-2.45420625e-07,1.74571125e-01
-2.45380625e-07,1.74388969e-01
-2.45340625e-07,1.74273875e-01
-2.45300625e-07,1.74296531e-01
-2.45260625e-07,1.74292000e-01
-2.45220625e-07,1.74289281e-01
-2.45180625e-07,1.74295625e-01
-2.45140625e-07,1.74287469e-01
-2.45100625e-07,1.74297437e-01
-2.45060625e-07,1.74286562e-01
-2.45020625e-07,1.74298344e-01
-2.44980625e-07,1.74285656e-01
-2.44940625e-07,1.74299250e-01
-2.44900625e-07,1.74284750e-01
-2.44860625e-07,1.74299250e-01
-2.44820625e-07,1.74283844e-01
-2.44780625e-07,1.74300156e-01
-2.44740625e-07,1.74283844e-01
-2.44700625e-07,1.74301062e-01
-2.44660625e-07,1.74282938e-01
-2.44620625e-07,1.74301969e-01
-2.44580625e-07,1.74281125e-01
-2.44540625e-07,1.74303781e-01
-2.44500625e-07,1.74278406e-01
-2.44460625e-07,1.74307406e-01
-2.44420625e-07,1.74273875e-01
-2.44380625e-07,1.74316469e-01
-2.44340625e-07,1.74253031e-01
-2.44300625e-07,1.74419781e-01
-2.44260625e-07,1.74547563e-01
-2.44220625e-07,1.74514937e-01
-2.44180625e-07,1.74526719e-01
-2.44140625e-07,1.74524906e-01
-2.44100625e-07,1.74520375e-01
-2.44060625e-07,1.74531250e-01
-2.44020625e-07,1.74513125e-01
-2.43980625e-07,1.74541219e-01
-2.43940625e-07,1.74491375e-01
-2.43900625e-07,1.74646344e-01
-2.43860625e-07,1.74785000e-01
-2.43820625e-07,1.74740594e-01
-2.43780625e-07,1.74765063e-01
-2.43740625e-07,1.74750562e-01
-2.43700625e-07,1.74758719e-01
-2.43660625e-07,1.74755094e-01
-2.43620625e-07,1.74754187e-01
-2.43580625e-07,1.74760531e-01
-2.43540625e-07,1.74747844e-01
-2.43500625e-07,1.74769594e-01
-2.43460625e-07,1.74727000e-01
-2.43420625e-07,1.74873813e-01
-2.43380625e-07,1.75021531e-01
-2.43340625e-07,1.74968062e-01
-2.43300625e-07,1.75001594e-01
-2.43260625e-07,1.74977125e-01
-2.43220625e-07,1.74997062e-01
-2.43180625e-07,1.74980750e-01
-2.43140625e-07,1.74994344e-01
-2.43100625e-07,1.74982562e-01
-2.43060625e-07,1.74992531e-01
-2.43020625e-07,1.74983469e-01
-2.42980625e-07,1.74991625e-01
-2.42940625e-07,1.74984375e-01
-2.42900625e-07,1.74990719e-01
-2.42860625e-07,1.74985281e-01
-2.42820625e-07,1.74989813e-01
-2.42780625e-07,1.74986188e-01
-2.42740625e-07,1.74988906e-01
-2.42700625e-07,1.74988000e-01
-2.42660625e-07,1.74988000e-01
-2.42620625e-07,1.74988906e-01
-2.42580625e-07,1.74986188e-01
-2.42540625e-07,1.74991625e-01
-2.42500625e-07,1.74982562e-01
-2.42460625e-07,1.74996156e-01
-2.42420625e-07,1.74974406e-01
-2.42380625e-07,1.75016094e-01
-2.42340625e-07,1.74871094e-01
-2.42300625e-07,1.74720656e-01
-2.42260625e-07,1.74777750e-01
-2.42220625e-07,1.74739687e-01
-2.42180625e-07,1.74768687e-01
-2.42140625e-07,1.74744219e-01
-2.42100625e-07,1.74765969e-01
-2.42060625e-07,1.74746938e-01
-2.42020625e-07,1.74765063e-01
-2.41980625e-07,1.74747844e-01
-2.41940625e-07,1.74764156e-01
-2.41900625e-07,1.74747844e-01
-2.41860625e-07,1.74764156e-01
-2.41820625e-07,1.74747844e-01
-2.41780625e-07,1.74764156e-01
-2.41740625e-07,1.74746938e-01
-2.41700625e-07,1.74765969e-01
-2.41660625e-07,1.74745125e-01
-2.41620625e-07,1.74767781e-01
-2.41580625e-07,1.74741500e-01
-2.41540625e-07,1.74775938e-01
-2.41500625e-07,1.74721563e-01
-2.41460625e-07,1.74879250e-01
-2.41420625e-07,1.75017906e-01
-2.41380625e-07,1.74971688e-01
-2.41340625e-07,1.74998875e-01
-2.41300625e-07,1.74978937e-01
-2.41260625e-07,1.74995250e-01
-2.41220625e-07,1.74980750e-01
-2.41180625e-07,1.74996156e-01
-2.41140625e-07,1.74978031e-01
-2.41100625e-07,1.75003406e-01
-2.41060625e-07,1.74959000e-01
-2.41020625e-07,1.75104906e-01
-2.40980625e-07,1.75256250e-01
-2.40940625e-07,1.75197344e-01
-2.40900625e-07,1.75239031e-01
-2.40860625e-07,1.75202781e-01
-2.40820625e-07,1.75237219e-01
-2.40780625e-07,1.75200063e-01
-2.40740625e-07,1.75244469e-01
-2.40700625e-07,1.75181031e-01
-2.40660625e-07,1.75346875e-01
-2.40620625e-07,1.75477375e-01
-2.40580625e-07,1.75441125e-01
-2.40540625e-07,1.75457438e-01
-2.40500625e-07,1.75449281e-01
-2.40460625e-07,1.75452000e-01
-2.40420625e-07,1.75453813e-01
-2.40380625e-07,1.75448375e-01
-2.40340625e-07,1.75457438e-01
-2.40300625e-07,1.75442938e-01
-2.40260625e-07,1.75466500e-01
-2.40220625e-07,1.75422094e-01
-2.40180625e-07,1.75570719e-01
-2.40140625e-07,1.75717531e-01
-2.40100625e-07,1.75664062e-01
-2.40060625e-07,1.75698500e-01
-2.40020625e-07,1.75672219e-01
-2.39980625e-07,1.75693969e-01
-2.39940625e-07,1.75674031e-01
-2.39900625e-07,1.75693062e-01
-2.39860625e-07,1.75674031e-01
-2.39820625e-07,1.75694875e-01
-2.39780625e-07,1.75671313e-01
-2.39740625e-07,1.75702125e-01
-2.39700625e-07,1.75652281e-01
-2.39660625e-07,1.75803625e-01
-2.39620625e-07,1.75949531e-01
-2.39580625e-07,1.75895156e-01
-2.39540625e-07,1.75932312e-01
-2.39500625e-07,1.75900594e-01
-2.39460625e-07,1.75931406e-01
-2.39420625e-07,1.75898781e-01
-2.39380625e-07,1.75938656e-01
-2.39340625e-07,1.75878844e-01
-2.39300625e-07,1.76041969e-01
-2.39260625e-07,1.76173375e-01
-2.39220625e-07,1.76138031e-01
-2.39180625e-07,1.76150719e-01
-2.39140625e-07,1.76153438e-01
-2.39100625e-07,1.76127156e-01
-2.39060625e-07,1.76257656e-01
-2.39020625e-07,1.76423500e-01
-2.38980625e-07,1.76348281e-01
-2.38940625e-07,1.76410812e-01
-2.38900625e-07,1.76338313e-01
-2.38860625e-07,1.76507781e-01
-2.38820625e-07,1.76640094e-01
-2.38780625e-07,1.76594781e-01
-2.38740625e-07,1.76630125e-01
-2.38700625e-07,1.76583000e-01
-2.38660625e-07,1.76728000e-01
-2.38620625e-07,1.76882969e-01
-2.38580625e-07,1.76815906e-01
-2.38540625e-07,1.76872094e-01
-2.38500625e-07,1.76805031e-01
-2.38460625e-07,1.76969062e-01
-2.38420625e-07,1.77105000e-01
-2.38380625e-07,1.77056969e-01
-2.38340625e-07,1.77095031e-01
-2.38300625e-07,1.77045188e-01
-2.38260625e-07,1.77193812e-01
-2.38220625e-07,1.77344250e-01
-2.38180625e-07,1.77283531e-01
-2.38140625e-07,1.77329750e-01
-2.38100625e-07,1.77286250e-01
-2.38060625e-07,1.77334281e-01
-2.38020625e-07,1.77268125e-01
-2.37980625e-07,1.77435781e-01
-2.37940625e-07,1.77565375e-01
-2.37900625e-07,1.77528219e-01
-2.37860625e-07,1.77546344e-01
-2.37820625e-07,1.77536375e-01
-2.37780625e-07,1.77541813e-01
-2.37740625e-07,1.77539094e-01
-2.37700625e-07,1.77540000e-01
-2.37660625e-07,1.77540906e-01
-2.37620625e-07,1.77539094e-01
-2.37580625e-07,1.77541813e-01
-2.37540625e-07,1.77538187e-01
-2.37500625e-07,1.77541813e-01
-2.37460625e-07,1.77537281e-01
-2.37420625e-07,1.77542719e-01
-2.37380625e-07,1.77536375e-01
-2.37340625e-07,1.77543625e-01
-2.37300625e-07,1.77536375e-01
-2.37260625e-07,1.77544531e-01
-2.37220625e-07,1.77535469e-01
-2.37180625e-07,1.77545437e-01
-2.37140625e-07,1.77533656e-01
-2.37100625e-07,1.77547250e-01
-2.37060625e-07,1.77531844e-01
-2.37020625e-07,1.77549062e-01
-2.36980625e-07,1.77528219e-01
-2.36940625e-07,1.77554500e-01
-2.36900625e-07,1.77519156e-01
-2.36860625e-07,1.77575344e-01
-2.36820625e-07,1.77415844e-01
-2.36780625e-07,1.77280812e-01
-2.36740625e-07,1.77320687e-01
-2.36700625e-07,1.77301656e-01
-2.36660625e-07,1.77310719e-01
-2.36620625e-07,1.77308906e-01
-2.36580625e-07,1.77304375e-01
-2.36540625e-07,1.77315250e-01
-2.36500625e-07,1.77294406e-01
-2.36460625e-07,1.77337000e-01
-2.36420625e-07,1.77189281e-01
-2.36380625e-07,1.77043375e-01
-2.36340625e-07,1.77094125e-01
-2.36300625e-07,1.77064219e-01
-2.36260625e-07,1.77084156e-01
-2.36220625e-07,1.77070563e-01
-2.36180625e-07,1.77077812e-01
-2.36140625e-07,1.77077812e-01
-2.36100625e-07,1.77068750e-01
-2.36060625e-07,1.77098656e-01
-2.36020625e-07,1.76964531e-01
-2.35980625e-07,1.76803219e-01
-2.35940625e-07,1.76870281e-01
-2.35900625e-07,1.76822250e-01
-2.35860625e-07,1.76863031e-01
-2.35820625e-07,1.76825875e-01
-2.35780625e-07,1.76861219e-01
-2.35740625e-07,1.76825875e-01
-2.35700625e-07,1.76863938e-01
-2.35660625e-07,1.76819531e-01
-2.35620625e-07,1.76882969e-01
-2.35580625e-07,1.76717125e-01
-2.35540625e-07,1.76585719e-01
-2.35500625e-07,1.76624687e-01
-2.35460625e-07,1.76603844e-01
-2.35420625e-07,1.76617438e-01
-2.35380625e-07,1.76606563e-01
-2.35340625e-07,1.76617438e-01
-2.35300625e-07,1.76605656e-01
-2.35260625e-07,1.76620156e-01
-2.35220625e-07,1.76598406e-01
-2.35180625e-07,1.76639187e-01
-2.35140625e-07,1.76496000e-01
-2.35100625e-07,1.76342844e-01
-2.35060625e-07,1.76403562e-01
-2.35020625e-07,1.76361875e-01
-2.34980625e-07,1.76396312e-01
-2.34940625e-07,1.76365500e-01
-2.34900625e-07,1.76394500e-01
-2.34860625e-07,1.76366406e-01
-2.34820625e-07,1.76394500e-01
-2.34780625e-07,1.76365500e-01
-2.34740625e-07,1.76396312e-01
-2.34700625e-07,1.76361875e-01
-2.34660625e-07,1.76400844e-01
-2.34620625e-07,1.76353719e-01
-2.34580625e-07,1.76421688e-01
-2.34540625e-07,1.76249500e-01
-2.34500625e-07,1.76127156e-01
-2.34460625e-07,1.76153438e-01
-2.34420625e-07,1.76148906e-01
-2.34380625e-07,1.76140750e-01
-2.34340625e-07,1.76162500e-01
-2.34300625e-07,1.76118094e-01
-2.34260625e-07,1.76267625e-01
-2.34220625e-07,1.76412625e-01
-2.34180625e-07,1.76361875e-01
-2.34140625e-07,1.76392688e-01
-2.34100625e-07,1.76370031e-01
-2.34060625e-07,1.76388156e-01
-2.34020625e-07,1.76371844e-01
-2.33980625e-07,1.76388156e-01
-2.33940625e-07,1.76370031e-01
-2.33900625e-07,1.76394500e-01
-2.33860625e-07,1.76352813e-01
-2.33820625e-07,1.76495094e-01
-2.33780625e-07,1.76650969e-01
-2.33740625e-07,1.76584812e-01
-2.33700625e-07,1.76635563e-01
-2.33660625e-07,1.76587531e-01
-2.33620625e-07,1.76641000e-01
-2.33580625e-07,1.76568500e-01
-2.33540625e-07,1.76745219e-01
-2.33500625e-07,1.76862125e-01
-2.33460625e-07,1.76841281e-01
-2.33420625e-07,1.76838562e-01
-2.33380625e-07,1.76858500e-01
-2.33340625e-07,1.76813187e-01
-2.33300625e-07,1.76964531e-01
-2.33260625e-07,1.77105906e-01
-2.33220625e-07,1.77061500e-01
-2.33180625e-07,1.77083250e-01
-2.33140625e-07,1.77073281e-01
-2.33100625e-07,1.77073281e-01
-2.33060625e-07,1.77085969e-01
-2.33020625e-07,1.77050625e-01
-2.32980625e-07,1.77191094e-01
-2.32940625e-07,1.77344250e-01
-2.32900625e-07,1.77286250e-01
-2.32860625e-07,1.77324312e-01
-2.32820625e-07,1.77295312e-01
-2.32780625e-07,1.77317969e-01
-2.32740625e-07,1.77298938e-01
-2.32700625e-07,1.77315250e-01
-2.32660625e-07,1.77301656e-01
-2.32620625e-07,1.77313438e-01
-2.32580625e-07,1.77303469e-01
-2.32540625e-07,1.77311625e-01
-2.32500625e-07,1.77305281e-01
-2.32460625e-07,1.77309812e-01
-2.32420625e-07,1.77307094e-01
-2.32380625e-07,1.77308000e-01
-2.32340625e-07,1.77309812e-01
-2.32300625e-07,1.77304375e-01
-2.32260625e-07,1.77314344e-01
-2.32220625e-07,1.77295312e-01
-2.32180625e-07,1.77335187e-01
-2.32140625e-07,1.77192000e-01
-2.32100625e-07,1.77039750e-01
-2.32060625e-07,1.77097750e-01
-2.32020625e-07,1.77059688e-01
-2.31980625e-07,1.77089594e-01
-2.31940625e-07,1.77064219e-01
-2.31900625e-07,1.77086875e-01
-2.31860625e-07,1.77066031e-01
-2.31820625e-07,1.77085063e-01
-2.31780625e-07,1.77067844e-01
-2.31740625e-07,1.77084156e-01
-2.31700625e-07,1.77068750e-01
-2.31660625e-07,1.77083250e-01
-2.31620625e-07,1.77069656e-01
-2.31580625e-07,1.77082344e-01
-2.31540625e-07,1.77069656e-01
-2.31500625e-07,1.77082344e-01
-2.31460625e-07,1.77070563e-01
-2.31420625e-07,1.77081437e-01
-2.31380625e-07,1.77070563e-01
-2.31340625e-07,1.77081437e-01
-2.31300625e-07,1.77070563e-01
-2.31260625e-07,1.77081437e-01
-2.31220625e-07,1.77071469e-01
-2.31180625e-07,1.77080531e-01
-2.31140625e-07,1.77071469e-01
-2.31100625e-07,1.77080531e-01
-2.31060625e-07,1.77071469e-01
-2.31020625e-07,1.77080531e-01
-2.30980625e-07,1.77071469e-01
-2.30940625e-07,1.77080531e-01
-2.30900625e-07,1.77071469e-01
-2.30860625e-07,1.77080531e-01
-2.30820625e-07,1.77072375e-01
-2.30780625e-07,1.77079625e-01
-2.30740625e-07,1.77072375e-01
-2.30700625e-07,1.77079625e-01
-2.30660625e-07,1.77072375e-01
-2.30620625e-07,1.77079625e-01
-2.30580625e-07,1.77072375e-01
-2.30540625e-07,1.77079625e-01
-2.30500625e-07,1.77073281e-01
-2.30460625e-07,1.77078719e-01
-2.30420625e-07,1.77073281e-01
-2.30380625e-07,1.77078719e-01
-2.30340625e-07,1.77073281e-01
-2.30300625e-07,1.77077812e-01
-2.30260625e-07,1.77074188e-01
-2.30220625e-07,1.77077812e-01
-2.30180625e-07,1.77075094e-01
-2.30140625e-07,1.77076000e-01
-2.30100625e-07,1.77076000e-01
-2.30060625e-07,1.77075094e-01
-2.30020625e-07,1.77078719e-01
-2.29980625e-07,1.77071469e-01
-2.29940625e-07,1.77083250e-01
-2.29900625e-07,1.77062406e-01
-2.29860625e-07,1.77104094e-01
-2.29820625e-07,1.76959094e-01
-2.29780625e-07,1.76809562e-01
-2.29740625e-07,1.76863938e-01
-2.29700625e-07,1.76830406e-01
-2.29660625e-07,1.76853062e-01
-2.29620625e-07,1.76839469e-01
-2.29580625e-07,1.76842187e-01
-2.29540625e-07,1.76860313e-01
-2.29500625e-07,1.76738875e-01
-2.29460625e-07,1.76564875e-01
-2.29420625e-07,1.76646438e-01
-2.29380625e-07,1.76581187e-01
-2.29340625e-07,1.76641906e-01
-2.29300625e-07,1.76578469e-01
-2.29260625e-07,1.76658219e-01
-2.29220625e-07,1.76477875e-01
-2.29180625e-07,1.76360062e-01
-2.29140625e-07,1.76387250e-01
-2.29100625e-07,1.76376375e-01
-2.29060625e-07,1.76383625e-01
-2.29020625e-07,1.76372750e-01
-2.28980625e-07,1.76399937e-01
-2.28940625e-07,1.76273062e-01
-2.28900625e-07,1.76100875e-01
-2.28860625e-07,1.76182438e-01
-2.28820625e-07,1.76116281e-01
-2.28780625e-07,1.76180625e-01
-2.28740625e-07,1.76110844e-01
-2.28700625e-07,1.76198750e-01
-2.28660625e-07,1.76008438e-01
-2.28620625e-07,1.75904219e-01
-2.28580625e-07,1.75913281e-01
-2.28540625e-07,1.75925063e-01
-2.28500625e-07,1.75902406e-01
-2.28460625e-07,1.75935031e-01
-2.28420625e-07,1.75889719e-01
-2.28380625e-07,1.75957687e-01
-2.28340625e-07,1.75784594e-01
-2.28300625e-07,1.75664969e-01
-2.28260625e-07,1.75687625e-01
-2.28220625e-07,1.75687625e-01
-2.28180625e-07,1.75674937e-01
-2.28140625e-07,1.75697594e-01
-2.28100625e-07,1.75662250e-01
-2.28060625e-07,1.75721156e-01
-2.28020625e-07,1.75556219e-01
-2.27980625e-07,1.75429344e-01
-2.27940625e-07,1.75459250e-01
-2.27900625e-07,1.75452000e-01
-2.27860625e-07,1.75446562e-01
-2.27820625e-07,1.75462875e-01
-2.27780625e-07,1.75433875e-01
-2.27740625e-07,1.75486438e-01
-2.27700625e-07,1.75327844e-01
-2.27660625e-07,1.75193719e-01
-2.27620625e-07,1.75230875e-01
-2.27580625e-07,1.75216375e-01
-2.27540625e-07,1.75218188e-01
-2.27500625e-07,1.75227250e-01
-2.27460625e-07,1.75204594e-01
-2.27420625e-07,1.75250812e-01
-2.27380625e-07,1.75098562e-01
-2.27340625e-07,1.74959000e-01
-2.27300625e-07,1.75001594e-01
-2.27260625e-07,1.74981656e-01
-2.27220625e-07,1.74988906e-01
-2.27180625e-07,1.74991625e-01
-2.27140625e-07,1.74976219e-01
-2.27100625e-07,1.75015188e-01
-2.27060625e-07,1.74871094e-01
-2.27020625e-07,1.74722469e-01
-2.26980625e-07,1.74775031e-01
-2.26940625e-07,1.74744219e-01
-2.26900625e-07,1.74764156e-01
-2.26860625e-07,1.74751469e-01
-2.26820625e-07,1.74757812e-01
-2.26780625e-07,1.74758719e-01
-2.26740625e-07,1.74746938e-01
-2.26700625e-07,1.74780469e-01
-2.26660625e-07,1.74642719e-01
-2.26620625e-07,1.74485937e-01
-2.26580625e-07,1.74547563e-01
-2.26540625e-07,1.74505875e-01
-2.26500625e-07,1.74539406e-01
-2.26460625e-07,1.74510406e-01
-2.26420625e-07,1.74535781e-01
-2.26380625e-07,1.74512219e-01
-2.26340625e-07,1.74534875e-01
-2.26300625e-07,1.74513125e-01
-2.26260625e-07,1.74535781e-01
-2.26220625e-07,1.74511312e-01
-2.26180625e-07,1.74538500e-01
-2.26140625e-07,1.74504063e-01
-2.26100625e-07,1.74557531e-01
-2.26060625e-07,1.74401656e-01
-2.26020625e-07,1.74261187e-01
-2.25980625e-07,1.74309219e-01
-2.25940625e-07,1.74279313e-01
-2.25900625e-07,1.74301969e-01
-2.25860625e-07,1.74282938e-01
-2.25820625e-07,1.74300156e-01
-2.25780625e-07,1.74283844e-01
-2.25740625e-07,1.74300156e-01
-2.25700625e-07,1.74282938e-01
-2.25660625e-07,1.74301062e-01
-2.25620625e-07,1.74281125e-01
-2.25580625e-07,1.74304687e-01
-2.25540625e-07,1.74276594e-01
-2.25500625e-07,1.74312844e-01
-2.25460625e-07,1.74256656e-01
-2.25420625e-07,1.74417062e-01
-2.25380625e-07,1.74551188e-01
-2.25340625e-07,1.74511312e-01
-2.25300625e-07,1.74531250e-01
-2.25260625e-07,1.74520375e-01
-2.25220625e-07,1.74525812e-01
-2.25180625e-07,1.74524000e-01
-2.25140625e-07,1.74522188e-01
-2.25100625e-07,1.74527625e-01
-2.25060625e-07,1.74518563e-01
-2.25020625e-07,1.74532156e-01
-2.24980625e-07,1.74513125e-01
-2.24940625e-07,1.74541219e-01
-2.24900625e-07,1.74491375e-01
-2.24860625e-07,1.74645438e-01
-2.24820625e-07,1.74785906e-01
-2.24780625e-07,1.74740594e-01
-2.24740625e-07,1.74765969e-01
-2.24700625e-07,1.74749656e-01
-2.24660625e-07,1.74760531e-01
-2.24620625e-07,1.74753281e-01
-2.24580625e-07,1.74756906e-01
-2.24540625e-07,1.74756906e-01
-2.24500625e-07,1.74753281e-01
-2.24460625e-07,1.74759625e-01
-2.24420625e-07,1.74749656e-01
-2.24380625e-07,1.74764156e-01
-2.24340625e-07,1.74743312e-01
-2.24300625e-07,1.74775031e-01
-2.24260625e-07,1.74721563e-01
-2.24220625e-07,1.74881062e-01
-2.24180625e-07,1.75013375e-01
-2.24140625e-07,1.74979844e-01
-2.24100625e-07,1.74984375e-01
-2.24060625e-07,1.75008844e-01
-2.24020625e-07,1.74876531e-01
-2.23980625e-07,1.74717031e-01
-2.23940625e-07,1.74780469e-01
-2.23900625e-07,1.74738781e-01
-2.23860625e-07,1.74769594e-01
-2.23820625e-07,1.74744219e-01
-2.23780625e-07,1.74765969e-01
-2.23740625e-07,1.74747844e-01
-2.23700625e-07,1.74762344e-01
-2.23660625e-07,1.74750562e-01
-2.23620625e-07,1.74760531e-01
-2.23580625e-07,1.74753281e-01
-2.23540625e-07,1.74757812e-01
-2.23500625e-07,1.74756000e-01
-2.23460625e-07,1.74753281e-01
-2.23420625e-07,1.74761438e-01
-2.23380625e-07,1.74744219e-01
-2.23340625e-07,1.74782281e-01
-2.23300625e-07,1.74640000e-01
-2.23260625e-07,1.74487750e-01
-2.23220625e-07,1.74545750e-01
-2.23180625e-07,1.74507688e-01
-2.23140625e-07,1.74536688e-01
-2.23100625e-07,1.74513125e-01
-2.23060625e-07,1.74533063e-01
-2.23020625e-07,1.74516750e-01
-2.22980625e-07,1.74530344e-01
-2.22940625e-07,1.74518563e-01
-2.22900625e-07,1.74527625e-01
-2.22860625e-07,1.74521281e-01
-2.22820625e-07,1.74524906e-01
-2.22780625e-07,1.74524906e-01
-2.22740625e-07,1.74519469e-01
-2.22700625e-07,1.74534875e-01
-2.22660625e-07,1.74498625e-01
-2.22620625e-07,1.74639094e-01
-2.22580625e-07,1.74792250e-01
-2.22540625e-07,1.74734250e-01
-2.22500625e-07,1.74771406e-01
-2.22460625e-07,1.74745125e-01
-2.22420625e-07,1.74762344e-01
-2.22380625e-07,1.74756000e-01
-2.22340625e-07,1.74740594e-01
-2.22300625e-07,1.74860219e-01
-2.22260625e-07,1.75036031e-01
-2.22220625e-07,1.74953562e-01
-2.22180625e-07,1.75018813e-01
-2.22140625e-07,1.74958094e-01
-2.22100625e-07,1.75021531e-01
-2.22060625e-07,1.74941781e-01
-2.22020625e-07,1.75121219e-01
-2.21980625e-07,1.75241750e-01
-2.21940625e-07,1.75209125e-01
-2.21900625e-07,1.75230875e-01
-2.21860625e-07,1.75198250e-01
-2.21820625e-07,1.75327844e-01
-2.21780625e-07,1.75500031e-01
-2.21740625e-07,1.75414844e-01
-2.21700625e-07,1.75490969e-01
-2.21660625e-07,1.75401250e-01
-2.21620625e-07,1.75590656e-01
-2.21580625e-07,1.75697594e-01
-2.21540625e-07,1.75685813e-01
-2.21500625e-07,1.75674937e-01
-2.21460625e-07,1.75700313e-01
-2.21420625e-07,1.75652281e-01
-2.21380625e-07,1.75804531e-01
-2.21340625e-07,1.75948625e-01
-2.21300625e-07,1.75895156e-01
-2.21260625e-07,1.75935938e-01
-2.21220625e-07,1.75885187e-01
-2.21180625e-07,1.76032906e-01
-2.21140625e-07,1.76186062e-01
-2.21100625e-07,1.76121719e-01
-2.21060625e-07,1.76171562e-01
-2.21020625e-07,1.76123531e-01
-2.20980625e-07,1.76177906e-01
-2.20940625e-07,1.76104500e-01
-2.20900625e-07,1.76280313e-01
-2.20860625e-07,1.76399031e-01
-2.20820625e-07,1.76375469e-01
-2.20780625e-07,1.76378188e-01
-2.20740625e-07,1.76386344e-01
-2.20700625e-07,1.76369125e-01
-2.20660625e-07,1.76398125e-01
-2.20620625e-07,1.76346469e-01
-2.20580625e-07,1.76503250e-01
-2.20540625e-07,1.76640094e-01
-2.20500625e-07,1.76598406e-01
-2.20460625e-07,1.76619250e-01
-2.20420625e-07,1.76608375e-01
-2.20380625e-07,1.76612906e-01
-2.20340625e-07,1.76612906e-01
-2.20300625e-07,1.76609281e-01
-2.20260625e-07,1.76617438e-01
-2.20220625e-07,1.76602938e-01
-2.20180625e-07,1.76627406e-01
-2.20140625e-07,1.76581187e-01
-2.20100625e-07,1.76731625e-01
-2.20060625e-07,1.76875719e-01
-2.20020625e-07,1.76825875e-01
-2.19980625e-07,1.76855781e-01
-2.19940625e-07,1.76834938e-01
-2.19900625e-07,1.76851250e-01
-2.19860625e-07,1.76838562e-01
-2.19820625e-07,1.76848531e-01
-2.19780625e-07,1.76840375e-01
-2.19740625e-07,1.76846719e-01
-2.19700625e-07,1.76842187e-01
-2.19660625e-07,1.76844906e-01
-2.19620625e-07,1.76844000e-01
-2.19580625e-07,1.76843094e-01
-2.19540625e-07,1.76845813e-01
-2.19500625e-07,1.76841281e-01
-2.19460625e-07,1.76848531e-01
-2.19420625e-07,1.76837656e-01
-2.19380625e-07,1.76853062e-01
-2.19340625e-07,1.76828594e-01
-2.19300625e-07,1.76873906e-01
-2.19260625e-07,1.76724375e-01
-2.19220625e-07,1.76579375e-01
-2.19180625e-07,1.76630125e-01
-2.19140625e-07,1.76600219e-01
-2.19100625e-07,1.76619250e-01
-2.19060625e-07,1.76609281e-01
-2.19020625e-07,1.76608375e-01
-2.18980625e-07,1.76630125e-01
-2.18940625e-07,1.76505969e-01
-2.18900625e-07,1.76332875e-01
-2.18860625e-07,1.76415344e-01
-2.18820625e-07,1.76344656e-01
-2.18780625e-07,1.76425312e-01
-2.18740625e-07,1.76248594e-01
-2.18700625e-07,1.76125344e-01
-2.18660625e-07,1.76160687e-01
-2.18620625e-07,1.76135313e-01
-2.18580625e-07,1.76171562e-01
-2.18540625e-07,1.76038344e-01
-2.18500625e-07,1.75870688e-01
-2.18460625e-07,1.75951344e-01
-2.18420625e-07,1.75878844e-01
-2.18380625e-07,1.75964938e-01
-2.18340625e-07,1.75778250e-01
-2.18300625e-07,1.75669500e-01
-2.18260625e-07,1.75683094e-01
-2.18220625e-07,1.75692156e-01
-2.18180625e-07,1.75666781e-01
-2.18140625e-07,1.75716625e-01
-2.18100625e-07,1.75560750e-01
-2.18060625e-07,1.75423906e-01
-2.18020625e-07,1.75465594e-01
-2.17980625e-07,1.75444750e-01
-2.17940625e-07,1.75455625e-01
-2.17900625e-07,1.75451094e-01
-2.17860625e-07,1.75451094e-01
-2.17820625e-07,1.75455625e-01
-2.17780625e-07,1.75445656e-01
-2.17740625e-07,1.75461969e-01
-2.17700625e-07,1.75436594e-01
-2.17660625e-07,1.75482813e-01
-2.17620625e-07,1.75331469e-01
-2.17580625e-07,1.75188281e-01
-2.17540625e-07,1.75237219e-01
-2.17500625e-07,1.75209125e-01
-2.17460625e-07,1.75228156e-01
-2.17420625e-07,1.75214563e-01
-2.17380625e-07,1.75223625e-01
-2.17340625e-07,1.75218188e-01
-2.17300625e-07,1.75219094e-01
-2.17260625e-07,1.75222719e-01
-2.17220625e-07,1.75213656e-01
-2.17180625e-07,1.75232687e-01
-2.17140625e-07,1.75192812e-01
-2.17100625e-07,1.75336000e-01
-2.17060625e-07,1.75487344e-01
-2.17020625e-07,1.75430250e-01
-2.16980625e-07,1.75467406e-01
-2.16940625e-07,1.75439312e-01
-2.16900625e-07,1.75462875e-01
-2.16860625e-07,1.75442938e-01
-2.16820625e-07,1.75460156e-01
-2.16780625e-07,1.75444750e-01
-2.16740625e-07,1.75459250e-01
-2.16700625e-07,1.75445656e-01
-2.16660625e-07,1.75457438e-01
-2.16620625e-07,1.75446562e-01
-2.16580625e-07,1.75457438e-01
-2.16540625e-07,1.75447469e-01
-2.16500625e-07,1.75456531e-01
-2.16460625e-07,1.75448375e-01
-2.16420625e-07,1.75455625e-01
-2.16380625e-07,1.75448375e-01
-2.16340625e-07,1.75454719e-01
-2.16300625e-07,1.75449281e-01
-2.16260625e-07,1.75453813e-01
-2.16220625e-07,1.75451094e-01
-2.16180625e-07,1.75452000e-01
-2.16140625e-07,1.75452906e-01
-2.16100625e-07,1.75450187e-01
-2.16060625e-07,1.75455625e-01
-2.16020625e-07,1.75444750e-01
-2.15980625e-07,1.75464687e-01
-2.15940625e-07,1.75424812e-01
-2.15900625e-07,1.75568000e-01
-2.15860625e-07,1.75719344e-01
-2.15820625e-07,1.75663156e-01
-2.15780625e-07,1.75698500e-01
-2.15740625e-07,1.75674031e-01
-2.15700625e-07,1.75690344e-01
-2.15660625e-07,1.75684000e-01
-2.15620625e-07,1.75669500e-01
-2.15580625e-07,1.75787312e-01
-2.15540625e-07,1.75965844e-01
-2.15500625e-07,1.75878844e-01
-2.15460625e-07,1.75949531e-01
-2.15420625e-07,1.75882469e-01
-2.15380625e-07,1.75954063e-01
-2.15340625e-07,1.75864344e-01
-2.15300625e-07,1.76056469e-01
-2.15260625e-07,1.76158875e-01
-2.15220625e-07,1.76152531e-01
-2.15180625e-07,1.76135313e-01
-2.15140625e-07,1.76168844e-01
-2.15100625e-07,1.76110844e-01
-2.15060625e-07,1.76274875e-01
-2.15020625e-07,1.76403562e-01
-2.14980625e-07,1.76371844e-01
-2.14940625e-07,1.76381813e-01
-2.14900625e-07,1.76383625e-01
-2.14860625e-07,1.76371844e-01
-2.14820625e-07,1.76395406e-01
-2.14780625e-07,1.76349188e-01
-2.14740625e-07,1.76500531e-01
-2.14700625e-07,1.76643719e-01
-2.14660625e-07,1.76594781e-01
-2.14620625e-07,1.76622875e-01
-2.14580625e-07,1.76603844e-01
-2.14540625e-07,1.76617438e-01
-2.14500625e-07,1.76607469e-01
-2.14460625e-07,1.76614719e-01
-2.14420625e-07,1.76610187e-01
-2.14380625e-07,1.76612906e-01
-2.14340625e-07,1.76612000e-01
-2.14300625e-07,1.76611094e-01
-2.14260625e-07,1.76613812e-01
-2.14220625e-07,1.76609281e-01
-2.14180625e-07,1.76616531e-01
-2.14140625e-07,1.76605656e-01
-2.14100625e-07,1.76621063e-01
-2.14060625e-07,1.76597500e-01
-2.14020625e-07,1.76641000e-01
-2.13980625e-07,1.76494188e-01
-2.13940625e-07,1.76344656e-01
-2.13900625e-07,1.76401750e-01
-2.13860625e-07,1.76363688e-01
-2.13820625e-07,1.76394500e-01
-2.13780625e-07,1.76365500e-01
-2.13740625e-07,1.76396312e-01
-2.13700625e-07,1.76359156e-01
-2.13660625e-07,1.76414437e-01
-2.13620625e-07,1.76257656e-01
-2.13580625e-07,1.76117187e-01
-2.13540625e-07,1.76166125e-01
-2.13500625e-07,1.76135313e-01
-2.13460625e-07,1.76158875e-01
-2.13420625e-07,1.76137125e-01
-2.13380625e-07,1.76158875e-01
-2.13340625e-07,1.76136219e-01
-2.13300625e-07,1.76162500e-01
-2.13260625e-07,1.76128969e-01
-2.13220625e-07,1.76181531e-01
-2.13180625e-07,1.76025656e-01
-2.13140625e-07,1.75886094e-01
-2.13100625e-07,1.75932312e-01
-2.13060625e-07,1.75905125e-01
-2.13020625e-07,1.75924156e-01
-2.12980625e-07,1.75908750e-01
-2.12940625e-07,1.75921437e-01
-2.12900625e-07,1.75910563e-01
-2.12860625e-07,1.75920531e-01
-2.12820625e-07,1.75911469e-01
-2.12780625e-07,1.75919625e-01
-2.12740625e-07,1.75912375e-01
-2.12700625e-07,1.75919625e-01
-2.12660625e-07,1.75911469e-01
-2.12620625e-07,1.75920531e-01
-2.12580625e-07,1.75911469e-01
-2.12540625e-07,1.75921437e-01
-2.12500625e-07,1.75909656e-01
-2.12460625e-07,1.75924156e-01
-2.12420625e-07,1.75905125e-01
-2.12380625e-07,1.75932312e-01
-2.12340625e-07,1.75886094e-01
-2.12300625e-07,1.76034719e-01
-2.12260625e-07,1.76181531e-01
-2.12220625e-07,1.76128062e-01
-2.12180625e-07,1.76162500e-01
-2.12140625e-07,1.76135313e-01
-2.12100625e-07,1.76158875e-01
-2.12060625e-07,1.76138031e-01
-2.12020625e-07,1.76157969e-01
-2.11980625e-07,1.76138938e-01
-2.11940625e-07,1.76157969e-01
-2.11900625e-07,1.76138031e-01
-2.11860625e-07,1.76158875e-01
-2.11820625e-07,1.76136219e-01
-2.11780625e-07,1.76161594e-01
-2.11740625e-07,1.76131687e-01
-2.11700625e-07,1.76169750e-01
-2.11660625e-07,1.76111750e-01
-2.11620625e-07,1.76273062e-01
-2.11580625e-07,1.76406281e-01
-2.11540625e-07,1.76367312e-01
-2.11500625e-07,1.76387250e-01
-2.11460625e-07,1.76376375e-01
-2.11420625e-07,1.76381813e-01
-2.11380625e-07,1.76380000e-01
-2.11340625e-07,1.76378188e-01
-2.11300625e-07,1.76382719e-01
-2.11260625e-07,1.76375469e-01
-2.11220625e-07,1.76387250e-01
-2.11180625e-07,1.76369125e-01
-2.11140625e-07,1.76396312e-01
-2.11100625e-07,1.76349188e-01
-2.11060625e-07,1.76500531e-01
-2.11020625e-07,1.76643719e-01
-2.10980625e-07,1.76594781e-01
-2.10940625e-07,1.76622875e-01
-2.10900625e-07,1.76603844e-01
-2.10860625e-07,1.76617438e-01
-2.10820625e-07,1.76608375e-01
-2.10780625e-07,1.76613812e-01
-2.10740625e-07,1.76612906e-01
-2.10700625e-07,1.76607469e-01
-2.10660625e-07,1.76621969e-01
-2.10620625e-07,1.76587531e-01
-2.10580625e-07,1.76725281e-01
-2.10540625e-07,1.76882062e-01
-2.10500625e-07,1.76819531e-01
-2.10460625e-07,1.76863031e-01
-2.10420625e-07,1.76826781e-01
-2.10380625e-07,1.76859406e-01
-2.10340625e-07,1.76829500e-01
-2.10300625e-07,1.76858500e-01
-2.10260625e-07,1.76828594e-01
-2.10220625e-07,1.76860313e-01
-2.10180625e-07,1.76824969e-01
-2.10140625e-07,1.76868469e-01
-2.10100625e-07,1.76805938e-01
-2.10060625e-07,1.76970875e-01
-2.10020625e-07,1.77101375e-01
-2.09980625e-07,1.77064219e-01
-2.09940625e-07,1.77082344e-01
-2.09900625e-07,1.77072375e-01
-2.09860625e-07,1.77077812e-01
-2.09820625e-07,1.77075094e-01
-2.09780625e-07,1.77076000e-01
-2.09740625e-07,1.77076906e-01
-2.09700625e-07,1.77074188e-01
-2.09660625e-07,1.77077812e-01
-2.09620625e-07,1.77073281e-01
-2.09580625e-07,1.77079625e-01
-2.09540625e-07,1.77071469e-01
-2.09500625e-07,1.77081437e-01
-2.09460625e-07,1.77069656e-01
-2.09420625e-07,1.77084156e-01
-2.09380625e-07,1.77064219e-01
-2.09340625e-07,1.77093219e-01
-2.09300625e-07,1.77044281e-01
-2.09260625e-07,1.77196531e-01
-2.09220625e-07,1.77339719e-01
-2.09180625e-07,1.77289875e-01
-2.09140625e-07,1.77320687e-01
-2.09100625e-07,1.77298938e-01
-2.09060625e-07,1.77316156e-01
-2.09020625e-07,1.77301656e-01
-2.08980625e-07,1.77313438e-01
-2.08940625e-07,1.77302563e-01
-2.08900625e-07,1.77312531e-01
-2.08860625e-07,1.77303469e-01
-2.08820625e-07,1.77311625e-01
-2.08780625e-07,1.77304375e-01
-2.08740625e-07,1.77311625e-01
-2.08700625e-07,1.77304375e-01
-2.08660625e-07,1.77310719e-01
-2.08620625e-07,1.77305281e-01
-2.08580625e-07,1.77310719e-01
-2.08540625e-07,1.77305281e-01
-2.08500625e-07,1.77310719e-01
-2.08460625e-07,1.77305281e-01
-2.08420625e-07,1.77310719e-01
-2.08380625e-07,1.77305281e-01
-2.08340625e-07,1.77310719e-01
-2.08300625e-07,1.77305281e-01
-2.08260625e-07,1.77310719e-01
-2.08220625e-07,1.77305281e-01
-2.08180625e-07,1.77310719e-01
-2.08140625e-07,1.77305281e-01
-2.08100625e-07,1.77310719e-01
-2.08060625e-07,1.77305281e-01
-2.08020625e-07,1.77310719e-01
-2.07980625e-07,1.77305281e-01
-2.07940625e-07,1.77310719e-01
-2.07900625e-07,1.77305281e-01
-2.07860625e-07,1.77310719e-01
-2.07820625e-07,1.77305281e-01
-2.07780625e-07,1.77310719e-01
-2.07740625e-07,1.77305281e-01
-2.07700625e-07,1.77310719e-01
-2.07660625e-07,1.77305281e-01
-2.07620625e-07,1.77311625e-01
-2.07580625e-07,1.77304375e-01
-2.07540625e-07,1.77311625e-01
-2.07500625e-07,1.77304375e-01
-2.07460625e-07,1.77312531e-01
-2.07420625e-07,1.77303469e-01
-2.07380625e-07,1.77313438e-01
-2.07340625e-07,1.77302563e-01
-2.07300625e-07,1.77314344e-01
-2.07260625e-07,1.77299844e-01
-2.07220625e-07,1.77317969e-01
-2.07180625e-07,1.77295312e-01
-2.07140625e-07,1.77326125e-01
-2.07100625e-07,1.77275375e-01
-2.07060625e-07,1.77429438e-01
-2.07020625e-07,1.77570813e-01
-2.06980625e-07,1.77522781e-01
-2.06940625e-07,1.77551781e-01
-2.06900625e-07,1.77530937e-01
-2.06860625e-07,1.77547250e-01
-2.06820625e-07,1.77533656e-01
-2.06780625e-07,1.77545437e-01
-2.06740625e-07,1.77535469e-01
-2.06700625e-07,1.77544531e-01
-2.06660625e-07,1.77536375e-01
-2.06620625e-07,1.77543625e-01
-2.06580625e-07,1.77536375e-01
-2.06540625e-07,1.77543625e-01
-2.06500625e-07,1.77536375e-01
-2.06460625e-07,1.77543625e-01
-2.06420625e-07,1.77536375e-01
-2.06380625e-07,1.77544531e-01
-2.06340625e-07,1.77535469e-01
-2.06300625e-07,1.77545437e-01
-2.06260625e-07,1.77533656e-01
-2.06220625e-07,1.77548156e-01
-2.06180625e-07,1.77529125e-01
-2.06140625e-07,1.77556313e-01
-2.06100625e-07,1.77510094e-01
-2.06060625e-07,1.77658719e-01
-2.06020625e-07,1.77805531e-01
-2.05980625e-07,1.77752063e-01
-2.05940625e-07,1.77787406e-01
-2.05900625e-07,1.77759312e-01
-2.05860625e-07,1.77782875e-01
-2.05820625e-07,1.77761125e-01
-2.05780625e-07,1.77781969e-01
-2.05740625e-07,1.77762031e-01
-2.05700625e-07,1.77782875e-01
-2.05660625e-07,1.77760219e-01
-2.05620625e-07,1.77785594e-01
-2.05580625e-07,1.77755688e-01
-2.05540625e-07,1.77793750e-01
-2.05500625e-07,1.77734844e-01
-2.05460625e-07,1.77897969e-01
-2.05420625e-07,1.78029375e-01
-2.05380625e-07,1.77993125e-01
-2.05340625e-07,1.78007625e-01
-2.05300625e-07,1.78004906e-01
-2.05260625e-07,1.77995844e-01
-2.05220625e-07,1.78027562e-01
-2.05180625e-07,1.77891625e-01
-2.05140625e-07,1.77732125e-01
-2.05100625e-07,1.77798281e-01
-2.05060625e-07,1.77750250e-01
-2.05020625e-07,1.77791937e-01
-2.04980625e-07,1.77752063e-01
-2.04940625e-07,1.77793750e-01
-2.04900625e-07,1.77745719e-01
-2.04860625e-07,1.77812781e-01
-2.04820625e-07,1.77641500e-01
-2.04780625e-07,1.77518250e-01
-2.04740625e-07,1.77546344e-01
-2.04700625e-07,1.77541813e-01
-2.04660625e-07,1.77529125e-01
-2.04620625e-07,1.77567188e-01
-2.04580625e-07,1.77422187e-01
-2.04540625e-07,1.77276281e-01
-2.04500625e-07,1.77320687e-01
-2.04460625e-07,1.77314344e-01
-2.04420625e-07,1.77211937e-01
-2.04380625e-07,1.77019812e-01
-2.04340625e-07,1.77120406e-01
-2.04300625e-07,1.77030688e-01
-2.04260625e-07,1.77133094e-01
-2.04220625e-07,1.76930094e-01
-2.04180625e-07,1.76839469e-01
-2.04140625e-07,1.76829500e-01
-2.04100625e-07,1.76878437e-01
-2.04060625e-07,1.76718031e-01
-2.04020625e-07,1.76588438e-01
-2.03980625e-07,1.76619250e-01
-2.03940625e-07,1.76612906e-01
-2.03900625e-07,1.76602031e-01
-2.03860625e-07,1.76638281e-01
-2.03820625e-07,1.76495094e-01
-2.03780625e-07,1.76345562e-01
-2.03740625e-07,1.76399937e-01
-2.03700625e-07,1.76366406e-01
-2.03660625e-07,1.76390875e-01
-2.03620625e-07,1.76371844e-01
-2.03580625e-07,1.76387250e-01
-2.03540625e-07,1.76374562e-01
-2.03500625e-07,1.76384531e-01
-2.03460625e-07,1.76376375e-01
-2.03420625e-07,1.76383625e-01
-2.03380625e-07,1.76377281e-01
-2.03340625e-07,1.76382719e-01
-2.03300625e-07,1.76378188e-01
-2.03260625e-07,1.76381813e-01
-2.03220625e-07,1.76379094e-01
-2.03180625e-07,1.76380906e-01
-2.03140625e-07,1.76380000e-01
-2.03100625e-07,1.76380000e-01
-2.03060625e-07,1.76380906e-01
-2.03020625e-07,1.76379094e-01
-2.02980625e-07,1.76381813e-01
-2.02940625e-07,1.76378188e-01
-2.02900625e-07,1.76382719e-01
-2.02860625e-07,1.76377281e-01
-2.02820625e-07,1.76383625e-01
-2.02780625e-07,1.76375469e-01
-2.02740625e-07,1.76385437e-01
-2.02700625e-07,1.76372750e-01
-2.02660625e-07,1.76389062e-01
-2.02620625e-07,1.76368219e-01
-2.02580625e-07,1.76398125e-01
-2.02540625e-07,1.76347375e-01
-2.02500625e-07,1.76501437e-01
-2.02460625e-07,1.76641906e-01
-2.02420625e-07,1.76596594e-01
-2.02380625e-07,1.76621969e-01
-2.02340625e-07,1.76605656e-01
-2.02300625e-07,1.76616531e-01
-2.02260625e-07,1.76609281e-01
-2.02220625e-07,1.76612906e-01
-2.02180625e-07,1.76613812e-01
-2.02140625e-07,1.76608375e-01
-2.02100625e-07,1.76619250e-01
-2.02060625e-07,1.76598406e-01
-2.02020625e-07,1.76640094e-01
-2.01980625e-07,1.76495094e-01
-2.01940625e-07,1.76345562e-01
-2.01900625e-07,1.76399937e-01
-2.01860625e-07,1.76365500e-01
-2.01820625e-07,1.76391781e-01
-2.01780625e-07,1.76370937e-01
-2.01740625e-07,1.76388156e-01
-2.01700625e-07,1.76373656e-01
-2.01660625e-07,1.76385437e-01
-2.01620625e-07,1.76375469e-01
-2.01580625e-07,1.76383625e-01
-2.01540625e-07,1.76377281e-01
-2.01500625e-07,1.76380906e-01
-2.01460625e-07,1.76380000e-01
-2.01420625e-07,1.76377281e-01
-2.01380625e-07,1.76385437e-01
-2.01340625e-07,1.76368219e-01
-2.01300625e-07,1.76406281e-01
-2.01260625e-07,1.76264906e-01
-2.01220625e-07,1.76110844e-01
-2.01180625e-07,1.76170656e-01
-2.01140625e-07,1.76130781e-01
-2.01100625e-07,1.76162500e-01
-2.01060625e-07,1.76135313e-01
-2.01020625e-07,1.76158875e-01
-2.00980625e-07,1.76138031e-01
-2.00940625e-07,1.76157062e-01
-2.00900625e-07,1.76138938e-01
-2.00860625e-07,1.76156156e-01
-2.00820625e-07,1.76139844e-01
-2.00780625e-07,1.76155250e-01
-2.00740625e-07,1.76140750e-01
-2.00700625e-07,1.76154344e-01
-2.00660625e-07,1.76141656e-01
-2.00620625e-07,1.76154344e-01
-2.00580625e-07,1.76142562e-01
-2.00540625e-07,1.76153438e-01
-2.00500625e-07,1.76143469e-01
-2.00460625e-07,1.76151625e-01
-2.00420625e-07,1.76145281e-01
-2.00380625e-07,1.76149813e-01
-2.00340625e-07,1.76148000e-01
-2.00300625e-07,1.76145281e-01
-2.00260625e-07,1.76156156e-01
-2.00220625e-07,1.76125344e-01
-2.00180625e-07,1.76258562e-01
-2.00140625e-07,1.76421688e-01
-2.00100625e-07,1.76351906e-01
-2.00060625e-07,1.76402656e-01
-2.00020625e-07,1.76359156e-01
-1.99980625e-07,1.76399031e-01
-1.99940625e-07,1.76360969e-01
-1.99900625e-07,1.76399031e-01
-1.99860625e-07,1.76360062e-01
-1.99820625e-07,1.76400844e-01
-1.99780625e-07,1.76356437e-01
-1.99740625e-07,1.76409906e-01
-1.99700625e-07,1.76335594e-01
-1.99660625e-07,1.76513219e-01
-1.99620625e-07,1.76631031e-01
-1.99580625e-07,1.76607469e-01
-1.99540625e-07,1.76611094e-01
-1.99500625e-07,1.76616531e-01
-1.99460625e-07,1.76603844e-01
-1.99420625e-07,1.76622875e-01
-1.99380625e-07,1.76597500e-01
-1.99340625e-07,1.76632844e-01
-1.99300625e-07,1.76575750e-01
-1.99260625e-07,1.76737062e-01
-1.99220625e-07,1.76870281e-01
-1.99180625e-07,1.76832219e-01
-1.99140625e-07,1.76849437e-01
-1.99100625e-07,1.76841281e-01
-1.99060625e-07,1.76844000e-01
-1.99020625e-07,1.76846719e-01
-1.98980625e-07,1.76839469e-01
-1.98940625e-07,1.76851250e-01
-1.98900625e-07,1.76833125e-01
-1.98860625e-07,1.76860313e-01
-1.98820625e-07,1.76812281e-01
-1.98780625e-07,1.76964531e-01
-1.98740625e-07,1.77107719e-01
-1.98700625e-07,1.77058781e-01
-1.98660625e-07,1.77087781e-01
-1.98620625e-07,1.77066937e-01
-1.98580625e-07,1.77082344e-01
-1.98540625e-07,1.77070563e-01
-1.98500625e-07,1.77080531e-01
-1.98460625e-07,1.77072375e-01
-1.98420625e-07,1.77078719e-01
-1.98380625e-07,1.77073281e-01
-1.98340625e-07,1.77078719e-01
-1.98300625e-07,1.77074188e-01
-1.98260625e-07,1.77077812e-01
-1.98220625e-07,1.77074188e-01
-1.98180625e-07,1.77076906e-01
-1.98140625e-07,1.77075094e-01
-1.98100625e-07,1.77076906e-01
-1.98060625e-07,1.77075094e-01
-1.98020625e-07,1.77076906e-01
-1.97980625e-07,1.77075094e-01
-1.97940625e-07,1.77076906e-01
-1.97900625e-07,1.77075094e-01
-1.97860625e-07,1.77076906e-01
-1.97820625e-07,1.77075094e-01
-1.97780625e-07,1.77076906e-01
-1.97740625e-07,1.77075094e-01
-1.97700625e-07,1.77076906e-01
-1.97660625e-07,1.77074188e-01
-1.97620625e-07,1.77077812e-01
-1.97580625e-07,1.77073281e-01
-1.97540625e-07,1.77079625e-01
-1.97500625e-07,1.77070563e-01
-1.97460625e-07,1.77084156e-01
-1.97420625e-07,1.77062406e-01
-1.97380625e-07,1.77104094e-01
-1.97340625e-07,1.76959094e-01
-1.97300625e-07,1.76808656e-01
-1.97260625e-07,1.76865750e-01
-1.97220625e-07,1.76826781e-01
-1.97180625e-07,1.76858500e-01
-1.97140625e-07,1.76831313e-01
-1.97100625e-07,1.76855781e-01
-1.97060625e-07,1.76832219e-01
-1.97020625e-07,1.76854875e-01
-1.96980625e-07,1.76833125e-01
-1.96940625e-07,1.76854875e-01
-1.96900625e-07,1.76833125e-01
-1.96860625e-07,1.76855781e-01
-1.96820625e-07,1.76832219e-01
-1.96780625e-07,1.76856687e-01
-1.96740625e-07,1.76830406e-01
-1.96700625e-07,1.76858500e-01
-1.96660625e-07,1.76827687e-01
-1.96620625e-07,1.76862125e-01
-1.96580625e-07,1.76822250e-01
-1.96540625e-07,1.76872094e-01
-1.96500625e-07,1.76800500e-01
-1.96460625e-07,1.76978125e-01
-1.96420625e-07,1.77092312e-01
-1.96380625e-07,1.77076000e-01
-1.96340625e-07,1.77066937e-01
-1.96300625e-07,1.77094125e-01
-1.96260625e-07,1.77039750e-01
-1.96220625e-07,1.77204687e-01
-1.96180625e-07,1.77327031e-01
-1.96140625e-07,1.77309812e-01
-1.96100625e-07,1.77285344e-01
-1.96060625e-07,1.77424906e-01
-1.96020625e-07,1.77569906e-01
-1.95980625e-07,1.77530937e-01
-1.95940625e-07,1.77527313e-01
-1.95900625e-07,1.77646031e-01
-1.95860625e-07,1.77814594e-01
-1.95820625e-07,1.77749344e-01
-1.95780625e-07,1.77776531e-01
-1.95740625e-07,1.77856281e-01
-1.95700625e-07,1.78075594e-01
-1.95660625e-07,1.77932406e-01
-1.95620625e-07,1.78159875e-01
-1.95580625e-07,1.78233281e-01
-1.95540625e-07,1.78255937e-01
-1.95500625e-07,1.78197031e-01
-1.95460625e-07,1.78365594e-01
-1.95420625e-07,1.78488844e-01
-1.95380625e-07,1.78463469e-01
-1.95340625e-07,1.78464375e-01
-1.95300625e-07,1.78479781e-01
-1.95260625e-07,1.78439906e-01
-1.95220625e-07,1.78585812e-01
-1.95180625e-07,1.78733531e-01
-1.95140625e-07,1.78680969e-01
-1.95100625e-07,1.78713594e-01
-1.95060625e-07,1.78689125e-01
-1.95020625e-07,1.78708156e-01
-1.94980625e-07,1.78692750e-01
-1.94940625e-07,1.78706344e-01
-1.94900625e-07,1.78694562e-01
-1.94860625e-07,1.78705438e-01
-1.94820625e-07,1.78694562e-01
-1.94780625e-07,1.78704531e-01
-1.94740625e-07,1.78695469e-01
-1.94700625e-07,1.78704531e-01
-1.94660625e-07,1.78694562e-01
-1.94620625e-07,1.78705438e-01
-1.94580625e-07,1.78693656e-01
-1.94540625e-07,1.78706344e-01
-1.94500625e-07,1.78691844e-01
-1.94460625e-07,1.78710875e-01
-1.94420625e-07,1.78683687e-01
-1.94380625e-07,1.78729906e-01
-1.94340625e-07,1.78582187e-01
-1.94300625e-07,1.78432656e-01
-1.94260625e-07,1.78490656e-01
-1.94220625e-07,1.78449875e-01
-1.94180625e-07,1.78486125e-01
-1.94140625e-07,1.78446250e-01
-1.94100625e-07,1.78503344e-01
-1.94060625e-07,1.78345656e-01
-1.94020625e-07,1.78205188e-01
-1.93980625e-07,1.78254125e-01
-1.93940625e-07,1.78221500e-01
-1.93900625e-07,1.78250500e-01
-1.93860625e-07,1.78217875e-01
-1.93820625e-07,1.78266813e-01
-1.93780625e-07,1.78118187e-01
-1.93740625e-07,1.77968656e-01
-1.93700625e-07,1.78027562e-01
-1.93660625e-07,1.77983156e-01
-1.93620625e-07,1.78024844e-01
-1.93580625e-07,1.77978625e-01
-1.93540625e-07,1.78043875e-01
-1.93500625e-07,1.77876219e-01
-1.93460625e-07,1.77748437e-01
-1.93420625e-07,1.77781063e-01
-1.93380625e-07,1.77769281e-01
-1.93340625e-07,1.77770188e-01
-1.93300625e-07,1.77778344e-01
-1.93260625e-07,1.77758406e-01
-1.93220625e-07,1.77801000e-01
-1.93180625e-07,1.77653281e-01
-1.93140625e-07,1.77507375e-01
-1.93100625e-07,1.77557219e-01
-1.93060625e-07,1.77530031e-01
-1.93020625e-07,1.77545437e-01
-1.92980625e-07,1.77540000e-01
-1.92940625e-07,1.77533656e-01
-1.92900625e-07,1.77561750e-01
-1.92860625e-07,1.77427625e-01
-1.92820625e-07,1.77269031e-01
-1.92780625e-07,1.77332469e-01
-1.92740625e-07,1.77290781e-01
-1.92700625e-07,1.77320687e-01
-1.92660625e-07,1.77299844e-01
-1.92620625e-07,1.77309812e-01
-1.92580625e-07,1.77321594e-01
-1.92540625e-07,1.77205594e-01
-1.92500625e-07,1.77026156e-01
-1.92460625e-07,1.77112250e-01
-1.92420625e-07,1.77044281e-01
-1.92380625e-07,1.77105906e-01
-1.92340625e-07,1.77046094e-01
-1.92300625e-07,1.77107719e-01
-1.92260625e-07,1.77039750e-01
-1.92220625e-07,1.77126750e-01
-1.92180625e-07,1.76937344e-01
-1.92140625e-07,1.76830406e-01
-1.92100625e-07,1.76843094e-01
-1.92060625e-07,1.76850344e-01
-1.92020625e-07,1.76834031e-01
-1.91980625e-07,1.76856687e-01
-1.91940625e-07,1.76827687e-01
-1.91900625e-07,1.76863938e-01
-1.91860625e-07,1.76817719e-01
-1.91820625e-07,1.76884781e-01
-1.91780625e-07,1.76713500e-01
-1.91740625e-07,1.76591156e-01
-1.91700625e-07,1.76618344e-01
-1.91660625e-07,1.76611094e-01
-1.91620625e-07,1.76609281e-01
-1.91580625e-07,1.76617438e-01
-1.91540625e-07,1.76604750e-01
-1.91500625e-07,1.76621063e-01
-1.91460625e-07,1.76601125e-01
-1.91420625e-07,1.76624687e-01
-1.91380625e-07,1.76596594e-01
-1.91340625e-07,1.76631031e-01
-1.91300625e-07,1.76586625e-01
-1.91260625e-07,1.76652781e-01
-1.91220625e-07,1.76481500e-01
-1.91180625e-07,1.76359156e-01
-1.91140625e-07,1.76386344e-01
-1.91100625e-07,1.76380906e-01
-1.91060625e-07,1.76374562e-01
-1.91020625e-07,1.76389062e-01
-1.90980625e-07,1.76366406e-01
-1.90940625e-07,1.76400844e-01
-1.90900625e-07,1.76343750e-01
-1.90860625e-07,1.76506875e-01
-1.90820625e-07,1.76636469e-01
-1.90780625e-07,1.76602938e-01
-1.90740625e-07,1.76614719e-01
-1.90700625e-07,1.76613812e-01
-1.90660625e-07,1.76606563e-01
-1.90620625e-07,1.76621063e-01
-1.90580625e-07,1.76598406e-01
-1.90540625e-07,1.76632844e-01
-1.90500625e-07,1.76574844e-01
-1.90460625e-07,1.76739781e-01
-1.90420625e-07,1.76866656e-01
-1.90380625e-07,1.76837656e-01
-1.90340625e-07,1.76840375e-01
-1.90300625e-07,1.76856687e-01
-1.90260625e-07,1.76814094e-01
-1.90220625e-07,1.76965437e-01
-1.90180625e-07,1.77104094e-01
-1.90140625e-07,1.77064219e-01
-1.90100625e-07,1.77077812e-01
-1.90060625e-07,1.77083250e-01
-1.90020625e-07,1.77051531e-01
-1.89980625e-07,1.77192000e-01
-1.89940625e-07,1.77341531e-01
-1.89900625e-07,1.77290781e-01
-1.89860625e-07,1.77316156e-01
-1.89820625e-07,1.77308906e-01
-1.89780625e-07,1.77290781e-01
-1.89740625e-07,1.77415844e-01
-1.89700625e-07,1.77583500e-01
-1.89660625e-07,1.77511000e-01
-1.89620625e-07,1.77563562e-01
-1.89580625e-07,1.77519156e-01
-1.89540625e-07,1.77560844e-01
-1.89500625e-07,1.77518250e-01
-1.89460625e-07,1.77565375e-01
-1.89420625e-07,1.77501937e-01
-1.89380625e-07,1.77665969e-01
-1.89340625e-07,1.77799188e-01
-1.89300625e-07,1.77757500e-01
-1.89260625e-07,1.77782875e-01
-1.89220625e-07,1.77762937e-01
-1.89180625e-07,1.77781063e-01
-1.89140625e-07,1.77762031e-01
-1.89100625e-07,1.77784688e-01
-1.89060625e-07,1.77753875e-01
-1.89020625e-07,1.77804625e-01
-1.88980625e-07,1.77650562e-01
-1.88940625e-07,1.77510094e-01
-1.88900625e-07,1.77556313e-01
-1.88860625e-07,1.77530031e-01
-1.88820625e-07,1.77547250e-01
-1.88780625e-07,1.77535469e-01
-1.88740625e-07,1.77542719e-01
-1.88700625e-07,1.77540000e-01
-1.88660625e-07,1.77538187e-01
-1.88620625e-07,1.77545437e-01
-1.88580625e-07,1.77528219e-01
-1.88540625e-07,1.77566281e-01
-1.88500625e-07,1.77424000e-01
-1.88460625e-07,1.77271750e-01
-1.88420625e-07,1.77329750e-01
-1.88380625e-07,1.77291687e-01
-1.88340625e-07,1.77321594e-01
-1.88300625e-07,1.77297125e-01
-1.88260625e-07,1.77317969e-01
-1.88220625e-07,1.77298938e-01
-1.88180625e-07,1.77316156e-01
-1.88140625e-07,1.77300750e-01
-1.88100625e-07,1.77315250e-01
-1.88060625e-07,1.77301656e-01
-1.88020625e-07,1.77314344e-01
-1.87980625e-07,1.77301656e-01
-1.87940625e-07,1.77313438e-01
-1.87900625e-07,1.77302563e-01
-1.87860625e-07,1.77313438e-01
-1.87820625e-07,1.77303469e-01
-1.87780625e-07,1.77312531e-01
-1.87740625e-07,1.77303469e-01
-1.87700625e-07,1.77312531e-01
-1.87660625e-07,1.77303469e-01
-1.87620625e-07,1.77312531e-01
-1.87580625e-07,1.77303469e-01
-1.87540625e-07,1.77312531e-01
-1.87500625e-07,1.77303469e-01
-1.87460625e-07,1.77311625e-01
-1.87420625e-07,1.77304375e-01
-1.87380625e-07,1.77311625e-01
-1.87340625e-07,1.77304375e-01
-1.87300625e-07,1.77312531e-01
-1.87260625e-07,1.77303469e-01
-1.87220625e-07,1.77312531e-01
-1.87180625e-07,1.77303469e-01
-1.87140625e-07,1.77312531e-01
-1.87100625e-07,1.77302563e-01
-1.87060625e-07,1.77313438e-01
-1.87020625e-07,1.77301656e-01
-1.86980625e-07,1.77315250e-01
-1.86940625e-07,1.77298938e-01
-1.86900625e-07,1.77319781e-01
-1.86860625e-07,1.77290781e-01
-1.86820625e-07,1.77339719e-01
-1.86780625e-07,1.77188375e-01
-1.86740625e-07,1.77043375e-01
-1.86700625e-07,1.77095031e-01
-1.86660625e-07,1.77062406e-01
-1.86620625e-07,1.77086875e-01
-1.86580625e-07,1.77066031e-01
-1.86540625e-07,1.77085063e-01
-1.86500625e-07,1.77066937e-01
-1.86460625e-07,1.77085063e-01
-1.86420625e-07,1.77066937e-01
-1.86380625e-07,1.77085969e-01
-1.86340625e-07,1.77064219e-01
-1.86300625e-07,1.77090500e-01
-1.86260625e-07,1.77056969e-01
-1.86220625e-07,1.77109531e-01
-1.86180625e-07,1.76953656e-01
-1.86140625e-07,1.76814094e-01
-1.86100625e-07,1.76860313e-01
-1.86060625e-07,1.76833125e-01
-1.86020625e-07,1.76852156e-01
-1.85980625e-07,1.76837656e-01
-1.85940625e-07,1.76849437e-01
-1.85900625e-07,1.76839469e-01
-1.85860625e-07,1.76848531e-01
-1.85820625e-07,1.76839469e-01
-1.85780625e-07,1.76848531e-01
-1.85740625e-07,1.76839469e-01
-1.85700625e-07,1.76848531e-01
-1.85660625e-07,1.76838562e-01
-1.85620625e-07,1.76851250e-01
-1.85580625e-07,1.76834031e-01
-1.85540625e-07,1.76858500e-01
-1.85500625e-07,1.76815000e-01
-1.85460625e-07,1.76960906e-01
-1.85420625e-07,1.77111344e-01
-1.85380625e-07,1.77053344e-01
-1.85340625e-07,1.77093219e-01
-1.85300625e-07,1.77060594e-01
-1.85260625e-07,1.77090500e-01
-1.85220625e-07,1.77060594e-01
-1.85180625e-07,1.77092312e-01
-1.85140625e-07,1.77056969e-01
-1.85100625e-07,1.77100469e-01
-1.85060625e-07,1.77037031e-01
-1.85020625e-07,1.77203781e-01
-1.84980625e-07,1.77332469e-01
-1.84940625e-07,1.77298031e-01
-1.84900625e-07,1.77312531e-01
-1.84860625e-07,1.77307094e-01
-1.84820625e-07,1.77306187e-01
-1.84780625e-07,1.77313438e-01
-1.84740625e-07,1.77298938e-01
-1.84700625e-07,1.77322500e-01
-1.84660625e-07,1.77278094e-01
-1.84620625e-07,1.77426719e-01
-1.84580625e-07,1.77572625e-01
-1.84540625e-07,1.77520969e-01
-1.84500625e-07,1.77553594e-01
-1.84460625e-07,1.77530031e-01
-1.84420625e-07,1.77548156e-01
-1.84380625e-07,1.77532750e-01
-1.84340625e-07,1.77546344e-01
-1.84300625e-07,1.77534562e-01
-1.84260625e-07,1.77544531e-01
-1.84220625e-07,1.77535469e-01
-1.84180625e-07,1.77544531e-01
-1.84140625e-07,1.77535469e-01
-1.84100625e-07,1.77544531e-01
-1.84060625e-07,1.77535469e-01
-1.84020625e-07,1.77544531e-01
-1.83980625e-07,1.77534562e-01
-1.83940625e-07,1.77546344e-01
-1.83900625e-07,1.77532750e-01
-1.83860625e-07,1.77549969e-01
-1.83820625e-07,1.77524594e-01
-1.83780625e-07,1.77569906e-01
-1.83740625e-07,1.77422187e-01
-1.83700625e-07,1.77273563e-01
-1.83660625e-07,1.77328844e-01
-1.83620625e-07,1.77291687e-01
-1.83580625e-07,1.77321594e-01
-1.83540625e-07,1.77296219e-01
-1.83500625e-07,1.77319781e-01
-1.83460625e-07,1.77297125e-01
-1.83420625e-07,1.77318875e-01
-1.83380625e-07,1.77296219e-01
-1.83340625e-07,1.77320687e-01
-1.83300625e-07,1.77294406e-01
-1.83260625e-07,1.77323406e-01
-1.83220625e-07,1.77289875e-01
-1.83180625e-07,1.77331562e-01
-1.83140625e-07,1.77269938e-01
-1.83100625e-07,1.77433969e-01
-1.83060625e-07,1.77566281e-01
-1.83020625e-07,1.77527313e-01
-1.82980625e-07,1.77548156e-01
-1.82940625e-07,1.77532750e-01
-1.82900625e-07,1.77549969e-01
-1.82860625e-07,1.77518250e-01
-1.82820625e-07,1.77647844e-01
-1.82780625e-07,1.77820031e-01
-1.82740625e-07,1.77733031e-01
-1.82700625e-07,1.77812781e-01
-1.82660625e-07,1.77717625e-01
-1.82620625e-07,1.77917000e-01
-1.82580625e-07,1.78008531e-01
-1.82540625e-07,1.78020312e-01
-1.82500625e-07,1.77966844e-01
-1.82460625e-07,1.78135406e-01
-1.82420625e-07,1.78251406e-01
-1.82380625e-07,1.78242344e-01
-1.82340625e-07,1.78207000e-01
-1.82300625e-07,1.78359250e-01
-1.82260625e-07,1.78490656e-01
-1.82220625e-07,1.78467094e-01
-1.82180625e-07,1.78446250e-01
-1.82140625e-07,1.78584000e-01
-1.82100625e-07,1.78729906e-01
-1.82060625e-07,1.78691844e-01
-1.82020625e-07,1.78686406e-01
-1.81980625e-07,1.78806937e-01
-1.81940625e-07,1.78972781e-01
-1.81900625e-07,1.78908437e-01
-1.81860625e-07,1.78945594e-01
-1.81820625e-07,1.78928375e-01
-1.81780625e-07,1.78918406e-01
-1.81740625e-07,1.79036219e-01
-1.81700625e-07,1.79210219e-01
-1.81660625e-07,1.79132281e-01
-1.81620625e-07,1.79188469e-01
-1.81580625e-07,1.79143156e-01
-1.81540625e-07,1.79182125e-01
-1.81500625e-07,1.79147687e-01
-1.81460625e-07,1.79178500e-01
-1.81420625e-07,1.79150406e-01
-1.81380625e-07,1.79176687e-01
-1.81340625e-07,1.79153125e-01
-1.81300625e-07,1.79173969e-01
-1.81260625e-07,1.79155844e-01
-1.81220625e-07,1.79170344e-01
-1.81180625e-07,1.79161281e-01
-1.81140625e-07,1.79161281e-01
-1.81100625e-07,1.79181219e-01
-1.81060625e-07,1.79057969e-01
-1.81020625e-07,1.78884875e-01
-1.80980625e-07,1.78965531e-01
-1.80940625e-07,1.78903000e-01
-1.80900625e-07,1.78959188e-01
-1.80860625e-07,1.78904813e-01
-1.80820625e-07,1.78961000e-01
-1.80780625e-07,1.78898469e-01
-1.80740625e-07,1.78980031e-01
-1.80700625e-07,1.78795156e-01
-1.80660625e-07,1.78684594e-01
-1.80620625e-07,1.78700906e-01
-1.80580625e-07,1.78705438e-01
-1.80540625e-07,1.78690938e-01
-1.80500625e-07,1.78713594e-01
-1.80460625e-07,1.78680062e-01
-1.80420625e-07,1.78735344e-01
-1.80380625e-07,1.78575844e-01
-1.80340625e-07,1.78440812e-01
-1.80300625e-07,1.78481594e-01
-1.80260625e-07,1.78460750e-01
-1.80220625e-07,1.78472531e-01
-1.80180625e-07,1.78465281e-01
-1.80140625e-07,1.78468906e-01
-1.80100625e-07,1.78468000e-01
-1.80060625e-07,1.78468000e-01
-1.80020625e-07,1.78468906e-01
-1.79980625e-07,1.78466187e-01
-1.79940625e-07,1.78469812e-01
-1.79900625e-07,1.78465281e-01
-1.79860625e-07,1.78470719e-01
-1.79820625e-07,1.78465281e-01
-1.79780625e-07,1.78471625e-01
-1.79740625e-07,1.78464375e-01
-1.79700625e-07,1.78472531e-01
-1.79660625e-07,1.78463469e-01
-1.79620625e-07,1.78473437e-01
-1.79580625e-07,1.78461656e-01
-1.79540625e-07,1.78475250e-01
-1.79500625e-07,1.78459844e-01
-1.79460625e-07,1.78477969e-01
-1.79420625e-07,1.78454406e-01
-1.79380625e-07,1.78487031e-01
-1.79340625e-07,1.78434469e-01
-1.79300625e-07,1.78590344e-01
-1.79260625e-07,1.78729906e-01
-1.79220625e-07,1.78684594e-01
-1.79180625e-07,1.78709969e-01
-1.79140625e-07,1.78692750e-01
-1.79100625e-07,1.78705438e-01
-1.79060625e-07,1.78696375e-01
-1.79020625e-07,1.78702719e-01
-1.78980625e-07,1.78699094e-01
-1.78940625e-07,1.78700000e-01
-1.78900625e-07,1.78701813e-01
-1.78860625e-07,1.78696375e-01
-1.78820625e-07,1.78707250e-01
-1.78780625e-07,1.78687313e-01
-1.78740625e-07,1.78727187e-01
-1.78700625e-07,1.78584000e-01
-1.78660625e-07,1.78432656e-01
-1.78620625e-07,1.78489750e-01
-1.78580625e-07,1.78452594e-01
-1.78540625e-07,1.78479781e-01
-1.78500625e-07,1.78459844e-01
-1.78460625e-07,1.78469812e-01
-1.78420625e-07,1.78479781e-01
-1.78380625e-07,1.78369219e-01
-1.78340625e-07,1.78180719e-01
-1.78300625e-07,1.78281313e-01
-1.78260625e-07,1.78189781e-01
-1.78220625e-07,1.78295812e-01
-1.78180625e-07,1.78087375e-01
-1.78140625e-07,1.78003094e-01
-1.78100625e-07,1.77984969e-01
-1.78060625e-07,1.78043875e-01
-1.78020625e-07,1.77870781e-01
-1.77980625e-07,1.77758406e-01
-1.77940625e-07,1.77763844e-01
-1.77900625e-07,1.77801906e-01
-1.77860625e-07,1.77647844e-01
-1.77820625e-07,1.77518250e-01
-1.77780625e-07,1.77540000e-01
-1.77740625e-07,1.77561750e-01
-1.77700625e-07,1.77424000e-01
-1.77660625e-07,1.77278094e-01
-1.77620625e-07,1.77317063e-01
-1.77580625e-07,1.77321594e-01
-1.77540625e-07,1.77201063e-01
-1.77500625e-07,1.77036125e-01
-1.77460625e-07,1.77095937e-01
-1.77420625e-07,1.77076000e-01
-1.77380625e-07,1.76984469e-01
-1.77340625e-07,1.76784187e-01
-1.77300625e-07,1.76891125e-01
-1.77260625e-07,1.76796875e-01
-1.77220625e-07,1.76902000e-01
-1.77180625e-07,1.76699000e-01
-1.77140625e-07,1.76603844e-01
-1.77100625e-07,1.76606563e-01
-1.77060625e-07,1.76624687e-01
-1.77020625e-07,1.76592063e-01
-1.76980625e-07,1.76647344e-01
-1.76940625e-07,1.76486937e-01
-1.76900625e-07,1.76352813e-01
-1.76860625e-07,1.76393594e-01
-1.76820625e-07,1.76371844e-01
-1.76780625e-07,1.76385437e-01
-1.76740625e-07,1.76376375e-01
-1.76700625e-07,1.76382719e-01
-1.76660625e-07,1.76378188e-01
-1.76620625e-07,1.76381813e-01
-1.76580625e-07,1.76379094e-01
-1.76540625e-07,1.76380906e-01
-1.76500625e-07,1.76379094e-01
-1.76460625e-07,1.76380906e-01
-1.76420625e-07,1.76378188e-01
-1.76380625e-07,1.76381813e-01
-1.76340625e-07,1.76378188e-01
-1.76300625e-07,1.76382719e-01
-1.76260625e-07,1.76376375e-01
-1.76220625e-07,1.76384531e-01
-1.76180625e-07,1.76374562e-01
-1.76140625e-07,1.76387250e-01
-1.76100625e-07,1.76370031e-01
-1.76060625e-07,1.76396312e-01
-1.76020625e-07,1.76349188e-01
-1.75980625e-07,1.76499625e-01
-1.75940625e-07,1.76643719e-01
-1.75900625e-07,1.76594781e-01
-1.75860625e-07,1.76622875e-01
-1.75820625e-07,1.76605656e-01
-1.75780625e-07,1.76613812e-01
-1.75740625e-07,1.76616531e-01
-1.75700625e-07,1.76592969e-01
-1.75660625e-07,1.76719844e-01
-1.75620625e-07,1.76888406e-01
-1.75580625e-07,1.76812281e-01
-1.75540625e-07,1.76872094e-01
-1.75500625e-07,1.76816813e-01
-1.75460625e-07,1.76874813e-01
-1.75420625e-07,1.76799594e-01
-1.75380625e-07,1.76976313e-01
-1.75340625e-07,1.77096844e-01
-1.75300625e-07,1.77068750e-01
-1.75260625e-07,1.77078719e-01
-1.75220625e-07,1.77076000e-01
-1.75180625e-07,1.77075094e-01
-1.75140625e-07,1.77077812e-01
-1.75100625e-07,1.77073281e-01
-1.75060625e-07,1.77079625e-01
-1.75020625e-07,1.77072375e-01
-1.74980625e-07,1.77079625e-01
-1.74940625e-07,1.77071469e-01
-1.74900625e-07,1.77080531e-01
-1.74860625e-07,1.77071469e-01
-1.74820625e-07,1.77080531e-01
-1.74780625e-07,1.77070563e-01
-1.74740625e-07,1.77081437e-01
-1.74700625e-07,1.77070563e-01
-1.74660625e-07,1.77081437e-01
-1.74620625e-07,1.77069656e-01
-1.74580625e-07,1.77082344e-01
-1.74540625e-07,1.77069656e-01
-1.74500625e-07,1.77083250e-01
-1.74460625e-07,1.77068750e-01
-1.74420625e-07,1.77084156e-01
-1.74380625e-07,1.77066937e-01
-1.74340625e-07,1.77085969e-01
-1.74300625e-07,1.77064219e-01
-1.74260625e-07,1.77091406e-01
-1.74220625e-07,1.77055156e-01
-1.74180625e-07,1.77111344e-01
-1.74140625e-07,1.76951844e-01
-1.74100625e-07,1.76815906e-01
-1.74060625e-07,1.76858500e-01
-1.74020625e-07,1.76835844e-01
-1.73980625e-07,1.76849437e-01
-1.73940625e-07,1.76840375e-01
-1.73900625e-07,1.76846719e-01
-1.73860625e-07,1.76842187e-01
-1.73820625e-07,1.76844906e-01
-1.73780625e-07,1.76844000e-01
-1.73740625e-07,1.76844000e-01
-1.73700625e-07,1.76844906e-01
-1.73660625e-07,1.76843094e-01
-1.73620625e-07,1.76845813e-01
-1.73580625e-07,1.76842187e-01
-1.73540625e-07,1.76846719e-01
-1.73500625e-07,1.76840375e-01
-1.73460625e-07,1.76847625e-01
-1.73420625e-07,1.76839469e-01
-1.73380625e-07,1.76849437e-01
-1.73340625e-07,1.76836750e-01
-1.73300625e-07,1.76853062e-01
-1.73260625e-07,1.76832219e-01
-1.73220625e-07,1.76861219e-01
-1.73180625e-07,1.76812281e-01
-1.73140625e-07,1.76964531e-01
-1.73100625e-07,1.77107719e-01
-1.73060625e-07,1.77058781e-01
-1.73020625e-07,1.77087781e-01
-1.72980625e-07,1.77066937e-01
-1.72940625e-07,1.77083250e-01
-1.72900625e-07,1.77069656e-01
-1.72860625e-07,1.77081437e-01
-1.72820625e-07,1.77071469e-01
-1.72780625e-07,1.77080531e-01
-1.72740625e-07,1.77072375e-01
-1.72700625e-07,1.77079625e-01
-1.72660625e-07,1.77073281e-01
-1.72620625e-07,1.77078719e-01
-1.72580625e-07,1.77073281e-01
-1.72540625e-07,1.77078719e-01
-1.72500625e-07,1.77073281e-01
-1.72460625e-07,1.77077812e-01
-1.72420625e-07,1.77074188e-01
-1.72380625e-07,1.77077812e-01
-1.72340625e-07,1.77074188e-01
-1.72300625e-07,1.77077812e-01
-1.72260625e-07,1.77074188e-01
-1.72220625e-07,1.77077812e-01
-1.72180625e-07,1.77074188e-01
-1.72140625e-07,1.77077812e-01
-1.72100625e-07,1.77074188e-01
-1.72060625e-07,1.77077812e-01
-1.72020625e-07,1.77074188e-01
-1.71980625e-07,1.77077812e-01
-1.71940625e-07,1.77074188e-01
-1.71900625e-07,1.77077812e-01
-1.71860625e-07,1.77074188e-01
-1.71820625e-07,1.77077812e-01
-1.71780625e-07,1.77073281e-01
-1.71740625e-07,1.77078719e-01
-1.71700625e-07,1.77073281e-01
-1.71660625e-07,1.77078719e-01
-1.71620625e-07,1.77072375e-01
-1.71580625e-07,1.77080531e-01
-1.71540625e-07,1.77070563e-01
-1.71500625e-07,1.77083250e-01
-1.71460625e-07,1.77066031e-01
-1.71420625e-07,1.77090500e-01
-1.71380625e-07,1.77047000e-01
-1.71340625e-07,1.77192906e-01
-1.71300625e-07,1.77343344e-01
-1.71260625e-07,1.77285344e-01
-1.71220625e-07,1.77327031e-01
-1.71180625e-07,1.77288969e-01
-1.71140625e-07,1.77329750e-01
-1.71100625e-07,1.77273563e-01
-1.71060625e-07,1.77429438e-01
-1.71020625e-07,1.77572625e-01
-1.70980625e-07,1.77518250e-01
-1.70940625e-07,1.77561750e-01
-1.70900625e-07,1.77506469e-01
-1.70860625e-07,1.77659625e-01
-1.70820625e-07,1.77805531e-01
-1.70780625e-07,1.77750250e-01
-1.70740625e-07,1.77791031e-01
-1.70700625e-07,1.77752969e-01
-1.70660625e-07,1.77795563e-01
-1.70620625e-07,1.77734844e-01
-1.70580625e-07,1.77897063e-01
-1.70540625e-07,1.78032094e-01
-1.70500625e-07,1.77989500e-01
-1.70460625e-07,1.78013062e-01
-1.70420625e-07,1.77997656e-01
-1.70380625e-07,1.78009438e-01
-1.70340625e-07,1.77999469e-01
-1.70300625e-07,1.78007625e-01
-1.70260625e-07,1.78001281e-01
-1.70220625e-07,1.78006719e-01
-1.70180625e-07,1.78001281e-01
-1.70140625e-07,1.78006719e-01
-1.70100625e-07,1.78001281e-01
-1.70060625e-07,1.78006719e-01
-1.70020625e-07,1.78001281e-01
-1.69980625e-07,1.78007625e-01
-1.69940625e-07,1.77998562e-01
-1.69900625e-07,1.78011250e-01
-1.69860625e-07,1.77991312e-01
-1.69820625e-07,1.78030281e-01
-1.69780625e-07,1.77889812e-01
-1.69740625e-07,1.77733031e-01
-1.69700625e-07,1.77799188e-01
-1.69660625e-07,1.77748437e-01
-1.69620625e-07,1.77796469e-01
-1.69580625e-07,1.77743000e-01
-1.69540625e-07,1.77814594e-01
-1.69500625e-07,1.77639688e-01
-1.69460625e-07,1.77520969e-01
-1.69420625e-07,1.77543625e-01
-1.69380625e-07,1.77544531e-01
-1.69340625e-07,1.77527313e-01
-1.69300625e-07,1.77569000e-01
-1.69260625e-07,1.77420375e-01
-1.69220625e-07,1.77277187e-01
-1.69180625e-07,1.77322500e-01
-1.69140625e-07,1.77301656e-01
-1.69100625e-07,1.77306187e-01
-1.69060625e-07,1.77326125e-01
-1.69020625e-07,1.77200156e-01
-1.68980625e-07,1.77032500e-01
-1.68940625e-07,1.77105906e-01
-1.68900625e-07,1.77051531e-01
-1.68860625e-07,1.77098656e-01
-1.68820625e-07,1.77054250e-01
-1.68780625e-07,1.77099563e-01
-1.68740625e-07,1.77047906e-01
-1.68700625e-07,1.77117688e-01
-1.68660625e-07,1.76946406e-01
-1.68620625e-07,1.76821344e-01
-1.68580625e-07,1.76853969e-01
-1.68540625e-07,1.76839469e-01
-1.68500625e-07,1.76845813e-01
-1.68460625e-07,1.76843094e-01
-1.68420625e-07,1.76844000e-01
-1.68380625e-07,1.76844906e-01
-1.68340625e-07,1.76842187e-01
-1.68300625e-07,1.76845813e-01
-1.68260625e-07,1.76842187e-01
-1.68220625e-07,1.76845813e-01
-1.68180625e-07,1.76841281e-01
-1.68140625e-07,1.76846719e-01
-1.68100625e-07,1.76841281e-01
-1.68060625e-07,1.76846719e-01
-1.68020625e-07,1.76841281e-01
-1.67980625e-07,1.76846719e-01
-1.67940625e-07,1.76841281e-01
-1.67900625e-07,1.76846719e-01
-1.67860625e-07,1.76840375e-01
-1.67820625e-07,1.76847625e-01
-1.67780625e-07,1.76840375e-01
-1.67740625e-07,1.76847625e-01
-1.67700625e-07,1.76840375e-01
-1.67660625e-07,1.76847625e-01
-1.67620625e-07,1.76840375e-01
-1.67580625e-07,1.76847625e-01
-1.67540625e-07,1.76839469e-01
-1.67500625e-07,1.76848531e-01
-1.67460625e-07,1.76839469e-01
-1.67420625e-07,1.76848531e-01
-1.67380625e-07,1.76838562e-01
-1.67340625e-07,1.76849437e-01
-1.67300625e-07,1.76838562e-01
-1.67260625e-07,1.76850344e-01
-1.67220625e-07,1.76837656e-01
-1.67180625e-07,1.76851250e-01
-1.67140625e-07,1.76835844e-01
-1.67100625e-07,1.76853062e-01
-1.67060625e-07,1.76833125e-01
-1.67020625e-07,1.76858500e-01
-1.66980625e-07,1.76824062e-01
-1.66940625e-07,1.76878437e-01
-1.66900625e-07,1.76720750e-01
-1.66860625e-07,1.76583000e-01
-1.66820625e-07,1.76626500e-01
-1.66780625e-07,1.76602938e-01
-1.66740625e-07,1.76618344e-01
-1.66700625e-07,1.76607469e-01
-1.66660625e-07,1.76615625e-01
-1.66620625e-07,1.76609281e-01
-1.66580625e-07,1.76613812e-01
-1.66540625e-07,1.76611094e-01
-1.66500625e-07,1.76612000e-01
-1.66460625e-07,1.76612000e-01
-1.66420625e-07,1.76611094e-01
-1.66380625e-07,1.76613812e-01
-1.66340625e-07,1.76610187e-01
-1.66300625e-07,1.76614719e-01
-1.66260625e-07,1.76608375e-01
-1.66220625e-07,1.76617438e-01
-1.66180625e-07,1.76604750e-01
-1.66140625e-07,1.76621969e-01
-1.66100625e-07,1.76596594e-01
-1.66060625e-07,1.76641906e-01
-1.66020625e-07,1.76493281e-01
-1.65980625e-07,1.76346469e-01
-1.65940625e-07,1.76399937e-01
-1.65900625e-07,1.76365500e-01
-1.65860625e-07,1.76392688e-01
-1.65820625e-07,1.76369125e-01
-1.65780625e-07,1.76389969e-01
-1.65740625e-07,1.76370031e-01
-1.65700625e-07,1.76390875e-01
-1.65660625e-07,1.76368219e-01
-1.65620625e-07,1.76394500e-01
-1.65580625e-07,1.76360062e-01
-1.65540625e-07,1.76413531e-01
-1.65500625e-07,1.76257656e-01
-1.65460625e-07,1.76118094e-01
-1.65420625e-07,1.76164313e-01
-1.65380625e-07,1.76136219e-01
-1.65340625e-07,1.76157062e-01
-1.65300625e-07,1.76140750e-01
-1.65260625e-07,1.76154344e-01
-1.65220625e-07,1.76142562e-01
-1.65180625e-07,1.76153438e-01
-1.65140625e-07,1.76142562e-01
-1.65100625e-07,1.76153438e-01
-1.65060625e-07,1.76142562e-01
-1.65020625e-07,1.76153438e-01
-1.64980625e-07,1.76141656e-01
-1.64940625e-07,1.76154344e-01
-1.64900625e-07,1.76139844e-01
-1.64860625e-07,1.76157969e-01
-1.64820625e-07,1.76132594e-01
-1.64780625e-07,1.76176094e-01
-1.64740625e-07,1.76032906e-01
-1.64700625e-07,1.75876125e-01
-1.64660625e-07,1.75947719e-01
-1.64620625e-07,1.75876125e-01
-1.64580625e-07,1.76041969e-01
-1.64540625e-07,1.76176094e-01
-1.64500625e-07,1.76132594e-01
-1.64460625e-07,1.76158875e-01
-1.64420625e-07,1.76138938e-01
-1.64380625e-07,1.76155250e-01
-1.64340625e-07,1.76140750e-01
-1.64300625e-07,1.76154344e-01
-1.64260625e-07,1.76141656e-01
-1.64220625e-07,1.76154344e-01
-1.64180625e-07,1.76141656e-01
-1.64140625e-07,1.76155250e-01
-1.64100625e-07,1.76140750e-01
-1.64060625e-07,1.76156156e-01
-1.64020625e-07,1.76138938e-01
-1.63980625e-07,1.76157969e-01
-1.63940625e-07,1.76137125e-01
-1.63900625e-07,1.76160687e-01
-1.63860625e-07,1.76132594e-01
-1.63820625e-07,1.76169750e-01
-1.63780625e-07,1.76111750e-01
-1.63740625e-07,1.76273062e-01
-1.63700625e-07,1.76406281e-01
-1.63660625e-07,1.76367312e-01
-1.63620625e-07,1.76386344e-01
-1.63580625e-07,1.76376375e-01
-1.63540625e-07,1.76380906e-01
-1.63500625e-07,1.76380906e-01
-1.63460625e-07,1.76376375e-01
-1.63420625e-07,1.76385437e-01
-1.63380625e-07,1.76370937e-01
-1.63340625e-07,1.76395406e-01
-1.63300625e-07,1.76350094e-01
-1.63260625e-07,1.76499625e-01
-1.63220625e-07,1.76644625e-01
-1.63180625e-07,1.76593875e-01
-1.63140625e-07,1.76624687e-01
-1.63100625e-07,1.76602031e-01
-1.63060625e-07,1.76620156e-01
-1.63020625e-07,1.76605656e-01
-1.62980625e-07,1.76617438e-01
-1.62940625e-07,1.76607469e-01
-1.62900625e-07,1.76615625e-01
-1.62860625e-07,1.76608375e-01
-1.62820625e-07,1.76614719e-01
-1.62780625e-07,1.76609281e-01
-1.62740625e-07,1.76613812e-01
-1.62700625e-07,1.76610187e-01
-1.62660625e-07,1.76612906e-01
-1.62620625e-07,1.76611094e-01
-1.62580625e-07,1.76612906e-01
-1.62540625e-07,1.76612000e-01
-1.62500625e-07,1.76612000e-01
-1.62460625e-07,1.76612906e-01
-1.62420625e-07,1.76611094e-01
-1.62380625e-07,1.76612906e-01
-1.62340625e-07,1.76610187e-01
-1.62300625e-07,1.76614719e-01
-1.62260625e-07,1.76609281e-01
-1.62220625e-07,1.76615625e-01
-1.62180625e-07,1.76607469e-01
-1.62140625e-07,1.76618344e-01
-1.62100625e-07,1.76603844e-01
-1.62060625e-07,1.76622875e-01
-1.62020625e-07,1.76594781e-01
-1.61980625e-07,1.76643719e-01
-1.61940625e-07,1.76491469e-01
-1.61900625e-07,1.76349188e-01
-1.61860625e-07,1.76397219e-01
-1.61820625e-07,1.76369125e-01
-1.61780625e-07,1.76387250e-01
-1.61740625e-07,1.76374562e-01
-1.61700625e-07,1.76383625e-01
-1.61660625e-07,1.76379094e-01
-1.61620625e-07,1.76379094e-01
-1.61580625e-07,1.76384531e-01
-1.61540625e-07,1.76369125e-01
-1.61500625e-07,1.76405375e-01
-1.61460625e-07,1.76265813e-01
-1.61420625e-07,1.76109938e-01
-1.61380625e-07,1.76171562e-01
-1.61340625e-07,1.76129875e-01
-1.61300625e-07,1.76163406e-01
-1.61260625e-07,1.76134406e-01
-1.61220625e-07,1.76160687e-01
-1.61180625e-07,1.76136219e-01
-1.61140625e-07,1.76158875e-01
-1.61100625e-07,1.76137125e-01
-1.61060625e-07,1.76158875e-01
-1.61020625e-07,1.76137125e-01
-1.60980625e-07,1.76158875e-01
-1.60940625e-07,1.76136219e-01
-1.60900625e-07,1.76159781e-01
-1.60860625e-07,1.76134406e-01
-1.60820625e-07,1.76163406e-01
-1.60780625e-07,1.76129875e-01
-1.60740625e-07,1.76171562e-01
-1.60700625e-07,1.76109938e-01
-1.60660625e-07,1.76274875e-01
-1.60620625e-07,1.76405375e-01
-1.60580625e-07,1.76368219e-01
-1.60540625e-07,1.76385437e-01
-1.60500625e-07,1.76377281e-01
-1.60460625e-07,1.76380000e-01
-1.60420625e-07,1.76381813e-01
-1.60380625e-07,1.76376375e-01
-1.60340625e-07,1.76385437e-01
-1.60300625e-07,1.76370937e-01
-1.60260625e-07,1.76394500e-01
-1.60220625e-07,1.76351000e-01
-1.60180625e-07,1.76497812e-01
-1.60140625e-07,1.76646438e-01
-1.60100625e-07,1.76592063e-01
-1.60060625e-07,1.76627406e-01
-1.60020625e-07,1.76599312e-01
-1.59980625e-07,1.76622875e-01
-1.59940625e-07,1.76602031e-01
-1.59900625e-07,1.76621969e-01
-1.59860625e-07,1.76601125e-01
-1.59820625e-07,1.76623781e-01
-1.59780625e-07,1.76597500e-01
-1.59740625e-07,1.76631938e-01
-1.59700625e-07,1.76578469e-01
-1.59660625e-07,1.76734344e-01
-1.59620625e-07,1.76873906e-01
-1.59580625e-07,1.76827687e-01
-1.59540625e-07,1.76855781e-01
-1.59500625e-07,1.76834938e-01
-1.59460625e-07,1.76851250e-01
-1.59420625e-07,1.76837656e-01
-1.59380625e-07,1.76849437e-01
-1.59340625e-07,1.76838562e-01
-1.59300625e-07,1.76849437e-01
-1.59260625e-07,1.76839469e-01
-1.59220625e-07,1.76848531e-01
-1.59180625e-07,1.76838562e-01
-1.59140625e-07,1.76849437e-01
-1.59100625e-07,1.76838562e-01
-1.59060625e-07,1.76850344e-01
-1.59020625e-07,1.76836750e-01
-1.58980625e-07,1.76852156e-01
-1.58940625e-07,1.76834031e-01
-1.58900625e-07,1.76856687e-01
-1.58860625e-07,1.76825875e-01
-1.58820625e-07,1.76876625e-01
-1.58780625e-07,1.76722562e-01
-1.58740625e-07,1.76581187e-01
-1.58700625e-07,1.76629219e-01
-1.58660625e-07,1.76600219e-01
-1.58620625e-07,1.76621063e-01
-1.58580625e-07,1.76604750e-01
-1.58540625e-07,1.76618344e-01
-1.58500625e-07,1.76606563e-01
-1.58460625e-07,1.76616531e-01
-1.58420625e-07,1.76607469e-01
-1.58380625e-07,1.76615625e-01
-1.58340625e-07,1.76608375e-01
-1.58300625e-07,1.76615625e-01
-1.58260625e-07,1.76608375e-01
-1.58220625e-07,1.76615625e-01
-1.58180625e-07,1.76609281e-01
-1.58140625e-07,1.76614719e-01
-1.58100625e-07,1.76609281e-01
-1.58060625e-07,1.76614719e-01
-1.58020625e-07,1.76609281e-01
-1.57980625e-07,1.76614719e-01
-1.57940625e-07,1.76609281e-01
-1.57900625e-07,1.76614719e-01
-1.57860625e-07,1.76609281e-01
-1.57820625e-07,1.76614719e-01
-1.57780625e-07,1.76609281e-01
-1.57740625e-07,1.76614719e-01
-1.57700625e-07,1.76609281e-01
-1.57660625e-07,1.76614719e-01
-1.57620625e-07,1.76608375e-01
-1.57580625e-07,1.76615625e-01
-1.57540625e-07,1.76608375e-01
-1.57500625e-07,1.76615625e-01
-1.57460625e-07,1.76607469e-01
-1.57420625e-07,1.76616531e-01
-1.57380625e-07,1.76606563e-01
-1.57340625e-07,1.76617438e-01
-1.57300625e-07,1.76604750e-01
-1.57260625e-07,1.76620156e-01
-1.57220625e-07,1.76601125e-01
-1.57180625e-07,1.76628312e-01
-1.57140625e-07,1.76581187e-01
-1.57100625e-07,1.76731625e-01
-1.57060625e-07,1.76877531e-01
-1.57020625e-07,1.76824062e-01
-1.56980625e-07,1.76859406e-01
-1.56940625e-07,1.76830406e-01
-1.56900625e-07,1.76856687e-01
-1.56860625e-07,1.76829500e-01
-1.56820625e-07,1.76863031e-01
-1.56780625e-07,1.76811375e-01
-1.56740625e-07,1.76964531e-01
-1.56700625e-07,1.77108625e-01
-1.56660625e-07,1.77055156e-01
-1.56620625e-07,1.77093219e-01
-1.56580625e-07,1.77058781e-01
-1.56540625e-07,1.77096844e-01
-1.56500625e-07,1.77042469e-01
-1.56460625e-07,1.77196531e-01
-1.56420625e-07,1.77340625e-01
-1.56380625e-07,1.77288063e-01
-1.56340625e-07,1.77324312e-01
-1.56300625e-07,1.77290781e-01
-1.56260625e-07,1.77328844e-01
-1.56220625e-07,1.77273563e-01
-1.56180625e-07,1.77430344e-01
-1.56140625e-07,1.77570813e-01
-1.56100625e-07,1.77522781e-01
-1.56060625e-07,1.77551781e-01
-1.56020625e-07,1.77530031e-01
-1.55980625e-07,1.77548156e-01
-1.55940625e-07,1.77532750e-01
-1.55900625e-07,1.77547250e-01
-1.55860625e-07,1.77533656e-01
-1.55820625e-07,1.77546344e-01
-1.55780625e-07,1.77533656e-01
-1.55740625e-07,1.77546344e-01
-1.55700625e-07,1.77533656e-01
-1.55660625e-07,1.77546344e-01
-1.55620625e-07,1.77532750e-01
-1.55580625e-07,1.77547250e-01
-1.55540625e-07,1.77531844e-01
-1.55500625e-07,1.77548156e-01
-1.55460625e-07,1.77530937e-01
-1.55420625e-07,1.77550875e-01
-1.55380625e-07,1.77527313e-01
-1.55340625e-07,1.77555406e-01
-1.55300625e-07,1.77518250e-01
-1.55260625e-07,1.77576250e-01
-1.55220625e-07,1.77414938e-01
-1.55180625e-07,1.77281719e-01
-1.55140625e-07,1.77319781e-01
-1.55100625e-07,1.77301656e-01
-1.55060625e-07,1.77310719e-01
-1.55020625e-07,1.77308906e-01
-1.54980625e-07,1.77304375e-01
-1.54940625e-07,1.77315250e-01
-1.54900625e-07,1.77294406e-01
-1.54860625e-07,1.77336094e-01
-1.54820625e-07,1.77190187e-01
-1.54780625e-07,1.77041562e-01
-1.54740625e-07,1.77095937e-01
-1.54700625e-07,1.77061500e-01
-1.54660625e-07,1.77087781e-01
-1.54620625e-07,1.77066031e-01
-1.54580625e-07,1.77084156e-01
-1.54540625e-07,1.77068750e-01
-1.54500625e-07,1.77082344e-01
-1.54460625e-07,1.77069656e-01
-1.54420625e-07,1.77081437e-01
-1.54380625e-07,1.77070563e-01
-1.54340625e-07,1.77080531e-01
-1.54300625e-07,1.77071469e-01
-1.54260625e-07,1.77080531e-01
-1.54220625e-07,1.77071469e-01
-1.54180625e-07,1.77080531e-01
-1.54140625e-07,1.77072375e-01
-1.54100625e-07,1.77079625e-01
-1.54060625e-07,1.77072375e-01
-1.54020625e-07,1.77079625e-01
-1.53980625e-07,1.77072375e-01
-1.53940625e-07,1.77079625e-01
-1.53900625e-07,1.77072375e-01
-1.53860625e-07,1.77079625e-01
-1.53820625e-07,1.77072375e-01
-1.53780625e-07,1.77080531e-01
-1.53740625e-07,1.77071469e-01
-1.53700625e-07,1.77080531e-01
-1.53660625e-07,1.77071469e-01
-1.53620625e-07,1.77081437e-01
-1.53580625e-07,1.77070563e-01
-1.53540625e-07,1.77082344e-01
-1.53500625e-07,1.77068750e-01
-1.53460625e-07,1.77085063e-01
-1.53420625e-07,1.77065125e-01
-1.53380625e-07,1.77089594e-01
-1.53340625e-07,1.77056969e-01
-1.53300625e-07,1.77110437e-01
-1.53260625e-07,1.76952750e-01
-1.53220625e-07,1.76815906e-01
-1.53180625e-07,1.76857594e-01
-1.53140625e-07,1.76836750e-01
-1.53100625e-07,1.76847625e-01
-1.53060625e-07,1.76844906e-01
-1.53020625e-07,1.76836750e-01
-1.52980625e-07,1.76865750e-01
-1.52940625e-07,1.76733438e-01
-1.52900625e-07,1.76569406e-01
-1.52860625e-07,1.76642812e-01
-1.52820625e-07,1.76582094e-01
-1.52780625e-07,1.76652781e-01
-1.52740625e-07,1.76486031e-01
-1.52700625e-07,1.76351000e-01
-1.52660625e-07,1.76399031e-01
-1.52620625e-07,1.76359156e-01
-1.52580625e-07,1.76413531e-01
-1.52540625e-07,1.76257656e-01
-1.52500625e-07,1.76119000e-01
-1.52460625e-07,1.76158875e-01
-1.52420625e-07,1.76155250e-01
-1.52380625e-07,1.76051031e-01
-1.52340625e-07,1.75859812e-01
-1.52300625e-07,1.75961312e-01
-1.52260625e-07,1.75869781e-01
-1.52220625e-07,1.75974906e-01
-1.52180625e-07,1.75768281e-01
-1.52140625e-07,1.75681281e-01
-1.52100625e-07,1.75667688e-01
-1.52060625e-07,1.75720250e-01
-1.52020625e-07,1.75556219e-01
-1.51980625e-07,1.75430250e-01
-1.51940625e-07,1.75457438e-01
-1.51900625e-07,1.75456531e-01
-1.51860625e-07,1.75438406e-01
-1.51820625e-07,1.75481906e-01
-1.51780625e-07,1.75331469e-01
-1.51740625e-07,1.75190094e-01
-1.51700625e-07,1.75234500e-01
-1.51660625e-07,1.75212750e-01
-1.51620625e-07,1.75222719e-01
-1.51580625e-07,1.75222719e-01
-1.51540625e-07,1.75210031e-01
-1.51500625e-07,1.75245375e-01
-1.51460625e-07,1.75104906e-01
-1.51420625e-07,1.74950844e-01
-1.51380625e-07,1.75010656e-01
-1.51340625e-07,1.74971688e-01
-1.51300625e-07,1.75001594e-01
-1.51260625e-07,1.74976219e-01
-1.51220625e-07,1.74998875e-01
-1.51180625e-07,1.74978031e-01
-1.51140625e-07,1.74997969e-01
-1.51100625e-07,1.74978031e-01
-1.51060625e-07,1.74998875e-01
-1.51020625e-07,1.74974406e-01
-1.50980625e-07,1.75006125e-01
-1.50940625e-07,1.74956281e-01
-1.50900625e-07,1.75107625e-01
-1.50860625e-07,1.75252625e-01
-1.50820625e-07,1.75200063e-01
-1.50780625e-07,1.75235406e-01
-1.50740625e-07,1.75205500e-01
-1.50700625e-07,1.75234500e-01
-1.50660625e-07,1.75203688e-01
-1.50620625e-07,1.75240844e-01
-1.50580625e-07,1.75185563e-01
-1.50540625e-07,1.75343250e-01
-1.50500625e-07,1.75481906e-01
-1.50460625e-07,1.75434781e-01
-1.50420625e-07,1.75464687e-01
-1.50380625e-07,1.75440219e-01
-1.50340625e-07,1.75467406e-01
-1.50300625e-07,1.75424812e-01
-1.50260625e-07,1.75565281e-01
-1.50220625e-07,1.75725688e-01
-1.50180625e-07,1.75652281e-01
-1.50140625e-07,1.75716625e-01
-1.50100625e-07,1.75638688e-01
-1.50060625e-07,1.75818125e-01
-1.50020625e-07,1.75933219e-01
-1.49980625e-07,1.75914187e-01
-1.49940625e-07,1.75909656e-01
-1.49900625e-07,1.75931406e-01
-1.49860625e-07,1.75884281e-01
-1.49820625e-07,1.76038344e-01
-1.49780625e-07,1.76175187e-01
-1.49740625e-07,1.76137125e-01
-1.49700625e-07,1.76149813e-01
-1.49660625e-07,1.76155250e-01
-1.49620625e-07,1.76124438e-01
-1.49580625e-07,1.76263094e-01
-1.49540625e-07,1.76415344e-01
-1.49500625e-07,1.76360969e-01
-1.49460625e-07,1.76389969e-01
-1.49420625e-07,1.76378188e-01
-1.49380625e-07,1.76365500e-01
-1.49340625e-07,1.76485125e-01
-1.49300625e-07,1.76659125e-01
-1.49260625e-07,1.76579375e-01
-1.49220625e-07,1.76639187e-01
-1.49180625e-07,1.76586625e-01
-1.49140625e-07,1.76636469e-01
-1.49100625e-07,1.76585719e-01
-1.49060625e-07,1.76642812e-01
-1.49020625e-07,1.76568500e-01
-1.48980625e-07,1.76744313e-01
-1.48940625e-07,1.76864844e-01
-1.48900625e-07,1.76836750e-01
-1.48860625e-07,1.76846719e-01
-1.48820625e-07,1.76844000e-01
-1.48780625e-07,1.76842187e-01
-1.48740625e-07,1.76846719e-01
-1.48700625e-07,1.76840375e-01
-1.48660625e-07,1.76847625e-01
-1.48620625e-07,1.76839469e-01
-1.48580625e-07,1.76849437e-01
-1.48540625e-07,1.76838562e-01
-1.48500625e-07,1.76850344e-01
-1.48460625e-07,1.76836750e-01
-1.48420625e-07,1.76853062e-01
-1.48380625e-07,1.76832219e-01
-1.48340625e-07,1.76861219e-01
-1.48300625e-07,1.76813187e-01
-1.48260625e-07,1.76963625e-01
-1.48220625e-07,1.77109531e-01
-1.48180625e-07,1.77055156e-01
-1.48140625e-07,1.77092312e-01
-1.48100625e-07,1.77060594e-01
-1.48060625e-07,1.77092312e-01
-1.48020625e-07,1.77055156e-01
-1.47980625e-07,1.77110437e-01
-1.47940625e-07,1.76953656e-01
-1.47900625e-07,1.76814094e-01
-1.47860625e-07,1.76860313e-01
-1.47820625e-07,1.76832219e-01
-1.47780625e-07,1.76853062e-01
-1.47740625e-07,1.76836750e-01
-1.47700625e-07,1.76850344e-01
-1.47660625e-07,1.76838562e-01
-1.47620625e-07,1.76849437e-01
-1.47580625e-07,1.76839469e-01
-1.47540625e-07,1.76848531e-01
-1.47500625e-07,1.76839469e-01
-1.47460625e-07,1.76847625e-01
-1.47420625e-07,1.76840375e-01
-1.47380625e-07,1.76847625e-01
-1.47340625e-07,1.76840375e-01
-1.47300625e-07,1.76847625e-01
-1.47260625e-07,1.76840375e-01
-1.47220625e-07,1.76847625e-01
-1.47180625e-07,1.76840375e-01
-1.47140625e-07,1.76847625e-01
-1.47100625e-07,1.76840375e-01
-1.47060625e-07,1.76847625e-01
-1.47020625e-07,1.76841281e-01
-1.46980625e-07,1.76846719e-01
-1.46940625e-07,1.76841281e-01
-1.46900625e-07,1.76846719e-01
-1.46860625e-07,1.76841281e-01
-1.46820625e-07,1.76846719e-01
-1.46780625e-07,1.76841281e-01
-1.46740625e-07,1.76846719e-01
-1.46700625e-07,1.76841281e-01
-1.46660625e-07,1.76846719e-01
-1.46620625e-07,1.76841281e-01
-1.46580625e-07,1.76846719e-01
-1.46540625e-07,1.76841281e-01
-1.46500625e-07,1.76846719e-01
-1.46460625e-07,1.76841281e-01
-1.46420625e-07,1.76847625e-01
-1.46380625e-07,1.76840375e-01
-1.46340625e-07,1.76847625e-01
-1.46300625e-07,1.76840375e-01
-1.46260625e-07,1.76847625e-01
-1.46220625e-07,1.76840375e-01
-1.46180625e-07,1.76847625e-01
-1.46140625e-07,1.76840375e-01
-1.46100625e-07,1.76847625e-01
-1.46060625e-07,1.76840375e-01
-1.46020625e-07,1.76847625e-01
-1.45980625e-07,1.76839469e-01
-1.45940625e-07,1.76848531e-01
-1.45900625e-07,1.76839469e-01
-1.45860625e-07,1.76848531e-01
-1.45820625e-07,1.76839469e-01
-1.45780625e-07,1.76849437e-01
-1.45740625e-07,1.76838562e-01
-1.45700625e-07,1.76850344e-01
-1.45660625e-07,1.76837656e-01
-1.45620625e-07,1.76851250e-01
-1.45580625e-07,1.76835844e-01
-1.45540625e-07,1.76853062e-01
-1.45500625e-07,1.76833125e-01
-1.45460625e-07,1.76858500e-01
-1.45420625e-07,1.76824062e-01
-1.45380625e-07,1.76878437e-01
-1.45340625e-07,1.76720750e-01
-1.45300625e-07,1.76583000e-01
-1.45260625e-07,1.76626500e-01
-1.45220625e-07,1.76602938e-01
-1.45180625e-07,1.76618344e-01
-1.45140625e-07,1.76607469e-01
-1.45100625e-07,1.76614719e-01
-1.45060625e-07,1.76610187e-01
-1.45020625e-07,1.76612906e-01
-1.44980625e-07,1.76612906e-01
-1.44940625e-07,1.76610187e-01
-1.44900625e-07,1.76614719e-01
-1.44860625e-07,1.76607469e-01
-1.44820625e-07,1.76620156e-01
-1.44780625e-07,1.76598406e-01
-1.44740625e-07,1.76640094e-01
-1.44700625e-07,1.76495094e-01
-1.44660625e-07,1.76344656e-01
-1.44620625e-07,1.76402656e-01
-1.44580625e-07,1.76362781e-01
-1.44540625e-07,1.76395406e-01
-1.44500625e-07,1.76365500e-01
-1.44460625e-07,1.76394500e-01
-1.44420625e-07,1.76362781e-01
-1.44380625e-07,1.76401750e-01
-1.44340625e-07,1.76344656e-01
-1.44300625e-07,1.76503250e-01
-1.44260625e-07,1.76641000e-01
-1.44220625e-07,1.76596594e-01
-1.44180625e-07,1.76622875e-01
-1.44140625e-07,1.76603844e-01
-1.44100625e-07,1.76619250e-01
-1.44060625e-07,1.76605656e-01
-1.44020625e-07,1.76618344e-01
-1.43980625e-07,1.76605656e-01
-1.43940625e-07,1.76618344e-01
-1.43900625e-07,1.76604750e-01
-1.43860625e-07,1.76621063e-01
-1.43820625e-07,1.76600219e-01
-1.43780625e-07,1.76629219e-01
-1.43740625e-07,1.76581187e-01
-1.43700625e-07,1.76731625e-01
-1.43660625e-07,1.76876625e-01
-1.43620625e-07,1.76824969e-01
-1.43580625e-07,1.76857594e-01
-1.43540625e-07,1.76833125e-01
-1.43500625e-07,1.76853969e-01
-1.43460625e-07,1.76834938e-01
-1.43420625e-07,1.76852156e-01
-1.43380625e-07,1.76835844e-01
-1.43340625e-07,1.76853062e-01
-1.43300625e-07,1.76834938e-01
-1.43260625e-07,1.76854875e-01
-1.43220625e-07,1.76830406e-01
-1.43180625e-07,1.76862125e-01
-1.43140625e-07,1.76811375e-01
-1.43100625e-07,1.76964531e-01
-1.43060625e-07,1.77107719e-01
-1.43020625e-07,1.77057875e-01
-1.42980625e-07,1.77089594e-01
-1.42940625e-07,1.77064219e-01
-1.42900625e-07,1.77086875e-01
-1.42860625e-07,1.77064219e-01
-1.42820625e-07,1.77089594e-01
-1.42780625e-07,1.77056969e-01
-1.42740625e-07,1.77108625e-01
-1.42700625e-07,1.76955469e-01
-1.42660625e-07,1.76812281e-01
-1.42620625e-07,1.76862125e-01
-1.42580625e-07,1.76830406e-01
-1.42540625e-07,1.76854875e-01
-1.42500625e-07,1.76834938e-01
-1.42460625e-07,1.76853062e-01
-1.42420625e-07,1.76835844e-01
-1.42380625e-07,1.76853062e-01
-1.42340625e-07,1.76834938e-01
-1.42300625e-07,1.76853969e-01
-1.42260625e-07,1.76832219e-01
-1.42220625e-07,1.76858500e-01
-1.42180625e-07,1.76824062e-01
-1.42140625e-07,1.76877531e-01
-1.42100625e-07,1.76721656e-01
-1.42060625e-07,1.76582094e-01
-1.42020625e-07,1.76628312e-01
-1.41980625e-07,1.76601125e-01
-1.41940625e-07,1.76620156e-01
-1.41900625e-07,1.76605656e-01
-1.41860625e-07,1.76617438e-01
-1.41820625e-07,1.76607469e-01
-1.41780625e-07,1.76615625e-01
-1.41740625e-07,1.76608375e-01
-1.41700625e-07,1.76614719e-01
-1.41660625e-07,1.76609281e-01
-1.41620625e-07,1.76614719e-01
-1.41580625e-07,1.76610187e-01
-1.41540625e-07,1.76613812e-01
-1.41500625e-07,1.76610187e-01
-1.41460625e-07,1.76613812e-01
-1.41420625e-07,1.76610187e-01
-1.41380625e-07,1.76613812e-01
-1.41340625e-07,1.76610187e-01
-1.41300625e-07,1.76613812e-01
-1.41260625e-07,1.76610187e-01
-1.41220625e-07,1.76613812e-01
-1.41180625e-07,1.76610187e-01
-1.41140625e-07,1.76613812e-01
-1.41100625e-07,1.76610187e-01
-1.41060625e-07,1.76613812e-01
-1.41020625e-07,1.76610187e-01
-1.40980625e-07,1.76613812e-01
-1.40940625e-07,1.76610187e-01
-1.40900625e-07,1.76613812e-01
-1.40860625e-07,1.76610187e-01
-1.40820625e-07,1.76613812e-01
-1.40780625e-07,1.76610187e-01
-1.40740625e-07,1.76613812e-01
-1.40700625e-07,1.76610187e-01
-1.40660625e-07,1.76613812e-01
-1.40620625e-07,1.76610187e-01
-1.40580625e-07,1.76613812e-01
-1.40540625e-07,1.76610187e-01
-1.40500625e-07,1.76613812e-01
-1.40460625e-07,1.76610187e-01
-1.40420625e-07,1.76614719e-01
-1.40380625e-07,1.76609281e-01
-1.40340625e-07,1.76614719e-01
-1.40300625e-07,1.76609281e-01
-1.40260625e-07,1.76614719e-01
-1.40220625e-07,1.76608375e-01
-1.40180625e-07,1.76615625e-01
-1.40140625e-07,1.76607469e-01
-1.40100625e-07,1.76616531e-01
-1.40060625e-07,1.76606563e-01
-1.40020625e-07,1.76618344e-01
-1.39980625e-07,1.76604750e-01
-1.39940625e-07,1.76620156e-01
-1.39900625e-07,1.76601125e-01
-1.39860625e-07,1.76625594e-01
-1.39820625e-07,1.76592063e-01
-1.39780625e-07,1.76646438e-01
-1.39740625e-07,1.76487844e-01
-1.39700625e-07,1.76351906e-01
-1.39660625e-07,1.76392688e-01
-1.39620625e-07,1.76373656e-01
-1.39580625e-07,1.76381813e-01
-1.39540625e-07,1.76383625e-01
-1.39500625e-07,1.76370031e-01
-1.39460625e-07,1.76405375e-01
-1.39420625e-07,1.76264906e-01
-1.39380625e-07,1.76112656e-01
-1.39340625e-07,1.76168844e-01
-1.39300625e-07,1.76133500e-01
-1.39260625e-07,1.76157969e-01
-1.39220625e-07,1.76143469e-01
-1.39180625e-07,1.76146187e-01
-1.39140625e-07,1.76164313e-01
-1.39100625e-07,1.76041969e-01
-1.39060625e-07,1.75869781e-01
-1.39020625e-07,1.75948625e-01
-1.38980625e-07,1.75887906e-01
-1.38940625e-07,1.75942281e-01
-1.38900625e-07,1.75889719e-01
-1.38860625e-07,1.75944094e-01
-1.38820625e-07,1.75883375e-01
-1.38780625e-07,1.75963125e-01
-1.38740625e-07,1.75780969e-01
-1.38700625e-07,1.75666781e-01
-1.38660625e-07,1.75687625e-01
-1.38620625e-07,1.75686719e-01
-1.38580625e-07,1.75678562e-01
-1.38540625e-07,1.75691250e-01
-1.38500625e-07,1.75674937e-01
-1.38460625e-07,1.75694875e-01
-1.38420625e-07,1.75670406e-01
-1.38380625e-07,1.75699406e-01
-1.38340625e-07,1.75664969e-01
-1.38300625e-07,1.75709375e-01
-1.38260625e-07,1.75643219e-01
-1.38220625e-07,1.75814500e-01
-1.38180625e-07,1.75936844e-01
-1.38140625e-07,1.75910563e-01
-1.38100625e-07,1.75914187e-01
-1.38060625e-07,1.75922344e-01
-1.38020625e-07,1.75904219e-01
-1.37980625e-07,1.75935031e-01
-1.37940625e-07,1.75880656e-01
-1.37900625e-07,1.76041969e-01
-1.37860625e-07,1.76171562e-01
-1.37820625e-07,1.76140750e-01
-1.37780625e-07,1.76146187e-01
-1.37740625e-07,1.76158875e-01
-1.37700625e-07,1.76119000e-01
-1.37660625e-07,1.76268531e-01
-1.37620625e-07,1.76408094e-01
-1.37580625e-07,1.76371844e-01
-1.37540625e-07,1.76368219e-01
-1.37500625e-07,1.76482406e-01
-1.37460625e-07,1.76660938e-01
-1.37420625e-07,1.76575750e-01
-1.37380625e-07,1.76646438e-01
-1.37340625e-07,1.76567594e-01
-1.37300625e-07,1.76741594e-01
-1.37260625e-07,1.76870281e-01
-1.37220625e-07,1.76827687e-01
-1.37180625e-07,1.76860313e-01
-1.37140625e-07,1.76815000e-01
-1.37100625e-07,1.76959094e-01
-1.37060625e-07,1.77114969e-01
-1.37020625e-07,1.77047906e-01
-1.36980625e-07,1.77104094e-01
-1.36940625e-07,1.77037031e-01
-1.36900625e-07,1.77201063e-01
-1.36860625e-07,1.77337000e-01
-1.36820625e-07,1.77290781e-01
-1.36780625e-07,1.77322500e-01
-1.36740625e-07,1.77293500e-01
-1.36700625e-07,1.77327031e-01
-1.36660625e-07,1.77275375e-01
-1.36620625e-07,1.77428531e-01
-1.36580625e-07,1.77571719e-01
-1.36540625e-07,1.77521875e-01
-1.36500625e-07,1.77552688e-01
-1.36460625e-07,1.77530031e-01
-1.36420625e-07,1.77548156e-01
-1.36380625e-07,1.77532750e-01
-1.36340625e-07,1.77546344e-01
-1.36300625e-07,1.77534562e-01
-1.36260625e-07,1.77545437e-01
-1.36220625e-07,1.77535469e-01
-1.36180625e-07,1.77544531e-01
-1.36140625e-07,1.77535469e-01
-1.36100625e-07,1.77543625e-01
-1.36060625e-07,1.77536375e-01
-1.36020625e-07,1.77543625e-01
-1.35980625e-07,1.77536375e-01
-1.35940625e-07,1.77542719e-01
-1.35900625e-07,1.77537281e-01
-1.35860625e-07,1.77542719e-01
-1.35820625e-07,1.77537281e-01
-1.35780625e-07,1.77542719e-01
-1.35740625e-07,1.77537281e-01
-1.35700625e-07,1.77542719e-01
-1.35660625e-07,1.77538187e-01
-1.35620625e-07,1.77541813e-01
-1.35580625e-07,1.77538187e-01
-1.35540625e-07,1.77541813e-01
-1.35500625e-07,1.77538187e-01
-1.35460625e-07,1.77541813e-01
-1.35420625e-07,1.77538187e-01
-1.35380625e-07,1.77541813e-01
-1.35340625e-07,1.77538187e-01
-1.35300625e-07,1.77541813e-01
-1.35260625e-07,1.77539094e-01
-1.35220625e-07,1.77540906e-01
-1.35180625e-07,1.77539094e-01
-1.35140625e-07,1.77540906e-01
-1.35100625e-07,1.77539094e-01
-1.35060625e-07,1.77540906e-01
-1.35020625e-07,1.77539094e-01
-1.34980625e-07,1.77540906e-01
-1.34940625e-07,1.77539094e-01
-1.34900625e-07,1.77540906e-01
-1.34860625e-07,1.77540000e-01
-1.34820625e-07,1.77540000e-01
-1.34780625e-07,1.77540000e-01
-1.34740625e-07,1.77540000e-01
-1.34700625e-07,1.77540000e-01
-1.34660625e-07,1.77540000e-01
-1.34620625e-07,1.77540000e-01
-1.34580625e-07,1.77540000e-01
-1.34540625e-07,1.77540906e-01
-1.34500625e-07,1.77539094e-01
-1.34460625e-07,1.77540906e-01
-1.34420625e-07,1.77539094e-01
-1.34380625e-07,1.77541813e-01
-1.34340625e-07,1.77538187e-01
-1.34300625e-07,1.77541813e-01
-1.34260625e-07,1.77537281e-01
-1.34220625e-07,1.77542719e-01
-1.34180625e-07,1.77536375e-01
-1.34140625e-07,1.77543625e-01
-1.34100625e-07,1.77535469e-01
-1.34060625e-07,1.77545437e-01
-1.34020625e-07,1.77532750e-01
-1.33980625e-07,1.77549062e-01
-1.33940625e-07,1.77528219e-01
-1.33900625e-07,1.77558125e-01
-1.33860625e-07,1.77507375e-01
-1.33820625e-07,1.77661437e-01
-1.33780625e-07,1.77801906e-01
-1.33740625e-07,1.77755688e-01
-1.33700625e-07,1.77781969e-01
-1.33660625e-07,1.77765656e-01
-1.33620625e-07,1.77776531e-01
-1.33580625e-07,1.77770188e-01
-1.33540625e-07,1.77772000e-01
-1.33500625e-07,1.77774719e-01
-1.33460625e-07,1.77765656e-01
-1.33420625e-07,1.77783781e-01
-1.33380625e-07,1.77744812e-01
-1.33340625e-07,1.77888000e-01
-1.33300625e-07,1.78039344e-01
-1.33260625e-07,1.77982250e-01
-1.33220625e-07,1.78019406e-01
-1.33180625e-07,1.77991312e-01
-1.33140625e-07,1.78013969e-01
-1.33100625e-07,1.77995844e-01
-1.33060625e-07,1.78011250e-01
-1.33020625e-07,1.77998562e-01
-1.32980625e-07,1.78007625e-01
-1.32940625e-07,1.78002187e-01
-1.32900625e-07,1.78002187e-01
-1.32860625e-07,1.78011250e-01
-1.32820625e-07,1.77982250e-01
-1.32780625e-07,1.78114562e-01
-1.32740625e-07,1.78276781e-01
-1.32700625e-07,1.78208813e-01
-1.32660625e-07,1.78257750e-01
-1.32620625e-07,1.78216969e-01
-1.32580625e-07,1.78254125e-01
-1.32540625e-07,1.78218781e-01
-1.32500625e-07,1.78252313e-01
-1.32460625e-07,1.78219688e-01
-1.32420625e-07,1.78252313e-01
-1.32380625e-07,1.78219688e-01
-1.32340625e-07,1.78253219e-01
-1.32300625e-07,1.78217875e-01
-1.32260625e-07,1.78255937e-01
-1.32220625e-07,1.78213344e-01
-1.32180625e-07,1.78264094e-01
-1.32140625e-07,1.78193406e-01
-1.32100625e-07,1.78367406e-01
-1.32060625e-07,1.78487937e-01
-1.32020625e-07,1.78461656e-01
-1.31980625e-07,1.78468000e-01
-1.31940625e-07,1.78470719e-01
-1.31900625e-07,1.78462563e-01
-1.31860625e-07,1.78475250e-01
-1.31820625e-07,1.78458031e-01
-1.31780625e-07,1.78480687e-01
-1.31740625e-07,1.78451688e-01
-1.31700625e-07,1.78489750e-01
-1.31660625e-07,1.78430844e-01
-1.31620625e-07,1.78594875e-01
-1.31580625e-07,1.78724469e-01
-1.31540625e-07,1.78690031e-01
-1.31500625e-07,1.78703625e-01
-1.31460625e-07,1.78700000e-01
-1.31420625e-07,1.78697281e-01
-1.31380625e-07,1.78706344e-01
-1.31340625e-07,1.78690031e-01
-1.31300625e-07,1.78716313e-01
-1.31260625e-07,1.78668281e-01
-1.31220625e-07,1.78821437e-01
-1.31180625e-07,1.78961906e-01
-1.31140625e-07,1.78916594e-01
-1.31100625e-07,1.78941969e-01
-1.31060625e-07,1.78925656e-01
-1.31020625e-07,1.78935625e-01
-1.30980625e-07,1.78930188e-01
-1.30940625e-07,1.78931094e-01
-1.30900625e-07,1.78935625e-01
-1.30860625e-07,1.78924750e-01
-1.30820625e-07,1.78944688e-01
-1.30780625e-07,1.78903906e-01
-1.30740625e-07,1.79048906e-01
-1.30700625e-07,1.79199344e-01
-1.30660625e-07,1.79143156e-01
-1.30620625e-07,1.79179406e-01
-1.30580625e-07,1.79151312e-01
-1.30540625e-07,1.79174875e-01
-1.30500625e-07,1.79154031e-01
-1.30460625e-07,1.79173063e-01
-1.30420625e-07,1.79155844e-01
-1.30380625e-07,1.79172156e-01
-1.30340625e-07,1.79155844e-01
-1.30300625e-07,1.79172156e-01
-1.30260625e-07,1.79155844e-01
-1.30220625e-07,1.79173063e-01
-1.30180625e-07,1.79153125e-01
-1.30140625e-07,1.79177594e-01
-1.30100625e-07,1.79145875e-01
-1.30060625e-07,1.79196625e-01
-1.30020625e-07,1.79042563e-01
-1.29980625e-07,1.78900281e-01
-1.29940625e-07,1.78950125e-01
-1.29900625e-07,1.78919313e-01
-1.29860625e-07,1.78942875e-01
-1.29820625e-07,1.78922937e-01
-1.29780625e-07,1.78940156e-01
-1.29740625e-07,1.78923844e-01
-1.29700625e-07,1.78940156e-01
-1.29660625e-07,1.78922937e-01
-1.29620625e-07,1.78941969e-01
-1.29580625e-07,1.78920219e-01
-1.29540625e-07,1.78946500e-01
-1.29500625e-07,1.78912062e-01
-1.29460625e-07,1.78966437e-01
-1.29420625e-07,1.78808750e-01
-1.29380625e-07,1.78671000e-01
-1.29340625e-07,1.78714500e-01
-1.29300625e-07,1.78690938e-01
-1.29260625e-07,1.78706344e-01
-1.29220625e-07,1.78695469e-01
-1.29180625e-07,1.78702719e-01
-1.29140625e-07,1.78699094e-01
-1.29100625e-07,1.78700000e-01
-1.29060625e-07,1.78701813e-01
-1.29020625e-07,1.78696375e-01
-1.28980625e-07,1.78707250e-01
-1.28940625e-07,1.78687313e-01
-1.28900625e-07,1.78728094e-01
-1.28860625e-07,1.78583094e-01
-1.28820625e-07,1.78432656e-01
-1.28780625e-07,1.78489750e-01
-1.28740625e-07,1.78451688e-01
-1.28700625e-07,1.78481594e-01
-1.28660625e-07,1.78456219e-01
-1.28620625e-07,1.78478875e-01
-1.28580625e-07,1.78458031e-01
-1.28540625e-07,1.78477063e-01
-1.28500625e-07,1.78458937e-01
-1.28460625e-07,1.78476156e-01
-1.28420625e-07,1.78459844e-01
-1.28380625e-07,1.78476156e-01
-1.28340625e-07,1.78459844e-01
-1.28300625e-07,1.78477063e-01
-1.28260625e-07,1.78458937e-01
-1.28220625e-07,1.78477063e-01
-1.28180625e-07,1.78458031e-01
-1.28140625e-07,1.78479781e-01
-1.28100625e-07,1.78455312e-01
-1.28060625e-07,1.78484312e-01
-1.28020625e-07,1.78446250e-01
-1.27980625e-07,1.78504250e-01
-1.27940625e-07,1.78342937e-01
-1.27900625e-07,1.78208813e-01
-1.27860625e-07,1.78249594e-01
-1.27820625e-07,1.78227844e-01
-1.27780625e-07,1.78241437e-01
-1.27740625e-07,1.78232375e-01
-1.27700625e-07,1.78238719e-01
-1.27660625e-07,1.78234188e-01
-1.27620625e-07,1.78236906e-01
-1.27580625e-07,1.78236000e-01
-1.27540625e-07,1.78236000e-01
-1.27500625e-07,1.78236906e-01
-1.27460625e-07,1.78235094e-01
-1.27420625e-07,1.78237813e-01
-1.27380625e-07,1.78234188e-01
-1.27340625e-07,1.78238719e-01
-1.27300625e-07,1.78233281e-01
-1.27260625e-07,1.78239625e-01
-1.27220625e-07,1.78232375e-01
-1.27180625e-07,1.78240531e-01
-1.27140625e-07,1.78230562e-01
-1.27100625e-07,1.78241437e-01
-1.27060625e-07,1.78228750e-01
-1.27020625e-07,1.78244156e-01
-1.26980625e-07,1.78226031e-01
-1.26940625e-07,1.78249594e-01
-1.26900625e-07,1.78216969e-01
-1.26860625e-07,1.78269531e-01
-1.26820625e-07,1.78112750e-01
-1.26780625e-07,1.77975000e-01
-1.26740625e-07,1.78018500e-01
-1.26700625e-07,1.77994938e-01
-1.26660625e-07,1.78009438e-01
-1.26620625e-07,1.78000375e-01
-1.26580625e-07,1.78005812e-01
-1.26540625e-07,1.78004000e-01
-1.26500625e-07,1.78002187e-01
-1.26460625e-07,1.78007625e-01
-1.26420625e-07,1.77998562e-01
-1.26380625e-07,1.78013062e-01
-1.26340625e-07,1.77988594e-01
-1.26300625e-07,1.78033906e-01
-1.26260625e-07,1.77884375e-01
-1.26220625e-07,1.77739375e-01
-1.26180625e-07,1.77790125e-01
-1.26140625e-07,1.77760219e-01
-1.26100625e-07,1.77780156e-01
-1.26060625e-07,1.77765656e-01
-1.26020625e-07,1.77775625e-01
-1.25980625e-07,1.77770188e-01
-1.25940625e-07,1.77771094e-01
-1.25900625e-07,1.77776531e-01
-1.25860625e-07,1.77761125e-01
-1.25820625e-07,1.77797375e-01
-1.25780625e-07,1.77656906e-01
-1.25740625e-07,1.77503750e-01
-1.25700625e-07,1.77562656e-01
-1.25660625e-07,1.77523687e-01
-1.25620625e-07,1.77552688e-01
-1.25580625e-07,1.77530031e-01
-1.25540625e-07,1.77546344e-01
-1.25500625e-07,1.77537281e-01
-1.25460625e-07,1.77537281e-01
-1.25420625e-07,1.77557219e-01
-1.25380625e-07,1.77433969e-01
-1.25340625e-07,1.77261781e-01
-1.25300625e-07,1.77340625e-01
-1.25260625e-07,1.77279906e-01
-1.25220625e-07,1.77334281e-01
-1.25180625e-07,1.77281719e-01
-1.25140625e-07,1.77336094e-01
-1.25100625e-07,1.77275375e-01
-1.25060625e-07,1.77354219e-01
-1.25020625e-07,1.77172969e-01
-1.24980625e-07,1.77058781e-01
-1.24940625e-07,1.77079625e-01
-1.24900625e-07,1.77078719e-01
-1.24860625e-07,1.77069656e-01
-1.24820625e-07,1.77085063e-01
-1.24780625e-07,1.77064219e-01
-1.24740625e-07,1.77091406e-01
-1.24700625e-07,1.77055156e-01
-1.24660625e-07,1.77112250e-01
-1.24620625e-07,1.76950937e-01
-1.24580625e-07,1.76816813e-01
-1.24540625e-07,1.76856687e-01
-1.24500625e-07,1.76836750e-01
-1.24460625e-07,1.76848531e-01
-1.24420625e-07,1.76841281e-01
-1.24380625e-07,1.76844906e-01
-1.24340625e-07,1.76844000e-01
-1.24300625e-07,1.76843094e-01
-1.24260625e-07,1.76845813e-01
-1.24220625e-07,1.76842187e-01
-1.24180625e-07,1.76846719e-01
-1.24140625e-07,1.76841281e-01
-1.24100625e-07,1.76846719e-01
-1.24060625e-07,1.76840375e-01
-1.24020625e-07,1.76847625e-01
-1.23980625e-07,1.76839469e-01
-1.23940625e-07,1.76848531e-01
-1.23900625e-07,1.76839469e-01
-1.23860625e-07,1.76849437e-01
-1.23820625e-07,1.76838562e-01
-1.23780625e-07,1.76850344e-01
-1.23740625e-07,1.76837656e-01
-1.23700625e-07,1.76851250e-01
-1.23660625e-07,1.76836750e-01
-1.23620625e-07,1.76852156e-01
-1.23580625e-07,1.76834938e-01
-1.23540625e-07,1.76853969e-01
-1.23500625e-07,1.76832219e-01
-1.23460625e-07,1.76857594e-01
-1.23420625e-07,1.76826781e-01
-1.23380625e-07,1.76866656e-01
-1.23340625e-07,1.76805938e-01
-1.23300625e-07,1.76970875e-01
-1.23260625e-07,1.77100469e-01
-1.23220625e-07,1.77066031e-01
-1.23180625e-07,1.77079625e-01
-1.23140625e-07,1.77076000e-01
-1.23100625e-07,1.77072375e-01
-1.23060625e-07,1.77082344e-01
-1.23020625e-07,1.77065125e-01
-1.22980625e-07,1.77093219e-01
-1.22940625e-07,1.77043375e-01
-1.22900625e-07,1.77199250e-01
-1.22860625e-07,1.77336094e-01
-1.22820625e-07,1.77295312e-01
-1.22780625e-07,1.77311625e-01
-1.22740625e-07,1.77312531e-01
-1.22700625e-07,1.77288063e-01
-1.22660625e-07,1.77417656e-01
-1.22620625e-07,1.77583500e-01
-1.22580625e-07,1.77509187e-01
-1.22540625e-07,1.77569906e-01
-1.22500625e-07,1.77500125e-01
-1.22460625e-07,1.77665062e-01
-1.22420625e-07,1.77801906e-01
-1.22380625e-07,1.77751156e-01
-1.22340625e-07,1.77793750e-01
-1.22300625e-07,1.77736656e-01
-1.22260625e-07,1.77895250e-01
-1.22220625e-07,1.78031187e-01
-1.22180625e-07,1.77994031e-01
-1.22140625e-07,1.77996750e-01
-1.22100625e-07,1.78100062e-01
-1.22060625e-07,1.78296719e-01
-1.22020625e-07,1.78174375e-01
-1.21980625e-07,1.78381906e-01
-1.21940625e-07,1.78475250e-01
-1.21900625e-07,1.78477063e-01
-1.21860625e-07,1.78440812e-01
-1.21820625e-07,1.78584000e-01
-1.21780625e-07,1.78736250e-01
-1.21740625e-07,1.78675531e-01
-1.21700625e-07,1.78724469e-01
-1.21660625e-07,1.78664656e-01
-1.21620625e-07,1.78821437e-01
-1.21580625e-07,1.78964625e-01
-1.21540625e-07,1.78912062e-01
-1.21500625e-07,1.78949219e-01
-1.21460625e-07,1.78914781e-01
-1.21420625e-07,1.78953750e-01
-1.21380625e-07,1.78897562e-01
-1.21340625e-07,1.79054344e-01
-1.21300625e-07,1.79194812e-01
-1.21260625e-07,1.79144969e-01
-1.21220625e-07,1.79180312e-01
-1.21180625e-07,1.79144969e-01
-1.21140625e-07,1.79194812e-01
-1.21100625e-07,1.79046188e-01
-1.21060625e-07,1.78895750e-01
-1.21020625e-07,1.78957375e-01
-1.20980625e-07,1.78909344e-01
-1.20940625e-07,1.78955562e-01
-1.20900625e-07,1.78903000e-01
-1.20860625e-07,1.78975500e-01
-1.20820625e-07,1.78797875e-01
-1.20780625e-07,1.78684594e-01
-1.20740625e-07,1.78696375e-01
-1.20700625e-07,1.78724469e-01
-1.20660625e-07,1.78583094e-01
-1.20620625e-07,1.78437188e-01
-1.20580625e-07,1.78478875e-01
-1.20540625e-07,1.78476156e-01
-1.20500625e-07,1.78370125e-01
-1.20460625e-07,1.78179813e-01
-1.20420625e-07,1.78289469e-01
-1.20380625e-07,1.78103687e-01
-1.20340625e-07,1.77974094e-01
-1.20300625e-07,1.78038438e-01
-1.20260625e-07,1.77880750e-01
-1.20220625e-07,1.77752969e-01
-1.20180625e-07,1.77693156e-01
-1.20140625e-07,1.77464781e-01
-1.20100625e-07,1.77614313e-01
-1.20060625e-07,1.77381406e-01
-1.20020625e-07,1.77314344e-01
-1.19980625e-07,1.77284438e-01
-1.19940625e-07,1.77351500e-01
-1.19900625e-07,1.77172063e-01
-1.19860625e-07,1.77063312e-01
-1.19820625e-07,1.77068750e-01
-1.19780625e-07,1.77104094e-01
-1.19740625e-07,1.76955469e-01
-1.19700625e-07,1.76815000e-01
-1.19660625e-07,1.76856687e-01
-1.19620625e-07,1.76840375e-01
-1.19580625e-07,1.76838562e-01
-1.19540625e-07,1.76865750e-01
-1.19500625e-07,1.76732531e-01
-1.19460625e-07,1.76572125e-01
-1.19420625e-07,1.76638281e-01
-1.19380625e-07,1.76591156e-01
-1.19340625e-07,1.76631031e-01
-1.19300625e-07,1.76593875e-01
-1.19260625e-07,1.76630125e-01
-1.19220625e-07,1.76591156e-01
-1.19180625e-07,1.76638281e-01
-1.19140625e-07,1.76571219e-01
-1.19100625e-07,1.76741594e-01
-1.19060625e-07,1.76865750e-01
-1.19020625e-07,1.76837656e-01
-1.18980625e-07,1.76841281e-01
-1.18940625e-07,1.76854875e-01
-1.18900625e-07,1.76815906e-01
-1.18860625e-07,1.76962719e-01
-1.18820625e-07,1.77105906e-01
-1.18780625e-07,1.77065125e-01
-1.18740625e-07,1.77067844e-01
-1.18700625e-07,1.77173875e-01
-1.18660625e-07,1.77364187e-01
-1.18620625e-07,1.77254531e-01
-1.18580625e-07,1.77440313e-01
-1.18540625e-07,1.77570813e-01
-1.18500625e-07,1.77503750e-01
-1.18460625e-07,1.77666875e-01
-1.18420625e-07,1.77783781e-01
-1.18380625e-07,1.77864437e-01
-1.18340625e-07,1.78047500e-01
-1.18300625e-07,1.78059281e-01
-1.18260625e-07,1.78334781e-01
-1.18220625e-07,1.78135406e-01
-1.18180625e-07,1.78426312e-01
-1.18140625e-07,1.78414531e-01
-1.18100625e-07,1.78629312e-01
-1.18060625e-07,1.78668281e-01
-1.18020625e-07,1.78843188e-01
-1.17980625e-07,1.78916594e-01
-1.17940625e-07,1.79059781e-01
-1.17900625e-07,1.79164000e-01
-1.17860625e-07,1.79275469e-01
-1.17820625e-07,1.79415938e-01
-1.17780625e-07,1.79480281e-01
-1.17740625e-07,1.79694156e-01
-1.17700625e-07,1.79565469e-01
-1.17660625e-07,1.79773906e-01
-1.17620625e-07,1.79860000e-01
-1.17580625e-07,1.79954250e-01
-1.17540625e-07,1.80155437e-01
-1.17500625e-07,1.80024938e-01
-1.17460625e-07,1.80248781e-01
-1.17420625e-07,1.80305875e-01
-1.17380625e-07,1.80445437e-01
-1.17340625e-07,1.80578656e-01
-1.17300625e-07,1.80556000e-01
-1.17260625e-07,1.80533344e-01
-1.17220625e-07,1.80673813e-01
-1.17180625e-07,1.80817000e-01
-1.17140625e-07,1.80779844e-01
-1.17100625e-07,1.80774406e-01
-1.17060625e-07,1.80894031e-01
-1.17020625e-07,1.81063500e-01
-1.16980625e-07,1.80992812e-01
-1.16940625e-07,1.81040844e-01
-1.16900625e-07,1.81003688e-01
-1.16860625e-07,1.81033594e-01
-1.16820625e-07,1.81008219e-01
-1.16780625e-07,1.81029969e-01
-1.16740625e-07,1.81011844e-01
-1.16700625e-07,1.81027250e-01
-1.16660625e-07,1.81013656e-01
-1.16620625e-07,1.81024531e-01
-1.16580625e-07,1.81016375e-01
-1.16540625e-07,1.81022719e-01
-1.16500625e-07,1.81018188e-01
-1.16460625e-07,1.81020906e-01
-1.16420625e-07,1.81020000e-01
-1.16380625e-07,1.81018188e-01
-1.16340625e-07,1.81023625e-01
-1.16300625e-07,1.81013656e-01
-1.16260625e-07,1.81029063e-01
-1.16220625e-07,1.81004594e-01
-1.16180625e-07,1.81050812e-01
-1.16140625e-07,1.80899469e-01
-1.16100625e-07,1.80757187e-01
-1.16060625e-07,1.80804313e-01
-1.16020625e-07,1.80778937e-01
-1.15980625e-07,1.80792531e-01
-1.15940625e-07,1.80788000e-01
-1.15900625e-07,1.80780750e-01
-1.15860625e-07,1.80810656e-01
-1.15820625e-07,1.80675625e-01
-1.15780625e-07,1.80517031e-01
-1.15740625e-07,1.80580469e-01
-1.15700625e-07,1.80536969e-01
-1.15660625e-07,1.80571406e-01
-1.15620625e-07,1.80542406e-01
-1.15580625e-07,1.80567781e-01
-1.15540625e-07,1.80545125e-01
-1.15500625e-07,1.80565969e-01
-1.15460625e-07,1.80546938e-01
-1.15420625e-07,1.80565062e-01
-1.15380625e-07,1.80547844e-01
-1.15340625e-07,1.80564156e-01
-1.15300625e-07,1.80548750e-01
-1.15260625e-07,1.80563250e-01
-1.15220625e-07,1.80549656e-01
-1.15180625e-07,1.80562344e-01
-1.15140625e-07,1.80549656e-01
-1.15100625e-07,1.80562344e-01
-1.15060625e-07,1.80549656e-01
-1.15020625e-07,1.80562344e-01
-1.14980625e-07,1.80549656e-01
-1.14940625e-07,1.80562344e-01
-1.14900625e-07,1.80549656e-01
-1.14860625e-07,1.80563250e-01
-1.14820625e-07,1.80547844e-01
-1.14780625e-07,1.80565062e-01
-1.14740625e-07,1.80544219e-01
-1.14700625e-07,1.80572312e-01
-1.14660625e-07,1.80525187e-01
-1.14620625e-07,1.80674719e-01
-1.14580625e-07,1.80822437e-01
-1.14540625e-07,1.80766250e-01
-1.14500625e-07,1.80805219e-01
-1.14460625e-07,1.80772594e-01
-1.14420625e-07,1.80804313e-01
-1.14380625e-07,1.80769875e-01
-1.14340625e-07,1.80811562e-01
-1.14300625e-07,1.80749937e-01
-1.14260625e-07,1.80914875e-01
-1.14220625e-07,1.81044469e-01
-1.14180625e-07,1.81010031e-01
-1.14140625e-07,1.81023625e-01
-1.14100625e-07,1.81020906e-01
-1.14060625e-07,1.81014563e-01
-1.14020625e-07,1.81032688e-01
-1.13980625e-07,1.80991906e-01
-1.13940625e-07,1.81137812e-01
-1.13900625e-07,1.81285531e-01
-1.13860625e-07,1.81232969e-01
-1.13820625e-07,1.81264687e-01
-1.13780625e-07,1.81242938e-01
-1.13740625e-07,1.81258344e-01
-1.13700625e-07,1.81247469e-01
-1.13660625e-07,1.81253812e-01
-1.13620625e-07,1.81252906e-01
-1.13580625e-07,1.81247469e-01
-1.13540625e-07,1.81262875e-01
-1.13500625e-07,1.81226625e-01
-1.13460625e-07,1.81367094e-01
-1.13420625e-07,1.81520250e-01
-1.13380625e-07,1.81462250e-01
-1.13340625e-07,1.81500313e-01
-1.13300625e-07,1.81471313e-01
-1.13260625e-07,1.81493969e-01
-1.13220625e-07,1.81476750e-01
-1.13180625e-07,1.81488531e-01
-1.13140625e-07,1.81483094e-01
-1.13100625e-07,1.81479469e-01
-1.13060625e-07,1.81503031e-01
-1.13020625e-07,1.81375250e-01
-1.12980625e-07,1.81208500e-01
-1.12940625e-07,1.81281906e-01
-1.12900625e-07,1.81227531e-01
-1.12860625e-07,1.81274656e-01
-1.12820625e-07,1.81230250e-01
-1.12780625e-07,1.81273750e-01
-1.12740625e-07,1.81229344e-01
-1.12700625e-07,1.81276469e-01
-1.12660625e-07,1.81222094e-01
-1.12620625e-07,1.81296406e-01
-1.12580625e-07,1.81119687e-01
-1.12540625e-07,1.81000969e-01
-1.12500625e-07,1.81025437e-01
-1.12460625e-07,1.81020906e-01
-1.12420625e-07,1.81014563e-01
-1.12380625e-07,1.81029063e-01
-1.12340625e-07,1.81004594e-01
-1.12300625e-07,1.81050812e-01
-1.12260625e-07,1.80900375e-01
-1.12220625e-07,1.80755375e-01
-1.12180625e-07,1.80807031e-01
-1.12140625e-07,1.80773500e-01
-1.12100625e-07,1.80800688e-01
-1.12060625e-07,1.80775313e-01
-1.12020625e-07,1.80802500e-01
-1.11980625e-07,1.80768969e-01
-1.11940625e-07,1.80820625e-01
-1.11900625e-07,1.80666562e-01
-1.11860625e-07,1.80524281e-01
-1.11820625e-07,1.80574125e-01
-1.11780625e-07,1.80543312e-01
-1.11740625e-07,1.80565969e-01
-1.11700625e-07,1.80546938e-01
-1.11660625e-07,1.80563250e-01
-1.11620625e-07,1.80548750e-01
-1.11580625e-07,1.80562344e-01
-1.11540625e-07,1.80549656e-01
-1.11500625e-07,1.80561438e-01
-1.11460625e-07,1.80550563e-01
-1.11420625e-07,1.80561438e-01
-1.11380625e-07,1.80550563e-01
-1.11340625e-07,1.80561438e-01
-1.11300625e-07,1.80551469e-01
-1.11260625e-07,1.80560531e-01
-1.11220625e-07,1.80551469e-01
-1.11180625e-07,1.80560531e-01
-1.11140625e-07,1.80551469e-01
-1.11100625e-07,1.80560531e-01
-1.11060625e-07,1.80551469e-01
-1.11020625e-07,1.80560531e-01
-1.10980625e-07,1.80551469e-01
-1.10940625e-07,1.80560531e-01
-1.10900625e-07,1.80551469e-01
-1.10860625e-07,1.80560531e-01
-1.10820625e-07,1.80551469e-01
-1.10780625e-07,1.80560531e-01
-1.10740625e-07,1.80551469e-01
-1.10700625e-07,1.80560531e-01
-1.10660625e-07,1.80551469e-01
-1.10620625e-07,1.80560531e-01
-1.10580625e-07,1.80551469e-01
-1.10540625e-07,1.80560531e-01
-1.10500625e-07,1.80551469e-01
-1.10460625e-07,1.80560531e-01
-1.10420625e-07,1.80550563e-01
-1.10380625e-07,1.80561438e-01
-1.10340625e-07,1.80550563e-01
-1.10300625e-07,1.80561438e-01
-1.10260625e-07,1.80549656e-01
-1.10220625e-07,1.80562344e-01
-1.10180625e-07,1.80548750e-01
-1.10140625e-07,1.80563250e-01
-1.10100625e-07,1.80546938e-01
-1.10060625e-07,1.80565969e-01
-1.10020625e-07,1.80543312e-01
-1.09980625e-07,1.80574125e-01
-1.09940625e-07,1.80523375e-01
-1.09900625e-07,1.80677438e-01
-1.09860625e-07,1.80819719e-01
-1.09820625e-07,1.80769875e-01
-1.09780625e-07,1.80801594e-01
-1.09740625e-07,1.80776219e-01
-1.09700625e-07,1.80799781e-01
-1.09660625e-07,1.80775313e-01
-1.09620625e-07,1.80805219e-01
-1.09580625e-07,1.80757187e-01
-1.09540625e-07,1.80906719e-01
-1.09500625e-07,1.81054437e-01
-1.09460625e-07,1.80998250e-01
-1.09420625e-07,1.81038125e-01
-1.09380625e-07,1.81001875e-01
-1.09340625e-07,1.81041750e-01
-1.09300625e-07,1.80984656e-01
-1.09260625e-07,1.81143250e-01
-1.09220625e-07,1.81281906e-01
-1.09180625e-07,1.81234781e-01
-1.09140625e-07,1.81265594e-01
-1.09100625e-07,1.81240219e-01
-1.09060625e-07,1.81264687e-01
-1.09020625e-07,1.81237500e-01
-1.08980625e-07,1.81271031e-01
-1.08940625e-07,1.81218469e-01
-1.08900625e-07,1.81373437e-01
-1.08860625e-07,1.81514813e-01
-1.08820625e-07,1.81467688e-01
-1.08780625e-07,1.81494875e-01
-1.08740625e-07,1.81475844e-01
-1.08700625e-07,1.81489437e-01
-1.08660625e-07,1.81480375e-01
-1.08620625e-07,1.81484906e-01
-1.08580625e-07,1.81485813e-01
-1.08540625e-07,1.81475844e-01
-1.08500625e-07,1.81506656e-01
-1.08460625e-07,1.81373437e-01
-1.08420625e-07,1.81210312e-01
-1.08380625e-07,1.81280094e-01
-1.08340625e-07,1.81228438e-01
-1.08300625e-07,1.81273750e-01
-1.08260625e-07,1.81230250e-01
-1.08220625e-07,1.81274656e-01
-1.08180625e-07,1.81224812e-01
-1.08140625e-07,1.81292781e-01
-1.08100625e-07,1.81123312e-01
-1.08060625e-07,1.80994625e-01
-1.08020625e-07,1.81033594e-01
-1.07980625e-07,1.81006406e-01
-1.07940625e-07,1.81043563e-01
-1.07900625e-07,1.80910344e-01
-1.07860625e-07,1.80741781e-01
-1.07820625e-07,1.80824250e-01
-1.07780625e-07,1.80749937e-01
-1.07740625e-07,1.80839656e-01
-1.07700625e-07,1.80646625e-01
-1.07660625e-07,1.80547844e-01
-1.07620625e-07,1.80545125e-01
-1.07580625e-07,1.80586812e-01
-1.07540625e-07,1.80432750e-01
-1.07500625e-07,1.80297719e-01
-1.07460625e-07,1.80333969e-01
-1.07420625e-07,1.80323094e-01
-1.07380625e-07,1.80315844e-01
-1.07340625e-07,1.80348469e-01
-1.07300625e-07,1.80208906e-01
-1.07260625e-07,1.80055750e-01
-1.07220625e-07,1.80112844e-01
-1.07180625e-07,1.80077500e-01
-1.07140625e-07,1.80102875e-01
-1.07100625e-07,1.80083844e-01
-1.07060625e-07,1.80097437e-01
-1.07020625e-07,1.80090187e-01
-1.06980625e-07,1.80088375e-01
-1.06940625e-07,1.80109219e-01
-1.06900625e-07,1.79986875e-01
-1.06860625e-07,1.79810156e-01
-1.06820625e-07,1.79901687e-01
-1.06780625e-07,1.79809250e-01
-1.06740625e-07,1.79996844e-01
-1.06700625e-07,1.80109219e-01
-1.06660625e-07,1.80087469e-01
-1.06620625e-07,1.80091094e-01
-1.06580625e-07,1.80095625e-01
-1.06540625e-07,1.80085656e-01
-1.06500625e-07,1.80101062e-01
-1.06460625e-07,1.80079313e-01
-1.06420625e-07,1.80110125e-01
-1.06380625e-07,1.80058469e-01
-1.06340625e-07,1.80215250e-01
-1.06300625e-07,1.80352094e-01
-1.06260625e-07,1.80310406e-01
-1.06220625e-07,1.80329437e-01
-1.06180625e-07,1.80326719e-01
-1.06140625e-07,1.80306781e-01
-1.06100625e-07,1.80430031e-01
-1.06060625e-07,1.80603125e-01
-1.06020625e-07,1.80519750e-01
-1.05980625e-07,1.80592250e-01
-1.05940625e-07,1.80508875e-01
-1.05900625e-07,1.80691031e-01
-1.05860625e-07,1.80806125e-01
-1.05820625e-07,1.80784375e-01
-1.05780625e-07,1.80784375e-01
-1.05740625e-07,1.80798875e-01
-1.05700625e-07,1.80761719e-01
-1.05660625e-07,1.80903094e-01
-1.05620625e-07,1.81057156e-01
-1.05580625e-07,1.80995531e-01
-1.05540625e-07,1.81040844e-01
-1.05500625e-07,1.80999156e-01
-1.05460625e-07,1.81044469e-01
-1.05420625e-07,1.80981937e-01
-1.05380625e-07,1.81145969e-01
-1.05340625e-07,1.81278281e-01
-1.05300625e-07,1.81239312e-01
-1.05260625e-07,1.81260156e-01
-1.05220625e-07,1.81246562e-01
-1.05180625e-07,1.81254719e-01
-1.05140625e-07,1.81250187e-01
-1.05100625e-07,1.81252000e-01
-1.05060625e-07,1.81252906e-01
-1.05020625e-07,1.81249281e-01
-1.04980625e-07,1.81256531e-01
-1.04940625e-07,1.81244750e-01
-1.04900625e-07,1.81265594e-01
-1.04860625e-07,1.81223906e-01
-1.04820625e-07,1.81368906e-01
-1.04780625e-07,1.81519344e-01
-1.04740625e-07,1.81463156e-01
-1.04700625e-07,1.81499406e-01
-1.04660625e-07,1.81471313e-01
-1.04620625e-07,1.81494875e-01
-1.04580625e-07,1.81474031e-01
-1.04540625e-07,1.81493062e-01
-1.04500625e-07,1.81475844e-01
-1.04460625e-07,1.81491250e-01
-1.04420625e-07,1.81476750e-01
-1.04380625e-07,1.81490344e-01
-1.04340625e-07,1.81477656e-01
-1.04300625e-07,1.81489437e-01
-1.04260625e-07,1.81478562e-01
-1.04220625e-07,1.81488531e-01
-1.04180625e-07,1.81480375e-01
-1.04140625e-07,1.81486719e-01
-1.04100625e-07,1.81482188e-01
-1.04060625e-07,1.81484000e-01
-1.04020625e-07,1.81486719e-01
-1.03980625e-07,1.81475844e-01
-1.03940625e-07,1.81505750e-01
-1.03900625e-07,1.81373437e-01
-1.03860625e-07,1.81210312e-01
-1.03820625e-07,1.81281000e-01
-1.03780625e-07,1.81228438e-01
-1.03740625e-07,1.81273750e-01
-1.03700625e-07,1.81231156e-01
-1.03660625e-07,1.81272844e-01
-1.03620625e-07,1.81229344e-01
-1.03580625e-07,1.81277375e-01
-1.03540625e-07,1.81221187e-01
-1.03500625e-07,1.81296406e-01
-1.03460625e-07,1.81117875e-01
-1.03420625e-07,1.81001875e-01
-1.03380625e-07,1.81023625e-01
-1.03340625e-07,1.81022719e-01
-1.03300625e-07,1.81012750e-01
-1.03260625e-07,1.81031781e-01
-1.03220625e-07,1.81001875e-01
-1.03180625e-07,1.81052625e-01
-1.03140625e-07,1.80897656e-01
-1.03100625e-07,1.80758094e-01
-1.03060625e-07,1.80805219e-01
-1.03020625e-07,1.80775313e-01
-1.02980625e-07,1.80799781e-01
-1.02940625e-07,1.80773500e-01
-1.02900625e-07,1.80815188e-01
-1.02860625e-07,1.80673813e-01
-1.02820625e-07,1.80516125e-01
-1.02780625e-07,1.80584094e-01
-1.02740625e-07,1.80530625e-01
-1.02700625e-07,1.80582281e-01
-1.02660625e-07,1.80525187e-01
-1.02620625e-07,1.80601312e-01
-1.02580625e-07,1.80421875e-01
-1.02540625e-07,1.80305875e-01
-1.02500625e-07,1.80326719e-01
-1.02460625e-07,1.80327625e-01
-1.02420625e-07,1.80314937e-01
-1.02380625e-07,1.80337594e-01
-1.02340625e-07,1.80303156e-01
-1.02300625e-07,1.80361156e-01
-1.02260625e-07,1.80196219e-01
-1.02220625e-07,1.80069344e-01
-1.02180625e-07,1.80098344e-01
-1.02140625e-07,1.80094719e-01
-1.02100625e-07,1.80080219e-01
-1.02060625e-07,1.80121000e-01
-1.02020625e-07,1.79972375e-01
-1.01980625e-07,1.79829187e-01
-1.01940625e-07,1.79874500e-01
-1.01900625e-07,1.79854563e-01
-1.01860625e-07,1.79857281e-01
-1.01820625e-07,1.79879031e-01
-1.01780625e-07,1.79751250e-01
-1.01740625e-07,1.79584500e-01
-1.01700625e-07,1.79659719e-01
-1.01660625e-07,1.79598094e-01
-1.01620625e-07,1.79667875e-01
-1.01580625e-07,1.79502937e-01
-1.01540625e-07,1.79365187e-01
-1.01500625e-07,1.79416844e-01
-1.01460625e-07,1.79373344e-01
-1.01420625e-07,1.79431344e-01
-1.01380625e-07,1.79270938e-01
-1.01340625e-07,1.79137719e-01
-1.01300625e-07,1.79171250e-01
-1.01260625e-07,1.79174875e-01
-1.01220625e-07,1.79063406e-01
-1.01180625e-07,1.78880344e-01
-1.01140625e-07,1.78971875e-01
-1.01100625e-07,1.78892125e-01
-1.01060625e-07,1.78983656e-01
-1.01020625e-07,1.78793344e-01
-1.00980625e-07,1.78686406e-01
-1.00940625e-07,1.78699094e-01
-1.00900625e-07,1.78709062e-01
-1.00860625e-07,1.78683687e-01
-1.00820625e-07,1.78732625e-01
-1.00780625e-07,1.78577656e-01
-1.00740625e-07,1.78439000e-01
-1.00700625e-07,1.78481594e-01
-1.00660625e-07,1.78460750e-01
-1.00620625e-07,1.78470719e-01
-1.00580625e-07,1.78469812e-01
-1.00540625e-07,1.78458937e-01
-1.00500625e-07,1.78491563e-01
-1.00460625e-07,1.78354719e-01
-1.00420625e-07,1.78197031e-01
-1.00380625e-07,1.78260469e-01
-1.00340625e-07,1.78216969e-01
-1.00300625e-07,1.78252313e-01
-1.00260625e-07,1.78221500e-01
-1.00220625e-07,1.78249594e-01
-1.00180625e-07,1.78223313e-01
-1.00140625e-07,1.78248688e-01
-1.00100625e-07,1.78223313e-01
-1.00060625e-07,1.78248688e-01
-1.00020625e-07,1.78223313e-01
-9.99806250e-08,1.78248688e-01
-9.99406250e-08,1.78222406e-01
-9.99006250e-08,1.78250500e-01
-9.98606250e-08,1.78220594e-01
-9.98206250e-08,1.78253219e-01
-9.97806250e-08,1.78215156e-01
-9.97406250e-08,1.78262281e-01
-9.97006250e-08,1.78195219e-01
-9.96606250e-08,1.78366500e-01
-9.96206250e-08,1.78489750e-01
-9.95806250e-08,1.78460750e-01
-9.95406250e-08,1.78468906e-01
-9.95006250e-08,1.78471625e-01
-9.94606250e-08,1.78461656e-01
-9.94206250e-08,1.78477969e-01
-9.93806250e-08,1.78454406e-01
-9.93406250e-08,1.78487937e-01
-9.93006250e-08,1.78432656e-01
-9.92606250e-08,1.78593063e-01
-9.92206250e-08,1.78725375e-01
-9.91806250e-08,1.78689125e-01
-9.91406250e-08,1.78703625e-01
-9.91006250e-08,1.78700906e-01
-9.90606250e-08,1.78693656e-01
-9.90206250e-08,1.78712687e-01
-9.89806250e-08,1.78671906e-01
-9.89406250e-08,1.78817813e-01
-9.89006250e-08,1.78965531e-01
-9.88606250e-08,1.78912969e-01
-9.88206250e-08,1.78944688e-01
-9.87806250e-08,1.78922031e-01
-9.87406250e-08,1.78939250e-01
-9.87006250e-08,1.78925656e-01
-9.86606250e-08,1.78936531e-01
-9.86206250e-08,1.78928375e-01
-9.85806250e-08,1.78934719e-01
-9.85406250e-08,1.78930188e-01
-9.85006250e-08,1.78933813e-01
-9.84606250e-08,1.78931094e-01
-9.84206250e-08,1.78932000e-01
-9.83806250e-08,1.78932000e-01
-9.83406250e-08,1.78931094e-01
-9.83006250e-08,1.78932906e-01
-9.82606250e-08,1.78930188e-01
-9.82206250e-08,1.78934719e-01
-9.81806250e-08,1.78929281e-01
-9.81406250e-08,1.78935625e-01
-9.81006250e-08,1.78927469e-01
-9.80606250e-08,1.78938344e-01
-9.80206250e-08,1.78924750e-01
-9.79806250e-08,1.78941062e-01
-9.79406250e-08,1.78921125e-01
-9.79006250e-08,1.78946500e-01
-9.78606250e-08,1.78911156e-01
-9.78206250e-08,1.78968250e-01
-9.77806250e-08,1.78806031e-01
-9.77406250e-08,1.78675531e-01
-9.77006250e-08,1.78708156e-01
-9.76606250e-08,1.78700000e-01
-9.76206250e-08,1.78690938e-01
-9.75806250e-08,1.78725375e-01
-9.75406250e-08,1.78583094e-01
-9.75006250e-08,1.78434469e-01
-9.74606250e-08,1.78485219e-01
-9.74206250e-08,1.78458937e-01
-9.73806250e-08,1.78468906e-01
-9.73406250e-08,1.78483406e-01
-9.73006250e-08,1.78362875e-01
-9.72606250e-08,1.78189781e-01
-9.72206250e-08,1.78269531e-01
-9.71806250e-08,1.78207000e-01
-9.71406250e-08,1.78264094e-01
-9.71006250e-08,1.78204281e-01
-9.70606250e-08,1.78280406e-01
-9.70206250e-08,1.78103687e-01
-9.69806250e-08,1.77983156e-01
-9.69406250e-08,1.78012156e-01
-9.69006250e-08,1.78001281e-01
-9.68606250e-08,1.78004906e-01
-9.68206250e-08,1.78004906e-01
-9.67806250e-08,1.78003094e-01
-9.67406250e-08,1.78005812e-01
-9.67006250e-08,1.78002187e-01
-9.66606250e-08,1.78006719e-01
-9.66206250e-08,1.78001281e-01
-9.65806250e-08,1.78006719e-01
-9.65406250e-08,1.78001281e-01
-9.65006250e-08,1.78006719e-01
-9.64606250e-08,1.78001281e-01
-9.64206250e-08,1.78006719e-01
-9.63806250e-08,1.78001281e-01
-9.63406250e-08,1.78007625e-01
-9.63006250e-08,1.78000375e-01
-9.62606250e-08,1.78007625e-01
-9.62206250e-08,1.78000375e-01
-9.61806250e-08,1.78007625e-01
-9.61406250e-08,1.78000375e-01
-9.61006250e-08,1.78008531e-01
-9.60606250e-08,1.77999469e-01
-9.60206250e-08,1.78008531e-01
-9.59806250e-08,1.77998562e-01
-9.59406250e-08,1.78009438e-01
-9.59006250e-08,1.77997656e-01
-9.58606250e-08,1.78011250e-01
-9.58206250e-08,1.77995844e-01
-9.57806250e-08,1.78014875e-01
-9.57406250e-08,1.77990406e-01
-9.57006250e-08,1.78023031e-01
-9.56606250e-08,1.77970469e-01
-9.56206250e-08,1.78127250e-01
-9.55806250e-08,1.78265000e-01
-9.55406250e-08,1.78221500e-01
-9.55006250e-08,1.78245062e-01
-9.54606250e-08,1.78230562e-01
-9.54206250e-08,1.78238719e-01
-9.53806250e-08,1.78236000e-01
-9.53406250e-08,1.78233281e-01
-9.53006250e-08,1.78242344e-01
-9.52606250e-08,1.78224219e-01
-9.52206250e-08,1.78263188e-01
-9.51806250e-08,1.78120000e-01
-9.51406250e-08,1.77968656e-01
-9.51006250e-08,1.78024844e-01
-9.50606250e-08,1.77989500e-01
-9.50206250e-08,1.78014875e-01
-9.49806250e-08,1.77996750e-01
-9.49406250e-08,1.78006719e-01
-9.49006250e-08,1.78006719e-01
-9.48606250e-08,1.77985875e-01
-9.48206250e-08,1.78110938e-01
-9.47806250e-08,1.78281313e-01
-9.47406250e-08,1.78204281e-01
-9.47006250e-08,1.78262281e-01
-9.46606250e-08,1.78212437e-01
-9.46206250e-08,1.78258656e-01
-9.45806250e-08,1.78213344e-01
-9.45406250e-08,1.78258656e-01
-9.45006250e-08,1.78212437e-01
-9.44606250e-08,1.78261375e-01
-9.44206250e-08,1.78207906e-01
-9.43806250e-08,1.78269531e-01
-9.43406250e-08,1.78187062e-01
-9.43006250e-08,1.78373750e-01
-9.42606250e-08,1.78480687e-01
-9.42206250e-08,1.78470719e-01
-9.41806250e-08,1.78457125e-01
-9.41406250e-08,1.78487031e-01
-9.41006250e-08,1.78432656e-01
-9.40606250e-08,1.78592156e-01
-9.40206250e-08,1.78728094e-01
-9.39806250e-08,1.78684594e-01
-9.39406250e-08,1.78713594e-01
-9.39006250e-08,1.78676438e-01
-9.38606250e-08,1.78807844e-01
-9.38206250e-08,1.78980031e-01
-9.37806250e-08,1.78892125e-01
-9.37406250e-08,1.78974594e-01
-9.37006250e-08,1.78875813e-01
-9.36606250e-08,1.79078812e-01
-9.36206250e-08,1.79165812e-01
-9.35806250e-08,1.79183031e-01
-9.35406250e-08,1.79124125e-01
-9.35006250e-08,1.79298125e-01
-9.34606250e-08,1.79407781e-01
-9.34206250e-08,1.79405969e-01
-9.33806250e-08,1.79363375e-01
-9.33406250e-08,1.79523781e-01
-9.33006250e-08,1.79646125e-01
-9.32606250e-08,1.79632531e-01
-9.32206250e-08,1.79600812e-01
-9.31806250e-08,1.79750344e-01
-9.31406250e-08,1.79883563e-01
-9.31006250e-08,1.79859094e-01
-9.30606250e-08,1.79838250e-01
-9.30206250e-08,1.79976906e-01
-9.29806250e-08,1.80121000e-01
-9.29406250e-08,1.80084750e-01
-9.29006250e-08,1.80077500e-01
-9.28606250e-08,1.80200750e-01
-9.28206250e-08,1.80362969e-01
-9.27806250e-08,1.80303156e-01
-9.27406250e-08,1.80334875e-01
-9.27006250e-08,1.80323094e-01
-9.26606250e-08,1.80306781e-01
-9.26206250e-08,1.80432750e-01
-9.25806250e-08,1.80596781e-01
-9.25406250e-08,1.80532438e-01
-9.25006250e-08,1.80569594e-01
-9.24606250e-08,1.80551469e-01
-9.24206250e-08,1.80543312e-01
-9.23806250e-08,1.80659313e-01
-9.23406250e-08,1.80836031e-01
-9.23006250e-08,1.80755375e-01
-9.22606250e-08,1.80814281e-01
-9.22206250e-08,1.80765344e-01
-9.21806250e-08,1.80807937e-01
-9.21406250e-08,1.80769875e-01
-9.21006250e-08,1.80805219e-01
-9.20606250e-08,1.80772594e-01
-9.20206250e-08,1.80802500e-01
-9.19806250e-08,1.80773500e-01
-9.19406250e-08,1.80801594e-01
-9.19006250e-08,1.80775313e-01
-9.18606250e-08,1.80800688e-01
-9.18206250e-08,1.80776219e-01
-9.17806250e-08,1.80799781e-01
-9.17406250e-08,1.80776219e-01
-9.17006250e-08,1.80799781e-01
-9.16606250e-08,1.80776219e-01
-9.16206250e-08,1.80799781e-01
-9.15806250e-08,1.80776219e-01
-9.15406250e-08,1.80800688e-01
-9.15006250e-08,1.80774406e-01
-9.14606250e-08,1.80804313e-01
-9.14206250e-08,1.80767156e-01
-9.13806250e-08,1.80822437e-01
-9.13406250e-08,1.80665656e-01
-9.13006250e-08,1.80525187e-01
-9.12606250e-08,1.80575031e-01
-9.12206250e-08,1.80540594e-01
-9.11806250e-08,1.80572312e-01
-9.11406250e-08,1.80536063e-01
-9.11006250e-08,1.80590438e-01
-9.10606250e-08,1.80432750e-01
-9.10206250e-08,1.80295000e-01
-9.09806250e-08,1.80337594e-01
-9.09406250e-08,1.80317656e-01
-9.09006250e-08,1.80322188e-01
-9.08606250e-08,1.80341219e-01
-9.08206250e-08,1.80217969e-01
-9.07806250e-08,1.80044875e-01
-9.07406250e-08,1.80127344e-01
-9.07006250e-08,1.80057562e-01
-9.06606250e-08,1.80136406e-01
-9.06206250e-08,1.79961500e-01
-9.05806250e-08,1.79835531e-01
-9.05406250e-08,1.79874500e-01
-9.05006250e-08,1.79845500e-01
-9.04606250e-08,1.79886281e-01
-9.04206250e-08,1.79746719e-01
-9.03806250e-08,1.79587219e-01
-9.03406250e-08,1.79658812e-01
-9.03006250e-08,1.79598094e-01
-9.02606250e-08,1.79669688e-01
-9.02206250e-08,1.79500219e-01
-9.01806250e-08,1.79368813e-01
-9.01406250e-08,1.79413219e-01
-9.01006250e-08,1.79378781e-01
-9.00606250e-08,1.79425000e-01
-9.00206250e-08,1.79280000e-01
-8.99806250e-08,1.79126844e-01
-8.99406250e-08,1.79188469e-01
-8.99006250e-08,1.79144063e-01
-8.98606250e-08,1.79183031e-01
-8.98206250e-08,1.79144969e-01
-8.97806250e-08,1.79184844e-01
-8.97406250e-08,1.79138625e-01
-8.97006250e-08,1.79202969e-01
-8.96606250e-08,1.79036219e-01
-8.96206250e-08,1.78906625e-01
-8.95806250e-08,1.78943781e-01
-8.95406250e-08,1.78924750e-01
-8.95006250e-08,1.78936531e-01
-8.94606250e-08,1.78928375e-01
-8.94206250e-08,1.78934719e-01
-8.93806250e-08,1.78929281e-01
-8.93406250e-08,1.78934719e-01
-8.93006250e-08,1.78928375e-01
-8.92606250e-08,1.78936531e-01
-8.92206250e-08,1.78924750e-01
-8.91806250e-08,1.78944688e-01
-8.91406250e-08,1.78905719e-01
-8.91006250e-08,1.79047094e-01
-8.90606250e-08,1.79201156e-01
-8.90206250e-08,1.79140437e-01
-8.89806250e-08,1.79183031e-01
-8.89406250e-08,1.79147687e-01
-8.89006250e-08,1.79179406e-01
-8.88606250e-08,1.79149500e-01
-8.88206250e-08,1.79178500e-01
-8.87806250e-08,1.79148594e-01
-8.87406250e-08,1.79180312e-01
-8.87006250e-08,1.79144969e-01
-8.86606250e-08,1.79188469e-01
-8.86206250e-08,1.79125031e-01
-8.85806250e-08,1.79291781e-01
-8.85406250e-08,1.79421375e-01
-8.85006250e-08,1.79385125e-01
-8.84606250e-08,1.79402344e-01
-8.84206250e-08,1.79393281e-01
-8.83806250e-08,1.79397813e-01
-8.83406250e-08,1.79396000e-01
-8.83006250e-08,1.79396000e-01
-8.82606250e-08,1.79396906e-01
-8.82206250e-08,1.79394187e-01
-8.81806250e-08,1.79397813e-01
-8.81406250e-08,1.79394187e-01
-8.81006250e-08,1.79398719e-01
-8.80606250e-08,1.79393281e-01
-8.80206250e-08,1.79398719e-01
-8.79806250e-08,1.79392375e-01
-8.79406250e-08,1.79399625e-01
-8.79006250e-08,1.79392375e-01
-8.78606250e-08,1.79399625e-01
-8.78206250e-08,1.79391469e-01
-8.77806250e-08,1.79400531e-01
-8.77406250e-08,1.79391469e-01
-8.77006250e-08,1.79401438e-01
-8.76606250e-08,1.79389656e-01
-8.76206250e-08,1.79402344e-01
-8.75806250e-08,1.79387844e-01
-8.75406250e-08,1.79405969e-01
-8.75006250e-08,1.79383313e-01
-8.74606250e-08,1.79414125e-01
-8.74206250e-08,1.79364281e-01
-8.73806250e-08,1.79516531e-01
-8.73406250e-08,1.79659719e-01
-8.73006250e-08,1.79609875e-01
-8.72606250e-08,1.79640688e-01
-8.72206250e-08,1.79617125e-01
-8.71806250e-08,1.79637062e-01
-8.71406250e-08,1.79618937e-01
-8.71006250e-08,1.79637062e-01
-8.70606250e-08,1.79618031e-01
-8.70206250e-08,1.79638875e-01
-8.69806250e-08,1.79614406e-01
-8.69406250e-08,1.79647031e-01
-8.69006250e-08,1.79594469e-01
-8.68606250e-08,1.79750344e-01
-8.68206250e-08,1.79889000e-01
-8.67806250e-08,1.79844594e-01
-8.67406250e-08,1.79869063e-01
-8.67006250e-08,1.79855469e-01
-8.66606250e-08,1.79860000e-01
-8.66206250e-08,1.79866344e-01
-8.65806250e-08,1.79839156e-01
-8.65406250e-08,1.79969656e-01
-8.65006250e-08,1.80134594e-01
-8.64606250e-08,1.80063000e-01
-8.64206250e-08,1.80116469e-01
-8.63806250e-08,1.80069344e-01
-8.63406250e-08,1.80114656e-01
-8.63006250e-08,1.80067531e-01
-8.62606250e-08,1.80121906e-01
-8.62206250e-08,1.80048500e-01
-8.61806250e-08,1.80224313e-01
-8.61406250e-08,1.80343937e-01
-8.61006250e-08,1.80318563e-01
-8.60606250e-08,1.80323094e-01
-8.60206250e-08,1.80329437e-01
-8.59806250e-08,1.80314937e-01
-8.59406250e-08,1.80339406e-01
-8.59006250e-08,1.80293188e-01
-8.58606250e-08,1.80443625e-01
-8.58206250e-08,1.80588625e-01
-8.57806250e-08,1.80537875e-01
-8.57406250e-08,1.80569594e-01
-8.57006250e-08,1.80545125e-01
-8.56606250e-08,1.80565969e-01
-8.56206250e-08,1.80546031e-01
-8.55806250e-08,1.80565969e-01
-8.55406250e-08,1.80543312e-01
-8.55006250e-08,1.80573219e-01
-8.54606250e-08,1.80525187e-01
-8.54206250e-08,1.80675625e-01
-8.53806250e-08,1.80820625e-01
-8.53406250e-08,1.80768062e-01
-8.53006250e-08,1.80802500e-01
-8.52606250e-08,1.80776219e-01
-8.52206250e-08,1.80798875e-01
-8.51806250e-08,1.80778031e-01
-8.51406250e-08,1.80797062e-01
-8.51006250e-08,1.80778937e-01
-8.50606250e-08,1.80797062e-01
-8.50206250e-08,1.80778937e-01
-8.49806250e-08,1.80797062e-01
-8.49406250e-08,1.80778031e-01
-8.49006250e-08,1.80797969e-01
-8.48606250e-08,1.80777125e-01
-8.48206250e-08,1.80799781e-01
-8.47806250e-08,1.80774406e-01
-8.47406250e-08,1.80804313e-01
-8.47006250e-08,1.80765344e-01
-8.46606250e-08,1.80824250e-01
-8.46206250e-08,1.80662938e-01
-8.45806250e-08,1.80528812e-01
-8.45406250e-08,1.80570500e-01
-8.45006250e-08,1.80546031e-01
-8.44606250e-08,1.80565062e-01
-8.44206250e-08,1.80544219e-01
-8.43806250e-08,1.80579562e-01
-8.43406250e-08,1.80446344e-01
-8.43006250e-08,1.80278688e-01
-8.42606250e-08,1.80360250e-01
-8.42206250e-08,1.80285937e-01
-8.41806250e-08,1.80375656e-01
-8.41406250e-08,1.80182625e-01
-8.41006250e-08,1.80083844e-01
-8.40606250e-08,1.80080219e-01
-8.40206250e-08,1.80124625e-01
-8.39806250e-08,1.79965125e-01
-8.39406250e-08,1.79839156e-01
-8.39006250e-08,1.79860000e-01
-8.38606250e-08,1.79881750e-01
-8.38206250e-08,1.79744000e-01
-8.37806250e-08,1.79596281e-01
-8.37406250e-08,1.79638875e-01
-8.37006250e-08,1.79637062e-01
-8.36606250e-08,1.79527406e-01
-8.36206250e-08,1.79345250e-01
-8.35806250e-08,1.79433156e-01
-8.35406250e-08,1.79360656e-01
-8.35006250e-08,1.79441313e-01
-8.34606250e-08,1.79265500e-01
-8.34206250e-08,1.79138625e-01
-8.33806250e-08,1.79179406e-01
-8.33406250e-08,1.79146781e-01
-8.33006250e-08,1.79193000e-01
-8.32606250e-08,1.79047094e-01
-8.32206250e-08,1.78895750e-01
-8.31806250e-08,1.78954656e-01
-8.31406250e-08,1.78914781e-01
-8.31006250e-08,1.78946500e-01
-8.30606250e-08,1.78919313e-01
-8.30206250e-08,1.78943781e-01
-8.29806250e-08,1.78920219e-01
-8.29406250e-08,1.78942875e-01
-8.29006250e-08,1.78921125e-01
-8.28606250e-08,1.78942875e-01
-8.28206250e-08,1.78921125e-01
-8.27806250e-08,1.78942875e-01
-8.27406250e-08,1.78921125e-01
-8.27006250e-08,1.78942875e-01
-8.26606250e-08,1.78920219e-01
-8.26206250e-08,1.78944688e-01
-8.25806250e-08,1.78918406e-01
-8.25406250e-08,1.78947406e-01
-8.25006250e-08,1.78913875e-01
-8.24606250e-08,1.78956469e-01
-8.24206250e-08,1.78893031e-01
-8.23806250e-08,1.79059781e-01
-8.23406250e-08,1.79187563e-01
-8.23006250e-08,1.79154031e-01
-8.22606250e-08,1.79167625e-01
-8.22206250e-08,1.79164000e-01
-8.21806250e-08,1.79161281e-01
-8.21406250e-08,1.79170344e-01
-8.21006250e-08,1.79154031e-01
-8.20606250e-08,1.79179406e-01
-8.20206250e-08,1.79133187e-01
-8.19806250e-08,1.79283625e-01
-8.19406250e-08,1.79427719e-01
-8.19006250e-08,1.79377875e-01
-8.18606250e-08,1.79407781e-01
-8.18206250e-08,1.79386938e-01
-8.17806250e-08,1.79403250e-01
-8.17406250e-08,1.79390562e-01
-8.17006250e-08,1.79400531e-01
-8.16606250e-08,1.79392375e-01
-8.16206250e-08,1.79398719e-01
-8.15806250e-08,1.79393281e-01
-8.15406250e-08,1.79397813e-01
-8.15006250e-08,1.79395094e-01
-8.14606250e-08,1.79396906e-01
-8.14206250e-08,1.79396000e-01
-8.13806250e-08,1.79395094e-01
-8.13406250e-08,1.79397813e-01
-8.13006250e-08,1.79393281e-01
-8.12606250e-08,1.79399625e-01
-8.12206250e-08,1.79390562e-01
-8.11806250e-08,1.79404156e-01
-8.11406250e-08,1.79381500e-01
-8.11006250e-08,1.79424094e-01
-8.10606250e-08,1.79279094e-01
-8.10206250e-08,1.79128656e-01
-8.09806250e-08,1.79185750e-01
-8.09406250e-08,1.79147687e-01
-8.09006250e-08,1.79177594e-01
-8.08606250e-08,1.79152219e-01
-8.08206250e-08,1.79175781e-01
-8.07806250e-08,1.79153125e-01
-8.07406250e-08,1.79175781e-01
-8.07006250e-08,1.79151312e-01
-8.06606250e-08,1.79179406e-01
-8.06206250e-08,1.79144063e-01
-8.05806250e-08,1.79198438e-01
-8.05406250e-08,1.79041656e-01
-8.05006250e-08,1.78902094e-01
-8.04606250e-08,1.78949219e-01
-8.04206250e-08,1.78920219e-01
-8.03806250e-08,1.78941969e-01
-8.03406250e-08,1.78923844e-01
-8.03006250e-08,1.78940156e-01
-8.02606250e-08,1.78923844e-01
-8.02206250e-08,1.78940156e-01
-8.01806250e-08,1.78922937e-01
-8.01406250e-08,1.78942875e-01
-8.01006250e-08,1.78918406e-01
-8.00606250e-08,1.78951937e-01
-8.00206250e-08,1.78897562e-01
-7.99806250e-08,1.79055250e-01
-7.99406250e-08,1.79193000e-01
-7.99006250e-08,1.79149500e-01
-7.98606250e-08,1.79172156e-01
-7.98206250e-08,1.79159469e-01
-7.97806250e-08,1.79165812e-01
-7.97406250e-08,1.79164906e-01
-7.97006250e-08,1.79158563e-01
-7.96606250e-08,1.79175781e-01
-7.96206250e-08,1.79136812e-01
-7.95806250e-08,1.79280906e-01
-7.95406250e-08,1.79430437e-01
-7.95006250e-08,1.79376969e-01
-7.94606250e-08,1.79407781e-01
-7.94206250e-08,1.79392375e-01
-7.93806250e-08,1.79384219e-01
-7.93406250e-08,1.79496594e-01
-7.93006250e-08,1.79681469e-01
-7.92606250e-08,1.79586313e-01
-7.92206250e-08,1.79670594e-01
-7.91806250e-08,1.79573625e-01
-7.91406250e-08,1.79770281e-01
-7.91006250e-08,1.79868156e-01
-7.90606250e-08,1.79869063e-01
-7.90206250e-08,1.79832812e-01
-7.89806250e-08,1.79977813e-01
-7.89406250e-08,1.80126437e-01
-7.89006250e-08,1.80069344e-01
-7.88606250e-08,1.80113750e-01
-7.88206250e-08,1.80059375e-01
-7.87806250e-08,1.80210719e-01
-7.87406250e-08,1.80360250e-01
-7.87006250e-08,1.80297719e-01
-7.86606250e-08,1.80351188e-01
-7.86206250e-08,1.80285031e-01
-7.85806250e-08,1.80449969e-01
-7.85406250e-08,1.80584094e-01
-7.85006250e-08,1.80539687e-01
-7.84606250e-08,1.80568687e-01
-7.84206250e-08,1.80543312e-01
-7.83806250e-08,1.80573219e-01
-7.83406250e-08,1.80526094e-01
-7.83006250e-08,1.80673813e-01
-7.82606250e-08,1.80822437e-01
-7.82206250e-08,1.80766250e-01
-7.81806250e-08,1.80804313e-01
-7.81406250e-08,1.80774406e-01
-7.81006250e-08,1.80800688e-01
-7.80606250e-08,1.80776219e-01
-7.80206250e-08,1.80799781e-01
-7.79806250e-08,1.80777125e-01
-7.79406250e-08,1.80798875e-01
-7.79006250e-08,1.80777125e-01
-7.78606250e-08,1.80798875e-01
-7.78206250e-08,1.80776219e-01
-7.77806250e-08,1.80799781e-01
-7.77406250e-08,1.80775313e-01
-7.77006250e-08,1.80801594e-01
-7.76606250e-08,1.80773500e-01
-7.76206250e-08,1.80803406e-01
-7.75806250e-08,1.80770781e-01
-7.75406250e-08,1.80808844e-01
-7.75006250e-08,1.80761719e-01
-7.74606250e-08,1.80829688e-01
-7.74206250e-08,1.80657500e-01
-7.73806250e-08,1.80535156e-01
-7.73406250e-08,1.80562344e-01
-7.73006250e-08,1.80556000e-01
-7.72606250e-08,1.80552375e-01
-7.72206250e-08,1.80563250e-01
-7.71806250e-08,1.80546031e-01
-7.71406250e-08,1.80570500e-01
-7.71006250e-08,1.80535156e-01
-7.70606250e-08,1.80592250e-01
-7.70206250e-08,1.80430937e-01
-7.69806250e-08,1.80298625e-01
-7.69406250e-08,1.80334875e-01
-7.69006250e-08,1.80319469e-01
-7.68606250e-08,1.80324906e-01
-7.68206250e-08,1.80326719e-01
-7.67806250e-08,1.80317656e-01
-7.67406250e-08,1.80333969e-01
-7.67006250e-08,1.80307688e-01
-7.66606250e-08,1.80355719e-01
-7.66206250e-08,1.80202562e-01
-7.65806250e-08,1.80062094e-01
-7.65406250e-08,1.80107406e-01
-7.65006250e-08,1.80082031e-01
-7.64606250e-08,1.80098344e-01
-7.64206250e-08,1.80088375e-01
-7.63806250e-08,1.80093813e-01
-7.63406250e-08,1.80091094e-01
-7.63006250e-08,1.80091094e-01
-7.62606250e-08,1.80093813e-01
-7.62206250e-08,1.80088375e-01
-7.61806250e-08,1.80096531e-01
-7.61406250e-08,1.80085656e-01
-7.61006250e-08,1.80101062e-01
-7.60606250e-08,1.80080219e-01
-7.60206250e-08,1.80107406e-01
-7.59806250e-08,1.80069344e-01
-7.59406250e-08,1.80130969e-01
-7.59006250e-08,1.79960594e-01
-7.58606250e-08,1.79844594e-01
-7.58206250e-08,1.79846406e-01
-7.57806250e-08,1.79967844e-01
-7.57406250e-08,1.80132781e-01
-7.57006250e-08,1.80066625e-01
-7.56606250e-08,1.80110125e-01
-7.56206250e-08,1.80077500e-01
-7.55806250e-08,1.80103781e-01
-7.55406250e-08,1.80082031e-01
-7.55006250e-08,1.80100156e-01
-7.54606250e-08,1.80084750e-01
-7.54206250e-08,1.80097437e-01
-7.53806250e-08,1.80087469e-01
-7.53406250e-08,1.80095625e-01
-7.53006250e-08,1.80089281e-01
-7.52606250e-08,1.80093813e-01
-7.52206250e-08,1.80092000e-01
-7.51806250e-08,1.80091094e-01
-7.51406250e-08,1.80095625e-01
-7.51006250e-08,1.80085656e-01
-7.50606250e-08,1.80104687e-01
-7.50206250e-08,1.80064813e-01
-7.49806250e-08,1.80208000e-01
-7.49406250e-08,1.80360250e-01
-7.49006250e-08,1.80302250e-01
-7.48606250e-08,1.80340312e-01
-7.48206250e-08,1.80310406e-01
-7.47806250e-08,1.80334875e-01
-7.47406250e-08,1.80314031e-01
-7.47006250e-08,1.80333063e-01
-7.46606250e-08,1.80315844e-01
-7.46206250e-08,1.80331250e-01
-7.45806250e-08,1.80316750e-01
-7.45406250e-08,1.80330344e-01
-7.45006250e-08,1.80317656e-01
-7.44606250e-08,1.80329437e-01
-7.44206250e-08,1.80318563e-01
-7.43806250e-08,1.80329437e-01
-7.43406250e-08,1.80318563e-01
-7.43006250e-08,1.80328531e-01
-7.42606250e-08,1.80319469e-01
-7.42206250e-08,1.80328531e-01
-7.41806250e-08,1.80319469e-01
-7.41406250e-08,1.80327625e-01
-7.41006250e-08,1.80320375e-01
-7.40606250e-08,1.80327625e-01
-7.40206250e-08,1.80320375e-01
-7.39806250e-08,1.80327625e-01
-7.39406250e-08,1.80320375e-01
-7.39006250e-08,1.80326719e-01
-7.38606250e-08,1.80321281e-01
-7.38206250e-08,1.80326719e-01
-7.37806250e-08,1.80321281e-01
-7.37406250e-08,1.80326719e-01
-7.37006250e-08,1.80321281e-01
-7.36606250e-08,1.80325812e-01
-7.36206250e-08,1.80322188e-01
-7.35806250e-08,1.80325812e-01
-7.35406250e-08,1.80322188e-01
-7.35006250e-08,1.80325812e-01
-7.34606250e-08,1.80322188e-01
-7.34206250e-08,1.80324906e-01
-7.33806250e-08,1.80323094e-01
-7.33406250e-08,1.80324906e-01
-7.33006250e-08,1.80324000e-01
-7.32606250e-08,1.80324000e-01
-7.32206250e-08,1.80324000e-01
-7.31806250e-08,1.80323094e-01
-7.31406250e-08,1.80325812e-01
-7.31006250e-08,1.80321281e-01
-7.30606250e-08,1.80327625e-01
-7.30206250e-08,1.80318563e-01
-7.29806250e-08,1.80332156e-01
-7.29406250e-08,1.80309500e-01
-7.29006250e-08,1.80352094e-01
-7.28606250e-08,1.80207094e-01
-7.28206250e-08,1.80057562e-01
-7.27806250e-08,1.80112844e-01
-7.27406250e-08,1.80076594e-01
-7.27006250e-08,1.80104687e-01
-7.26606250e-08,1.80081125e-01
-7.26206250e-08,1.80101969e-01
-7.25806250e-08,1.80082937e-01
-7.25406250e-08,1.80100156e-01
-7.25006250e-08,1.80083844e-01
-7.24606250e-08,1.80099250e-01
-7.24206250e-08,1.80084750e-01
-7.23806250e-08,1.80099250e-01
-7.23406250e-08,1.80085656e-01
-7.23006250e-08,1.80098344e-01
-7.22606250e-08,1.80085656e-01
-7.22206250e-08,1.80098344e-01
-7.21806250e-08,1.80085656e-01
-7.21406250e-08,1.80098344e-01
-7.21006250e-08,1.80085656e-01
-7.20606250e-08,1.80098344e-01
-7.20206250e-08,1.80085656e-01
-7.19806250e-08,1.80098344e-01
-7.19406250e-08,1.80085656e-01
-7.19006250e-08,1.80099250e-01
-7.18606250e-08,1.80084750e-01
-7.18206250e-08,1.80099250e-01
-7.17806250e-08,1.80083844e-01
-7.17406250e-08,1.80100156e-01
-7.17006250e-08,1.80082937e-01
-7.16606250e-08,1.80101969e-01
-7.16206250e-08,1.80080219e-01
-7.15806250e-08,1.80107406e-01
-7.15406250e-08,1.80071156e-01
-7.15006250e-08,1.80127344e-01
-7.14606250e-08,1.79967844e-01
-7.14206250e-08,1.79831906e-01
-7.13806250e-08,1.79874500e-01
-7.13406250e-08,1.79850938e-01
-7.13006250e-08,1.79866344e-01
-7.12606250e-08,1.79855469e-01
-7.12206250e-08,1.79863625e-01
-7.11806250e-08,1.79857281e-01
-7.11406250e-08,1.79861812e-01
-7.11006250e-08,1.79858187e-01
-7.10606250e-08,1.79860906e-01
-7.10206250e-08,1.79859094e-01
-7.09806250e-08,1.79860906e-01
-7.09406250e-08,1.79859094e-01
-7.09006250e-08,1.79860906e-01
-7.08606250e-08,1.79859094e-01
-7.08206250e-08,1.79860906e-01
-7.07806250e-08,1.79859094e-01
-7.07406250e-08,1.79860906e-01
-7.07006250e-08,1.79859094e-01
-7.06606250e-08,1.79860906e-01
-7.06206250e-08,1.79858187e-01
-7.05806250e-08,1.79861812e-01
-7.05406250e-08,1.79857281e-01
-7.05006250e-08,1.79864531e-01
-7.04606250e-08,1.79852750e-01
-7.04206250e-08,1.79872687e-01
-7.03806250e-08,1.79833719e-01
-7.03406250e-08,1.79974187e-01
-7.03006250e-08,1.80130062e-01
-7.02606250e-08,1.80066625e-01
-7.02206250e-08,1.80112844e-01
-7.01806250e-08,1.80072969e-01
-7.01406250e-08,1.80111937e-01
-7.01006250e-08,1.80070250e-01
-7.00606250e-08,1.80119187e-01
-7.00206250e-08,1.80051219e-01
-6.99806250e-08,1.80221594e-01
-6.99406250e-08,1.80345750e-01
-6.99006250e-08,1.80316750e-01
-6.98606250e-08,1.80324906e-01
-6.98206250e-08,1.80327625e-01
-6.97806250e-08,1.80315844e-01
-6.97406250e-08,1.80338500e-01
-6.97006250e-08,1.80294094e-01
-6.96606250e-08,1.80443625e-01
-6.96206250e-08,1.80588625e-01
-6.95806250e-08,1.80537875e-01
-6.95406250e-08,1.80567781e-01
-6.95006250e-08,1.80546938e-01
-6.94606250e-08,1.80562344e-01
-6.94206250e-08,1.80551469e-01
-6.93806250e-08,1.80558719e-01
-6.93406250e-08,1.80555094e-01
-6.93006250e-08,1.80553281e-01
-6.92606250e-08,1.80564156e-01
-6.92206250e-08,1.80534250e-01
-6.91806250e-08,1.80665656e-01
-6.91406250e-08,1.80831500e-01
-6.91006250e-08,1.80757187e-01
-6.90606250e-08,1.80816094e-01
-6.90206250e-08,1.80757187e-01
-6.89806250e-08,1.80832406e-01
-6.89406250e-08,1.80656594e-01
-6.89006250e-08,1.80535156e-01
-6.88606250e-08,1.80563250e-01
-6.88206250e-08,1.80554187e-01
-6.87806250e-08,1.80555094e-01
-6.87406250e-08,1.80558719e-01
-6.87006250e-08,1.80551469e-01
-6.86606250e-08,1.80562344e-01
-6.86206250e-08,1.80546938e-01
-6.85806250e-08,1.80567781e-01
-6.85406250e-08,1.80537875e-01
-6.85006250e-08,1.80588625e-01
-6.84606250e-08,1.80433656e-01
-6.84206250e-08,1.80295000e-01
-6.83806250e-08,1.80338500e-01
-6.83406250e-08,1.80315844e-01
-6.83006250e-08,1.80327625e-01
-6.82606250e-08,1.80324906e-01
-6.82206250e-08,1.80316750e-01
-6.81806250e-08,1.80346656e-01
-6.81406250e-08,1.80212531e-01
-6.81006250e-08,1.80051219e-01
-6.80606250e-08,1.80119187e-01
-6.80206250e-08,1.80070250e-01
-6.79806250e-08,1.80111937e-01
-6.79406250e-08,1.80072062e-01
-6.79006250e-08,1.80112844e-01
-6.78606250e-08,1.80066625e-01
-6.78206250e-08,1.80130969e-01
-6.77806250e-08,1.79964219e-01
-6.77406250e-08,1.79834625e-01
-6.77006250e-08,1.79871781e-01
-6.76606250e-08,1.79852750e-01
-6.76206250e-08,1.79865438e-01
-6.75806250e-08,1.79856375e-01
-6.75406250e-08,1.79863625e-01
-6.75006250e-08,1.79856375e-01
-6.74606250e-08,1.79865438e-01
-6.74206250e-08,1.79852750e-01
-6.73806250e-08,1.79871781e-01
-6.73406250e-08,1.79833719e-01
-6.73006250e-08,1.79974187e-01
-6.72606250e-08,1.80130969e-01
-6.72206250e-08,1.80065719e-01
-6.71806250e-08,1.80113750e-01
-6.71406250e-08,1.80072062e-01
-6.71006250e-08,1.80112844e-01
-6.70606250e-08,1.80069344e-01
-6.70206250e-08,1.80120094e-01
-6.69806250e-08,1.80049406e-01
-6.69406250e-08,1.80223406e-01
-6.69006250e-08,1.80343937e-01
-6.68606250e-08,1.80319469e-01
-6.68206250e-08,1.80321281e-01
-6.67806250e-08,1.80334875e-01
-6.67406250e-08,1.80296812e-01
-6.67006250e-08,1.80440000e-01
-6.66606250e-08,1.80592250e-01
-6.66206250e-08,1.80533344e-01
-6.65806250e-08,1.80574125e-01
-6.65406250e-08,1.80538781e-01
-6.65006250e-08,1.80576844e-01
-6.64606250e-08,1.80522469e-01
-6.64206250e-08,1.80676531e-01
-6.63806250e-08,1.80820625e-01
-6.63406250e-08,1.80768062e-01
-6.63006250e-08,1.80804313e-01
-6.62606250e-08,1.80772594e-01
-6.62206250e-08,1.80803406e-01
-6.61806250e-08,1.80769875e-01
-6.61406250e-08,1.80810656e-01
-6.61006250e-08,1.80750844e-01
-6.60606250e-08,1.80913969e-01
-6.60206250e-08,1.81046281e-01
-6.59806250e-08,1.81007312e-01
-6.59406250e-08,1.81027250e-01
-6.59006250e-08,1.81016375e-01
-6.58606250e-08,1.81021812e-01
-6.58206250e-08,1.81020000e-01
-6.57806250e-08,1.81019094e-01
-6.57406250e-08,1.81021812e-01
-6.57006250e-08,1.81016375e-01
-6.56606250e-08,1.81024531e-01
-6.56206250e-08,1.81014563e-01
-6.55806250e-08,1.81027250e-01
-6.55406250e-08,1.81010031e-01
-6.55006250e-08,1.81032688e-01
-6.54606250e-08,1.81000969e-01
-6.54206250e-08,1.81054437e-01
-6.53806250e-08,1.80896750e-01
-6.53406250e-08,1.80759906e-01
-6.53006250e-08,1.80801594e-01
-6.52606250e-08,1.80780750e-01
-6.52206250e-08,1.80790719e-01
-6.51806250e-08,1.80788906e-01
-6.51406250e-08,1.80784375e-01
-6.51006250e-08,1.80796156e-01
-6.50606250e-08,1.80772594e-01
-6.50206250e-08,1.80818813e-01
-6.49806250e-08,1.80667469e-01
-6.49406250e-08,1.80526094e-01
-6.49006250e-08,1.80569594e-01
-6.48606250e-08,1.80551469e-01
-6.48206250e-08,1.80551469e-01
-6.47806250e-08,1.80576844e-01
-6.47406250e-08,1.80444531e-01
-6.47006250e-08,1.80285937e-01
-6.46606250e-08,1.80346656e-01
-6.46206250e-08,1.80310406e-01
-6.45806250e-08,1.80329437e-01
-6.45406250e-08,1.80334875e-01
-6.45006250e-08,1.80223406e-01
-6.44606250e-08,1.80040344e-01
-6.44206250e-08,1.80130062e-01
-6.43806250e-08,1.80057562e-01
-6.43406250e-08,1.80126437e-01
-6.43006250e-08,1.80053938e-01
-6.42606250e-08,1.80142750e-01
-6.42206250e-08,1.79953344e-01
-6.41806250e-08,1.79846406e-01
-6.41406250e-08,1.79859094e-01
-6.41006250e-08,1.79866344e-01
-6.40606250e-08,1.79849125e-01
-6.40206250e-08,1.79874500e-01
-6.39806250e-08,1.79839156e-01
-6.39406250e-08,1.79896250e-01
-6.39006250e-08,1.79734937e-01
-6.38606250e-08,1.79601719e-01
-6.38206250e-08,1.79640688e-01
-6.37806250e-08,1.79620750e-01
-6.37406250e-08,1.79631625e-01
-6.37006250e-08,1.79626188e-01
-6.36606250e-08,1.79628906e-01
-6.36206250e-08,1.79628000e-01
-6.35806250e-08,1.79627094e-01
-6.35406250e-08,1.79628906e-01
-6.35006250e-08,1.79626188e-01
-6.34606250e-08,1.79629812e-01
-6.34206250e-08,1.79625281e-01
-6.33806250e-08,1.79630719e-01
-6.33406250e-08,1.79625281e-01
-6.33006250e-08,1.79631625e-01
-6.32606250e-08,1.79624375e-01
-6.32206250e-08,1.79631625e-01
-6.31806250e-08,1.79623469e-01
-6.31406250e-08,1.79632531e-01
-6.31006250e-08,1.79623469e-01
-6.30606250e-08,1.79633437e-01
-6.30206250e-08,1.79622562e-01
-6.29806250e-08,1.79633437e-01
-6.29406250e-08,1.79621656e-01
-6.29006250e-08,1.79635250e-01
-6.28606250e-08,1.79620750e-01
-6.28206250e-08,1.79636156e-01
-6.27806250e-08,1.79618031e-01
-6.27406250e-08,1.79639781e-01
-6.27006250e-08,1.79613500e-01
-6.26606250e-08,1.79647937e-01
-6.26206250e-08,1.79593562e-01
-6.25806250e-08,1.79751250e-01
-6.25406250e-08,1.79888094e-01
-6.25006250e-08,1.79845500e-01
-6.24606250e-08,1.79869063e-01
-6.24206250e-08,1.79853656e-01
-6.23806250e-08,1.79864531e-01
-6.23406250e-08,1.79857281e-01
-6.23006250e-08,1.79861812e-01
-6.22606250e-08,1.79859094e-01
-6.22206250e-08,1.79860000e-01
-6.21806250e-08,1.79860000e-01
-6.21406250e-08,1.79859094e-01
-6.21006250e-08,1.79860906e-01
-6.20606250e-08,1.79858187e-01
-6.20206250e-08,1.79861812e-01
-6.19806250e-08,1.79857281e-01
-6.19406250e-08,1.79863625e-01
-6.19006250e-08,1.79856375e-01
-6.18606250e-08,1.79864531e-01
-6.18206250e-08,1.79854563e-01
-6.17806250e-08,1.79867250e-01
-6.17406250e-08,1.79850938e-01
-6.17006250e-08,1.79871781e-01
-6.16606250e-08,1.79842781e-01
-6.16206250e-08,1.79891719e-01
-6.15806250e-08,1.79738563e-01
-6.15406250e-08,1.79597188e-01
-6.15006250e-08,1.79645219e-01
-6.14606250e-08,1.79616219e-01
-6.14206250e-08,1.79637062e-01
-6.13806250e-08,1.79620750e-01
-6.13406250e-08,1.79633437e-01
-6.13006250e-08,1.79623469e-01
-6.12606250e-08,1.79631625e-01
-6.12206250e-08,1.79624375e-01
-6.11806250e-08,1.79630719e-01
-6.11406250e-08,1.79625281e-01
-6.11006250e-08,1.79629812e-01
-6.10606250e-08,1.79626188e-01
-6.10206250e-08,1.79629812e-01
-6.09806250e-08,1.79627094e-01
-6.09406250e-08,1.79628906e-01
-6.09006250e-08,1.79627094e-01
-6.08606250e-08,1.79628906e-01
-6.08206250e-08,1.79628000e-01
-6.07806250e-08,1.79628000e-01
-6.07406250e-08,1.79628000e-01
-6.07006250e-08,1.79628000e-01
-6.06606250e-08,1.79628000e-01
-6.06206250e-08,1.79627094e-01
-6.05806250e-08,1.79628906e-01
-6.05406250e-08,1.79627094e-01
-6.05006250e-08,1.79629812e-01
-6.04606250e-08,1.79626188e-01
-6.04206250e-08,1.79630719e-01
-6.03806250e-08,1.79625281e-01
-6.03406250e-08,1.79631625e-01
-6.03006250e-08,1.79623469e-01
-6.02606250e-08,1.79633437e-01
-6.02206250e-08,1.79620750e-01
-6.01806250e-08,1.79637969e-01
-6.01406250e-08,1.79611688e-01
-6.01006250e-08,1.79657906e-01
-6.00606250e-08,1.79509281e-01
-6.00206250e-08,1.79362469e-01
-5.99806250e-08,1.79415031e-01
-5.99406250e-08,1.79382406e-01
-5.99006250e-08,1.79406875e-01
-5.98606250e-08,1.79386938e-01
-5.98206250e-08,1.79404156e-01
-5.97806250e-08,1.79387844e-01
-5.97406250e-08,1.79403250e-01
-5.97006250e-08,1.79388750e-01
-5.96606250e-08,1.79403250e-01
-5.96206250e-08,1.79388750e-01
-5.95806250e-08,1.79404156e-01
-5.95406250e-08,1.79386031e-01
-5.95006250e-08,1.79407781e-01
-5.94606250e-08,1.79378781e-01
-5.94206250e-08,1.79426813e-01
-5.93806250e-08,1.79277281e-01
-5.93406250e-08,1.79128656e-01
-5.93006250e-08,1.79186656e-01
-5.92606250e-08,1.79143156e-01
-5.92206250e-08,1.79187563e-01
-5.91806250e-08,1.79127750e-01
-5.91406250e-08,1.79287250e-01
-5.91006250e-08,1.79425906e-01
-5.90606250e-08,1.79379687e-01
-5.90206250e-08,1.79407781e-01
-5.89806250e-08,1.79386938e-01
-5.89406250e-08,1.79404156e-01
-5.89006250e-08,1.79387844e-01
-5.88606250e-08,1.79403250e-01
-5.88206250e-08,1.79388750e-01
-5.87806250e-08,1.79404156e-01
-5.87406250e-08,1.79386938e-01
-5.87006250e-08,1.79406875e-01
-5.86606250e-08,1.79382406e-01
-5.86206250e-08,1.79415031e-01
-5.85806250e-08,1.79363375e-01
-5.85406250e-08,1.79517437e-01
-5.85006250e-08,1.79658812e-01
-5.84606250e-08,1.79610781e-01
-5.84206250e-08,1.79639781e-01
-5.83806250e-08,1.79618937e-01
-5.83406250e-08,1.79635250e-01
-5.83006250e-08,1.79621656e-01
-5.82606250e-08,1.79633437e-01
-5.82206250e-08,1.79623469e-01
-5.81806250e-08,1.79632531e-01
-5.81406250e-08,1.79623469e-01
-5.81006250e-08,1.79632531e-01
-5.80606250e-08,1.79624375e-01
-5.80206250e-08,1.79631625e-01
-5.79806250e-08,1.79624375e-01
-5.79406250e-08,1.79632531e-01
-5.79006250e-08,1.79623469e-01
-5.78606250e-08,1.79632531e-01
-5.78206250e-08,1.79623469e-01
-5.77806250e-08,1.79633437e-01
-5.77406250e-08,1.79622562e-01
-5.77006250e-08,1.79635250e-01
-5.76606250e-08,1.79619844e-01
-5.76206250e-08,1.79638875e-01
-5.75806250e-08,1.79611688e-01
-5.75406250e-08,1.79658812e-01
-5.75006250e-08,1.79509281e-01
-5.74606250e-08,1.79362469e-01
-5.74206250e-08,1.79416844e-01
-5.73806250e-08,1.79379687e-01
-5.73406250e-08,1.79410500e-01
-5.73006250e-08,1.79381500e-01
-5.72606250e-08,1.79412313e-01
-5.72206250e-08,1.79375156e-01
-5.71806250e-08,1.79430437e-01
-5.71406250e-08,1.79273656e-01
-5.71006250e-08,1.79134094e-01
-5.70606250e-08,1.79180312e-01
-5.70206250e-08,1.79153125e-01
-5.69806250e-08,1.79172156e-01
-5.69406250e-08,1.79156750e-01
-5.69006250e-08,1.79170344e-01
-5.68606250e-08,1.79158563e-01
-5.68206250e-08,1.79169438e-01
-5.67806250e-08,1.79159469e-01
-5.67406250e-08,1.79168531e-01
-5.67006250e-08,1.79159469e-01
-5.66606250e-08,1.79168531e-01
-5.66206250e-08,1.79159469e-01
-5.65806250e-08,1.79168531e-01
-5.65406250e-08,1.79160375e-01
-5.65006250e-08,1.79168531e-01
-5.64606250e-08,1.79159469e-01
-5.64206250e-08,1.79168531e-01
-5.63806250e-08,1.79159469e-01
-5.63406250e-08,1.79168531e-01
-5.63006250e-08,1.79159469e-01
-5.62606250e-08,1.79168531e-01
-5.62206250e-08,1.79159469e-01
-5.61806250e-08,1.79168531e-01
-5.61406250e-08,1.79158563e-01
-5.61006250e-08,1.79169438e-01
-5.60606250e-08,1.79158563e-01
-5.60206250e-08,1.79170344e-01
-5.59806250e-08,1.79157656e-01
-5.59406250e-08,1.79171250e-01
-5.59006250e-08,1.79156750e-01
-5.58606250e-08,1.79172156e-01
-5.58206250e-08,1.79154937e-01
-5.57806250e-08,1.79174875e-01
-5.57406250e-08,1.79151312e-01
-5.57006250e-08,1.79179406e-01
-5.56606250e-08,1.79143156e-01
-5.56206250e-08,1.79200250e-01
-5.55806250e-08,1.79038937e-01
-5.55406250e-08,1.78904813e-01
-5.55006250e-08,1.78944688e-01
-5.54606250e-08,1.78924750e-01
-5.54206250e-08,1.78936531e-01
-5.53806250e-08,1.78930188e-01
-5.53406250e-08,1.78932000e-01
-5.53006250e-08,1.78932906e-01
-5.52606250e-08,1.78930188e-01
-5.52206250e-08,1.78935625e-01
-5.51806250e-08,1.78927469e-01
-5.51406250e-08,1.78938344e-01
-5.51006250e-08,1.78922937e-01
-5.50606250e-08,1.78943781e-01
-5.50206250e-08,1.78913875e-01
-5.49806250e-08,1.78964625e-01
-5.49406250e-08,1.78809656e-01
-5.49006250e-08,1.78670094e-01
-5.48606250e-08,1.78715406e-01
-5.48206250e-08,1.78690938e-01
-5.47806250e-08,1.78705438e-01
-5.47406250e-08,1.78696375e-01
-5.47006250e-08,1.78700906e-01
-5.46606250e-08,1.78700906e-01
-5.46206250e-08,1.78697281e-01
-5.45806250e-08,1.78705438e-01
-5.45406250e-08,1.78690938e-01
-5.45006250e-08,1.78714500e-01
-5.44606250e-08,1.78670094e-01
-5.44206250e-08,1.78819625e-01
-5.43806250e-08,1.78964625e-01
-5.43406250e-08,1.78913875e-01
-5.43006250e-08,1.78943781e-01
-5.42606250e-08,1.78924750e-01
-5.42206250e-08,1.78936531e-01
-5.41806250e-08,1.78930188e-01
-5.41406250e-08,1.78930188e-01
-5.41006250e-08,1.78940156e-01
-5.40606250e-08,1.78909344e-01
-5.40206250e-08,1.79043469e-01
-5.39806250e-08,1.79204781e-01
-5.39406250e-08,1.79136812e-01
-5.39006250e-08,1.79187563e-01
-5.38606250e-08,1.79141344e-01
-5.38206250e-08,1.79189375e-01
-5.37806250e-08,1.79125937e-01
-5.37406250e-08,1.79289062e-01
-5.37006250e-08,1.79425000e-01
-5.36606250e-08,1.79378781e-01
-5.36206250e-08,1.79409594e-01
-5.35806250e-08,1.79381500e-01
-5.35406250e-08,1.79415031e-01
-5.35006250e-08,1.79363375e-01
-5.34606250e-08,1.79517437e-01
-5.34206250e-08,1.79658812e-01
-5.33806250e-08,1.79610781e-01
-5.33406250e-08,1.79638875e-01
-5.33006250e-08,1.79620750e-01
-5.32606250e-08,1.79632531e-01
-5.32206250e-08,1.79626188e-01
-5.31806250e-08,1.79626188e-01
-5.31406250e-08,1.79636156e-01
-5.31006250e-08,1.79605344e-01
-5.30606250e-08,1.79739469e-01
-5.30206250e-08,1.79899875e-01
-5.29806250e-08,1.79833719e-01
-5.29406250e-08,1.79880844e-01
-5.29006250e-08,1.79841875e-01
-5.28606250e-08,1.79876312e-01
-5.28206250e-08,1.79844594e-01
-5.27806250e-08,1.79874500e-01
-5.27406250e-08,1.79845500e-01
-5.27006250e-08,1.79874500e-01
-5.26606250e-08,1.79844594e-01
-5.26206250e-08,1.79875406e-01
-5.25806250e-08,1.79842781e-01
-5.25406250e-08,1.79879938e-01
-5.25006250e-08,1.79834625e-01
-5.24606250e-08,1.79899875e-01
-5.24206250e-08,1.79732219e-01
-5.23806250e-08,1.79603531e-01
-5.23406250e-08,1.79638875e-01
-5.23006250e-08,1.79622562e-01
-5.22606250e-08,1.79630719e-01
-5.22206250e-08,1.79627094e-01
-5.21806250e-08,1.79628000e-01
-5.21406250e-08,1.79628906e-01
-5.21006250e-08,1.79626188e-01
-5.20606250e-08,1.79629812e-01
-5.20206250e-08,1.79625281e-01
-5.19806250e-08,1.79630719e-01
-5.19406250e-08,1.79625281e-01
-5.19006250e-08,1.79630719e-01
-5.18606250e-08,1.79624375e-01
-5.18206250e-08,1.79631625e-01
-5.17806250e-08,1.79624375e-01
-5.17406250e-08,1.79631625e-01
-5.17006250e-08,1.79624375e-01
-5.16606250e-08,1.79631625e-01
-5.16206250e-08,1.79623469e-01
-5.15806250e-08,1.79632531e-01
-5.15406250e-08,1.79623469e-01
-5.15006250e-08,1.79632531e-01
-5.14606250e-08,1.79623469e-01
-5.14206250e-08,1.79632531e-01
-5.13806250e-08,1.79622562e-01
-5.13406250e-08,1.79633437e-01
-5.13006250e-08,1.79622562e-01
-5.12606250e-08,1.79633437e-01
-5.12206250e-08,1.79621656e-01
-5.11806250e-08,1.79634344e-01
-5.11406250e-08,1.79620750e-01
-5.11006250e-08,1.79635250e-01
-5.10606250e-08,1.79619844e-01
-5.10206250e-08,1.79637062e-01
-5.09806250e-08,1.79618031e-01
-5.09406250e-08,1.79639781e-01
-5.09006250e-08,1.79612594e-01
-5.08606250e-08,1.79648844e-01
-5.08206250e-08,1.79592656e-01
-5.07806250e-08,1.79752156e-01
-5.07406250e-08,1.79888094e-01
-5.07006250e-08,1.79846406e-01
-5.06606250e-08,1.79868156e-01
-5.06206250e-08,1.79854563e-01
-5.05806250e-08,1.79863625e-01
-5.05406250e-08,1.79858187e-01
-5.05006250e-08,1.79860906e-01
-5.04606250e-08,1.79860000e-01
-5.04206250e-08,1.79859094e-01
-5.03806250e-08,1.79860906e-01
-5.03406250e-08,1.79858187e-01
-5.03006250e-08,1.79862719e-01
-5.02606250e-08,1.79856375e-01
-5.02206250e-08,1.79864531e-01
-5.01806250e-08,1.79854563e-01
-5.01406250e-08,1.79868156e-01
-5.01006250e-08,1.79849125e-01
-5.00606250e-08,1.79876312e-01
-5.00206250e-08,1.79829187e-01
-4.99806250e-08,1.79979625e-01
-4.99406250e-08,1.80124625e-01
-4.99006250e-08,1.80072969e-01
-4.98606250e-08,1.80105594e-01
-4.98206250e-08,1.80081125e-01
-4.97806250e-08,1.80101062e-01
-4.97406250e-08,1.80083844e-01
-4.97006250e-08,1.80099250e-01
-4.96606250e-08,1.80084750e-01
-4.96206250e-08,1.80099250e-01
-4.95806250e-08,1.80084750e-01
-4.95406250e-08,1.80100156e-01
-4.95006250e-08,1.80082031e-01
-4.94606250e-08,1.80104687e-01
-4.94206250e-08,1.80074781e-01
-4.93806250e-08,1.80123719e-01
-4.93406250e-08,1.79971469e-01
-4.93006250e-08,1.79827375e-01
-4.92606250e-08,1.79879031e-01
-4.92206250e-08,1.79846406e-01
-4.91806250e-08,1.79871781e-01
-4.91406250e-08,1.79850031e-01
-4.91006250e-08,1.79869969e-01
-4.90606250e-08,1.79850031e-01
-4.90206250e-08,1.79869969e-01
-4.89806250e-08,1.79848219e-01
-4.89406250e-08,1.79874500e-01
-4.89006250e-08,1.79840969e-01
-4.88606250e-08,1.79893531e-01
-4.88206250e-08,1.79738563e-01
-4.87806250e-08,1.79597188e-01
-4.87406250e-08,1.79645219e-01
-4.87006250e-08,1.79615312e-01
-4.86606250e-08,1.79637969e-01
-4.86206250e-08,1.79618937e-01
-4.85806250e-08,1.79637062e-01
-4.85406250e-08,1.79618031e-01
-4.85006250e-08,1.79640688e-01
-4.84606250e-08,1.79610781e-01
-4.84206250e-08,1.79659719e-01
-4.83806250e-08,1.79508375e-01
-4.83406250e-08,1.79363375e-01
-4.83006250e-08,1.79415031e-01
-4.82606250e-08,1.79381500e-01
-4.82206250e-08,1.79407781e-01
-4.81806250e-08,1.79386031e-01
-4.81406250e-08,1.79405969e-01
-4.81006250e-08,1.79386938e-01
-4.80606250e-08,1.79405062e-01
-4.80206250e-08,1.79386938e-01
-4.79806250e-08,1.79405062e-01
-4.79406250e-08,1.79386031e-01
-4.79006250e-08,1.79406875e-01
-4.78606250e-08,1.79384219e-01
-4.78206250e-08,1.79409594e-01
-4.77806250e-08,1.79379687e-01
-4.77406250e-08,1.79417750e-01
-4.77006250e-08,1.79358844e-01
-4.76606250e-08,1.79521969e-01
-4.76206250e-08,1.79654281e-01
-4.75806250e-08,1.79616219e-01
-4.75406250e-08,1.79634344e-01
-4.75006250e-08,1.79625281e-01
-4.74606250e-08,1.79628906e-01
-4.74206250e-08,1.79629812e-01
-4.73806250e-08,1.79624375e-01
-4.73406250e-08,1.79633437e-01
-4.73006250e-08,1.79618937e-01
-4.72606250e-08,1.79643406e-01
-4.72206250e-08,1.79598094e-01
-4.71806250e-08,1.79746719e-01
-4.71406250e-08,1.79892625e-01
-4.71006250e-08,1.79840969e-01
-4.70606250e-08,1.79873594e-01
-4.70206250e-08,1.79850031e-01
-4.69806250e-08,1.79868156e-01
-4.69406250e-08,1.79852750e-01
-4.69006250e-08,1.79866344e-01
-4.68606250e-08,1.79854563e-01
-4.68206250e-08,1.79865438e-01
-4.67806250e-08,1.79855469e-01
-4.67406250e-08,1.79864531e-01
-4.67006250e-08,1.79856375e-01
-4.66606250e-08,1.79863625e-01
-4.66206250e-08,1.79856375e-01
-4.65806250e-08,1.79863625e-01
-4.65406250e-08,1.79856375e-01
-4.65006250e-08,1.79863625e-01
-4.64606250e-08,1.79856375e-01
-4.64206250e-08,1.79863625e-01
-4.63806250e-08,1.79856375e-01
-4.63406250e-08,1.79863625e-01
-4.63006250e-08,1.79855469e-01
-4.62606250e-08,1.79864531e-01
-4.62206250e-08,1.79854563e-01
-4.61806250e-08,1.79866344e-01
-4.61406250e-08,1.79851844e-01
-4.61006250e-08,1.79870875e-01
-4.60606250e-08,1.79843687e-01
-4.60206250e-08,1.79890812e-01
-4.59806250e-08,1.79741281e-01
-4.59406250e-08,1.79594469e-01
-4.59006250e-08,1.79647937e-01
-4.58606250e-08,1.79613500e-01
-4.58206250e-08,1.79639781e-01
-4.57806250e-08,1.79618031e-01
-4.57406250e-08,1.79637062e-01
-4.57006250e-08,1.79619844e-01
-4.56606250e-08,1.79636156e-01
-4.56206250e-08,1.79619844e-01
-4.55806250e-08,1.79636156e-01
-4.55406250e-08,1.79619844e-01
-4.55006250e-08,1.79636156e-01
-4.54606250e-08,1.79619844e-01
-4.54206250e-08,1.79637062e-01
-4.53806250e-08,1.79618937e-01
-4.53406250e-08,1.79637969e-01
-4.53006250e-08,1.79617125e-01
-4.52606250e-08,1.79639781e-01
-4.52206250e-08,1.79615312e-01
-4.51806250e-08,1.79643406e-01
-4.51406250e-08,1.79609875e-01
-4.51006250e-08,1.79652469e-01
-4.50606250e-08,1.79588125e-01
-4.50206250e-08,1.79757594e-01
-4.49806250e-08,1.79881750e-01
-4.49406250e-08,1.79853656e-01
-4.49006250e-08,1.79858187e-01
-4.48606250e-08,1.79869969e-01
-4.48206250e-08,1.79833719e-01
-4.47806250e-08,1.79975094e-01
-4.47406250e-08,1.80129156e-01
-4.47006250e-08,1.80067531e-01
-4.46606250e-08,1.80114656e-01
-4.46206250e-08,1.80059375e-01
-4.45806250e-08,1.80209813e-01
-4.45406250e-08,1.80362063e-01
-4.45006250e-08,1.80295000e-01
-4.44606250e-08,1.80355719e-01
-4.44206250e-08,1.80278688e-01
-4.43806250e-08,1.80459031e-01
-4.43406250e-08,1.80570500e-01
-4.43006250e-08,1.80561438e-01
-4.42606250e-08,1.80530625e-01
-4.42206250e-08,1.80673813e-01
-4.41806250e-08,1.80818813e-01
-4.41406250e-08,1.80773500e-01
-4.41006250e-08,1.80792531e-01
-4.40606250e-08,1.80792531e-01
-4.40206250e-08,1.80766250e-01
-4.39806250e-08,1.80900375e-01
-4.39406250e-08,1.81058063e-01
-4.39006250e-08,1.80997344e-01
-4.38606250e-08,1.81034500e-01
-4.38206250e-08,1.81010031e-01
-4.37806250e-08,1.81024531e-01
-4.37406250e-08,1.81022719e-01
-4.37006250e-08,1.81001875e-01
-4.36606250e-08,1.81127844e-01
-4.36206250e-08,1.81295500e-01
-4.35806250e-08,1.81223000e-01
-4.35406250e-08,1.81274656e-01
-4.35006250e-08,1.81232062e-01
-4.34606250e-08,1.81270125e-01
-4.34206250e-08,1.81235687e-01
-4.33806250e-08,1.81267406e-01
-4.33406250e-08,1.81237500e-01
-4.33006250e-08,1.81265594e-01
-4.32606250e-08,1.81238406e-01
-4.32206250e-08,1.81264687e-01
-4.31806250e-08,1.81239312e-01
-4.31406250e-08,1.81263781e-01
-4.31006250e-08,1.81240219e-01
-4.30606250e-08,1.81263781e-01
-4.30206250e-08,1.81240219e-01
-4.29806250e-08,1.81263781e-01
-4.29406250e-08,1.81240219e-01
-4.29006250e-08,1.81263781e-01
-4.28606250e-08,1.81240219e-01
-4.28206250e-08,1.81263781e-01
-4.27806250e-08,1.81240219e-01
-4.27406250e-08,1.81264687e-01
-4.27006250e-08,1.81239312e-01
-4.26606250e-08,1.81265594e-01
-4.26206250e-08,1.81238406e-01
-4.25806250e-08,1.81266500e-01
-4.25406250e-08,1.81235687e-01
-4.25006250e-08,1.81270125e-01
-4.24606250e-08,1.81231156e-01
-4.24206250e-08,1.81279187e-01
-4.23806250e-08,1.81210312e-01
-4.23406250e-08,1.81383406e-01
-4.23006250e-08,1.81504844e-01
-4.22606250e-08,1.81477656e-01
-4.22206250e-08,1.81483094e-01
-4.21806250e-08,1.81489437e-01
-4.21406250e-08,1.81474031e-01
-4.21006250e-08,1.81500313e-01
-4.20606250e-08,1.81453188e-01
-4.20206250e-08,1.81604531e-01
-4.19806250e-08,1.81747719e-01
-4.19406250e-08,1.81696969e-01
-4.19006250e-08,1.81730500e-01
-4.18606250e-08,1.81702406e-01
-4.18206250e-08,1.81733219e-01
-4.17806250e-08,1.81687000e-01
-4.17406250e-08,1.81832000e-01
-4.17006250e-08,1.81986062e-01
-4.16606250e-08,1.81921719e-01
-4.16206250e-08,1.81971562e-01
-4.15806250e-08,1.81924438e-01
-4.15406250e-08,1.81976094e-01
-4.15006250e-08,1.81905406e-01
-4.14606250e-08,1.82079406e-01
-4.14206250e-08,1.82200844e-01
-4.13806250e-08,1.82174562e-01
-4.13406250e-08,1.82179094e-01
-4.13006250e-08,1.82185437e-01
-4.12606250e-08,1.82170031e-01
-4.12206250e-08,1.82197219e-01
-4.11806250e-08,1.82147375e-01
-4.11406250e-08,1.82301437e-01
-4.11006250e-08,1.82441906e-01
-4.10606250e-08,1.82396594e-01
-4.10206250e-08,1.82421063e-01
-4.09806250e-08,1.82406563e-01
-4.09406250e-08,1.82414719e-01
-4.09006250e-08,1.82411094e-01
-4.08606250e-08,1.82411094e-01
-4.08206250e-08,1.82414719e-01
-4.07806250e-08,1.82407469e-01
-4.07406250e-08,1.82419250e-01
-4.07006250e-08,1.82402031e-01
-4.06606250e-08,1.82428312e-01
-4.06206250e-08,1.82380281e-01
-4.05806250e-08,1.82533438e-01
-4.05406250e-08,1.82674813e-01
-4.05006250e-08,1.82628594e-01
-4.04606250e-08,1.82653062e-01
-4.04206250e-08,1.82638562e-01
-4.03806250e-08,1.82645813e-01
-4.03406250e-08,1.82646719e-01
-4.03006250e-08,1.82634938e-01
-4.02606250e-08,1.82668469e-01
-4.02206250e-08,1.82530719e-01
-4.01806250e-08,1.82373937e-01
-4.01406250e-08,1.82436469e-01
-4.01006250e-08,1.82392969e-01
-4.00606250e-08,1.82428312e-01
-4.00206250e-08,1.82397500e-01
-3.99806250e-08,1.82425594e-01
-3.99406250e-08,1.82399312e-01
-3.99006250e-08,1.82425594e-01
-3.98606250e-08,1.82397500e-01
-3.98206250e-08,1.82428312e-01
-3.97806250e-08,1.82390250e-01
-3.97406250e-08,1.82447344e-01
-3.97006250e-08,1.82288750e-01
-3.96606250e-08,1.82150094e-01
-3.96206250e-08,1.82197219e-01
-3.95806250e-08,1.82166406e-01
-3.95406250e-08,1.82193594e-01
-3.95006250e-08,1.82163688e-01
-3.94606250e-08,1.82209000e-01
-3.94206250e-08,1.82064000e-01
-3.93806250e-08,1.81909938e-01
-3.93406250e-08,1.81976094e-01
-3.93006250e-08,1.81919906e-01
-3.92606250e-08,1.81988781e-01
-3.92206250e-08,1.81820219e-01
-3.91806250e-08,1.81691531e-01
-3.91406250e-08,1.81725969e-01
-3.91006250e-08,1.81713281e-01
-3.90606250e-08,1.81711469e-01
-3.90206250e-08,1.81735031e-01
-3.89806250e-08,1.81609063e-01
-3.89406250e-08,1.81436875e-01
-3.89006250e-08,1.81520250e-01
-3.88606250e-08,1.81447750e-01
-3.88206250e-08,1.81532937e-01
-3.87806250e-08,1.81347156e-01
-3.87406250e-08,1.81236594e-01
-3.87006250e-08,1.81252906e-01
-3.86606250e-08,1.81259250e-01
-3.86206250e-08,1.81236594e-01
-3.85806250e-08,1.81283719e-01
-3.85406250e-08,1.81130563e-01
-3.85006250e-08,1.80991000e-01
-3.84606250e-08,1.81034500e-01
-3.84206250e-08,1.81012750e-01
-3.83806250e-08,1.81021812e-01
-3.83406250e-08,1.81022719e-01
-3.83006250e-08,1.81010031e-01
-3.82606250e-08,1.81045375e-01
-3.82206250e-08,1.80905812e-01
-3.81806250e-08,1.80750844e-01
-3.81406250e-08,1.80810656e-01
-3.81006250e-08,1.80770781e-01
-3.80606250e-08,1.80801594e-01
-3.80206250e-08,1.80776219e-01
-3.79806250e-08,1.80797969e-01
-3.79406250e-08,1.80778937e-01
-3.79006250e-08,1.80796156e-01
-3.78606250e-08,1.80780750e-01
-3.78206250e-08,1.80794344e-01
-3.77806250e-08,1.80782562e-01
-3.77406250e-08,1.80793437e-01
-3.77006250e-08,1.80783469e-01
-3.76606250e-08,1.80792531e-01
-3.76206250e-08,1.80784375e-01
-3.75806250e-08,1.80790719e-01
-3.75406250e-08,1.80786188e-01
-3.75006250e-08,1.80788906e-01
-3.74606250e-08,1.80788906e-01
-3.74206250e-08,1.80783469e-01
-3.73806250e-08,1.80797969e-01
-3.73406250e-08,1.80763531e-01
-3.73006250e-08,1.80901281e-01
-3.72606250e-08,1.81058969e-01
-3.72206250e-08,1.80994625e-01
-3.71806250e-08,1.81040844e-01
-3.71406250e-08,1.81001875e-01
-3.71006250e-08,1.81036312e-01
-3.70606250e-08,1.81003688e-01
-3.70206250e-08,1.81036312e-01
-3.69806250e-08,1.81003688e-01
-3.69406250e-08,1.81038125e-01
-3.69006250e-08,1.80999156e-01
-3.68606250e-08,1.81045375e-01
-3.68206250e-08,1.80980125e-01
-3.67806250e-08,1.81148687e-01
-3.67406250e-08,1.81275562e-01
-3.67006250e-08,1.81242031e-01
-3.66606250e-08,1.81256531e-01
-3.66206250e-08,1.81250187e-01
-3.65806250e-08,1.81252000e-01
-3.65406250e-08,1.81252906e-01
-3.65006250e-08,1.81250187e-01
-3.64606250e-08,1.81254719e-01
-3.64206250e-08,1.81249281e-01
-3.63806250e-08,1.81255625e-01
-3.63406250e-08,1.81248375e-01
-3.63006250e-08,1.81255625e-01
-3.62606250e-08,1.81247469e-01
-3.62206250e-08,1.81256531e-01
-3.61806250e-08,1.81246562e-01
-3.61406250e-08,1.81257438e-01
-3.61006250e-08,1.81246562e-01
-3.60606250e-08,1.81258344e-01
-3.60206250e-08,1.81245656e-01
-3.59806250e-08,1.81259250e-01
-3.59406250e-08,1.81243844e-01
-3.59006250e-08,1.81260156e-01
-3.58606250e-08,1.81242031e-01
-3.58206250e-08,1.81262875e-01
-3.57806250e-08,1.81239312e-01
-3.57406250e-08,1.81268313e-01
-3.57006250e-08,1.81230250e-01
-3.56606250e-08,1.81288250e-01
-3.56206250e-08,1.81126031e-01
-3.55806250e-08,1.80993719e-01
-3.55406250e-08,1.81031781e-01
-3.55006250e-08,1.81014563e-01
-3.54606250e-08,1.81021812e-01
-3.54206250e-08,1.81020906e-01
-3.53806250e-08,1.81016375e-01
-3.53406250e-08,1.81027250e-01
-3.53006250e-08,1.81006406e-01
-3.52606250e-08,1.81048094e-01
-3.52206250e-08,1.80903094e-01
-3.51806250e-08,1.80752656e-01
-3.51406250e-08,1.80809750e-01
-3.51006250e-08,1.80771688e-01
-3.50606250e-08,1.80802500e-01
-3.50206250e-08,1.80773500e-01
-3.49806250e-08,1.80803406e-01
-3.49406250e-08,1.80768062e-01
-3.49006250e-08,1.80821531e-01
-3.48606250e-08,1.80667469e-01
-3.48206250e-08,1.80523375e-01
-3.47806250e-08,1.80575938e-01
-3.47406250e-08,1.80540594e-01
-3.47006250e-08,1.80569594e-01
-3.46606250e-08,1.80541500e-01
-3.46206250e-08,1.80572312e-01
-3.45806250e-08,1.80534250e-01
-3.45406250e-08,1.80591344e-01
-3.45006250e-08,1.80431844e-01
-3.44606250e-08,1.80295906e-01
-3.44206250e-08,1.80338500e-01
-3.43806250e-08,1.80314937e-01
-3.43406250e-08,1.80330344e-01
-3.43006250e-08,1.80319469e-01
-3.42606250e-08,1.80327625e-01
-3.42206250e-08,1.80321281e-01
-3.41806250e-08,1.80325812e-01
-3.41406250e-08,1.80323094e-01
-3.41006250e-08,1.80324906e-01
-3.40606250e-08,1.80324000e-01
-3.40206250e-08,1.80324000e-01
-3.39806250e-08,1.80324906e-01
-3.39406250e-08,1.80322188e-01
-3.39006250e-08,1.80326719e-01
-3.38606250e-08,1.80320375e-01
-3.38206250e-08,1.80328531e-01
-3.37806250e-08,1.80317656e-01
-3.37406250e-08,1.80333969e-01
-3.37006250e-08,1.80308594e-01
-3.36606250e-08,1.80353906e-01
-3.36206250e-08,1.80205281e-01
-3.35806250e-08,1.80058469e-01
-3.35406250e-08,1.80111937e-01
-3.35006250e-08,1.80077500e-01
-3.34606250e-08,1.80103781e-01
-3.34206250e-08,1.80082031e-01
-3.33806250e-08,1.80101062e-01
-3.33406250e-08,1.80083844e-01
-3.33006250e-08,1.80099250e-01
-3.32606250e-08,1.80084750e-01
-3.32206250e-08,1.80099250e-01
-3.31806250e-08,1.80085656e-01
-3.31406250e-08,1.80098344e-01
-3.31006250e-08,1.80084750e-01
-3.30606250e-08,1.80099250e-01
-3.30206250e-08,1.80084750e-01
-3.29806250e-08,1.80100156e-01
-3.29406250e-08,1.80083844e-01
-3.29006250e-08,1.80101969e-01
-3.28606250e-08,1.80080219e-01
-3.28206250e-08,1.80106500e-01
-3.27806250e-08,1.80072062e-01
-3.27406250e-08,1.80126437e-01
-3.27006250e-08,1.79968750e-01
-3.26606250e-08,1.79831000e-01
-3.26206250e-08,1.79875406e-01
-3.25806250e-08,1.79850031e-01
-3.25406250e-08,1.79867250e-01
-3.25006250e-08,1.79854563e-01
-3.24606250e-08,1.79863625e-01
-3.24206250e-08,1.79857281e-01
-3.23806250e-08,1.79861812e-01
-3.23406250e-08,1.79859094e-01
-3.23006250e-08,1.79860000e-01
-3.22606250e-08,1.79860000e-01
-3.22206250e-08,1.79858187e-01
-3.21806250e-08,1.79862719e-01
-3.21406250e-08,1.79855469e-01
-3.21006250e-08,1.79867250e-01
-3.20606250e-08,1.79847312e-01
-3.20206250e-08,1.79887187e-01
-3.19806250e-08,1.79744000e-01
-3.19406250e-08,1.79591750e-01
-3.19006250e-08,1.79650656e-01
-3.18606250e-08,1.79610781e-01
-3.18206250e-08,1.79642500e-01
-3.17806250e-08,1.79614406e-01
-3.17406250e-08,1.79640688e-01
-3.17006250e-08,1.79615312e-01
-3.16606250e-08,1.79640688e-01
-3.16206250e-08,1.79614406e-01
-3.15806250e-08,1.79643406e-01
-3.15406250e-08,1.79609875e-01
-3.15006250e-08,1.79650656e-01
-3.14606250e-08,1.79590844e-01
-3.14206250e-08,1.79753969e-01
-3.13806250e-08,1.79886281e-01
-3.13406250e-08,1.79847312e-01
-3.13006250e-08,1.79867250e-01
-3.12606250e-08,1.79856375e-01
-3.12206250e-08,1.79861812e-01
-3.11806250e-08,1.79859094e-01
-3.11406250e-08,1.79859094e-01
-3.11006250e-08,1.79861812e-01
-3.10606250e-08,1.79857281e-01
-3.10206250e-08,1.79863625e-01
-3.09806250e-08,1.79854563e-01
-3.09406250e-08,1.79867250e-01
-3.09006250e-08,1.79850031e-01
-3.08606250e-08,1.79875406e-01
-3.08206250e-08,1.79830094e-01
-3.07806250e-08,1.79978719e-01
-3.07406250e-08,1.80125531e-01
-3.07006250e-08,1.80072062e-01
-3.06606250e-08,1.80107406e-01
-3.06206250e-08,1.80079313e-01
-3.05806250e-08,1.80103781e-01
-3.05406250e-08,1.80080219e-01
-3.05006250e-08,1.80103781e-01
-3.04606250e-08,1.80077500e-01
-3.04206250e-08,1.80111031e-01
-3.03806250e-08,1.80059375e-01
-3.03406250e-08,1.80213437e-01
-3.03006250e-08,1.80355719e-01
-3.02606250e-08,1.80305875e-01
-3.02206250e-08,1.80337594e-01
-3.01806250e-08,1.80312219e-01
-3.01406250e-08,1.80334875e-01
-3.01006250e-08,1.80313125e-01
-3.00606250e-08,1.80335781e-01
-3.00206250e-08,1.80309500e-01
-2.99806250e-08,1.80343937e-01
-2.99406250e-08,1.80290469e-01
-2.99006250e-08,1.80446344e-01
-2.98606250e-08,1.80585906e-01
-2.98206250e-08,1.80539687e-01
-2.97806250e-08,1.80567781e-01
-2.97406250e-08,1.80546938e-01
-2.97006250e-08,1.80563250e-01
-2.96606250e-08,1.80549656e-01
-2.96206250e-08,1.80561438e-01
-2.95806250e-08,1.80550563e-01
-2.95406250e-08,1.80561438e-01
-2.95006250e-08,1.80550563e-01
-2.94606250e-08,1.80561438e-01
-2.94206250e-08,1.80550563e-01
-2.93806250e-08,1.80562344e-01
-2.93406250e-08,1.80548750e-01
-2.93006250e-08,1.80565062e-01
-2.92606250e-08,1.80544219e-01
-2.92206250e-08,1.80573219e-01
-2.91806250e-08,1.80524281e-01
-2.91406250e-08,1.80676531e-01
-2.91006250e-08,1.80820625e-01
-2.90606250e-08,1.80769875e-01
-2.90206250e-08,1.80801594e-01
-2.89806250e-08,1.80777125e-01
-2.89406250e-08,1.80797062e-01
-2.89006250e-08,1.80779844e-01
-2.88606250e-08,1.80795250e-01
-2.88206250e-08,1.80781656e-01
-2.87806250e-08,1.80794344e-01
-2.87406250e-08,1.80781656e-01
-2.87006250e-08,1.80794344e-01
-2.86606250e-08,1.80781656e-01
-2.86206250e-08,1.80794344e-01
-2.85806250e-08,1.80781656e-01
-2.85406250e-08,1.80795250e-01
-2.85006250e-08,1.80780750e-01
-2.84606250e-08,1.80796156e-01
-2.84206250e-08,1.80778937e-01
-2.83806250e-08,1.80798875e-01
-2.83406250e-08,1.80774406e-01
-2.83006250e-08,1.80807937e-01
-2.82606250e-08,1.80754469e-01
-2.82206250e-08,1.80910344e-01
-2.81806250e-08,1.81049906e-01
-2.81406250e-08,1.81004594e-01
-2.81006250e-08,1.81029969e-01
-2.80606250e-08,1.81012750e-01
-2.80206250e-08,1.81025437e-01
-2.79806250e-08,1.81015469e-01
-2.79406250e-08,1.81023625e-01
-2.79006250e-08,1.81016375e-01
-2.78606250e-08,1.81022719e-01
-2.78206250e-08,1.81017281e-01
-2.77806250e-08,1.81022719e-01
-2.77406250e-08,1.81017281e-01
-2.77006250e-08,1.81021812e-01
-2.76606250e-08,1.81018188e-01
-2.76206250e-08,1.81021812e-01
-2.75806250e-08,1.81018188e-01
-2.75406250e-08,1.81022719e-01
-2.75006250e-08,1.81017281e-01
-2.74606250e-08,1.81023625e-01
-2.74206250e-08,1.81016375e-01
-2.73806250e-08,1.81024531e-01
-2.73406250e-08,1.81013656e-01
-2.73006250e-08,1.81029063e-01
-2.72606250e-08,1.81005500e-01
-2.72206250e-08,1.81049000e-01
-2.71806250e-08,1.80903094e-01
-2.71406250e-08,1.80752656e-01
-2.71006250e-08,1.80809750e-01
-2.70606250e-08,1.80770781e-01
-2.70206250e-08,1.80802500e-01
-2.69806250e-08,1.80774406e-01
-2.69406250e-08,1.80801594e-01
-2.69006250e-08,1.80773500e-01
-2.68606250e-08,1.80805219e-01
-2.68206250e-08,1.80766250e-01
-2.67806250e-08,1.80824250e-01
-2.67406250e-08,1.80663844e-01
-2.67006250e-08,1.80527906e-01
-2.66606250e-08,1.80571406e-01
-2.66206250e-08,1.80545125e-01
-2.65806250e-08,1.80565062e-01
-2.65406250e-08,1.80546938e-01
-2.65006250e-08,1.80565969e-01
-2.64606250e-08,1.80541500e-01
-2.64206250e-08,1.80584094e-01
-2.63806250e-08,1.80440000e-01
-2.63406250e-08,1.80286844e-01
-2.63006250e-08,1.80348469e-01
-2.62606250e-08,1.80304063e-01
-2.62206250e-08,1.80343031e-01
-2.61806250e-08,1.80304969e-01
-2.61406250e-08,1.80344844e-01
-2.61006250e-08,1.80297719e-01
-2.60606250e-08,1.80363875e-01
-2.60206250e-08,1.80195313e-01
-2.59806250e-08,1.80068438e-01
-2.59406250e-08,1.80101969e-01
-2.59006250e-08,1.80088375e-01
-2.58606250e-08,1.80092906e-01
-2.58206250e-08,1.80092906e-01
-2.57806250e-08,1.80089281e-01
-2.57406250e-08,1.80096531e-01
-2.57006250e-08,1.80085656e-01
-2.56606250e-08,1.80099250e-01
-2.56206250e-08,1.80082031e-01
-2.55806250e-08,1.80105594e-01
-2.55406250e-08,1.80072969e-01
-2.55006250e-08,1.80125531e-01
-2.54606250e-08,1.79968750e-01
-2.54206250e-08,1.79831000e-01
-2.53806250e-08,1.79874500e-01
-2.53406250e-08,1.79850938e-01
-2.53006250e-08,1.79865438e-01
-2.52606250e-08,1.79856375e-01
-2.52206250e-08,1.79861812e-01
-2.51806250e-08,1.79859094e-01
-2.51406250e-08,1.79859094e-01
-2.51006250e-08,1.79861812e-01
-2.50606250e-08,1.79857281e-01
-2.50206250e-08,1.79864531e-01
-2.49806250e-08,1.79853656e-01
-2.49406250e-08,1.79868156e-01
-2.49006250e-08,1.79848219e-01
-2.48606250e-08,1.79877219e-01
-2.48206250e-08,1.79827375e-01
-2.47806250e-08,1.79981438e-01
-2.47406250e-08,1.80121906e-01
-2.47006250e-08,1.80076594e-01
-2.46606250e-08,1.80101969e-01
-2.46206250e-08,1.80085656e-01
-2.45806250e-08,1.80095625e-01
-2.45406250e-08,1.80090187e-01
-2.45006250e-08,1.80092000e-01
-2.44606250e-08,1.80094719e-01
-2.44206250e-08,1.80085656e-01
-2.43806250e-08,1.80103781e-01
-2.43406250e-08,1.80065719e-01
-2.43006250e-08,1.80207094e-01
-2.42606250e-08,1.80361156e-01
-2.42206250e-08,1.80300437e-01
-2.41806250e-08,1.80343937e-01
-2.41406250e-08,1.80304969e-01
-2.41006250e-08,1.80345750e-01
-2.40606250e-08,1.80289563e-01
-2.40206250e-08,1.80445437e-01
-2.39806250e-08,1.80588625e-01
-2.39406250e-08,1.80535156e-01
-2.39006250e-08,1.80574125e-01
-2.38606250e-08,1.80536969e-01
-2.38206250e-08,1.80579562e-01
-2.37806250e-08,1.80517938e-01
-2.37406250e-08,1.80683781e-01
-2.37006250e-08,1.80811562e-01
-2.36606250e-08,1.80779844e-01
-2.36206250e-08,1.80788000e-01
-2.35806250e-08,1.80797062e-01
-2.35406250e-08,1.80762625e-01
-2.35006250e-08,1.80904000e-01
-2.34606250e-08,1.81054437e-01
-2.34206250e-08,1.81000969e-01
-2.33806250e-08,1.81029969e-01
-2.33406250e-08,1.81018188e-01
-2.33006250e-08,1.81005500e-01
-2.32606250e-08,1.81123312e-01
-2.32206250e-08,1.81300031e-01
-2.31806250e-08,1.81216656e-01
-2.31406250e-08,1.81282813e-01
-2.31006250e-08,1.81221187e-01
-2.30606250e-08,1.81286438e-01
-2.30206250e-08,1.81204875e-01
-2.29806250e-08,1.81387031e-01
-2.29406250e-08,1.81502125e-01
-2.29006250e-08,1.81479469e-01
-2.28606250e-08,1.81483094e-01
-2.28206250e-08,1.81487625e-01
-2.27806250e-08,1.81478562e-01
-2.27406250e-08,1.81491250e-01
-2.27006250e-08,1.81474937e-01
-2.26606250e-08,1.81494875e-01
-2.26206250e-08,1.81469500e-01
-2.25806250e-08,1.81503937e-01
-2.25406250e-08,1.81449562e-01
-2.25006250e-08,1.81607250e-01
-2.24606250e-08,1.81745000e-01
-2.24206250e-08,1.81701500e-01
-2.23806250e-08,1.81725063e-01
-2.23406250e-08,1.81709656e-01
-2.23006250e-08,1.81720531e-01
-2.22606250e-08,1.81712375e-01
-2.22206250e-08,1.81718719e-01
-2.21806250e-08,1.81714187e-01
-2.21406250e-08,1.81716906e-01
-2.21006250e-08,1.81715094e-01
-2.20606250e-08,1.81716000e-01
-2.20206250e-08,1.81716000e-01
-2.19806250e-08,1.81715094e-01
-2.19406250e-08,1.81716906e-01
-2.19006250e-08,1.81714187e-01
-2.18606250e-08,1.81717812e-01
-2.18206250e-08,1.81713281e-01
-2.17806250e-08,1.81719625e-01
-2.17406250e-08,1.81711469e-01
-2.17006250e-08,1.81722344e-01
-2.16606250e-08,1.81706937e-01
-2.16206250e-08,1.81730500e-01
-2.15806250e-08,1.81687000e-01
-2.15406250e-08,1.81833812e-01
-2.15006250e-08,1.81983344e-01
-2.14606250e-08,1.81926250e-01
-2.14206250e-08,1.81964313e-01
-2.13806250e-08,1.81934406e-01
-2.13406250e-08,1.81960687e-01
-2.13006250e-08,1.81936219e-01
-2.12606250e-08,1.81959781e-01
-2.12206250e-08,1.81935313e-01
-2.11806250e-08,1.81961594e-01
-2.11406250e-08,1.81931687e-01
-2.11006250e-08,1.81969750e-01
-2.10606250e-08,1.81911750e-01
-2.10206250e-08,1.82072156e-01
-2.09806250e-08,1.82208094e-01
-2.09406250e-08,1.82165500e-01
-2.09006250e-08,1.82189062e-01
-2.08606250e-08,1.82173656e-01
-2.08206250e-08,1.82184531e-01
-2.07806250e-08,1.82176375e-01
-2.07406250e-08,1.82182719e-01
-2.07006250e-08,1.82177281e-01
-2.06606250e-08,1.82181812e-01
-2.06206250e-08,1.82178188e-01
-2.05806250e-08,1.82181812e-01
-2.05406250e-08,1.82178188e-01
-2.05006250e-08,1.82181812e-01
-2.04606250e-08,1.82178188e-01
-2.04206250e-08,1.82182719e-01
-2.03806250e-08,1.82175469e-01
-2.03406250e-08,1.82186344e-01
-2.03006250e-08,1.82168219e-01
-2.02606250e-08,1.82205375e-01
-2.02206250e-08,1.82066719e-01
-2.01806250e-08,1.81908125e-01
-2.01406250e-08,1.81974281e-01
-2.01006250e-08,1.81925344e-01
-2.00606250e-08,1.81969750e-01
-2.00206250e-08,1.81926250e-01
-1.99806250e-08,1.81972469e-01
-1.99406250e-08,1.81918094e-01
-1.99006250e-08,1.81992406e-01
-1.98606250e-08,1.81813875e-01
-1.98206250e-08,1.81699687e-01
-1.97806250e-08,1.81716906e-01
-1.97406250e-08,1.81724156e-01
-1.97006250e-08,1.81698781e-01
-1.96606250e-08,1.81749531e-01
-1.96206250e-08,1.81590937e-01
-1.95806250e-08,1.81458625e-01
-1.95406250e-08,1.81493062e-01
-1.95006250e-08,1.81484906e-01
-1.94606250e-08,1.81474031e-01
-1.94206250e-08,1.81511188e-01
-1.93806250e-08,1.81366187e-01
-1.93406250e-08,1.81220281e-01
-1.93006250e-08,1.81267406e-01
-1.92606250e-08,1.81246562e-01
-1.92206250e-08,1.81248375e-01
-1.91806250e-08,1.81271938e-01
-1.91406250e-08,1.81140531e-01
-1.91006250e-08,1.80981031e-01
-1.90606250e-08,1.81042656e-01
-1.90206250e-08,1.81005500e-01
-1.89806250e-08,1.81026344e-01
-1.89406250e-08,1.81029969e-01
-1.89006250e-08,1.80921219e-01
-1.88606250e-08,1.80733625e-01
-1.88206250e-08,1.80830594e-01
-1.87806250e-08,1.80745406e-01
-1.87406250e-08,1.80841469e-01
-1.87006250e-08,1.80647531e-01
-1.86606250e-08,1.80543312e-01
-1.86206250e-08,1.80554187e-01
-1.85806250e-08,1.80564156e-01
-1.85406250e-08,1.80540594e-01
-1.85006250e-08,1.80585906e-01
-1.84606250e-08,1.80438187e-01
-1.84206250e-08,1.80288656e-01
-1.83806250e-08,1.80348469e-01
-1.83406250e-08,1.80299531e-01
-1.83006250e-08,1.80360250e-01
-1.82606250e-08,1.80199844e-01
-1.82206250e-08,1.80063906e-01
-1.81806250e-08,1.80106500e-01
-1.81406250e-08,1.80084750e-01
-1.81006250e-08,1.80092000e-01
-1.80606250e-08,1.80106500e-01
-1.80206250e-08,1.79988687e-01
-1.79806250e-08,1.79809250e-01
-1.79406250e-08,1.79899875e-01
-1.79006250e-08,1.79820125e-01
-1.78606250e-08,1.79911656e-01
-1.78206250e-08,1.79720437e-01
-1.77806250e-08,1.79615312e-01
-1.77406250e-08,1.79626188e-01
-1.77006250e-08,1.79637969e-01
-1.76606250e-08,1.79610781e-01
-1.76206250e-08,1.79661531e-01
-1.75806250e-08,1.79504750e-01
-1.75406250e-08,1.79367000e-01
-1.75006250e-08,1.79410500e-01
-1.74606250e-08,1.79386938e-01
-1.74206250e-08,1.79401438e-01
-1.73806250e-08,1.79392375e-01
-1.73406250e-08,1.79398719e-01
-1.73006250e-08,1.79395094e-01
-1.72606250e-08,1.79396906e-01
-1.72206250e-08,1.79396000e-01
-1.71806250e-08,1.79395094e-01
-1.71406250e-08,1.79396906e-01
-1.71006250e-08,1.79394187e-01
-1.70606250e-08,1.79397813e-01
-1.70206250e-08,1.79394187e-01
-1.69806250e-08,1.79398719e-01
-1.69406250e-08,1.79393281e-01
-1.69006250e-08,1.79399625e-01
-1.68606250e-08,1.79392375e-01
-1.68206250e-08,1.79400531e-01
-1.67806250e-08,1.79390562e-01
-1.67406250e-08,1.79402344e-01
-1.67006250e-08,1.79388750e-01
-1.66606250e-08,1.79405062e-01
-1.66206250e-08,1.79384219e-01
-1.65806250e-08,1.79413219e-01
-1.65406250e-08,1.79365187e-01
-1.65006250e-08,1.79515625e-01
-1.64606250e-08,1.79661531e-01
-1.64206250e-08,1.79608062e-01
-1.63806250e-08,1.79644312e-01
-1.63406250e-08,1.79612594e-01
-1.63006250e-08,1.79647031e-01
-1.62606250e-08,1.79596281e-01
-1.62206250e-08,1.79746719e-01
-1.61806250e-08,1.79894438e-01
-1.61406250e-08,1.79837344e-01
-1.61006250e-08,1.79879031e-01
-1.60606250e-08,1.79840063e-01
-1.60206250e-08,1.79884469e-01
-1.59806250e-08,1.79821938e-01
-1.59406250e-08,1.79985969e-01
-1.59006250e-08,1.80118281e-01
-1.58606250e-08,1.80079313e-01
-1.58206250e-08,1.80099250e-01
-1.57806250e-08,1.80087469e-01
-1.57406250e-08,1.80094719e-01
-1.57006250e-08,1.80091094e-01
-1.56606250e-08,1.80092000e-01
-1.56206250e-08,1.80092906e-01
-1.55806250e-08,1.80089281e-01
-1.55406250e-08,1.80095625e-01
-1.55006250e-08,1.80086562e-01
-1.54606250e-08,1.80099250e-01
-1.54206250e-08,1.80082031e-01
-1.53806250e-08,1.80108313e-01
-1.53406250e-08,1.80061187e-01
-1.53006250e-08,1.80211625e-01
-1.52606250e-08,1.80356625e-01
-1.52206250e-08,1.80305875e-01
-1.51806250e-08,1.80336688e-01
-1.51406250e-08,1.80314031e-01
-1.51006250e-08,1.80332156e-01
-1.50606250e-08,1.80317656e-01
-1.50206250e-08,1.80329437e-01
-1.49806250e-08,1.80319469e-01
-1.49406250e-08,1.80327625e-01
-1.49006250e-08,1.80320375e-01
-1.48606250e-08,1.80326719e-01
-1.48206250e-08,1.80321281e-01
-1.47806250e-08,1.80325812e-01
-1.47406250e-08,1.80322188e-01
-1.47006250e-08,1.80324906e-01
-1.46606250e-08,1.80323094e-01
-1.46206250e-08,1.80324000e-01
-1.45806250e-08,1.80324906e-01
-1.45406250e-08,1.80322188e-01
-1.45006250e-08,1.80326719e-01
-1.44606250e-08,1.80320375e-01
-1.44206250e-08,1.80329437e-01
-1.43806250e-08,1.80314937e-01
-1.43406250e-08,1.80338500e-01
-1.43006250e-08,1.80295000e-01
-1.42606250e-08,1.80442719e-01
-1.42206250e-08,1.80589531e-01
-1.41806250e-08,1.80536969e-01
-1.41406250e-08,1.80568687e-01
-1.41006250e-08,1.80547844e-01
-1.40606250e-08,1.80559625e-01
-1.40206250e-08,1.80558719e-01
-1.39806250e-08,1.80538781e-01
-1.39406250e-08,1.80662031e-01
-1.39006250e-08,1.80835125e-01
-1.38606250e-08,1.80754469e-01
-1.38206250e-08,1.80817906e-01
-1.37806250e-08,1.80758094e-01
-1.37406250e-08,1.80822437e-01
-1.37006250e-08,1.80739969e-01
-1.36606250e-08,1.80923937e-01
-1.36206250e-08,1.81036312e-01
-1.35806250e-08,1.81018188e-01
-1.35406250e-08,1.81015469e-01
-1.35006250e-08,1.81028156e-01
-1.34606250e-08,1.81007312e-01
-1.34206250e-08,1.81039937e-01
-1.33806250e-08,1.80984656e-01
-1.33406250e-08,1.81144156e-01
-1.33006250e-08,1.81279187e-01
-1.32606250e-08,1.81239312e-01
-1.32206250e-08,1.81258344e-01
-1.31806250e-08,1.81249281e-01
-1.31406250e-08,1.81252000e-01
-1.31006250e-08,1.81255625e-01
-1.30606250e-08,1.81244750e-01
-1.30206250e-08,1.81265594e-01
-1.29806250e-08,1.81223906e-01
-1.29406250e-08,1.81368906e-01
-1.29006250e-08,1.81518437e-01
-1.28606250e-08,1.81463156e-01
-1.28206250e-08,1.81499406e-01
-1.27806250e-08,1.81471313e-01
-1.27406250e-08,1.81494875e-01
-1.27006250e-08,1.81474031e-01
-1.26606250e-08,1.81493062e-01
-1.26206250e-08,1.81474937e-01
-1.25806250e-08,1.81493062e-01
-1.25406250e-08,1.81474031e-01
-1.25006250e-08,1.81494875e-01
-1.24606250e-08,1.81472219e-01
-1.24206250e-08,1.81498500e-01
-1.23806250e-08,1.81464062e-01
-1.23406250e-08,1.81518437e-01
-1.23006250e-08,1.81360750e-01
-1.22606250e-08,1.81223000e-01
-1.22206250e-08,1.81267406e-01
-1.21806250e-08,1.81242031e-01
-1.21406250e-08,1.81259250e-01
-1.21006250e-08,1.81246562e-01
-1.20606250e-08,1.81255625e-01
-1.20206250e-08,1.81249281e-01
-1.19806250e-08,1.81253812e-01
-1.19406250e-08,1.81251094e-01
-1.19006250e-08,1.81251094e-01
-1.18606250e-08,1.81253812e-01
-1.18206250e-08,1.81248375e-01
-1.17806250e-08,1.81259250e-01
-1.17406250e-08,1.81239312e-01
-1.17006250e-08,1.81279187e-01
-1.16606250e-08,1.81136000e-01
-1.16206250e-08,1.80983750e-01
-1.15806250e-08,1.81042656e-01
-1.15406250e-08,1.81002781e-01
-1.15006250e-08,1.81034500e-01
-1.14606250e-08,1.81007312e-01
-1.14206250e-08,1.81031781e-01
-1.13806250e-08,1.81009125e-01
-1.13406250e-08,1.81029969e-01
-1.13006250e-08,1.81010031e-01
-1.12606250e-08,1.81029969e-01
-1.12206250e-08,1.81010031e-01
-1.11806250e-08,1.81029969e-01
-1.11406250e-08,1.81010031e-01
-1.11006250e-08,1.81029969e-01
-1.10606250e-08,1.81010031e-01
-1.10206250e-08,1.81030875e-01
-1.09806250e-08,1.81009125e-01
-1.09406250e-08,1.81031781e-01
-1.09006250e-08,1.81007312e-01
-1.08606250e-08,1.81033594e-01
-1.08206250e-08,1.81004594e-01
-1.07806250e-08,1.81038125e-01
-1.07406250e-08,1.80995531e-01
-1.07006250e-08,1.81058969e-01
-1.06606250e-08,1.80892219e-01
-1.06206250e-08,1.80763531e-01
-1.05806250e-08,1.80797969e-01
-1.05406250e-08,1.80783469e-01
-1.05006250e-08,1.80789813e-01
-1.04606250e-08,1.80788000e-01
-1.04206250e-08,1.80786188e-01
-1.03806250e-08,1.80790719e-01
-1.03406250e-08,1.80783469e-01
-1.03006250e-08,1.80793437e-01
-1.02606250e-08,1.80781656e-01
-1.02206250e-08,1.80795250e-01
-1.01806250e-08,1.80779844e-01
-1.01406250e-08,1.80797969e-01
-1.01006250e-08,1.80775313e-01
-1.00606250e-08,1.80803406e-01
-1.00206250e-08,1.80766250e-01
-9.98062500e-09,1.80824250e-01
-9.94062500e-09,1.80662031e-01
-9.90062500e-09,1.80529719e-01
-9.86062500e-09,1.80567781e-01
-9.82062500e-09,1.80550563e-01
-9.78062500e-09,1.80557812e-01
-9.74062500e-09,1.80556906e-01
-9.70062500e-09,1.80553281e-01
-9.66062500e-09,1.80561438e-01
-9.62062500e-09,1.80547844e-01
-9.58062500e-09,1.80567781e-01
-9.54062500e-09,1.80537875e-01
-9.50062500e-09,1.80588625e-01
-9.46062500e-09,1.80433656e-01
-9.42062500e-09,1.80295000e-01
-9.38062500e-09,1.80338500e-01
-9.34062500e-09,1.80315844e-01
-9.30062500e-09,1.80328531e-01
-9.26062500e-09,1.80322188e-01
-9.22062500e-09,1.80324000e-01
-9.18062500e-09,1.80326719e-01
-9.14062500e-09,1.80318563e-01
-9.10062500e-09,1.80333063e-01
-9.06062500e-09,1.80308594e-01
-9.02062500e-09,1.80353906e-01
-8.98062500e-09,1.80204375e-01
-8.94062500e-09,1.80060281e-01
-8.90062500e-09,1.80109219e-01
-8.86062500e-09,1.80081125e-01
-8.82062500e-09,1.80099250e-01
-8.78062500e-09,1.80087469e-01
-8.74062500e-09,1.80094719e-01
-8.70062500e-09,1.80092000e-01
-8.66062500e-09,1.80090187e-01
-8.62062500e-09,1.80098344e-01
-8.58062500e-09,1.80080219e-01
-8.54062500e-09,1.80119187e-01
-8.50062500e-09,1.79976000e-01
-8.46062500e-09,1.79824656e-01
-8.42062500e-09,1.79880844e-01
-8.38062500e-09,1.79844594e-01
-8.34062500e-09,1.79871781e-01
-8.30062500e-09,1.79850031e-01
-8.26062500e-09,1.79868156e-01
-8.22062500e-09,1.79852750e-01
-8.18062500e-09,1.79866344e-01
-8.14062500e-09,1.79854563e-01
-8.10062500e-09,1.79863625e-01
-8.06062500e-09,1.79857281e-01
-8.02062500e-09,1.79861812e-01
-7.98062500e-09,1.79860000e-01
-7.94062500e-09,1.79858187e-01
-7.90062500e-09,1.79864531e-01
-7.86062500e-09,1.79849125e-01
-7.82062500e-09,1.79885375e-01
-7.78062500e-09,1.79745812e-01
-7.74062500e-09,1.79589937e-01
-7.70062500e-09,1.79652469e-01
-7.66062500e-09,1.79608969e-01
-7.62062500e-09,1.79644312e-01
-7.58062500e-09,1.79613500e-01
-7.54062500e-09,1.79641594e-01
-7.50062500e-09,1.79615312e-01
-7.46062500e-09,1.79640688e-01
-7.42062500e-09,1.79615312e-01
-7.38062500e-09,1.79640688e-01
-7.34062500e-09,1.79614406e-01
-7.30062500e-09,1.79642500e-01
-7.26062500e-09,1.79610781e-01
-7.22062500e-09,1.79650656e-01
-7.18062500e-09,1.79591750e-01
-7.14062500e-09,1.79753063e-01
-7.10062500e-09,1.79888094e-01
-7.06062500e-09,1.79845500e-01
-7.02062500e-09,1.79869063e-01
-6.98062500e-09,1.79852750e-01
-6.94062500e-09,1.79866344e-01
-6.90062500e-09,1.79853656e-01
-6.86062500e-09,1.79867250e-01
-6.82062500e-09,1.79850938e-01
-6.78062500e-09,1.79873594e-01
-6.74062500e-09,1.79831906e-01
-6.70062500e-09,1.79976000e-01
-6.66062500e-09,1.80129156e-01
-6.62062500e-09,1.80067531e-01
-6.58062500e-09,1.80112844e-01
-6.54062500e-09,1.80071156e-01
-6.50062500e-09,1.80116469e-01
-6.46062500e-09,1.80053938e-01
-6.42062500e-09,1.80217062e-01
-6.38062500e-09,1.80352094e-01
-6.34062500e-09,1.80308594e-01
-6.30062500e-09,1.80335781e-01
-6.26062500e-09,1.80312219e-01
-6.22062500e-09,1.80339406e-01
-6.18062500e-09,1.80295000e-01
-6.14062500e-09,1.80440000e-01
-6.10062500e-09,1.80593156e-01
-6.06062500e-09,1.80530625e-01
-6.02062500e-09,1.80577750e-01
-5.98062500e-09,1.80534250e-01
-5.94062500e-09,1.80582281e-01
-5.90062500e-09,1.80516125e-01
-5.86062500e-09,1.80683781e-01
-5.82062500e-09,1.80812469e-01
-5.78062500e-09,1.80777125e-01
-5.74062500e-09,1.80794344e-01
-5.70062500e-09,1.80784375e-01
-5.66062500e-09,1.80789813e-01
-5.62062500e-09,1.80788000e-01
-5.58062500e-09,1.80787094e-01
-5.54062500e-09,1.80788906e-01
-5.50062500e-09,1.80786188e-01
-5.46062500e-09,1.80790719e-01
-5.42062500e-09,1.80785281e-01
-5.38062500e-09,1.80791625e-01
-5.34062500e-09,1.80783469e-01
-5.30062500e-09,1.80793437e-01
-5.26062500e-09,1.80781656e-01
-5.22062500e-09,1.80795250e-01
-5.18062500e-09,1.80778031e-01
-5.14062500e-09,1.80800688e-01
-5.10062500e-09,1.80769875e-01
-5.06062500e-09,1.80821531e-01
-5.02062500e-09,1.80665656e-01
-4.98062500e-09,1.80527000e-01
-4.94062500e-09,1.80570500e-01
-4.90062500e-09,1.80547844e-01
-4.86062500e-09,1.80559625e-01
-4.82062500e-09,1.80556000e-01
-4.78062500e-09,1.80549656e-01
-4.74062500e-09,1.80577750e-01
-4.70062500e-09,1.80445437e-01
-4.66062500e-09,1.80281406e-01
-4.62062500e-09,1.80353000e-01
-4.58062500e-09,1.80298625e-01
-4.54062500e-09,1.80349375e-01
-4.50062500e-09,1.80295000e-01
-4.46062500e-09,1.80366594e-01
-4.42062500e-09,1.80193500e-01
-4.38062500e-09,1.80070250e-01
-4.34062500e-09,1.80100156e-01
-4.30062500e-09,1.80089281e-01
-4.26062500e-09,1.80092000e-01
-4.22062500e-09,1.80094719e-01
-4.18062500e-09,1.80086562e-01
-4.14062500e-09,1.80101062e-01
-4.10062500e-09,1.80077500e-01
-4.06062500e-09,1.80121000e-01
-4.02062500e-09,1.79974187e-01
-3.98062500e-09,1.79826469e-01
-3.94062500e-09,1.79879938e-01
-3.90062500e-09,1.79845500e-01
-3.86062500e-09,1.79871781e-01
-3.82062500e-09,1.79849125e-01
-3.78062500e-09,1.79869969e-01
-3.74062500e-09,1.79850031e-01
-3.70062500e-09,1.79869969e-01
-3.66062500e-09,1.79850031e-01
-3.62062500e-09,1.79870875e-01
-3.58062500e-09,1.79848219e-01
-3.54062500e-09,1.79874500e-01
-3.50062500e-09,1.79840063e-01
-3.46062500e-09,1.79894438e-01
-3.42062500e-09,1.79736750e-01
-3.38062500e-09,1.79599000e-01
-3.34062500e-09,1.79643406e-01
-3.30062500e-09,1.79618031e-01
-3.26062500e-09,1.79635250e-01
-3.22062500e-09,1.79622562e-01
-3.18062500e-09,1.79632531e-01
-3.14062500e-09,1.79624375e-01
-3.10062500e-09,1.79630719e-01
-3.06062500e-09,1.79625281e-01
-3.02062500e-09,1.79629812e-01
-2.98062500e-09,1.79626188e-01
-2.94062500e-09,1.79628906e-01
-2.90062500e-09,1.79627094e-01
-2.86062500e-09,1.79628906e-01
-2.82062500e-09,1.79628000e-01
-2.78062500e-09,1.79628000e-01
-2.74062500e-09,1.79628000e-01
-2.70062500e-09,1.79627094e-01
-2.66062500e-09,1.79628906e-01
-2.62062500e-09,1.79626188e-01
-2.58062500e-09,1.79629812e-01
-2.54062500e-09,1.79625281e-01
-2.50062500e-09,1.79632531e-01
-2.46062500e-09,1.79621656e-01
-2.42062500e-09,1.79637062e-01
-2.38062500e-09,1.79613500e-01
-2.34062500e-09,1.79657000e-01
-2.30062500e-09,1.79510188e-01
-2.26062500e-09,1.79361562e-01
-2.22062500e-09,1.79416844e-01
-2.18062500e-09,1.79380594e-01
-2.14062500e-09,1.79408687e-01
-2.10062500e-09,1.79385125e-01
-2.06062500e-09,1.79405969e-01
-2.02062500e-09,1.79386938e-01
-1.98062500e-09,1.79405062e-01
-1.94062500e-09,1.79387844e-01
-1.90062500e-09,1.79404156e-01
-1.86062500e-09,1.79387844e-01
-1.82062500e-09,1.79404156e-01
-1.78062500e-09,1.79387844e-01
-1.74062500e-09,1.79404156e-01
-1.70062500e-09,1.79386938e-01
-1.66062500e-09,1.79405969e-01
-1.62062500e-09,1.79385125e-01
-1.58062500e-09,1.79408687e-01
-1.54062500e-09,1.79380594e-01
-1.50062500e-09,1.79416844e-01
-1.46062500e-09,1.79360656e-01
-1.42062500e-09,1.79520156e-01
-1.38062500e-09,1.79656094e-01
-1.34062500e-09,1.79613500e-01
-1.30062500e-09,1.79637062e-01
-1.26062500e-09,1.79621656e-01
-1.22062500e-09,1.79633437e-01
-1.18062500e-09,1.79624375e-01
-1.14062500e-09,1.79631625e-01
-1.10062500e-09,1.79625281e-01
-1.06062500e-09,1.79630719e-01
-1.02062500e-09,1.79625281e-01
-9.80625000e-10,1.79630719e-01
-9.40625000e-10,1.79625281e-01
-9.00625000e-10,1.79631625e-01
-8.60625000e-10,1.79623469e-01
-8.20625000e-10,1.79633437e-01
-7.80625000e-10,1.79619844e-01
-7.40625000e-10,1.79641594e-01
-7.00625000e-10,1.79600812e-01
-6.60625000e-10,1.79744000e-01
-6.20625000e-10,1.79897156e-01
-5.80625000e-10,1.79836438e-01
-5.40625000e-10,1.79879031e-01
-5.00625000e-10,1.79843687e-01
-4.60625000e-10,1.79875406e-01
-4.20625000e-10,1.79843687e-01
-3.80625000e-10,1.79877219e-01
-3.40625000e-10,1.79840063e-01
-3.00625000e-10,1.79884469e-01
-2.60625000e-10,1.79821031e-01
-2.20625000e-10,1.79987781e-01
-1.80625000e-10,1.80116469e-01
-1.40625000e-10,1.80081125e-01
-1.00625000e-10,1.80097437e-01
-6.06250000e-11,1.80089281e-01
-2.06250000e-11,1.80092000e-01
1.93750000e-11,1.80092906e-01
5.93750000e-11,1.80090187e-01
9.93750000e-11,1.80094719e-01
1.39375000e-10,1.80088375e-01
1.79375000e-10,1.80096531e-01
2.19375000e-10,1.80086562e-01
2.59375000e-10,1.80098344e-01
2.99375000e-10,1.80083844e-01
3.39375000e-10,1.80101062e-01
3.79375000e-10,1.80080219e-01
4.19375000e-10,1.80106500e-01
4.59375000e-10,1.80071156e-01
4.99375000e-10,1.80127344e-01
5.39375000e-10,1.79966938e-01
5.79375000e-10,1.79833719e-01
6.19375000e-10,1.79871781e-01
6.59375000e-10,1.79854563e-01
6.99375000e-10,1.79860906e-01
7.39375000e-10,1.79863625e-01
7.79375000e-10,1.79850031e-01
8.19375000e-10,1.79885375e-01
8.59375000e-10,1.79745812e-01
8.99375000e-10,1.79589031e-01
9.39375000e-10,1.79655188e-01
9.79375000e-10,1.79601719e-01
1.01937500e-09,1.79664250e-01
1.05937500e-09,1.79506562e-01
1.09937500e-09,1.79362469e-01
1.13937500e-09,1.79420469e-01
1.17937500e-09,1.79370625e-01
1.21937500e-09,1.79434062e-01
1.25937500e-09,1.79269125e-01
1.29937500e-09,1.79138625e-01
1.33937500e-09,1.79173969e-01
1.37937500e-09,1.79161281e-01
1.41937500e-09,1.79158563e-01
1.45937500e-09,1.79184844e-01
1.49937500e-09,1.79053437e-01
1.53937500e-09,1.78890313e-01
1.57937500e-09,1.78961000e-01
1.61937500e-09,1.78907531e-01
1.65937500e-09,1.78955562e-01
1.69937500e-09,1.78904813e-01
1.73937500e-09,1.78972781e-01
1.77937500e-09,1.78804219e-01
1.81937500e-09,1.78674625e-01
1.85937500e-09,1.78711781e-01
1.89937500e-09,1.78692750e-01
1.93937500e-09,1.78704531e-01
1.97937500e-09,1.78696375e-01
2.01937500e-09,1.78702719e-01
2.05937500e-09,1.78697281e-01
2.09937500e-09,1.78702719e-01
2.13937500e-09,1.78697281e-01
2.17937500e-09,1.78702719e-01
2.21937500e-09,1.78697281e-01
2.25937500e-09,1.78702719e-01
2.29937500e-09,1.78696375e-01
2.33937500e-09,1.78704531e-01
2.37937500e-09,1.78694562e-01
2.41937500e-09,1.78707250e-01
2.45937500e-09,1.78690031e-01
2.49937500e-09,1.78715406e-01
2.53937500e-09,1.78671000e-01
2.57937500e-09,1.78817813e-01
2.61937500e-09,1.78966437e-01
2.65937500e-09,1.78911156e-01
2.69937500e-09,1.78948312e-01
2.73937500e-09,1.78917500e-01
2.77937500e-09,1.78946500e-01
2.81937500e-09,1.78915688e-01
2.85937500e-09,1.78951937e-01
2.89937500e-09,1.78898469e-01
2.93937500e-09,1.79053437e-01
2.97937500e-09,1.79195719e-01
3.01937500e-09,1.79144969e-01
3.05937500e-09,1.79180312e-01
3.09937500e-09,1.79147687e-01
3.13937500e-09,1.79183938e-01
3.17937500e-09,1.79131375e-01
3.21937500e-09,1.79284531e-01
3.25937500e-09,1.79428625e-01
3.29937500e-09,1.79375156e-01
3.33937500e-09,1.79413219e-01
3.37937500e-09,1.79378781e-01
3.41937500e-09,1.79416844e-01
3.45937500e-09,1.79362469e-01
3.49937500e-09,1.79517437e-01
3.53937500e-09,1.79659719e-01
3.57937500e-09,1.79608969e-01
3.61937500e-09,1.79642500e-01
3.65937500e-09,1.79615312e-01
3.69937500e-09,1.79641594e-01
3.73937500e-09,1.79612594e-01
3.77937500e-09,1.79647937e-01
3.81937500e-09,1.79594469e-01
3.85937500e-09,1.79749437e-01
3.89937500e-09,1.79890812e-01
3.93937500e-09,1.79841875e-01
3.97937500e-09,1.79873594e-01
4.01937500e-09,1.79848219e-01
4.05937500e-09,1.79871781e-01
4.09937500e-09,1.79846406e-01
4.13937500e-09,1.79878125e-01
4.17937500e-09,1.79828281e-01
4.21937500e-09,1.79979625e-01
4.25937500e-09,1.80125531e-01
4.29937500e-09,1.80071156e-01
4.33937500e-09,1.80107406e-01
4.37937500e-09,1.80078406e-01
4.41937500e-09,1.80105594e-01
4.45937500e-09,1.80078406e-01
4.49937500e-09,1.80106500e-01
4.53937500e-09,1.80074781e-01
4.57937500e-09,1.80114656e-01
4.61937500e-09,1.80054844e-01
4.65937500e-09,1.80217969e-01
4.69937500e-09,1.80350281e-01
4.73937500e-09,1.80311312e-01
4.77937500e-09,1.80331250e-01
4.81937500e-09,1.80320375e-01
4.85937500e-09,1.80325812e-01
4.89937500e-09,1.80324000e-01
4.93937500e-09,1.80323094e-01
4.97937500e-09,1.80325812e-01
5.01937500e-09,1.80320375e-01
5.05937500e-09,1.80328531e-01
5.09937500e-09,1.80317656e-01
5.13937500e-09,1.80332156e-01
5.17937500e-09,1.80312219e-01
5.21937500e-09,1.80341219e-01
5.25937500e-09,1.80291375e-01
5.29937500e-09,1.80445437e-01
5.33937500e-09,1.80586812e-01
5.37937500e-09,1.80539687e-01
5.41937500e-09,1.80565969e-01
5.45937500e-09,1.80548750e-01
5.49937500e-09,1.80560531e-01
5.53937500e-09,1.80553281e-01
5.57937500e-09,1.80557812e-01
5.61937500e-09,1.80556000e-01
5.65937500e-09,1.80555094e-01
5.69937500e-09,1.80558719e-01
5.73937500e-09,1.80550563e-01
5.77937500e-09,1.80565062e-01
5.81937500e-09,1.80541500e-01
5.85937500e-09,1.80585906e-01
5.89937500e-09,1.80437281e-01
5.93937500e-09,1.80291375e-01
5.97937500e-09,1.80343031e-01
6.01937500e-09,1.80311312e-01
6.05937500e-09,1.80333063e-01
6.09937500e-09,1.80317656e-01
6.13937500e-09,1.80328531e-01
6.17937500e-09,1.80321281e-01
6.21937500e-09,1.80324000e-01
6.25937500e-09,1.80326719e-01
6.29937500e-09,1.80314937e-01
6.33937500e-09,1.80347563e-01
6.37937500e-09,1.80211625e-01
6.41937500e-09,1.80052125e-01
6.45937500e-09,1.80118281e-01
6.49937500e-09,1.80071156e-01
6.53937500e-09,1.80111031e-01
6.57937500e-09,1.80072969e-01
6.61937500e-09,1.80111937e-01
6.65937500e-09,1.80067531e-01
6.69937500e-09,1.80130062e-01
6.73937500e-09,1.79966031e-01
6.77937500e-09,1.79832812e-01
6.81937500e-09,1.79874500e-01
6.85937500e-09,1.79849125e-01
6.89937500e-09,1.79869063e-01
6.93937500e-09,1.79850938e-01
6.97937500e-09,1.79870875e-01
7.01937500e-09,1.79843687e-01
7.05937500e-09,1.79889906e-01
7.09937500e-09,1.79741281e-01
7.13937500e-09,1.79594469e-01
7.17937500e-09,1.79647937e-01
7.21937500e-09,1.79612594e-01
7.25937500e-09,1.79640688e-01
7.29937500e-09,1.79617125e-01
7.33937500e-09,1.79637969e-01
7.37937500e-09,1.79618937e-01
7.41937500e-09,1.79637062e-01
7.45937500e-09,1.79618937e-01
7.49937500e-09,1.79637062e-01
7.53937500e-09,1.79618031e-01
7.57937500e-09,1.79639781e-01
7.61937500e-09,1.79614406e-01
7.65937500e-09,1.79647031e-01
7.69937500e-09,1.79595375e-01
7.73937500e-09,1.79749437e-01
7.77937500e-09,1.79891719e-01
7.81937500e-09,1.79840969e-01
7.85937500e-09,1.79874500e-01
7.89937500e-09,1.79847312e-01
7.93937500e-09,1.79873594e-01
7.97937500e-09,1.79844594e-01
8.01937500e-09,1.79880844e-01
8.05937500e-09,1.79825563e-01
8.09937500e-09,1.79983250e-01
8.13937500e-09,1.80120094e-01
8.17937500e-09,1.80079313e-01
8.21937500e-09,1.80097437e-01
8.25937500e-09,1.80093813e-01
8.29937500e-09,1.80074781e-01
8.33937500e-09,1.80198031e-01
8.37937500e-09,1.80372031e-01
8.41937500e-09,1.80287750e-01
8.45937500e-09,1.80360250e-01
8.49937500e-09,1.80275969e-01
8.53937500e-09,1.80459938e-01
8.57937500e-09,1.80573219e-01
8.61937500e-09,1.80553281e-01
8.65937500e-09,1.80551469e-01
8.69937500e-09,1.80567781e-01
8.73937500e-09,1.80529719e-01
8.77937500e-09,1.80671094e-01
8.81937500e-09,1.80825156e-01
8.85937500e-09,1.80763531e-01
8.89937500e-09,1.80808844e-01
8.93937500e-09,1.80767156e-01
8.97937500e-09,1.80812469e-01
9.01937500e-09,1.80749937e-01
9.05937500e-09,1.80913969e-01
9.09937500e-09,1.81046281e-01
9.13937500e-09,1.81007312e-01
9.17937500e-09,1.81027250e-01
9.21937500e-09,1.81015469e-01
9.25937500e-09,1.81022719e-01
9.29937500e-09,1.81019094e-01
9.33937500e-09,1.81019094e-01
9.37937500e-09,1.81023625e-01
9.41937500e-09,1.81013656e-01
9.45937500e-09,1.81032688e-01
9.49937500e-09,1.80992812e-01
9.53937500e-09,1.81136000e-01
9.57937500e-09,1.81287344e-01
9.61937500e-09,1.81230250e-01
9.65937500e-09,1.81268313e-01
9.69937500e-09,1.81238406e-01
9.73937500e-09,1.81263781e-01
9.77937500e-09,1.81242031e-01
9.81937500e-09,1.81261062e-01
9.85937500e-09,1.81243844e-01
9.89937500e-09,1.81260156e-01
9.93937500e-09,1.81244750e-01
9.97937500e-09,1.81259250e-01
1.00193750e-08,1.81244750e-01
1.00593750e-08,1.81258344e-01
1.00993750e-08,1.81245656e-01
1.01393750e-08,1.81258344e-01
1.01793750e-08,1.81245656e-01
1.02193750e-08,1.81258344e-01
1.02593750e-08,1.81246562e-01
1.02993750e-08,1.81257438e-01
1.03393750e-08,1.81246562e-01
1.03793750e-08,1.81257438e-01
1.04193750e-08,1.81246562e-01
1.04593750e-08,1.81257438e-01
1.04993750e-08,1.81246562e-01
1.05393750e-08,1.81257438e-01
1.05793750e-08,1.81246562e-01
1.06193750e-08,1.81257438e-01
1.06593750e-08,1.81246562e-01
1.06993750e-08,1.81256531e-01
1.07393750e-08,1.81247469e-01
1.07793750e-08,1.81256531e-01
1.08193750e-08,1.81247469e-01
1.08593750e-08,1.81256531e-01
1.08993750e-08,1.81247469e-01
1.09393750e-08,1.81256531e-01
1.09793750e-08,1.81247469e-01
1.10193750e-08,1.81256531e-01
1.10593750e-08,1.81247469e-01
1.10993750e-08,1.81256531e-01
1.11393750e-08,1.81247469e-01
1.11793750e-08,1.81256531e-01
1.12193750e-08,1.81247469e-01
1.12593750e-08,1.81256531e-01
1.12993750e-08,1.81247469e-01
1.13393750e-08,1.81256531e-01
1.13793750e-08,1.81247469e-01
1.14193750e-08,1.81256531e-01
1.14593750e-08,1.81247469e-01
1.14993750e-08,1.81256531e-01
1.15393750e-08,1.81247469e-01
1.15793750e-08,1.81256531e-01
1.16193750e-08,1.81247469e-01
1.16593750e-08,1.81256531e-01
1.16993750e-08,1.81247469e-01
1.17393750e-08,1.81256531e-01
1.17793750e-08,1.81247469e-01
1.18193750e-08,1.81256531e-01
1.18593750e-08,1.81247469e-01
1.18993750e-08,1.81256531e-01
1.19393750e-08,1.81247469e-01
1.19793750e-08,1.81256531e-01
1.20193750e-08,1.81247469e-01
1.20593750e-08,1.81256531e-01
1.20993750e-08,1.81247469e-01
1.21393750e-08,1.81256531e-01
1.21793750e-08,1.81247469e-01
1.22193750e-08,1.81256531e-01
1.22593750e-08,1.81247469e-01
1.22993750e-08,1.81256531e-01
1.23393750e-08,1.81247469e-01
1.23793750e-08,1.81255625e-01
1.24193750e-08,1.81248375e-01
1.24593750e-08,1.81255625e-01
1.24993750e-08,1.81248375e-01
1.25393750e-08,1.81254719e-01
1.25793750e-08,1.81250187e-01
1.26193750e-08,1.81252906e-01
1.26593750e-08,1.81252000e-01
1.26993750e-08,1.81249281e-01
1.27393750e-08,1.81260156e-01
1.27793750e-08,1.81229344e-01
1.28193750e-08,1.81362562e-01
1.28593750e-08,1.81525688e-01
1.28993750e-08,1.81455000e-01
1.29393750e-08,1.81508469e-01
1.29793750e-08,1.81462250e-01
1.30193750e-08,1.81505750e-01
1.30593750e-08,1.81462250e-01
1.30993750e-08,1.81506656e-01
1.31393750e-08,1.81458625e-01
1.31793750e-08,1.81515719e-01
1.32193750e-08,1.81437781e-01
1.32593750e-08,1.81619031e-01
1.32993750e-08,1.81732312e-01
1.33393750e-08,1.81714187e-01
1.33793750e-08,1.81711469e-01
1.34193750e-08,1.81725969e-01
1.34593750e-08,1.81701500e-01
1.34993750e-08,1.81737750e-01
1.35393750e-08,1.81678844e-01
1.35793750e-08,1.81842875e-01
1.36193750e-08,1.81971562e-01
1.36593750e-08,1.81938938e-01
1.36993750e-08,1.81949813e-01
1.37393750e-08,1.81950719e-01
1.37793750e-08,1.81939844e-01
1.38193750e-08,1.81963406e-01
1.38593750e-08,1.81917187e-01
1.38993750e-08,1.82068531e-01
1.39393750e-08,1.82210812e-01
1.39793750e-08,1.82162781e-01
1.40193750e-08,1.82190875e-01
1.40593750e-08,1.82172750e-01
1.40993750e-08,1.82185437e-01
1.41393750e-08,1.82176375e-01
1.41793750e-08,1.82182719e-01
1.42193750e-08,1.82178188e-01
1.42593750e-08,1.82180906e-01
1.42993750e-08,1.82180000e-01
1.43393750e-08,1.82179094e-01
1.43793750e-08,1.82180906e-01
1.44193750e-08,1.82178188e-01
1.44593750e-08,1.82182719e-01
1.44993750e-08,1.82177281e-01
1.45393750e-08,1.82183625e-01
1.45793750e-08,1.82175469e-01
1.46193750e-08,1.82185437e-01
1.46593750e-08,1.82173656e-01
1.46993750e-08,1.82188156e-01
1.47393750e-08,1.82170031e-01
1.47793750e-08,1.82192688e-01
1.48193750e-08,1.82161875e-01
1.48593750e-08,1.82212625e-01
1.48993750e-08,1.82059469e-01
1.49393750e-08,1.81915375e-01
1.49793750e-08,1.81968844e-01
1.50193750e-08,1.81928062e-01
1.50593750e-08,1.81977906e-01
1.50993750e-08,1.81832906e-01
1.51393750e-08,1.81675219e-01
1.51793750e-08,1.81747719e-01
1.52193750e-08,1.81682469e-01
1.52593750e-08,1.81763125e-01
1.52993750e-08,1.81579156e-01
1.53393750e-08,1.81472219e-01
1.53793750e-08,1.81476750e-01
1.54193750e-08,1.81512094e-01
1.54593750e-08,1.81362562e-01
1.54993750e-08,1.81224812e-01
1.55393750e-08,1.81258344e-01
1.55793750e-08,1.81265594e-01
1.56193750e-08,1.81146875e-01
1.56593750e-08,1.80973781e-01
1.56993750e-08,1.81053531e-01
1.57393750e-08,1.80988281e-01
1.57793750e-08,1.81061687e-01
1.58193750e-08,1.80893125e-01
1.58593750e-08,1.80759000e-01
1.58993750e-08,1.80807937e-01
1.59393750e-08,1.80767156e-01
1.59793750e-08,1.80821531e-01
1.60193750e-08,1.80666562e-01
1.60593750e-08,1.80525187e-01
1.60993750e-08,1.80573219e-01
1.61393750e-08,1.80544219e-01
1.61793750e-08,1.80564156e-01
1.62193750e-08,1.80549656e-01
1.62593750e-08,1.80560531e-01
1.62993750e-08,1.80553281e-01
1.63393750e-08,1.80556000e-01
1.63793750e-08,1.80559625e-01
1.64193750e-08,1.80546938e-01
1.64593750e-08,1.80579562e-01
1.64993750e-08,1.80443625e-01
1.65393750e-08,1.80284125e-01
1.65793750e-08,1.80349375e-01
1.66193750e-08,1.80303156e-01
1.66593750e-08,1.80342125e-01
1.66993750e-08,1.80307688e-01
1.67393750e-08,1.80340312e-01
1.67793750e-08,1.80307688e-01
1.68193750e-08,1.80341219e-01
1.68593750e-08,1.80304063e-01
1.68993750e-08,1.80349375e-01
1.69393750e-08,1.80285031e-01
1.69793750e-08,1.80451781e-01
1.70193750e-08,1.80580469e-01
1.70593750e-08,1.80545125e-01
1.70993750e-08,1.80562344e-01
1.71393750e-08,1.80552375e-01
1.71793750e-08,1.80557812e-01
1.72193750e-08,1.80555094e-01
1.72593750e-08,1.80556000e-01
1.72993750e-08,1.80556906e-01
1.73393750e-08,1.80555094e-01
1.73793750e-08,1.80557812e-01
1.74193750e-08,1.80554187e-01
1.74593750e-08,1.80558719e-01
1.74993750e-08,1.80553281e-01
1.75393750e-08,1.80558719e-01
1.75793750e-08,1.80552375e-01
1.76193750e-08,1.80559625e-01
1.76593750e-08,1.80551469e-01
1.76993750e-08,1.80560531e-01
1.77393750e-08,1.80550563e-01
1.77793750e-08,1.80561438e-01
1.78193750e-08,1.80549656e-01
1.78593750e-08,1.80563250e-01
1.78993750e-08,1.80546938e-01
1.79393750e-08,1.80566875e-01
1.79793750e-08,1.80542406e-01
1.80193750e-08,1.80575938e-01
1.80593750e-08,1.80521563e-01
1.80993750e-08,1.80680156e-01
1.81393750e-08,1.80816094e-01
1.81793750e-08,1.80774406e-01
1.82193750e-08,1.80794344e-01
1.82593750e-08,1.80786188e-01
1.82993750e-08,1.80785281e-01
1.83393750e-08,1.80797062e-01
1.83793750e-08,1.80764437e-01
1.84193750e-08,1.80900375e-01
1.84593750e-08,1.81059875e-01
1.84993750e-08,1.80993719e-01
1.85393750e-08,1.81041750e-01
1.85793750e-08,1.80998250e-01
1.86193750e-08,1.81044469e-01
1.86593750e-08,1.80982844e-01
1.86993750e-08,1.81144156e-01
1.87393750e-08,1.81281906e-01
1.87793750e-08,1.81233875e-01
1.88193750e-08,1.81266500e-01
1.88593750e-08,1.81236594e-01
1.88993750e-08,1.81271938e-01
1.89393750e-08,1.81218469e-01
1.89793750e-08,1.81374344e-01
1.90193750e-08,1.81513906e-01
1.90593750e-08,1.81468594e-01
1.90993750e-08,1.81493062e-01
1.91393750e-08,1.81479469e-01
1.91793750e-08,1.81484906e-01
1.92193750e-08,1.81490344e-01
1.92593750e-08,1.81463156e-01
1.92993750e-08,1.81593656e-01
1.93393750e-08,1.81757687e-01
1.93793750e-08,1.81687906e-01
1.94193750e-08,1.81739563e-01
1.94593750e-08,1.81695156e-01
1.94993750e-08,1.81735937e-01
1.95393750e-08,1.81696063e-01
1.95793750e-08,1.81735937e-01
1.96193750e-08,1.81693344e-01
1.96593750e-08,1.81743187e-01
1.96993750e-08,1.81674312e-01
1.97393750e-08,1.81846500e-01
1.97793750e-08,1.81970656e-01
1.98193750e-08,1.81938938e-01
1.98593750e-08,1.81951625e-01
1.98993750e-08,1.81947094e-01
1.99393750e-08,1.81947094e-01
1.99793750e-08,1.81949813e-01
2.00193750e-08,1.81945281e-01
2.00593750e-08,1.81951625e-01
2.00993750e-08,1.81944375e-01
2.01393750e-08,1.81952531e-01
2.01793750e-08,1.81943469e-01
2.02193750e-08,1.81952531e-01
2.02593750e-08,1.81942562e-01
2.02993750e-08,1.81953438e-01
2.03393750e-08,1.81942562e-01
2.03793750e-08,1.81953438e-01
2.04193750e-08,1.81941656e-01
2.04593750e-08,1.81954344e-01
2.04993750e-08,1.81940750e-01
2.05393750e-08,1.81955250e-01
2.05793750e-08,1.81940750e-01
2.06193750e-08,1.81956156e-01
2.06593750e-08,1.81938938e-01
2.06993750e-08,1.81957062e-01
2.07393750e-08,1.81938031e-01
2.07793750e-08,1.81959781e-01
2.08193750e-08,1.81934406e-01
2.08593750e-08,1.81964313e-01
2.08993750e-08,1.81926250e-01
2.09393750e-08,1.81984250e-01
2.09793750e-08,1.81822031e-01
2.10193750e-08,1.81689719e-01
2.10593750e-08,1.81728687e-01
2.10993750e-08,1.81708750e-01
2.11393750e-08,1.81719625e-01
2.11793750e-08,1.81714187e-01
2.12193750e-08,1.81716906e-01
2.12593750e-08,1.81716000e-01
2.12993750e-08,1.81715094e-01
2.13393750e-08,1.81717812e-01
2.13793750e-08,1.81714187e-01
2.14193750e-08,1.81718719e-01
2.14593750e-08,1.81713281e-01
2.14993750e-08,1.81719625e-01
2.15393750e-08,1.81712375e-01
2.15793750e-08,1.81719625e-01
2.16193750e-08,1.81711469e-01
2.16593750e-08,1.81720531e-01
2.16993750e-08,1.81711469e-01
2.17393750e-08,1.81721437e-01
2.17793750e-08,1.81710563e-01
2.18193750e-08,1.81721437e-01
2.18593750e-08,1.81709656e-01
2.18993750e-08,1.81722344e-01
2.19393750e-08,1.81708750e-01
2.19793750e-08,1.81723250e-01
2.20193750e-08,1.81707844e-01
2.20593750e-08,1.81725063e-01
2.20993750e-08,1.81706031e-01
2.21393750e-08,1.81726875e-01
2.21793750e-08,1.81703312e-01
2.22193750e-08,1.81730500e-01
2.22593750e-08,1.81698781e-01
2.22993750e-08,1.81739563e-01
2.23393750e-08,1.81677937e-01
2.23793750e-08,1.81843781e-01
2.24193750e-08,1.81972469e-01
2.24593750e-08,1.81938031e-01
2.24993750e-08,1.81951625e-01
2.25393750e-08,1.81948000e-01
2.25793750e-08,1.81944375e-01
2.26193750e-08,1.81954344e-01
2.26593750e-08,1.81938031e-01
2.26993750e-08,1.81964313e-01
2.27393750e-08,1.81916281e-01
2.27793750e-08,1.82069437e-01
2.28193750e-08,1.82210812e-01
2.28593750e-08,1.82163688e-01
2.28993750e-08,1.82190875e-01
2.29393750e-08,1.82172750e-01
2.29793750e-08,1.82185437e-01
2.30193750e-08,1.82176375e-01
2.30593750e-08,1.82182719e-01
2.30993750e-08,1.82178188e-01
2.31393750e-08,1.82180906e-01
2.31793750e-08,1.82179094e-01
2.32193750e-08,1.82180000e-01
2.32593750e-08,1.82180000e-01
2.32993750e-08,1.82179094e-01
2.33393750e-08,1.82180906e-01
2.33793750e-08,1.82178188e-01
2.34193750e-08,1.82181812e-01
2.34593750e-08,1.82177281e-01
2.34993750e-08,1.82182719e-01
2.35393750e-08,1.82177281e-01
2.35793750e-08,1.82183625e-01
2.36193750e-08,1.82176375e-01
2.36593750e-08,1.82183625e-01
2.36993750e-08,1.82175469e-01
2.37393750e-08,1.82184531e-01
2.37793750e-08,1.82174562e-01
2.38193750e-08,1.82185437e-01
2.38593750e-08,1.82174562e-01
2.38993750e-08,1.82186344e-01
2.39393750e-08,1.82173656e-01
2.39793750e-08,1.82187250e-01
2.40193750e-08,1.82171844e-01
2.40593750e-08,1.82189062e-01
2.40993750e-08,1.82170937e-01
2.41393750e-08,1.82189969e-01
2.41793750e-08,1.82168219e-01
2.42193750e-08,1.82193594e-01
2.42593750e-08,1.82164594e-01
2.42993750e-08,1.82199031e-01
2.43393750e-08,1.82155531e-01
2.43793750e-08,1.82219875e-01
2.44193750e-08,1.82050406e-01
2.44593750e-08,1.81926250e-01
2.44993750e-08,1.81955250e-01
2.45393750e-08,1.81947094e-01
2.45793750e-08,1.81943469e-01
2.46193750e-08,1.81957062e-01
2.46593750e-08,1.81932594e-01
2.46993750e-08,1.81978813e-01
2.47393750e-08,1.81828375e-01
2.47793750e-08,1.81683375e-01
2.48193750e-08,1.81736844e-01
2.48593750e-08,1.81696969e-01
2.48993750e-08,1.81745000e-01
2.49393750e-08,1.81602719e-01
2.49793750e-08,1.81441406e-01
2.50193750e-08,1.81517531e-01
2.50593750e-08,1.81447750e-01
2.50993750e-08,1.81534750e-01
2.51393750e-08,1.81343531e-01
2.51793750e-08,1.81243844e-01
2.52193750e-08,1.81240219e-01
2.52593750e-08,1.81284625e-01
2.52993750e-08,1.81125125e-01
2.53393750e-08,1.81000063e-01
2.53793750e-08,1.81019094e-01
2.54193750e-08,1.81043563e-01
2.54593750e-08,1.80903094e-01
2.54993750e-08,1.80758094e-01
2.55393750e-08,1.80797062e-01
2.55793750e-08,1.80799781e-01
2.56193750e-08,1.80684687e-01
2.56593750e-08,1.80508875e-01
2.56993750e-08,1.80590438e-01
2.57393750e-08,1.80524281e-01
2.57793750e-08,1.80596781e-01
2.58193750e-08,1.80430031e-01
2.58593750e-08,1.80293188e-01
2.58993750e-08,1.80345750e-01
2.59393750e-08,1.80300437e-01
2.59793750e-08,1.80360250e-01
2.60193750e-08,1.80198937e-01
2.60593750e-08,1.80065719e-01
2.60993750e-08,1.80101969e-01
2.61393750e-08,1.80090187e-01
2.61793750e-08,1.80085656e-01
2.62193750e-08,1.80114656e-01
2.62593750e-08,1.79978719e-01
2.62993750e-08,1.79821938e-01
2.63393750e-08,1.79883563e-01
2.63793750e-08,1.79842781e-01
2.64193750e-08,1.79873594e-01
2.64593750e-08,1.79848219e-01
2.64993750e-08,1.79869969e-01
2.65393750e-08,1.79851844e-01
2.65793750e-08,1.79867250e-01
2.66193750e-08,1.79853656e-01
2.66593750e-08,1.79865438e-01
2.66993750e-08,1.79855469e-01
2.67393750e-08,1.79864531e-01
2.67793750e-08,1.79856375e-01
2.68193750e-08,1.79862719e-01
2.68593750e-08,1.79858187e-01
2.68993750e-08,1.79861812e-01
2.69393750e-08,1.79859094e-01
2.69793750e-08,1.79860000e-01
2.70193750e-08,1.79860906e-01
2.70593750e-08,1.79858187e-01
2.70993750e-08,1.79862719e-01
2.71393750e-08,1.79856375e-01
2.71793750e-08,1.79864531e-01
2.72193750e-08,1.79853656e-01
2.72593750e-08,1.79869063e-01
2.72993750e-08,1.79847312e-01
2.73393750e-08,1.79878125e-01
2.73793750e-08,1.79826469e-01
2.74193750e-08,1.79983250e-01
2.74593750e-08,1.80120094e-01
2.74993750e-08,1.80079313e-01
2.75393750e-08,1.80097437e-01
2.75793750e-08,1.80091094e-01
2.76193750e-08,1.80087469e-01
2.76593750e-08,1.80103781e-01
2.76993750e-08,1.80063906e-01
2.77393750e-08,1.80210719e-01
2.77793750e-08,1.80355719e-01
2.78193750e-08,1.80307688e-01
2.78593750e-08,1.80331250e-01
2.78993750e-08,1.80325812e-01
2.79393750e-08,1.80306781e-01
2.79793750e-08,1.80431844e-01
2.80193750e-08,1.80600406e-01
2.80593750e-08,1.80524281e-01
2.80993750e-08,1.80585000e-01
2.81393750e-08,1.80517938e-01
2.81793750e-08,1.80677438e-01
2.82193750e-08,1.80826969e-01
2.82593750e-08,1.80745406e-01
2.82993750e-08,1.80916688e-01
2.83393750e-08,1.81042656e-01
2.83793750e-08,1.81015469e-01
2.84193750e-08,1.81004594e-01
2.84593750e-08,1.81127844e-01
2.84993750e-08,1.81293687e-01
2.85393750e-08,1.81229344e-01
2.85793750e-08,1.81256531e-01
2.86193750e-08,1.81336281e-01
2.86593750e-08,1.81555594e-01
2.86993750e-08,1.81411500e-01
2.87393750e-08,1.81640781e-01
2.87793750e-08,1.81712375e-01
2.88193750e-08,1.81737750e-01
2.88593750e-08,1.81675219e-01
2.88993750e-08,1.81848312e-01
2.89393750e-08,1.81965219e-01
2.89793750e-08,1.81949813e-01
2.90193750e-08,1.81927156e-01
2.90593750e-08,1.82059469e-01
2.90993750e-08,1.82220781e-01
2.91393750e-08,1.82151000e-01
2.91793750e-08,1.82208094e-01
2.92193750e-08,1.82141031e-01
2.92593750e-08,1.82305969e-01
2.92993750e-08,1.82440094e-01
2.93393750e-08,1.82396594e-01
2.93793750e-08,1.82422875e-01
2.94193750e-08,1.82402938e-01
2.94593750e-08,1.82420156e-01
2.94993750e-08,1.82403844e-01
2.95393750e-08,1.82421063e-01
2.95793750e-08,1.82401125e-01
2.96193750e-08,1.82426500e-01
2.96593750e-08,1.82383906e-01
2.96993750e-08,1.82526187e-01
2.97393750e-08,1.82684781e-01
2.97793750e-08,1.82611375e-01
2.98193750e-08,1.82686594e-01
2.98593750e-08,1.82515312e-01
2.98993750e-08,1.82386625e-01
2.99393750e-08,1.82423781e-01
2.99793750e-08,1.82404750e-01
3.00193750e-08,1.82416531e-01
3.00593750e-08,1.82409281e-01
3.00993750e-08,1.82412906e-01
3.01393750e-08,1.82412000e-01
3.01793750e-08,1.82410187e-01
3.02193750e-08,1.82415625e-01
3.02593750e-08,1.82406563e-01
3.02993750e-08,1.82421063e-01
3.03393750e-08,1.82397500e-01
3.03793750e-08,1.82441906e-01
3.04193750e-08,1.82293281e-01
3.04593750e-08,1.82147375e-01
3.04993750e-08,1.82198125e-01
3.05393750e-08,1.82167313e-01
3.05793750e-08,1.82189062e-01
3.06193750e-08,1.82174562e-01
3.06593750e-08,1.82182719e-01
3.06993750e-08,1.82180906e-01
3.07393750e-08,1.82173656e-01
3.07793750e-08,1.82201750e-01
3.08193750e-08,1.82069437e-01
3.08593750e-08,1.81906313e-01
3.08993750e-08,1.81976094e-01
3.09393750e-08,1.81924438e-01
3.09793750e-08,1.81968844e-01
3.10193750e-08,1.81927156e-01
3.10593750e-08,1.81969750e-01
3.10993750e-08,1.81921719e-01
3.11393750e-08,1.81987875e-01
3.11793750e-08,1.81820219e-01
3.12193750e-08,1.81690625e-01
3.12593750e-08,1.81728687e-01
3.12993750e-08,1.81707844e-01
3.13393750e-08,1.81722344e-01
3.13793750e-08,1.81708750e-01
3.14193750e-08,1.81725063e-01
3.14593750e-08,1.81702406e-01
3.14993750e-08,1.81743187e-01
3.15393750e-08,1.81600000e-01
3.15793750e-08,1.81446844e-01
3.16193750e-08,1.81507562e-01
3.16593750e-08,1.81464969e-01
3.16993750e-08,1.81500313e-01
3.17393750e-08,1.81467688e-01
3.17793750e-08,1.81500313e-01
3.18193750e-08,1.81466781e-01
3.18593750e-08,1.81503031e-01
3.18993750e-08,1.81459531e-01
3.19393750e-08,1.81522062e-01
3.19793750e-08,1.81357125e-01
3.20193750e-08,1.81226625e-01
3.20593750e-08,1.81263781e-01
3.20993750e-08,1.81244750e-01
3.21393750e-08,1.81256531e-01
3.21793750e-08,1.81249281e-01
3.22193750e-08,1.81253812e-01
3.22593750e-08,1.81251094e-01
3.22993750e-08,1.81252906e-01
3.23393750e-08,1.81252000e-01
3.23793750e-08,1.81252000e-01
3.24193750e-08,1.81252000e-01
3.24593750e-08,1.81252000e-01
3.24993750e-08,1.81252000e-01
3.25393750e-08,1.81252000e-01
3.25793750e-08,1.81252000e-01
3.26193750e-08,1.81252000e-01
3.26593750e-08,1.81252000e-01
3.26993750e-08,1.81252000e-01
3.27393750e-08,1.81252000e-01
3.27793750e-08,1.81252906e-01
3.28193750e-08,1.81251094e-01
3.28593750e-08,1.81253812e-01
3.28993750e-08,1.81250187e-01
3.29393750e-08,1.81254719e-01
3.29793750e-08,1.81248375e-01
3.30193750e-08,1.81257438e-01
3.30593750e-08,1.81243844e-01
3.30993750e-08,1.81266500e-01
3.31393750e-08,1.81223906e-01
3.31793750e-08,1.81368906e-01
3.32193750e-08,1.81519344e-01
3.32593750e-08,1.81463156e-01
3.32993750e-08,1.81500313e-01
3.33393750e-08,1.81471313e-01
3.33793750e-08,1.81495781e-01
3.34193750e-08,1.81473125e-01
3.34593750e-08,1.81493969e-01
3.34993750e-08,1.81474937e-01
3.35393750e-08,1.81493062e-01
3.35793750e-08,1.81474937e-01
3.36193750e-08,1.81493062e-01
3.36593750e-08,1.81474937e-01
3.36993750e-08,1.81493969e-01
3.37393750e-08,1.81473125e-01
3.37793750e-08,1.81496688e-01
3.38193750e-08,1.81468594e-01
3.38593750e-08,1.81504844e-01
3.38993750e-08,1.81449562e-01
3.39393750e-08,1.81607250e-01
3.39793750e-08,1.81745000e-01
3.40193750e-08,1.81700594e-01
3.40593750e-08,1.81726875e-01
3.40993750e-08,1.81707844e-01
3.41393750e-08,1.81722344e-01
3.41793750e-08,1.81709656e-01
3.42193750e-08,1.81721437e-01
3.42593750e-08,1.81710563e-01
3.42993750e-08,1.81722344e-01
3.43393750e-08,1.81708750e-01
3.43793750e-08,1.81724156e-01
3.44193750e-08,1.81705125e-01
3.44593750e-08,1.81732312e-01
3.44993750e-08,1.81685188e-01
3.45393750e-08,1.81835625e-01
3.45793750e-08,1.81980625e-01
3.46193750e-08,1.81928969e-01
3.46593750e-08,1.81961594e-01
3.46993750e-08,1.81937125e-01
3.47393750e-08,1.81957062e-01
3.47793750e-08,1.81939844e-01
3.48193750e-08,1.81955250e-01
3.48593750e-08,1.81941656e-01
3.48993750e-08,1.81954344e-01
3.49393750e-08,1.81942562e-01
3.49793750e-08,1.81953438e-01
3.50193750e-08,1.81942562e-01
3.50593750e-08,1.81952531e-01
3.50993750e-08,1.81943469e-01
3.51393750e-08,1.81952531e-01
3.51793750e-08,1.81943469e-01
3.52193750e-08,1.81951625e-01
3.52593750e-08,1.81944375e-01
3.52993750e-08,1.81951625e-01
3.53393750e-08,1.81944375e-01
3.53793750e-08,1.81950719e-01
3.54193750e-08,1.81945281e-01
3.54593750e-08,1.81950719e-01
3.54993750e-08,1.81946187e-01
3.55393750e-08,1.81948906e-01
3.55793750e-08,1.81948000e-01
3.56193750e-08,1.81947094e-01
3.56593750e-08,1.81951625e-01
3.56993750e-08,1.81938938e-01
3.57393750e-08,1.81970656e-01
3.57793750e-08,1.81837438e-01
3.58193750e-08,1.81673406e-01
3.58593750e-08,1.81745906e-01
3.58993750e-08,1.81689719e-01
3.59393750e-08,1.81742281e-01
3.59793750e-08,1.81685188e-01
3.60193750e-08,1.81760406e-01
3.60593750e-08,1.81583688e-01
3.60993750e-08,1.81464969e-01
3.61393750e-08,1.81488531e-01
3.61793750e-08,1.81486719e-01
3.62193750e-08,1.81474031e-01
3.62593750e-08,1.81509375e-01
3.62993750e-08,1.81369813e-01
3.63393750e-08,1.81212125e-01
3.63793750e-08,1.81280094e-01
3.64193750e-08,1.81223906e-01
3.64593750e-08,1.81291875e-01
3.64993750e-08,1.81124219e-01
3.65393750e-08,1.80994625e-01
3.65793750e-08,1.81030875e-01
3.66193750e-08,1.81015469e-01
3.66593750e-08,1.81017281e-01
3.66993750e-08,1.81037219e-01
3.67393750e-08,1.80913969e-01
3.67793750e-08,1.80739969e-01
3.68193750e-08,1.80825156e-01
3.68593750e-08,1.80750844e-01
3.68993750e-08,1.80836937e-01
3.69393750e-08,1.80651156e-01
3.69793750e-08,1.80539687e-01
3.70193750e-08,1.80558719e-01
3.70593750e-08,1.80559625e-01
3.70993750e-08,1.80548750e-01
3.71393750e-08,1.80567781e-01
3.71793750e-08,1.80537875e-01
3.72193750e-08,1.80589531e-01
3.72593750e-08,1.80433656e-01
3.72993750e-08,1.80295000e-01
3.73393750e-08,1.80339406e-01
3.73793750e-08,1.80314031e-01
3.74193750e-08,1.80330344e-01
3.74593750e-08,1.80319469e-01
3.74993750e-08,1.80327625e-01
3.75393750e-08,1.80321281e-01
3.75793750e-08,1.80325812e-01
3.76193750e-08,1.80323094e-01
3.76593750e-08,1.80324906e-01
3.76993750e-08,1.80324000e-01
3.77393750e-08,1.80324000e-01
3.77793750e-08,1.80324906e-01
3.78193750e-08,1.80323094e-01
3.78593750e-08,1.80324906e-01
3.78993750e-08,1.80322188e-01
3.79393750e-08,1.80325812e-01
3.79793750e-08,1.80322188e-01
3.80193750e-08,1.80326719e-01
3.80593750e-08,1.80321281e-01
3.80993750e-08,1.80327625e-01
3.81393750e-08,1.80320375e-01
3.81793750e-08,1.80328531e-01
3.82193750e-08,1.80318563e-01
3.82593750e-08,1.80330344e-01
3.82993750e-08,1.80316750e-01
3.83393750e-08,1.80333063e-01
3.83793750e-08,1.80312219e-01
3.84193750e-08,1.80342125e-01
3.84593750e-08,1.80291375e-01
3.84993750e-08,1.80445437e-01
3.85393750e-08,1.80586812e-01
3.85793750e-08,1.80538781e-01
3.86193750e-08,1.80567781e-01
3.86593750e-08,1.80546938e-01
3.86993750e-08,1.80563250e-01
3.87393750e-08,1.80550563e-01
3.87793750e-08,1.80560531e-01
3.88193750e-08,1.80551469e-01
3.88593750e-08,1.80559625e-01
3.88993750e-08,1.80552375e-01
3.89393750e-08,1.80558719e-01
3.89793750e-08,1.80553281e-01
3.90193750e-08,1.80558719e-01
3.90593750e-08,1.80554187e-01
3.90993750e-08,1.80557812e-01
3.91393750e-08,1.80554187e-01
3.91793750e-08,1.80557812e-01
3.92193750e-08,1.80554187e-01
3.92593750e-08,1.80557812e-01
3.92993750e-08,1.80554187e-01
3.93393750e-08,1.80557812e-01
3.93793750e-08,1.80554187e-01
3.94193750e-08,1.80557812e-01
3.94593750e-08,1.80554187e-01
3.94993750e-08,1.80557812e-01
3.95393750e-08,1.80554187e-01
3.95793750e-08,1.80557812e-01
3.96193750e-08,1.80554187e-01
3.96593750e-08,1.80557812e-01
3.96993750e-08,1.80554187e-01
3.97393750e-08,1.80557812e-01
3.97793750e-08,1.80554187e-01
3.98193750e-08,1.80557812e-01
3.98593750e-08,1.80553281e-01
3.98993750e-08,1.80558719e-01
3.99393750e-08,1.80552375e-01
3.99793750e-08,1.80559625e-01
4.00193750e-08,1.80550563e-01
4.00593750e-08,1.80562344e-01
4.00993750e-08,1.80546938e-01
4.01393750e-08,1.80570500e-01
4.01793750e-08,1.80527000e-01
4.02193750e-08,1.80673813e-01
4.02593750e-08,1.80822437e-01
4.02993750e-08,1.80766250e-01
4.03393750e-08,1.80804313e-01
4.03793750e-08,1.80773500e-01
4.04193750e-08,1.80801594e-01
4.04593750e-08,1.80774406e-01
4.04993750e-08,1.80801594e-01
4.05393750e-08,1.80771688e-01
4.05793750e-08,1.80808844e-01
4.06193750e-08,1.80752656e-01
4.06593750e-08,1.80911250e-01
4.06993750e-08,1.81049906e-01
4.07393750e-08,1.81002781e-01
4.07793750e-08,1.81032688e-01
4.08193750e-08,1.81007312e-01
4.08593750e-08,1.81035406e-01
4.08993750e-08,1.80991906e-01
4.09393750e-08,1.81135094e-01
4.09793750e-08,1.81291875e-01
4.10193750e-08,1.81222094e-01
4.10593750e-08,1.81282813e-01
4.10993750e-08,1.81208500e-01
4.11393750e-08,1.81384313e-01
4.11793750e-08,1.81502125e-01
4.12193750e-08,1.81484000e-01
4.12593750e-08,1.81464969e-01
4.12993750e-08,1.81592750e-01
4.13393750e-08,1.81759500e-01
4.13793750e-08,1.81684281e-01
4.14193750e-08,1.81746812e-01
4.14593750e-08,1.81675219e-01
4.14993750e-08,1.81842875e-01
4.15393750e-08,1.81976094e-01
4.15793750e-08,1.81930781e-01
4.16193750e-08,1.81966125e-01
4.16593750e-08,1.81919000e-01
4.16993750e-08,1.82063094e-01
4.17393750e-08,1.82219875e-01
4.17793750e-08,1.82150094e-01
4.18193750e-08,1.82209906e-01
4.18593750e-08,1.82137406e-01
4.18993750e-08,1.82310500e-01
4.19393750e-08,1.82434656e-01
4.19793750e-08,1.82403844e-01
4.20193750e-08,1.82414719e-01
4.20593750e-08,1.82413812e-01
4.20993750e-08,1.82405656e-01
4.21393750e-08,1.82424687e-01
4.21793750e-08,1.82384812e-01
4.22193750e-08,1.82528906e-01
4.22593750e-08,1.82679344e-01
4.22993750e-08,1.82623156e-01
4.23393750e-08,1.82659406e-01
4.23793750e-08,1.82631313e-01
4.24193750e-08,1.82653969e-01
4.24593750e-08,1.82634938e-01
4.24993750e-08,1.82652156e-01
4.25393750e-08,1.82636750e-01
4.25793750e-08,1.82651250e-01
4.26193750e-08,1.82637656e-01
4.26593750e-08,1.82650344e-01
4.26993750e-08,1.82638562e-01
4.27393750e-08,1.82649438e-01
4.27793750e-08,1.82639469e-01
4.28193750e-08,1.82648531e-01
4.28593750e-08,1.82640375e-01
4.28993750e-08,1.82646719e-01
4.29393750e-08,1.82642187e-01
4.29793750e-08,1.82644000e-01
4.30193750e-08,1.82646719e-01
4.30593750e-08,1.82635844e-01
4.30993750e-08,1.82665750e-01
4.31393750e-08,1.82533438e-01
4.31793750e-08,1.82369406e-01
4.32193750e-08,1.82441000e-01
4.32593750e-08,1.82387531e-01
4.32993750e-08,1.82434656e-01
4.33393750e-08,1.82390250e-01
4.33793750e-08,1.82433750e-01
4.34193750e-08,1.82388438e-01
4.34593750e-08,1.82438281e-01
4.34993750e-08,1.82380281e-01
4.35393750e-08,1.82458219e-01
4.35793750e-08,1.82276063e-01
4.36193750e-08,1.82164594e-01
4.36593750e-08,1.82180906e-01
4.36993750e-08,1.82186344e-01
4.37393750e-08,1.82169125e-01
4.37793750e-08,1.82196312e-01
4.38193750e-08,1.82156437e-01
4.38593750e-08,1.82219875e-01
4.38993750e-08,1.82049500e-01
4.39393750e-08,1.81928062e-01
4.39793750e-08,1.81951625e-01
4.40193750e-08,1.81954344e-01
4.40593750e-08,1.81932594e-01
4.40993750e-08,1.81980625e-01
4.41393750e-08,1.81824750e-01
4.41793750e-08,1.81689719e-01
4.42193750e-08,1.81725063e-01
4.42593750e-08,1.81716000e-01
4.42993750e-08,1.81706937e-01
4.43393750e-08,1.81742281e-01
4.43793750e-08,1.81599094e-01
4.44193750e-08,1.81450469e-01
4.44593750e-08,1.81501219e-01
4.44993750e-08,1.81474031e-01
4.45393750e-08,1.81488531e-01
4.45793750e-08,1.81484906e-01
4.46193750e-08,1.81475844e-01
4.46593750e-08,1.81507562e-01
4.46993750e-08,1.81370719e-01
4.47393750e-08,1.81214844e-01
4.47793750e-08,1.81274656e-01
4.48193750e-08,1.81235687e-01
4.48593750e-08,1.81264687e-01
4.48993750e-08,1.81242031e-01
4.49393750e-08,1.81260156e-01
4.49793750e-08,1.81245656e-01
4.50193750e-08,1.81257438e-01
4.50593750e-08,1.81248375e-01
4.50993750e-08,1.81253812e-01
4.51393750e-08,1.81252906e-01
4.51793750e-08,1.81247469e-01
4.52193750e-08,1.81262875e-01
4.52593750e-08,1.81226625e-01
4.52993750e-08,1.81367094e-01
4.53393750e-08,1.81520250e-01
4.53793750e-08,1.81462250e-01
4.54193750e-08,1.81499406e-01
4.54593750e-08,1.81473125e-01
4.54993750e-08,1.81490344e-01
4.55393750e-08,1.81484000e-01
4.55793750e-08,1.81468594e-01
4.56193750e-08,1.81588219e-01
4.56593750e-08,1.81764938e-01
4.56993750e-08,1.81680656e-01
4.57393750e-08,1.81747719e-01
4.57793750e-08,1.81684281e-01
4.58193750e-08,1.81751344e-01
4.58593750e-08,1.81667063e-01
4.58993750e-08,1.81852844e-01
4.59393750e-08,1.81963406e-01
4.59793750e-08,1.81946187e-01
4.60193750e-08,1.81943469e-01
4.60593750e-08,1.81957062e-01
4.60993750e-08,1.81935313e-01
4.61393750e-08,1.81967031e-01
4.61793750e-08,1.81913562e-01
4.62193750e-08,1.82071250e-01
4.62593750e-08,1.82208094e-01
4.62993750e-08,1.82165500e-01
4.63393750e-08,1.82189062e-01
4.63793750e-08,1.82173656e-01
4.64193750e-08,1.82184531e-01
4.64593750e-08,1.82177281e-01
4.64993750e-08,1.82181812e-01
4.65393750e-08,1.82178188e-01
4.65793750e-08,1.82180906e-01
4.66193750e-08,1.82179094e-01
4.66593750e-08,1.82180000e-01
4.66993750e-08,1.82180000e-01
4.67393750e-08,1.82180000e-01
4.67793750e-08,1.82180000e-01
4.68193750e-08,1.82179094e-01
4.68593750e-08,1.82180906e-01
4.68993750e-08,1.82179094e-01
4.69393750e-08,1.82180906e-01
4.69793750e-08,1.82179094e-01
4.70193750e-08,1.82180906e-01
4.70593750e-08,1.82179094e-01
4.70993750e-08,1.82180906e-01
4.71393750e-08,1.82179094e-01
4.71793750e-08,1.82180906e-01
4.72193750e-08,1.82179094e-01
4.72593750e-08,1.82180906e-01
4.72993750e-08,1.82179094e-01
4.73393750e-08,1.82180906e-01
4.73793750e-08,1.82179094e-01
4.74193750e-08,1.82180906e-01
4.74593750e-08,1.82179094e-01
4.74993750e-08,1.82180906e-01
4.75393750e-08,1.82179094e-01
4.75793750e-08,1.82180906e-01
4.76193750e-08,1.82179094e-01
4.76593750e-08,1.82180906e-01
4.76993750e-08,1.82179094e-01
4.77393750e-08,1.82180906e-01
4.77793750e-08,1.82179094e-01
4.78193750e-08,1.82180906e-01
4.78593750e-08,1.82179094e-01
4.78993750e-08,1.82180906e-01
4.79393750e-08,1.82179094e-01
4.79793750e-08,1.82180906e-01
4.80193750e-08,1.82179094e-01
4.80593750e-08,1.82180906e-01
4.80993750e-08,1.82179094e-01
4.81393750e-08,1.82180906e-01
4.81793750e-08,1.82179094e-01
4.82193750e-08,1.82180000e-01
4.82593750e-08,1.82180000e-01
4.82993750e-08,1.82180000e-01
4.83393750e-08,1.82180000e-01
4.83793750e-08,1.82180000e-01
4.84193750e-08,1.82180000e-01
4.84593750e-08,1.82180000e-01
4.84993750e-08,1.82180000e-01
4.85393750e-08,1.82179094e-01
4.85793750e-08,1.82180906e-01
4.86193750e-08,1.82179094e-01
4.86593750e-08,1.82181812e-01
4.86993750e-08,1.82178188e-01
4.87393750e-08,1.82181812e-01
4.87793750e-08,1.82177281e-01
4.88193750e-08,1.82183625e-01
4.88593750e-08,1.82175469e-01
4.88993750e-08,1.82185437e-01
4.89393750e-08,1.82172750e-01
4.89793750e-08,1.82190875e-01
4.90193750e-08,1.82163688e-01
4.90593750e-08,1.82210812e-01
4.90993750e-08,1.82059469e-01
4.91393750e-08,1.81916281e-01
4.91793750e-08,1.81965219e-01
4.92193750e-08,1.81937125e-01
4.92593750e-08,1.81954344e-01
4.92993750e-08,1.81946187e-01
4.93393750e-08,1.81943469e-01
4.93793750e-08,1.81967031e-01
4.94193750e-08,1.81840156e-01
4.94593750e-08,1.81670688e-01
4.94993750e-08,1.81747719e-01
4.95393750e-08,1.81687906e-01
4.95793750e-08,1.81744094e-01
4.96193750e-08,1.81683375e-01
4.96593750e-08,1.81762219e-01
4.96993750e-08,1.81581875e-01
4.97393750e-08,1.81465875e-01
4.97793750e-08,1.81486719e-01
4.98193750e-08,1.81488531e-01
4.98593750e-08,1.81472219e-01
4.98993750e-08,1.81511188e-01
4.99393750e-08,1.81367094e-01
4.99793750e-08,1.81215750e-01
5.00193750e-08,1.81274656e-01
5.00593750e-08,1.81232969e-01
5.00993750e-08,1.81271031e-01
5.01393750e-08,1.81229344e-01
5.01793750e-08,1.81287344e-01
5.02193750e-08,1.81128750e-01
5.02593750e-08,1.80991000e-01
5.02993750e-08,1.81035406e-01
5.03393750e-08,1.81009125e-01
5.03793750e-08,1.81028156e-01
5.04193750e-08,1.81013656e-01
5.04593750e-08,1.81025437e-01
5.04993750e-08,1.81015469e-01
5.05393750e-08,1.81023625e-01
5.05793750e-08,1.81016375e-01
5.06193750e-08,1.81022719e-01
5.06593750e-08,1.81018188e-01
5.06993750e-08,1.81021812e-01
5.07393750e-08,1.81020000e-01
5.07793750e-08,1.81019094e-01
5.08193750e-08,1.81022719e-01
5.08593750e-08,1.81014563e-01
5.08993750e-08,1.81031781e-01
5.09393750e-08,1.80993719e-01
5.09793750e-08,1.81135094e-01
5.10193750e-08,1.81288250e-01
5.10593750e-08,1.81230250e-01
5.10993750e-08,1.81265594e-01
5.11393750e-08,1.81245656e-01
5.11793750e-08,1.81243844e-01
5.12193750e-08,1.81348062e-01
5.12593750e-08,1.81541094e-01
5.12993750e-08,1.81436875e-01
5.13393750e-08,1.81532031e-01
5.13793750e-08,1.81423281e-01
5.14193750e-08,1.81633531e-01
5.14593750e-08,1.81716000e-01
5.14993750e-08,1.81735031e-01
5.15393750e-08,1.81676125e-01
5.15793750e-08,1.81849219e-01
5.16193750e-08,1.81962500e-01
5.16593750e-08,1.81954344e-01
5.16993750e-08,1.81920813e-01
5.17393750e-08,1.82068531e-01
5.17793750e-08,1.82207188e-01
5.18193750e-08,1.82172750e-01
5.18593750e-08,1.82167313e-01
5.18993750e-08,1.82284219e-01
5.19393750e-08,1.82460031e-01
5.19793750e-08,1.82376656e-01
5.20193750e-08,1.82447344e-01
5.20593750e-08,1.82365781e-01
5.20993750e-08,1.82546125e-01
5.21393750e-08,1.82661219e-01
5.21793750e-08,1.82644000e-01
5.22193750e-08,1.82626781e-01
5.22593750e-08,1.82750937e-01
5.22993750e-08,1.82922219e-01
5.23393750e-08,1.82840656e-01
5.23793750e-08,1.82911344e-01
5.24193750e-08,1.82828875e-01
5.24593750e-08,1.83011031e-01
5.24993750e-08,1.83126125e-01
5.25393750e-08,1.83104375e-01
5.25793750e-08,1.83106187e-01
5.26193750e-08,1.83114344e-01
5.26593750e-08,1.83097125e-01
5.26993750e-08,1.83125219e-01
5.27393750e-08,1.83075375e-01
5.27793750e-08,1.83229438e-01
5.28193750e-08,1.83369906e-01
5.28593750e-08,1.83323687e-01
5.28993750e-08,1.83349969e-01
5.29393750e-08,1.83332750e-01
5.29793750e-08,1.83345437e-01
5.30193750e-08,1.83336375e-01
5.30593750e-08,1.83342719e-01
5.30993750e-08,1.83338187e-01
5.31393750e-08,1.83340906e-01
5.31793750e-08,1.83340000e-01
5.32193750e-08,1.83340000e-01
5.32593750e-08,1.83340906e-01
5.32993750e-08,1.83339094e-01
5.33393750e-08,1.83341813e-01
5.33793750e-08,1.83338187e-01
5.34193750e-08,1.83342719e-01
5.34593750e-08,1.83337281e-01
5.34993750e-08,1.83343625e-01
5.35393750e-08,1.83336375e-01
5.35793750e-08,1.83344531e-01
5.36193750e-08,1.83335469e-01
5.36593750e-08,1.83345437e-01
5.36993750e-08,1.83333656e-01
5.37393750e-08,1.83346344e-01
5.37793750e-08,1.83332750e-01
5.38193750e-08,1.83348156e-01
5.38593750e-08,1.83330031e-01
5.38993750e-08,1.83350875e-01
5.39393750e-08,1.83326406e-01
5.39793750e-08,1.83356313e-01
5.40193750e-08,1.83317344e-01
5.40593750e-08,1.83378062e-01
5.40993750e-08,1.83213125e-01
5.41393750e-08,1.83083531e-01
5.41793750e-08,1.83117969e-01
5.42193750e-08,1.83104375e-01
5.42593750e-08,1.83107094e-01
5.42993750e-08,1.83111625e-01
5.43393750e-08,1.83100750e-01
5.43793750e-08,1.83119781e-01
5.44193750e-08,1.83089875e-01
5.44593750e-08,1.83142438e-01
5.44993750e-08,1.82983844e-01
5.45393750e-08,1.82849719e-01
5.45793750e-08,1.82886875e-01
5.46193750e-08,1.82872375e-01
5.46593750e-08,1.82874188e-01
5.46993750e-08,1.82883250e-01
5.47393750e-08,1.82861500e-01
5.47793750e-08,1.82906812e-01
5.48193750e-08,1.82754562e-01
5.48593750e-08,1.82615906e-01
5.48993750e-08,1.82655781e-01
5.49393750e-08,1.82641281e-01
5.49793750e-08,1.82636750e-01
5.50193750e-08,1.82668469e-01
5.50593750e-08,1.82528906e-01
5.50993750e-08,1.82377563e-01
5.51393750e-08,1.82429219e-01
5.51793750e-08,1.82403844e-01
5.52193750e-08,1.82411094e-01
5.52593750e-08,1.82430125e-01
5.52993750e-08,1.82302344e-01
5.53393750e-08,1.82139219e-01
5.53793750e-08,1.82204469e-01
5.54193750e-08,1.82164594e-01
5.54593750e-08,1.82186344e-01
5.54993750e-08,1.82189969e-01
5.55393750e-08,1.82080313e-01
5.55793750e-08,1.81896344e-01
5.56193750e-08,1.81985156e-01
5.56593750e-08,1.81915375e-01
5.56993750e-08,1.81977906e-01
5.57393750e-08,1.81918094e-01
5.57793750e-08,1.81978813e-01
5.58193750e-08,1.81912656e-01
5.58593750e-08,1.81996938e-01
5.58993750e-08,1.81811156e-01
5.59393750e-08,1.81700594e-01
5.59793750e-08,1.81717812e-01
5.60193750e-08,1.81719625e-01
5.60593750e-08,1.81709656e-01
5.60993750e-08,1.81724156e-01
5.61393750e-08,1.81706937e-01
5.61793750e-08,1.81726875e-01
5.62193750e-08,1.81704219e-01
5.62593750e-08,1.81730500e-01
5.62993750e-08,1.81698781e-01
5.63393750e-08,1.81738656e-01
5.63793750e-08,1.81678844e-01
5.64193750e-08,1.81841969e-01
5.64593750e-08,1.81974281e-01
5.64993750e-08,1.81935313e-01
5.65393750e-08,1.81956156e-01
5.65793750e-08,1.81941656e-01
5.66193750e-08,1.81953438e-01
5.66593750e-08,1.81940750e-01
5.66993750e-08,1.81958875e-01
5.67393750e-08,1.81923531e-01
5.67793750e-08,1.82059469e-01
5.68193750e-08,1.82221688e-01
5.68593750e-08,1.82150094e-01
5.68993750e-08,1.82207188e-01
5.69393750e-08,1.82151906e-01
5.69793750e-08,1.82212625e-01
5.70193750e-08,1.82132875e-01
5.70593750e-08,1.82315937e-01
5.70993750e-08,1.82427406e-01
5.71393750e-08,1.82412000e-01
5.71793750e-08,1.82403844e-01
5.72193750e-08,1.82429219e-01
5.72593750e-08,1.82378469e-01
5.72993750e-08,1.82535250e-01
5.73393750e-08,1.82671187e-01
5.73793750e-08,1.82632219e-01
5.74193750e-08,1.82648531e-01
5.74593750e-08,1.82644000e-01
5.74993750e-08,1.82638562e-01
5.75393750e-08,1.82655781e-01
5.75793750e-08,1.82616813e-01
5.76193750e-08,1.82760906e-01
5.76593750e-08,1.82910437e-01
5.76993750e-08,1.82856062e-01
5.77393750e-08,1.82890500e-01
5.77793750e-08,1.82865125e-01
5.78193750e-08,1.82885063e-01
5.78593750e-08,1.82868750e-01
5.78993750e-08,1.82882344e-01
5.79393750e-08,1.82870563e-01
5.79793750e-08,1.82880531e-01
5.80193750e-08,1.82871469e-01
5.80593750e-08,1.82879625e-01
5.80993750e-08,1.82872375e-01
5.81393750e-08,1.82878719e-01
5.81793750e-08,1.82873281e-01
5.82193750e-08,1.82878719e-01
5.82593750e-08,1.82874188e-01
5.82993750e-08,1.82877812e-01
5.83393750e-08,1.82874188e-01
5.83793750e-08,1.82877812e-01
5.84193750e-08,1.82875094e-01
5.84593750e-08,1.82876906e-01
5.84993750e-08,1.82875094e-01
5.85393750e-08,1.82876906e-01
5.85793750e-08,1.82876000e-01
5.86193750e-08,1.82876000e-01
5.86593750e-08,1.82876000e-01
5.86993750e-08,1.82876000e-01
5.87393750e-08,1.82876000e-01
5.87793750e-08,1.82875094e-01
5.88193750e-08,1.82876906e-01
5.88593750e-08,1.82875094e-01
5.88993750e-08,1.82876906e-01
5.89393750e-08,1.82874188e-01
5.89793750e-08,1.82877812e-01
5.90193750e-08,1.82874188e-01
5.90593750e-08,1.82878719e-01
5.90993750e-08,1.82873281e-01
5.91393750e-08,1.82879625e-01
5.91793750e-08,1.82871469e-01
5.92193750e-08,1.82881437e-01
5.92593750e-08,1.82869656e-01
5.92993750e-08,1.82884156e-01
5.93393750e-08,1.82864219e-01
5.93793750e-08,1.82893219e-01
5.94193750e-08,1.82844281e-01
5.94593750e-08,1.82996531e-01
5.94993750e-08,1.83138812e-01
5.95393750e-08,1.83090781e-01
5.95793750e-08,1.83119781e-01
5.96193750e-08,1.83099844e-01
5.96593750e-08,1.83114344e-01
5.96993750e-08,1.83103469e-01
5.97393750e-08,1.83111625e-01
5.97793750e-08,1.83106187e-01
5.98193750e-08,1.83108906e-01
5.98593750e-08,1.83108906e-01
5.98993750e-08,1.83105281e-01
5.99393750e-08,1.83114344e-01
5.99793750e-08,1.83096219e-01
6.00193750e-08,1.83134281e-01
6.00593750e-08,1.82992906e-01
6.00993750e-08,1.82838844e-01
6.01393750e-08,1.82898656e-01
6.01793750e-08,1.82858781e-01
6.02193750e-08,1.82890500e-01
6.02593750e-08,1.82863312e-01
6.02993750e-08,1.82887781e-01
6.03393750e-08,1.82865125e-01
6.03793750e-08,1.82885969e-01
6.04193750e-08,1.82866031e-01
6.04593750e-08,1.82885063e-01
6.04993750e-08,1.82866937e-01
6.05393750e-08,1.82885063e-01
6.05793750e-08,1.82866937e-01
6.06193750e-08,1.82885063e-01
6.06593750e-08,1.82866937e-01
6.06993750e-08,1.82885063e-01
6.07393750e-08,1.82866937e-01
6.07793750e-08,1.82885969e-01
6.08193750e-08,1.82866031e-01
6.08593750e-08,1.82886875e-01
6.08993750e-08,1.82864219e-01
6.09393750e-08,1.82888688e-01
6.09793750e-08,1.82861500e-01
6.10193750e-08,1.82893219e-01
6.10593750e-08,1.82853344e-01
6.10993750e-08,1.82913156e-01
6.11393750e-08,1.82750031e-01
6.11793750e-08,1.82617719e-01
6.12193750e-08,1.82655781e-01
6.12593750e-08,1.82637656e-01
6.12993750e-08,1.82647625e-01
6.13393750e-08,1.82642187e-01
6.13793750e-08,1.82644906e-01
6.14193750e-08,1.82644000e-01
6.14593750e-08,1.82643094e-01
6.14993750e-08,1.82645813e-01
6.15393750e-08,1.82641281e-01
6.15793750e-08,1.82646719e-01
6.16193750e-08,1.82640375e-01
6.16593750e-08,1.82647625e-01
6.16993750e-08,1.82639469e-01
6.17393750e-08,1.82649438e-01
6.17793750e-08,1.82638562e-01
6.18193750e-08,1.82650344e-01
6.18593750e-08,1.82636750e-01
6.18993750e-08,1.82653062e-01
6.19393750e-08,1.82633125e-01
6.19793750e-08,1.82657594e-01
6.20193750e-08,1.82624062e-01
6.20593750e-08,1.82678437e-01
6.20993750e-08,1.82520750e-01
6.21393750e-08,1.82383000e-01
6.21793750e-08,1.82426500e-01
6.22193750e-08,1.82402938e-01
6.22593750e-08,1.82418344e-01
6.22993750e-08,1.82407469e-01
6.23393750e-08,1.82414719e-01
6.23793750e-08,1.82410187e-01
6.24193750e-08,1.82412906e-01
6.24593750e-08,1.82412000e-01
6.24993750e-08,1.82412000e-01
6.25393750e-08,1.82412906e-01
6.25793750e-08,1.82410187e-01
6.26193750e-08,1.82413812e-01
6.26593750e-08,1.82409281e-01
6.26993750e-08,1.82415625e-01
6.27393750e-08,1.82407469e-01
6.27793750e-08,1.82417438e-01
6.28193750e-08,1.82404750e-01
6.28593750e-08,1.82421063e-01
6.28993750e-08,1.82400219e-01
6.29393750e-08,1.82430125e-01
6.29793750e-08,1.82379375e-01
6.30193750e-08,1.82533438e-01
6.30593750e-08,1.82674813e-01
6.30993750e-08,1.82627687e-01
6.31393750e-08,1.82654875e-01
6.31793750e-08,1.82636750e-01
6.32193750e-08,1.82649438e-01
6.32593750e-08,1.82639469e-01
6.32993750e-08,1.82646719e-01
6.33393750e-08,1.82642187e-01
6.33793750e-08,1.82644906e-01
6.34193750e-08,1.82644000e-01
6.34593750e-08,1.82643094e-01
6.34993750e-08,1.82646719e-01
6.35393750e-08,1.82640375e-01
6.35793750e-08,1.82649438e-01
6.36193750e-08,1.82634938e-01
6.36593750e-08,1.82658500e-01
6.36993750e-08,1.82615000e-01
6.37393750e-08,1.82761813e-01
6.37793750e-08,1.82909531e-01
6.38193750e-08,1.82856062e-01
6.38593750e-08,1.82890500e-01
6.38993750e-08,1.82865125e-01
6.39393750e-08,1.82885063e-01
6.39793750e-08,1.82867844e-01
6.40193750e-08,1.82883250e-01
6.40593750e-08,1.82869656e-01
6.40993750e-08,1.82881437e-01
6.41393750e-08,1.82870563e-01
6.41793750e-08,1.82880531e-01
6.42193750e-08,1.82871469e-01
6.42593750e-08,1.82880531e-01
6.42993750e-08,1.82872375e-01
6.43393750e-08,1.82879625e-01
6.43793750e-08,1.82872375e-01
6.44193750e-08,1.82879625e-01
6.44593750e-08,1.82873281e-01
6.44993750e-08,1.82878719e-01
6.45393750e-08,1.82873281e-01
6.45793750e-08,1.82878719e-01
6.46193750e-08,1.82873281e-01
6.46593750e-08,1.82878719e-01
6.46993750e-08,1.82873281e-01
6.47393750e-08,1.82877812e-01
6.47793750e-08,1.82874188e-01
6.48193750e-08,1.82877812e-01
6.48593750e-08,1.82874188e-01
6.48993750e-08,1.82877812e-01
6.49393750e-08,1.82874188e-01
6.49793750e-08,1.82877812e-01
6.50193750e-08,1.82874188e-01
6.50593750e-08,1.82876906e-01
6.50993750e-08,1.82875094e-01
6.51393750e-08,1.82876906e-01
6.51793750e-08,1.82875094e-01
6.52193750e-08,1.82876906e-01
6.52593750e-08,1.82875094e-01
6.52993750e-08,1.82876906e-01
6.53393750e-08,1.82876000e-01
6.53793750e-08,1.82876000e-01
6.54193750e-08,1.82876000e-01
6.54593750e-08,1.82876000e-01
6.54993750e-08,1.82876906e-01
6.55393750e-08,1.82875094e-01
6.55793750e-08,1.82876906e-01
6.56193750e-08,1.82874188e-01
6.56593750e-08,1.82878719e-01
6.56993750e-08,1.82872375e-01
6.57393750e-08,1.82880531e-01
6.57793750e-08,1.82869656e-01
6.58193750e-08,1.82885063e-01
6.58593750e-08,1.82861500e-01
6.58993750e-08,1.82905000e-01
6.59393750e-08,1.82759094e-01
6.59793750e-08,1.82608656e-01
6.60193750e-08,1.82665750e-01
6.60593750e-08,1.82627687e-01
6.60993750e-08,1.82658500e-01
6.61393750e-08,1.82631313e-01
6.61793750e-08,1.82656687e-01
6.62193750e-08,1.82630406e-01
6.62593750e-08,1.82659406e-01
6.62993750e-08,1.82623156e-01
6.63393750e-08,1.82678437e-01
6.63793750e-08,1.82521656e-01
6.64193750e-08,1.82381187e-01
6.64593750e-08,1.82429219e-01
6.64993750e-08,1.82399312e-01
6.65393750e-08,1.82423781e-01
6.65793750e-08,1.82400219e-01
6.66193750e-08,1.82425594e-01
6.66593750e-08,1.82393875e-01
6.66993750e-08,1.82443719e-01
6.67393750e-08,1.82291469e-01
6.67793750e-08,1.82147375e-01
6.68193750e-08,1.82199031e-01
6.68593750e-08,1.82165500e-01
6.68993750e-08,1.82191781e-01
6.69393750e-08,1.82169125e-01
6.69793750e-08,1.82190875e-01
6.70193750e-08,1.82168219e-01
6.70593750e-08,1.82194500e-01
6.70993750e-08,1.82160969e-01
6.71393750e-08,1.82212625e-01
6.71793750e-08,1.82058562e-01
6.72193750e-08,1.81916281e-01
6.72593750e-08,1.81966125e-01
6.72993750e-08,1.81934406e-01
6.73393750e-08,1.81959781e-01
6.73793750e-08,1.81937125e-01
6.74193750e-08,1.81958875e-01
6.74593750e-08,1.81935313e-01
6.74993750e-08,1.81963406e-01
6.75393750e-08,1.81928062e-01
6.75793750e-08,1.81982438e-01
6.76193750e-08,1.81824750e-01
6.76593750e-08,1.81687000e-01
6.76993750e-08,1.81730500e-01
6.77393750e-08,1.81706937e-01
6.77793750e-08,1.81721437e-01
6.78193750e-08,1.81712375e-01
6.78593750e-08,1.81717812e-01
6.78993750e-08,1.81716000e-01
6.79393750e-08,1.81713281e-01
6.79793750e-08,1.81722344e-01
6.80193750e-08,1.81704219e-01
6.80593750e-08,1.81742281e-01
6.80993750e-08,1.81600906e-01
6.81393750e-08,1.81447750e-01
6.81793750e-08,1.81506656e-01
6.82193750e-08,1.81466781e-01
6.82593750e-08,1.81497594e-01
6.82993750e-08,1.81472219e-01
6.83393750e-08,1.81494875e-01
6.83793750e-08,1.81474031e-01
6.84193750e-08,1.81493969e-01
6.84593750e-08,1.81474937e-01
6.84993750e-08,1.81493062e-01
6.85393750e-08,1.81475844e-01
6.85793750e-08,1.81492156e-01
6.86193750e-08,1.81475844e-01
6.86593750e-08,1.81492156e-01
6.86993750e-08,1.81475844e-01
6.87393750e-08,1.81492156e-01
6.87793750e-08,1.81475844e-01
6.88193750e-08,1.81492156e-01
6.88593750e-08,1.81475844e-01
6.88993750e-08,1.81492156e-01
6.89393750e-08,1.81474937e-01
6.89793750e-08,1.81493062e-01
6.90193750e-08,1.81474031e-01
6.90593750e-08,1.81494875e-01
6.90993750e-08,1.81472219e-01
6.91393750e-08,1.81497594e-01
6.91793750e-08,1.81467688e-01
6.92193750e-08,1.81506656e-01
6.92593750e-08,1.81446844e-01
6.92993750e-08,1.81609969e-01
6.93393750e-08,1.81742281e-01
6.93793750e-08,1.81703312e-01
6.94193750e-08,1.81723250e-01
6.94593750e-08,1.81711469e-01
6.94993750e-08,1.81718719e-01
6.95393750e-08,1.81715094e-01
6.95793750e-08,1.81716000e-01
6.96193750e-08,1.81716906e-01
6.96593750e-08,1.81714187e-01
6.96993750e-08,1.81718719e-01
6.97393750e-08,1.81712375e-01
6.97793750e-08,1.81720531e-01
6.98193750e-08,1.81710563e-01
6.98593750e-08,1.81722344e-01
6.98993750e-08,1.81707844e-01
6.99393750e-08,1.81727781e-01
6.99793750e-08,1.81698781e-01
7.00193750e-08,1.81747719e-01
7.00593750e-08,1.81595469e-01
7.00993750e-08,1.81452281e-01
7.01393750e-08,1.81502125e-01
7.01793750e-08,1.81471313e-01
7.02193750e-08,1.81493062e-01
7.02593750e-08,1.81475844e-01
7.02993750e-08,1.81490344e-01
7.03393750e-08,1.81478562e-01
7.03793750e-08,1.81489437e-01
7.04193750e-08,1.81479469e-01
7.04593750e-08,1.81488531e-01
7.04993750e-08,1.81479469e-01
7.05393750e-08,1.81488531e-01
7.05793750e-08,1.81479469e-01
7.06193750e-08,1.81488531e-01
7.06593750e-08,1.81479469e-01
7.06993750e-08,1.81489437e-01
7.07393750e-08,1.81477656e-01
7.07793750e-08,1.81491250e-01
7.08193750e-08,1.81474937e-01
7.08593750e-08,1.81495781e-01
7.08993750e-08,1.81466781e-01
7.09393750e-08,1.81514813e-01
7.09793750e-08,1.81364375e-01
7.10193750e-08,1.81219375e-01
7.10593750e-08,1.81271031e-01
7.10993750e-08,1.81238406e-01
7.11393750e-08,1.81262875e-01
7.11793750e-08,1.81242938e-01
7.12193750e-08,1.81260156e-01
7.12593750e-08,1.81244750e-01
7.12993750e-08,1.81258344e-01
7.13393750e-08,1.81245656e-01
7.13793750e-08,1.81258344e-01
7.14193750e-08,1.81246562e-01
7.14593750e-08,1.81257438e-01
7.14993750e-08,1.81246562e-01
7.15393750e-08,1.81257438e-01
7.15793750e-08,1.81246562e-01
7.16193750e-08,1.81258344e-01
7.16593750e-08,1.81245656e-01
7.16993750e-08,1.81258344e-01
7.17393750e-08,1.81245656e-01
7.17793750e-08,1.81259250e-01
7.18193750e-08,1.81243844e-01
7.18593750e-08,1.81261062e-01
7.18993750e-08,1.81242031e-01
7.19393750e-08,1.81263781e-01
7.19793750e-08,1.81237500e-01
7.20193750e-08,1.81271938e-01
7.20593750e-08,1.81217562e-01
7.20993750e-08,1.81375250e-01
7.21393750e-08,1.81513000e-01
7.21793750e-08,1.81469500e-01
7.22193750e-08,1.81493062e-01
7.22593750e-08,1.81477656e-01
7.22993750e-08,1.81488531e-01
7.23393750e-08,1.81480375e-01
7.23793750e-08,1.81486719e-01
7.24193750e-08,1.81482188e-01
7.24593750e-08,1.81485813e-01
7.24993750e-08,1.81483094e-01
7.25393750e-08,1.81484906e-01
7.25793750e-08,1.81484000e-01
7.26193750e-08,1.81484000e-01
7.26593750e-08,1.81484000e-01
7.26993750e-08,1.81483094e-01
7.27393750e-08,1.81484906e-01
7.27793750e-08,1.81483094e-01
7.28193750e-08,1.81485813e-01
7.28593750e-08,1.81482188e-01
7.28993750e-08,1.81486719e-01
7.29393750e-08,1.81481281e-01
7.29793750e-08,1.81487625e-01
7.30193750e-08,1.81480375e-01
7.30593750e-08,1.81488531e-01
7.30993750e-08,1.81477656e-01
7.31393750e-08,1.81492156e-01
7.31793750e-08,1.81473125e-01
7.32193750e-08,1.81500313e-01
7.32593750e-08,1.81453188e-01
7.32993750e-08,1.81603625e-01
7.33393750e-08,1.81748625e-01
7.33793750e-08,1.81696969e-01
7.34193750e-08,1.81729594e-01
7.34593750e-08,1.81705125e-01
7.34993750e-08,1.81725969e-01
7.35393750e-08,1.81706937e-01
7.35793750e-08,1.81724156e-01
7.36193750e-08,1.81707844e-01
7.36593750e-08,1.81725063e-01
7.36993750e-08,1.81706937e-01
7.37393750e-08,1.81726875e-01
7.37793750e-08,1.81702406e-01
7.38193750e-08,1.81734125e-01
7.38593750e-08,1.81683375e-01
7.38993750e-08,1.81837438e-01
7.39393750e-08,1.81978813e-01
7.39793750e-08,1.81930781e-01
7.40193750e-08,1.81960687e-01
7.40593750e-08,1.81938031e-01
7.40993750e-08,1.81956156e-01
7.41393750e-08,1.81940750e-01
7.41793750e-08,1.81955250e-01
7.42193750e-08,1.81941656e-01
7.42593750e-08,1.81954344e-01
7.42993750e-08,1.81941656e-01
7.43393750e-08,1.81955250e-01
7.43793750e-08,1.81939844e-01
7.44193750e-08,1.81957062e-01
7.44593750e-08,1.81936219e-01
7.44993750e-08,1.81965219e-01
7.45393750e-08,1.81917187e-01
7.45793750e-08,1.82066719e-01
7.46193750e-08,1.82214437e-01
7.46593750e-08,1.82157344e-01
7.46993750e-08,1.82199937e-01
7.47393750e-08,1.82157344e-01
7.47793750e-08,1.82215344e-01
7.48193750e-08,1.82057656e-01
7.48593750e-08,1.81917187e-01
7.48993750e-08,1.81965219e-01
7.49393750e-08,1.81935313e-01
7.49793750e-08,1.81958875e-01
7.50193750e-08,1.81938938e-01
7.50593750e-08,1.81957062e-01
7.50993750e-08,1.81938938e-01
7.51393750e-08,1.81957062e-01
7.51793750e-08,1.81938938e-01
7.52193750e-08,1.81957969e-01
7.52593750e-08,1.81936219e-01
7.52993750e-08,1.81962500e-01
7.53393750e-08,1.81928062e-01
7.53793750e-08,1.81981531e-01
7.54193750e-08,1.81825656e-01
7.54593750e-08,1.81685188e-01
7.54993750e-08,1.81733219e-01
7.55393750e-08,1.81702406e-01
7.55793750e-08,1.81728687e-01
7.56193750e-08,1.81699687e-01
7.56593750e-08,1.81745000e-01
7.56993750e-08,1.81600000e-01
7.57393750e-08,1.81445937e-01
7.57793750e-08,1.81510281e-01
7.58193750e-08,1.81460437e-01
7.58593750e-08,1.81508469e-01
7.58993750e-08,1.81455000e-01
7.59393750e-08,1.81527500e-01
7.59793750e-08,1.81351687e-01
7.60193750e-08,1.81232969e-01
7.60593750e-08,1.81255625e-01
7.60993750e-08,1.81257438e-01
7.61393750e-08,1.81238406e-01
7.61793750e-08,1.81281906e-01
7.62193750e-08,1.81131469e-01
7.62593750e-08,1.80990094e-01
7.62993750e-08,1.81034500e-01
7.63393750e-08,1.81011844e-01
7.63793750e-08,1.81022719e-01
7.64193750e-08,1.81021812e-01
7.64593750e-08,1.81010937e-01
7.64993750e-08,1.81044469e-01
7.65393750e-08,1.80905812e-01
7.65793750e-08,1.80750844e-01
7.66193750e-08,1.80810656e-01
7.66593750e-08,1.80770781e-01
7.66993750e-08,1.80801594e-01
7.67393750e-08,1.80776219e-01
7.67793750e-08,1.80797969e-01
7.68193750e-08,1.80778937e-01
7.68593750e-08,1.80796156e-01
7.68993750e-08,1.80780750e-01
7.69393750e-08,1.80794344e-01
7.69793750e-08,1.80781656e-01
7.70193750e-08,1.80793437e-01
7.70593750e-08,1.80782562e-01
7.70993750e-08,1.80793437e-01
7.71393750e-08,1.80783469e-01
7.71793750e-08,1.80792531e-01
7.72193750e-08,1.80783469e-01
7.72593750e-08,1.80791625e-01
7.72993750e-08,1.80784375e-01
7.73393750e-08,1.80791625e-01
7.73793750e-08,1.80785281e-01
7.74193750e-08,1.80790719e-01
7.74593750e-08,1.80785281e-01
7.74993750e-08,1.80789813e-01
7.75393750e-08,1.80786188e-01
7.75793750e-08,1.80789813e-01
7.76193750e-08,1.80787094e-01
7.76593750e-08,1.80788906e-01
7.76993750e-08,1.80788000e-01
7.77393750e-08,1.80787094e-01
7.77793750e-08,1.80789813e-01
7.78193750e-08,1.80785281e-01
7.78593750e-08,1.80792531e-01
7.78993750e-08,1.80780750e-01
7.79393750e-08,1.80800688e-01
7.79793750e-08,1.80760813e-01
7.80193750e-08,1.80904000e-01
7.80593750e-08,1.81055344e-01
7.80993750e-08,1.80998250e-01
7.81393750e-08,1.81036312e-01
7.81793750e-08,1.81006406e-01
7.82193750e-08,1.81031781e-01
7.82593750e-08,1.81009125e-01
7.82993750e-08,1.81029969e-01
7.83393750e-08,1.81010937e-01
7.83793750e-08,1.81029063e-01
7.84193750e-08,1.81010937e-01
7.84593750e-08,1.81028156e-01
7.84993750e-08,1.81011844e-01
7.85393750e-08,1.81028156e-01
7.85793750e-08,1.81011844e-01
7.86193750e-08,1.81028156e-01
7.86593750e-08,1.81011844e-01
7.86993750e-08,1.81028156e-01
7.87393750e-08,1.81011844e-01
7.87793750e-08,1.81029063e-01
7.88193750e-08,1.81010937e-01
7.88593750e-08,1.81029969e-01
7.88993750e-08,1.81010031e-01
7.89393750e-08,1.81030875e-01
7.89793750e-08,1.81008219e-01
7.90193750e-08,1.81032688e-01
7.90593750e-08,1.81005500e-01
7.90993750e-08,1.81038125e-01
7.91393750e-08,1.80996437e-01
7.91793750e-08,1.81058063e-01
7.92193750e-08,1.80892219e-01
7.92593750e-08,1.80763531e-01
7.92993750e-08,1.80797969e-01
7.93393750e-08,1.80784375e-01
7.93793750e-08,1.80788000e-01
7.94193750e-08,1.80790719e-01
7.94593750e-08,1.80781656e-01
7.94993750e-08,1.80797969e-01
7.95393750e-08,1.80771688e-01
7.95793750e-08,1.80818813e-01
7.96193750e-08,1.80667469e-01
7.96593750e-08,1.80525187e-01
7.96993750e-08,1.80573219e-01
7.97393750e-08,1.80545125e-01
7.97793750e-08,1.80563250e-01
7.98193750e-08,1.80550563e-01
7.98593750e-08,1.80558719e-01
7.98993750e-08,1.80555094e-01
7.99393750e-08,1.80555094e-01
7.99793750e-08,1.80560531e-01
8.00193750e-08,1.80545125e-01
8.00593750e-08,1.80581375e-01
8.00993750e-08,1.80442719e-01
8.01393750e-08,1.80285031e-01
8.01793750e-08,1.80349375e-01
8.02193750e-08,1.80304063e-01
8.02593750e-08,1.80342125e-01
8.02993750e-08,1.80306781e-01
8.03393750e-08,1.80342125e-01
8.03793750e-08,1.80304063e-01
8.04193750e-08,1.80348469e-01
8.04593750e-08,1.80285031e-01
8.04993750e-08,1.80450875e-01
8.05393750e-08,1.80581375e-01
8.05793750e-08,1.80544219e-01
8.06193750e-08,1.80562344e-01
8.06593750e-08,1.80553281e-01
8.06993750e-08,1.80556906e-01
8.07393750e-08,1.80556906e-01
8.07793750e-08,1.80553281e-01
8.08193750e-08,1.80560531e-01
8.08593750e-08,1.80548750e-01
8.08993750e-08,1.80569594e-01
8.09393750e-08,1.80528812e-01
8.09793750e-08,1.80672000e-01
8.10193750e-08,1.80824250e-01
8.10593750e-08,1.80764437e-01
8.10993750e-08,1.80806125e-01
8.11393750e-08,1.80771688e-01
8.11793750e-08,1.80804313e-01
8.12193750e-08,1.80769875e-01
8.12593750e-08,1.80810656e-01
8.12993750e-08,1.80750844e-01
8.13393750e-08,1.80913062e-01
8.13793750e-08,1.81047187e-01
8.14193750e-08,1.81006406e-01
8.14593750e-08,1.81029063e-01
8.14993750e-08,1.81013656e-01
8.15393750e-08,1.81024531e-01
8.15793750e-08,1.81016375e-01
8.16193750e-08,1.81022719e-01
8.16593750e-08,1.81017281e-01
8.16993750e-08,1.81021812e-01
8.17393750e-08,1.81018188e-01
8.17793750e-08,1.81021812e-01
8.18193750e-08,1.81018188e-01
8.18593750e-08,1.81020906e-01
8.18993750e-08,1.81019094e-01
8.19393750e-08,1.81020906e-01
8.19793750e-08,1.81019094e-01
8.20193750e-08,1.81020906e-01
8.20593750e-08,1.81019094e-01
8.20993750e-08,1.81020906e-01
8.21393750e-08,1.81019094e-01
8.21793750e-08,1.81020906e-01
8.22193750e-08,1.81019094e-01
8.22593750e-08,1.81020906e-01
8.22993750e-08,1.81019094e-01
8.23393750e-08,1.81020906e-01
8.23793750e-08,1.81019094e-01
8.24193750e-08,1.81020000e-01
8.24593750e-08,1.81020000e-01
8.24993750e-08,1.81020000e-01
8.25393750e-08,1.81020000e-01
8.25793750e-08,1.81020000e-01
8.26193750e-08,1.81020000e-01
8.26593750e-08,1.81020000e-01
8.26993750e-08,1.81020000e-01
8.27393750e-08,1.81020000e-01
8.27793750e-08,1.81020000e-01
8.28193750e-08,1.81020000e-01
8.28593750e-08,1.81020000e-01
8.28993750e-08,1.81020000e-01
8.29393750e-08,1.81020000e-01
8.29793750e-08,1.81020000e-01
8.30193750e-08,1.81020000e-01
8.30593750e-08,1.81020000e-01
8.30993750e-08,1.81020000e-01
8.31393750e-08,1.81020000e-01
8.31793750e-08,1.81020906e-01
8.32193750e-08,1.81019094e-01
8.32593750e-08,1.81020906e-01
8.32993750e-08,1.81018188e-01
8.33393750e-08,1.81021812e-01
8.33793750e-08,1.81016375e-01
8.34193750e-08,1.81024531e-01
8.34593750e-08,1.81012750e-01
8.34993750e-08,1.81032688e-01
8.35393750e-08,1.80993719e-01
8.35793750e-08,1.81135094e-01
8.36193750e-08,1.81290062e-01
8.36593750e-08,1.81227531e-01
8.36993750e-08,1.81272844e-01
8.37393750e-08,1.81232969e-01
8.37793750e-08,1.81271031e-01
8.38193750e-08,1.81231156e-01
8.38593750e-08,1.81278281e-01
8.38993750e-08,1.81212125e-01
8.39393750e-08,1.81380687e-01
8.39793750e-08,1.81506656e-01
8.40193750e-08,1.81474937e-01
8.40593750e-08,1.81486719e-01
8.40993750e-08,1.81484000e-01
8.41393750e-08,1.81480375e-01
8.41793750e-08,1.81490344e-01
8.42193750e-08,1.81474031e-01
8.42593750e-08,1.81500313e-01
8.42993750e-08,1.81453188e-01
8.43393750e-08,1.81604531e-01
8.43793750e-08,1.81747719e-01
8.44193750e-08,1.81698781e-01
8.44593750e-08,1.81727781e-01
8.44993750e-08,1.81707844e-01
8.45393750e-08,1.81722344e-01
8.45793750e-08,1.81711469e-01
8.46193750e-08,1.81718719e-01
8.46593750e-08,1.81714187e-01
8.46993750e-08,1.81716000e-01
8.47393750e-08,1.81716906e-01
8.47793750e-08,1.81712375e-01
8.48193750e-08,1.81722344e-01
8.48593750e-08,1.81703312e-01
8.48993750e-08,1.81743187e-01
8.49393750e-08,1.81600000e-01
8.49793750e-08,1.81446844e-01
8.50193750e-08,1.81507562e-01
8.50593750e-08,1.81465875e-01
8.50993750e-08,1.81500313e-01
8.51393750e-08,1.81468594e-01
8.51793750e-08,1.81501219e-01
8.52193750e-08,1.81463156e-01
8.52593750e-08,1.81518437e-01
8.52993750e-08,1.81362562e-01
8.53393750e-08,1.81220281e-01
8.53793750e-08,1.81271938e-01
8.54193750e-08,1.81235687e-01
8.54593750e-08,1.81269219e-01
8.54993750e-08,1.81230250e-01
8.55393750e-08,1.81287344e-01
8.55793750e-08,1.81127844e-01
8.56193750e-08,1.80991906e-01
8.56593750e-08,1.81033594e-01
8.56993750e-08,1.81012750e-01
8.57393750e-08,1.81022719e-01
8.57793750e-08,1.81021812e-01
8.58193750e-08,1.81011844e-01
8.58593750e-08,1.81043563e-01
8.58993750e-08,1.80907625e-01
8.59393750e-08,1.80749031e-01
8.59793750e-08,1.80813375e-01
8.60193750e-08,1.80768062e-01
8.60593750e-08,1.80804313e-01
8.60993750e-08,1.80773500e-01
8.61393750e-08,1.80801594e-01
8.61793750e-08,1.80775313e-01
8.62193750e-08,1.80799781e-01
8.62593750e-08,1.80776219e-01
8.62993750e-08,1.80799781e-01
8.63393750e-08,1.80777125e-01
8.63793750e-08,1.80798875e-01
8.64193750e-08,1.80776219e-01
8.64593750e-08,1.80799781e-01
8.64993750e-08,1.80776219e-01
8.65393750e-08,1.80800688e-01
8.65793750e-08,1.80774406e-01
8.66193750e-08,1.80803406e-01
8.66593750e-08,1.80769875e-01
8.66993750e-08,1.80811562e-01
8.67393750e-08,1.80749937e-01
8.67793750e-08,1.80914875e-01
8.68193750e-08,1.81045375e-01
8.68593750e-08,1.81008219e-01
8.68993750e-08,1.81026344e-01
8.69393750e-08,1.81016375e-01
8.69793750e-08,1.81021812e-01
8.70193750e-08,1.81020000e-01
8.70593750e-08,1.81019094e-01
8.70993750e-08,1.81020906e-01
8.71393750e-08,1.81018188e-01
8.71793750e-08,1.81021812e-01
8.72193750e-08,1.81017281e-01
8.72593750e-08,1.81022719e-01
8.72993750e-08,1.81017281e-01
8.73393750e-08,1.81023625e-01
8.73793750e-08,1.81016375e-01
8.74193750e-08,1.81023625e-01
8.74593750e-08,1.81015469e-01
8.74993750e-08,1.81024531e-01
8.75393750e-08,1.81015469e-01
8.75793750e-08,1.81024531e-01
8.76193750e-08,1.81014563e-01
8.76593750e-08,1.81025437e-01
8.76993750e-08,1.81013656e-01
8.77393750e-08,1.81026344e-01
8.77793750e-08,1.81012750e-01
8.78193750e-08,1.81028156e-01
8.78593750e-08,1.81010937e-01
8.78993750e-08,1.81029969e-01
8.79393750e-08,1.81008219e-01
8.79793750e-08,1.81034500e-01
8.80193750e-08,1.81000063e-01
8.80593750e-08,1.81054437e-01
8.80993750e-08,1.80896750e-01
8.81393750e-08,1.80759906e-01
8.81793750e-08,1.80802500e-01
8.82193750e-08,1.80778937e-01
8.82593750e-08,1.80794344e-01
8.82993750e-08,1.80783469e-01
8.83393750e-08,1.80790719e-01
8.83793750e-08,1.80786188e-01
8.84193750e-08,1.80789813e-01
8.84593750e-08,1.80787094e-01
8.84993750e-08,1.80788906e-01
8.85393750e-08,1.80788000e-01
8.85793750e-08,1.80788000e-01
8.86193750e-08,1.80788000e-01
8.86593750e-08,1.80787094e-01
8.86993750e-08,1.80788906e-01
8.87393750e-08,1.80787094e-01
8.87793750e-08,1.80788906e-01
8.88193750e-08,1.80787094e-01
8.88593750e-08,1.80788906e-01
8.88993750e-08,1.80786188e-01
8.89393750e-08,1.80789813e-01
8.89793750e-08,1.80786188e-01
8.90193750e-08,1.80789813e-01
8.90593750e-08,1.80786188e-01
8.90993750e-08,1.80788906e-01
8.91393750e-08,1.80787094e-01
8.91793750e-08,1.80788906e-01
8.92193750e-08,1.80788000e-01
8.92593750e-08,1.80787094e-01
8.92993750e-08,1.80789813e-01
8.93393750e-08,1.80783469e-01
8.93793750e-08,1.80797969e-01
8.94193750e-08,1.80764437e-01
8.94593750e-08,1.80899469e-01
8.94993750e-08,1.81061687e-01
8.95393750e-08,1.80991906e-01
8.95793750e-08,1.81044469e-01
8.96193750e-08,1.80997344e-01
8.96593750e-08,1.81043563e-01
8.96993750e-08,1.80994625e-01
8.97393750e-08,1.81050812e-01
8.97793750e-08,1.80974688e-01
8.98193750e-08,1.81154125e-01
8.98593750e-08,1.81269219e-01
8.98993750e-08,1.81249281e-01
8.99393750e-08,1.81247469e-01
8.99793750e-08,1.81261062e-01
9.00193750e-08,1.81238406e-01
9.00593750e-08,1.81272844e-01
9.00993750e-08,1.81214844e-01
9.01393750e-08,1.81378875e-01
9.01793750e-08,1.81507562e-01
9.02193750e-08,1.81474937e-01
9.02593750e-08,1.81485813e-01
9.02993750e-08,1.81487625e-01
9.03393750e-08,1.81474937e-01
9.03793750e-08,1.81500313e-01
9.04193750e-08,1.81452281e-01
9.04593750e-08,1.81606344e-01
9.04993750e-08,1.81744094e-01
9.05393750e-08,1.81703312e-01
9.05793750e-08,1.81722344e-01
9.06193750e-08,1.81715094e-01
9.06593750e-08,1.81711469e-01
9.06993750e-08,1.81727781e-01
9.07393750e-08,1.81688812e-01
9.07793750e-08,1.81833812e-01
9.08193750e-08,1.81981531e-01
9.08593750e-08,1.81928969e-01
9.08993750e-08,1.81959781e-01
9.09393750e-08,1.81939844e-01
9.09793750e-08,1.81952531e-01
9.10193750e-08,1.81946187e-01
9.10593750e-08,1.81945281e-01
9.10993750e-08,1.81957062e-01
9.11393750e-08,1.81924438e-01
9.11793750e-08,1.82061281e-01
9.12193750e-08,1.82218969e-01
9.12593750e-08,1.82155531e-01
9.12993750e-08,1.82199031e-01
9.13393750e-08,1.82163688e-01
9.13793750e-08,1.82195406e-01
9.14193750e-08,1.82165500e-01
9.14593750e-08,1.82195406e-01
9.14993750e-08,1.82162781e-01
9.15393750e-08,1.82201750e-01
9.15793750e-08,1.82144656e-01
9.16193750e-08,1.82303250e-01
9.16593750e-08,1.82441906e-01
9.16993750e-08,1.82394781e-01
9.17393750e-08,1.82424687e-01
9.17793750e-08,1.82401125e-01
9.18193750e-08,1.82421969e-01
9.18593750e-08,1.82401125e-01
9.18993750e-08,1.82423781e-01
9.19393750e-08,1.82397500e-01
9.19793750e-08,1.82432844e-01
9.20193750e-08,1.82376656e-01
9.20593750e-08,1.82536156e-01
9.20993750e-08,1.82672094e-01
9.21393750e-08,1.82630406e-01
9.21793750e-08,1.82651250e-01
9.22193750e-08,1.82640375e-01
9.22593750e-08,1.82644000e-01
9.22993750e-08,1.82646719e-01
9.23393750e-08,1.82637656e-01
9.23793750e-08,1.82656687e-01
9.24193750e-08,1.82615906e-01
9.24593750e-08,1.82761813e-01
9.24993750e-08,1.82909531e-01
9.25393750e-08,1.82856969e-01
9.25793750e-08,1.82888688e-01
9.26193750e-08,1.82866937e-01
9.26593750e-08,1.82881437e-01
9.26993750e-08,1.82873281e-01
9.27393750e-08,1.82875094e-01
9.27793750e-08,1.82883250e-01
9.28193750e-08,1.82854250e-01
9.28593750e-08,1.82987469e-01
9.28993750e-08,1.83148781e-01
9.29393750e-08,1.83081719e-01
9.29793750e-08,1.83128844e-01
9.30193750e-08,1.83089875e-01
9.30593750e-08,1.83124312e-01
9.30993750e-08,1.83091687e-01
9.31393750e-08,1.83123406e-01
9.31793750e-08,1.83091687e-01
9.32193750e-08,1.83125219e-01
9.32593750e-08,1.83088969e-01
9.32993750e-08,1.83132469e-01
9.33393750e-08,1.83069938e-01
9.33793750e-08,1.83234875e-01
9.34193750e-08,1.83365375e-01
9.34593750e-08,1.83328219e-01
9.34993750e-08,1.83347250e-01
9.35393750e-08,1.83335469e-01
9.35793750e-08,1.83342719e-01
9.36193750e-08,1.83338187e-01
9.36593750e-08,1.83341813e-01
9.36993750e-08,1.83339094e-01
9.37393750e-08,1.83340906e-01
9.37793750e-08,1.83339094e-01
9.38193750e-08,1.83340906e-01
9.38593750e-08,1.83339094e-01
9.38993750e-08,1.83340906e-01
9.39393750e-08,1.83339094e-01
9.39793750e-08,1.83340906e-01
9.40193750e-08,1.83338187e-01
9.40593750e-08,1.83341813e-01
9.40993750e-08,1.83337281e-01
9.41393750e-08,1.83342719e-01
9.41793750e-08,1.83336375e-01
9.42193750e-08,1.83344531e-01
9.42593750e-08,1.83333656e-01
9.42993750e-08,1.83348156e-01
9.43393750e-08,1.83329125e-01
9.43793750e-08,1.83357219e-01
9.44193750e-08,1.83308281e-01
9.44593750e-08,1.83460531e-01
9.44993750e-08,1.83602812e-01
9.45393750e-08,1.83554781e-01
9.45793750e-08,1.83582875e-01
9.46193750e-08,1.83564750e-01
9.46593750e-08,1.83576531e-01
9.46993750e-08,1.83570188e-01
9.47393750e-08,1.83572000e-01
9.47793750e-08,1.83575625e-01
9.48193750e-08,1.83562031e-01
9.48593750e-08,1.83597375e-01
9.48993750e-08,1.83457812e-01
9.49393750e-08,1.83302844e-01
9.49793750e-08,1.83363562e-01
9.50193750e-08,1.83321875e-01
9.50593750e-08,1.83354500e-01
9.50993750e-08,1.83327313e-01
9.51393750e-08,1.83350875e-01
9.51793750e-08,1.83330031e-01
9.52193750e-08,1.83349062e-01
9.52593750e-08,1.83330937e-01
9.52993750e-08,1.83348156e-01
9.53393750e-08,1.83332750e-01
9.53793750e-08,1.83347250e-01
9.54193750e-08,1.83333656e-01
9.54593750e-08,1.83346344e-01
9.54993750e-08,1.83334562e-01
9.55393750e-08,1.83344531e-01
9.55793750e-08,1.83336375e-01
9.56193750e-08,1.83342719e-01
9.56593750e-08,1.83338187e-01
9.56993750e-08,1.83340000e-01
9.57393750e-08,1.83342719e-01
9.57793750e-08,1.83330937e-01
9.58193750e-08,1.83362656e-01
9.58593750e-08,1.83228531e-01
9.58993750e-08,1.83068125e-01
9.59393750e-08,1.83134281e-01
9.59793750e-08,1.83087156e-01
9.60193750e-08,1.83126125e-01
9.60593750e-08,1.83091687e-01
9.60993750e-08,1.83123406e-01
9.61393750e-08,1.83093500e-01
9.61793750e-08,1.83122500e-01
9.62193750e-08,1.83093500e-01
9.62593750e-08,1.83121594e-01
9.62993750e-08,1.83094406e-01
9.63393750e-08,1.83121594e-01
9.63793750e-08,1.83093500e-01
9.64193750e-08,1.83122500e-01
9.64593750e-08,1.83093500e-01
9.64993750e-08,1.83123406e-01
9.65393750e-08,1.83091687e-01
9.65793750e-08,1.83125219e-01
9.66193750e-08,1.83088969e-01
9.66593750e-08,1.83130656e-01
9.66993750e-08,1.83079906e-01
9.67393750e-08,1.83150594e-01
9.67793750e-08,1.82976594e-01
9.68193750e-08,1.82855156e-01
9.68593750e-08,1.82882344e-01
9.68993750e-08,1.82875094e-01
9.69393750e-08,1.82873281e-01
9.69793750e-08,1.82880531e-01
9.70193750e-08,1.82869656e-01
9.70593750e-08,1.82883250e-01
9.70993750e-08,1.82866937e-01
9.71393750e-08,1.82885969e-01
9.71793750e-08,1.82864219e-01
9.72193750e-08,1.82889594e-01
9.72593750e-08,1.82860594e-01
9.72993750e-08,1.82895031e-01
9.73393750e-08,1.82850625e-01
9.73793750e-08,1.82915875e-01
9.74193750e-08,1.82746406e-01
9.74593750e-08,1.82622250e-01
9.74993750e-08,1.82651250e-01
9.75393750e-08,1.82643094e-01
9.75793750e-08,1.82640375e-01
9.76193750e-08,1.82650344e-01
9.76593750e-08,1.82634031e-01
9.76993750e-08,1.82658500e-01
9.77393750e-08,1.82623156e-01
9.77793750e-08,1.82680250e-01
9.78193750e-08,1.82518031e-01
9.78593750e-08,1.82387531e-01
9.78993750e-08,1.82421063e-01
9.79393750e-08,1.82410187e-01
9.79793750e-08,1.82409281e-01
9.80193750e-08,1.82420156e-01
9.80593750e-08,1.82396594e-01
9.80993750e-08,1.82443719e-01
9.81393750e-08,1.82290563e-01
9.81793750e-08,1.82151000e-01
9.82193750e-08,1.82194500e-01
9.82593750e-08,1.82172750e-01
9.82993750e-08,1.82181812e-01
9.83393750e-08,1.82182719e-01
9.83793750e-08,1.82170031e-01
9.84193750e-08,1.82205375e-01
9.84593750e-08,1.82064906e-01
9.84993750e-08,1.81911750e-01
9.85393750e-08,1.81969750e-01
9.85793750e-08,1.81932594e-01
9.86193750e-08,1.81959781e-01
9.86593750e-08,1.81938031e-01
9.86993750e-08,1.81956156e-01
9.87393750e-08,1.81940750e-01
9.87793750e-08,1.81954344e-01
9.88193750e-08,1.81942562e-01
9.88593750e-08,1.81952531e-01
9.88993750e-08,1.81943469e-01
9.89393750e-08,1.81951625e-01
9.89793750e-08,1.81945281e-01
9.90193750e-08,1.81950719e-01
9.90593750e-08,1.81946187e-01
9.90993750e-08,1.81949813e-01
9.91393750e-08,1.81947094e-01
9.91793750e-08,1.81948906e-01
9.92193750e-08,1.81948000e-01
9.92593750e-08,1.81948000e-01
9.92993750e-08,1.81948906e-01
9.93393750e-08,1.81946187e-01
9.93793750e-08,1.81950719e-01
9.94193750e-08,1.81944375e-01
9.94593750e-08,1.81953438e-01
9.94993750e-08,1.81938938e-01
9.95393750e-08,1.81962500e-01
9.95793750e-08,1.81919000e-01
9.96193750e-08,1.82065813e-01
9.96593750e-08,1.82214437e-01
9.96993750e-08,1.82159156e-01
9.97393750e-08,1.82195406e-01
9.97793750e-08,1.82167313e-01
9.98193750e-08,1.82191781e-01
9.98593750e-08,1.82169125e-01
9.98993750e-08,1.82190875e-01
9.99393750e-08,1.82169125e-01
9.99793750e-08,1.82192688e-01
1.00019375e-07,1.82165500e-01
1.00059375e-07,1.82199937e-01
1.00099375e-07,1.82146469e-01
1.00139375e-07,1.82302344e-01
1.00179375e-07,1.82442812e-01
1.00219375e-07,1.82394781e-01
1.00259375e-07,1.82423781e-01
1.00299375e-07,1.82402938e-01
1.00339375e-07,1.82420156e-01
1.00379375e-07,1.82404750e-01
1.00419375e-07,1.82419250e-01
1.00459375e-07,1.82404750e-01
1.00499375e-07,1.82419250e-01
1.00539375e-07,1.82404750e-01
1.00579375e-07,1.82420156e-01
1.00619375e-07,1.82402938e-01
1.00659375e-07,1.82422875e-01
1.00699375e-07,1.82397500e-01
1.00739375e-07,1.82431938e-01
1.00779375e-07,1.82377563e-01
1.00819375e-07,1.82535250e-01
1.00859375e-07,1.82673000e-01
1.00899375e-07,1.82629500e-01
1.00939375e-07,1.82653062e-01
1.00979375e-07,1.82637656e-01
1.01019375e-07,1.82648531e-01
1.01059375e-07,1.82641281e-01
1.01099375e-07,1.82644906e-01
1.01139375e-07,1.82644000e-01
1.01179375e-07,1.82642187e-01
1.01219375e-07,1.82647625e-01
1.01259375e-07,1.82636750e-01
1.01299375e-07,1.82656687e-01
1.01339375e-07,1.82616813e-01
1.01379375e-07,1.82760000e-01
1.01419375e-07,1.82912250e-01
1.01459375e-07,1.82853344e-01
1.01499375e-07,1.82893219e-01
1.01539375e-07,1.82861500e-01
1.01579375e-07,1.82889594e-01
1.01619375e-07,1.82862406e-01
1.01659375e-07,1.82890500e-01
1.01699375e-07,1.82859688e-01
1.01739375e-07,1.82897750e-01
1.01779375e-07,1.82840656e-01
1.01819375e-07,1.82999250e-01
1.01859375e-07,1.83137000e-01
1.01899375e-07,1.83092594e-01
1.01939375e-07,1.83118875e-01
1.01979375e-07,1.83099844e-01
1.02019375e-07,1.83114344e-01
1.02059375e-07,1.83102563e-01
1.02099375e-07,1.83113438e-01
1.02139375e-07,1.83102563e-01
1.02179375e-07,1.83112531e-01
1.02219375e-07,1.83103469e-01
1.02259375e-07,1.83113438e-01
1.02299375e-07,1.83102563e-01
1.02339375e-07,1.83113438e-01
1.02379375e-07,1.83101656e-01
1.02419375e-07,1.83115250e-01
1.02459375e-07,1.83099844e-01
1.02499375e-07,1.83117063e-01
1.02539375e-07,1.83097125e-01
1.02579375e-07,1.83122500e-01
1.02619375e-07,1.83088063e-01
1.02659375e-07,1.83142438e-01
1.02699375e-07,1.82983844e-01
1.02739375e-07,1.82848812e-01
1.02779375e-07,1.82888688e-01
1.02819375e-07,1.82869656e-01
1.02859375e-07,1.82877812e-01
1.02899375e-07,1.82878719e-01
1.02939375e-07,1.82866937e-01
1.02979375e-07,1.82900469e-01
1.03019375e-07,1.82762719e-01
1.03059375e-07,1.82605031e-01
1.03099375e-07,1.82670281e-01
1.03139375e-07,1.82622250e-01
1.03179375e-07,1.82664844e-01
1.03219375e-07,1.82619531e-01
1.03259375e-07,1.82681156e-01
1.03299375e-07,1.82519844e-01
1.03339375e-07,1.82382094e-01
1.03379375e-07,1.82430125e-01
1.03419375e-07,1.82397500e-01
1.03459375e-07,1.82427406e-01
1.03499375e-07,1.82392063e-01
1.03539375e-07,1.82445531e-01
1.03579375e-07,1.82290563e-01
1.03619375e-07,1.82149188e-01
1.03659375e-07,1.82197219e-01
1.03699375e-07,1.82168219e-01
1.03739375e-07,1.82189062e-01
1.03779375e-07,1.82172750e-01
1.03819375e-07,1.82186344e-01
1.03859375e-07,1.82174562e-01
1.03899375e-07,1.82185437e-01
1.03939375e-07,1.82175469e-01
1.03979375e-07,1.82183625e-01
1.04019375e-07,1.82176375e-01
1.04059375e-07,1.82183625e-01
1.04099375e-07,1.82177281e-01
1.04139375e-07,1.82182719e-01
1.04179375e-07,1.82178188e-01
1.04219375e-07,1.82181812e-01
1.04259375e-07,1.82178188e-01
1.04299375e-07,1.82180906e-01
1.04339375e-07,1.82179094e-01
1.04379375e-07,1.82180000e-01
1.04419375e-07,1.82180000e-01
1.04459375e-07,1.82179094e-01
1.04499375e-07,1.82181812e-01
1.04539375e-07,1.82176375e-01
1.04579375e-07,1.82185437e-01
1.04619375e-07,1.82171844e-01
1.04659375e-07,1.82193594e-01
1.04699375e-07,1.82151906e-01
1.04739375e-07,1.82296906e-01
1.04779375e-07,1.82447344e-01
1.04819375e-07,1.82391156e-01
1.04859375e-07,1.82427406e-01
1.04899375e-07,1.82399312e-01
1.04939375e-07,1.82422875e-01
1.04979375e-07,1.82402031e-01
1.05019375e-07,1.82421063e-01
1.05059375e-07,1.82403844e-01
1.05099375e-07,1.82419250e-01
1.05139375e-07,1.82404750e-01
1.05179375e-07,1.82419250e-01
1.05219375e-07,1.82405656e-01
1.05259375e-07,1.82418344e-01
1.05299375e-07,1.82405656e-01
1.05339375e-07,1.82418344e-01
1.05379375e-07,1.82405656e-01
1.05419375e-07,1.82417438e-01
1.05459375e-07,1.82406563e-01
1.05499375e-07,1.82417438e-01
1.05539375e-07,1.82406563e-01
1.05579375e-07,1.82417438e-01
1.05619375e-07,1.82406563e-01
1.05659375e-07,1.82417438e-01
1.05699375e-07,1.82406563e-01
1.05739375e-07,1.82417438e-01
1.05779375e-07,1.82406563e-01
1.05819375e-07,1.82417438e-01
1.05859375e-07,1.82406563e-01
1.05899375e-07,1.82417438e-01
1.05939375e-07,1.82406563e-01
1.05979375e-07,1.82417438e-01
1.06019375e-07,1.82406563e-01
1.06059375e-07,1.82417438e-01
1.06099375e-07,1.82406563e-01
1.06139375e-07,1.82417438e-01
1.06179375e-07,1.82406563e-01
1.06219375e-07,1.82417438e-01
1.06259375e-07,1.82406563e-01
1.06299375e-07,1.82417438e-01
1.06339375e-07,1.82406563e-01
1.06379375e-07,1.82417438e-01
1.06419375e-07,1.82406563e-01
1.06459375e-07,1.82417438e-01
1.06499375e-07,1.82406563e-01
1.06539375e-07,1.82417438e-01
1.06579375e-07,1.82406563e-01
1.06619375e-07,1.82417438e-01
1.06659375e-07,1.82405656e-01
1.06699375e-07,1.82418344e-01
1.06739375e-07,1.82405656e-01
1.06779375e-07,1.82418344e-01
1.06819375e-07,1.82405656e-01
1.06859375e-07,1.82419250e-01
1.06899375e-07,1.82404750e-01
1.06939375e-07,1.82419250e-01
1.06979375e-07,1.82403844e-01
1.07019375e-07,1.82420156e-01
1.07059375e-07,1.82402938e-01
1.07099375e-07,1.82421969e-01
1.07139375e-07,1.82401125e-01
1.07179375e-07,1.82424687e-01
1.07219375e-07,1.82396594e-01
1.07259375e-07,1.82432844e-01
1.07299375e-07,1.82376656e-01
1.07339375e-07,1.82536156e-01
1.07379375e-07,1.82673000e-01
1.07419375e-07,1.82628594e-01
1.07459375e-07,1.82655781e-01
1.07499375e-07,1.82633125e-01
1.07539375e-07,1.82658500e-01
1.07579375e-07,1.82616813e-01
1.07619375e-07,1.82758188e-01
1.07659375e-07,1.82915875e-01
1.07699375e-07,1.82847906e-01
1.07739375e-07,1.82901375e-01
1.07779375e-07,1.82849719e-01
1.07819375e-07,1.82907719e-01
1.07859375e-07,1.82830688e-01
1.07899375e-07,1.83011031e-01
1.07939375e-07,1.83124312e-01
1.07979375e-07,1.83107094e-01
1.08019375e-07,1.83099844e-01
1.08059375e-07,1.83124312e-01
1.08099375e-07,1.83075375e-01
1.08139375e-07,1.83231250e-01
1.08179375e-07,1.83367188e-01
1.08219375e-07,1.83328219e-01
1.08259375e-07,1.83344531e-01
1.08299375e-07,1.83340906e-01
1.08339375e-07,1.83334562e-01
1.08379375e-07,1.83352688e-01
1.08419375e-07,1.83311000e-01
1.08459375e-07,1.83458719e-01
1.08499375e-07,1.83604625e-01
1.08539375e-07,1.83553875e-01
1.08579375e-07,1.83583781e-01
1.08619375e-07,1.83563844e-01
1.08659375e-07,1.83578344e-01
1.08699375e-07,1.83568375e-01
1.08739375e-07,1.83574719e-01
1.08779375e-07,1.83571094e-01
1.08819375e-07,1.83571094e-01
1.08859375e-07,1.83574719e-01
1.08899375e-07,1.83566563e-01
1.08939375e-07,1.83581063e-01
1.08979375e-07,1.83557500e-01
1.09019375e-07,1.83601906e-01
1.09059375e-07,1.83452375e-01
1.09099375e-07,1.83307375e-01
1.09139375e-07,1.83358125e-01
1.09179375e-07,1.83328219e-01
1.09219375e-07,1.83348156e-01
1.09259375e-07,1.83334562e-01
1.09299375e-07,1.83343625e-01
1.09339375e-07,1.83339094e-01
1.09379375e-07,1.83338187e-01
1.09419375e-07,1.83345437e-01
1.09459375e-07,1.83328219e-01
1.09499375e-07,1.83366281e-01
1.09539375e-07,1.83224000e-01
1.09579375e-07,1.83072656e-01
1.09619375e-07,1.83128844e-01
1.09659375e-07,1.83092594e-01
1.09699375e-07,1.83119781e-01
1.09739375e-07,1.83098938e-01
1.09779375e-07,1.83115250e-01
1.09819375e-07,1.83103469e-01
1.09859375e-07,1.83110719e-01
1.09899375e-07,1.83108906e-01
1.09939375e-07,1.83100750e-01
1.09979375e-07,1.83129750e-01
1.10019375e-07,1.82997437e-01
1.10059375e-07,1.82835219e-01
1.10099375e-07,1.82903188e-01
1.10139375e-07,1.82854250e-01
1.10179375e-07,1.82895031e-01
1.10219375e-07,1.82858781e-01
1.10259375e-07,1.82892312e-01
1.10299375e-07,1.82860594e-01
1.10339375e-07,1.82891406e-01
1.10379375e-07,1.82860594e-01
1.10419375e-07,1.82891406e-01
1.10459375e-07,1.82860594e-01
1.10499375e-07,1.82892312e-01
1.10539375e-07,1.82857875e-01
1.10579375e-07,1.82896844e-01
1.10619375e-07,1.82849719e-01
1.10659375e-07,1.82916781e-01
1.10699375e-07,1.82746406e-01
1.10739375e-07,1.82621344e-01
1.10779375e-07,1.82653062e-01
1.10819375e-07,1.82640375e-01
1.10859375e-07,1.82644000e-01
1.10899375e-07,1.82645813e-01
1.10939375e-07,1.82640375e-01
1.10979375e-07,1.82648531e-01
1.11019375e-07,1.82637656e-01
1.11059375e-07,1.82652156e-01
1.11099375e-07,1.82634031e-01
1.11139375e-07,1.82656687e-01
1.11179375e-07,1.82624969e-01
1.11219375e-07,1.82677531e-01
1.11259375e-07,1.82521656e-01
1.11299375e-07,1.82382094e-01
1.11339375e-07,1.82427406e-01
1.11379375e-07,1.82402031e-01
1.11419375e-07,1.82419250e-01
1.11459375e-07,1.82406563e-01
1.11499375e-07,1.82416531e-01
1.11539375e-07,1.82408375e-01
1.11579375e-07,1.82414719e-01
1.11619375e-07,1.82409281e-01
1.11659375e-07,1.82413812e-01
1.11699375e-07,1.82410187e-01
1.11739375e-07,1.82412906e-01
1.11779375e-07,1.82411094e-01
1.11819375e-07,1.82412906e-01
1.11859375e-07,1.82411094e-01
1.11899375e-07,1.82412906e-01
1.11939375e-07,1.82411094e-01
1.11979375e-07,1.82412906e-01
1.12019375e-07,1.82411094e-01
1.12059375e-07,1.82412906e-01
1.12099375e-07,1.82411094e-01
1.12139375e-07,1.82412906e-01
1.12179375e-07,1.82411094e-01
1.12219375e-07,1.82412906e-01
1.12259375e-07,1.82411094e-01
1.12299375e-07,1.82412906e-01
1.12339375e-07,1.82410187e-01
1.12379375e-07,1.82413812e-01
1.12419375e-07,1.82409281e-01
1.12459375e-07,1.82414719e-01
1.12499375e-07,1.82407469e-01
1.12539375e-07,1.82417438e-01
1.12579375e-07,1.82403844e-01
1.12619375e-07,1.82425594e-01
1.12659375e-07,1.82383906e-01
1.12699375e-07,1.82528906e-01
1.12739375e-07,1.82679344e-01
1.12779375e-07,1.82622250e-01
1.12819375e-07,1.82661219e-01
1.12859375e-07,1.82629500e-01
1.12899375e-07,1.82657594e-01
1.12939375e-07,1.82631313e-01
1.12979375e-07,1.82656687e-01
1.13019375e-07,1.82630406e-01
1.13059375e-07,1.82658500e-01
1.13099375e-07,1.82626781e-01
1.13139375e-07,1.82666656e-01
1.13179375e-07,1.82606844e-01
1.13219375e-07,1.82769062e-01
1.13259375e-07,1.82903188e-01
1.13299375e-07,1.82863312e-01
1.13339375e-07,1.82884156e-01
1.13379375e-07,1.82870563e-01
1.13419375e-07,1.82879625e-01
1.13459375e-07,1.82874188e-01
1.13499375e-07,1.82877812e-01
1.13539375e-07,1.82875094e-01
1.13579375e-07,1.82876000e-01
1.13619375e-07,1.82876000e-01
1.13659375e-07,1.82876000e-01
1.13699375e-07,1.82876906e-01
1.13739375e-07,1.82875094e-01
1.13779375e-07,1.82876906e-01
1.13819375e-07,1.82875094e-01
1.13859375e-07,1.82876906e-01
1.13899375e-07,1.82874188e-01
1.13939375e-07,1.82877812e-01
1.13979375e-07,1.82874188e-01
1.14019375e-07,1.82877812e-01
1.14059375e-07,1.82874188e-01
1.14099375e-07,1.82877812e-01
1.14139375e-07,1.82874188e-01
1.14179375e-07,1.82878719e-01
1.14219375e-07,1.82873281e-01
1.14259375e-07,1.82878719e-01
1.14299375e-07,1.82873281e-01
1.14339375e-07,1.82878719e-01
1.14379375e-07,1.82873281e-01
1.14419375e-07,1.82878719e-01
1.14459375e-07,1.82872375e-01
1.14499375e-07,1.82879625e-01
1.14539375e-07,1.82872375e-01
1.14579375e-07,1.82879625e-01
1.14619375e-07,1.82872375e-01
1.14659375e-07,1.82880531e-01
1.14699375e-07,1.82871469e-01
1.14739375e-07,1.82880531e-01
1.14779375e-07,1.82870563e-01
1.14819375e-07,1.82882344e-01
1.14859375e-07,1.82869656e-01
1.14899375e-07,1.82883250e-01
1.14939375e-07,1.82866937e-01
1.14979375e-07,1.82886875e-01
1.15019375e-07,1.82862406e-01
1.15059375e-07,1.82895031e-01
1.15099375e-07,1.82842469e-01
1.15139375e-07,1.82998344e-01
1.15179375e-07,1.83137906e-01
1.15219375e-07,1.83092594e-01
1.15259375e-07,1.83117969e-01
1.15299375e-07,1.83100750e-01
1.15339375e-07,1.83113438e-01
1.15379375e-07,1.83103469e-01
1.15419375e-07,1.83110719e-01
1.15459375e-07,1.83105281e-01
1.15499375e-07,1.83109812e-01
1.15539375e-07,1.83107094e-01
1.15579375e-07,1.83108906e-01
1.15619375e-07,1.83108000e-01
1.15659375e-07,1.83108000e-01
1.15699375e-07,1.83108906e-01
1.15739375e-07,1.83107094e-01
1.15779375e-07,1.83109812e-01
1.15819375e-07,1.83106187e-01
1.15859375e-07,1.83110719e-01
1.15899375e-07,1.83104375e-01
1.15939375e-07,1.83112531e-01
1.15979375e-07,1.83101656e-01
1.16019375e-07,1.83117063e-01
1.16059375e-07,1.83093500e-01
1.16099375e-07,1.83137000e-01
1.16139375e-07,1.82990187e-01
1.16179375e-07,1.82841562e-01
1.16219375e-07,1.82896844e-01
1.16259375e-07,1.82859688e-01
1.16299375e-07,1.82889594e-01
1.16339375e-07,1.82863312e-01
1.16379375e-07,1.82888688e-01
1.16419375e-07,1.82862406e-01
1.16459375e-07,1.82891406e-01
1.16499375e-07,1.82855156e-01
1.16539375e-07,1.82910437e-01
1.16579375e-07,1.82752750e-01
1.16619375e-07,1.82615000e-01
1.16659375e-07,1.82659406e-01
1.16699375e-07,1.82633125e-01
1.16739375e-07,1.82652156e-01
1.16779375e-07,1.82637656e-01
1.16819375e-07,1.82649438e-01
1.16859375e-07,1.82639469e-01
1.16899375e-07,1.82648531e-01
1.16939375e-07,1.82640375e-01
1.16979375e-07,1.82647625e-01
1.17019375e-07,1.82640375e-01
1.17059375e-07,1.82647625e-01
1.17099375e-07,1.82640375e-01
1.17139375e-07,1.82647625e-01
1.17179375e-07,1.82640375e-01
1.17219375e-07,1.82647625e-01
1.17259375e-07,1.82640375e-01
1.17299375e-07,1.82647625e-01
1.17339375e-07,1.82639469e-01
1.17379375e-07,1.82648531e-01
1.17419375e-07,1.82638562e-01
1.17459375e-07,1.82650344e-01
1.17499375e-07,1.82636750e-01
1.17539375e-07,1.82653062e-01
1.17579375e-07,1.82632219e-01
1.17619375e-07,1.82660313e-01
1.17659375e-07,1.82613187e-01
1.17699375e-07,1.82763625e-01
1.17739375e-07,1.82909531e-01
1.17779375e-07,1.82856062e-01
1.17819375e-07,1.82891406e-01
1.17859375e-07,1.82862406e-01
1.17899375e-07,1.82889594e-01
1.17939375e-07,1.82860594e-01
1.17979375e-07,1.82895937e-01
1.18019375e-07,1.82842469e-01
1.18059375e-07,1.82998344e-01
1.18099375e-07,1.83138812e-01
1.18139375e-07,1.83090781e-01
1.18179375e-07,1.83119781e-01
1.18219375e-07,1.83098031e-01
1.18259375e-07,1.83116156e-01
1.18299375e-07,1.83100750e-01
1.18339375e-07,1.83114344e-01
1.18379375e-07,1.83101656e-01
1.18419375e-07,1.83114344e-01
1.18459375e-07,1.83101656e-01
1.18499375e-07,1.83114344e-01
1.18539375e-07,1.83101656e-01
1.18579375e-07,1.83114344e-01
1.18619375e-07,1.83101656e-01
1.18659375e-07,1.83114344e-01
1.18699375e-07,1.83101656e-01
1.18739375e-07,1.83115250e-01
1.18779375e-07,1.83100750e-01
1.18819375e-07,1.83116156e-01
1.18859375e-07,1.83099844e-01
1.18899375e-07,1.83117063e-01
1.18939375e-07,1.83098031e-01
1.18979375e-07,1.83119781e-01
1.19019375e-07,1.83094406e-01
1.19059375e-07,1.83124312e-01
1.19099375e-07,1.83085344e-01
1.19139375e-07,1.83145156e-01
1.19179375e-07,1.82982031e-01
1.19219375e-07,1.82850625e-01
1.19259375e-07,1.82886875e-01
1.19299375e-07,1.82871469e-01
1.19339375e-07,1.82876906e-01
1.19379375e-07,1.82877812e-01
1.19419375e-07,1.82870563e-01
1.19459375e-07,1.82885063e-01
1.19499375e-07,1.82860594e-01
1.19539375e-07,1.82906812e-01
1.19579375e-07,1.82755469e-01
1.19619375e-07,1.82613187e-01
1.19659375e-07,1.82660313e-01
1.19699375e-07,1.82634938e-01
1.19739375e-07,1.82648531e-01
1.19779375e-07,1.82644000e-01
1.19819375e-07,1.82637656e-01
1.19859375e-07,1.82664844e-01
1.19899375e-07,1.82534344e-01
1.19939375e-07,1.82369406e-01
1.19979375e-07,1.82441000e-01
1.20019375e-07,1.82386625e-01
1.20059375e-07,1.82437375e-01
1.20099375e-07,1.82383000e-01
1.20139375e-07,1.82453687e-01
1.20179375e-07,1.82282406e-01
1.20219375e-07,1.82157344e-01
1.20259375e-07,1.82189062e-01
1.20299375e-07,1.82177281e-01
1.20339375e-07,1.82179094e-01
1.20379375e-07,1.82184531e-01
1.20419375e-07,1.82169125e-01
1.20459375e-07,1.82204469e-01
1.20499375e-07,1.82066719e-01
1.20539375e-07,1.81908125e-01
1.20579375e-07,1.81975187e-01
1.20619375e-07,1.81924438e-01
1.20659375e-07,1.81971562e-01
1.20699375e-07,1.81919906e-01
1.20739375e-07,1.81989687e-01
1.20779375e-07,1.81818406e-01
1.20819375e-07,1.81693344e-01
1.20859375e-07,1.81725063e-01
1.20899375e-07,1.81712375e-01
1.20939375e-07,1.81716000e-01
1.20979375e-07,1.81718719e-01
1.21019375e-07,1.81710563e-01
1.21059375e-07,1.81725063e-01
1.21099375e-07,1.81700594e-01
1.21139375e-07,1.81746812e-01
1.21179375e-07,1.81596375e-01
1.21219375e-07,1.81451375e-01
1.21259375e-07,1.81502125e-01
1.21299375e-07,1.81471313e-01
1.21339375e-07,1.81493062e-01
1.21379375e-07,1.81476750e-01
1.21419375e-07,1.81490344e-01
1.21459375e-07,1.81478562e-01
1.21499375e-07,1.81488531e-01
1.21539375e-07,1.81480375e-01
1.21579375e-07,1.81486719e-01
1.21619375e-07,1.81481281e-01
1.21659375e-07,1.81485813e-01
1.21699375e-07,1.81483094e-01
1.21739375e-07,1.81484906e-01
1.21779375e-07,1.81484000e-01
1.21819375e-07,1.81484000e-01
1.21859375e-07,1.81484906e-01
1.21899375e-07,1.81482188e-01
1.21939375e-07,1.81486719e-01
1.21979375e-07,1.81480375e-01
1.22019375e-07,1.81489437e-01
1.22059375e-07,1.81475844e-01
1.22099375e-07,1.81497594e-01
1.22139375e-07,1.81455906e-01
1.22179375e-07,1.81600906e-01
1.22219375e-07,1.81751344e-01
1.22259375e-07,1.81694250e-01
1.22299375e-07,1.81733219e-01
1.22339375e-07,1.81700594e-01
1.22379375e-07,1.81731406e-01
1.22419375e-07,1.81699687e-01
1.22459375e-07,1.81736844e-01
1.22499375e-07,1.81682469e-01
1.22539375e-07,1.81837438e-01
1.22579375e-07,1.81979719e-01
1.22619375e-07,1.81928969e-01
1.22659375e-07,1.81964313e-01
1.22699375e-07,1.81931687e-01
1.22739375e-07,1.81967938e-01
1.22779375e-07,1.81914469e-01
1.22819375e-07,1.82068531e-01
1.22859375e-07,1.82212625e-01
1.22899375e-07,1.82160062e-01
1.22939375e-07,1.82196312e-01
1.22979375e-07,1.82164594e-01
1.23019375e-07,1.82199031e-01
1.23059375e-07,1.82148281e-01
1.23099375e-07,1.82299625e-01
1.23139375e-07,1.82446438e-01
1.23179375e-07,1.82389344e-01
1.23219375e-07,1.82431031e-01
1.23259375e-07,1.82392063e-01
1.23299375e-07,1.82436469e-01
1.23339375e-07,1.82373937e-01
1.23379375e-07,1.82538875e-01
1.23419375e-07,1.82669375e-01
1.23459375e-07,1.82633125e-01
1.23499375e-07,1.82648531e-01
1.23539375e-07,1.82644000e-01
1.23579375e-07,1.82639469e-01
1.23619375e-07,1.82654875e-01
1.23659375e-07,1.82618625e-01
1.23699375e-07,1.82759094e-01
1.23739375e-07,1.82913156e-01
1.23779375e-07,1.82853344e-01
1.23819375e-07,1.82894125e-01
1.23859375e-07,1.82860594e-01
1.23899375e-07,1.82889594e-01
1.23939375e-07,1.82862406e-01
1.23979375e-07,1.82890500e-01
1.24019375e-07,1.82859688e-01
1.24059375e-07,1.82896844e-01
1.24099375e-07,1.82841562e-01
1.24139375e-07,1.82999250e-01
1.24179375e-07,1.83137906e-01
1.24219375e-07,1.83091687e-01
1.24259375e-07,1.83119781e-01
1.24299375e-07,1.83098938e-01
1.24339375e-07,1.83116156e-01
1.24379375e-07,1.83099844e-01
1.24419375e-07,1.83116156e-01
1.24459375e-07,1.83099844e-01
1.24499375e-07,1.83116156e-01
1.24539375e-07,1.83098938e-01
1.24579375e-07,1.83118875e-01
1.24619375e-07,1.83095312e-01
1.24659375e-07,1.83123406e-01
1.24699375e-07,1.83086250e-01
1.24739375e-07,1.83144250e-01
1.24779375e-07,1.82982031e-01
1.24819375e-07,1.82849719e-01
1.24859375e-07,1.82886875e-01
1.24899375e-07,1.82870563e-01
1.24939375e-07,1.82876906e-01
1.24979375e-07,1.82878719e-01
1.25019375e-07,1.82870563e-01
1.25059375e-07,1.82885969e-01
1.25099375e-07,1.82858781e-01
1.25139375e-07,1.82908625e-01
1.25179375e-07,1.82752750e-01
1.25219375e-07,1.82616813e-01
1.25259375e-07,1.82654875e-01
1.25299375e-07,1.82642187e-01
1.25339375e-07,1.82636750e-01
1.25379375e-07,1.82668469e-01
1.25419375e-07,1.82528000e-01
1.25459375e-07,1.82377563e-01
1.25499375e-07,1.82429219e-01
1.25539375e-07,1.82403844e-01
1.25579375e-07,1.82411094e-01
1.25619375e-07,1.82430125e-01
1.25659375e-07,1.82303250e-01
1.25699375e-07,1.82138313e-01
1.25739375e-07,1.82206281e-01
1.25779375e-07,1.82160969e-01
1.25819375e-07,1.82194500e-01
1.25859375e-07,1.82170937e-01
1.25899375e-07,1.82181812e-01
1.25939375e-07,1.82193594e-01
1.25979375e-07,1.82076688e-01
1.26019375e-07,1.81899969e-01
1.26059375e-07,1.81982438e-01
1.26099375e-07,1.81919906e-01
1.26139375e-07,1.81973375e-01
1.26179375e-07,1.81924438e-01
1.26219375e-07,1.81970656e-01
1.26259375e-07,1.81926250e-01
1.26299375e-07,1.81969750e-01
1.26339375e-07,1.81926250e-01
1.26379375e-07,1.81969750e-01
1.26419375e-07,1.81926250e-01
1.26459375e-07,1.81970656e-01
1.26499375e-07,1.81923531e-01
1.26539375e-07,1.81974281e-01
1.26579375e-07,1.81919000e-01
1.26619375e-07,1.81983344e-01
1.26659375e-07,1.81897250e-01
1.26699375e-07,1.82088469e-01
1.26739375e-07,1.82189969e-01
1.26779375e-07,1.82186344e-01
1.26819375e-07,1.82164594e-01
1.26859375e-07,1.82204469e-01
1.26899375e-07,1.82138313e-01
1.26939375e-07,1.82314125e-01
1.26979375e-07,1.82425594e-01
1.27019375e-07,1.82419250e-01
1.27059375e-07,1.82383906e-01
1.27099375e-07,1.82534344e-01
1.27139375e-07,1.82669375e-01
1.27179375e-07,1.82640375e-01
1.27219375e-07,1.82626781e-01
1.27259375e-07,1.82754562e-01
1.27299375e-07,1.82914063e-01
1.27339375e-07,1.82856969e-01
1.27379375e-07,1.82876000e-01
1.27419375e-07,1.82964812e-01
1.27459375e-07,1.83175969e-01
1.27499375e-07,1.83040031e-01
1.27539375e-07,1.83260250e-01
1.27579375e-07,1.83340000e-01
1.27619375e-07,1.83358125e-01
1.27659375e-07,1.83302844e-01
1.27699375e-07,1.83469594e-01
1.27739375e-07,1.83590125e-01
1.27779375e-07,1.83573812e-01
1.27819375e-07,1.83549344e-01
1.27859375e-07,1.83687094e-01
1.27899375e-07,1.83836625e-01
1.27939375e-07,1.83791312e-01
1.27979375e-07,1.83796750e-01
1.28019375e-07,1.83901875e-01
1.28059375e-07,1.84089469e-01
1.28099375e-07,1.83994313e-01
1.28139375e-07,1.84076781e-01
1.28179375e-07,1.83984344e-01
1.28219375e-07,1.84173750e-01
1.28259375e-07,1.84283406e-01
1.28299375e-07,1.84264375e-01
1.28339375e-07,1.84267094e-01
1.28379375e-07,1.84271625e-01
1.28419375e-07,1.84263469e-01
1.28459375e-07,1.84273437e-01
1.28499375e-07,1.84262563e-01
1.28539375e-07,1.84274344e-01
1.28579375e-07,1.84261656e-01
1.28619375e-07,1.84274344e-01
1.28659375e-07,1.84261656e-01
1.28699375e-07,1.84275250e-01
1.28739375e-07,1.84260750e-01
1.28779375e-07,1.84275250e-01
1.28819375e-07,1.84260750e-01
1.28859375e-07,1.84275250e-01
1.28899375e-07,1.84260750e-01
1.28939375e-07,1.84275250e-01
1.28979375e-07,1.84260750e-01
1.29019375e-07,1.84275250e-01
1.29059375e-07,1.84261656e-01
1.29099375e-07,1.84274344e-01
1.29139375e-07,1.84262563e-01
1.29179375e-07,1.84272531e-01
1.29219375e-07,1.84266187e-01
1.29259375e-07,1.84265281e-01
1.29299375e-07,1.84284312e-01
1.29339375e-07,1.84163781e-01
1.29379375e-07,1.83987062e-01
1.29419375e-07,1.84073156e-01
1.29459375e-07,1.84001562e-01
1.29499375e-07,1.84070437e-01
1.29539375e-07,1.83996125e-01
1.29579375e-07,1.84089469e-01
1.29619375e-07,1.83892813e-01
1.29659375e-07,1.83795844e-01
1.29699375e-07,1.83795844e-01
1.29739375e-07,1.83820312e-01
1.29779375e-07,1.83778625e-01
1.29819375e-07,1.83846594e-01
1.29859375e-07,1.83670781e-01
1.29899375e-07,1.83555688e-01
1.29939375e-07,1.83572000e-01
1.29979375e-07,1.83581969e-01
1.30019375e-07,1.83552969e-01
1.30059375e-07,1.83608250e-01
1.30099375e-07,1.83444219e-01
1.30139375e-07,1.83318250e-01
1.30179375e-07,1.83344531e-01
1.30219375e-07,1.83344531e-01
1.30259375e-07,1.83325500e-01
1.30299375e-07,1.83371719e-01
1.30339375e-07,1.83216750e-01
1.30379375e-07,1.83081719e-01
1.30419375e-07,1.83117969e-01
1.30459375e-07,1.83108000e-01
1.30499375e-07,1.83098938e-01
1.30539375e-07,1.83134281e-01
1.30579375e-07,1.82991094e-01
1.30619375e-07,1.82842469e-01
1.30659375e-07,1.82894125e-01
1.30699375e-07,1.82865125e-01
1.30739375e-07,1.82882344e-01
1.30779375e-07,1.82873281e-01
1.30819375e-07,1.82875094e-01
1.30859375e-07,1.82880531e-01
1.30899375e-07,1.82864219e-01
1.30939375e-07,1.82903188e-01
1.30979375e-07,1.82759094e-01
1.31019375e-07,1.82609562e-01
1.31059375e-07,1.82663937e-01
1.31099375e-07,1.82629500e-01
1.31139375e-07,1.82654875e-01
1.31179375e-07,1.82635844e-01
1.31219375e-07,1.82650344e-01
1.31259375e-07,1.82638562e-01
1.31299375e-07,1.82647625e-01
1.31339375e-07,1.82641281e-01
1.31379375e-07,1.82645813e-01
1.31419375e-07,1.82643094e-01
1.31459375e-07,1.82643094e-01
1.31499375e-07,1.82645813e-01
1.31539375e-07,1.82640375e-01
1.31579375e-07,1.82649438e-01
1.31619375e-07,1.82634938e-01
1.31659375e-07,1.82659406e-01
1.31699375e-07,1.82614094e-01
1.31739375e-07,1.82762719e-01
1.31779375e-07,1.82908625e-01
1.31819375e-07,1.82857875e-01
1.31859375e-07,1.82888688e-01
1.31899375e-07,1.82866937e-01
1.31939375e-07,1.82883250e-01
1.31979375e-07,1.82870563e-01
1.32019375e-07,1.82880531e-01
1.32059375e-07,1.82872375e-01
1.32099375e-07,1.82878719e-01
1.32139375e-07,1.82874188e-01
1.32179375e-07,1.82876906e-01
1.32219375e-07,1.82876000e-01
1.32259375e-07,1.82875094e-01
1.32299375e-07,1.82877812e-01
1.32339375e-07,1.82872375e-01
1.32379375e-07,1.82881437e-01
1.32419375e-07,1.82868750e-01
1.32459375e-07,1.82886875e-01
1.32499375e-07,1.82859688e-01
1.32539375e-07,1.82907719e-01
1.32579375e-07,1.82755469e-01
1.32619375e-07,1.82613187e-01
1.32659375e-07,1.82661219e-01
1.32699375e-07,1.82633125e-01
1.32739375e-07,1.82651250e-01
1.32779375e-07,1.82639469e-01
1.32819375e-07,1.82646719e-01
1.32859375e-07,1.82643094e-01
1.32899375e-07,1.82643094e-01
1.32939375e-07,1.82646719e-01
1.32979375e-07,1.82638562e-01
1.33019375e-07,1.82652156e-01
1.33059375e-07,1.82629500e-01
1.33099375e-07,1.82673906e-01
1.33139375e-07,1.82524375e-01
1.33179375e-07,1.82380281e-01
1.33219375e-07,1.82429219e-01
1.33259375e-07,1.82401125e-01
1.33299375e-07,1.82419250e-01
1.33339375e-07,1.82407469e-01
1.33379375e-07,1.82413812e-01
1.33419375e-07,1.82413812e-01
1.33459375e-07,1.82406563e-01
1.33499375e-07,1.82423781e-01
1.33539375e-07,1.82384812e-01
1.33579375e-07,1.82529812e-01
1.33619375e-07,1.82677531e-01
1.33659375e-07,1.82625875e-01
1.33699375e-07,1.82654875e-01
1.33739375e-07,1.82637656e-01
1.33779375e-07,1.82644906e-01
1.33819375e-07,1.82650344e-01
1.33859375e-07,1.82621344e-01
1.33899375e-07,1.82756375e-01
1.33939375e-07,1.82914063e-01
1.33979375e-07,1.82853344e-01
1.34019375e-07,1.82889594e-01
1.34059375e-07,1.82870563e-01
1.34099375e-07,1.82866031e-01
1.34139375e-07,1.82975687e-01
1.34179375e-07,1.83160562e-01
1.34219375e-07,1.83067219e-01
1.34259375e-07,1.83147875e-01
1.34299375e-07,1.83058156e-01
1.34339375e-07,1.83243938e-01
1.34379375e-07,1.83359031e-01
1.34419375e-07,1.83330937e-01
1.34459375e-07,1.83349969e-01
1.34499375e-07,1.83318250e-01
1.34539375e-07,1.83448750e-01
1.34579375e-07,1.83616406e-01
1.34619375e-07,1.83539375e-01
1.34659375e-07,1.83601000e-01
1.34699375e-07,1.83542094e-01
1.34739375e-07,1.83605531e-01
1.34779375e-07,1.83524875e-01
1.34819375e-07,1.83707031e-01
1.34859375e-07,1.83821219e-01
1.34899375e-07,1.83799469e-01
1.34939375e-07,1.83803094e-01
1.34979375e-07,1.83807625e-01
1.35019375e-07,1.83798562e-01
1.35059375e-07,1.83810344e-01
1.35099375e-07,1.83795844e-01
1.35139375e-07,1.83812156e-01
1.35179375e-07,1.83794938e-01
1.35219375e-07,1.83813969e-01
1.35259375e-07,1.83792219e-01
1.35299375e-07,1.83816687e-01
1.35339375e-07,1.83789500e-01
1.35379375e-07,1.83822125e-01
1.35419375e-07,1.83780438e-01
1.35459375e-07,1.83842062e-01
1.35499375e-07,1.83677125e-01
1.35539375e-07,1.83546625e-01
1.35579375e-07,1.83582875e-01
1.35619375e-07,1.83566563e-01
1.35659375e-07,1.83574719e-01
1.35699375e-07,1.83571094e-01
1.35739375e-07,1.83572000e-01
1.35779375e-07,1.83572906e-01
1.35819375e-07,1.83570188e-01
1.35859375e-07,1.83574719e-01
1.35899375e-07,1.83568375e-01
1.35939375e-07,1.83575625e-01
1.35979375e-07,1.83567469e-01
1.36019375e-07,1.83576531e-01
1.36059375e-07,1.83567469e-01
1.36099375e-07,1.83577437e-01
1.36139375e-07,1.83566563e-01
1.36179375e-07,1.83578344e-01
1.36219375e-07,1.83565656e-01
1.36259375e-07,1.83579250e-01
1.36299375e-07,1.83564750e-01
1.36339375e-07,1.83580156e-01
1.36379375e-07,1.83562937e-01
1.36419375e-07,1.83581969e-01
1.36459375e-07,1.83560219e-01
1.36499375e-07,1.83585594e-01
1.36539375e-07,1.83554781e-01
1.36579375e-07,1.83594656e-01
1.36619375e-07,1.83534844e-01
1.36659375e-07,1.83697969e-01
1.36699375e-07,1.83829375e-01
1.36739375e-07,1.83793125e-01
1.36779375e-07,1.83809438e-01
1.36819375e-07,1.83802187e-01
1.36859375e-07,1.83803094e-01
1.36899375e-07,1.83806719e-01
1.36939375e-07,1.83799469e-01
1.36979375e-07,1.83811250e-01
1.37019375e-07,1.83793125e-01
1.37059375e-07,1.83821219e-01
1.37099375e-07,1.83772281e-01
1.37139375e-07,1.83924531e-01
1.37179375e-07,1.84066813e-01
1.37219375e-07,1.84019688e-01
1.37259375e-07,1.84046875e-01
1.37299375e-07,1.84027844e-01
1.37339375e-07,1.84042344e-01
1.37379375e-07,1.84031469e-01
1.37419375e-07,1.84039625e-01
1.37459375e-07,1.84033281e-01
1.37499375e-07,1.84037813e-01
1.37539375e-07,1.84035094e-01
1.37579375e-07,1.84036906e-01
1.37619375e-07,1.84036000e-01
1.37659375e-07,1.84035094e-01
1.37699375e-07,1.84036906e-01
1.37739375e-07,1.84034188e-01
1.37779375e-07,1.84037813e-01
1.37819375e-07,1.84033281e-01
1.37859375e-07,1.84039625e-01
1.37899375e-07,1.84031469e-01
1.37939375e-07,1.84041437e-01
1.37979375e-07,1.84028750e-01
1.38019375e-07,1.84045062e-01
1.38059375e-07,1.84024219e-01
1.38099375e-07,1.84054125e-01
1.38139375e-07,1.84003375e-01
1.38179375e-07,1.84157437e-01
1.38219375e-07,1.84298812e-01
1.38259375e-07,1.84251688e-01
1.38299375e-07,1.84278875e-01
1.38339375e-07,1.84260750e-01
1.38379375e-07,1.84273437e-01
1.38419375e-07,1.84264375e-01
1.38459375e-07,1.84270719e-01
1.38499375e-07,1.84266187e-01
1.38539375e-07,1.84268000e-01
1.38579375e-07,1.84268906e-01
1.38619375e-07,1.84265281e-01
1.38659375e-07,1.84272531e-01
1.38699375e-07,1.84259844e-01
1.38739375e-07,1.84281594e-01
1.38779375e-07,1.84239906e-01
1.38819375e-07,1.84385812e-01
1.38859375e-07,1.84534438e-01
1.38899375e-07,1.84479156e-01
1.38939375e-07,1.84515406e-01
1.38979375e-07,1.84488219e-01
1.39019375e-07,1.84509969e-01
1.39059375e-07,1.84490938e-01
1.39099375e-07,1.84508156e-01
1.39139375e-07,1.84492750e-01
1.39179375e-07,1.84506344e-01
1.39219375e-07,1.84493656e-01
1.39259375e-07,1.84506344e-01
1.39299375e-07,1.84494562e-01
1.39339375e-07,1.84505438e-01
1.39379375e-07,1.84494562e-01
1.39419375e-07,1.84504531e-01
1.39459375e-07,1.84495469e-01
1.39499375e-07,1.84504531e-01
1.39539375e-07,1.84495469e-01
1.39579375e-07,1.84504531e-01
1.39619375e-07,1.84495469e-01
1.39659375e-07,1.84504531e-01
1.39699375e-07,1.84495469e-01
1.39739375e-07,1.84504531e-01
1.39779375e-07,1.84496375e-01
1.39819375e-07,1.84503625e-01
1.39859375e-07,1.84496375e-01
1.39899375e-07,1.84504531e-01
1.39939375e-07,1.84495469e-01
1.39979375e-07,1.84504531e-01
1.40019375e-07,1.84495469e-01
1.40059375e-07,1.84504531e-01
1.40099375e-07,1.84495469e-01
1.40139375e-07,1.84504531e-01
1.40179375e-07,1.84495469e-01
1.40219375e-07,1.84505438e-01
1.40259375e-07,1.84494562e-01
1.40299375e-07,1.84505438e-01
1.40339375e-07,1.84493656e-01
1.40379375e-07,1.84507250e-01
1.40419375e-07,1.84491844e-01
1.40459375e-07,1.84509969e-01
1.40499375e-07,1.84487313e-01
1.40539375e-07,1.84518125e-01
1.40579375e-07,1.84467375e-01
1.40619375e-07,1.84621437e-01
1.40659375e-07,1.84762812e-01
1.40699375e-07,1.84715688e-01
1.40739375e-07,1.84743781e-01
1.40779375e-07,1.84723844e-01
1.40819375e-07,1.84739250e-01
1.40859375e-07,1.84726562e-01
1.40899375e-07,1.84736531e-01
1.40939375e-07,1.84727469e-01
1.40979375e-07,1.84735625e-01
1.41019375e-07,1.84728375e-01
1.41059375e-07,1.84735625e-01
1.41099375e-07,1.84728375e-01
1.41139375e-07,1.84734719e-01
1.41179375e-07,1.84729281e-01
1.41219375e-07,1.84734719e-01
1.41259375e-07,1.84729281e-01
1.41299375e-07,1.84734719e-01
1.41339375e-07,1.84729281e-01
1.41379375e-07,1.84734719e-01
1.41419375e-07,1.84728375e-01
1.41459375e-07,1.84735625e-01
1.41499375e-07,1.84728375e-01
1.41539375e-07,1.84735625e-01
1.41579375e-07,1.84727469e-01
1.41619375e-07,1.84736531e-01
1.41659375e-07,1.84726562e-01
1.41699375e-07,1.84738344e-01
1.41739375e-07,1.84723844e-01
1.41779375e-07,1.84742875e-01
1.41819375e-07,1.84715688e-01
1.41859375e-07,1.84762812e-01
1.41899375e-07,1.84613281e-01
1.41939375e-07,1.84466469e-01
1.41979375e-07,1.84520844e-01
1.42019375e-07,1.84482781e-01
1.42059375e-07,1.84516313e-01
1.42099375e-07,1.84480062e-01
1.42139375e-07,1.84532625e-01
1.42179375e-07,1.84380375e-01
1.42219375e-07,1.84234469e-01
1.42259375e-07,1.84289750e-01
1.42299375e-07,1.84248969e-01
1.42339375e-07,1.84287031e-01
1.42379375e-07,1.84244437e-01
1.42419375e-07,1.84305156e-01
1.42459375e-07,1.84142031e-01
1.42499375e-07,1.84010625e-01
1.42539375e-07,1.84047781e-01
1.42579375e-07,1.84030562e-01
1.42619375e-07,1.84036906e-01
1.42659375e-07,1.84039625e-01
1.42699375e-07,1.84026031e-01
1.42739375e-07,1.84061375e-01
1.42779375e-07,1.83921813e-01
1.42819375e-07,1.83766844e-01
1.42859375e-07,1.83827562e-01
1.42899375e-07,1.83786781e-01
1.42939375e-07,1.83818500e-01
1.42979375e-07,1.83791312e-01
1.43019375e-07,1.83815781e-01
1.43059375e-07,1.83793125e-01
1.43099375e-07,1.83814875e-01
1.43139375e-07,1.83794031e-01
1.43179375e-07,1.83813969e-01
1.43219375e-07,1.83794031e-01
1.43259375e-07,1.83814875e-01
1.43299375e-07,1.83793125e-01
1.43339375e-07,1.83815781e-01
1.43379375e-07,1.83790406e-01
1.43419375e-07,1.83820312e-01
1.43459375e-07,1.83782250e-01
1.43499375e-07,1.83840250e-01
1.43539375e-07,1.83678938e-01
1.43579375e-07,1.83544812e-01
1.43619375e-07,1.83585594e-01
1.43659375e-07,1.83563844e-01
1.43699375e-07,1.83577437e-01
1.43739375e-07,1.83568375e-01
1.43779375e-07,1.83574719e-01
1.43819375e-07,1.83570188e-01
1.43859375e-07,1.83573812e-01
1.43899375e-07,1.83571094e-01
1.43939375e-07,1.83572906e-01
1.43979375e-07,1.83571094e-01
1.44019375e-07,1.83572000e-01
1.44059375e-07,1.83572000e-01
1.44099375e-07,1.83572000e-01
1.44139375e-07,1.83572000e-01
1.44179375e-07,1.83572000e-01
1.44219375e-07,1.83572000e-01
1.44259375e-07,1.83572000e-01
1.44299375e-07,1.83572000e-01
1.44339375e-07,1.83571094e-01
1.44379375e-07,1.83572000e-01
1.44419375e-07,1.83571094e-01
1.44459375e-07,1.83572906e-01
1.44499375e-07,1.83571094e-01
1.44539375e-07,1.83572906e-01
1.44579375e-07,1.83571094e-01
1.44619375e-07,1.83572906e-01
1.44659375e-07,1.83571094e-01
1.44699375e-07,1.83572906e-01
1.44739375e-07,1.83571094e-01
1.44779375e-07,1.83572906e-01
1.44819375e-07,1.83572000e-01
1.44859375e-07,1.83572000e-01
1.44899375e-07,1.83572000e-01
1.44939375e-07,1.83572000e-01
1.44979375e-07,1.83572000e-01
1.45019375e-07,1.83572000e-01
1.45059375e-07,1.83572000e-01
1.45099375e-07,1.83572000e-01
1.45139375e-07,1.83572000e-01
1.45179375e-07,1.83571094e-01
1.45219375e-07,1.83572906e-01
1.45259375e-07,1.83571094e-01
1.45299375e-07,1.83572906e-01
1.45339375e-07,1.83570188e-01
1.45379375e-07,1.83573812e-01
1.45419375e-07,1.83569281e-01
1.45459375e-07,1.83575625e-01
1.45499375e-07,1.83567469e-01
1.45539375e-07,1.83578344e-01
1.45579375e-07,1.83562937e-01
1.45619375e-07,1.83587406e-01
1.45659375e-07,1.83543000e-01
1.45699375e-07,1.83689812e-01
1.45739375e-07,1.83837531e-01
1.45779375e-07,1.83784062e-01
1.45819375e-07,1.83818500e-01
1.45859375e-07,1.83792219e-01
1.45899375e-07,1.83813969e-01
1.45939375e-07,1.83794938e-01
1.45979375e-07,1.83812156e-01
1.46019375e-07,1.83796750e-01
1.46059375e-07,1.83811250e-01
1.46099375e-07,1.83797656e-01
1.46139375e-07,1.83810344e-01
1.46179375e-07,1.83797656e-01
1.46219375e-07,1.83809438e-01
1.46259375e-07,1.83798562e-01
1.46299375e-07,1.83809438e-01
1.46339375e-07,1.83798562e-01
1.46379375e-07,1.83809438e-01
1.46419375e-07,1.83799469e-01
1.46459375e-07,1.83808531e-01
1.46499375e-07,1.83799469e-01
1.46539375e-07,1.83808531e-01
1.46579375e-07,1.83799469e-01
1.46619375e-07,1.83807625e-01
1.46659375e-07,1.83800375e-01
1.46699375e-07,1.83807625e-01
1.46739375e-07,1.83801281e-01
1.46779375e-07,1.83805812e-01
1.46819375e-07,1.83803094e-01
1.46859375e-07,1.83804000e-01
1.46899375e-07,1.83806719e-01
1.46939375e-07,1.83795844e-01
1.46979375e-07,1.83826656e-01
1.47019375e-07,1.83693438e-01
1.47059375e-07,1.83530312e-01
1.47099375e-07,1.83600094e-01
1.47139375e-07,1.83548437e-01
1.47179375e-07,1.83593750e-01
1.47219375e-07,1.83551156e-01
1.47259375e-07,1.83592844e-01
1.47299375e-07,1.83549344e-01
1.47339375e-07,1.83597375e-01
1.47379375e-07,1.83541188e-01
1.47419375e-07,1.83617312e-01
1.47459375e-07,1.83437875e-01
1.47499375e-07,1.83321875e-01
1.47539375e-07,1.83343625e-01
1.47579375e-07,1.83342719e-01
1.47619375e-07,1.83333656e-01
1.47659375e-07,1.83349062e-01
1.47699375e-07,1.83327313e-01
1.47739375e-07,1.83356313e-01
1.47779375e-07,1.83317344e-01
1.47819375e-07,1.83378062e-01
1.47859375e-07,1.83212219e-01
1.47899375e-07,1.83084438e-01
1.47939375e-07,1.83117063e-01
1.47979375e-07,1.83105281e-01
1.48019375e-07,1.83106187e-01
1.48059375e-07,1.83112531e-01
1.48099375e-07,1.83099844e-01
1.48139375e-07,1.83119781e-01
1.48179375e-07,1.83088969e-01
1.48219375e-07,1.83142438e-01
1.48259375e-07,1.82983844e-01
1.48299375e-07,1.82848812e-01
1.48339375e-07,1.82888688e-01
1.48379375e-07,1.82869656e-01
1.48419375e-07,1.82878719e-01
1.48459375e-07,1.82876906e-01
1.48499375e-07,1.82871469e-01
1.48539375e-07,1.82884156e-01
1.48579375e-07,1.82861500e-01
1.48619375e-07,1.82905906e-01
1.48659375e-07,1.82756375e-01
1.48699375e-07,1.82611375e-01
1.48739375e-07,1.82662125e-01
1.48779375e-07,1.82632219e-01
1.48819375e-07,1.82653062e-01
1.48859375e-07,1.82637656e-01
1.48899375e-07,1.82648531e-01
1.48939375e-07,1.82640375e-01
1.48979375e-07,1.82646719e-01
1.49019375e-07,1.82642187e-01
1.49059375e-07,1.82644906e-01
1.49099375e-07,1.82644000e-01
1.49139375e-07,1.82643094e-01
1.49179375e-07,1.82644906e-01
1.49219375e-07,1.82642187e-01
1.49259375e-07,1.82646719e-01
1.49299375e-07,1.82640375e-01
1.49339375e-07,1.82648531e-01
1.49379375e-07,1.82638562e-01
1.49419375e-07,1.82650344e-01
1.49459375e-07,1.82635844e-01
1.49499375e-07,1.82654875e-01
1.49539375e-07,1.82629500e-01
1.49579375e-07,1.82663937e-01
1.49619375e-07,1.82608656e-01
1.49659375e-07,1.82769062e-01
1.49699375e-07,1.82901375e-01
1.49739375e-07,1.82866031e-01
1.49779375e-07,1.82877812e-01
1.49819375e-07,1.82882344e-01
1.49859375e-07,1.82853344e-01
1.49899375e-07,1.82987469e-01
1.49939375e-07,1.83148781e-01
1.49979375e-07,1.83079906e-01
1.50019375e-07,1.83135187e-01
1.50059375e-07,1.83070844e-01
1.50099375e-07,1.83230344e-01
1.50139375e-07,1.83373531e-01
1.50179375e-07,1.83315531e-01
1.50219375e-07,1.83366281e-01
1.50259375e-07,1.83301031e-01
1.50299375e-07,1.83467781e-01
1.50339375e-07,1.83596469e-01
1.50379375e-07,1.83562937e-01
1.50419375e-07,1.83572906e-01
1.50459375e-07,1.83579250e-01
1.50499375e-07,1.83548437e-01
1.50539375e-07,1.83685281e-01
1.50579375e-07,1.83841156e-01
1.50619375e-07,1.83781344e-01
1.50659375e-07,1.83821219e-01
1.50699375e-07,1.83790406e-01
1.50739375e-07,1.83815781e-01
1.50779375e-07,1.83794031e-01
1.50819375e-07,1.83813062e-01
1.50859375e-07,1.83796750e-01
1.50899375e-07,1.83811250e-01
1.50939375e-07,1.83797656e-01
1.50979375e-07,1.83809438e-01
1.51019375e-07,1.83799469e-01
1.51059375e-07,1.83808531e-01
1.51099375e-07,1.83800375e-01
1.51139375e-07,1.83807625e-01
1.51179375e-07,1.83801281e-01
1.51219375e-07,1.83805812e-01
1.51259375e-07,1.83803094e-01
1.51299375e-07,1.83804000e-01
1.51339375e-07,1.83804906e-01
1.51379375e-07,1.83801281e-01
1.51419375e-07,1.83809438e-01
1.51459375e-07,1.83793125e-01
1.51499375e-07,1.83829375e-01
1.51539375e-07,1.83690719e-01
1.51579375e-07,1.83533031e-01
1.51619375e-07,1.83598281e-01
1.51659375e-07,1.83550250e-01
1.51699375e-07,1.83593750e-01
1.51739375e-07,1.83546625e-01
1.51779375e-07,1.83610063e-01
1.51819375e-07,1.83446031e-01
1.51859375e-07,1.83311906e-01
1.51899375e-07,1.83355406e-01
1.51939375e-07,1.83329125e-01
1.51979375e-07,1.83349969e-01
1.52019375e-07,1.83330031e-01
1.52059375e-07,1.83352688e-01
1.52099375e-07,1.83322781e-01
1.52139375e-07,1.83371719e-01
1.52179375e-07,1.83220375e-01
1.52219375e-07,1.83075375e-01
1.52259375e-07,1.83127031e-01
1.52299375e-07,1.83094406e-01
1.52339375e-07,1.83118875e-01
1.52379375e-07,1.83098938e-01
1.52419375e-07,1.83116156e-01
1.52459375e-07,1.83100750e-01
1.52499375e-07,1.83114344e-01
1.52539375e-07,1.83102563e-01
1.52579375e-07,1.83113438e-01
1.52619375e-07,1.83102563e-01
1.52659375e-07,1.83112531e-01
1.52699375e-07,1.83103469e-01
1.52739375e-07,1.83112531e-01
1.52779375e-07,1.83104375e-01
1.52819375e-07,1.83111625e-01
1.52859375e-07,1.83104375e-01
1.52899375e-07,1.83111625e-01
1.52939375e-07,1.83104375e-01
1.52979375e-07,1.83110719e-01
1.53019375e-07,1.83105281e-01
1.53059375e-07,1.83110719e-01
1.53099375e-07,1.83105281e-01
1.53139375e-07,1.83110719e-01
1.53179375e-07,1.83105281e-01
1.53219375e-07,1.83110719e-01
1.53259375e-07,1.83106187e-01
1.53299375e-07,1.83109812e-01
1.53339375e-07,1.83106187e-01
1.53379375e-07,1.83109812e-01
1.53419375e-07,1.83106187e-01
1.53459375e-07,1.83109812e-01
1.53499375e-07,1.83107094e-01
1.53539375e-07,1.83108906e-01
1.53579375e-07,1.83107094e-01
1.53619375e-07,1.83108906e-01
1.53659375e-07,1.83107094e-01
1.53699375e-07,1.83108000e-01
1.53739375e-07,1.83108000e-01
1.53779375e-07,1.83108000e-01
1.53819375e-07,1.83108906e-01
1.53859375e-07,1.83107094e-01
1.53899375e-07,1.83109812e-01
1.53939375e-07,1.83106187e-01
1.53979375e-07,1.83110719e-01
1.54019375e-07,1.83104375e-01
1.54059375e-07,1.83112531e-01
1.54099375e-07,1.83102563e-01
1.54139375e-07,1.83116156e-01
1.54179375e-07,1.83097125e-01
1.54219375e-07,1.83125219e-01
1.54259375e-07,1.83076281e-01
1.54299375e-07,1.83228531e-01
1.54339375e-07,1.83370813e-01
1.54379375e-07,1.83323687e-01
1.54419375e-07,1.83349062e-01
1.54459375e-07,1.83335469e-01
1.54499375e-07,1.83340000e-01
1.54539375e-07,1.83346344e-01
1.54579375e-07,1.83319156e-01
1.54619375e-07,1.83450562e-01
1.54659375e-07,1.83613688e-01
1.54699375e-07,1.83543906e-01
1.54739375e-07,1.83595563e-01
1.54779375e-07,1.83548437e-01
1.54819375e-07,1.83598281e-01
1.54859375e-07,1.83533937e-01
1.54899375e-07,1.83697063e-01
1.54939375e-07,1.83833906e-01
1.54979375e-07,1.83784062e-01
1.55019375e-07,1.83824844e-01
1.55059375e-07,1.83770469e-01
1.55099375e-07,1.83925438e-01
1.55139375e-07,1.84066813e-01
1.55179375e-07,1.84020594e-01
1.55219375e-07,1.84044156e-01
1.55259375e-07,1.84035094e-01
1.55299375e-07,1.84021500e-01
1.55339375e-07,1.84140219e-01
1.55379375e-07,1.84316031e-01
1.55419375e-07,1.84232656e-01
1.55459375e-07,1.84299719e-01
1.55499375e-07,1.84237188e-01
1.55539375e-07,1.84302437e-01
1.55579375e-07,1.84219969e-01
1.55619375e-07,1.84403938e-01
1.55659375e-07,1.84517219e-01
1.55699375e-07,1.84496375e-01
1.55739375e-07,1.84498187e-01
1.55779375e-07,1.84504531e-01
1.55819375e-07,1.84493656e-01
1.55859375e-07,1.84507250e-01
1.55899375e-07,1.84491844e-01
1.55939375e-07,1.84509062e-01
1.55979375e-07,1.84490031e-01
1.56019375e-07,1.84509969e-01
1.56059375e-07,1.84489125e-01
1.56099375e-07,1.84512687e-01
1.56139375e-07,1.84486406e-01
1.56179375e-07,1.84515406e-01
1.56219375e-07,1.84482781e-01
1.56259375e-07,1.84520844e-01
1.56299375e-07,1.84473719e-01
1.56339375e-07,1.84541687e-01
1.56379375e-07,1.84368594e-01
1.56419375e-07,1.84248063e-01
1.56459375e-07,1.84273437e-01
1.56499375e-07,1.84269812e-01
1.56539375e-07,1.84261656e-01
1.56579375e-07,1.84279781e-01
1.56619375e-07,1.84249875e-01
1.56659375e-07,1.84302437e-01
1.56699375e-07,1.84143844e-01
1.56739375e-07,1.84009719e-01
1.56779375e-07,1.84047781e-01
1.56819375e-07,1.84031469e-01
1.56859375e-07,1.84036000e-01
1.56899375e-07,1.84041437e-01
1.56939375e-07,1.84023313e-01
1.56979375e-07,1.84064094e-01
1.57019375e-07,1.83918187e-01
1.57059375e-07,1.83770469e-01
1.57099375e-07,1.83823938e-01
1.57139375e-07,1.83790406e-01
1.57179375e-07,1.83813969e-01
1.57219375e-07,1.83795844e-01
1.57259375e-07,1.83810344e-01
1.57299375e-07,1.83798562e-01
1.57339375e-07,1.83808531e-01
1.57379375e-07,1.83800375e-01
1.57419375e-07,1.83806719e-01
1.57459375e-07,1.83801281e-01
1.57499375e-07,1.83805812e-01
1.57539375e-07,1.83802187e-01
1.57579375e-07,1.83804906e-01
1.57619375e-07,1.83803094e-01
1.57659375e-07,1.83804000e-01
1.57699375e-07,1.83804000e-01
1.57739375e-07,1.83803094e-01
1.57779375e-07,1.83805812e-01
1.57819375e-07,1.83802187e-01
1.57859375e-07,1.83806719e-01
1.57899375e-07,1.83800375e-01
1.57939375e-07,1.83808531e-01
1.57979375e-07,1.83797656e-01
1.58019375e-07,1.83812156e-01
1.58059375e-07,1.83793125e-01
1.58099375e-07,1.83821219e-01
1.58139375e-07,1.83772281e-01
1.58179375e-07,1.83924531e-01
1.58219375e-07,1.84067719e-01
1.58259375e-07,1.84018781e-01
1.58299375e-07,1.84047781e-01
1.58339375e-07,1.84026937e-01
1.58379375e-07,1.84042344e-01
1.58419375e-07,1.84030562e-01
1.58459375e-07,1.84039625e-01
1.58499375e-07,1.84033281e-01
1.58539375e-07,1.84037813e-01
1.58579375e-07,1.84035094e-01
1.58619375e-07,1.84035094e-01
1.58659375e-07,1.84038719e-01
1.58699375e-07,1.84029656e-01
1.58739375e-07,1.84047781e-01
1.58779375e-07,1.84009719e-01
1.58819375e-07,1.84151094e-01
1.58859375e-07,1.84305156e-01
1.58899375e-07,1.84244437e-01
1.58939375e-07,1.84286125e-01
1.58979375e-07,1.84252594e-01
1.59019375e-07,1.84281594e-01
1.59059375e-07,1.84255312e-01
1.59099375e-07,1.84280687e-01
1.59139375e-07,1.84255312e-01
1.59179375e-07,1.84280687e-01
1.59219375e-07,1.84254406e-01
1.59259375e-07,1.84282500e-01
1.59299375e-07,1.84250781e-01
1.59339375e-07,1.84290656e-01
1.59379375e-07,1.84230844e-01
1.59419375e-07,1.84393969e-01
1.59459375e-07,1.84526281e-01
1.59499375e-07,1.84487313e-01
1.59539375e-07,1.84507250e-01
1.59579375e-07,1.84495469e-01
1.59619375e-07,1.84502719e-01
1.59659375e-07,1.84498187e-01
1.59699375e-07,1.84500906e-01
1.59739375e-07,1.84500000e-01
1.59779375e-07,1.84499094e-01
1.59819375e-07,1.84500906e-01
1.59859375e-07,1.84498187e-01
1.59899375e-07,1.84502719e-01
1.59939375e-07,1.84496375e-01
1.59979375e-07,1.84505438e-01
1.60019375e-07,1.84491844e-01
1.60059375e-07,1.84513594e-01
1.60099375e-07,1.84472812e-01
1.60139375e-07,1.84615094e-01
1.60179375e-07,1.84770062e-01
1.60219375e-07,1.84706625e-01
1.60259375e-07,1.84754656e-01
1.60299375e-07,1.84706625e-01
1.60339375e-07,1.84770062e-01
1.60379375e-07,1.84606031e-01
1.60419375e-07,1.84472812e-01
1.60459375e-07,1.84514500e-01
1.60499375e-07,1.84490031e-01
1.60539375e-07,1.84507250e-01
1.60579375e-07,1.84493656e-01
1.60619375e-07,1.84506344e-01
1.60659375e-07,1.84493656e-01
1.60699375e-07,1.84506344e-01
1.60739375e-07,1.84491844e-01
1.60779375e-07,1.84509969e-01
1.60819375e-07,1.84484594e-01
1.60859375e-07,1.84529000e-01
1.60899375e-07,1.84383094e-01
1.60939375e-07,1.84232656e-01
1.60979375e-07,1.84290656e-01
1.61019375e-07,1.84248969e-01
1.61059375e-07,1.84287031e-01
1.61099375e-07,1.84245344e-01
1.61139375e-07,1.84304250e-01
1.61179375e-07,1.84144750e-01
1.61219375e-07,1.84006094e-01
1.61259375e-07,1.84053219e-01
1.61299375e-07,1.84022406e-01
1.61339375e-07,1.84049594e-01
1.61379375e-07,1.84018781e-01
1.61419375e-07,1.84065906e-01
1.61459375e-07,1.83918187e-01
1.61499375e-07,1.83767750e-01
1.61539375e-07,1.83827562e-01
1.61579375e-07,1.83783156e-01
1.61619375e-07,1.83825750e-01
1.61659375e-07,1.83778625e-01
1.61699375e-07,1.83842969e-01
1.61739375e-07,1.83676219e-01
1.61779375e-07,1.83547531e-01
1.61819375e-07,1.83581969e-01
1.61859375e-07,1.83568375e-01
1.61899375e-07,1.83571094e-01
1.61939375e-07,1.83576531e-01
1.61979375e-07,1.83560219e-01
1.62019375e-07,1.83598281e-01
1.62059375e-07,1.83456906e-01
1.62099375e-07,1.83303750e-01
1.62139375e-07,1.83362656e-01
1.62179375e-07,1.83322781e-01
1.62219375e-07,1.83354500e-01
1.62259375e-07,1.83327313e-01
1.62299375e-07,1.83351781e-01
1.62339375e-07,1.83328219e-01
1.62379375e-07,1.83352688e-01
1.62419375e-07,1.83326406e-01
1.62459375e-07,1.83356313e-01
1.62499375e-07,1.83319156e-01
1.62539375e-07,1.83375344e-01
1.62579375e-07,1.83216750e-01
1.62619375e-07,1.83079000e-01
1.62659375e-07,1.83123406e-01
1.62699375e-07,1.83098031e-01
1.62739375e-07,1.83115250e-01
1.62779375e-07,1.83101656e-01
1.62819375e-07,1.83113438e-01
1.62859375e-07,1.83103469e-01
1.62899375e-07,1.83112531e-01
1.62939375e-07,1.83103469e-01
1.62979375e-07,1.83112531e-01
1.63019375e-07,1.83102563e-01
1.63059375e-07,1.83113438e-01
1.63099375e-07,1.83101656e-01
1.63139375e-07,1.83116156e-01
1.63179375e-07,1.83097125e-01
1.63219375e-07,1.83124312e-01
1.63259375e-07,1.83077187e-01
1.63299375e-07,1.83226719e-01
1.63339375e-07,1.83373531e-01
1.63379375e-07,1.83320062e-01
1.63419375e-07,1.83354500e-01
1.63459375e-07,1.83328219e-01
1.63499375e-07,1.83350875e-01
1.63539375e-07,1.83330031e-01
1.63579375e-07,1.83349969e-01
1.63619375e-07,1.83329125e-01
1.63659375e-07,1.83351781e-01
1.63699375e-07,1.83325500e-01
1.63739375e-07,1.83359031e-01
1.63779375e-07,1.83306469e-01
1.63819375e-07,1.83461437e-01
1.63859375e-07,1.83602812e-01
1.63899375e-07,1.83554781e-01
1.63939375e-07,1.83584688e-01
1.63979375e-07,1.83562031e-01
1.64019375e-07,1.83581063e-01
1.64059375e-07,1.83563844e-01
1.64099375e-07,1.83580156e-01
1.64139375e-07,1.83562937e-01
1.64179375e-07,1.83582875e-01
1.64219375e-07,1.83559312e-01
1.64259375e-07,1.83590125e-01
1.64299375e-07,1.83539375e-01
1.64339375e-07,1.83693438e-01
1.64379375e-07,1.83834812e-01
1.64419375e-07,1.83786781e-01
1.64459375e-07,1.83815781e-01
1.64499375e-07,1.83794938e-01
1.64539375e-07,1.83811250e-01
1.64579375e-07,1.83797656e-01
1.64619375e-07,1.83809438e-01
1.64659375e-07,1.83798562e-01
1.64699375e-07,1.83808531e-01
1.64739375e-07,1.83799469e-01
1.64779375e-07,1.83807625e-01
1.64819375e-07,1.83800375e-01
1.64859375e-07,1.83807625e-01
1.64899375e-07,1.83800375e-01
1.64939375e-07,1.83807625e-01
1.64979375e-07,1.83800375e-01
1.65019375e-07,1.83806719e-01
1.65059375e-07,1.83801281e-01
1.65099375e-07,1.83806719e-01
1.65139375e-07,1.83801281e-01
1.65179375e-07,1.83806719e-01
1.65219375e-07,1.83801281e-01
1.65259375e-07,1.83806719e-01
1.65299375e-07,1.83801281e-01
1.65339375e-07,1.83806719e-01
1.65379375e-07,1.83801281e-01
1.65419375e-07,1.83806719e-01
1.65459375e-07,1.83801281e-01
1.65499375e-07,1.83806719e-01
1.65539375e-07,1.83801281e-01
1.65579375e-07,1.83806719e-01
1.65619375e-07,1.83801281e-01
1.65659375e-07,1.83806719e-01
1.65699375e-07,1.83801281e-01
1.65739375e-07,1.83806719e-01
1.65779375e-07,1.83801281e-01
1.65819375e-07,1.83806719e-01
1.65859375e-07,1.83801281e-01
1.65899375e-07,1.83806719e-01
1.65939375e-07,1.83801281e-01
1.65979375e-07,1.83806719e-01
1.66019375e-07,1.83801281e-01
1.66059375e-07,1.83806719e-01
1.66099375e-07,1.83801281e-01
1.66139375e-07,1.83806719e-01
1.66179375e-07,1.83801281e-01
1.66219375e-07,1.83806719e-01
1.66259375e-07,1.83800375e-01
1.66299375e-07,1.83807625e-01
1.66339375e-07,1.83800375e-01
1.66379375e-07,1.83807625e-01
1.66419375e-07,1.83800375e-01
1.66459375e-07,1.83807625e-01
1.66499375e-07,1.83799469e-01
1.66539375e-07,1.83808531e-01
1.66579375e-07,1.83799469e-01
1.66619375e-07,1.83809438e-01
1.66659375e-07,1.83798562e-01
1.66699375e-07,1.83810344e-01
1.66739375e-07,1.83796750e-01
1.66779375e-07,1.83812156e-01
1.66819375e-07,1.83794031e-01
1.66859375e-07,1.83816687e-01
1.66899375e-07,1.83785875e-01
1.66939375e-07,1.83836625e-01
1.66979375e-07,1.83682563e-01
1.67019375e-07,1.83541188e-01
1.67059375e-07,1.83588312e-01
1.67099375e-07,1.83561125e-01
1.67139375e-07,1.83580156e-01
1.67179375e-07,1.83565656e-01
1.67219375e-07,1.83577437e-01
1.67259375e-07,1.83567469e-01
1.67299375e-07,1.83576531e-01
1.67339375e-07,1.83568375e-01
1.67379375e-07,1.83575625e-01
1.67419375e-07,1.83568375e-01
1.67459375e-07,1.83574719e-01
1.67499375e-07,1.83569281e-01
1.67539375e-07,1.83574719e-01
1.67579375e-07,1.83569281e-01
1.67619375e-07,1.83575625e-01
1.67659375e-07,1.83568375e-01
1.67699375e-07,1.83575625e-01
1.67739375e-07,1.83567469e-01
1.67779375e-07,1.83576531e-01
1.67819375e-07,1.83566563e-01
1.67859375e-07,1.83579250e-01
1.67899375e-07,1.83562031e-01
1.67939375e-07,1.83587406e-01
1.67979375e-07,1.83542094e-01
1.68019375e-07,1.83689812e-01
1.68059375e-07,1.83838438e-01
1.68099375e-07,1.83783156e-01
1.68139375e-07,1.83819406e-01
1.68179375e-07,1.83790406e-01
1.68219375e-07,1.83816687e-01
1.68259375e-07,1.83791312e-01
1.68299375e-07,1.83817594e-01
1.68339375e-07,1.83788594e-01
1.68379375e-07,1.83824844e-01
1.68419375e-07,1.83769563e-01
1.68459375e-07,1.83927250e-01
1.68499375e-07,1.84065906e-01
1.68539375e-07,1.84019688e-01
1.68579375e-07,1.84046875e-01
1.68619375e-07,1.84026937e-01
1.68659375e-07,1.84044156e-01
1.68699375e-07,1.84028750e-01
1.68739375e-07,1.84043250e-01
1.68779375e-07,1.84027844e-01
1.68819375e-07,1.84045062e-01
1.68859375e-07,1.84024219e-01
1.68899375e-07,1.84053219e-01
1.68939375e-07,1.84004281e-01
1.68979375e-07,1.84155625e-01
1.69019375e-07,1.84300625e-01
1.69059375e-07,1.84248969e-01
1.69099375e-07,1.84281594e-01
1.69139375e-07,1.84257125e-01
1.69179375e-07,1.84277063e-01
1.69219375e-07,1.84259844e-01
1.69259375e-07,1.84275250e-01
1.69299375e-07,1.84260750e-01
1.69339375e-07,1.84274344e-01
1.69379375e-07,1.84261656e-01
1.69419375e-07,1.84274344e-01
1.69459375e-07,1.84261656e-01
1.69499375e-07,1.84274344e-01
1.69539375e-07,1.84261656e-01
1.69579375e-07,1.84274344e-01
1.69619375e-07,1.84261656e-01
1.69659375e-07,1.84275250e-01
1.69699375e-07,1.84260750e-01
1.69739375e-07,1.84276156e-01
1.69779375e-07,1.84258937e-01
1.69819375e-07,1.84277969e-01
1.69859375e-07,1.84256219e-01
1.69899375e-07,1.84282500e-01
1.69939375e-07,1.84248063e-01
1.69979375e-07,1.84301531e-01
1.70019375e-07,1.84145656e-01
1.70059375e-07,1.84006094e-01
1.70099375e-07,1.84052313e-01
1.70139375e-07,1.84025125e-01
1.70179375e-07,1.84045062e-01
1.70219375e-07,1.84027844e-01
1.70259375e-07,1.84043250e-01
1.70299375e-07,1.84027844e-01
1.70339375e-07,1.84045969e-01
1.70379375e-07,1.84020594e-01
1.70419375e-07,1.84065000e-01
1.70459375e-07,1.83919094e-01
1.70499375e-07,1.83767750e-01
1.70539375e-07,1.83827562e-01
1.70579375e-07,1.83784969e-01
1.70619375e-07,1.83821219e-01
1.70659375e-07,1.83786781e-01
1.70699375e-07,1.83823938e-01
1.70739375e-07,1.83779531e-01
1.70779375e-07,1.83842062e-01
1.70819375e-07,1.83677125e-01
1.70859375e-07,1.83546625e-01
1.70899375e-07,1.83583781e-01
1.70939375e-07,1.83565656e-01
1.70979375e-07,1.83575625e-01
1.71019375e-07,1.83570188e-01
1.71059375e-07,1.83572906e-01
1.71099375e-07,1.83572000e-01
1.71139375e-07,1.83571094e-01
1.71179375e-07,1.83573812e-01
1.71219375e-07,1.83570188e-01
1.71259375e-07,1.83574719e-01
1.71299375e-07,1.83569281e-01
1.71339375e-07,1.83575625e-01
1.71379375e-07,1.83568375e-01
1.71419375e-07,1.83575625e-01
1.71459375e-07,1.83567469e-01
1.71499375e-07,1.83576531e-01
1.71539375e-07,1.83566563e-01
1.71579375e-07,1.83578344e-01
1.71619375e-07,1.83565656e-01
1.71659375e-07,1.83579250e-01
1.71699375e-07,1.83563844e-01
1.71739375e-07,1.83581063e-01
1.71779375e-07,1.83561125e-01
1.71819375e-07,1.83584688e-01
1.71859375e-07,1.83555688e-01
1.71899375e-07,1.83594656e-01
1.71939375e-07,1.83534844e-01
1.71979375e-07,1.83698875e-01
1.72019375e-07,1.83828469e-01
1.72059375e-07,1.83794938e-01
1.72099375e-07,1.83806719e-01
1.72139375e-07,1.83806719e-01
1.72179375e-07,1.83796750e-01
1.72219375e-07,1.83818500e-01
1.72259375e-07,1.83774094e-01
1.72299375e-07,1.83924531e-01
1.72339375e-07,1.84065906e-01
1.72379375e-07,1.84021500e-01
1.72419375e-07,1.84041437e-01
1.72459375e-07,1.84038719e-01
1.72499375e-07,1.84017875e-01
1.72539375e-07,1.84143844e-01
1.72579375e-07,1.84311500e-01
1.72619375e-07,1.84238094e-01
1.72659375e-07,1.84294281e-01
1.72699375e-07,1.84242625e-01
1.72739375e-07,1.84297000e-01
1.72779375e-07,1.84226312e-01
1.72819375e-07,1.84397594e-01
1.72859375e-07,1.84523562e-01
1.72899375e-07,1.84489125e-01
1.72939375e-07,1.84506344e-01
1.72979375e-07,1.84496375e-01
1.73019375e-07,1.84502719e-01
1.73059375e-07,1.84498187e-01
1.73099375e-07,1.84500906e-01
1.73139375e-07,1.84499094e-01
1.73179375e-07,1.84500906e-01
1.73219375e-07,1.84499094e-01
1.73259375e-07,1.84500906e-01
1.73299375e-07,1.84499094e-01
1.73339375e-07,1.84500906e-01
1.73379375e-07,1.84499094e-01
1.73419375e-07,1.84500906e-01
1.73459375e-07,1.84499094e-01
1.73499375e-07,1.84500906e-01
1.73539375e-07,1.84499094e-01
1.73579375e-07,1.84501813e-01
1.73619375e-07,1.84498187e-01
1.73659375e-07,1.84501813e-01
1.73699375e-07,1.84498187e-01
1.73739375e-07,1.84501813e-01
1.73779375e-07,1.84497281e-01
1.73819375e-07,1.84502719e-01
1.73859375e-07,1.84497281e-01
1.73899375e-07,1.84503625e-01
1.73939375e-07,1.84496375e-01
1.73979375e-07,1.84504531e-01
1.74019375e-07,1.84495469e-01
1.74059375e-07,1.84505438e-01
1.74099375e-07,1.84493656e-01
1.74139375e-07,1.84507250e-01
1.74179375e-07,1.84491844e-01
1.74219375e-07,1.84509969e-01
1.74259375e-07,1.84487313e-01
1.74299375e-07,1.84516313e-01
1.74339375e-07,1.84477344e-01
1.74379375e-07,1.84538969e-01
1.74419375e-07,1.84368594e-01
1.74459375e-07,1.84252594e-01
1.74499375e-07,1.84255312e-01
1.74539375e-07,1.84374938e-01
1.74579375e-07,1.84542594e-01
1.74619375e-07,1.84472812e-01
1.74659375e-07,1.84520844e-01
1.74699375e-07,1.84482781e-01
1.74739375e-07,1.84514500e-01
1.74779375e-07,1.84487313e-01
1.74819375e-07,1.84511781e-01
1.74859375e-07,1.84489125e-01
1.74899375e-07,1.84510875e-01
1.74939375e-07,1.84489125e-01
1.74979375e-07,1.84509969e-01
1.75019375e-07,1.84489125e-01
1.75059375e-07,1.84510875e-01
1.75099375e-07,1.84488219e-01
1.75139375e-07,1.84513594e-01
1.75179375e-07,1.84483687e-01
1.75219375e-07,1.84520844e-01
1.75259375e-07,1.84464656e-01
1.75299375e-07,1.84624156e-01
1.75339375e-07,1.84760094e-01
1.75379375e-07,1.84717500e-01
1.75419375e-07,1.84741062e-01
1.75459375e-07,1.84725656e-01
1.75499375e-07,1.84737437e-01
1.75539375e-07,1.84727469e-01
1.75579375e-07,1.84735625e-01
1.75619375e-07,1.84729281e-01
1.75659375e-07,1.84734719e-01
1.75699375e-07,1.84729281e-01
1.75739375e-07,1.84733813e-01
1.75779375e-07,1.84730188e-01
1.75819375e-07,1.84733813e-01
1.75859375e-07,1.84730188e-01
1.75899375e-07,1.84733813e-01
1.75939375e-07,1.84730188e-01
1.75979375e-07,1.84734719e-01
1.76019375e-07,1.84729281e-01
1.76059375e-07,1.84734719e-01
1.76099375e-07,1.84729281e-01
1.76139375e-07,1.84735625e-01
1.76179375e-07,1.84728375e-01
1.76219375e-07,1.84736531e-01
1.76259375e-07,1.84726562e-01
1.76299375e-07,1.84738344e-01
1.76339375e-07,1.84723844e-01
1.76379375e-07,1.84742875e-01
1.76419375e-07,1.84715688e-01
1.76459375e-07,1.84761906e-01
1.76499375e-07,1.84613281e-01
1.76539375e-07,1.84466469e-01
1.76579375e-07,1.84519938e-01
1.76619375e-07,1.84485500e-01
1.76659375e-07,1.84512687e-01
1.76699375e-07,1.84488219e-01
1.76739375e-07,1.84511781e-01
1.76779375e-07,1.84488219e-01
1.76819375e-07,1.84514500e-01
1.76859375e-07,1.84480969e-01
1.76899375e-07,1.84533531e-01
1.76939375e-07,1.84378563e-01
1.76979375e-07,1.84236281e-01
1.77019375e-07,1.84286125e-01
1.77059375e-07,1.84254406e-01
1.77099375e-07,1.84278875e-01
1.77139375e-07,1.84258031e-01
1.77179375e-07,1.84277969e-01
1.77219375e-07,1.84258031e-01
1.77259375e-07,1.84278875e-01
1.77299375e-07,1.84256219e-01
1.77339375e-07,1.84282500e-01
1.77379375e-07,1.84248063e-01
1.77419375e-07,1.84302437e-01
1.77459375e-07,1.84144750e-01
1.77499375e-07,1.84007000e-01
1.77539375e-07,1.84051406e-01
1.77579375e-07,1.84026031e-01
1.77619375e-07,1.84042344e-01
1.77659375e-07,1.84031469e-01
1.77699375e-07,1.84039625e-01
1.77739375e-07,1.84033281e-01
1.77779375e-07,1.84037813e-01
1.77819375e-07,1.84036000e-01
1.77859375e-07,1.84035094e-01
1.77899375e-07,1.84037813e-01
1.77939375e-07,1.84033281e-01
1.77979375e-07,1.84040531e-01
1.78019375e-07,1.84027844e-01
1.78059375e-07,1.84049594e-01
1.78099375e-07,1.84007906e-01
1.78139375e-07,1.84152906e-01
1.78179375e-07,1.84303344e-01
1.78219375e-07,1.84246250e-01
1.78259375e-07,1.84284312e-01
1.78299375e-07,1.84254406e-01
1.78339375e-07,1.84280687e-01
1.78379375e-07,1.84256219e-01
1.78419375e-07,1.84279781e-01
1.78459375e-07,1.84256219e-01
1.78499375e-07,1.84280687e-01
1.78539375e-07,1.84252594e-01
1.78579375e-07,1.84287937e-01
1.78619375e-07,1.84233563e-01
1.78659375e-07,1.84390344e-01
1.78699375e-07,1.84529906e-01
1.78739375e-07,1.84482781e-01
1.78779375e-07,1.84511781e-01
1.78819375e-07,1.84490031e-01
1.78859375e-07,1.84509062e-01
1.78899375e-07,1.84490938e-01
1.78939375e-07,1.84509969e-01
1.78979375e-07,1.84487313e-01
1.79019375e-07,1.84518125e-01
1.79059375e-07,1.84468281e-01
1.79099375e-07,1.84620531e-01
1.79139375e-07,1.84763719e-01
1.79179375e-07,1.84713875e-01
1.79219375e-07,1.84745594e-01
1.79259375e-07,1.84721125e-01
1.79299375e-07,1.84741062e-01
1.79339375e-07,1.84723844e-01
1.79379375e-07,1.84739250e-01
1.79419375e-07,1.84724750e-01
1.79459375e-07,1.84739250e-01
1.79499375e-07,1.84724750e-01
1.79539375e-07,1.84739250e-01
1.79579375e-07,1.84724750e-01
1.79619375e-07,1.84740156e-01
1.79659375e-07,1.84722937e-01
1.79699375e-07,1.84742875e-01
1.79739375e-07,1.84718406e-01
1.79779375e-07,1.84751031e-01
1.79819375e-07,1.84699375e-01
1.79859375e-07,1.84853437e-01
1.79899375e-07,1.84994812e-01
1.79939375e-07,1.84946781e-01
1.79979375e-07,1.84975781e-01
1.80019375e-07,1.84954937e-01
1.80059375e-07,1.84972156e-01
1.80099375e-07,1.84956750e-01
1.80139375e-07,1.84970344e-01
1.80179375e-07,1.84957656e-01
1.80219375e-07,1.84969438e-01
1.80259375e-07,1.84958563e-01
1.80299375e-07,1.84970344e-01
1.80339375e-07,1.84957656e-01
1.80379375e-07,1.84971250e-01
1.80419375e-07,1.84955844e-01
1.80459375e-07,1.84973969e-01
1.80499375e-07,1.84951312e-01
1.80539375e-07,1.84982125e-01
1.80579375e-07,1.84931375e-01
1.80619375e-07,1.85085438e-01
1.80659375e-07,1.85226813e-01
1.80699375e-07,1.85178781e-01
1.80739375e-07,1.85207781e-01
1.80779375e-07,1.85186938e-01
1.80819375e-07,1.85203250e-01
1.80859375e-07,1.85189656e-01
1.80899375e-07,1.85201438e-01
1.80939375e-07,1.85191469e-01
1.80979375e-07,1.85199625e-01
1.81019375e-07,1.85192375e-01
1.81059375e-07,1.85199625e-01
1.81099375e-07,1.85193281e-01
1.81139375e-07,1.85198719e-01
1.81179375e-07,1.85193281e-01
1.81219375e-07,1.85198719e-01
1.81259375e-07,1.85193281e-01
1.81299375e-07,1.85198719e-01
1.81339375e-07,1.85194187e-01
1.81379375e-07,1.85197813e-01
1.81419375e-07,1.85194187e-01
1.81459375e-07,1.85197813e-01
1.81499375e-07,1.85194187e-01
1.81539375e-07,1.85197813e-01
1.81579375e-07,1.85194187e-01
1.81619375e-07,1.85197813e-01
1.81659375e-07,1.85194187e-01
1.81699375e-07,1.85197813e-01
1.81739375e-07,1.85194187e-01
1.81779375e-07,1.85197813e-01
1.81819375e-07,1.85194187e-01
1.81859375e-07,1.85197813e-01
1.81899375e-07,1.85195094e-01
1.81939375e-07,1.85196906e-01
1.81979375e-07,1.85195094e-01
1.82019375e-07,1.85196906e-01
1.82059375e-07,1.85195094e-01
1.82099375e-07,1.85196906e-01
1.82139375e-07,1.85195094e-01
1.82179375e-07,1.85196906e-01
1.82219375e-07,1.85195094e-01
1.82259375e-07,1.85196906e-01
1.82299375e-07,1.85195094e-01
1.82339375e-07,1.85196906e-01
1.82379375e-07,1.85195094e-01
1.82419375e-07,1.85196906e-01
1.82459375e-07,1.85195094e-01
1.82499375e-07,1.85196906e-01
1.82539375e-07,1.85195094e-01
1.82579375e-07,1.85196906e-01
1.82619375e-07,1.85195094e-01
1.82659375e-07,1.85196906e-01
1.82699375e-07,1.85195094e-01
1.82739375e-07,1.85196906e-01
1.82779375e-07,1.85195094e-01
1.82819375e-07,1.85196906e-01
1.82859375e-07,1.85195094e-01
1.82899375e-07,1.85196906e-01
1.82939375e-07,1.85195094e-01
1.82979375e-07,1.85196906e-01
1.83019375e-07,1.85195094e-01
1.83059375e-07,1.85196906e-01
1.83099375e-07,1.85195094e-01
1.83139375e-07,1.85196906e-01
1.83179375e-07,1.85195094e-01
1.83219375e-07,1.85196000e-01
1.83259375e-07,1.85196000e-01
1.83299375e-07,1.85196000e-01
1.83339375e-07,1.85196000e-01
1.83379375e-07,1.85196000e-01
1.83419375e-07,1.85196000e-01
1.83459375e-07,1.85196000e-01
1.83499375e-07,1.85196000e-01
1.83539375e-07,1.85196000e-01
1.83579375e-07,1.85196000e-01
1.83619375e-07,1.85196000e-01
1.83659375e-07,1.85196000e-01
1.83699375e-07,1.85196000e-01
1.83739375e-07,1.85196000e-01
1.83779375e-07,1.85196000e-01
1.83819375e-07,1.85196000e-01
1.83859375e-07,1.85195094e-01
1.83899375e-07,1.85196906e-01
1.83939375e-07,1.85195094e-01
1.83979375e-07,1.85196906e-01
1.84019375e-07,1.85195094e-01
1.84059375e-07,1.85197813e-01
1.84099375e-07,1.85194187e-01
1.84139375e-07,1.85197813e-01
1.84179375e-07,1.85193281e-01
1.84219375e-07,1.85199625e-01
1.84259375e-07,1.85191469e-01
1.84299375e-07,1.85202344e-01
1.84339375e-07,1.85186938e-01
1.84379375e-07,1.85210500e-01
1.84419375e-07,1.85167000e-01
1.84459375e-07,1.85312906e-01
1.84499375e-07,1.85463344e-01
1.84539375e-07,1.85406250e-01
1.84579375e-07,1.85444312e-01
1.84619375e-07,1.85414406e-01
1.84659375e-07,1.85440688e-01
1.84699375e-07,1.85415312e-01
1.84739375e-07,1.85440688e-01
1.84779375e-07,1.85415312e-01
1.84819375e-07,1.85442500e-01
1.84859375e-07,1.85410781e-01
1.84899375e-07,1.85450656e-01
1.84939375e-07,1.85390844e-01
1.84979375e-07,1.85553969e-01
1.85019375e-07,1.85686281e-01
1.85059375e-07,1.85648219e-01
1.85099375e-07,1.85666344e-01
1.85139375e-07,1.85657281e-01
1.85179375e-07,1.85660000e-01
1.85219375e-07,1.85662719e-01
1.85259375e-07,1.85653656e-01
1.85299375e-07,1.85672687e-01
1.85339375e-07,1.85632812e-01
1.85379375e-07,1.85776906e-01
1.85419375e-07,1.85927344e-01
1.85459375e-07,1.85870250e-01
1.85499375e-07,1.85908313e-01
1.85539375e-07,1.85878406e-01
1.85579375e-07,1.85903781e-01
1.85619375e-07,1.85882031e-01
1.85659375e-07,1.85901062e-01
1.85699375e-07,1.85882937e-01
1.85739375e-07,1.85900156e-01
1.85779375e-07,1.85883844e-01
1.85819375e-07,1.85900156e-01
1.85859375e-07,1.85883844e-01
1.85899375e-07,1.85900156e-01
1.85939375e-07,1.85883844e-01
1.85979375e-07,1.85900156e-01
1.86019375e-07,1.85882937e-01
1.86059375e-07,1.85901062e-01
1.86099375e-07,1.85882031e-01
1.86139375e-07,1.85901969e-01
1.86179375e-07,1.85881125e-01
1.86219375e-07,1.85904687e-01
1.86259375e-07,1.85877500e-01
1.86299375e-07,1.85910125e-01
1.86339375e-07,1.85868437e-01
1.86379375e-07,1.85930969e-01
1.86419375e-07,1.85764219e-01
1.86459375e-07,1.85636438e-01
1.86499375e-07,1.85668156e-01
1.86539375e-07,1.85660000e-01
1.86579375e-07,1.85651844e-01
1.86619375e-07,1.85683563e-01
1.86659375e-07,1.85547625e-01
1.86699375e-07,1.85387219e-01
1.86739375e-07,1.85457906e-01
1.86779375e-07,1.85399000e-01
1.86819375e-07,1.85468781e-01
1.86859375e-07,1.85299313e-01
1.86899375e-07,1.85173344e-01
1.86939375e-07,1.85201438e-01
1.86979375e-07,1.85207781e-01
1.87019375e-07,1.85095406e-01
1.87059375e-07,1.84911437e-01
1.87099375e-07,1.85006594e-01
1.87139375e-07,1.84920500e-01
1.87179375e-07,1.85021094e-01
1.87219375e-07,1.84818094e-01
1.87259375e-07,1.84729281e-01
1.87299375e-07,1.84714781e-01
1.87339375e-07,1.84770062e-01
1.87379375e-07,1.84600594e-01
1.87419375e-07,1.84484594e-01
1.87459375e-07,1.84494562e-01
1.87499375e-07,1.84528094e-01
1.87539375e-07,1.84377656e-01
1.87579375e-07,1.84243531e-01
1.87619375e-07,1.84270719e-01
1.87659375e-07,1.84287031e-01
1.87699375e-07,1.84155625e-01
1.87739375e-07,1.83999750e-01
1.87779375e-07,1.84054125e-01
1.87819375e-07,1.84027844e-01
1.87859375e-07,1.84035094e-01
1.87899375e-07,1.84055031e-01
1.87939375e-07,1.83926344e-01
1.87979375e-07,1.83764125e-01
1.88019375e-07,1.83828469e-01
1.88059375e-07,1.83786781e-01
1.88099375e-07,1.83815781e-01
1.88139375e-07,1.83797656e-01
1.88179375e-07,1.83802187e-01
1.88219375e-07,1.83821219e-01
1.88259375e-07,1.83697063e-01
1.88299375e-07,1.83527594e-01
1.88339375e-07,1.83601906e-01
1.88379375e-07,1.83548437e-01
1.88419375e-07,1.83591937e-01
1.88459375e-07,1.83554781e-01
1.88499375e-07,1.83587406e-01
1.88539375e-07,1.83557500e-01
1.88579375e-07,1.83585594e-01
1.88619375e-07,1.83560219e-01
1.88659375e-07,1.83582875e-01
1.88699375e-07,1.83562031e-01
1.88739375e-07,1.83581063e-01
1.88779375e-07,1.83563844e-01
1.88819375e-07,1.83578344e-01
1.88859375e-07,1.83567469e-01
1.88899375e-07,1.83572906e-01
1.88939375e-07,1.83576531e-01
1.88979375e-07,1.83552969e-01
1.89019375e-07,1.83679844e-01
1.89059375e-07,1.83848406e-01
1.89099375e-07,1.83774094e-01
1.89139375e-07,1.83828469e-01
1.89179375e-07,1.83782250e-01
1.89219375e-07,1.83824844e-01
1.89259375e-07,1.83784969e-01
1.89299375e-07,1.83823031e-01
1.89339375e-07,1.83785875e-01
1.89379375e-07,1.83822125e-01
1.89419375e-07,1.83784969e-01
1.89459375e-07,1.83823031e-01
1.89499375e-07,1.83784062e-01
1.89539375e-07,1.83825750e-01
1.89579375e-07,1.83779531e-01
1.89619375e-07,1.83833906e-01
1.89659375e-07,1.83759594e-01
1.89699375e-07,1.83937219e-01
1.89739375e-07,1.84055031e-01
1.89779375e-07,1.84030562e-01
1.89819375e-07,1.84036000e-01
1.89859375e-07,1.84038719e-01
1.89899375e-07,1.84031469e-01
1.89939375e-07,1.84042344e-01
1.89979375e-07,1.84028750e-01
1.90019375e-07,1.84044156e-01
1.90059375e-07,1.84027844e-01
1.90099375e-07,1.84045062e-01
1.90139375e-07,1.84026031e-01
1.90179375e-07,1.84045969e-01
1.90219375e-07,1.84025125e-01
1.90259375e-07,1.84047781e-01
1.90299375e-07,1.84023313e-01
1.90339375e-07,1.84049594e-01
1.90379375e-07,1.84020594e-01
1.90419375e-07,1.84053219e-01
1.90459375e-07,1.84015156e-01
1.90499375e-07,1.84062281e-01
1.90539375e-07,1.83995219e-01
1.90579375e-07,1.84166500e-01
1.90619375e-07,1.84289750e-01
1.90659375e-07,1.84260750e-01
1.90699375e-07,1.84268906e-01
1.90739375e-07,1.84270719e-01
1.90779375e-07,1.84263469e-01
1.90819375e-07,1.84275250e-01
1.90859375e-07,1.84258937e-01
1.90899375e-07,1.84279781e-01
1.90939375e-07,1.84252594e-01
1.90979375e-07,1.84289750e-01
1.91019375e-07,1.84231750e-01
1.91059375e-07,1.84393969e-01
1.91099375e-07,1.84525375e-01
1.91139375e-07,1.84489125e-01
1.91179375e-07,1.84505438e-01
1.91219375e-07,1.84498187e-01
1.91259375e-07,1.84499094e-01
1.91299375e-07,1.84503625e-01
1.91339375e-07,1.84494562e-01
1.91379375e-07,1.84508156e-01
1.91419375e-07,1.84488219e-01
1.91459375e-07,1.84517219e-01
1.91499375e-07,1.84467375e-01
1.91539375e-07,1.84621437e-01
1.91579375e-07,1.84761906e-01
1.91619375e-07,1.84715688e-01
1.91659375e-07,1.84741969e-01
1.91699375e-07,1.84724750e-01
1.91739375e-07,1.84737437e-01
1.91779375e-07,1.84728375e-01
1.91819375e-07,1.84734719e-01
1.91859375e-07,1.84730188e-01
1.91899375e-07,1.84732906e-01
1.91939375e-07,1.84731094e-01
1.91979375e-07,1.84732000e-01
1.92019375e-07,1.84732000e-01
1.92059375e-07,1.84731094e-01
1.92099375e-07,1.84732906e-01
1.92139375e-07,1.84731094e-01
1.92179375e-07,1.84733813e-01
1.92219375e-07,1.84730188e-01
1.92259375e-07,1.84733813e-01
1.92299375e-07,1.84729281e-01
1.92339375e-07,1.84734719e-01
1.92379375e-07,1.84729281e-01
1.92419375e-07,1.84734719e-01
1.92459375e-07,1.84728375e-01
1.92499375e-07,1.84735625e-01
1.92539375e-07,1.84728375e-01
1.92579375e-07,1.84735625e-01
1.92619375e-07,1.84727469e-01
1.92659375e-07,1.84736531e-01
1.92699375e-07,1.84727469e-01
1.92739375e-07,1.84736531e-01
1.92779375e-07,1.84726562e-01
1.92819375e-07,1.84737437e-01
1.92859375e-07,1.84726562e-01
1.92899375e-07,1.84737437e-01
1.92939375e-07,1.84725656e-01
1.92979375e-07,1.84738344e-01
1.93019375e-07,1.84725656e-01
1.93059375e-07,1.84738344e-01
1.93099375e-07,1.84724750e-01
1.93139375e-07,1.84739250e-01
1.93179375e-07,1.84723844e-01
1.93219375e-07,1.84740156e-01
1.93259375e-07,1.84722937e-01
1.93299375e-07,1.84741062e-01
1.93339375e-07,1.84722031e-01
1.93379375e-07,1.84742875e-01
1.93419375e-07,1.84720219e-01
1.93459375e-07,1.84744688e-01
1.93499375e-07,1.84717500e-01
1.93539375e-07,1.84748312e-01
1.93579375e-07,1.84712062e-01
1.93619375e-07,1.84757375e-01
1.93659375e-07,1.84691219e-01
1.93699375e-07,1.84861594e-01
1.93739375e-07,1.84985750e-01
1.93779375e-07,1.84956750e-01
1.93819375e-07,1.84964906e-01
1.93859375e-07,1.84966719e-01
1.93899375e-07,1.84958563e-01
1.93939375e-07,1.84971250e-01
1.93979375e-07,1.84954031e-01
1.94019375e-07,1.84976687e-01
1.94059375e-07,1.84946781e-01
1.94099375e-07,1.84987563e-01
1.94139375e-07,1.84925031e-01
1.94179375e-07,1.85092687e-01
1.94219375e-07,1.85217750e-01
1.94259375e-07,1.85189656e-01
1.94299375e-07,1.85195094e-01
1.94339375e-07,1.85201438e-01
1.94379375e-07,1.85185125e-01
1.94419375e-07,1.85215031e-01
1.94459375e-07,1.85160656e-01
1.94499375e-07,1.85321062e-01
1.94539375e-07,1.85453375e-01
1.94579375e-07,1.85418031e-01
1.94619375e-07,1.85429812e-01
1.94659375e-07,1.85431625e-01
1.94699375e-07,1.85418937e-01
1.94739375e-07,1.85445219e-01
1.94779375e-07,1.85394469e-01
1.94819375e-07,1.85552156e-01
1.94859375e-07,1.85685375e-01
1.94899375e-07,1.85651844e-01
1.94939375e-07,1.85659094e-01
1.94979375e-07,1.85670875e-01
1.95019375e-07,1.85631906e-01
1.95059375e-07,1.85779625e-01
1.95099375e-07,1.85921906e-01
1.95139375e-07,1.85879313e-01
1.95179375e-07,1.85894719e-01
1.95219375e-07,1.85898344e-01
1.95259375e-07,1.85867531e-01
1.95299375e-07,1.86008000e-01
1.95339375e-07,1.86157531e-01
1.95379375e-07,1.86107688e-01
1.95419375e-07,1.86131250e-01
1.95459375e-07,1.86126719e-01
1.95499375e-07,1.86104063e-01
1.95539375e-07,1.86235469e-01
1.95579375e-07,1.86394062e-01
1.95619375e-07,1.86334250e-01
1.95659375e-07,1.86368687e-01
1.95699375e-07,1.86352375e-01
1.95739375e-07,1.86342406e-01
1.95779375e-07,1.86459313e-01
1.95819375e-07,1.86635125e-01
1.95859375e-07,1.86555375e-01
1.95899375e-07,1.86614281e-01
1.95939375e-07,1.86565344e-01
1.95979375e-07,1.86607937e-01
1.96019375e-07,1.86568969e-01
1.96059375e-07,1.86605219e-01
1.96099375e-07,1.86571687e-01
1.96139375e-07,1.86603406e-01
1.96179375e-07,1.86572594e-01
1.96219375e-07,1.86602500e-01
1.96259375e-07,1.86573500e-01
1.96299375e-07,1.86602500e-01
1.96339375e-07,1.86574406e-01
1.96379375e-07,1.86601594e-01
1.96419375e-07,1.86574406e-01
1.96459375e-07,1.86602500e-01
1.96499375e-07,1.86573500e-01
1.96539375e-07,1.86603406e-01
1.96579375e-07,1.86570781e-01
1.96619375e-07,1.86607031e-01
1.96659375e-07,1.86563531e-01
1.96699375e-07,1.86626062e-01
1.96739375e-07,1.86462031e-01
1.96779375e-07,1.86328812e-01
1.96819375e-07,1.86372312e-01
1.96859375e-07,1.86340594e-01
1.96899375e-07,1.86382281e-01
1.96939375e-07,1.86244531e-01
1.96979375e-07,1.86080500e-01
1.97019375e-07,1.86158437e-01
1.97059375e-07,1.86088656e-01
1.97099375e-07,1.86172937e-01
1.97139375e-07,1.85986250e-01
1.97179375e-07,1.85879313e-01
1.97219375e-07,1.85886562e-01
1.97259375e-07,1.85916469e-01
1.97299375e-07,1.85776906e-01
1.97339375e-07,1.85622844e-01
1.97379375e-07,1.85684469e-01
1.97419375e-07,1.85636438e-01
1.97459375e-07,1.85693531e-01
1.97499375e-07,1.85541281e-01
1.97539375e-07,1.85390844e-01
1.97579375e-07,1.85455188e-01
1.97619375e-07,1.85399000e-01
1.97659375e-07,1.85469688e-01
1.97699375e-07,1.85298406e-01
1.97739375e-07,1.85174250e-01
1.97779375e-07,1.85203250e-01
1.97819375e-07,1.85196906e-01
1.97859375e-07,1.85186938e-01
1.97899375e-07,1.85220469e-01
1.97939375e-07,1.85081812e-01
1.97979375e-07,1.84926844e-01
1.98019375e-07,1.84986656e-01
1.98059375e-07,1.84946781e-01
1.98099375e-07,1.84978500e-01
1.98139375e-07,1.84950406e-01
1.98179375e-07,1.84976687e-01
1.98219375e-07,1.84951312e-01
1.98259375e-07,1.84976687e-01
1.98299375e-07,1.84950406e-01
1.98339375e-07,1.84980312e-01
1.98379375e-07,1.84942250e-01
1.98419375e-07,1.84999344e-01
1.98459375e-07,1.84839844e-01
1.98499375e-07,1.84703906e-01
1.98539375e-07,1.84746500e-01
1.98579375e-07,1.84722031e-01
1.98619375e-07,1.84739250e-01
1.98659375e-07,1.84726562e-01
1.98699375e-07,1.84736531e-01
1.98739375e-07,1.84728375e-01
1.98779375e-07,1.84734719e-01
1.98819375e-07,1.84729281e-01
1.98859375e-07,1.84734719e-01
1.98899375e-07,1.84730188e-01
1.98939375e-07,1.84733813e-01
1.98979375e-07,1.84730188e-01
1.99019375e-07,1.84733813e-01
1.99059375e-07,1.84730188e-01
1.99099375e-07,1.84733813e-01
1.99139375e-07,1.84730188e-01
1.99179375e-07,1.84733813e-01
1.99219375e-07,1.84730188e-01
1.99259375e-07,1.84733813e-01
1.99299375e-07,1.84730188e-01
1.99339375e-07,1.84733813e-01
1.99379375e-07,1.84730188e-01
1.99419375e-07,1.84733813e-01
1.99459375e-07,1.84730188e-01
1.99499375e-07,1.84734719e-01
1.99539375e-07,1.84729281e-01
1.99579375e-07,1.84734719e-01
1.99619375e-07,1.84728375e-01
1.99659375e-07,1.84735625e-01
1.99699375e-07,1.84727469e-01
1.99739375e-07,1.84738344e-01
1.99779375e-07,1.84723844e-01
1.99819375e-07,1.84742875e-01
1.99859375e-07,1.84715688e-01
1.99899375e-07,1.84762812e-01
1.99939375e-07,1.84612375e-01
1.99979375e-07,1.84467375e-01
2.00019375e-07,1.84518125e-01
2.00059375e-07,1.84487313e-01
2.00099375e-07,1.84509969e-01
2.00139375e-07,1.84491844e-01
2.00179375e-07,1.84506344e-01
2.00219375e-07,1.84495469e-01
2.00259375e-07,1.84501813e-01
2.00299375e-07,1.84500906e-01
2.00339375e-07,1.84493656e-01
2.00379375e-07,1.84520844e-01
2.00419375e-07,1.84391250e-01
2.00459375e-07,1.84224500e-01
2.00499375e-07,1.84298812e-01
2.00539375e-07,1.84241719e-01
2.00579375e-07,1.84293375e-01
2.00619375e-07,1.84242625e-01
2.00659375e-07,1.84295187e-01
2.00699375e-07,1.84235375e-01
2.00739375e-07,1.84315125e-01
2.00779375e-07,1.84132062e-01
2.00819375e-07,1.84020594e-01
2.00859375e-07,1.84036906e-01
2.00899375e-07,1.84042344e-01
2.00939375e-07,1.84025125e-01
2.00979375e-07,1.84052313e-01
2.01019375e-07,1.84012437e-01
2.01059375e-07,1.84075875e-01
2.01099375e-07,1.83906406e-01
2.01139375e-07,1.83784062e-01
2.01179375e-07,1.83807625e-01
2.01219375e-07,1.83809438e-01
2.01259375e-07,1.83789500e-01
2.01299375e-07,1.83835719e-01
2.01339375e-07,1.83680750e-01
2.01379375e-07,1.83545719e-01
2.01419375e-07,1.83581969e-01
2.01459375e-07,1.83571094e-01
2.01499375e-07,1.83562937e-01
2.01539375e-07,1.83598281e-01
2.01579375e-07,1.83454188e-01
2.01619375e-07,1.83307375e-01
2.01659375e-07,1.83355406e-01
2.01699375e-07,1.83333656e-01
2.01739375e-07,1.83337281e-01
2.01779375e-07,1.83359031e-01
2.01819375e-07,1.83230344e-01
2.01859375e-07,1.83067219e-01
2.01899375e-07,1.83133375e-01
2.01939375e-07,1.83088969e-01
2.01979375e-07,1.83123406e-01
2.02019375e-07,1.83096219e-01
2.02059375e-07,1.83117063e-01
2.02099375e-07,1.83102563e-01
2.02139375e-07,1.83107094e-01
2.02179375e-07,1.83123406e-01
2.02219375e-07,1.83003781e-01
2.02259375e-07,1.82827062e-01
2.02299375e-07,1.82912250e-01
2.02339375e-07,1.82842469e-01
2.02379375e-07,1.82912250e-01
2.02419375e-07,1.82827062e-01
2.02459375e-07,1.83012844e-01
2.02499375e-07,1.83124312e-01
2.02539375e-07,1.83105281e-01
2.02579375e-07,1.83105281e-01
2.02619375e-07,1.83114344e-01
2.02659375e-07,1.83099844e-01
2.02699375e-07,1.83118875e-01
2.02739375e-07,1.83093500e-01
2.02779375e-07,1.83128844e-01
2.02819375e-07,1.83072656e-01
2.02859375e-07,1.83233062e-01
2.02899375e-07,1.83366281e-01
2.02939375e-07,1.83329125e-01
2.02979375e-07,1.83343625e-01
2.03019375e-07,1.83344531e-01
2.03059375e-07,1.83320062e-01
2.03099375e-07,1.83447844e-01
2.03139375e-07,1.83617312e-01
2.03179375e-07,1.83537563e-01
2.03219375e-07,1.83606437e-01
2.03259375e-07,1.83525781e-01
2.03299375e-07,1.83705219e-01
2.03339375e-07,1.83823031e-01
2.03379375e-07,1.83799469e-01
2.03419375e-07,1.83801281e-01
2.03459375e-07,1.83813969e-01
2.03499375e-07,1.83778625e-01
2.03539375e-07,1.83918187e-01
2.03579375e-07,1.84074062e-01
2.03619375e-07,1.84011531e-01
2.03659375e-07,1.84056844e-01
2.03699375e-07,1.84015156e-01
2.03739375e-07,1.84059562e-01
2.03779375e-07,1.83998844e-01
2.03819375e-07,1.84160156e-01
2.03859375e-07,1.84297000e-01
2.03899375e-07,1.84251688e-01
2.03939375e-07,1.84279781e-01
2.03979375e-07,1.84258031e-01
2.04019375e-07,1.84277063e-01
2.04059375e-07,1.84258937e-01
2.04099375e-07,1.84278875e-01
2.04139375e-07,1.84255312e-01
2.04179375e-07,1.84286125e-01
2.04219375e-07,1.84235375e-01
2.04259375e-07,1.84389438e-01
2.04299375e-07,1.84530813e-01
2.04339375e-07,1.84482781e-01
2.04379375e-07,1.84511781e-01
2.04419375e-07,1.84490938e-01
2.04459375e-07,1.84507250e-01
2.04499375e-07,1.84493656e-01
2.04539375e-07,1.84505438e-01
2.04579375e-07,1.84495469e-01
2.04619375e-07,1.84503625e-01
2.04659375e-07,1.84496375e-01
2.04699375e-07,1.84502719e-01
2.04739375e-07,1.84497281e-01
2.04779375e-07,1.84501813e-01
2.04819375e-07,1.84498187e-01
2.04859375e-07,1.84500906e-01
2.04899375e-07,1.84499094e-01
2.04939375e-07,1.84500000e-01
2.04979375e-07,1.84500000e-01
2.05019375e-07,1.84499094e-01
2.05059375e-07,1.84501813e-01
2.05099375e-07,1.84496375e-01
2.05139375e-07,1.84505438e-01
2.05179375e-07,1.84491844e-01
2.05219375e-07,1.84513594e-01
2.05259375e-07,1.84471906e-01
2.05299375e-07,1.84616906e-01
2.05339375e-07,1.84767344e-01
2.05379375e-07,1.84710250e-01
2.05419375e-07,1.84748312e-01
2.05459375e-07,1.84719313e-01
2.05499375e-07,1.84742875e-01
2.05539375e-07,1.84722031e-01
2.05579375e-07,1.84741062e-01
2.05619375e-07,1.84722937e-01
2.05659375e-07,1.84740156e-01
2.05699375e-07,1.84723844e-01
2.05739375e-07,1.84739250e-01
2.05779375e-07,1.84724750e-01
2.05819375e-07,1.84739250e-01
2.05859375e-07,1.84724750e-01
2.05899375e-07,1.84739250e-01
2.05939375e-07,1.84724750e-01
2.05979375e-07,1.84739250e-01
2.06019375e-07,1.84724750e-01
2.06059375e-07,1.84739250e-01
2.06099375e-07,1.84724750e-01
2.06139375e-07,1.84739250e-01
2.06179375e-07,1.84724750e-01
2.06219375e-07,1.84739250e-01
2.06259375e-07,1.84724750e-01
2.06299375e-07,1.84740156e-01
2.06339375e-07,1.84723844e-01
2.06379375e-07,1.84740156e-01
2.06419375e-07,1.84722937e-01
2.06459375e-07,1.84741062e-01
2.06499375e-07,1.84722031e-01
2.06539375e-07,1.84742875e-01
2.06579375e-07,1.84720219e-01
2.06619375e-07,1.84744688e-01
2.06659375e-07,1.84717500e-01
2.06699375e-07,1.84750125e-01
2.06739375e-07,1.84708437e-01
2.06779375e-07,1.84770969e-01
2.06819375e-07,1.84604219e-01
2.06859375e-07,1.84476438e-01
2.06899375e-07,1.84509062e-01
2.06939375e-07,1.84497281e-01
2.06979375e-07,1.84499094e-01
2.07019375e-07,1.84503625e-01
2.07059375e-07,1.84492750e-01
2.07099375e-07,1.84510875e-01
2.07139375e-07,1.84482781e-01
2.07179375e-07,1.84532625e-01
2.07219375e-07,1.84377656e-01
2.07259375e-07,1.84239000e-01
2.07299375e-07,1.84282500e-01
2.07339375e-07,1.84259844e-01
2.07379375e-07,1.84272531e-01
2.07419375e-07,1.84267094e-01
2.07459375e-07,1.84266187e-01
2.07499375e-07,1.84273437e-01
2.07539375e-07,1.84256219e-01
2.07579375e-07,1.84295187e-01
2.07619375e-07,1.84151094e-01
2.07659375e-07,1.84000656e-01
2.07699375e-07,1.84056844e-01
2.07739375e-07,1.84020594e-01
2.07779375e-07,1.84047781e-01
2.07819375e-07,1.84026031e-01
2.07859375e-07,1.84045062e-01
2.07899375e-07,1.84028750e-01
2.07939375e-07,1.84042344e-01
2.07979375e-07,1.84029656e-01
2.08019375e-07,1.84041437e-01
2.08059375e-07,1.84031469e-01
2.08099375e-07,1.84040531e-01
2.08139375e-07,1.84032375e-01
2.08179375e-07,1.84039625e-01
2.08219375e-07,1.84033281e-01
2.08259375e-07,1.84038719e-01
2.08299375e-07,1.84034188e-01
2.08339375e-07,1.84036906e-01
2.08379375e-07,1.84036000e-01
2.08419375e-07,1.84035094e-01
2.08459375e-07,1.84037813e-01
2.08499375e-07,1.84032375e-01
2.08539375e-07,1.84042344e-01
2.08579375e-07,1.84023313e-01
2.08619375e-07,1.84063188e-01
2.08659375e-07,1.83920000e-01
2.08699375e-07,1.83767750e-01
2.08739375e-07,1.83826656e-01
2.08779375e-07,1.83786781e-01
2.08819375e-07,1.83818500e-01
2.08859375e-07,1.83791312e-01
2.08899375e-07,1.83815781e-01
2.08939375e-07,1.83793125e-01
2.08979375e-07,1.83813969e-01
2.09019375e-07,1.83794031e-01
2.09059375e-07,1.83813062e-01
2.09099375e-07,1.83794938e-01
2.09139375e-07,1.83813062e-01
2.09179375e-07,1.83794938e-01
2.09219375e-07,1.83813062e-01
2.09259375e-07,1.83794938e-01
2.09299375e-07,1.83813062e-01
2.09339375e-07,1.83794938e-01
2.09379375e-07,1.83813062e-01
2.09419375e-07,1.83794031e-01
2.09459375e-07,1.83813969e-01
2.09499375e-07,1.83793125e-01
2.09539375e-07,1.83814875e-01
2.09579375e-07,1.83792219e-01
2.09619375e-07,1.83817594e-01
2.09659375e-07,1.83788594e-01
2.09699375e-07,1.83822125e-01
2.09739375e-07,1.83779531e-01
2.09779375e-07,1.83842969e-01
2.09819375e-07,1.83676219e-01
2.09859375e-07,1.83547531e-01
2.09899375e-07,1.83581969e-01
2.09939375e-07,1.83567469e-01
2.09979375e-07,1.83572906e-01
2.10019375e-07,1.83572906e-01
2.10059375e-07,1.83569281e-01
2.10099375e-07,1.83576531e-01
2.10139375e-07,1.83565656e-01
2.10179375e-07,1.83581063e-01
2.10219375e-07,1.83559312e-01
2.10259375e-07,1.83590125e-01
2.10299375e-07,1.83538469e-01
2.10339375e-07,1.83694344e-01
2.10379375e-07,1.83833906e-01
2.10419375e-07,1.83788594e-01
2.10459375e-07,1.83813969e-01
2.10499375e-07,1.83797656e-01
2.10539375e-07,1.83808531e-01
2.10579375e-07,1.83801281e-01
2.10619375e-07,1.83805812e-01
2.10659375e-07,1.83803094e-01
2.10699375e-07,1.83804000e-01
2.10739375e-07,1.83804906e-01
2.10779375e-07,1.83801281e-01
2.10819375e-07,1.83807625e-01
2.10859375e-07,1.83798562e-01
2.10899375e-07,1.83811250e-01
2.10939375e-07,1.83794031e-01
2.10979375e-07,1.83820312e-01
2.11019375e-07,1.83773187e-01
2.11059375e-07,1.83923625e-01
2.11099375e-07,1.84068625e-01
2.11139375e-07,1.84017875e-01
2.11179375e-07,1.84048688e-01
2.11219375e-07,1.84026031e-01
2.11259375e-07,1.84044156e-01
2.11299375e-07,1.84029656e-01
2.11339375e-07,1.84041437e-01
2.11379375e-07,1.84030562e-01
2.11419375e-07,1.84040531e-01
2.11459375e-07,1.84032375e-01
2.11499375e-07,1.84039625e-01
2.11539375e-07,1.84032375e-01
2.11579375e-07,1.84038719e-01
2.11619375e-07,1.84033281e-01
2.11659375e-07,1.84038719e-01
2.11699375e-07,1.84033281e-01
2.11739375e-07,1.84037813e-01
2.11779375e-07,1.84034188e-01
2.11819375e-07,1.84037813e-01
2.11859375e-07,1.84034188e-01
2.11899375e-07,1.84037813e-01
2.11939375e-07,1.84034188e-01
2.11979375e-07,1.84037813e-01
2.12019375e-07,1.84035094e-01
2.12059375e-07,1.84036906e-01
2.12099375e-07,1.84035094e-01
2.12139375e-07,1.84036906e-01
2.12179375e-07,1.84035094e-01
2.12219375e-07,1.84036906e-01
2.12259375e-07,1.84035094e-01
2.12299375e-07,1.84036906e-01
2.12339375e-07,1.84035094e-01
2.12379375e-07,1.84036906e-01
2.12419375e-07,1.84036000e-01
2.12459375e-07,1.84036000e-01
2.12499375e-07,1.84036000e-01
2.12539375e-07,1.84036000e-01
2.12579375e-07,1.84036000e-01
2.12619375e-07,1.84036000e-01
2.12659375e-07,1.84036000e-01
2.12699375e-07,1.84036000e-01
2.12739375e-07,1.84036000e-01
2.12779375e-07,1.84035094e-01
2.12819375e-07,1.84036906e-01
2.12859375e-07,1.84035094e-01
2.12899375e-07,1.84036906e-01
2.12939375e-07,1.84035094e-01
2.12979375e-07,1.84037813e-01
2.13019375e-07,1.84034188e-01
2.13059375e-07,1.84038719e-01
2.13099375e-07,1.84032375e-01
2.13139375e-07,1.84041437e-01
2.13179375e-07,1.84027844e-01
2.13219375e-07,1.84049594e-01
2.13259375e-07,1.84008813e-01
2.13299375e-07,1.84152000e-01
2.13339375e-07,1.84305156e-01
2.13379375e-07,1.84244437e-01
2.13419375e-07,1.84287937e-01
2.13459375e-07,1.84249875e-01
2.13499375e-07,1.84286125e-01
2.13539375e-07,1.84248063e-01
2.13579375e-07,1.84293375e-01
2.13619375e-07,1.84228125e-01
2.13659375e-07,1.84396687e-01
2.13699375e-07,1.84523562e-01
2.13739375e-07,1.84490938e-01
2.13779375e-07,1.84502719e-01
2.13819375e-07,1.84501813e-01
2.13859375e-07,1.84493656e-01
2.13899375e-07,1.84513594e-01
2.13939375e-07,1.84471000e-01
2.13979375e-07,1.84618719e-01
2.14019375e-07,1.84764625e-01
2.14059375e-07,1.84713875e-01
2.14099375e-07,1.84743781e-01
2.14139375e-07,1.84724750e-01
2.14179375e-07,1.84733813e-01
2.14219375e-07,1.84736531e-01
2.14259375e-07,1.84712969e-01
2.14299375e-07,1.84840750e-01
2.14339375e-07,1.85007500e-01
2.14379375e-07,1.84934094e-01
2.14419375e-07,1.84989375e-01
2.14459375e-07,1.84940437e-01
2.14499375e-07,1.84987563e-01
2.14539375e-07,1.84939531e-01
2.14579375e-07,1.84993906e-01
2.14619375e-07,1.84920500e-01
2.14659375e-07,1.85095406e-01
2.14699375e-07,1.85216844e-01
2.14739375e-07,1.85188750e-01
2.14779375e-07,1.85198719e-01
2.14819375e-07,1.85196000e-01
2.14859375e-07,1.85194187e-01
2.14899375e-07,1.85198719e-01
2.14939375e-07,1.85192375e-01
2.14979375e-07,1.85200531e-01
2.15019375e-07,1.85191469e-01
2.15059375e-07,1.85201438e-01
2.15099375e-07,1.85190562e-01
2.15139375e-07,1.85202344e-01
2.15179375e-07,1.85189656e-01
2.15219375e-07,1.85203250e-01
2.15259375e-07,1.85188750e-01
2.15299375e-07,1.85203250e-01
2.15339375e-07,1.85187844e-01
2.15379375e-07,1.85204156e-01
2.15419375e-07,1.85186938e-01
2.15459375e-07,1.85205062e-01
2.15499375e-07,1.85186031e-01
2.15539375e-07,1.85206875e-01
2.15579375e-07,1.85184219e-01
2.15619375e-07,1.85208687e-01
2.15659375e-07,1.85181500e-01
2.15699375e-07,1.85211406e-01
2.15739375e-07,1.85177875e-01
2.15779375e-07,1.85217750e-01
2.15819375e-07,1.85167906e-01
2.15859375e-07,1.85239500e-01
2.15899375e-07,1.85061875e-01
2.15939375e-07,1.84946781e-01
2.15979375e-07,1.84964906e-01
2.16019375e-07,1.84972156e-01
2.16059375e-07,1.84946781e-01
2.16099375e-07,1.84998438e-01
2.16139375e-07,1.84838031e-01
2.16179375e-07,1.84708437e-01
2.16219375e-07,1.84739250e-01
2.16259375e-07,1.84733813e-01
2.16299375e-07,1.84720219e-01
2.16339375e-07,1.84761000e-01
2.16379375e-07,1.84611469e-01
2.16419375e-07,1.84471000e-01
2.16459375e-07,1.84512687e-01
2.16499375e-07,1.84496375e-01
2.16539375e-07,1.84493656e-01
2.16579375e-07,1.84523562e-01
2.16619375e-07,1.84385812e-01
2.16659375e-07,1.84232656e-01
2.16699375e-07,1.84287031e-01
2.16739375e-07,1.84258031e-01
2.16779375e-07,1.84269812e-01
2.16819375e-07,1.84282500e-01
2.16859375e-07,1.84163781e-01
2.16899375e-07,1.83988875e-01
2.16939375e-07,1.84069531e-01
2.16979375e-07,1.84007000e-01
2.17019375e-07,1.84065000e-01
2.17059375e-07,1.84004281e-01
2.17099375e-07,1.84080406e-01
2.17139375e-07,1.83903687e-01
2.17179375e-07,1.83783156e-01
2.17219375e-07,1.83812156e-01
2.17259375e-07,1.83800375e-01
2.17299375e-07,1.83804906e-01
2.17339375e-07,1.83804000e-01
2.17379375e-07,1.83803094e-01
2.17419375e-07,1.83805812e-01
2.17459375e-07,1.83802187e-01
2.17499375e-07,1.83806719e-01
2.17539375e-07,1.83801281e-01
2.17579375e-07,1.83806719e-01
2.17619375e-07,1.83800375e-01
2.17659375e-07,1.83808531e-01
2.17699375e-07,1.83798562e-01
2.17739375e-07,1.83810344e-01
2.17779375e-07,1.83794938e-01
2.17819375e-07,1.83818500e-01
2.17859375e-07,1.83775906e-01
2.17899375e-07,1.83920000e-01
2.17939375e-07,1.84073156e-01
2.17979375e-07,1.84011531e-01
2.18019375e-07,1.84056844e-01
2.18059375e-07,1.84015156e-01
2.18099375e-07,1.84060469e-01
2.18139375e-07,1.83998844e-01
2.18179375e-07,1.84160156e-01
2.18219375e-07,1.84297906e-01
2.18259375e-07,1.84249875e-01
2.18299375e-07,1.84286125e-01
2.18339375e-07,1.84239906e-01
2.18379375e-07,1.84382187e-01
2.18419375e-07,1.84540781e-01
2.18459375e-07,1.84468281e-01
2.18499375e-07,1.84532625e-01
2.18539375e-07,1.84454687e-01
2.18579375e-07,1.84634125e-01
2.18619375e-07,1.84750125e-01
2.18659375e-07,1.84729281e-01
2.18699375e-07,1.84726562e-01
2.18739375e-07,1.84746500e-01
2.18779375e-07,1.84701188e-01
2.18819375e-07,1.84852531e-01
2.18859375e-07,1.84994812e-01
2.18899375e-07,1.84948594e-01
2.18939375e-07,1.84973063e-01
2.18979375e-07,1.84959469e-01
2.19019375e-07,1.84965812e-01
2.19059375e-07,1.84965812e-01
2.19099375e-07,1.84958563e-01
2.19139375e-07,1.84976687e-01
2.19179375e-07,1.84936812e-01
2.19219375e-07,1.85080906e-01
2.19259375e-07,1.85230437e-01
2.19299375e-07,1.85176062e-01
2.19339375e-07,1.85209594e-01
2.19379375e-07,1.85185125e-01
2.19419375e-07,1.85204156e-01
2.19459375e-07,1.85189656e-01
2.19499375e-07,1.85200531e-01
2.19539375e-07,1.85192375e-01
2.19579375e-07,1.85197813e-01
2.19619375e-07,1.85196000e-01
2.19659375e-07,1.85193281e-01
2.19699375e-07,1.85201438e-01
2.19739375e-07,1.85184219e-01
2.19779375e-07,1.85222281e-01
2.19819375e-07,1.85080906e-01
2.19859375e-07,1.84927750e-01
2.19899375e-07,1.84986656e-01
2.19939375e-07,1.84947687e-01
2.19979375e-07,1.84977594e-01
2.20019375e-07,1.84952219e-01
2.20059375e-07,1.84973969e-01
2.20099375e-07,1.84954937e-01
2.20139375e-07,1.84972156e-01
2.20179375e-07,1.84956750e-01
2.20219375e-07,1.84971250e-01
2.20259375e-07,1.84957656e-01
2.20299375e-07,1.84970344e-01
2.20339375e-07,1.84958563e-01
2.20379375e-07,1.84969438e-01
2.20419375e-07,1.84959469e-01
2.20459375e-07,1.84968531e-01
2.20499375e-07,1.84960375e-01
2.20539375e-07,1.84966719e-01
2.20579375e-07,1.84961281e-01
2.20619375e-07,1.84965812e-01
2.20659375e-07,1.84963094e-01
2.20699375e-07,1.84964000e-01
2.20739375e-07,1.84965812e-01
2.20779375e-07,1.84958563e-01
2.20819375e-07,1.84974875e-01
2.20859375e-07,1.84938625e-01
2.20899375e-07,1.85078187e-01
2.20939375e-07,1.85234062e-01
2.20979375e-07,1.85171531e-01
2.21019375e-07,1.85215938e-01
2.21059375e-07,1.85178781e-01
2.21099375e-07,1.85211406e-01
2.21139375e-07,1.85181500e-01
2.21179375e-07,1.85210500e-01
2.21219375e-07,1.85181500e-01
2.21259375e-07,1.85211406e-01
2.21299375e-07,1.85179687e-01
2.21339375e-07,1.85215031e-01
2.21379375e-07,1.85171531e-01
2.21419375e-07,1.85234969e-01
2.21459375e-07,1.85069125e-01
2.21499375e-07,1.84938625e-01
2.21539375e-07,1.84975781e-01
2.21579375e-07,1.84957656e-01
2.21619375e-07,1.84967625e-01
2.21659375e-07,1.84962187e-01
2.21699375e-07,1.84964906e-01
2.21739375e-07,1.84964000e-01
2.21779375e-07,1.84963094e-01
2.21819375e-07,1.84964906e-01
2.21859375e-07,1.84962187e-01
2.21899375e-07,1.84965812e-01
2.21939375e-07,1.84962187e-01
2.21979375e-07,1.84966719e-01
2.22019375e-07,1.84961281e-01
2.22059375e-07,1.84966719e-01
2.22099375e-07,1.84961281e-01
2.22139375e-07,1.84967625e-01
2.22179375e-07,1.84960375e-01
2.22219375e-07,1.84967625e-01
2.22259375e-07,1.84959469e-01
2.22299375e-07,1.84968531e-01
2.22339375e-07,1.84958563e-01
2.22379375e-07,1.84969438e-01
2.22419375e-07,1.84957656e-01
2.22459375e-07,1.84972156e-01
2.22499375e-07,1.84954031e-01
2.22539375e-07,1.84976687e-01
2.22579375e-07,1.84945875e-01
2.22619375e-07,1.84996625e-01
2.22659375e-07,1.84842563e-01
2.22699375e-07,1.84701188e-01
2.22739375e-07,1.84749219e-01
2.22779375e-07,1.84720219e-01
2.22819375e-07,1.84741062e-01
2.22859375e-07,1.84724750e-01
2.22899375e-07,1.84738344e-01
2.22939375e-07,1.84726562e-01
2.22979375e-07,1.84737437e-01
2.23019375e-07,1.84727469e-01
2.23059375e-07,1.84736531e-01
2.23099375e-07,1.84727469e-01
2.23139375e-07,1.84736531e-01
2.23179375e-07,1.84727469e-01
2.23219375e-07,1.84736531e-01
2.23259375e-07,1.84726562e-01
2.23299375e-07,1.84737437e-01
2.23339375e-07,1.84725656e-01
2.23379375e-07,1.84739250e-01
2.23419375e-07,1.84722937e-01
2.23459375e-07,1.84743781e-01
2.23499375e-07,1.84714781e-01
2.23539375e-07,1.84763719e-01
2.23579375e-07,1.84611469e-01
2.23619375e-07,1.84468281e-01
2.23659375e-07,1.84517219e-01
2.23699375e-07,1.84487313e-01
2.23739375e-07,1.84509062e-01
2.23779375e-07,1.84492750e-01
2.23819375e-07,1.84506344e-01
2.23859375e-07,1.84494562e-01
2.23899375e-07,1.84505438e-01
2.23939375e-07,1.84495469e-01
2.23979375e-07,1.84504531e-01
2.24019375e-07,1.84496375e-01
2.24059375e-07,1.84503625e-01
2.24099375e-07,1.84496375e-01
2.24139375e-07,1.84503625e-01
2.24179375e-07,1.84496375e-01
2.24219375e-07,1.84503625e-01
2.24259375e-07,1.84497281e-01
2.24299375e-07,1.84502719e-01
2.24339375e-07,1.84497281e-01
2.24379375e-07,1.84502719e-01
2.24419375e-07,1.84497281e-01
2.24459375e-07,1.84502719e-01
2.24499375e-07,1.84497281e-01
2.24539375e-07,1.84502719e-01
2.24579375e-07,1.84497281e-01
2.24619375e-07,1.84502719e-01
2.24659375e-07,1.84497281e-01
2.24699375e-07,1.84502719e-01
2.24739375e-07,1.84497281e-01
2.24779375e-07,1.84502719e-01
2.24819375e-07,1.84497281e-01
2.24859375e-07,1.84502719e-01
2.24899375e-07,1.84497281e-01
2.24939375e-07,1.84502719e-01
2.24979375e-07,1.84497281e-01
2.25019375e-07,1.84502719e-01
2.25059375e-07,1.84497281e-01
2.25099375e-07,1.84502719e-01
2.25139375e-07,1.84497281e-01
2.25179375e-07,1.84503625e-01
2.25219375e-07,1.84496375e-01
2.25259375e-07,1.84503625e-01
2.25299375e-07,1.84496375e-01
2.25339375e-07,1.84503625e-01
2.25379375e-07,1.84495469e-01
2.25419375e-07,1.84504531e-01
2.25459375e-07,1.84495469e-01
2.25499375e-07,1.84505438e-01
2.25539375e-07,1.84493656e-01
2.25579375e-07,1.84507250e-01
2.25619375e-07,1.84491844e-01
2.25659375e-07,1.84509969e-01
2.25699375e-07,1.84487313e-01
2.25739375e-07,1.84518125e-01
2.25779375e-07,1.84467375e-01
2.25819375e-07,1.84621437e-01
2.25859375e-07,1.84762812e-01
2.25899375e-07,1.84715688e-01
2.25939375e-07,1.84742875e-01
2.25979375e-07,1.84723844e-01
2.26019375e-07,1.84738344e-01
2.26059375e-07,1.84726562e-01
2.26099375e-07,1.84736531e-01
2.26139375e-07,1.84727469e-01
2.26179375e-07,1.84735625e-01
2.26219375e-07,1.84728375e-01
2.26259375e-07,1.84734719e-01
2.26299375e-07,1.84729281e-01
2.26339375e-07,1.84734719e-01
2.26379375e-07,1.84729281e-01
2.26419375e-07,1.84733813e-01
2.26459375e-07,1.84730188e-01
2.26499375e-07,1.84733813e-01
2.26539375e-07,1.84730188e-01
2.26579375e-07,1.84733813e-01
2.26619375e-07,1.84730188e-01
2.26659375e-07,1.84733813e-01
2.26699375e-07,1.84730188e-01
2.26739375e-07,1.84733813e-01
2.26779375e-07,1.84730188e-01
2.26819375e-07,1.84733813e-01
2.26859375e-07,1.84730188e-01
2.26899375e-07,1.84733813e-01
2.26939375e-07,1.84730188e-01
2.26979375e-07,1.84733813e-01
2.27019375e-07,1.84730188e-01
2.27059375e-07,1.84733813e-01
2.27099375e-07,1.84730188e-01
2.27139375e-07,1.84734719e-01
2.27179375e-07,1.84729281e-01
2.27219375e-07,1.84735625e-01
2.27259375e-07,1.84727469e-01
2.27299375e-07,1.84738344e-01
2.27339375e-07,1.84722937e-01
2.27379375e-07,1.84745594e-01
2.27419375e-07,1.84703906e-01
2.27459375e-07,1.84848000e-01
2.27499375e-07,1.85000250e-01
2.27539375e-07,1.84940437e-01
2.27579375e-07,1.84983031e-01
2.27619375e-07,1.84945875e-01
2.27659375e-07,1.84982125e-01
2.27699375e-07,1.84944063e-01
2.27739375e-07,1.84989375e-01
2.27779375e-07,1.84924125e-01
2.27819375e-07,1.85092687e-01
2.27859375e-07,1.85218656e-01
2.27899375e-07,1.85188750e-01
2.27939375e-07,1.85195094e-01
2.27979375e-07,1.85204156e-01
2.28019375e-07,1.85171531e-01
2.28059375e-07,1.85309281e-01
2.28099375e-07,1.85466063e-01
2.28139375e-07,1.85402625e-01
2.28179375e-07,1.85448844e-01
2.28219375e-07,1.85408062e-01
2.28259375e-07,1.85451563e-01
2.28299375e-07,1.85392656e-01
2.28339375e-07,1.85550344e-01
2.28379375e-07,1.85690812e-01
2.28419375e-07,1.85640969e-01
2.28459375e-07,1.85676312e-01
2.28499375e-07,1.85643687e-01
2.28539375e-07,1.85680844e-01
2.28579375e-07,1.85625563e-01
2.28619375e-07,1.85783250e-01
2.28659375e-07,1.85921000e-01
2.28699375e-07,1.85877500e-01
2.28739375e-07,1.85901062e-01
2.28779375e-07,1.85886562e-01
2.28819375e-07,1.85894719e-01
2.28859375e-07,1.85892000e-01
2.28899375e-07,1.85888375e-01
2.28939375e-07,1.85901969e-01
2.28979375e-07,1.85867531e-01
2.29019375e-07,1.86005281e-01
2.29059375e-07,1.86162063e-01
2.29099375e-07,1.86099531e-01
2.29139375e-07,1.86143031e-01
2.29179375e-07,1.86107688e-01
2.29219375e-07,1.86138500e-01
2.29259375e-07,1.86110406e-01
2.29299375e-07,1.86136688e-01
2.29339375e-07,1.86112219e-01
2.29379375e-07,1.86135781e-01
2.29419375e-07,1.86112219e-01
2.29459375e-07,1.86134875e-01
2.29499375e-07,1.86112219e-01
2.29539375e-07,1.86135781e-01
2.29579375e-07,1.86112219e-01
2.29619375e-07,1.86136688e-01
2.29659375e-07,1.86111312e-01
2.29699375e-07,1.86138500e-01
2.29739375e-07,1.86107688e-01
2.29779375e-07,1.86143031e-01
2.29819375e-07,1.86099531e-01
2.29859375e-07,1.86162969e-01
2.29899375e-07,1.85996219e-01
2.29939375e-07,1.85867531e-01
2.29979375e-07,1.85902875e-01
2.30019375e-07,1.85886562e-01
2.30059375e-07,1.85894719e-01
2.30099375e-07,1.85891094e-01
2.30139375e-07,1.85891094e-01
2.30179375e-07,1.85893813e-01
2.30219375e-07,1.85889281e-01
2.30259375e-07,1.85894719e-01
2.30299375e-07,1.85888375e-01
2.30339375e-07,1.85895625e-01
2.30379375e-07,1.85887469e-01
2.30419375e-07,1.85896531e-01
2.30459375e-07,1.85886562e-01
2.30499375e-07,1.85897437e-01
2.30539375e-07,1.85885656e-01
2.30579375e-07,1.85898344e-01
2.30619375e-07,1.85884750e-01
2.30659375e-07,1.85899250e-01
2.30699375e-07,1.85883844e-01
2.30739375e-07,1.85901062e-01
2.30779375e-07,1.85882031e-01
2.30819375e-07,1.85902875e-01
2.30859375e-07,1.85879313e-01
2.30899375e-07,1.85906500e-01
2.30939375e-07,1.85873875e-01
2.30979375e-07,1.85915562e-01
2.31019375e-07,1.85853031e-01
2.31059375e-07,1.86019781e-01
2.31099375e-07,1.86147563e-01
2.31139375e-07,1.86114937e-01
2.31179375e-07,1.86126719e-01
2.31219375e-07,1.86124906e-01
2.31259375e-07,1.86119469e-01
2.31299375e-07,1.86131250e-01
2.31339375e-07,1.86112219e-01
2.31379375e-07,1.86142125e-01
2.31419375e-07,1.86090469e-01
2.31459375e-07,1.86247250e-01
2.31499375e-07,1.86384094e-01
2.31539375e-07,1.86342406e-01
2.31579375e-07,1.86363250e-01
2.31619375e-07,1.86353281e-01
2.31659375e-07,1.86356000e-01
2.31699375e-07,1.86359625e-01
2.31739375e-07,1.86348750e-01
2.31779375e-07,1.86369594e-01
2.31819375e-07,1.86327000e-01
2.31859375e-07,1.86474719e-01
2.31899375e-07,1.86621531e-01
2.31939375e-07,1.86568969e-01
2.31979375e-07,1.86600688e-01
2.32019375e-07,1.86578031e-01
2.32059375e-07,1.86595250e-01
2.32099375e-07,1.86581656e-01
2.32139375e-07,1.86592531e-01
2.32179375e-07,1.86584375e-01
2.32219375e-07,1.86590719e-01
2.32259375e-07,1.86586188e-01
2.32299375e-07,1.86589813e-01
2.32339375e-07,1.86587094e-01
2.32379375e-07,1.86588000e-01
2.32419375e-07,1.86588906e-01
2.32459375e-07,1.86586188e-01
2.32499375e-07,1.86590719e-01
2.32539375e-07,1.86584375e-01
2.32579375e-07,1.86593437e-01
2.32619375e-07,1.86580750e-01
2.32659375e-07,1.86598875e-01
2.32699375e-07,1.86570781e-01
2.32739375e-07,1.86619719e-01
2.32779375e-07,1.86467469e-01
2.32819375e-07,1.86325187e-01
2.32859375e-07,1.86372312e-01
2.32899375e-07,1.86345125e-01
2.32939375e-07,1.86363250e-01
2.32979375e-07,1.86351469e-01
2.33019375e-07,1.86358719e-01
2.33059375e-07,1.86356000e-01
2.33099375e-07,1.86354187e-01
2.33139375e-07,1.86361438e-01
2.33179375e-07,1.86344219e-01
2.33219375e-07,1.86382281e-01
2.33259375e-07,1.86240000e-01
2.33299375e-07,1.86087750e-01
2.33339375e-07,1.86145750e-01
2.33379375e-07,1.86107688e-01
2.33419375e-07,1.86137594e-01
2.33459375e-07,1.86112219e-01
2.33499375e-07,1.86133969e-01
2.33539375e-07,1.86114937e-01
2.33579375e-07,1.86132156e-01
2.33619375e-07,1.86116750e-01
2.33659375e-07,1.86131250e-01
2.33699375e-07,1.86117656e-01
2.33739375e-07,1.86130344e-01
2.33779375e-07,1.86117656e-01
2.33819375e-07,1.86129437e-01
2.33859375e-07,1.86118563e-01
2.33899375e-07,1.86129437e-01
2.33939375e-07,1.86118563e-01
2.33979375e-07,1.86129437e-01
2.34019375e-07,1.86119469e-01
2.34059375e-07,1.86128531e-01
2.34099375e-07,1.86119469e-01
2.34139375e-07,1.86128531e-01
2.34179375e-07,1.86119469e-01
2.34219375e-07,1.86128531e-01
2.34259375e-07,1.86119469e-01
2.34299375e-07,1.86128531e-01
2.34339375e-07,1.86119469e-01
2.34379375e-07,1.86128531e-01
2.34419375e-07,1.86119469e-01
2.34459375e-07,1.86128531e-01
2.34499375e-07,1.86118563e-01
2.34539375e-07,1.86129437e-01
2.34579375e-07,1.86118563e-01
2.34619375e-07,1.86130344e-01
2.34659375e-07,1.86116750e-01
2.34699375e-07,1.86132156e-01
2.34739375e-07,1.86114031e-01
2.34779375e-07,1.86136688e-01
2.34819375e-07,1.86105875e-01
2.34859375e-07,1.86155719e-01
2.34899375e-07,1.86003469e-01
2.34939375e-07,1.85860281e-01
2.34979375e-07,1.85910125e-01
2.35019375e-07,1.85879313e-01
2.35059375e-07,1.85901969e-01
2.35099375e-07,1.85883844e-01
2.35139375e-07,1.85899250e-01
2.35179375e-07,1.85884750e-01
2.35219375e-07,1.85898344e-01
2.35259375e-07,1.85885656e-01
2.35299375e-07,1.85898344e-01
2.35339375e-07,1.85885656e-01
2.35379375e-07,1.85899250e-01
2.35419375e-07,1.85884750e-01
2.35459375e-07,1.85901062e-01
2.35499375e-07,1.85882031e-01
2.35539375e-07,1.85904687e-01
2.35579375e-07,1.85873875e-01
2.35619375e-07,1.85924625e-01
2.35659375e-07,1.85770562e-01
2.35699375e-07,1.85629187e-01
2.35739375e-07,1.85678125e-01
2.35779375e-07,1.85647312e-01
2.35819375e-07,1.85670875e-01
2.35859375e-07,1.85649125e-01
2.35899375e-07,1.85671781e-01
2.35939375e-07,1.85643687e-01
2.35979375e-07,1.85689000e-01
2.36019375e-07,1.85543094e-01
2.36059375e-07,1.85390844e-01
2.36099375e-07,1.85452469e-01
2.36139375e-07,1.85406250e-01
2.36179375e-07,1.85450656e-01
2.36219375e-07,1.85400812e-01
2.36259375e-07,1.85468781e-01
2.36299375e-07,1.85298406e-01
2.36339375e-07,1.85173344e-01
2.36379375e-07,1.85204156e-01
2.36419375e-07,1.85194187e-01
2.36459375e-07,1.85193281e-01
2.36499375e-07,1.85204156e-01
2.36539375e-07,1.85181500e-01
2.36579375e-07,1.85225906e-01
2.36619375e-07,1.85076375e-01
2.36659375e-07,1.84932281e-01
2.36699375e-07,1.84981219e-01
2.36739375e-07,1.84953125e-01
2.36779375e-07,1.84970344e-01
2.36819375e-07,1.84960375e-01
2.36859375e-07,1.84964000e-01
2.36899375e-07,1.84967625e-01
2.36939375e-07,1.84954031e-01
2.36979375e-07,1.84989375e-01
2.37019375e-07,1.84849812e-01
2.37059375e-07,1.84694844e-01
2.37099375e-07,1.84755562e-01
2.37139375e-07,1.84714781e-01
2.37179375e-07,1.84746500e-01
2.37219375e-07,1.84720219e-01
2.37259375e-07,1.84742875e-01
2.37299375e-07,1.84722031e-01
2.37339375e-07,1.84741062e-01
2.37379375e-07,1.84723844e-01
2.37419375e-07,1.84740156e-01
2.37459375e-07,1.84724750e-01
2.37499375e-07,1.84739250e-01
2.37539375e-07,1.84725656e-01
2.37579375e-07,1.84738344e-01
2.37619375e-07,1.84726562e-01
2.37659375e-07,1.84737437e-01
2.37699375e-07,1.84726562e-01
2.37739375e-07,1.84737437e-01
2.37779375e-07,1.84727469e-01
2.37819375e-07,1.84736531e-01
2.37859375e-07,1.84727469e-01
2.37899375e-07,1.84735625e-01
2.37939375e-07,1.84728375e-01
2.37979375e-07,1.84735625e-01
2.38019375e-07,1.84728375e-01
2.38059375e-07,1.84734719e-01
2.38099375e-07,1.84729281e-01
2.38139375e-07,1.84733813e-01
2.38179375e-07,1.84731094e-01
2.38219375e-07,1.84732000e-01
2.38259375e-07,1.84733813e-01
2.38299375e-07,1.84727469e-01
2.38339375e-07,1.84741969e-01
2.38379375e-07,1.84707531e-01
2.38419375e-07,1.84844375e-01
2.38459375e-07,1.85003875e-01
2.38499375e-07,1.84937719e-01
2.38539375e-07,1.84985750e-01
2.38579375e-07,1.84944063e-01
2.38619375e-07,1.84983938e-01
2.38659375e-07,1.84942250e-01
2.38699375e-07,1.84990281e-01
2.38739375e-07,1.84924125e-01
2.38779375e-07,1.85091781e-01
2.38819375e-07,1.85221375e-01
2.38859375e-07,1.85184219e-01
2.38899375e-07,1.85203250e-01
2.38939375e-07,1.85189656e-01
2.38979375e-07,1.85202344e-01
2.39019375e-07,1.85188750e-01
2.39059375e-07,1.85208687e-01
2.39099375e-07,1.85170625e-01
2.39139375e-07,1.85310188e-01
2.39179375e-07,1.85466969e-01
2.39219375e-07,1.85401719e-01
2.39259375e-07,1.85449750e-01
2.39299375e-07,1.85408969e-01
2.39339375e-07,1.85447031e-01
2.39379375e-07,1.85408969e-01
2.39419375e-07,1.85448844e-01
2.39459375e-07,1.85404437e-01
2.39499375e-07,1.85457000e-01
2.39539375e-07,1.85384500e-01
2.39579375e-07,1.85560312e-01
2.39619375e-07,1.85679938e-01
2.39659375e-07,1.85654563e-01
2.39699375e-07,1.85659094e-01
2.39739375e-07,1.85664531e-01
2.39779375e-07,1.85652750e-01
2.39819375e-07,1.85670875e-01
2.39859375e-07,1.85645500e-01
2.39899375e-07,1.85680844e-01
2.39939375e-07,1.85623750e-01
2.39979375e-07,1.85785969e-01
2.40019375e-07,1.85917375e-01
2.40059375e-07,1.85881125e-01
2.40099375e-07,1.85896531e-01
2.40139375e-07,1.85892000e-01
2.40179375e-07,1.85889281e-01
2.40219375e-07,1.85898344e-01
2.40259375e-07,1.85882031e-01
2.40299375e-07,1.85909219e-01
2.40339375e-07,1.85859375e-01
2.40379375e-07,1.86013437e-01
2.40419375e-07,1.86153906e-01
2.40459375e-07,1.86108594e-01
2.40499375e-07,1.86133063e-01
2.40539375e-07,1.86118563e-01
2.40579375e-07,1.86126719e-01
2.40619375e-07,1.86124000e-01
2.40659375e-07,1.86121281e-01
2.40699375e-07,1.86129437e-01
2.40739375e-07,1.86114937e-01
2.40779375e-07,1.86139406e-01
2.40819375e-07,1.86093188e-01
2.40859375e-07,1.86243625e-01
2.40899375e-07,1.86387719e-01
2.40939375e-07,1.86338781e-01
2.40979375e-07,1.86366875e-01
2.41019375e-07,1.86349656e-01
2.41059375e-07,1.86359625e-01
2.41099375e-07,1.86355094e-01
2.41139375e-07,1.86354187e-01
2.41179375e-07,1.86361438e-01
2.41219375e-07,1.86344219e-01
2.41259375e-07,1.86383187e-01
2.41299375e-07,1.86240000e-01
2.41339375e-07,1.86088656e-01
2.41379375e-07,1.86144844e-01
2.41419375e-07,1.86109500e-01
2.41459375e-07,1.86134875e-01
2.41499375e-07,1.86114937e-01
2.41539375e-07,1.86131250e-01
2.41579375e-07,1.86118563e-01
2.41619375e-07,1.86127625e-01
2.41659375e-07,1.86122188e-01
2.41699375e-07,1.86123094e-01
2.41739375e-07,1.86128531e-01
2.41779375e-07,1.86114031e-01
2.41819375e-07,1.86149375e-01
2.41859375e-07,1.86009813e-01
2.41899375e-07,1.85854844e-01
2.41939375e-07,1.85914656e-01
2.41979375e-07,1.85874781e-01
2.42019375e-07,1.85905594e-01
2.42059375e-07,1.85880219e-01
2.42099375e-07,1.85901969e-01
2.42139375e-07,1.85883844e-01
2.42179375e-07,1.85898344e-01
2.42219375e-07,1.85887469e-01
2.42259375e-07,1.85894719e-01
2.42299375e-07,1.85892906e-01
2.42339375e-07,1.85885656e-01
2.42379375e-07,1.85912844e-01
2.42419375e-07,1.85782344e-01
2.42459375e-07,1.85618312e-01
2.42499375e-07,1.85688094e-01
2.42539375e-07,1.85637344e-01
2.42579375e-07,1.85679938e-01
2.42619375e-07,1.85641875e-01
2.42659375e-07,1.85676312e-01
2.42699375e-07,1.85643687e-01
2.42739375e-07,1.85675406e-01
2.42779375e-07,1.85644594e-01
2.42819375e-07,1.85674500e-01
2.42859375e-07,1.85645500e-01
2.42899375e-07,1.85674500e-01
2.42939375e-07,1.85645500e-01
2.42979375e-07,1.85675406e-01
2.43019375e-07,1.85644594e-01
2.43059375e-07,1.85676312e-01
2.43099375e-07,1.85642781e-01
2.43139375e-07,1.85678125e-01
2.43179375e-07,1.85640063e-01
2.43219375e-07,1.85682656e-01
2.43259375e-07,1.85631906e-01
2.43299375e-07,1.85702594e-01
2.43339375e-07,1.85527688e-01
2.43379375e-07,1.85408062e-01
2.43419375e-07,1.85434344e-01
2.43459375e-07,1.85428000e-01
2.43499375e-07,1.85425281e-01
2.43539375e-07,1.85433437e-01
2.43579375e-07,1.85420750e-01
2.43619375e-07,1.85437062e-01
2.43659375e-07,1.85418031e-01
2.43699375e-07,1.85439781e-01
2.43739375e-07,1.85413500e-01
2.43779375e-07,1.85446125e-01
2.43819375e-07,1.85404437e-01
2.43859375e-07,1.85466969e-01
2.43899375e-07,1.85300219e-01
2.43939375e-07,1.85172438e-01
2.43979375e-07,1.85205062e-01
2.44019375e-07,1.85193281e-01
2.44059375e-07,1.85195094e-01
2.44099375e-07,1.85199625e-01
2.44139375e-07,1.85190562e-01
2.44179375e-07,1.85204156e-01
2.44219375e-07,1.85186031e-01
2.44259375e-07,1.85210500e-01
2.44299375e-07,1.85176062e-01
2.44339375e-07,1.85231344e-01
2.44379375e-07,1.85070938e-01
2.44419375e-07,1.84937719e-01
2.44459375e-07,1.84975781e-01
2.44499375e-07,1.84957656e-01
2.44539375e-07,1.84966719e-01
2.44579375e-07,1.84964000e-01
2.44619375e-07,1.84961281e-01
2.44659375e-07,1.84968531e-01
2.44699375e-07,1.84956750e-01
2.44739375e-07,1.84974875e-01
2.44779375e-07,1.84946781e-01
2.44819375e-07,1.84996625e-01
2.44859375e-07,1.84841656e-01
2.44899375e-07,1.84702094e-01
2.44939375e-07,1.84747406e-01
2.44979375e-07,1.84722937e-01
2.45019375e-07,1.84737437e-01
2.45059375e-07,1.84729281e-01
2.45099375e-07,1.84732906e-01
2.45139375e-07,1.84733813e-01
2.45179375e-07,1.84727469e-01
2.45219375e-07,1.84740156e-01
2.45259375e-07,1.84718406e-01
2.45299375e-07,1.84761000e-01
2.45339375e-07,1.84614187e-01
2.45379375e-07,1.84466469e-01
2.45419375e-07,1.84519938e-01
2.45459375e-07,1.84486406e-01
2.45499375e-07,1.84510875e-01
2.45539375e-07,1.84490938e-01
2.45579375e-07,1.84507250e-01
2.45619375e-07,1.84493656e-01
2.45659375e-07,1.84505438e-01
2.45699375e-07,1.84494562e-01
2.45739375e-07,1.84504531e-01
2.45779375e-07,1.84495469e-01
2.45819375e-07,1.84503625e-01
2.45859375e-07,1.84496375e-01
2.45899375e-07,1.84503625e-01
2.45939375e-07,1.84496375e-01
2.45979375e-07,1.84503625e-01
2.46019375e-07,1.84496375e-01
2.46059375e-07,1.84504531e-01
2.46099375e-07,1.84494562e-01
2.46139375e-07,1.84507250e-01
2.46179375e-07,1.84488219e-01
2.46219375e-07,1.84525375e-01
2.46259375e-07,1.84387625e-01
2.46299375e-07,1.84224500e-01
2.46339375e-07,1.84303344e-01
2.46379375e-07,1.84223594e-01
2.46419375e-07,1.84398500e-01
2.46459375e-07,1.84523562e-01
2.46499375e-07,1.84490031e-01
2.46539375e-07,1.84505438e-01
2.46579375e-07,1.84497281e-01
2.46619375e-07,1.84501813e-01
2.46659375e-07,1.84499094e-01
2.46699375e-07,1.84500000e-01
2.46739375e-07,1.84500906e-01
2.46779375e-07,1.84499094e-01
2.46819375e-07,1.84501813e-01
2.46859375e-07,1.84498187e-01
2.46899375e-07,1.84502719e-01
2.46939375e-07,1.84497281e-01
2.46979375e-07,1.84503625e-01
2.47019375e-07,1.84495469e-01
2.47059375e-07,1.84504531e-01
2.47099375e-07,1.84494562e-01
2.47139375e-07,1.84506344e-01
2.47179375e-07,1.84491844e-01
2.47219375e-07,1.84509969e-01
2.47259375e-07,1.84487313e-01
2.47299375e-07,1.84518125e-01
2.47339375e-07,1.84467375e-01
2.47379375e-07,1.84622344e-01
2.47419375e-07,1.84761906e-01
2.47459375e-07,1.84715688e-01
2.47499375e-07,1.84742875e-01
2.47539375e-07,1.84724750e-01
2.47579375e-07,1.84737437e-01
2.47619375e-07,1.84727469e-01
2.47659375e-07,1.84735625e-01
2.47699375e-07,1.84729281e-01
2.47739375e-07,1.84733813e-01
2.47779375e-07,1.84731094e-01
2.47819375e-07,1.84732906e-01
2.47859375e-07,1.84732000e-01
2.47899375e-07,1.84732000e-01
2.47939375e-07,1.84732906e-01
2.47979375e-07,1.84731094e-01
2.48019375e-07,1.84733813e-01
2.48059375e-07,1.84730188e-01
2.48099375e-07,1.84734719e-01
2.48139375e-07,1.84729281e-01
2.48179375e-07,1.84735625e-01
2.48219375e-07,1.84727469e-01
2.48259375e-07,1.84737437e-01
2.48299375e-07,1.84725656e-01
2.48339375e-07,1.84739250e-01
2.48379375e-07,1.84722031e-01
2.48419375e-07,1.84744688e-01
2.48459375e-07,1.84712969e-01
2.48499375e-07,1.84765531e-01
2.48539375e-07,1.84609656e-01
2.48579375e-07,1.84471000e-01
2.48619375e-07,1.84515406e-01
2.48659375e-07,1.84490938e-01
2.48699375e-07,1.84505438e-01
2.48739375e-07,1.84496375e-01
2.48779375e-07,1.84500906e-01
2.48819375e-07,1.84500906e-01
2.48859375e-07,1.84496375e-01
2.48899375e-07,1.84507250e-01
2.48939375e-07,1.84487313e-01
2.48979375e-07,1.84528094e-01
2.49019375e-07,1.84383094e-01
2.49059375e-07,1.84232656e-01
2.49099375e-07,1.84288844e-01
2.49139375e-07,1.84252594e-01
2.49179375e-07,1.84280687e-01
2.49219375e-07,1.84257125e-01
2.49259375e-07,1.84277063e-01
2.49299375e-07,1.84259844e-01
2.49339375e-07,1.84275250e-01
2.49379375e-07,1.84260750e-01
2.49419375e-07,1.84274344e-01
2.49459375e-07,1.84261656e-01
2.49499375e-07,1.84273437e-01
2.49539375e-07,1.84262563e-01
2.49579375e-07,1.84273437e-01
2.49619375e-07,1.84262563e-01
2.49659375e-07,1.84273437e-01
2.49699375e-07,1.84262563e-01
2.49739375e-07,1.84273437e-01
2.49779375e-07,1.84262563e-01
2.49819375e-07,1.84273437e-01
2.49859375e-07,1.84262563e-01
2.49899375e-07,1.84273437e-01
2.49939375e-07,1.84261656e-01
2.49979375e-07,1.84275250e-01
2.50019375e-07,1.84259844e-01
2.50059375e-07,1.84277063e-01
2.50099375e-07,1.84256219e-01
2.50139375e-07,1.84285219e-01
2.50179375e-07,1.84236281e-01
2.50219375e-07,1.84388531e-01
2.50259375e-07,1.84531719e-01
2.50299375e-07,1.84480969e-01
2.50339375e-07,1.84513594e-01
2.50379375e-07,1.84489125e-01
2.50419375e-07,1.84509969e-01
2.50459375e-07,1.84490938e-01
2.50499375e-07,1.84509062e-01
2.50539375e-07,1.84490031e-01
2.50579375e-07,1.84511781e-01
2.50619375e-07,1.84486406e-01
2.50659375e-07,1.84519031e-01
2.50699375e-07,1.84466469e-01
2.50739375e-07,1.84622344e-01
2.50779375e-07,1.84761906e-01
2.50819375e-07,1.84715688e-01
2.50859375e-07,1.84743781e-01
2.50899375e-07,1.84723844e-01
2.50939375e-07,1.84739250e-01
2.50979375e-07,1.84725656e-01
2.51019375e-07,1.84737437e-01
2.51059375e-07,1.84727469e-01
2.51099375e-07,1.84736531e-01
2.51139375e-07,1.84728375e-01
2.51179375e-07,1.84735625e-01
2.51219375e-07,1.84728375e-01
2.51259375e-07,1.84735625e-01
2.51299375e-07,1.84728375e-01
2.51339375e-07,1.84735625e-01
2.51379375e-07,1.84728375e-01
2.51419375e-07,1.84735625e-01
2.51459375e-07,1.84728375e-01
2.51499375e-07,1.84736531e-01
2.51539375e-07,1.84727469e-01
2.51579375e-07,1.84737437e-01
2.51619375e-07,1.84726562e-01
2.51659375e-07,1.84738344e-01
2.51699375e-07,1.84724750e-01
2.51739375e-07,1.84741062e-01
2.51779375e-07,1.84719313e-01
2.51819375e-07,1.84750125e-01
2.51859375e-07,1.84699375e-01
2.51899375e-07,1.84853437e-01
2.51939375e-07,1.84994812e-01
2.51979375e-07,1.84946781e-01
2.52019375e-07,1.84974875e-01
2.52059375e-07,1.84955844e-01
2.52099375e-07,1.84970344e-01
2.52139375e-07,1.84959469e-01
2.52179375e-07,1.84967625e-01
2.52219375e-07,1.84962187e-01
2.52259375e-07,1.84964000e-01
2.52299375e-07,1.84965812e-01
2.52339375e-07,1.84959469e-01
2.52379375e-07,1.84973969e-01
2.52419375e-07,1.84939531e-01
2.52459375e-07,1.85077281e-01
2.52499375e-07,1.85234969e-01
2.52539375e-07,1.85169719e-01
2.52579375e-07,1.85216844e-01
2.52619375e-07,1.85176969e-01
2.52659375e-07,1.85215031e-01
2.52699375e-07,1.85175156e-01
2.52739375e-07,1.85221375e-01
2.52779375e-07,1.85157031e-01
2.52819375e-07,1.85322875e-01
2.52859375e-07,1.85454281e-01
2.52899375e-07,1.85414406e-01
2.52939375e-07,1.85437062e-01
2.52979375e-07,1.85420750e-01
2.53019375e-07,1.85436156e-01
2.53059375e-07,1.85418031e-01
2.53099375e-07,1.85442500e-01
2.53139375e-07,1.85399906e-01
2.53179375e-07,1.85544906e-01
2.53219375e-07,1.85696250e-01
2.53259375e-07,1.85637344e-01
2.53299375e-07,1.85677219e-01
2.53339375e-07,1.85644594e-01
2.53379375e-07,1.85673594e-01
2.53419375e-07,1.85647312e-01
2.53459375e-07,1.85671781e-01
2.53499375e-07,1.85648219e-01
2.53539375e-07,1.85671781e-01
2.53579375e-07,1.85648219e-01
2.53619375e-07,1.85671781e-01
2.53659375e-07,1.85648219e-01
2.53699375e-07,1.85671781e-01
2.53739375e-07,1.85648219e-01
2.53779375e-07,1.85672687e-01
2.53819375e-07,1.85647312e-01
2.53859375e-07,1.85673594e-01
2.53899375e-07,1.85645500e-01
2.53939375e-07,1.85675406e-01
2.53979375e-07,1.85643687e-01
2.54019375e-07,1.85678125e-01
2.54059375e-07,1.85640063e-01
2.54099375e-07,1.85683563e-01
2.54139375e-07,1.85630094e-01
2.54179375e-07,1.85704406e-01
2.54219375e-07,1.85525875e-01
2.54259375e-07,1.85410781e-01
2.54299375e-07,1.85429812e-01
2.54339375e-07,1.85433437e-01
2.54379375e-07,1.85418031e-01
2.54419375e-07,1.85443406e-01
2.54459375e-07,1.85405344e-01
2.54499375e-07,1.85466969e-01
2.54539375e-07,1.85299313e-01
2.54579375e-07,1.85174250e-01
2.54619375e-07,1.85202344e-01
2.54659375e-07,1.85197813e-01
2.54699375e-07,1.85188750e-01
2.54739375e-07,1.85208687e-01
2.54779375e-07,1.85176062e-01
2.54819375e-07,1.85233156e-01
2.54859375e-07,1.85068219e-01
2.54899375e-07,1.84941344e-01
2.54939375e-07,1.84969438e-01
2.54979375e-07,1.84967625e-01
2.55019375e-07,1.84950406e-01
2.55059375e-07,1.84994812e-01
2.55099375e-07,1.84841656e-01
2.55139375e-07,1.84704813e-01
2.55179375e-07,1.84742875e-01
2.55219375e-07,1.84731094e-01
2.55259375e-07,1.84722937e-01
2.55299375e-07,1.84758281e-01
2.55339375e-07,1.84614187e-01
2.55379375e-07,1.84468281e-01
2.55419375e-07,1.84515406e-01
2.55459375e-07,1.84494562e-01
2.55499375e-07,1.84496375e-01
2.55539375e-07,1.84520844e-01
2.55579375e-07,1.84388531e-01
2.55619375e-07,1.84229937e-01
2.55659375e-07,1.84289750e-01
2.55699375e-07,1.84254406e-01
2.55739375e-07,1.84272531e-01
2.55779375e-07,1.84278875e-01
2.55819375e-07,1.84167406e-01
2.55859375e-07,1.83983437e-01
2.55899375e-07,1.84076781e-01
2.55939375e-07,1.83995219e-01
2.55979375e-07,1.84087656e-01
2.56019375e-07,1.83897344e-01
2.56059375e-07,1.83789500e-01
2.56099375e-07,1.83804000e-01
2.56139375e-07,1.83810344e-01
2.56179375e-07,1.83790406e-01
2.56219375e-07,1.83832094e-01
2.56259375e-07,1.83687094e-01
2.56299375e-07,1.83536656e-01
2.56339375e-07,1.83594656e-01
2.56379375e-07,1.83552969e-01
2.56419375e-07,1.83591937e-01
2.56459375e-07,1.83548437e-01
2.56499375e-07,1.83609156e-01
2.56539375e-07,1.83446937e-01
2.56579375e-07,1.83312813e-01
2.56619375e-07,1.83353594e-01
2.56659375e-07,1.83331844e-01
2.56699375e-07,1.83345437e-01
2.56739375e-07,1.83336375e-01
2.56779375e-07,1.83341813e-01
2.56819375e-07,1.83339094e-01
2.56859375e-07,1.83339094e-01
2.56899375e-07,1.83342719e-01
2.56939375e-07,1.83335469e-01
2.56979375e-07,1.83347250e-01
2.57019375e-07,1.83327313e-01
2.57059375e-07,1.83367188e-01
2.57099375e-07,1.83224000e-01
2.57139375e-07,1.83071750e-01
2.57179375e-07,1.83131563e-01
2.57219375e-07,1.83089875e-01
2.57259375e-07,1.83125219e-01
2.57299375e-07,1.83089875e-01
2.57339375e-07,1.83129750e-01
2.57379375e-07,1.83072656e-01
2.57419375e-07,1.83231250e-01
2.57459375e-07,1.83369906e-01
2.57499375e-07,1.83322781e-01
2.57539375e-07,1.83351781e-01
2.57579375e-07,1.83330031e-01
2.57619375e-07,1.83349062e-01
2.57659375e-07,1.83330937e-01
2.57699375e-07,1.83349062e-01
2.57739375e-07,1.83330937e-01
2.57779375e-07,1.83349969e-01
2.57819375e-07,1.83328219e-01
2.57859375e-07,1.83353594e-01
2.57899375e-07,1.83322781e-01
2.57939375e-07,1.83362656e-01
2.57979375e-07,1.83301937e-01
2.58019375e-07,1.83466875e-01
2.58059375e-07,1.83596469e-01
2.58099375e-07,1.83562937e-01
2.58139375e-07,1.83574719e-01
2.58179375e-07,1.83574719e-01
2.58219375e-07,1.83564750e-01
2.58259375e-07,1.83586500e-01
2.58299375e-07,1.83541188e-01
2.58339375e-07,1.83692531e-01
2.58379375e-07,1.83833906e-01
2.58419375e-07,1.83788594e-01
2.58459375e-07,1.83812156e-01
2.58499375e-07,1.83801281e-01
2.58539375e-07,1.83801281e-01
2.58579375e-07,1.83813969e-01
2.58619375e-07,1.83778625e-01
2.58659375e-07,1.83919094e-01
2.58699375e-07,1.84071344e-01
2.58739375e-07,1.84016062e-01
2.58779375e-07,1.84049594e-01
2.58819375e-07,1.84027844e-01
2.58859375e-07,1.84039625e-01
2.58899375e-07,1.84039625e-01
2.58939375e-07,1.84017875e-01
2.58979375e-07,1.84143844e-01
2.59019375e-07,1.84312406e-01
2.59059375e-07,1.84238094e-01
2.59099375e-07,1.84293375e-01
2.59139375e-07,1.84245344e-01
2.59179375e-07,1.84290656e-01
2.59219375e-07,1.84243531e-01
2.59259375e-07,1.84296094e-01
2.59299375e-07,1.84226312e-01
2.59339375e-07,1.84397594e-01
2.59379375e-07,1.84522656e-01
2.59419375e-07,1.84490031e-01
2.59459375e-07,1.84504531e-01
2.59499375e-07,1.84498187e-01
2.59539375e-07,1.84500906e-01
2.59579375e-07,1.84500000e-01
2.59619375e-07,1.84499094e-01
2.59659375e-07,1.84500906e-01
2.59699375e-07,1.84499094e-01
2.59739375e-07,1.84500906e-01
2.59779375e-07,1.84499094e-01
2.59819375e-07,1.84500906e-01
2.59859375e-07,1.84499094e-01
2.59899375e-07,1.84500906e-01
2.59939375e-07,1.84499094e-01
2.59979375e-07,1.84500906e-01
2.60019375e-07,1.84499094e-01
2.60059375e-07,1.84500906e-01
2.60099375e-07,1.84500000e-01
2.60139375e-07,1.84500000e-01
2.60179375e-07,1.84500000e-01
2.60219375e-07,1.84500000e-01
2.60259375e-07,1.84500906e-01
2.60299375e-07,1.84499094e-01
2.60339375e-07,1.84500906e-01
2.60379375e-07,1.84498187e-01
2.60419375e-07,1.84502719e-01
2.60459375e-07,1.84496375e-01
2.60499375e-07,1.84504531e-01
2.60539375e-07,1.84493656e-01
2.60579375e-07,1.84509969e-01
2.60619375e-07,1.84484594e-01
2.60659375e-07,1.84529906e-01
2.60699375e-07,1.84381281e-01
2.60739375e-07,1.84234469e-01
2.60779375e-07,1.84287937e-01
2.60819375e-07,1.84253500e-01
2.60859375e-07,1.84278875e-01
2.60899375e-07,1.84258937e-01
2.60939375e-07,1.84276156e-01
2.60979375e-07,1.84260750e-01
2.61019375e-07,1.84274344e-01
2.61059375e-07,1.84261656e-01
2.61099375e-07,1.84273437e-01
2.61139375e-07,1.84262563e-01
2.61179375e-07,1.84272531e-01
2.61219375e-07,1.84263469e-01
2.61259375e-07,1.84272531e-01
2.61299375e-07,1.84264375e-01
2.61339375e-07,1.84271625e-01
2.61379375e-07,1.84264375e-01
2.61419375e-07,1.84271625e-01
2.61459375e-07,1.84265281e-01
2.61499375e-07,1.84270719e-01
2.61539375e-07,1.84266187e-01
2.61579375e-07,1.84269812e-01
2.61619375e-07,1.84267094e-01
2.61659375e-07,1.84268000e-01
2.61699375e-07,1.84269812e-01
2.61739375e-07,1.84264375e-01
2.61779375e-07,1.84277063e-01
2.61819375e-07,1.84245344e-01
2.61859375e-07,1.84378563e-01
2.61899375e-07,1.84542594e-01
2.61939375e-07,1.84470094e-01
2.61979375e-07,1.84526281e-01
2.62019375e-07,1.84472812e-01
2.62059375e-07,1.84531719e-01
2.62099375e-07,1.84454687e-01
2.62139375e-07,1.84634125e-01
2.62179375e-07,1.84749219e-01
2.62219375e-07,1.84730188e-01
2.62259375e-07,1.84725656e-01
2.62299375e-07,1.84746500e-01
2.62339375e-07,1.84701188e-01
2.62379375e-07,1.84852531e-01
2.62419375e-07,1.84993906e-01
2.62459375e-07,1.84950406e-01
2.62499375e-07,1.84969438e-01
2.62539375e-07,1.84966719e-01
2.62579375e-07,1.84945875e-01
2.62619375e-07,1.85071844e-01
2.62659375e-07,1.85240406e-01
2.62699375e-07,1.85164281e-01
2.62739375e-07,1.85223187e-01
2.62779375e-07,1.85168813e-01
2.62819375e-07,1.85226813e-01
2.62859375e-07,1.85152500e-01
2.62899375e-07,1.85328313e-01
2.62939375e-07,1.85448844e-01
2.62979375e-07,1.85420750e-01
2.63019375e-07,1.85429812e-01
2.63059375e-07,1.85428906e-01
2.63099375e-07,1.85424375e-01
2.63139375e-07,1.85433437e-01
2.63179375e-07,1.85420750e-01
2.63219375e-07,1.85437062e-01
2.63259375e-07,1.85415312e-01
2.63299375e-07,1.85446125e-01
2.63339375e-07,1.85395375e-01
2.63379375e-07,1.85550344e-01
2.63419375e-07,1.85689906e-01
2.63459375e-07,1.85644594e-01
2.63499375e-07,1.85669969e-01
2.63539375e-07,1.85653656e-01
2.63579375e-07,1.85664531e-01
2.63619375e-07,1.85657281e-01
2.63659375e-07,1.85661812e-01
2.63699375e-07,1.85660000e-01
2.63739375e-07,1.85659094e-01
2.63779375e-07,1.85662719e-01
2.63819375e-07,1.85655469e-01
2.63859375e-07,1.85668156e-01
2.63899375e-07,1.85646406e-01
2.63939375e-07,1.85688094e-01
2.63979375e-07,1.85543094e-01
2.64019375e-07,1.85392656e-01
2.64059375e-07,1.85448844e-01
2.64099375e-07,1.85411688e-01
2.64139375e-07,1.85440688e-01
2.64179375e-07,1.85416219e-01
2.64219375e-07,1.85438875e-01
2.64259375e-07,1.85418031e-01
2.64299375e-07,1.85437969e-01
2.64339375e-07,1.85418031e-01
2.64379375e-07,1.85438875e-01
2.64419375e-07,1.85416219e-01
2.64459375e-07,1.85442500e-01
2.64499375e-07,1.85408062e-01
2.64539375e-07,1.85461531e-01
2.64579375e-07,1.85305656e-01
2.64619375e-07,1.85165187e-01
2.64659375e-07,1.85213219e-01
2.64699375e-07,1.85184219e-01
2.64739375e-07,1.85205969e-01
2.64779375e-07,1.85186938e-01
2.64819375e-07,1.85204156e-01
2.64859375e-07,1.85187844e-01
2.64899375e-07,1.85205062e-01
2.64939375e-07,1.85186031e-01
2.64979375e-07,1.85208687e-01
2.65019375e-07,1.85177875e-01
2.65059375e-07,1.85228625e-01
2.65099375e-07,1.85075469e-01
2.65139375e-07,1.84932281e-01
2.65179375e-07,1.84982125e-01
2.65219375e-07,1.84951312e-01
2.65259375e-07,1.84973969e-01
2.65299375e-07,1.84954937e-01
2.65339375e-07,1.84972156e-01
2.65379375e-07,1.84955844e-01
2.65419375e-07,1.84973063e-01
2.65459375e-07,1.84954031e-01
2.65499375e-07,1.84975781e-01
2.65539375e-07,1.84946781e-01
2.65579375e-07,1.84994812e-01
2.65619375e-07,1.84844375e-01
2.65659375e-07,1.84698469e-01
2.65699375e-07,1.84751937e-01
2.65739375e-07,1.84716594e-01
2.65779375e-07,1.84745594e-01
2.65819375e-07,1.84719313e-01
2.65859375e-07,1.84745594e-01
2.65899375e-07,1.84717500e-01
2.65939375e-07,1.84749219e-01
2.65979375e-07,1.84709344e-01
2.66019375e-07,1.84769156e-01
2.66059375e-07,1.84606031e-01
2.66099375e-07,1.84473719e-01
2.66139375e-07,1.84511781e-01
2.66179375e-07,1.84493656e-01
2.66219375e-07,1.84502719e-01
2.66259375e-07,1.84500000e-01
2.66299375e-07,1.84496375e-01
2.66339375e-07,1.84507250e-01
2.66379375e-07,1.84487313e-01
2.66419375e-07,1.84528094e-01
2.66459375e-07,1.84383094e-01
2.66499375e-07,1.84232656e-01
2.66539375e-07,1.84288844e-01
2.66579375e-07,1.84252594e-01
2.66619375e-07,1.84280687e-01
2.66659375e-07,1.84257125e-01
2.66699375e-07,1.84277063e-01
2.66739375e-07,1.84259844e-01
2.66779375e-07,1.84276156e-01
2.66819375e-07,1.84260750e-01
2.66859375e-07,1.84275250e-01
2.66899375e-07,1.84260750e-01
2.66939375e-07,1.84275250e-01
2.66979375e-07,1.84260750e-01
2.67019375e-07,1.84275250e-01
2.67059375e-07,1.84259844e-01
2.67099375e-07,1.84277969e-01
2.67139375e-07,1.84255312e-01
2.67179375e-07,1.84285219e-01
2.67219375e-07,1.84237188e-01
2.67259375e-07,1.84387625e-01
2.67299375e-07,1.84533531e-01
2.67339375e-07,1.84479156e-01
2.67379375e-07,1.84517219e-01
2.67419375e-07,1.84482781e-01
2.67459375e-07,1.84520844e-01
2.67499375e-07,1.84466469e-01
2.67539375e-07,1.84620531e-01
2.67579375e-07,1.84765531e-01
2.67619375e-07,1.84710250e-01
2.67659375e-07,1.84753750e-01
2.67699375e-07,1.84699375e-01
2.67739375e-07,1.84850719e-01
2.67779375e-07,1.85000250e-01
2.67819375e-07,1.84937719e-01
2.67859375e-07,1.84991187e-01
2.67899375e-07,1.84924125e-01
2.67939375e-07,1.85091781e-01
2.67979375e-07,1.85219562e-01
2.68019375e-07,1.85186938e-01
2.68059375e-07,1.85197813e-01
2.68099375e-07,1.85202344e-01
2.68139375e-07,1.85174250e-01
2.68179375e-07,1.85306562e-01
2.68219375e-07,1.85468781e-01
2.68259375e-07,1.85400812e-01
2.68299375e-07,1.85450656e-01
2.68339375e-07,1.85407156e-01
2.68379375e-07,1.85448844e-01
2.68419375e-07,1.85405344e-01
2.68459375e-07,1.85455188e-01
2.68499375e-07,1.85386312e-01
2.68539375e-07,1.85557594e-01
2.68579375e-07,1.85681750e-01
2.68619375e-07,1.85651844e-01
2.68659375e-07,1.85661812e-01
2.68699375e-07,1.85661812e-01
2.68739375e-07,1.85655469e-01
2.68779375e-07,1.85669063e-01
2.68819375e-07,1.85644594e-01
2.68859375e-07,1.85689906e-01
2.68899375e-07,1.85540375e-01
2.68939375e-07,1.85395375e-01
2.68979375e-07,1.85446125e-01
2.69019375e-07,1.85415312e-01
2.69059375e-07,1.85437062e-01
2.69099375e-07,1.85420750e-01
2.69139375e-07,1.85433437e-01
2.69179375e-07,1.85423469e-01
2.69219375e-07,1.85430719e-01
2.69259375e-07,1.85427094e-01
2.69299375e-07,1.85427094e-01
2.69339375e-07,1.85431625e-01
2.69379375e-07,1.85418031e-01
2.69419375e-07,1.85452469e-01
2.69459375e-07,1.85314719e-01
2.69499375e-07,1.85157031e-01
2.69539375e-07,1.85221375e-01
2.69579375e-07,1.85176062e-01
2.69619375e-07,1.85214125e-01
2.69659375e-07,1.85179687e-01
2.69699375e-07,1.85211406e-01
2.69739375e-07,1.85180594e-01
2.69779375e-07,1.85210500e-01
2.69819375e-07,1.85180594e-01
2.69859375e-07,1.85211406e-01
2.69899375e-07,1.85179687e-01
2.69939375e-07,1.85213219e-01
2.69979375e-07,1.85177875e-01
2.70019375e-07,1.85215938e-01
2.70059375e-07,1.85172438e-01
2.70099375e-07,1.85225000e-01
2.70139375e-07,1.85151594e-01
2.70179375e-07,1.85330125e-01
2.70219375e-07,1.85445219e-01
2.70259375e-07,1.85426188e-01
2.70299375e-07,1.85423469e-01
2.70339375e-07,1.85437969e-01
2.70379375e-07,1.85412594e-01
2.70419375e-07,1.85450656e-01
2.70459375e-07,1.85389031e-01
2.70499375e-07,1.85557594e-01
2.70539375e-07,1.85680844e-01
2.70579375e-07,1.85655469e-01
2.70619375e-07,1.85654563e-01
2.70659375e-07,1.85674500e-01
2.70699375e-07,1.85628281e-01
2.70739375e-07,1.85783250e-01
2.70779375e-07,1.85918281e-01
2.70819375e-07,1.85882031e-01
2.70859375e-07,1.85892906e-01
2.70899375e-07,1.85900156e-01
2.70939375e-07,1.85866625e-01
2.70979375e-07,1.86008000e-01
2.71019375e-07,1.86157531e-01
2.71059375e-07,1.86105875e-01
2.71099375e-07,1.86135781e-01
2.71139375e-07,1.86116750e-01
2.71179375e-07,1.86126719e-01
2.71219375e-07,1.86124906e-01
2.71259375e-07,1.86118563e-01
2.71299375e-07,1.86136688e-01
2.71339375e-07,1.86095906e-01
2.71379375e-07,1.86242719e-01
2.71419375e-07,1.86387719e-01
2.71459375e-07,1.86339687e-01
2.71499375e-07,1.86365062e-01
2.71539375e-07,1.86353281e-01
2.71579375e-07,1.86350562e-01
2.71619375e-07,1.86377750e-01
2.71659375e-07,1.86243625e-01
2.71699375e-07,1.86085031e-01
2.71739375e-07,1.86147563e-01
2.71779375e-07,1.86106781e-01
2.71819375e-07,1.86136688e-01
2.71859375e-07,1.86114937e-01
2.71899375e-07,1.86129437e-01
2.71939375e-07,1.86122188e-01
2.71979375e-07,1.86118563e-01
2.72019375e-07,1.86144844e-01
2.72059375e-07,1.86013437e-01
2.72099375e-07,1.85851219e-01
2.72139375e-07,1.85918281e-01
2.72179375e-07,1.85872969e-01
2.72219375e-07,1.85906500e-01
2.72259375e-07,1.85882031e-01
2.72299375e-07,1.85895625e-01
2.72339375e-07,1.85903781e-01
2.72379375e-07,1.85791406e-01
2.72419375e-07,1.85607437e-01
2.72459375e-07,1.85698969e-01
2.72499375e-07,1.85624656e-01
2.72539375e-07,1.85695344e-01
2.72579375e-07,1.85621031e-01
2.72619375e-07,1.85711656e-01
2.72659375e-07,1.85519531e-01
2.72699375e-07,1.85415312e-01
2.72739375e-07,1.85427094e-01
2.72779375e-07,1.85435250e-01
2.72819375e-07,1.85418031e-01
2.72859375e-07,1.85440688e-01
2.72899375e-07,1.85412594e-01
2.72939375e-07,1.85447031e-01
2.72979375e-07,1.85402625e-01
2.73019375e-07,1.85467875e-01
2.73059375e-07,1.85298406e-01
2.73099375e-07,1.85173344e-01
2.73139375e-07,1.85204156e-01
2.73179375e-07,1.85194187e-01
2.73219375e-07,1.85195094e-01
2.73259375e-07,1.85199625e-01
2.73299375e-07,1.85190562e-01
2.73339375e-07,1.85204156e-01
2.73379375e-07,1.85185125e-01
2.73419375e-07,1.85209594e-01
2.73459375e-07,1.85176062e-01
2.73499375e-07,1.85231344e-01
2.73539375e-07,1.85071844e-01
2.73579375e-07,1.84936812e-01
2.73619375e-07,1.84977594e-01
2.73659375e-07,1.84956750e-01
2.73699375e-07,1.84968531e-01
2.73739375e-07,1.84962187e-01
2.73779375e-07,1.84964000e-01
2.73819375e-07,1.84965812e-01
2.73859375e-07,1.84961281e-01
2.73899375e-07,1.84968531e-01
2.73939375e-07,1.84956750e-01
2.73979375e-07,1.84973969e-01
2.74019375e-07,1.84947687e-01
2.74059375e-07,1.84994812e-01
2.74099375e-07,1.84844375e-01
2.74139375e-07,1.84700281e-01
2.74179375e-07,1.84750125e-01
2.74219375e-07,1.84719313e-01
2.74259375e-07,1.84741062e-01
2.74299375e-07,1.84724750e-01
2.74339375e-07,1.84738344e-01
2.74379375e-07,1.84726562e-01
2.74419375e-07,1.84736531e-01
2.74459375e-07,1.84728375e-01
2.74499375e-07,1.84735625e-01
2.74539375e-07,1.84729281e-01
2.74579375e-07,1.84734719e-01
2.74619375e-07,1.84729281e-01
2.74659375e-07,1.84733813e-01
2.74699375e-07,1.84730188e-01
2.74739375e-07,1.84733813e-01
2.74779375e-07,1.84730188e-01
2.74819375e-07,1.84733813e-01
2.74859375e-07,1.84731094e-01
2.74899375e-07,1.84732906e-01
2.74939375e-07,1.84731094e-01
2.74979375e-07,1.84732906e-01
2.75019375e-07,1.84731094e-01
2.75059375e-07,1.84732906e-01
2.75099375e-07,1.84731094e-01
2.75139375e-07,1.84732000e-01
2.75179375e-07,1.84732000e-01
2.75219375e-07,1.84732000e-01
2.75259375e-07,1.84732000e-01
2.75299375e-07,1.84732000e-01
2.75339375e-07,1.84732000e-01
2.75379375e-07,1.84732000e-01
2.75419375e-07,1.84732000e-01
2.75459375e-07,1.84731094e-01
2.75499375e-07,1.84732906e-01
2.75539375e-07,1.84731094e-01
2.75579375e-07,1.84732906e-01
2.75619375e-07,1.84731094e-01
2.75659375e-07,1.84733813e-01
2.75699375e-07,1.84730188e-01
2.75739375e-07,1.84733813e-01
2.75779375e-07,1.84730188e-01
2.75819375e-07,1.84734719e-01
2.75859375e-07,1.84729281e-01
2.75899375e-07,1.84735625e-01
2.75939375e-07,1.84727469e-01
2.75979375e-07,1.84737437e-01
2.76019375e-07,1.84725656e-01
2.76059375e-07,1.84740156e-01
2.76099375e-07,1.84721125e-01
2.76139375e-07,1.84749219e-01
2.76179375e-07,1.84700281e-01
2.76219375e-07,1.84852531e-01
2.76259375e-07,1.84995719e-01
2.76299375e-07,1.84946781e-01
2.76339375e-07,1.84975781e-01
2.76379375e-07,1.84955844e-01
2.76419375e-07,1.84970344e-01
2.76459375e-07,1.84959469e-01
2.76499375e-07,1.84966719e-01
2.76539375e-07,1.84964000e-01
2.76579375e-07,1.84961281e-01
2.76619375e-07,1.84973063e-01
2.76659375e-07,1.84940437e-01
2.76699375e-07,1.85076375e-01
2.76739375e-07,1.85235875e-01
2.76779375e-07,1.85169719e-01
2.76819375e-07,1.85217750e-01
2.76859375e-07,1.85176969e-01
2.76899375e-07,1.85214125e-01
2.76939375e-07,1.85177875e-01
2.76979375e-07,1.85215031e-01
2.77019375e-07,1.85174250e-01
2.77059375e-07,1.85223187e-01
2.77099375e-07,1.85155219e-01
2.77139375e-07,1.85325594e-01
2.77179375e-07,1.85450656e-01
2.77219375e-07,1.85418937e-01
2.77259375e-07,1.85431625e-01
2.77299375e-07,1.85427094e-01
2.77339375e-07,1.85427094e-01
2.77379375e-07,1.85430719e-01
2.77419375e-07,1.85424375e-01
2.77459375e-07,1.85432531e-01
2.77499375e-07,1.85421656e-01
2.77539375e-07,1.85435250e-01
2.77579375e-07,1.85418937e-01
2.77619375e-07,1.85438875e-01
2.77659375e-07,1.85414406e-01
2.77699375e-07,1.85447937e-01
2.77739375e-07,1.85393562e-01
2.77779375e-07,1.85551250e-01
2.77819375e-07,1.85688094e-01
2.77859375e-07,1.85645500e-01
2.77899375e-07,1.85668156e-01
2.77939375e-07,1.85654563e-01
2.77979375e-07,1.85662719e-01
2.78019375e-07,1.85659094e-01
2.78059375e-07,1.85659094e-01
2.78099375e-07,1.85662719e-01
2.78139375e-07,1.85655469e-01
2.78179375e-07,1.85668156e-01
2.78219375e-07,1.85646406e-01
2.78259375e-07,1.85689000e-01
2.78299375e-07,1.85542188e-01
2.78339375e-07,1.85393562e-01
2.78379375e-07,1.85448844e-01
2.78419375e-07,1.85412594e-01
2.78459375e-07,1.85439781e-01
2.78499375e-07,1.85418031e-01
2.78539375e-07,1.85437062e-01
2.78579375e-07,1.85418937e-01
2.78619375e-07,1.85436156e-01
2.78659375e-07,1.85419844e-01
2.78699375e-07,1.85436156e-01
2.78739375e-07,1.85418937e-01
2.78779375e-07,1.85437062e-01
2.78819375e-07,1.85417125e-01
2.78859375e-07,1.85441594e-01
2.78899375e-07,1.85409875e-01
2.78939375e-07,1.85460625e-01
2.78979375e-07,1.85306562e-01
2.79019375e-07,1.85164281e-01
2.79059375e-07,1.85214125e-01
2.79099375e-07,1.85182406e-01
2.79139375e-07,1.85206875e-01
2.79179375e-07,1.85186031e-01
2.79219375e-07,1.85205969e-01
2.79259375e-07,1.85185125e-01
2.79299375e-07,1.85209594e-01
2.79339375e-07,1.85177875e-01
2.79379375e-07,1.85227719e-01
2.79419375e-07,1.85075469e-01
2.79459375e-07,1.84932281e-01
2.79499375e-07,1.84983031e-01
2.79539375e-07,1.84949500e-01
2.79579375e-07,1.84975781e-01
2.79619375e-07,1.84953125e-01
2.79659375e-07,1.84974875e-01
2.79699375e-07,1.84952219e-01
2.79739375e-07,1.84978500e-01
2.79779375e-07,1.84944063e-01
2.79819375e-07,1.84997531e-01
2.79859375e-07,1.84841656e-01
2.79899375e-07,1.84702094e-01
2.79939375e-07,1.84748312e-01
2.79979375e-07,1.84721125e-01
2.80019375e-07,1.84740156e-01
2.80059375e-07,1.84724750e-01
2.80099375e-07,1.84737437e-01
2.80139375e-07,1.84726562e-01
2.80179375e-07,1.84736531e-01
2.80219375e-07,1.84728375e-01
2.80259375e-07,1.84735625e-01
2.80299375e-07,1.84728375e-01
2.80339375e-07,1.84735625e-01
2.80379375e-07,1.84729281e-01
2.80419375e-07,1.84734719e-01
2.80459375e-07,1.84729281e-01
2.80499375e-07,1.84734719e-01
2.80539375e-07,1.84730188e-01
2.80579375e-07,1.84733813e-01
2.80619375e-07,1.84730188e-01
2.80659375e-07,1.84732906e-01
2.80699375e-07,1.84732000e-01
2.80739375e-07,1.84731094e-01
2.80779375e-07,1.84733813e-01
2.80819375e-07,1.84727469e-01
2.80859375e-07,1.84741969e-01
2.80899375e-07,1.84708437e-01
2.80939375e-07,1.84843469e-01
2.80979375e-07,1.85005687e-01
2.81019375e-07,1.84934094e-01
2.81059375e-07,1.84990281e-01
2.81099375e-07,1.84937719e-01
2.81139375e-07,1.84994812e-01
2.81179375e-07,1.84919594e-01
2.81219375e-07,1.85097219e-01
2.81259375e-07,1.85214125e-01
2.81299375e-07,1.85192375e-01
2.81339375e-07,1.85191469e-01
2.81379375e-07,1.85208687e-01
2.81419375e-07,1.85167906e-01
2.81459375e-07,1.85313813e-01
2.81499375e-07,1.85462437e-01
2.81539375e-07,1.85407156e-01
2.81579375e-07,1.85443406e-01
2.81619375e-07,1.85414406e-01
2.81659375e-07,1.85440688e-01
2.81699375e-07,1.85413500e-01
2.81739375e-07,1.85447031e-01
2.81779375e-07,1.85396281e-01
2.81819375e-07,1.85547625e-01
2.81859375e-07,1.85692625e-01
2.81899375e-07,1.85640063e-01
2.81939375e-07,1.85675406e-01
2.81979375e-07,1.85647312e-01
2.82019375e-07,1.85671781e-01
2.82059375e-07,1.85648219e-01
2.82099375e-07,1.85671781e-01
2.82139375e-07,1.85647312e-01
2.82179375e-07,1.85673594e-01
2.82219375e-07,1.85644594e-01
2.82259375e-07,1.85678125e-01
2.82299375e-07,1.85635531e-01
2.82339375e-07,1.85698969e-01
2.82379375e-07,1.85531312e-01
2.82419375e-07,1.85405344e-01
2.82459375e-07,1.85436156e-01
2.82499375e-07,1.85426188e-01
2.82539375e-07,1.85424375e-01
2.82579375e-07,1.85436156e-01
2.82619375e-07,1.85412594e-01
2.82659375e-07,1.85458812e-01
2.82699375e-07,1.85307469e-01
2.82739375e-07,1.85165187e-01
2.82779375e-07,1.85211406e-01
2.82819375e-07,1.85186938e-01
2.82859375e-07,1.85200531e-01
2.82899375e-07,1.85196906e-01
2.82939375e-07,1.85188750e-01
2.82979375e-07,1.85218656e-01
2.83019375e-07,1.85084531e-01
2.83059375e-07,1.84923219e-01
2.83099375e-07,1.84990281e-01
2.83139375e-07,1.84942250e-01
2.83179375e-07,1.84983938e-01
2.83219375e-07,1.84944969e-01
2.83259375e-07,1.84984844e-01
2.83299375e-07,1.84938625e-01
2.83339375e-07,1.85002969e-01
2.83379375e-07,1.84837125e-01
2.83419375e-07,1.84706625e-01
2.83459375e-07,1.84744688e-01
2.83499375e-07,1.84724750e-01
2.83539375e-07,1.84736531e-01
2.83579375e-07,1.84728375e-01
2.83619375e-07,1.84734719e-01
2.83659375e-07,1.84730188e-01
2.83699375e-07,1.84733813e-01
2.83739375e-07,1.84730188e-01
2.83779375e-07,1.84732906e-01
2.83819375e-07,1.84731094e-01
2.83859375e-07,1.84732906e-01
2.83899375e-07,1.84731094e-01
2.83939375e-07,1.84732906e-01
2.83979375e-07,1.84731094e-01
2.84019375e-07,1.84732906e-01
2.84059375e-07,1.84731094e-01
2.84099375e-07,1.84732906e-01
2.84139375e-07,1.84731094e-01
2.84179375e-07,1.84732906e-01
2.84219375e-07,1.84731094e-01
2.84259375e-07,1.84732906e-01
2.84299375e-07,1.84731094e-01
2.84339375e-07,1.84732906e-01
2.84379375e-07,1.84731094e-01
2.84419375e-07,1.84732906e-01
2.84459375e-07,1.84730188e-01
2.84499375e-07,1.84733813e-01
2.84539375e-07,1.84730188e-01
2.84579375e-07,1.84733813e-01
2.84619375e-07,1.84730188e-01
2.84659375e-07,1.84733813e-01
2.84699375e-07,1.84729281e-01
2.84739375e-07,1.84734719e-01
2.84779375e-07,1.84729281e-01
2.84819375e-07,1.84735625e-01
2.84859375e-07,1.84727469e-01
2.84899375e-07,1.84737437e-01
2.84939375e-07,1.84725656e-01
2.84979375e-07,1.84741062e-01
2.85019375e-07,1.84717500e-01
2.85059375e-07,1.84760094e-01
2.85099375e-07,1.84616000e-01
2.85139375e-07,1.84462844e-01
2.85179375e-07,1.84524469e-01
2.85219375e-07,1.84479156e-01
2.85259375e-07,1.84520844e-01
2.85299375e-07,1.84474625e-01
2.85339375e-07,1.84538969e-01
2.85379375e-07,1.84372219e-01
2.85419375e-07,1.84243531e-01
2.85459375e-07,1.84277969e-01
2.85499375e-07,1.84266187e-01
2.85539375e-07,1.84262563e-01
2.85579375e-07,1.84288844e-01
2.85619375e-07,1.84158344e-01
2.85659375e-07,1.83993406e-01
2.85699375e-07,1.84065906e-01
2.85739375e-07,1.84010625e-01
2.85779375e-07,1.84061375e-01
2.85819375e-07,1.84007000e-01
2.85859375e-07,1.84078594e-01
2.85899375e-07,1.83905500e-01
2.85939375e-07,1.83781344e-01
2.85979375e-07,1.83813062e-01
2.86019375e-07,1.83800375e-01
2.86059375e-07,1.83804906e-01
2.86099375e-07,1.83804000e-01
2.86139375e-07,1.83802187e-01
2.86179375e-07,1.83805812e-01
2.86219375e-07,1.83801281e-01
2.86259375e-07,1.83807625e-01
2.86299375e-07,1.83799469e-01
2.86339375e-07,1.83808531e-01
2.86379375e-07,1.83798562e-01
2.86419375e-07,1.83810344e-01
2.86459375e-07,1.83796750e-01
2.86499375e-07,1.83812156e-01
2.86539375e-07,1.83794938e-01
2.86579375e-07,1.83815781e-01
2.86619375e-07,1.83789500e-01
2.86659375e-07,1.83824844e-01
2.86699375e-07,1.83768656e-01
2.86739375e-07,1.83929062e-01
2.86779375e-07,1.84062281e-01
2.86819375e-07,1.84025125e-01
2.86859375e-07,1.84039625e-01
2.86899375e-07,1.84040531e-01
2.86939375e-07,1.84016062e-01
2.86979375e-07,1.84144750e-01
2.87019375e-07,1.84312406e-01
2.87059375e-07,1.84234469e-01
2.87099375e-07,1.84301531e-01
2.87139375e-07,1.84222688e-01
2.87179375e-07,1.84400312e-01
2.87219375e-07,1.84519938e-01
2.87259375e-07,1.84493656e-01
2.87299375e-07,1.84499094e-01
2.87339375e-07,1.84508156e-01
2.87379375e-07,1.84476438e-01
2.87419375e-07,1.84612375e-01
2.87459375e-07,1.84772781e-01
2.87499375e-07,1.84704813e-01
2.87539375e-07,1.84755562e-01
2.87579375e-07,1.84708437e-01
2.87619375e-07,1.84759188e-01
2.87659375e-07,1.84691219e-01
2.87699375e-07,1.84860688e-01
2.87739375e-07,1.84987563e-01
2.87779375e-07,1.84954031e-01
2.87819375e-07,1.84969438e-01
2.87859375e-07,1.84961281e-01
2.87899375e-07,1.84964906e-01
2.87939375e-07,1.84964000e-01
2.87979375e-07,1.84963094e-01
2.88019375e-07,1.84965812e-01
2.88059375e-07,1.84961281e-01
2.88099375e-07,1.84966719e-01
2.88139375e-07,1.84960375e-01
2.88179375e-07,1.84967625e-01
2.88219375e-07,1.84959469e-01
2.88259375e-07,1.84968531e-01
2.88299375e-07,1.84958563e-01
2.88339375e-07,1.84970344e-01
2.88379375e-07,1.84956750e-01
2.88419375e-07,1.84973063e-01
2.88459375e-07,1.84953125e-01
2.88499375e-07,1.84977594e-01
2.88539375e-07,1.84944969e-01
2.88579375e-07,1.84997531e-01
2.88619375e-07,1.84841656e-01
2.88659375e-07,1.84703000e-01
2.88699375e-07,1.84747406e-01
2.88739375e-07,1.84722031e-01
2.88779375e-07,1.84739250e-01
2.88819375e-07,1.84726562e-01
2.88859375e-07,1.84735625e-01
2.88899375e-07,1.84729281e-01
2.88939375e-07,1.84733813e-01
2.88979375e-07,1.84730188e-01
2.89019375e-07,1.84732906e-01
2.89059375e-07,1.84731094e-01
2.89099375e-07,1.84732000e-01
2.89139375e-07,1.84732000e-01
2.89179375e-07,1.84732000e-01
2.89219375e-07,1.84732000e-01
2.89259375e-07,1.84731094e-01
2.89299375e-07,1.84732906e-01
2.89339375e-07,1.84731094e-01
2.89379375e-07,1.84732906e-01
2.89419375e-07,1.84731094e-01
2.89459375e-07,1.84732906e-01
2.89499375e-07,1.84731094e-01
2.89539375e-07,1.84732906e-01
2.89579375e-07,1.84731094e-01
2.89619375e-07,1.84732906e-01
2.89659375e-07,1.84731094e-01
2.89699375e-07,1.84732906e-01
2.89739375e-07,1.84731094e-01
2.89779375e-07,1.84732000e-01
2.89819375e-07,1.84732906e-01
2.89859375e-07,1.84730188e-01
2.89899375e-07,1.84736531e-01
2.89939375e-07,1.84722937e-01
2.89979375e-07,1.84755562e-01
2.90019375e-07,1.84620531e-01
2.90059375e-07,1.84458312e-01
2.90099375e-07,1.84529000e-01
2.90139375e-07,1.84475531e-01
2.90179375e-07,1.84522656e-01
2.90219375e-07,1.84476438e-01
2.90259375e-07,1.84525375e-01
2.90299375e-07,1.84469187e-01
2.90339375e-07,1.84545313e-01
2.90379375e-07,1.84365875e-01
2.90419375e-07,1.84250781e-01
2.90459375e-07,1.84270719e-01
2.90499375e-07,1.84272531e-01
2.90539375e-07,1.84258937e-01
2.90579375e-07,1.84282500e-01
2.90619375e-07,1.84247156e-01
2.90659375e-07,1.84305156e-01
2.90699375e-07,1.84141125e-01
2.90739375e-07,1.84011531e-01
2.90779375e-07,1.84045062e-01
2.90819375e-07,1.84034188e-01
2.90859375e-07,1.84033281e-01
2.90899375e-07,1.84044156e-01
2.90939375e-07,1.84020594e-01
2.90979375e-07,1.84066813e-01
2.91019375e-07,1.83915469e-01
2.91059375e-07,1.83773187e-01
2.91099375e-07,1.83820312e-01
2.91139375e-07,1.83794031e-01
2.91179375e-07,1.83810344e-01
2.91219375e-07,1.83800375e-01
2.91259375e-07,1.83805812e-01
2.91299375e-07,1.83803094e-01
2.91339375e-07,1.83803094e-01
2.91379375e-07,1.83805812e-01
2.91419375e-07,1.83800375e-01
2.91459375e-07,1.83809438e-01
2.91499375e-07,1.83797656e-01
2.91539375e-07,1.83813062e-01
2.91579375e-07,1.83791312e-01
2.91619375e-07,1.83822125e-01
2.91659375e-07,1.83771375e-01
2.91699375e-07,1.83926344e-01
2.91739375e-07,1.84065906e-01
2.91779375e-07,1.84019688e-01
2.91819375e-07,1.84047781e-01
2.91859375e-07,1.84025125e-01
2.91899375e-07,1.84048688e-01
2.91939375e-07,1.84011531e-01
2.91979375e-07,1.84146562e-01
2.92019375e-07,1.84313312e-01
2.92059375e-07,1.84231750e-01
2.92099375e-07,1.84306969e-01
2.92139375e-07,1.84215437e-01
2.92179375e-07,1.84411187e-01
2.92219375e-07,1.84506344e-01
2.92259375e-07,1.84514500e-01
2.92299375e-07,1.84464656e-01
2.92339375e-07,1.84629594e-01
2.92379375e-07,1.84749219e-01
2.92419375e-07,1.84737437e-01
2.92459375e-07,1.84704813e-01
2.92499375e-07,1.84854344e-01
2.92539375e-07,1.84987563e-01
2.92579375e-07,1.84962187e-01
2.92619375e-07,1.84943156e-01
2.92659375e-07,1.85080000e-01
2.92699375e-07,1.85226813e-01
2.92739375e-07,1.85187844e-01
2.92779375e-07,1.85182406e-01
2.92819375e-07,1.85303844e-01
2.92859375e-07,1.85466969e-01
2.92899375e-07,1.85409875e-01
2.92939375e-07,1.85426188e-01
2.92979375e-07,1.85520437e-01
2.93019375e-07,1.85721625e-01
2.93059375e-07,1.85600187e-01
2.93099375e-07,1.85799562e-01
2.93139375e-07,1.85911031e-01
2.93179375e-07,1.85881125e-01
2.93219375e-07,1.85905594e-01
2.93259375e-07,1.85863906e-01
2.93299375e-07,1.86009813e-01
2.93339375e-07,1.86155719e-01
2.93379375e-07,1.86111312e-01
2.93419375e-07,1.86116750e-01
2.93459375e-07,1.86221875e-01
2.93499375e-07,1.86408562e-01
2.93539375e-07,1.86317031e-01
2.93579375e-07,1.86389531e-01
2.93619375e-07,1.86323375e-01
2.93659375e-07,1.86392250e-01
2.93699375e-07,1.86307063e-01
2.93739375e-07,1.86491938e-01
2.93779375e-07,1.86605219e-01
2.93819375e-07,1.86583469e-01
2.93859375e-07,1.86587094e-01
2.93899375e-07,1.86590719e-01
2.93939375e-07,1.86584375e-01
2.93979375e-07,1.86592531e-01
2.94019375e-07,1.86583469e-01
2.94059375e-07,1.86592531e-01
2.94099375e-07,1.86583469e-01
2.94139375e-07,1.86592531e-01
2.94179375e-07,1.86583469e-01
2.94219375e-07,1.86592531e-01
2.94259375e-07,1.86583469e-01
2.94299375e-07,1.86592531e-01
2.94339375e-07,1.86584375e-01
2.94379375e-07,1.86591625e-01
2.94419375e-07,1.86584375e-01
2.94459375e-07,1.86590719e-01
2.94499375e-07,1.86585281e-01
2.94539375e-07,1.86589813e-01
2.94579375e-07,1.86587094e-01
2.94619375e-07,1.86588000e-01
2.94659375e-07,1.86588906e-01
2.94699375e-07,1.86585281e-01
2.94739375e-07,1.86593437e-01
2.94779375e-07,1.86577125e-01
2.94819375e-07,1.86613375e-01
2.94859375e-07,1.86473813e-01
2.94899375e-07,1.86318844e-01
2.94939375e-07,1.86379562e-01
2.94979375e-07,1.86337875e-01
2.95019375e-07,1.86371406e-01
2.95059375e-07,1.86342406e-01
2.95099375e-07,1.86368687e-01
2.95139375e-07,1.86344219e-01
2.95179375e-07,1.86366875e-01
2.95219375e-07,1.86345125e-01
2.95259375e-07,1.86366875e-01
2.95299375e-07,1.86346031e-01
2.95339375e-07,1.86365969e-01
2.95379375e-07,1.86346031e-01
2.95419375e-07,1.86365969e-01
2.95459375e-07,1.86345125e-01
2.95499375e-07,1.86366875e-01
2.95539375e-07,1.86345125e-01
2.95579375e-07,1.86367781e-01
2.95619375e-07,1.86343312e-01
2.95659375e-07,1.86370500e-01
2.95699375e-07,1.86338781e-01
2.95739375e-07,1.86378656e-01
2.95779375e-07,1.86318844e-01
2.95819375e-07,1.86481969e-01
2.95859375e-07,1.86614281e-01
2.95899375e-07,1.86575313e-01
2.95939375e-07,1.86595250e-01
2.95979375e-07,1.86583469e-01
2.96019375e-07,1.86590719e-01
2.96059375e-07,1.86586188e-01
2.96099375e-07,1.86588906e-01
2.96139375e-07,1.86588000e-01
2.96179375e-07,1.86588000e-01
2.96219375e-07,1.86588000e-01
2.96259375e-07,1.86587094e-01
2.96299375e-07,1.86588906e-01
2.96339375e-07,1.86587094e-01
2.96379375e-07,1.86588906e-01
2.96419375e-07,1.86587094e-01
2.96459375e-07,1.86588906e-01
2.96499375e-07,1.86587094e-01
2.96539375e-07,1.86588906e-01
2.96579375e-07,1.86587094e-01
2.96619375e-07,1.86588906e-01
2.96659375e-07,1.86588000e-01
2.96699375e-07,1.86588000e-01
2.96739375e-07,1.86588000e-01
2.96779375e-07,1.86587094e-01
2.96819375e-07,1.86589813e-01
2.96859375e-07,1.86585281e-01
2.96899375e-07,1.86593437e-01
2.96939375e-07,1.86577125e-01
2.96979375e-07,1.86612469e-01
2.97019375e-07,1.86476531e-01
2.97059375e-07,1.86314312e-01
2.97099375e-07,1.86386812e-01
2.97139375e-07,1.86325187e-01
2.97179375e-07,1.86398594e-01
2.97219375e-07,1.86227312e-01
2.97259375e-07,1.86098625e-01
2.97299375e-07,1.86138500e-01
2.97339375e-07,1.86110406e-01
2.97379375e-07,1.86147563e-01
2.97419375e-07,1.86017062e-01
2.97459375e-07,1.85840344e-01
2.97499375e-07,1.85946375e-01
2.97539375e-07,1.85751531e-01
2.97579375e-07,1.85648219e-01
2.97619375e-07,1.85653656e-01
2.97659375e-07,1.85685375e-01
2.97699375e-07,1.85542188e-01
2.97739375e-07,1.85396281e-01
2.97779375e-07,1.85441594e-01
2.97819375e-07,1.85432531e-01
2.97859375e-07,1.85335562e-01
2.97899375e-07,1.85131656e-01
2.97939375e-07,1.85260344e-01
2.97979375e-07,1.85046469e-01
2.98019375e-07,1.84961281e-01
2.98059375e-07,1.84949500e-01
2.98099375e-07,1.84997531e-01
2.98139375e-07,1.84838031e-01
2.98179375e-07,1.84709344e-01
2.98219375e-07,1.84735625e-01
2.98259375e-07,1.84748312e-01
2.98299375e-07,1.84625062e-01
2.98339375e-07,1.84454687e-01
2.98379375e-07,1.84532625e-01
2.98419375e-07,1.84468281e-01
2.98459375e-07,1.84541687e-01
2.98499375e-07,1.84372219e-01
2.98539375e-07,1.84241719e-01
2.98579375e-07,1.84283406e-01
2.98619375e-07,1.84255312e-01
2.98659375e-07,1.84280687e-01
2.98699375e-07,1.84250781e-01
2.98739375e-07,1.84299719e-01
2.98779375e-07,1.84148375e-01
2.98819375e-07,1.84003375e-01
2.98859375e-07,1.84055031e-01
2.98899375e-07,1.84022406e-01
2.98939375e-07,1.84046875e-01
2.98979375e-07,1.84026937e-01
2.99019375e-07,1.84044156e-01
2.99059375e-07,1.84028750e-01
2.99099375e-07,1.84042344e-01
2.99139375e-07,1.84029656e-01
2.99179375e-07,1.84041437e-01
2.99219375e-07,1.84030562e-01
2.99259375e-07,1.84041437e-01
2.99299375e-07,1.84031469e-01
2.99339375e-07,1.84040531e-01
2.99379375e-07,1.84032375e-01
2.99419375e-07,1.84039625e-01
2.99459375e-07,1.84032375e-01
2.99499375e-07,1.84038719e-01
2.99539375e-07,1.84033281e-01
2.99579375e-07,1.84037813e-01
2.99619375e-07,1.84035094e-01
2.99659375e-07,1.84036000e-01
2.99699375e-07,1.84037813e-01
2.99739375e-07,1.84031469e-01
2.99779375e-07,1.84045969e-01
2.99819375e-07,1.84011531e-01
2.99859375e-07,1.84148375e-01
2.99899375e-07,1.84307875e-01
2.99939375e-07,1.84241719e-01
2.99979375e-07,1.84289750e-01
3.00019375e-07,1.84248969e-01
3.00059375e-07,1.84286125e-01
3.00099375e-07,1.84248969e-01
3.00139375e-07,1.84287937e-01
3.00179375e-07,1.84246250e-01
3.00219375e-07,1.84295187e-01
3.00259375e-07,1.84226312e-01
3.00299375e-07,1.84397594e-01
3.00339375e-07,1.84522656e-01
3.00379375e-07,1.84491844e-01
3.00419375e-07,1.84502719e-01
3.00459375e-07,1.84500000e-01
3.00499375e-07,1.84498187e-01
3.00539375e-07,1.84502719e-01
3.00579375e-07,1.84496375e-01
3.00619375e-07,1.84504531e-01
3.00659375e-07,1.84494562e-01
3.00699375e-07,1.84506344e-01
3.00739375e-07,1.84492750e-01
3.00779375e-07,1.84509062e-01
3.00819375e-07,1.84490031e-01
3.00859375e-07,1.84511781e-01
3.00899375e-07,1.84484594e-01
3.00939375e-07,1.84520844e-01
3.00979375e-07,1.84464656e-01
3.01019375e-07,1.84625062e-01
3.01059375e-07,1.84759188e-01
3.01099375e-07,1.84719313e-01
3.01139375e-07,1.84739250e-01
3.01179375e-07,1.84727469e-01
3.01219375e-07,1.84734719e-01
3.01259375e-07,1.84731094e-01
3.01299375e-07,1.84732000e-01
3.01339375e-07,1.84733813e-01
3.01379375e-07,1.84730188e-01
3.01419375e-07,1.84734719e-01
3.01459375e-07,1.84728375e-01
3.01499375e-07,1.84737437e-01
3.01539375e-07,1.84725656e-01
3.01579375e-07,1.84739250e-01
3.01619375e-07,1.84722937e-01
3.01659375e-07,1.84742875e-01
3.01699375e-07,1.84717500e-01
3.01739375e-07,1.84752844e-01
3.01779375e-07,1.84695750e-01
3.01819375e-07,1.84857063e-01
3.01859375e-07,1.84990281e-01
3.01899375e-07,1.84953125e-01
3.01939375e-07,1.84967625e-01
3.01979375e-07,1.84964906e-01
3.02019375e-07,1.84957656e-01
3.02059375e-07,1.84976687e-01
3.02099375e-07,1.84935000e-01
3.02139375e-07,1.85082719e-01
3.02179375e-07,1.85227719e-01
3.02219375e-07,1.85180594e-01
3.02259375e-07,1.85203250e-01
3.02299375e-07,1.85196906e-01
3.02339375e-07,1.85179687e-01
3.02379375e-07,1.85302031e-01
3.02419375e-07,1.85474219e-01
3.02459375e-07,1.85393562e-01
3.02499375e-07,1.85461531e-01
3.02539375e-07,1.85384500e-01
3.02579375e-07,1.85557594e-01
3.02619375e-07,1.85685375e-01
3.02659375e-07,1.85644594e-01
3.02699375e-07,1.85676312e-01
3.02739375e-07,1.85631906e-01
3.02779375e-07,1.85774187e-01
3.02819375e-07,1.85931875e-01
3.02859375e-07,1.85863000e-01
3.02899375e-07,1.85921000e-01
3.02939375e-07,1.85852125e-01
3.02979375e-07,1.86017969e-01
3.03019375e-07,1.86153000e-01
3.03059375e-07,1.86105875e-01
3.03099375e-07,1.86143031e-01
3.03139375e-07,1.86093188e-01
3.03179375e-07,1.86241812e-01
3.03219375e-07,1.86392250e-01
3.03259375e-07,1.86331531e-01
3.03299375e-07,1.86376844e-01
3.03339375e-07,1.86335156e-01
3.03379375e-07,1.86380469e-01
3.03419375e-07,1.86317938e-01
3.03459375e-07,1.86481969e-01
3.03499375e-07,1.86615188e-01
3.03539375e-07,1.86573500e-01
3.03579375e-07,1.86597969e-01
3.03619375e-07,1.86578937e-01
3.03659375e-07,1.86597062e-01
3.03699375e-07,1.86577125e-01
3.03739375e-07,1.86603406e-01
3.03779375e-07,1.86559000e-01
3.03819375e-07,1.86705812e-01
3.03859375e-07,1.86855344e-01
3.03899375e-07,1.86798250e-01
3.03939375e-07,1.86836312e-01
3.03979375e-07,1.86805500e-01
3.04019375e-07,1.86832687e-01
3.04059375e-07,1.86807312e-01
3.04099375e-07,1.86831781e-01
3.04139375e-07,1.86808219e-01
3.04179375e-07,1.86832687e-01
3.04219375e-07,1.86806406e-01
3.04259375e-07,1.86834500e-01
3.04299375e-07,1.86803688e-01
3.04339375e-07,1.86839031e-01
3.04379375e-07,1.86794625e-01
3.04419375e-07,1.86859875e-01
3.04459375e-07,1.86691312e-01
3.04499375e-07,1.86565344e-01
3.04539375e-07,1.86596156e-01
3.04579375e-07,1.86587094e-01
3.04619375e-07,1.86584375e-01
3.04659375e-07,1.86596156e-01
3.04699375e-07,1.86572594e-01
3.04739375e-07,1.86618813e-01
3.04779375e-07,1.86467469e-01
3.04819375e-07,1.86326094e-01
3.04859375e-07,1.86370500e-01
3.04899375e-07,1.86349656e-01
3.04939375e-07,1.86355094e-01
3.04979375e-07,1.86372312e-01
3.05019375e-07,1.86250875e-01
3.05059375e-07,1.86075969e-01
3.05099375e-07,1.86161156e-01
3.05139375e-07,1.86086844e-01
3.05179375e-07,1.86172937e-01
3.05219375e-07,1.85987156e-01
3.05259375e-07,1.85878406e-01
3.05299375e-07,1.85888375e-01
3.05339375e-07,1.85913750e-01
3.05379375e-07,1.85779625e-01
3.05419375e-07,1.85619219e-01
3.05459375e-07,1.85688094e-01
3.05499375e-07,1.85631906e-01
3.05539375e-07,1.85698063e-01
3.05579375e-07,1.85535844e-01
3.05619375e-07,1.85397188e-01
3.05659375e-07,1.85447937e-01
3.05699375e-07,1.85407156e-01
3.05739375e-07,1.85460625e-01
3.05779375e-07,1.85309281e-01
3.05819375e-07,1.85161562e-01
3.05859375e-07,1.85218656e-01
3.05899375e-07,1.85176969e-01
3.05939375e-07,1.85215938e-01
3.05979375e-07,1.85172438e-01
3.06019375e-07,1.85233156e-01
3.06059375e-07,1.85070938e-01
3.06099375e-07,1.84936812e-01
3.06139375e-07,1.84977594e-01
3.06179375e-07,1.84955844e-01
3.06219375e-07,1.84970344e-01
3.06259375e-07,1.84959469e-01
3.06299375e-07,1.84967625e-01
3.06339375e-07,1.84961281e-01
3.06379375e-07,1.84965812e-01
3.06419375e-07,1.84962187e-01
3.06459375e-07,1.84964906e-01
3.06499375e-07,1.84963094e-01
3.06539375e-07,1.84964906e-01
3.06579375e-07,1.84963094e-01
3.06619375e-07,1.84964906e-01
3.06659375e-07,1.84964000e-01
3.06699375e-07,1.84964000e-01
3.06739375e-07,1.84964000e-01
3.06779375e-07,1.84964000e-01
3.06819375e-07,1.84964000e-01
3.06859375e-07,1.84964000e-01
3.06899375e-07,1.84964000e-01
3.06939375e-07,1.84964000e-01
3.06979375e-07,1.84964000e-01
3.07019375e-07,1.84964000e-01
3.07059375e-07,1.84964000e-01
3.07099375e-07,1.84964000e-01
3.07139375e-07,1.84964000e-01
3.07179375e-07,1.84964000e-01
3.07219375e-07,1.84963094e-01
3.07259375e-07,1.84964906e-01
3.07299375e-07,1.84963094e-01
3.07339375e-07,1.84965812e-01
3.07379375e-07,1.84961281e-01
3.07419375e-07,1.84968531e-01
3.07459375e-07,1.84957656e-01
3.07499375e-07,1.84975781e-01
3.07539375e-07,1.84938625e-01
3.07579375e-07,1.85078187e-01
3.07619375e-07,1.85234969e-01
3.07659375e-07,1.85169719e-01
3.07699375e-07,1.85217750e-01
3.07739375e-07,1.85175156e-01
3.07779375e-07,1.85218656e-01
3.07819375e-07,1.85168813e-01
3.07859375e-07,1.85236781e-01
3.07899375e-07,1.85066406e-01
3.07939375e-07,1.84941344e-01
3.07979375e-07,1.84973063e-01
3.08019375e-07,1.84960375e-01
3.08059375e-07,1.84964000e-01
3.08099375e-07,1.84966719e-01
3.08139375e-07,1.84959469e-01
3.08179375e-07,1.84970344e-01
3.08219375e-07,1.84954937e-01
3.08259375e-07,1.84976687e-01
3.08299375e-07,1.84945875e-01
3.08339375e-07,1.84997531e-01
3.08379375e-07,1.84840750e-01
3.08419375e-07,1.84703906e-01
3.08459375e-07,1.84745594e-01
3.08499375e-07,1.84724750e-01
3.08539375e-07,1.84734719e-01
3.08579375e-07,1.84733813e-01
3.08619375e-07,1.84722937e-01
3.08659375e-07,1.84755562e-01
3.08699375e-07,1.84618719e-01
3.08739375e-07,1.84461031e-01
3.08779375e-07,1.84525375e-01
3.08819375e-07,1.84480062e-01
3.08859375e-07,1.84517219e-01
3.08899375e-07,1.84483687e-01
3.08939375e-07,1.84516313e-01
3.08979375e-07,1.84482781e-01
3.09019375e-07,1.84519031e-01
3.09059375e-07,1.84475531e-01
3.09099375e-07,1.84538969e-01
3.09139375e-07,1.84372219e-01
3.09179375e-07,1.84243531e-01
3.09219375e-07,1.84277969e-01
3.09259375e-07,1.84264375e-01
3.09299375e-07,1.84266187e-01
3.09339375e-07,1.84276156e-01
3.09379375e-07,1.84244437e-01
3.09419375e-07,1.84380375e-01
3.09459375e-07,1.84539875e-01
3.09499375e-07,1.84473719e-01
3.09539375e-07,1.84521750e-01
3.09579375e-07,1.84479156e-01
3.09619375e-07,1.84520844e-01
3.09659375e-07,1.84477344e-01
3.09699375e-07,1.84528094e-01
3.09739375e-07,1.84457406e-01
3.09779375e-07,1.84632313e-01
3.09819375e-07,1.84751031e-01
3.09859375e-07,1.84728375e-01
3.09899375e-07,1.84727469e-01
3.09939375e-07,1.84745594e-01
3.09979375e-07,1.84701188e-01
3.10019375e-07,1.84853437e-01
3.10059375e-07,1.84991187e-01
3.10099375e-07,1.84955844e-01
3.10139375e-07,1.84953125e-01
3.10179375e-07,1.85065500e-01
3.10219375e-07,1.85246750e-01
3.10259375e-07,1.85157031e-01
3.10299375e-07,1.85234062e-01
3.10339375e-07,1.85147062e-01
3.10379375e-07,1.85331937e-01
3.10419375e-07,1.85444312e-01
3.10459375e-07,1.85425281e-01
3.10499375e-07,1.85423469e-01
3.10539375e-07,1.85439781e-01
3.10579375e-07,1.85401719e-01
3.10619375e-07,1.85543094e-01
3.10659375e-07,1.85697156e-01
3.10699375e-07,1.85635531e-01
3.10739375e-07,1.85680844e-01
3.10779375e-07,1.85639156e-01
3.10819375e-07,1.85684469e-01
3.10859375e-07,1.85621938e-01
3.10899375e-07,1.85786875e-01
3.10939375e-07,1.85918281e-01
3.10979375e-07,1.85879313e-01
3.11019375e-07,1.85898344e-01
3.11059375e-07,1.85888375e-01
3.11099375e-07,1.85892906e-01
3.11139375e-07,1.85893813e-01
3.11179375e-07,1.85886562e-01
3.11219375e-07,1.85902875e-01
3.11259375e-07,1.85866625e-01
3.11299375e-07,1.86006188e-01
3.11339375e-07,1.86162063e-01
3.11379375e-07,1.86100437e-01
3.11419375e-07,1.86143031e-01
3.11459375e-07,1.86107688e-01
3.11499375e-07,1.86139406e-01
3.11539375e-07,1.86109500e-01
3.11579375e-07,1.86138500e-01
3.11619375e-07,1.86108594e-01
3.11659375e-07,1.86140312e-01
3.11699375e-07,1.86104969e-01
3.11739375e-07,1.86148469e-01
3.11779375e-07,1.86085031e-01
3.11819375e-07,1.86251781e-01
3.11859375e-07,1.86379562e-01
3.11899375e-07,1.86346031e-01
3.11939375e-07,1.86359625e-01
3.11979375e-07,1.86356000e-01
3.12019375e-07,1.86353281e-01
3.12059375e-07,1.86361438e-01
3.12099375e-07,1.86346938e-01
3.12139375e-07,1.86371406e-01
3.12179375e-07,1.86325187e-01
3.12219375e-07,1.86475625e-01
3.12259375e-07,1.86619719e-01
3.12299375e-07,1.86570781e-01
3.12339375e-07,1.86599781e-01
3.12379375e-07,1.86579844e-01
3.12419375e-07,1.86594344e-01
3.12459375e-07,1.86584375e-01
3.12499375e-07,1.86589813e-01
3.12539375e-07,1.86588000e-01
3.12579375e-07,1.86584375e-01
3.12619375e-07,1.86597062e-01
3.12659375e-07,1.86564437e-01
3.12699375e-07,1.86700375e-01
3.12739375e-07,1.86859875e-01
3.12779375e-07,1.86793719e-01
3.12819375e-07,1.86840844e-01
3.12859375e-07,1.86800969e-01
3.12899375e-07,1.86838125e-01
3.12939375e-07,1.86801875e-01
3.12979375e-07,1.86839937e-01
3.13019375e-07,1.86794625e-01
3.13059375e-07,1.86858969e-01
3.13099375e-07,1.86693125e-01
3.13139375e-07,1.86562625e-01
3.13179375e-07,1.86600688e-01
3.13219375e-07,1.86580750e-01
3.13259375e-07,1.86593437e-01
3.13299375e-07,1.86583469e-01
3.13339375e-07,1.86592531e-01
3.13379375e-07,1.86582562e-01
3.13419375e-07,1.86595250e-01
3.13459375e-07,1.86576219e-01
3.13499375e-07,1.86614281e-01
3.13539375e-07,1.86473813e-01
3.13579375e-07,1.86317031e-01
3.13619375e-07,1.86383187e-01
3.13659375e-07,1.86332438e-01
3.13699375e-07,1.86379562e-01
3.13739375e-07,1.86328812e-01
3.13779375e-07,1.86395875e-01
3.13819375e-07,1.86228219e-01
3.13859375e-07,1.86098625e-01
3.13899375e-07,1.86136688e-01
3.13939375e-07,1.86114937e-01
3.13979375e-07,1.86133063e-01
3.14019375e-07,1.86111312e-01
3.14059375e-07,1.86149375e-01
3.14099375e-07,1.86011625e-01
3.14139375e-07,1.85851219e-01
3.14179375e-07,1.85921000e-01
3.14219375e-07,1.85866625e-01
3.14259375e-07,1.85918281e-01
3.14299375e-07,1.85861187e-01
3.14339375e-07,1.85936406e-01
3.14379375e-07,1.85758781e-01
3.14419375e-07,1.85640969e-01
3.14459375e-07,1.85665438e-01
3.14499375e-07,1.85660000e-01
3.14539375e-07,1.85656375e-01
3.14579375e-07,1.85666344e-01
3.14619375e-07,1.85651844e-01
3.14659375e-07,1.85670875e-01
3.14699375e-07,1.85646406e-01
3.14739375e-07,1.85677219e-01
3.14779375e-07,1.85636438e-01
3.14819375e-07,1.85698969e-01
3.14859375e-07,1.85531312e-01
3.14899375e-07,1.85405344e-01
3.14939375e-07,1.85435250e-01
3.14979375e-07,1.85428906e-01
3.15019375e-07,1.85421656e-01
3.15059375e-07,1.85442500e-01
3.15099375e-07,1.85398094e-01
3.15139375e-07,1.85548531e-01
3.15179375e-07,1.85690812e-01
3.15219375e-07,1.85643687e-01
3.15259375e-07,1.85669969e-01
3.15299375e-07,1.85653656e-01
3.15339375e-07,1.85663625e-01
3.15379375e-07,1.85659094e-01
3.15419375e-07,1.85659094e-01
3.15459375e-07,1.85662719e-01
3.15499375e-07,1.85655469e-01
3.15539375e-07,1.85667250e-01
3.15579375e-07,1.85649125e-01
3.15619375e-07,1.85677219e-01
3.15659375e-07,1.85627375e-01
3.15699375e-07,1.85781438e-01
3.15739375e-07,1.85921906e-01
3.15779375e-07,1.85876594e-01
3.15819375e-07,1.85901062e-01
3.15859375e-07,1.85886562e-01
3.15899375e-07,1.85894719e-01
3.15939375e-07,1.85891094e-01
3.15979375e-07,1.85891094e-01
3.16019375e-07,1.85894719e-01
3.16059375e-07,1.85886562e-01
3.16099375e-07,1.85900156e-01
3.16139375e-07,1.85880219e-01
3.16179375e-07,1.85911031e-01
3.16219375e-07,1.85857562e-01
3.16259375e-07,1.86017062e-01
3.16299375e-07,1.86148469e-01
3.16339375e-07,1.86116750e-01
3.16379375e-07,1.86120375e-01
3.16419375e-07,1.86145750e-01
3.16459375e-07,1.86011625e-01
3.16499375e-07,1.85853938e-01
3.16539375e-07,1.85914656e-01
3.16579375e-07,1.85875687e-01
3.16619375e-07,1.85903781e-01
3.16659375e-07,1.85882937e-01
3.16699375e-07,1.85899250e-01
3.16739375e-07,1.85886562e-01
3.16779375e-07,1.85894719e-01
3.16819375e-07,1.85891094e-01
3.16859375e-07,1.85890187e-01
3.16899375e-07,1.85897437e-01
3.16939375e-07,1.85879313e-01
3.16979375e-07,1.85919187e-01
3.17019375e-07,1.85775094e-01
3.17059375e-07,1.85626469e-01
3.17099375e-07,1.85679031e-01
3.17139375e-07,1.85648219e-01
3.17179375e-07,1.85666344e-01
3.17219375e-07,1.85658187e-01
3.17259375e-07,1.85654563e-01
3.17299375e-07,1.85680844e-01
3.17339375e-07,1.85548531e-01
3.17379375e-07,1.85388125e-01
3.17419375e-07,1.85453375e-01
3.17459375e-07,1.85408969e-01
3.17499375e-07,1.85442500e-01
3.17539375e-07,1.85416219e-01
3.17579375e-07,1.85436156e-01
3.17619375e-07,1.85423469e-01
3.17659375e-07,1.85426188e-01
3.17699375e-07,1.85444312e-01
3.17739375e-07,1.85321969e-01
3.17779375e-07,1.85149781e-01
3.17819375e-07,1.85227719e-01
3.17859375e-07,1.85169719e-01
3.17899375e-07,1.85219562e-01
3.17939375e-07,1.85173344e-01
3.17979375e-07,1.85217750e-01
3.18019375e-07,1.85174250e-01
3.18059375e-07,1.85218656e-01
3.18099375e-07,1.85171531e-01
3.18139375e-07,1.85225906e-01
3.18179375e-07,1.85152500e-01
3.18219375e-07,1.85327406e-01
3.18259375e-07,1.85449750e-01
3.18299375e-07,1.85418937e-01
3.18339375e-07,1.85432531e-01
3.18379375e-07,1.85423469e-01
3.18419375e-07,1.85436156e-01
3.18459375e-07,1.85408062e-01
3.18499375e-07,1.85534937e-01
3.18539375e-07,1.85708031e-01
3.18579375e-07,1.85622844e-01
3.18619375e-07,1.85698969e-01
3.18659375e-07,1.85609250e-01
3.18699375e-07,1.85799562e-01
3.18739375e-07,1.85903781e-01
3.18779375e-07,1.85898344e-01
3.18819375e-07,1.85868437e-01
3.18859375e-07,1.86003469e-01
3.18899375e-07,1.86168406e-01
3.18939375e-07,1.86079594e-01
3.18979375e-07,1.86251781e-01
3.19019375e-07,1.86382281e-01
3.19059375e-07,1.86345125e-01
3.19099375e-07,1.86350562e-01
3.19139375e-07,1.86448438e-01
3.19179375e-07,1.86654156e-01
3.19219375e-07,1.86520031e-01
3.19259375e-07,1.86741156e-01
3.19299375e-07,1.86818188e-01
3.19339375e-07,1.86839937e-01
3.19379375e-07,1.86779219e-01
3.19419375e-07,1.86953219e-01
3.19459375e-07,1.87066500e-01
3.19499375e-07,1.87058344e-01
3.19539375e-07,1.87024812e-01
3.19579375e-07,1.87171625e-01
3.19619375e-07,1.87313000e-01
3.19659375e-07,1.87271313e-01
3.19699375e-07,1.87286719e-01
3.19739375e-07,1.87290344e-01
3.19779375e-07,1.87261344e-01
3.19819375e-07,1.87397281e-01
3.19859375e-07,1.87553156e-01
3.19899375e-07,1.87493344e-01
3.19939375e-07,1.87532312e-01
3.19979375e-07,1.87503312e-01
3.20019375e-07,1.87526875e-01
3.20059375e-07,1.87506937e-01
3.20099375e-07,1.87524156e-01
3.20139375e-07,1.87508750e-01
3.20179375e-07,1.87522344e-01
3.20219375e-07,1.87510563e-01
3.20259375e-07,1.87521437e-01
3.20299375e-07,1.87511469e-01
3.20339375e-07,1.87520531e-01
3.20379375e-07,1.87511469e-01
3.20419375e-07,1.87519625e-01
3.20459375e-07,1.87512375e-01
3.20499375e-07,1.87519625e-01
3.20539375e-07,1.87512375e-01
3.20579375e-07,1.87519625e-01
3.20619375e-07,1.87512375e-01
3.20659375e-07,1.87519625e-01
3.20699375e-07,1.87511469e-01
3.20739375e-07,1.87520531e-01
3.20779375e-07,1.87510563e-01
3.20819375e-07,1.87522344e-01
3.20859375e-07,1.87508750e-01
3.20899375e-07,1.87525969e-01
3.20939375e-07,1.87500594e-01
3.20979375e-07,1.87545000e-01
3.21019375e-07,1.87398188e-01
3.21059375e-07,1.87248656e-01
3.21099375e-07,1.87305750e-01
3.21139375e-07,1.87265875e-01
3.21179375e-07,1.87300313e-01
3.21219375e-07,1.87267688e-01
3.21259375e-07,1.87302125e-01
3.21299375e-07,1.87261344e-01
3.21339375e-07,1.87321156e-01
3.21379375e-07,1.87158938e-01
3.21419375e-07,1.87024812e-01
3.21459375e-07,1.87064687e-01
3.21499375e-07,1.87044750e-01
3.21539375e-07,1.87056531e-01
3.21579375e-07,1.87049281e-01
3.21619375e-07,1.87052906e-01
3.21659375e-07,1.87052906e-01
3.21699375e-07,1.87049281e-01
3.21739375e-07,1.87058344e-01
3.21779375e-07,1.87040219e-01
3.21819375e-07,1.87078281e-01
3.21859375e-07,1.86937812e-01
3.21899375e-07,1.86781937e-01
3.21939375e-07,1.86845375e-01
3.21979375e-07,1.86799156e-01
3.22019375e-07,1.86839937e-01
3.22059375e-07,1.86799156e-01
3.22099375e-07,1.86845375e-01
3.22139375e-07,1.86781031e-01
3.22179375e-07,1.86946875e-01
3.22219375e-07,1.87077375e-01
3.22259375e-07,1.87040219e-01
3.22299375e-07,1.87058344e-01
3.22339375e-07,1.87048375e-01
3.22379375e-07,1.87053812e-01
3.22419375e-07,1.87052000e-01
3.22459375e-07,1.87051094e-01
3.22499375e-07,1.87053812e-01
3.22539375e-07,1.87048375e-01
3.22579375e-07,1.87057438e-01
3.22619375e-07,1.87043844e-01
3.22659375e-07,1.87065594e-01
3.22699375e-07,1.87023906e-01
3.22739375e-07,1.87168906e-01
3.22779375e-07,1.87319344e-01
3.22819375e-07,1.87262250e-01
3.22859375e-07,1.87300313e-01
3.22899375e-07,1.87270406e-01
3.22939375e-07,1.87296688e-01
3.22979375e-07,1.87272219e-01
3.23019375e-07,1.87295781e-01
3.23059375e-07,1.87271313e-01
3.23099375e-07,1.87297594e-01
3.23139375e-07,1.87267688e-01
3.23179375e-07,1.87305750e-01
3.23219375e-07,1.87248656e-01
3.23259375e-07,1.87408156e-01
3.23299375e-07,1.87544094e-01
3.23339375e-07,1.87501500e-01
3.23379375e-07,1.87525063e-01
3.23419375e-07,1.87509656e-01
3.23459375e-07,1.87520531e-01
3.23499375e-07,1.87512375e-01
3.23539375e-07,1.87518719e-01
3.23579375e-07,1.87513281e-01
3.23619375e-07,1.87517812e-01
3.23659375e-07,1.87514187e-01
3.23699375e-07,1.87517812e-01
3.23739375e-07,1.87515094e-01
3.23779375e-07,1.87516906e-01
3.23819375e-07,1.87515094e-01
3.23859375e-07,1.87516906e-01
3.23899375e-07,1.87515094e-01
3.23939375e-07,1.87516906e-01
3.23979375e-07,1.87515094e-01
3.24019375e-07,1.87516906e-01
3.24059375e-07,1.87515094e-01
3.24099375e-07,1.87516906e-01
3.24139375e-07,1.87515094e-01
3.24179375e-07,1.87516906e-01
3.24219375e-07,1.87515094e-01
3.24259375e-07,1.87516906e-01
3.24299375e-07,1.87515094e-01
3.24339375e-07,1.87516906e-01
3.24379375e-07,1.87515094e-01
3.24419375e-07,1.87516906e-01
3.24459375e-07,1.87515094e-01
3.24499375e-07,1.87516906e-01
3.24539375e-07,1.87515094e-01
3.24579375e-07,1.87516906e-01
3.24619375e-07,1.87515094e-01
3.24659375e-07,1.87516906e-01
3.24699375e-07,1.87515094e-01
3.24739375e-07,1.87517812e-01
3.24779375e-07,1.87514187e-01
3.24819375e-07,1.87517812e-01
3.24859375e-07,1.87514187e-01
3.24899375e-07,1.87517812e-01
3.24939375e-07,1.87513281e-01
3.24979375e-07,1.87518719e-01
3.25019375e-07,1.87512375e-01
3.25059375e-07,1.87519625e-01
3.25099375e-07,1.87511469e-01
3.25139375e-07,1.87522344e-01
3.25179375e-07,1.87507844e-01
3.25219375e-07,1.87526875e-01
3.25259375e-07,1.87499687e-01
3.25299375e-07,1.87546812e-01
3.25339375e-07,1.87396375e-01
3.25379375e-07,1.87251375e-01
3.25419375e-07,1.87303031e-01
3.25459375e-07,1.87270406e-01
3.25499375e-07,1.87293969e-01
3.25539375e-07,1.87275844e-01
3.25579375e-07,1.87291250e-01
3.25619375e-07,1.87277656e-01
3.25659375e-07,1.87290344e-01
3.25699375e-07,1.87278562e-01
3.25739375e-07,1.87288531e-01
3.25779375e-07,1.87279469e-01
3.25819375e-07,1.87288531e-01
3.25859375e-07,1.87280375e-01
3.25899375e-07,1.87287625e-01
3.25939375e-07,1.87280375e-01
3.25979375e-07,1.87287625e-01
3.26019375e-07,1.87281281e-01
3.26059375e-07,1.87286719e-01
3.26099375e-07,1.87281281e-01
3.26139375e-07,1.87286719e-01
3.26179375e-07,1.87282188e-01
3.26219375e-07,1.87285813e-01
3.26259375e-07,1.87283094e-01
3.26299375e-07,1.87284906e-01
3.26339375e-07,1.87284000e-01
3.26379375e-07,1.87283094e-01
3.26419375e-07,1.87286719e-01
3.26459375e-07,1.87278562e-01
3.26499375e-07,1.87294875e-01
3.26539375e-07,1.87258625e-01
3.26579375e-07,1.87397281e-01
3.26619375e-07,1.87554969e-01
3.26659375e-07,1.87490625e-01
3.26699375e-07,1.87536844e-01
3.26739375e-07,1.87497875e-01
3.26779375e-07,1.87533219e-01
3.26819375e-07,1.87498781e-01
3.26859375e-07,1.87534125e-01
3.26899375e-07,1.87495156e-01
3.26939375e-07,1.87542281e-01
3.26979375e-07,1.87476125e-01
3.27019375e-07,1.87644687e-01
3.27059375e-07,1.87771562e-01
3.27099375e-07,1.87738031e-01
3.27139375e-07,1.87752531e-01
3.27179375e-07,1.87746187e-01
3.27219375e-07,1.87748000e-01
3.27259375e-07,1.87749813e-01
3.27299375e-07,1.87745281e-01
3.27339375e-07,1.87750719e-01
3.27379375e-07,1.87744375e-01
3.27419375e-07,1.87752531e-01
3.27459375e-07,1.87742562e-01
3.27499375e-07,1.87754344e-01
3.27539375e-07,1.87740750e-01
3.27579375e-07,1.87756156e-01
3.27619375e-07,1.87738031e-01
3.27659375e-07,1.87760687e-01
3.27699375e-07,1.87729875e-01
3.27739375e-07,1.87780625e-01
3.27779375e-07,1.87626563e-01
3.27819375e-07,1.87484281e-01
3.27859375e-07,1.87534125e-01
3.27899375e-07,1.87501500e-01
3.27939375e-07,1.87529594e-01
3.27979375e-07,1.87498781e-01
3.28019375e-07,1.87545000e-01
3.28059375e-07,1.87400000e-01
3.28099375e-07,1.87245937e-01
3.28139375e-07,1.87312094e-01
3.28179375e-07,1.87255906e-01
3.28219375e-07,1.87323875e-01
3.28259375e-07,1.87157125e-01
3.28299375e-07,1.87023906e-01
3.28339375e-07,1.87068313e-01
3.28379375e-07,1.87035687e-01
3.28419375e-07,1.87079187e-01
3.28459375e-07,1.86939625e-01
3.28499375e-07,1.86777406e-01
3.28539375e-07,1.86852625e-01
3.28579375e-07,1.86785563e-01
3.28619375e-07,1.86867125e-01
3.28659375e-07,1.86684062e-01
3.28699375e-07,1.86571687e-01
3.28739375e-07,1.86588906e-01
3.28779375e-07,1.86595250e-01
3.28819375e-07,1.86571687e-01
3.28859375e-07,1.86620625e-01
3.28899375e-07,1.86464750e-01
3.28939375e-07,1.86327906e-01
3.28979375e-07,1.86368687e-01
3.29019375e-07,1.86350562e-01
3.29059375e-07,1.86356906e-01
3.29099375e-07,1.86360531e-01
3.29139375e-07,1.86344219e-01
3.29179375e-07,1.86383187e-01
3.29219375e-07,1.86239094e-01
3.29259375e-07,1.86089562e-01
3.29299375e-07,1.86143937e-01
3.29339375e-07,1.86110406e-01
3.29379375e-07,1.86134875e-01
3.29419375e-07,1.86115844e-01
3.29459375e-07,1.86130344e-01
3.29499375e-07,1.86118563e-01
3.29539375e-07,1.86127625e-01
3.29579375e-07,1.86121281e-01
3.29619375e-07,1.86125812e-01
3.29659375e-07,1.86123094e-01
3.29699375e-07,1.86124000e-01
3.29739375e-07,1.86125812e-01
3.29779375e-07,1.86120375e-01
3.29819375e-07,1.86129437e-01
3.29859375e-07,1.86114937e-01
3.29899375e-07,1.86138500e-01
3.29939375e-07,1.86094094e-01
3.29979375e-07,1.86242719e-01
3.30019375e-07,1.86388625e-01
3.30059375e-07,1.86337875e-01
3.30099375e-07,1.86368687e-01
3.30139375e-07,1.86347844e-01
3.30179375e-07,1.86361438e-01
3.30219375e-07,1.86353281e-01
3.30259375e-07,1.86355094e-01
3.30299375e-07,1.86363250e-01
3.30339375e-07,1.86334250e-01
3.30379375e-07,1.86466562e-01
3.30419375e-07,1.86630594e-01
3.30459375e-07,1.86559000e-01
3.30499375e-07,1.86612469e-01
3.30539375e-07,1.86563531e-01
3.30579375e-07,1.86616094e-01
3.30619375e-07,1.86547219e-01
3.30659375e-07,1.86715781e-01
3.30699375e-07,1.86846281e-01
3.30739375e-07,1.86806406e-01
3.30779375e-07,1.86829969e-01
3.30819375e-07,1.86809125e-01
3.30859375e-07,1.86834500e-01
3.30899375e-07,1.86792812e-01
3.30939375e-07,1.86935094e-01
3.30979375e-07,1.87090062e-01
3.31019375e-07,1.87026625e-01
3.31059375e-07,1.87073750e-01
3.31099375e-07,1.87030250e-01
3.31139375e-07,1.87078281e-01
3.31179375e-07,1.87013031e-01
3.31219375e-07,1.87178875e-01
3.31259375e-07,1.87309375e-01
3.31299375e-07,1.87271313e-01
3.31339375e-07,1.87292156e-01
3.31379375e-07,1.87278562e-01
3.31419375e-07,1.87288531e-01
3.31459375e-07,1.87280375e-01
3.31499375e-07,1.87288531e-01
3.31539375e-07,1.87279469e-01
3.31579375e-07,1.87290344e-01
3.31619375e-07,1.87275844e-01
3.31659375e-07,1.87297594e-01
3.31699375e-07,1.87256813e-01
3.31739375e-07,1.87400000e-01
3.31779375e-07,1.87553156e-01
3.31819375e-07,1.87492437e-01
3.31859375e-07,1.87535031e-01
3.31899375e-07,1.87498781e-01
3.31939375e-07,1.87532312e-01
3.31979375e-07,1.87498781e-01
3.32019375e-07,1.87535031e-01
3.32059375e-07,1.87491531e-01
3.32099375e-07,1.87554063e-01
3.32139375e-07,1.87389125e-01
3.32179375e-07,1.87258625e-01
3.32219375e-07,1.87295781e-01
3.32259375e-07,1.87277656e-01
3.32299375e-07,1.87287625e-01
3.32339375e-07,1.87282188e-01
3.32379375e-07,1.87284000e-01
3.32419375e-07,1.87284906e-01
3.32459375e-07,1.87281281e-01
3.32499375e-07,1.87287625e-01
3.32539375e-07,1.87277656e-01
3.32579375e-07,1.87293062e-01
3.32619375e-07,1.87269500e-01
3.32659375e-07,1.87313000e-01
3.32699375e-07,1.87166187e-01
3.32739375e-07,1.87017562e-01
3.32779375e-07,1.87073750e-01
3.32819375e-07,1.87035687e-01
3.32859375e-07,1.87066500e-01
3.32899375e-07,1.87038406e-01
3.32939375e-07,1.87065594e-01
3.32979375e-07,1.87037500e-01
3.33019375e-07,1.87068313e-01
3.33059375e-07,1.87030250e-01
3.33099375e-07,1.87087344e-01
3.33139375e-07,1.86927844e-01
3.33179375e-07,1.86791906e-01
3.33219375e-07,1.86834500e-01
3.33259375e-07,1.86810937e-01
3.33299375e-07,1.86826344e-01
3.33339375e-07,1.86815469e-01
3.33379375e-07,1.86823625e-01
3.33419375e-07,1.86817281e-01
3.33459375e-07,1.86821812e-01
3.33499375e-07,1.86818188e-01
3.33539375e-07,1.86820906e-01
3.33579375e-07,1.86819094e-01
3.33619375e-07,1.86820000e-01
3.33659375e-07,1.86820000e-01
3.33699375e-07,1.86819094e-01
3.33739375e-07,1.86820906e-01
3.33779375e-07,1.86818188e-01
3.33819375e-07,1.86822719e-01
3.33859375e-07,1.86815469e-01
3.33899375e-07,1.86826344e-01
3.33939375e-07,1.86810937e-01
3.33979375e-07,1.86834500e-01
3.34019375e-07,1.86791000e-01
3.34059375e-07,1.86937812e-01
3.34099375e-07,1.87086438e-01
3.34139375e-07,1.87031156e-01
3.34179375e-07,1.87067406e-01
3.34219375e-07,1.87040219e-01
3.34259375e-07,1.87062875e-01
3.34299375e-07,1.87042938e-01
3.34339375e-07,1.87060156e-01
3.34379375e-07,1.87043844e-01
3.34419375e-07,1.87059250e-01
3.34459375e-07,1.87044750e-01
3.34499375e-07,1.87059250e-01
3.34539375e-07,1.87044750e-01
3.34579375e-07,1.87058344e-01
3.34619375e-07,1.87045656e-01
3.34659375e-07,1.87058344e-01
3.34699375e-07,1.87044750e-01
3.34739375e-07,1.87059250e-01
3.34779375e-07,1.87044750e-01
3.34819375e-07,1.87059250e-01
3.34859375e-07,1.87043844e-01
3.34899375e-07,1.87060156e-01
3.34939375e-07,1.87042938e-01
3.34979375e-07,1.87061969e-01
3.35019375e-07,1.87040219e-01
3.35059375e-07,1.87066500e-01
3.35099375e-07,1.87031156e-01
3.35139375e-07,1.87086438e-01
3.35179375e-07,1.86928750e-01
3.35219375e-07,1.86791000e-01
3.35259375e-07,1.86835406e-01
3.35299375e-07,1.86810031e-01
3.35339375e-07,1.86827250e-01
3.35379375e-07,1.86814563e-01
3.35419375e-07,1.86824531e-01
3.35459375e-07,1.86816375e-01
3.35499375e-07,1.86822719e-01
3.35539375e-07,1.86817281e-01
3.35579375e-07,1.86822719e-01
3.35619375e-07,1.86816375e-01
3.35659375e-07,1.86823625e-01
3.35699375e-07,1.86814563e-01
3.35739375e-07,1.86827250e-01
3.35779375e-07,1.86808219e-01
3.35819375e-07,1.86845375e-01
3.35859375e-07,1.86706719e-01
3.35899375e-07,1.86548125e-01
3.35939375e-07,1.86616094e-01
3.35979375e-07,1.86562625e-01
3.36019375e-07,1.86617000e-01
3.36059375e-07,1.86546313e-01
3.36099375e-07,1.86717594e-01
3.36139375e-07,1.86843563e-01
3.36179375e-07,1.86810031e-01
3.36219375e-07,1.86824531e-01
3.36259375e-07,1.86818188e-01
3.36299375e-07,1.86820000e-01
3.36339375e-07,1.86820906e-01
3.36379375e-07,1.86817281e-01
3.36419375e-07,1.86823625e-01
3.36459375e-07,1.86815469e-01
3.36499375e-07,1.86825437e-01
3.36539375e-07,1.86812750e-01
3.36579375e-07,1.86829063e-01
3.36619375e-07,1.86807312e-01
3.36659375e-07,1.86838125e-01
3.36699375e-07,1.86787375e-01
3.36739375e-07,1.86942344e-01
3.36779375e-07,1.87081906e-01
3.36819375e-07,1.87036594e-01
3.36859375e-07,1.87061969e-01
3.36899375e-07,1.87045656e-01
3.36939375e-07,1.87056531e-01
3.36979375e-07,1.87050187e-01
3.37019375e-07,1.87052000e-01
3.37059375e-07,1.87053812e-01
3.37099375e-07,1.87046562e-01
3.37139375e-07,1.87062875e-01
3.37179375e-07,1.87025719e-01
3.37219375e-07,1.87167094e-01
3.37259375e-07,1.87321156e-01
3.37299375e-07,1.87260437e-01
3.37339375e-07,1.87302125e-01
3.37379375e-07,1.87268594e-01
3.37419375e-07,1.87298500e-01
3.37459375e-07,1.87270406e-01
3.37499375e-07,1.87297594e-01
3.37539375e-07,1.87269500e-01
3.37579375e-07,1.87299406e-01
3.37619375e-07,1.87265875e-01
3.37659375e-07,1.87307562e-01
3.37699375e-07,1.87246844e-01
3.37739375e-07,1.87409969e-01
3.37779375e-07,1.87542281e-01
3.37819375e-07,1.87503312e-01
3.37859375e-07,1.87523250e-01
3.37899375e-07,1.87511469e-01
3.37939375e-07,1.87518719e-01
3.37979375e-07,1.87515094e-01
3.38019375e-07,1.87516000e-01
3.38059375e-07,1.87516906e-01
3.38099375e-07,1.87514187e-01
3.38139375e-07,1.87518719e-01
3.38179375e-07,1.87511469e-01
3.38219375e-07,1.87522344e-01
3.38259375e-07,1.87506937e-01
3.38299375e-07,1.87530500e-01
3.38339375e-07,1.87487000e-01
3.38379375e-07,1.87633812e-01
3.38419375e-07,1.87781531e-01
3.38459375e-07,1.87728062e-01
3.38499375e-07,1.87762500e-01
3.38539375e-07,1.87736219e-01
3.38579375e-07,1.87757969e-01
3.38619375e-07,1.87738938e-01
3.38659375e-07,1.87757062e-01
3.38699375e-07,1.87739844e-01
3.38739375e-07,1.87756156e-01
3.38779375e-07,1.87740750e-01
3.38819375e-07,1.87755250e-01
3.38859375e-07,1.87740750e-01
3.38899375e-07,1.87756156e-01
3.38939375e-07,1.87739844e-01
3.38979375e-07,1.87756156e-01
3.39019375e-07,1.87738938e-01
3.39059375e-07,1.87757062e-01
3.39099375e-07,1.87738031e-01
3.39139375e-07,1.87759781e-01
3.39179375e-07,1.87734406e-01
3.39219375e-07,1.87764313e-01
3.39259375e-07,1.87725344e-01
3.39299375e-07,1.87785156e-01
3.39339375e-07,1.87622031e-01
3.39379375e-07,1.87490625e-01
3.39419375e-07,1.87526875e-01
3.39459375e-07,1.87511469e-01
3.39499375e-07,1.87516906e-01
3.39539375e-07,1.87517812e-01
3.39579375e-07,1.87510563e-01
3.39619375e-07,1.87525063e-01
3.39659375e-07,1.87500594e-01
3.39699375e-07,1.87546812e-01
3.39739375e-07,1.87395469e-01
3.39779375e-07,1.87253188e-01
3.39819375e-07,1.87300313e-01
3.39859375e-07,1.87274031e-01
3.39899375e-07,1.87289437e-01
3.39939375e-07,1.87284000e-01
3.39979375e-07,1.87277656e-01
3.40019375e-07,1.87304844e-01
3.40059375e-07,1.87173437e-01
3.40099375e-07,1.87010312e-01
3.40139375e-07,1.87080094e-01
3.40179375e-07,1.87029344e-01
3.40219375e-07,1.87072844e-01
3.40259375e-07,1.87031156e-01
3.40299375e-07,1.87073750e-01
3.40339375e-07,1.87025719e-01
3.40379375e-07,1.87091875e-01
3.40419375e-07,1.86923312e-01
3.40459375e-07,1.86795531e-01
3.40499375e-07,1.86830875e-01
3.40539375e-07,1.86814563e-01
3.40579375e-07,1.86823625e-01
3.40619375e-07,1.86818188e-01
3.40659375e-07,1.86820906e-01
3.40699375e-07,1.86820000e-01
3.40739375e-07,1.86820000e-01
3.40779375e-07,1.86820906e-01
3.40819375e-07,1.86819094e-01
3.40859375e-07,1.86820906e-01
3.40899375e-07,1.86819094e-01
3.40939375e-07,1.86820906e-01
3.40979375e-07,1.86819094e-01
3.41019375e-07,1.86820906e-01
3.41059375e-07,1.86819094e-01
3.41099375e-07,1.86820906e-01
3.41139375e-07,1.86819094e-01
3.41179375e-07,1.86820906e-01
3.41219375e-07,1.86819094e-01
3.41259375e-07,1.86820906e-01
3.41299375e-07,1.86819094e-01
3.41339375e-07,1.86820906e-01
3.41379375e-07,1.86819094e-01
3.41419375e-07,1.86820906e-01
3.41459375e-07,1.86819094e-01
3.41499375e-07,1.86820906e-01
3.41539375e-07,1.86819094e-01
3.41579375e-07,1.86820906e-01
3.41619375e-07,1.86819094e-01
3.41659375e-07,1.86820906e-01
3.41699375e-07,1.86819094e-01
3.41739375e-07,1.86820906e-01
3.41779375e-07,1.86819094e-01
3.41819375e-07,1.86820000e-01
3.41859375e-07,1.86820000e-01
3.41899375e-07,1.86820000e-01
3.41939375e-07,1.86820906e-01
3.41979375e-07,1.86818188e-01
3.42019375e-07,1.86822719e-01
3.42059375e-07,1.86816375e-01
3.42099375e-07,1.86826344e-01
3.42139375e-07,1.86808219e-01
3.42179375e-07,1.86846281e-01
3.42219375e-07,1.86705812e-01
3.42259375e-07,1.86549031e-01
3.42299375e-07,1.86613375e-01
3.42339375e-07,1.86567156e-01
3.42379375e-07,1.86607031e-01
3.42419375e-07,1.86568062e-01
3.42459375e-07,1.86609750e-01
3.42499375e-07,1.86561719e-01
3.42539375e-07,1.86628781e-01
3.42579375e-07,1.86459313e-01
3.42619375e-07,1.86333344e-01
3.42659375e-07,1.86365062e-01
3.42699375e-07,1.86352375e-01
3.42739375e-07,1.86356000e-01
3.42779375e-07,1.86358719e-01
3.42819375e-07,1.86350562e-01
3.42859375e-07,1.86365062e-01
3.42899375e-07,1.86340594e-01
3.42939375e-07,1.86385906e-01
3.42979375e-07,1.86236375e-01
3.43019375e-07,1.86091375e-01
3.43059375e-07,1.86143031e-01
3.43099375e-07,1.86110406e-01
3.43139375e-07,1.86133969e-01
3.43179375e-07,1.86114937e-01
3.43219375e-07,1.86131250e-01
3.43259375e-07,1.86116750e-01
3.43299375e-07,1.86130344e-01
3.43339375e-07,1.86117656e-01
3.43379375e-07,1.86130344e-01
3.43419375e-07,1.86117656e-01
3.43459375e-07,1.86130344e-01
3.43499375e-07,1.86116750e-01
3.43539375e-07,1.86133063e-01
3.43579375e-07,1.86112219e-01
3.43619375e-07,1.86140312e-01
3.43659375e-07,1.86093188e-01
3.43699375e-07,1.86242719e-01
3.43739375e-07,1.86389531e-01
3.43779375e-07,1.86336063e-01
3.43819375e-07,1.86371406e-01
3.43859375e-07,1.86342406e-01
3.43899375e-07,1.86368687e-01
3.43939375e-07,1.86343312e-01
3.43979375e-07,1.86369594e-01
3.44019375e-07,1.86339687e-01
3.44059375e-07,1.86376844e-01
3.44099375e-07,1.86320656e-01
3.44139375e-07,1.86480156e-01
3.44179375e-07,1.86617000e-01
3.44219375e-07,1.86573500e-01
3.44259375e-07,1.86597969e-01
3.44299375e-07,1.86580750e-01
3.44339375e-07,1.86593437e-01
3.44379375e-07,1.86584375e-01
3.44419375e-07,1.86591625e-01
3.44459375e-07,1.86585281e-01
3.44499375e-07,1.86589813e-01
3.44539375e-07,1.86586188e-01
3.44579375e-07,1.86589813e-01
3.44619375e-07,1.86587094e-01
3.44659375e-07,1.86588906e-01
3.44699375e-07,1.86587094e-01
3.44739375e-07,1.86588906e-01
3.44779375e-07,1.86588000e-01
3.44819375e-07,1.86588000e-01
3.44859375e-07,1.86588000e-01
3.44899375e-07,1.86588000e-01
3.44939375e-07,1.86588906e-01
3.44979375e-07,1.86587094e-01
3.45019375e-07,1.86588906e-01
3.45059375e-07,1.86587094e-01
3.45099375e-07,1.86589813e-01
3.45139375e-07,1.86586188e-01
3.45179375e-07,1.86590719e-01
3.45219375e-07,1.86585281e-01
3.45259375e-07,1.86591625e-01
3.45299375e-07,1.86583469e-01
3.45339375e-07,1.86593437e-01
3.45379375e-07,1.86580750e-01
3.45419375e-07,1.86597969e-01
3.45459375e-07,1.86572594e-01
3.45499375e-07,1.86617906e-01
3.45539375e-07,1.86469281e-01
3.45579375e-07,1.86322469e-01
3.45619375e-07,1.86375031e-01
3.45659375e-07,1.86342406e-01
3.45699375e-07,1.86366875e-01
3.45739375e-07,1.86346938e-01
3.45779375e-07,1.86364156e-01
3.45819375e-07,1.86348750e-01
3.45859375e-07,1.86363250e-01
3.45899375e-07,1.86349656e-01
3.45939375e-07,1.86362344e-01
3.45979375e-07,1.86349656e-01
3.46019375e-07,1.86361438e-01
3.46059375e-07,1.86350562e-01
3.46099375e-07,1.86361438e-01
3.46139375e-07,1.86350562e-01
3.46179375e-07,1.86361438e-01
3.46219375e-07,1.86350562e-01
3.46259375e-07,1.86362344e-01
3.46299375e-07,1.86349656e-01
3.46339375e-07,1.86362344e-01
3.46379375e-07,1.86349656e-01
3.46419375e-07,1.86363250e-01
3.46459375e-07,1.86347844e-01
3.46499375e-07,1.86365062e-01
3.46539375e-07,1.86346031e-01
3.46579375e-07,1.86367781e-01
3.46619375e-07,1.86341500e-01
3.46659375e-07,1.86375938e-01
3.46699375e-07,1.86321563e-01
3.46739375e-07,1.86479250e-01
3.46779375e-07,1.86616094e-01
3.46819375e-07,1.86573500e-01
3.46859375e-07,1.86597062e-01
3.46899375e-07,1.86581656e-01
3.46939375e-07,1.86592531e-01
3.46979375e-07,1.86585281e-01
3.47019375e-07,1.86589813e-01
3.47059375e-07,1.86587094e-01
3.47099375e-07,1.86588000e-01
3.47139375e-07,1.86588906e-01
3.47179375e-07,1.86586188e-01
3.47219375e-07,1.86589813e-01
3.47259375e-07,1.86585281e-01
3.47299375e-07,1.86592531e-01
3.47339375e-07,1.86582562e-01
3.47379375e-07,1.86595250e-01
3.47419375e-07,1.86577125e-01
3.47459375e-07,1.86604313e-01
3.47499375e-07,1.86557187e-01
3.47539375e-07,1.86707625e-01
3.47579375e-07,1.86851719e-01
3.47619375e-07,1.86801875e-01
3.47659375e-07,1.86832687e-01
3.47699375e-07,1.86810937e-01
3.47739375e-07,1.86827250e-01
3.47779375e-07,1.86813656e-01
3.47819375e-07,1.86824531e-01
3.47859375e-07,1.86816375e-01
3.47899375e-07,1.86822719e-01
3.47939375e-07,1.86818188e-01
3.47979375e-07,1.86820906e-01
3.48019375e-07,1.86820000e-01
3.48059375e-07,1.86819094e-01
3.48099375e-07,1.86823625e-01
3.48139375e-07,1.86813656e-01
3.48179375e-07,1.86831781e-01
3.48219375e-07,1.86793719e-01
3.48259375e-07,1.86935094e-01
3.48299375e-07,1.87089156e-01
3.48339375e-07,1.87028438e-01
3.48379375e-07,1.87070125e-01
3.48419375e-07,1.87036594e-01
3.48459375e-07,1.87065594e-01
3.48499375e-07,1.87039312e-01
3.48539375e-07,1.87063781e-01
3.48579375e-07,1.87040219e-01
3.48619375e-07,1.87063781e-01
3.48659375e-07,1.87040219e-01
3.48699375e-07,1.87064687e-01
3.48739375e-07,1.87038406e-01
3.48779375e-07,1.87066500e-01
3.48819375e-07,1.87034781e-01
3.48859375e-07,1.87074656e-01
3.48899375e-07,1.87014844e-01
3.48939375e-07,1.87177969e-01
3.48979375e-07,1.87310281e-01
3.49019375e-07,1.87271313e-01
3.49059375e-07,1.87291250e-01
3.49099375e-07,1.87279469e-01
3.49139375e-07,1.87286719e-01
3.49179375e-07,1.87282188e-01
3.49219375e-07,1.87284906e-01
3.49259375e-07,1.87283094e-01
3.49299375e-07,1.87284000e-01
3.49339375e-07,1.87284000e-01
3.49379375e-07,1.87283094e-01
3.49419375e-07,1.87284906e-01
3.49459375e-07,1.87283094e-01
3.49499375e-07,1.87284906e-01
3.49539375e-07,1.87283094e-01
3.49579375e-07,1.87284906e-01
3.49619375e-07,1.87282188e-01
3.49659375e-07,1.87285813e-01
3.49699375e-07,1.87282188e-01
3.49739375e-07,1.87285813e-01
3.49779375e-07,1.87282188e-01
3.49819375e-07,1.87285813e-01
3.49859375e-07,1.87282188e-01
3.49899375e-07,1.87285813e-01
3.49939375e-07,1.87282188e-01
3.49979375e-07,1.87285813e-01
3.50019375e-07,1.87282188e-01
3.50059375e-07,1.87285813e-01
3.50099375e-07,1.87282188e-01
3.50139375e-07,1.87285813e-01
3.50179375e-07,1.87282188e-01
3.50219375e-07,1.87286719e-01
3.50259375e-07,1.87281281e-01
3.50299375e-07,1.87286719e-01
3.50339375e-07,1.87281281e-01
3.50379375e-07,1.87286719e-01
3.50419375e-07,1.87281281e-01
3.50459375e-07,1.87286719e-01
3.50499375e-07,1.87281281e-01
3.50539375e-07,1.87286719e-01
3.50579375e-07,1.87281281e-01
3.50619375e-07,1.87286719e-01
3.50659375e-07,1.87281281e-01
3.50699375e-07,1.87286719e-01
3.50739375e-07,1.87281281e-01
3.50779375e-07,1.87286719e-01
3.50819375e-07,1.87281281e-01
3.50859375e-07,1.87286719e-01
3.50899375e-07,1.87281281e-01
3.50939375e-07,1.87287625e-01
3.50979375e-07,1.87280375e-01
3.51019375e-07,1.87287625e-01
3.51059375e-07,1.87280375e-01
3.51099375e-07,1.87287625e-01
3.51139375e-07,1.87280375e-01
3.51179375e-07,1.87287625e-01
3.51219375e-07,1.87280375e-01
3.51259375e-07,1.87287625e-01
3.51299375e-07,1.87280375e-01
3.51339375e-07,1.87287625e-01
3.51379375e-07,1.87279469e-01
3.51419375e-07,1.87288531e-01
3.51459375e-07,1.87279469e-01
3.51499375e-07,1.87288531e-01
3.51539375e-07,1.87279469e-01
3.51579375e-07,1.87289437e-01
3.51619375e-07,1.87278562e-01
3.51659375e-07,1.87289437e-01
3.51699375e-07,1.87278562e-01
3.51739375e-07,1.87290344e-01
3.51779375e-07,1.87277656e-01
3.51819375e-07,1.87291250e-01
3.51859375e-07,1.87276750e-01
3.51899375e-07,1.87292156e-01
3.51939375e-07,1.87274937e-01
3.51979375e-07,1.87294875e-01
3.52019375e-07,1.87271313e-01
3.52059375e-07,1.87299406e-01
3.52099375e-07,1.87263156e-01
3.52139375e-07,1.87319344e-01
3.52179375e-07,1.87159844e-01
3.52219375e-07,1.87024812e-01
3.52259375e-07,1.87065594e-01
3.52299375e-07,1.87043844e-01
3.52339375e-07,1.87056531e-01
3.52379375e-07,1.87049281e-01
3.52419375e-07,1.87053812e-01
3.52459375e-07,1.87052000e-01
3.52499375e-07,1.87051094e-01
3.52539375e-07,1.87053812e-01
3.52579375e-07,1.87049281e-01
3.52619375e-07,1.87055625e-01
3.52659375e-07,1.87047469e-01
3.52699375e-07,1.87057438e-01
3.52739375e-07,1.87045656e-01
3.52779375e-07,1.87061062e-01
3.52819375e-07,1.87040219e-01
3.52859375e-07,1.87069219e-01
3.52899375e-07,1.87019375e-01
3.52939375e-07,1.87173437e-01
3.52979375e-07,1.87314812e-01
3.53019375e-07,1.87266781e-01
3.53059375e-07,1.87294875e-01
3.53099375e-07,1.87275844e-01
3.53139375e-07,1.87290344e-01
3.53179375e-07,1.87278562e-01
3.53219375e-07,1.87288531e-01
3.53259375e-07,1.87280375e-01
3.53299375e-07,1.87286719e-01
3.53339375e-07,1.87281281e-01
3.53379375e-07,1.87285813e-01
3.53419375e-07,1.87282188e-01
3.53459375e-07,1.87284906e-01
3.53499375e-07,1.87283094e-01
3.53539375e-07,1.87284906e-01
3.53579375e-07,1.87284000e-01
3.53619375e-07,1.87284000e-01
3.53659375e-07,1.87284000e-01
3.53699375e-07,1.87283094e-01
3.53739375e-07,1.87284906e-01
3.53779375e-07,1.87283094e-01
3.53819375e-07,1.87285813e-01
3.53859375e-07,1.87282188e-01
3.53899375e-07,1.87285813e-01
3.53939375e-07,1.87281281e-01
3.53979375e-07,1.87286719e-01
3.54019375e-07,1.87281281e-01
3.54059375e-07,1.87287625e-01
3.54099375e-07,1.87279469e-01
3.54139375e-07,1.87288531e-01
3.54179375e-07,1.87278562e-01
3.54219375e-07,1.87291250e-01
3.54259375e-07,1.87274937e-01
3.54299375e-07,1.87295781e-01
3.54339375e-07,1.87266781e-01
3.54379375e-07,1.87316625e-01
3.54419375e-07,1.87162562e-01
3.54459375e-07,1.87021187e-01
3.54499375e-07,1.87069219e-01
3.54539375e-07,1.87040219e-01
3.54579375e-07,1.87061062e-01
3.54619375e-07,1.87044750e-01
3.54659375e-07,1.87057438e-01
3.54699375e-07,1.87047469e-01
3.54739375e-07,1.87055625e-01
3.54779375e-07,1.87048375e-01
3.54819375e-07,1.87054719e-01
3.54859375e-07,1.87049281e-01
3.54899375e-07,1.87053812e-01
3.54939375e-07,1.87050187e-01
3.54979375e-07,1.87053812e-01
3.55019375e-07,1.87050187e-01
3.55059375e-07,1.87052906e-01
3.55099375e-07,1.87051094e-01
3.55139375e-07,1.87052906e-01
3.55179375e-07,1.87051094e-01
3.55219375e-07,1.87052000e-01
3.55259375e-07,1.87052000e-01
3.55299375e-07,1.87052000e-01
3.55339375e-07,1.87052000e-01
3.55379375e-07,1.87052000e-01
3.55419375e-07,1.87052000e-01
3.55459375e-07,1.87051094e-01
3.55499375e-07,1.87052906e-01
3.55539375e-07,1.87051094e-01
3.55579375e-07,1.87052906e-01
3.55619375e-07,1.87051094e-01
3.55659375e-07,1.87053812e-01
3.55699375e-07,1.87050187e-01
3.55739375e-07,1.87053812e-01
3.55779375e-07,1.87050187e-01
3.55819375e-07,1.87053812e-01
3.55859375e-07,1.87049281e-01
3.55899375e-07,1.87054719e-01
3.55939375e-07,1.87049281e-01
3.55979375e-07,1.87054719e-01
3.56019375e-07,1.87048375e-01
3.56059375e-07,1.87055625e-01
3.56099375e-07,1.87048375e-01
3.56139375e-07,1.87056531e-01
3.56179375e-07,1.87047469e-01
3.56219375e-07,1.87057438e-01
3.56259375e-07,1.87046562e-01
3.56299375e-07,1.87058344e-01
3.56339375e-07,1.87044750e-01
3.56379375e-07,1.87060156e-01
3.56419375e-07,1.87042938e-01
3.56459375e-07,1.87062875e-01
3.56499375e-07,1.87039312e-01
3.56539375e-07,1.87068313e-01
3.56579375e-07,1.87029344e-01
3.56619375e-07,1.87089156e-01
3.56659375e-07,1.86925125e-01
3.56699375e-07,1.86795531e-01
3.56739375e-07,1.86829063e-01
3.56779375e-07,1.86817281e-01
3.56819375e-07,1.86817281e-01
3.56859375e-07,1.86828156e-01
3.56899375e-07,1.86804594e-01
3.56939375e-07,1.86850812e-01
3.56979375e-07,1.86698562e-01
3.57019375e-07,1.86559000e-01
3.57059375e-07,1.86600688e-01
3.57099375e-07,1.86584375e-01
3.57139375e-07,1.86582562e-01
3.57179375e-07,1.86610656e-01
3.57219375e-07,1.86474719e-01
3.57259375e-07,1.86318844e-01
3.57299375e-07,1.86376844e-01
3.57339375e-07,1.86343312e-01
3.57379375e-07,1.86360531e-01
3.57419375e-07,1.86366875e-01
3.57459375e-07,1.86256312e-01
3.57499375e-07,1.86071437e-01
3.57539375e-07,1.86165688e-01
3.57579375e-07,1.86083219e-01
3.57619375e-07,1.86176563e-01
3.57659375e-07,1.85984437e-01
3.57699375e-07,1.85879313e-01
3.57739375e-07,1.85891094e-01
3.57779375e-07,1.85900156e-01
3.57819375e-07,1.85876594e-01
3.57859375e-07,1.85921906e-01
3.57899375e-07,1.85773281e-01
3.57939375e-07,1.85626469e-01
3.57979375e-07,1.85680844e-01
3.58019375e-07,1.85642781e-01
3.58059375e-07,1.85677219e-01
3.58099375e-07,1.85639156e-01
3.58139375e-07,1.85693531e-01
3.58179375e-07,1.85538563e-01
3.58219375e-07,1.85397188e-01
3.58259375e-07,1.85445219e-01
3.58299375e-07,1.85415312e-01
3.58339375e-07,1.85437969e-01
3.58379375e-07,1.85419844e-01
3.58419375e-07,1.85435250e-01
3.58459375e-07,1.85421656e-01
3.58499375e-07,1.85434344e-01
3.58539375e-07,1.85422562e-01
3.58579375e-07,1.85433437e-01
3.58619375e-07,1.85422562e-01
3.58659375e-07,1.85433437e-01
3.58699375e-07,1.85422562e-01
3.58739375e-07,1.85433437e-01
3.58779375e-07,1.85423469e-01
3.58819375e-07,1.85432531e-01
3.58859375e-07,1.85423469e-01
3.58899375e-07,1.85433437e-01
3.58939375e-07,1.85422562e-01
3.58979375e-07,1.85433437e-01
3.59019375e-07,1.85422562e-01
3.59059375e-07,1.85433437e-01
3.59099375e-07,1.85422562e-01
3.59139375e-07,1.85434344e-01
3.59179375e-07,1.85421656e-01
3.59219375e-07,1.85435250e-01
3.59259375e-07,1.85419844e-01
3.59299375e-07,1.85437969e-01
3.59339375e-07,1.85415312e-01
3.59379375e-07,1.85446125e-01
3.59419375e-07,1.85395375e-01
3.59459375e-07,1.85549437e-01
3.59499375e-07,1.85691719e-01
3.59539375e-07,1.85641875e-01
3.59579375e-07,1.85672687e-01
3.59619375e-07,1.85649125e-01
3.59659375e-07,1.85669063e-01
3.59699375e-07,1.85650938e-01
3.59739375e-07,1.85669969e-01
3.59779375e-07,1.85648219e-01
3.59819375e-07,1.85677219e-01
3.59859375e-07,1.85629187e-01
3.59899375e-07,1.85778719e-01
3.59939375e-07,1.85926437e-01
3.59979375e-07,1.85871156e-01
3.60019375e-07,1.85908313e-01
3.60059375e-07,1.85876594e-01
3.60099375e-07,1.85907406e-01
3.60139375e-07,1.85874781e-01
3.60179375e-07,1.85914656e-01
3.60219375e-07,1.85855750e-01
3.60259375e-07,1.86017062e-01
3.60299375e-07,1.86151188e-01
3.60339375e-07,1.86111312e-01
3.60379375e-07,1.86130344e-01
3.60419375e-07,1.86121281e-01
3.60459375e-07,1.86122188e-01
3.60499375e-07,1.86131250e-01
3.60539375e-07,1.86102250e-01
3.60579375e-07,1.86234563e-01
3.60619375e-07,1.86398594e-01
3.60659375e-07,1.86326094e-01
3.60699375e-07,1.86382281e-01
3.60739375e-07,1.86329719e-01
3.60779375e-07,1.86385906e-01
3.60819375e-07,1.86311594e-01
3.60859375e-07,1.86488313e-01
3.60899375e-07,1.86607031e-01
3.60939375e-07,1.86583469e-01
3.60979375e-07,1.86584375e-01
3.61019375e-07,1.86599781e-01
3.61059375e-07,1.86560813e-01
3.61099375e-07,1.86704000e-01
3.61139375e-07,1.86856250e-01
3.61179375e-07,1.86797344e-01
3.61219375e-07,1.86838125e-01
3.61259375e-07,1.86802781e-01
3.61299375e-07,1.86840844e-01
3.61339375e-07,1.86786469e-01
3.61379375e-07,1.86940531e-01
3.61419375e-07,1.87085531e-01
3.61459375e-07,1.87030250e-01
3.61499375e-07,1.87071031e-01
3.61539375e-07,1.87032062e-01
3.61579375e-07,1.87076469e-01
3.61619375e-07,1.87013938e-01
3.61659375e-07,1.87178875e-01
3.61699375e-07,1.87309375e-01
3.61739375e-07,1.87273125e-01
3.61779375e-07,1.87288531e-01
3.61819375e-07,1.87284000e-01
3.61859375e-07,1.87279469e-01
3.61899375e-07,1.87294875e-01
3.61939375e-07,1.87257719e-01
3.61979375e-07,1.87400000e-01
3.62019375e-07,1.87551344e-01
3.62059375e-07,1.87494250e-01
3.62099375e-07,1.87532312e-01
3.62139375e-07,1.87503312e-01
3.62179375e-07,1.87526875e-01
3.62219375e-07,1.87506937e-01
3.62259375e-07,1.87524156e-01
3.62299375e-07,1.87507844e-01
3.62339375e-07,1.87523250e-01
3.62379375e-07,1.87508750e-01
3.62419375e-07,1.87522344e-01
3.62459375e-07,1.87509656e-01
3.62499375e-07,1.87522344e-01
3.62539375e-07,1.87510563e-01
3.62579375e-07,1.87521437e-01
3.62619375e-07,1.87510563e-01
3.62659375e-07,1.87521437e-01
3.62699375e-07,1.87509656e-01
3.62739375e-07,1.87522344e-01
3.62779375e-07,1.87509656e-01
3.62819375e-07,1.87523250e-01
3.62859375e-07,1.87506937e-01
3.62899375e-07,1.87527781e-01
3.62939375e-07,1.87499687e-01
3.62979375e-07,1.87546812e-01
3.63019375e-07,1.87397281e-01
3.63059375e-07,1.87249562e-01
3.63099375e-07,1.87304844e-01
3.63139375e-07,1.87267688e-01
3.63179375e-07,1.87299406e-01
3.63219375e-07,1.87268594e-01
3.63259375e-07,1.87301219e-01
3.63299375e-07,1.87261344e-01
3.63339375e-07,1.87321156e-01
3.63379375e-07,1.87158938e-01
3.63419375e-07,1.87025719e-01
3.63459375e-07,1.87064687e-01
3.63499375e-07,1.87045656e-01
3.63539375e-07,1.87054719e-01
3.63579375e-07,1.87052000e-01
3.63619375e-07,1.87049281e-01
3.63659375e-07,1.87058344e-01
3.63699375e-07,1.87039312e-01
3.63739375e-07,1.87080094e-01
3.63779375e-07,1.86935094e-01
3.63819375e-07,1.86785563e-01
3.63859375e-07,1.86839937e-01
3.63899375e-07,1.86806406e-01
3.63939375e-07,1.86830875e-01
3.63979375e-07,1.86811844e-01
3.64019375e-07,1.86826344e-01
3.64059375e-07,1.86816375e-01
3.64099375e-07,1.86821812e-01
3.64139375e-07,1.86821812e-01
3.64179375e-07,1.86811844e-01
3.64219375e-07,1.86842656e-01
3.64259375e-07,1.86708531e-01
3.64299375e-07,1.86547219e-01
3.64339375e-07,1.86614281e-01
3.64379375e-07,1.86567156e-01
3.64419375e-07,1.86606125e-01
3.64459375e-07,1.86571687e-01
3.64499375e-07,1.86603406e-01
3.64539375e-07,1.86572594e-01
3.64579375e-07,1.86603406e-01
3.64619375e-07,1.86572594e-01
3.64659375e-07,1.86604313e-01
3.64699375e-07,1.86570781e-01
3.64739375e-07,1.86607937e-01
3.64779375e-07,1.86562625e-01
3.64819375e-07,1.86626969e-01
3.64859375e-07,1.86460219e-01
3.64899375e-07,1.86330625e-01
3.64939375e-07,1.86367781e-01
3.64979375e-07,1.86349656e-01
3.65019375e-07,1.86360531e-01
3.65059375e-07,1.86352375e-01
3.65099375e-07,1.86359625e-01
3.65139375e-07,1.86351469e-01
3.65179375e-07,1.86362344e-01
3.65219375e-07,1.86345125e-01
3.65259375e-07,1.86380469e-01
3.65299375e-07,1.86243625e-01
3.65339375e-07,1.86084125e-01
3.65379375e-07,1.86151188e-01
3.65419375e-07,1.86101344e-01
3.65459375e-07,1.86145750e-01
3.65499375e-07,1.86102250e-01
3.65539375e-07,1.86147563e-01
3.65579375e-07,1.86095000e-01
3.65619375e-07,1.86166594e-01
3.65659375e-07,1.85992594e-01
3.65699375e-07,1.85872062e-01
3.65739375e-07,1.85898344e-01
3.65779375e-07,1.85892000e-01
3.65819375e-07,1.85889281e-01
3.65859375e-07,1.85898344e-01
3.65899375e-07,1.85882937e-01
3.65939375e-07,1.85904687e-01
3.65979375e-07,1.85873875e-01
3.66019375e-07,1.85925531e-01
3.66059375e-07,1.85769656e-01
3.66099375e-07,1.85631000e-01
3.66139375e-07,1.85675406e-01
3.66179375e-07,1.85650031e-01
3.66219375e-07,1.85667250e-01
3.66259375e-07,1.85655469e-01
3.66299375e-07,1.85663625e-01
3.66339375e-07,1.85657281e-01
3.66379375e-07,1.85661812e-01
3.66419375e-07,1.85658187e-01
3.66459375e-07,1.85661812e-01
3.66499375e-07,1.85658187e-01
3.66539375e-07,1.85660906e-01
3.66579375e-07,1.85658187e-01
3.66619375e-07,1.85661812e-01
3.66659375e-07,1.85657281e-01
3.66699375e-07,1.85663625e-01
3.66739375e-07,1.85653656e-01
3.66779375e-07,1.85670875e-01
3.66819375e-07,1.85634625e-01
3.66859375e-07,1.85773281e-01
3.66899375e-07,1.85931875e-01
3.66939375e-07,1.85864813e-01
3.66979375e-07,1.85915562e-01
3.67019375e-07,1.85868437e-01
3.67059375e-07,1.85920094e-01
3.67099375e-07,1.85851219e-01
3.67139375e-07,1.86019781e-01
3.67179375e-07,1.86149375e-01
3.67219375e-07,1.86109500e-01
3.67259375e-07,1.86137594e-01
3.67299375e-07,1.86099531e-01
3.67339375e-07,1.86233656e-01
3.67379375e-07,1.86402219e-01
3.67419375e-07,1.86318844e-01
3.67459375e-07,1.86394969e-01
3.67499375e-07,1.86303438e-01
3.67539375e-07,1.86497375e-01
3.67579375e-07,1.86596156e-01
3.67619375e-07,1.86599781e-01
3.67659375e-07,1.86555375e-01
3.67699375e-07,1.86713062e-01
3.67739375e-07,1.86842656e-01
3.67779375e-07,1.86817281e-01
3.67819375e-07,1.86802781e-01
3.67859375e-07,1.86928750e-01
3.67899375e-07,1.87094594e-01
3.67939375e-07,1.87023000e-01
3.67979375e-07,1.87079187e-01
3.68019375e-07,1.87014844e-01
3.68059375e-07,1.87173437e-01
3.68099375e-07,1.87318437e-01
3.68139375e-07,1.87258625e-01
3.68179375e-07,1.87311188e-01
3.68219375e-07,1.87244125e-01
3.68259375e-07,1.87412688e-01
3.68299375e-07,1.87538656e-01
3.68339375e-07,1.87507844e-01
3.68379375e-07,1.87516000e-01
3.68419375e-07,1.87525063e-01
3.68459375e-07,1.87490625e-01
3.68499375e-07,1.87631094e-01
3.68539375e-07,1.87784250e-01
3.68579375e-07,1.87726250e-01
3.68619375e-07,1.87763406e-01
3.68659375e-07,1.87735313e-01
3.68699375e-07,1.87757969e-01
3.68739375e-07,1.87738938e-01
3.68779375e-07,1.87755250e-01
3.68819375e-07,1.87741656e-01
3.68859375e-07,1.87754344e-01
3.68899375e-07,1.87742562e-01
3.68939375e-07,1.87752531e-01
3.68979375e-07,1.87743469e-01
3.69019375e-07,1.87751625e-01
3.69059375e-07,1.87744375e-01
3.69099375e-07,1.87750719e-01
3.69139375e-07,1.87745281e-01
3.69179375e-07,1.87750719e-01
3.69219375e-07,1.87746187e-01
3.69259375e-07,1.87749813e-01
3.69299375e-07,1.87746187e-01
3.69339375e-07,1.87748906e-01
3.69379375e-07,1.87747094e-01
3.69419375e-07,1.87748906e-01
3.69459375e-07,1.87748000e-01
3.69499375e-07,1.87748000e-01
3.69539375e-07,1.87748000e-01
3.69579375e-07,1.87747094e-01
3.69619375e-07,1.87748906e-01
3.69659375e-07,1.87746187e-01
3.69699375e-07,1.87749813e-01
3.69739375e-07,1.87745281e-01
3.69779375e-07,1.87751625e-01
3.69819375e-07,1.87743469e-01
3.69859375e-07,1.87753438e-01
3.69899375e-07,1.87739844e-01
3.69939375e-07,1.87758875e-01
3.69979375e-07,1.87731687e-01
3.70019375e-07,1.87778813e-01
3.70059375e-07,1.87627469e-01
3.70099375e-07,1.87484281e-01
3.70139375e-07,1.87534125e-01
3.70179375e-07,1.87504219e-01
3.70219375e-07,1.87525063e-01
3.70259375e-07,1.87509656e-01
3.70299375e-07,1.87521437e-01
3.70339375e-07,1.87512375e-01
3.70379375e-07,1.87517812e-01
3.70419375e-07,1.87515094e-01
3.70459375e-07,1.87514187e-01
3.70499375e-07,1.87520531e-01
3.70539375e-07,1.87505125e-01
3.70579375e-07,1.87541375e-01
3.70619375e-07,1.87402719e-01
3.70659375e-07,1.87245937e-01
3.70699375e-07,1.87308469e-01
3.70739375e-07,1.87264062e-01
3.70779375e-07,1.87301219e-01
3.70819375e-07,1.87267688e-01
3.70859375e-07,1.87300313e-01
3.70899375e-07,1.87266781e-01
3.70939375e-07,1.87303031e-01
3.70979375e-07,1.87259531e-01
3.71019375e-07,1.87322062e-01
3.71059375e-07,1.87157125e-01
3.71099375e-07,1.87025719e-01
3.71139375e-07,1.87064687e-01
3.71179375e-07,1.87044750e-01
3.71219375e-07,1.87056531e-01
3.71259375e-07,1.87048375e-01
3.71299375e-07,1.87054719e-01
3.71339375e-07,1.87050187e-01
3.71379375e-07,1.87052906e-01
3.71419375e-07,1.87051094e-01
3.71459375e-07,1.87052906e-01
3.71499375e-07,1.87051094e-01
3.71539375e-07,1.87052000e-01
3.71579375e-07,1.87052000e-01
3.71619375e-07,1.87052000e-01
3.71659375e-07,1.87052000e-01
3.71699375e-07,1.87052000e-01
3.71739375e-07,1.87052000e-01
3.71779375e-07,1.87052000e-01
3.71819375e-07,1.87051094e-01
3.71859375e-07,1.87052906e-01
3.71899375e-07,1.87051094e-01
3.71939375e-07,1.87052906e-01
3.71979375e-07,1.87051094e-01
3.72019375e-07,1.87052906e-01
3.72059375e-07,1.87050187e-01
3.72099375e-07,1.87053812e-01
3.72139375e-07,1.87050187e-01
3.72179375e-07,1.87054719e-01
3.72219375e-07,1.87049281e-01
3.72259375e-07,1.87055625e-01
3.72299375e-07,1.87048375e-01
3.72339375e-07,1.87057438e-01
3.72379375e-07,1.87045656e-01
3.72419375e-07,1.87060156e-01
3.72459375e-07,1.87041125e-01
3.72499375e-07,1.87069219e-01
3.72539375e-07,1.87020281e-01
3.72579375e-07,1.87172531e-01
3.72619375e-07,1.87315719e-01
3.72659375e-07,1.87266781e-01
3.72699375e-07,1.87295781e-01
3.72739375e-07,1.87275844e-01
3.72779375e-07,1.87289437e-01
3.72819375e-07,1.87280375e-01
3.72859375e-07,1.87285813e-01
3.72899375e-07,1.87284906e-01
3.72939375e-07,1.87280375e-01
3.72979375e-07,1.87293969e-01
3.73019375e-07,1.87259531e-01
3.73059375e-07,1.87397281e-01
3.73099375e-07,1.87554063e-01
3.73139375e-07,1.87491531e-01
3.73179375e-07,1.87535031e-01
3.73219375e-07,1.87499687e-01
3.73259375e-07,1.87530500e-01
3.73299375e-07,1.87502406e-01
3.73339375e-07,1.87528687e-01
3.73379375e-07,1.87504219e-01
3.73419375e-07,1.87527781e-01
3.73459375e-07,1.87505125e-01
3.73499375e-07,1.87526875e-01
3.73539375e-07,1.87505125e-01
3.73579375e-07,1.87526875e-01
3.73619375e-07,1.87505125e-01
3.73659375e-07,1.87526875e-01
3.73699375e-07,1.87504219e-01
3.73739375e-07,1.87527781e-01
3.73779375e-07,1.87503312e-01
3.73819375e-07,1.87528687e-01
3.73859375e-07,1.87502406e-01
3.73899375e-07,1.87531406e-01
3.73939375e-07,1.87498781e-01
3.73979375e-07,1.87536844e-01
3.74019375e-07,1.87489719e-01
3.74059375e-07,1.87556781e-01
3.74099375e-07,1.87385500e-01
3.74139375e-07,1.87262250e-01
3.74179375e-07,1.87291250e-01
3.74219375e-07,1.87283094e-01
3.74259375e-07,1.87280375e-01
3.74299375e-07,1.87290344e-01
3.74339375e-07,1.87274031e-01
3.74379375e-07,1.87297594e-01
3.74419375e-07,1.87264062e-01
3.74459375e-07,1.87319344e-01
3.74499375e-07,1.87158938e-01
3.74539375e-07,1.87026625e-01
3.74579375e-07,1.87062875e-01
3.74619375e-07,1.87048375e-01
3.74659375e-07,1.87050187e-01
3.74699375e-07,1.87059250e-01
3.74739375e-07,1.87037500e-01
3.74779375e-07,1.87081906e-01
3.74819375e-07,1.86931469e-01
3.74859375e-07,1.86790094e-01
3.74899375e-07,1.86834500e-01
3.74939375e-07,1.86814563e-01
3.74979375e-07,1.86817281e-01
3.75019375e-07,1.86839031e-01
3.75059375e-07,1.86711250e-01
3.75099375e-07,1.86544500e-01
3.75139375e-07,1.86617906e-01
3.75179375e-07,1.86562625e-01
3.75219375e-07,1.86612469e-01
3.75259375e-07,1.86559906e-01
3.75299375e-07,1.86627875e-01
3.75339375e-07,1.86460219e-01
3.75379375e-07,1.86329719e-01
3.75419375e-07,1.86369594e-01
3.75459375e-07,1.86346031e-01
3.75499375e-07,1.86364156e-01
3.75539375e-07,1.86346938e-01
3.75579375e-07,1.86366875e-01
3.75619375e-07,1.86339687e-01
3.75659375e-07,1.86385906e-01
3.75699375e-07,1.86237281e-01
3.75739375e-07,1.86090469e-01
3.75779375e-07,1.86143937e-01
3.75819375e-07,1.86108594e-01
3.75859375e-07,1.86136688e-01
3.75899375e-07,1.86113125e-01
3.75939375e-07,1.86133969e-01
3.75979375e-07,1.86114937e-01
3.76019375e-07,1.86132156e-01
3.76059375e-07,1.86115844e-01
3.76099375e-07,1.86132156e-01
3.76139375e-07,1.86115844e-01
3.76179375e-07,1.86132156e-01
3.76219375e-07,1.86115844e-01
3.76259375e-07,1.86132156e-01
3.76299375e-07,1.86114937e-01
3.76339375e-07,1.86133063e-01
3.76379375e-07,1.86114031e-01
3.76419375e-07,1.86135781e-01
3.76459375e-07,1.86109500e-01
3.76499375e-07,1.86143937e-01
3.76539375e-07,1.86089562e-01
3.76579375e-07,1.86247250e-01
3.76619375e-07,1.86385906e-01
3.76659375e-07,1.86339687e-01
3.76699375e-07,1.86367781e-01
3.76739375e-07,1.86346031e-01
3.76779375e-07,1.86365062e-01
3.76819375e-07,1.86345125e-01
3.76859375e-07,1.86370500e-01
3.76899375e-07,1.86327906e-01
3.76939375e-07,1.86471094e-01
3.76979375e-07,1.86626062e-01
3.77019375e-07,1.86561719e-01
3.77059375e-07,1.86611562e-01
3.77099375e-07,1.86564437e-01
3.77139375e-07,1.86616094e-01
3.77179375e-07,1.86545406e-01
3.77219375e-07,1.86719406e-01
3.77259375e-07,1.86839937e-01
3.77299375e-07,1.86815469e-01
3.77339375e-07,1.86816375e-01
3.77379375e-07,1.86832687e-01
3.77419375e-07,1.86791000e-01
3.77459375e-07,1.86939625e-01
3.77499375e-07,1.87082813e-01
3.77539375e-07,1.87036594e-01
3.77579375e-07,1.87059250e-01
3.77619375e-07,1.87052906e-01
3.77659375e-07,1.87034781e-01
3.77699375e-07,1.87158031e-01
3.77739375e-07,1.87329312e-01
3.77779375e-07,1.87251375e-01
3.77819375e-07,1.87312094e-01
3.77859375e-07,1.87255906e-01
3.77899375e-07,1.87315719e-01
3.77939375e-07,1.87238688e-01
3.77979375e-07,1.87417219e-01
3.78019375e-07,1.87535031e-01
3.78059375e-07,1.87510563e-01
3.78099375e-07,1.87516000e-01
3.78139375e-07,1.87520531e-01
3.78179375e-07,1.87507844e-01
3.78219375e-07,1.87530500e-01
3.78259375e-07,1.87487000e-01
3.78299375e-07,1.87633812e-01
3.78339375e-07,1.87782438e-01
3.78379375e-07,1.87727156e-01
3.78419375e-07,1.87764313e-01
3.78459375e-07,1.87733500e-01
3.78499375e-07,1.87762500e-01
3.78539375e-07,1.87731687e-01
3.78579375e-07,1.87768844e-01
3.78619375e-07,1.87713562e-01
3.78659375e-07,1.87870344e-01
3.78699375e-07,1.88009906e-01
3.78739375e-07,1.87963688e-01
3.78779375e-07,1.87991781e-01
3.78819375e-07,1.87970937e-01
3.78859375e-07,1.87987250e-01
3.78899375e-07,1.87973656e-01
3.78939375e-07,1.87985437e-01
3.78979375e-07,1.87974562e-01
3.79019375e-07,1.87985437e-01
3.79059375e-07,1.87975469e-01
3.79099375e-07,1.87984531e-01
3.79139375e-07,1.87975469e-01
3.79179375e-07,1.87984531e-01
3.79219375e-07,1.87975469e-01
3.79259375e-07,1.87984531e-01
3.79299375e-07,1.87975469e-01
3.79339375e-07,1.87984531e-01
3.79379375e-07,1.87974562e-01
3.79419375e-07,1.87985437e-01
3.79459375e-07,1.87974562e-01
3.79499375e-07,1.87986344e-01
3.79539375e-07,1.87973656e-01
3.79579375e-07,1.87986344e-01
3.79619375e-07,1.87972750e-01
3.79659375e-07,1.87988156e-01
3.79699375e-07,1.87970937e-01
3.79739375e-07,1.87990875e-01
3.79779375e-07,1.87967312e-01
3.79819375e-07,1.87995406e-01
3.79859375e-07,1.87958250e-01
3.79899375e-07,1.88016250e-01
3.79939375e-07,1.87854937e-01
3.79979375e-07,1.87721719e-01
3.80019375e-07,1.87759781e-01
3.80059375e-07,1.87742562e-01
3.80099375e-07,1.87748906e-01
3.80139375e-07,1.87751625e-01
3.80179375e-07,1.87737125e-01
3.80219375e-07,1.87773375e-01
3.80259375e-07,1.87633812e-01
3.80299375e-07,1.87477937e-01
3.80339375e-07,1.87540469e-01
3.80379375e-07,1.87496063e-01
3.80419375e-07,1.87535031e-01
3.80459375e-07,1.87493344e-01
3.80499375e-07,1.87551344e-01
3.80539375e-07,1.87393656e-01
3.80579375e-07,1.87252281e-01
3.80619375e-07,1.87303937e-01
3.80659375e-07,1.87266781e-01
3.80699375e-07,1.87302125e-01
3.80739375e-07,1.87261344e-01
3.80779375e-07,1.87320250e-01
3.80819375e-07,1.87158938e-01
3.80859375e-07,1.87024812e-01
3.80899375e-07,1.87064687e-01
3.80939375e-07,1.87045656e-01
3.80979375e-07,1.87053812e-01
3.81019375e-07,1.87053812e-01
3.81059375e-07,1.87042938e-01
3.81099375e-07,1.87075562e-01
3.81139375e-07,1.86939625e-01
3.81179375e-07,1.86781031e-01
3.81219375e-07,1.86845375e-01
3.81259375e-07,1.86799156e-01
3.81299375e-07,1.86839031e-01
3.81339375e-07,1.86801875e-01
3.81379375e-07,1.86839937e-01
3.81419375e-07,1.86795531e-01
3.81459375e-07,1.86857156e-01
3.81499375e-07,1.86694937e-01
3.81539375e-07,1.86560813e-01
3.81579375e-07,1.86602500e-01
3.81619375e-07,1.86578031e-01
3.81659375e-07,1.86596156e-01
3.81699375e-07,1.86580750e-01
3.81739375e-07,1.86595250e-01
3.81779375e-07,1.86578937e-01
3.81819375e-07,1.86598875e-01
3.81859375e-07,1.86571687e-01
3.81899375e-07,1.86618813e-01
3.81939375e-07,1.86468375e-01
3.81979375e-07,1.86323375e-01
3.82019375e-07,1.86375031e-01
3.82059375e-07,1.86342406e-01
3.82099375e-07,1.86366875e-01
3.82139375e-07,1.86346938e-01
3.82179375e-07,1.86364156e-01
3.82219375e-07,1.86348750e-01
3.82259375e-07,1.86362344e-01
3.82299375e-07,1.86349656e-01
3.82339375e-07,1.86361438e-01
3.82379375e-07,1.86350562e-01
3.82419375e-07,1.86361438e-01
3.82459375e-07,1.86351469e-01
3.82499375e-07,1.86360531e-01
3.82539375e-07,1.86351469e-01
3.82579375e-07,1.86360531e-01
3.82619375e-07,1.86352375e-01
3.82659375e-07,1.86359625e-01
3.82699375e-07,1.86352375e-01
3.82739375e-07,1.86359625e-01
3.82779375e-07,1.86353281e-01
3.82819375e-07,1.86358719e-01
3.82859375e-07,1.86354187e-01
3.82899375e-07,1.86357812e-01
3.82939375e-07,1.86355094e-01
3.82979375e-07,1.86356000e-01
3.83019375e-07,1.86357812e-01
3.83059375e-07,1.86351469e-01
3.83099375e-07,1.86365969e-01
3.83139375e-07,1.86331531e-01
3.83179375e-07,1.86468375e-01
3.83219375e-07,1.86627875e-01
3.83259375e-07,1.86561719e-01
3.83299375e-07,1.86609750e-01
3.83339375e-07,1.86568969e-01
3.83379375e-07,1.86606125e-01
3.83419375e-07,1.86568969e-01
3.83459375e-07,1.86607937e-01
3.83499375e-07,1.86566250e-01
3.83539375e-07,1.86615188e-01
3.83579375e-07,1.86546313e-01
3.83619375e-07,1.86718500e-01
3.83659375e-07,1.86841750e-01
3.83699375e-07,1.86811844e-01
3.83739375e-07,1.86822719e-01
3.83779375e-07,1.86820000e-01
3.83819375e-07,1.86817281e-01
3.83859375e-07,1.86823625e-01
3.83899375e-07,1.86814563e-01
3.83939375e-07,1.86826344e-01
3.83979375e-07,1.86811844e-01
3.84019375e-07,1.86830875e-01
3.84059375e-07,1.86806406e-01
3.84099375e-07,1.86839937e-01
3.84139375e-07,1.86785563e-01
3.84179375e-07,1.86943250e-01
3.84219375e-07,1.87081000e-01
3.84259375e-07,1.87037500e-01
3.84299375e-07,1.87061062e-01
3.84339375e-07,1.87045656e-01
3.84379375e-07,1.87056531e-01
3.84419375e-07,1.87048375e-01
3.84459375e-07,1.87053812e-01
3.84499375e-07,1.87050187e-01
3.84539375e-07,1.87052906e-01
3.84579375e-07,1.87052000e-01
3.84619375e-07,1.87052000e-01
3.84659375e-07,1.87052000e-01
3.84699375e-07,1.87051094e-01
3.84739375e-07,1.87052906e-01
3.84779375e-07,1.87051094e-01
3.84819375e-07,1.87053812e-01
3.84859375e-07,1.87050187e-01
3.84899375e-07,1.87053812e-01
3.84939375e-07,1.87050187e-01
3.84979375e-07,1.87054719e-01
3.85019375e-07,1.87049281e-01
3.85059375e-07,1.87054719e-01
3.85099375e-07,1.87048375e-01
3.85139375e-07,1.87055625e-01
3.85179375e-07,1.87048375e-01
3.85219375e-07,1.87056531e-01
3.85259375e-07,1.87047469e-01
3.85299375e-07,1.87057438e-01
3.85339375e-07,1.87046562e-01
3.85379375e-07,1.87058344e-01
3.85419375e-07,1.87044750e-01
3.85459375e-07,1.87060156e-01
3.85499375e-07,1.87042938e-01
3.85539375e-07,1.87063781e-01
3.85579375e-07,1.87037500e-01
3.85619375e-07,1.87072844e-01
3.85659375e-07,1.87016656e-01
3.85699375e-07,1.87177062e-01
3.85739375e-07,1.87310281e-01
3.85779375e-07,1.87273125e-01
3.85819375e-07,1.87287625e-01
3.85859375e-07,1.87288531e-01
3.85899375e-07,1.87264062e-01
3.85939375e-07,1.87392750e-01
3.85979375e-07,1.87561312e-01
3.86019375e-07,1.87482469e-01
3.86059375e-07,1.87549531e-01
3.86099375e-07,1.87470688e-01
3.86139375e-07,1.87649219e-01
3.86179375e-07,1.87766125e-01
3.86219375e-07,1.87748000e-01
3.86259375e-07,1.87730781e-01
3.86299375e-07,1.87854937e-01
3.86339375e-07,1.88026219e-01
3.86379375e-07,1.87944656e-01
3.86419375e-07,1.88015344e-01
3.86459375e-07,1.87931969e-01
3.86499375e-07,1.88115937e-01
3.86539375e-07,1.88226500e-01
3.86579375e-07,1.88215625e-01
3.86619375e-07,1.88190250e-01
3.86659375e-07,1.88324375e-01
3.86699375e-07,1.88483875e-01
3.86739375e-07,1.88415906e-01
3.86779375e-07,1.88470281e-01
3.86819375e-07,1.88406844e-01
3.86859375e-07,1.88566344e-01
3.86899375e-07,1.88708625e-01
3.86939375e-07,1.88653344e-01
3.86979375e-07,1.88699563e-01
3.87019375e-07,1.88640656e-01
3.87059375e-07,1.88799250e-01
3.87099375e-07,1.88937906e-01
3.87139375e-07,1.88891687e-01
3.87179375e-07,1.88919781e-01
3.87219375e-07,1.88898938e-01
3.87259375e-07,1.88916156e-01
3.87299375e-07,1.88900750e-01
3.87339375e-07,1.88915250e-01
3.87379375e-07,1.88900750e-01
3.87419375e-07,1.88916156e-01
3.87459375e-07,1.88898031e-01
3.87499375e-07,1.88922500e-01
3.87539375e-07,1.88879906e-01
3.87579375e-07,1.89022187e-01
3.87619375e-07,1.89180781e-01
3.87659375e-07,1.89107375e-01
3.87699375e-07,1.89181688e-01
3.87739375e-07,1.89012219e-01
3.87779375e-07,1.88881719e-01
3.87819375e-07,1.88921594e-01
3.87859375e-07,1.88898938e-01
3.87899375e-07,1.88915250e-01
3.87939375e-07,1.88902563e-01
3.87979375e-07,1.88913438e-01
3.88019375e-07,1.88903469e-01
3.88059375e-07,1.88912531e-01
3.88099375e-07,1.88902563e-01
3.88139375e-07,1.88913438e-01
3.88179375e-07,1.88901656e-01
3.88219375e-07,1.88915250e-01
3.88259375e-07,1.88898938e-01
3.88299375e-07,1.88919781e-01
3.88339375e-07,1.88890781e-01
3.88379375e-07,1.88938812e-01
3.88419375e-07,1.88788375e-01
3.88459375e-07,1.88643375e-01
3.88499375e-07,1.88695031e-01
3.88539375e-07,1.88662406e-01
3.88579375e-07,1.88686875e-01
3.88619375e-07,1.88666937e-01
3.88659375e-07,1.88684156e-01
3.88699375e-07,1.88668750e-01
3.88739375e-07,1.88682344e-01
3.88779375e-07,1.88669656e-01
3.88819375e-07,1.88681437e-01
3.88859375e-07,1.88670562e-01
3.88899375e-07,1.88681437e-01
3.88939375e-07,1.88670562e-01
3.88979375e-07,1.88681437e-01
3.89019375e-07,1.88670562e-01
3.89059375e-07,1.88681437e-01
3.89099375e-07,1.88670562e-01
3.89139375e-07,1.88681437e-01
3.89179375e-07,1.88670562e-01
3.89219375e-07,1.88681437e-01
3.89259375e-07,1.88670562e-01
3.89299375e-07,1.88681437e-01
3.89339375e-07,1.88670562e-01
3.89379375e-07,1.88681437e-01
3.89419375e-07,1.88670562e-01
3.89459375e-07,1.88681437e-01
3.89499375e-07,1.88670562e-01
3.89539375e-07,1.88682344e-01
3.89579375e-07,1.88669656e-01
3.89619375e-07,1.88682344e-01
3.89659375e-07,1.88669656e-01
3.89699375e-07,1.88682344e-01
3.89739375e-07,1.88668750e-01
3.89779375e-07,1.88683250e-01
3.89819375e-07,1.88667844e-01
3.89859375e-07,1.88684156e-01
3.89899375e-07,1.88666937e-01
3.89939375e-07,1.88685969e-01
3.89979375e-07,1.88665125e-01
3.90019375e-07,1.88687781e-01
3.90059375e-07,1.88662406e-01
3.90099375e-07,1.88693219e-01
3.90139375e-07,1.88653344e-01
3.90179375e-07,1.88713156e-01
3.90219375e-07,1.88550031e-01
3.90259375e-07,1.88418625e-01
3.90299375e-07,1.88455781e-01
3.90339375e-07,1.88437656e-01
3.90379375e-07,1.88446719e-01
3.90419375e-07,1.88443094e-01
3.90459375e-07,1.88443094e-01
3.90499375e-07,1.88445813e-01
3.90539375e-07,1.88440375e-01
3.90579375e-07,1.88448531e-01
3.90619375e-07,1.88438562e-01
3.90659375e-07,1.88451250e-01
3.90699375e-07,1.88434938e-01
3.90739375e-07,1.88456687e-01
3.90779375e-07,1.88425875e-01
3.90819375e-07,1.88476625e-01
3.90859375e-07,1.88322562e-01
3.90899375e-07,1.88181187e-01
3.90939375e-07,1.88228312e-01
3.90979375e-07,1.88200219e-01
3.91019375e-07,1.88221063e-01
3.91059375e-07,1.88202938e-01
3.91099375e-07,1.88221969e-01
3.91139375e-07,1.88198406e-01
3.91179375e-07,1.88238281e-01
3.91219375e-07,1.88097812e-01
3.91259375e-07,1.87940125e-01
3.91299375e-07,1.88008094e-01
3.91339375e-07,1.87954625e-01
3.91379375e-07,1.88006281e-01
3.91419375e-07,1.87948281e-01
3.91459375e-07,1.88026219e-01
3.91499375e-07,1.87844969e-01
3.91539375e-07,1.87732594e-01
3.91579375e-07,1.87748000e-01
3.91619375e-07,1.87757062e-01
3.91659375e-07,1.87729875e-01
3.91699375e-07,1.87782438e-01
3.91739375e-07,1.87622031e-01
3.91779375e-07,1.87492437e-01
3.91819375e-07,1.87523250e-01
3.91859375e-07,1.87517812e-01
3.91899375e-07,1.87505125e-01
3.91939375e-07,1.87544094e-01
3.91979375e-07,1.87396375e-01
3.92019375e-07,1.87254094e-01
3.92059375e-07,1.87297594e-01
3.92099375e-07,1.87279469e-01
3.92139375e-07,1.87279469e-01
3.92179375e-07,1.87305750e-01
3.92219375e-07,1.87171625e-01
3.92259375e-07,1.87013938e-01
3.92299375e-07,1.87074656e-01
3.92339375e-07,1.87035687e-01
3.92379375e-07,1.87063781e-01
3.92419375e-07,1.87042938e-01
3.92459375e-07,1.87057438e-01
3.92499375e-07,1.87050187e-01
3.92539375e-07,1.87047469e-01
3.92579375e-07,1.87071031e-01
3.92619375e-07,1.86944156e-01
3.92659375e-07,1.86775594e-01
3.92699375e-07,1.86851719e-01
3.92739375e-07,1.86791000e-01
3.92779375e-07,1.86850812e-01
3.92819375e-07,1.86777406e-01
3.92859375e-07,1.86949594e-01
3.92899375e-07,1.87075562e-01
3.92939375e-07,1.87041125e-01
3.92979375e-07,1.87059250e-01
3.93019375e-07,1.87046562e-01
3.93059375e-07,1.87058344e-01
3.93099375e-07,1.87043844e-01
3.93139375e-07,1.87064687e-01
3.93179375e-07,1.87025719e-01
3.93219375e-07,1.87165281e-01
3.93259375e-07,1.87324781e-01
3.93299375e-07,1.87254094e-01
3.93339375e-07,1.87313906e-01
3.93379375e-07,1.87242313e-01
3.93419375e-07,1.87413594e-01
3.93459375e-07,1.87537750e-01
3.93499375e-07,1.87510563e-01
3.93539375e-07,1.87505125e-01
3.93579375e-07,1.87614781e-01
3.93619375e-07,1.87806906e-01
3.93659375e-07,1.87687281e-01
3.93699375e-07,1.87893906e-01
3.93739375e-07,1.87985437e-01
3.93779375e-07,1.87992688e-01
3.93819375e-07,1.87947375e-01
3.93859375e-07,1.88105063e-01
3.93899375e-07,1.88234656e-01
3.93939375e-07,1.88210187e-01
3.93979375e-07,1.88192969e-01
3.94019375e-07,1.88324375e-01
3.94059375e-07,1.88479344e-01
3.94099375e-07,1.88429500e-01
3.94139375e-07,1.88438562e-01
3.94179375e-07,1.88540062e-01
3.94219375e-07,1.88731281e-01
3.94259375e-07,1.88633406e-01
3.94299375e-07,1.88717688e-01
3.94339375e-07,1.88623437e-01
3.94379375e-07,1.88814656e-01
3.94419375e-07,1.88923406e-01
3.94459375e-07,1.88905281e-01
3.94499375e-07,1.88906187e-01
3.94539375e-07,1.88911625e-01
3.94579375e-07,1.88903469e-01
3.94619375e-07,1.88913438e-01
3.94659375e-07,1.88902563e-01
3.94699375e-07,1.88913438e-01
3.94739375e-07,1.88901656e-01
3.94779375e-07,1.88914344e-01
3.94819375e-07,1.88901656e-01
3.94859375e-07,1.88914344e-01
3.94899375e-07,1.88901656e-01
3.94939375e-07,1.88914344e-01
3.94979375e-07,1.88900750e-01
3.95019375e-07,1.88915250e-01
3.95059375e-07,1.88900750e-01
3.95099375e-07,1.88916156e-01
3.95139375e-07,1.88898938e-01
3.95179375e-07,1.88917969e-01
3.95219375e-07,1.88897125e-01
3.95259375e-07,1.88921594e-01
3.95299375e-07,1.88888969e-01
3.95339375e-07,1.88941531e-01
3.95379375e-07,1.88785656e-01
3.95419375e-07,1.88646094e-01
3.95459375e-07,1.88693219e-01
3.95499375e-07,1.88664219e-01
3.95539375e-07,1.88685969e-01
3.95579375e-07,1.88666937e-01
3.95619375e-07,1.88685063e-01
3.95659375e-07,1.88666031e-01
3.95699375e-07,1.88687781e-01
3.95739375e-07,1.88658781e-01
3.95779375e-07,1.88706812e-01
3.95819375e-07,1.88556375e-01
3.95859375e-07,1.88410469e-01
3.95899375e-07,1.88463937e-01
3.95939375e-07,1.88429500e-01
3.95979375e-07,1.88455781e-01
3.96019375e-07,1.88433125e-01
3.96059375e-07,1.88453969e-01
3.96099375e-07,1.88434031e-01
3.96139375e-07,1.88453969e-01
3.96179375e-07,1.88434031e-01
3.96219375e-07,1.88454875e-01
3.96259375e-07,1.88431313e-01
3.96299375e-07,1.88459406e-01
3.96339375e-07,1.88423156e-01
3.96379375e-07,1.88479344e-01
3.96419375e-07,1.88320750e-01
3.96459375e-07,1.88183000e-01
3.96499375e-07,1.88226500e-01
3.96539375e-07,1.88202031e-01
3.96579375e-07,1.88218344e-01
3.96619375e-07,1.88206563e-01
3.96659375e-07,1.88215625e-01
3.96699375e-07,1.88208375e-01
3.96739375e-07,1.88214719e-01
3.96779375e-07,1.88210187e-01
3.96819375e-07,1.88213812e-01
3.96859375e-07,1.88210187e-01
3.96899375e-07,1.88213812e-01
3.96939375e-07,1.88211094e-01
3.96979375e-07,1.88212906e-01
3.97019375e-07,1.88211094e-01
3.97059375e-07,1.88212906e-01
3.97099375e-07,1.88211094e-01
3.97139375e-07,1.88212906e-01
3.97179375e-07,1.88211094e-01
3.97219375e-07,1.88212906e-01
3.97259375e-07,1.88211094e-01
3.97299375e-07,1.88212906e-01
3.97339375e-07,1.88211094e-01
3.97379375e-07,1.88212000e-01
3.97419375e-07,1.88212000e-01
3.97459375e-07,1.88212000e-01
3.97499375e-07,1.88212000e-01
3.97539375e-07,1.88212000e-01
3.97579375e-07,1.88212000e-01
3.97619375e-07,1.88212000e-01
3.97659375e-07,1.88212000e-01
3.97699375e-07,1.88212000e-01
3.97739375e-07,1.88212906e-01
3.97779375e-07,1.88211094e-01
3.97819375e-07,1.88213812e-01
3.97859375e-07,1.88210187e-01
3.97899375e-07,1.88214719e-01
3.97939375e-07,1.88207469e-01
3.97979375e-07,1.88219250e-01
3.98019375e-07,1.88199312e-01
3.98059375e-07,1.88238281e-01
3.98099375e-07,1.88096906e-01
3.98139375e-07,1.87942844e-01
3.98179375e-07,1.88004469e-01
3.98219375e-07,1.87960969e-01
3.98259375e-07,1.87997219e-01
3.98299375e-07,1.87963688e-01
3.98339375e-07,1.87996312e-01
3.98379375e-07,1.87963688e-01
3.98419375e-07,1.87997219e-01
3.98459375e-07,1.87960969e-01
3.98499375e-07,1.88001750e-01
3.98539375e-07,1.87951906e-01
3.98579375e-07,1.88022594e-01
3.98619375e-07,1.87847687e-01
3.98659375e-07,1.87728969e-01
3.98699375e-07,1.87751625e-01
3.98739375e-07,1.87750719e-01
3.98779375e-07,1.87739844e-01
3.98819375e-07,1.87761594e-01
3.98859375e-07,1.87727156e-01
3.98899375e-07,1.87785156e-01
3.98939375e-07,1.87620219e-01
3.98979375e-07,1.87494250e-01
3.99019375e-07,1.87521437e-01
3.99059375e-07,1.87519625e-01
3.99099375e-07,1.87502406e-01
3.99139375e-07,1.87546812e-01
3.99179375e-07,1.87393656e-01
3.99219375e-07,1.87256813e-01
3.99259375e-07,1.87293969e-01
3.99299375e-07,1.87284000e-01
3.99339375e-07,1.87274031e-01
3.99379375e-07,1.87312094e-01
3.99419375e-07,1.87162562e-01
3.99459375e-07,1.87025719e-01
3.99499375e-07,1.87056531e-01
3.99539375e-07,1.87069219e-01
3.99579375e-07,1.86940531e-01
3.99619375e-07,1.86784656e-01
3.99659375e-07,1.86833594e-01
3.99699375e-07,1.86828156e-01
3.99739375e-07,1.86717594e-01
3.99779375e-07,1.86542687e-01
3.99819375e-07,1.86613375e-01
3.99859375e-07,1.86582562e-01
3.99899375e-07,1.86502813e-01
3.99939375e-07,1.86286219e-01
3.99979375e-07,1.86423062e-01
4.00019375e-07,1.86209187e-01
4.00059375e-07,1.86110406e-01
4.00099375e-07,1.86139406e-01
4.00139375e-07,1.86026125e-01
4.00179375e-07,1.85831281e-01
4.00219375e-07,1.85952719e-01
4.00259375e-07,1.85749719e-01
4.00299375e-07,1.85643687e-01
4.00339375e-07,1.85676312e-01
4.00379375e-07,1.85562125e-01
4.00419375e-07,1.85365469e-01
4.00459375e-07,1.85493250e-01
4.00499375e-07,1.85277562e-01
4.00539375e-07,1.85194187e-01
4.00579375e-07,1.85180594e-01
4.00619375e-07,1.85229531e-01
4.00659375e-07,1.85073656e-01
4.00699375e-07,1.84930469e-01
4.00739375e-07,1.84996625e-01
4.00779375e-07,1.84850719e-01
4.00819375e-07,1.84688500e-01
4.00859375e-07,1.84767344e-01
4.00899375e-07,1.84694844e-01
4.00939375e-07,1.84782750e-01
4.00979375e-07,1.84592437e-01
4.01019375e-07,1.84488219e-01
4.01059375e-07,1.84496375e-01
4.01099375e-07,1.84512687e-01
4.01139375e-07,1.84479156e-01
4.01179375e-07,1.84537156e-01
4.01219375e-07,1.84372219e-01
4.01259375e-07,1.84244437e-01
4.01299375e-07,1.84276156e-01
4.01339375e-07,1.84266187e-01
4.01379375e-07,1.84265281e-01
4.01419375e-07,1.84274344e-01
4.01459375e-07,1.84258937e-01
4.01499375e-07,1.84280687e-01
4.01539375e-07,1.84250781e-01
4.01579375e-07,1.84291563e-01
4.01619375e-07,1.84228125e-01
4.01659375e-07,1.84398500e-01
4.01699375e-07,1.84519938e-01
4.01739375e-07,1.84497281e-01
4.01779375e-07,1.84493656e-01
4.01819375e-07,1.84516313e-01
4.01859375e-07,1.84466469e-01
4.01899375e-07,1.84625969e-01
4.01939375e-07,1.84753750e-01
4.01979375e-07,1.84731094e-01
4.02019375e-07,1.84711156e-01
4.02059375e-07,1.84846188e-01
4.02099375e-07,1.84996625e-01
4.02139375e-07,1.84951312e-01
4.02179375e-07,1.84956750e-01
4.02219375e-07,1.85061875e-01
4.02259375e-07,1.85252187e-01
4.02299375e-07,1.85142531e-01
4.02339375e-07,1.85328313e-01
4.02379375e-07,1.85457000e-01
4.02419375e-07,1.85395375e-01
4.02459375e-07,1.85547625e-01
4.02499375e-07,1.85692625e-01
4.02539375e-07,1.85644594e-01
4.02579375e-07,1.85658187e-01
4.02619375e-07,1.85749719e-01
4.02659375e-07,1.85959062e-01
4.02699375e-07,1.85824031e-01
4.02739375e-07,1.86045156e-01
4.02779375e-07,1.86124000e-01
4.02819375e-07,1.86142125e-01
4.02859375e-07,1.86086844e-01
4.02899375e-07,1.86252687e-01
4.02939375e-07,1.86375938e-01
4.02979375e-07,1.86355094e-01
4.03019375e-07,1.86337875e-01
4.03059375e-07,1.86464750e-01
4.03099375e-07,1.86630594e-01
4.03139375e-07,1.86557187e-01
4.03179375e-07,1.86617906e-01
4.03219375e-07,1.86547219e-01
4.03259375e-07,1.86714875e-01
4.03299375e-07,1.86846281e-01
4.03339375e-07,1.86805500e-01
4.03379375e-07,1.86829969e-01
4.03419375e-07,1.86811844e-01
4.03459375e-07,1.86828156e-01
4.03499375e-07,1.86811844e-01
4.03539375e-07,1.86829969e-01
4.03579375e-07,1.86808219e-01
4.03619375e-07,1.86837219e-01
4.03659375e-07,1.86788281e-01
4.03699375e-07,1.86939625e-01
4.03739375e-07,1.87084625e-01
4.03779375e-07,1.87032969e-01
4.03819375e-07,1.87065594e-01
4.03859375e-07,1.87041125e-01
4.03899375e-07,1.87061062e-01
4.03939375e-07,1.87043844e-01
4.03979375e-07,1.87060156e-01
4.04019375e-07,1.87043844e-01
4.04059375e-07,1.87059250e-01
4.04099375e-07,1.87043844e-01
4.04139375e-07,1.87060156e-01
4.04179375e-07,1.87043844e-01
4.04219375e-07,1.87061062e-01
4.04259375e-07,1.87042031e-01
4.04299375e-07,1.87063781e-01
4.04339375e-07,1.87037500e-01
4.04379375e-07,1.87071938e-01
4.04419375e-07,1.87017562e-01
4.04459375e-07,1.87175250e-01
4.04499375e-07,1.87312094e-01
4.04539375e-07,1.87269500e-01
4.04579375e-07,1.87293062e-01
4.04619375e-07,1.87277656e-01
4.04659375e-07,1.87288531e-01
4.04699375e-07,1.87281281e-01
4.04739375e-07,1.87285813e-01
4.04779375e-07,1.87283094e-01
4.04819375e-07,1.87284000e-01
4.04859375e-07,1.87285813e-01
4.04899375e-07,1.87281281e-01
4.04939375e-07,1.87288531e-01
4.04979375e-07,1.87276750e-01
4.05019375e-07,1.87297594e-01
4.05059375e-07,1.87256813e-01
4.05099375e-07,1.87400000e-01
4.05139375e-07,1.87552250e-01
4.05179375e-07,1.87493344e-01
4.05219375e-07,1.87534125e-01
4.05259375e-07,1.87500594e-01
4.05299375e-07,1.87531406e-01
4.05339375e-07,1.87500594e-01
4.05379375e-07,1.87533219e-01
4.05419375e-07,1.87493344e-01
4.05459375e-07,1.87552250e-01
4.05499375e-07,1.87391844e-01
4.05539375e-07,1.87255906e-01
4.05579375e-07,1.87299406e-01
4.05619375e-07,1.87274031e-01
4.05659375e-07,1.87292156e-01
4.05699375e-07,1.87276750e-01
4.05739375e-07,1.87291250e-01
4.05779375e-07,1.87275844e-01
4.05819375e-07,1.87293969e-01
4.05859375e-07,1.87269500e-01
4.05899375e-07,1.87312094e-01
4.05939375e-07,1.87168000e-01
4.05979375e-07,1.87014844e-01
4.06019375e-07,1.87077375e-01
4.06059375e-07,1.87030250e-01
4.06099375e-07,1.87074656e-01
4.06139375e-07,1.87025719e-01
4.06179375e-07,1.87092781e-01
4.06219375e-07,1.86922406e-01
4.06259375e-07,1.86797344e-01
4.06299375e-07,1.86827250e-01
4.06339375e-07,1.86820000e-01
4.06379375e-07,1.86811844e-01
4.06419375e-07,1.86843563e-01
4.06459375e-07,1.86706719e-01
4.06499375e-07,1.86549031e-01
4.06539375e-07,1.86614281e-01
4.06579375e-07,1.86566250e-01
4.06619375e-07,1.86609750e-01
4.06659375e-07,1.86563531e-01
4.06699375e-07,1.86625156e-01
4.06739375e-07,1.86462938e-01
4.06779375e-07,1.86327906e-01
4.06819375e-07,1.86371406e-01
4.06859375e-07,1.86344219e-01
4.06899375e-07,1.86365969e-01
4.06939375e-07,1.86345125e-01
4.06979375e-07,1.86368687e-01
4.07019375e-07,1.86338781e-01
4.07059375e-07,1.86387719e-01
4.07099375e-07,1.86236375e-01
4.07139375e-07,1.86091375e-01
4.07179375e-07,1.86143031e-01
4.07219375e-07,1.86110406e-01
4.07259375e-07,1.86134875e-01
4.07299375e-07,1.86114937e-01
4.07339375e-07,1.86132156e-01
4.07379375e-07,1.86116750e-01
4.07419375e-07,1.86131250e-01
4.07459375e-07,1.86117656e-01
4.07499375e-07,1.86130344e-01
4.07539375e-07,1.86117656e-01
4.07579375e-07,1.86130344e-01
4.07619375e-07,1.86117656e-01
4.07659375e-07,1.86130344e-01
4.07699375e-07,1.86117656e-01
4.07739375e-07,1.86130344e-01
4.07779375e-07,1.86117656e-01
4.07819375e-07,1.86130344e-01
4.07859375e-07,1.86117656e-01
4.07899375e-07,1.86130344e-01
4.07939375e-07,1.86117656e-01
4.07979375e-07,1.86131250e-01
4.08019375e-07,1.86116750e-01
4.08059375e-07,1.86132156e-01
4.08099375e-07,1.86115844e-01
4.08139375e-07,1.86133063e-01
4.08179375e-07,1.86113125e-01
4.08219375e-07,1.86136688e-01
4.08259375e-07,1.86108594e-01
4.08299375e-07,1.86144844e-01
4.08339375e-07,1.86088656e-01
4.08379375e-07,1.86248156e-01
4.08419375e-07,1.86384094e-01
4.08459375e-07,1.86341500e-01
4.08499375e-07,1.86365062e-01
4.08539375e-07,1.86350562e-01
4.08579375e-07,1.86360531e-01
4.08619375e-07,1.86353281e-01
4.08659375e-07,1.86357812e-01
4.08699375e-07,1.86354187e-01
4.08739375e-07,1.86356906e-01
4.08779375e-07,1.86355094e-01
4.08819375e-07,1.86356000e-01
4.08859375e-07,1.86356000e-01
4.08899375e-07,1.86356000e-01
4.08939375e-07,1.86356000e-01
4.08979375e-07,1.86356000e-01
4.09019375e-07,1.86356000e-01
4.09059375e-07,1.86356906e-01
4.09099375e-07,1.86355094e-01
4.09139375e-07,1.86358719e-01
4.09179375e-07,1.86351469e-01
4.09219375e-07,1.86365969e-01
4.09259375e-07,1.86332438e-01
4.09299375e-07,1.86467469e-01
4.09339375e-07,1.86629688e-01
4.09379375e-07,1.86559906e-01
4.09419375e-07,1.86612469e-01
4.09459375e-07,1.86564437e-01
4.09499375e-07,1.86611562e-01
4.09539375e-07,1.86561719e-01
4.09579375e-07,1.86619719e-01
4.09619375e-07,1.86540875e-01
4.09659375e-07,1.86724844e-01
4.09699375e-07,1.86834500e-01
4.09739375e-07,1.86821812e-01
4.09779375e-07,1.86810031e-01
4.09819375e-07,1.86839031e-01
4.09859375e-07,1.86783750e-01
4.09899375e-07,1.86947781e-01
4.09939375e-07,1.87074656e-01
4.09979375e-07,1.87046562e-01
4.10019375e-07,1.87048375e-01
4.10059375e-07,1.87064687e-01
4.10099375e-07,1.87021187e-01
4.10139375e-07,1.87173437e-01
4.10179375e-07,1.87312094e-01
4.10219375e-07,1.87273125e-01
4.10259375e-07,1.87285813e-01
4.10299375e-07,1.87291250e-01
4.10339375e-07,1.87259531e-01
4.10379375e-07,1.87399094e-01
4.10419375e-07,1.87550438e-01
4.10459375e-07,1.87496969e-01
4.10499375e-07,1.87527781e-01
4.10539375e-07,1.87509656e-01
4.10579375e-07,1.87516906e-01
4.10619375e-07,1.87522344e-01
4.10659375e-07,1.87493344e-01
4.10699375e-07,1.87628375e-01
4.10739375e-07,1.87786969e-01
4.10779375e-07,1.87724438e-01
4.10819375e-07,1.87765219e-01
4.10859375e-07,1.87734406e-01
4.10899375e-07,1.87758875e-01
4.10939375e-07,1.87739844e-01
4.10979375e-07,1.87754344e-01
4.11019375e-07,1.87744375e-01
4.11059375e-07,1.87748000e-01
4.11099375e-07,1.87754344e-01
4.11139375e-07,1.87726250e-01
4.11179375e-07,1.87858562e-01
4.11219375e-07,1.88020781e-01
4.11259375e-07,1.87953719e-01
4.11299375e-07,1.88000844e-01
4.11339375e-07,1.87961875e-01
4.11379375e-07,1.87995406e-01
4.11419375e-07,1.87965500e-01
4.11459375e-07,1.87993594e-01
4.11499375e-07,1.87967312e-01
4.11539375e-07,1.87991781e-01
4.11579375e-07,1.87968219e-01
4.11619375e-07,1.87990875e-01
4.11659375e-07,1.87969125e-01
4.11699375e-07,1.87989969e-01
4.11739375e-07,1.87970031e-01
4.11779375e-07,1.87989969e-01
4.11819375e-07,1.87970937e-01
4.11859375e-07,1.87989062e-01
4.11899375e-07,1.87970937e-01
4.11939375e-07,1.87989062e-01
4.11979375e-07,1.87970937e-01
4.12019375e-07,1.87989062e-01
4.12059375e-07,1.87970937e-01
4.12099375e-07,1.87989062e-01
4.12139375e-07,1.87970937e-01
4.12179375e-07,1.87989062e-01
4.12219375e-07,1.87970937e-01
4.12259375e-07,1.87989062e-01
4.12299375e-07,1.87970937e-01
4.12339375e-07,1.87989062e-01
4.12379375e-07,1.87970937e-01
4.12419375e-07,1.87989062e-01
4.12459375e-07,1.87970937e-01
4.12499375e-07,1.87989969e-01
4.12539375e-07,1.87970031e-01
4.12579375e-07,1.87990875e-01
4.12619375e-07,1.87968219e-01
4.12659375e-07,1.87992688e-01
4.12699375e-07,1.87965500e-01
4.12739375e-07,1.87997219e-01
4.12779375e-07,1.87957344e-01
4.12819375e-07,1.88017156e-01
4.12859375e-07,1.87854937e-01
4.12899375e-07,1.87720813e-01
4.12939375e-07,1.87761594e-01
4.12979375e-07,1.87739844e-01
4.13019375e-07,1.87754344e-01
4.13059375e-07,1.87743469e-01
4.13099375e-07,1.87752531e-01
4.13139375e-07,1.87742562e-01
4.13179375e-07,1.87755250e-01
4.13219375e-07,1.87736219e-01
4.13259375e-07,1.87773375e-01
4.13299375e-07,1.87633812e-01
4.13339375e-07,1.87477031e-01
4.13379375e-07,1.87542281e-01
4.13419375e-07,1.87494250e-01
4.13459375e-07,1.87536844e-01
4.13499375e-07,1.87495156e-01
4.13539375e-07,1.87538656e-01
4.13579375e-07,1.87487906e-01
4.13619375e-07,1.87558594e-01
4.13659375e-07,1.87385500e-01
4.13699375e-07,1.87263156e-01
4.13739375e-07,1.87291250e-01
4.13779375e-07,1.87282188e-01
4.13819375e-07,1.87282188e-01
4.13859375e-07,1.87287625e-01
4.13899375e-07,1.87277656e-01
4.13939375e-07,1.87292156e-01
4.13979375e-07,1.87273125e-01
4.14019375e-07,1.87297594e-01
4.14059375e-07,1.87264062e-01
4.14099375e-07,1.87318437e-01
4.14139375e-07,1.87159844e-01
4.14179375e-07,1.87023906e-01
4.14219375e-07,1.87065594e-01
4.14259375e-07,1.87043844e-01
4.14299375e-07,1.87056531e-01
4.14339375e-07,1.87049281e-01
4.14379375e-07,1.87052906e-01
4.14419375e-07,1.87052000e-01
4.14459375e-07,1.87050187e-01
4.14499375e-07,1.87054719e-01
4.14539375e-07,1.87047469e-01
4.14579375e-07,1.87057438e-01
4.14619375e-07,1.87043844e-01
4.14659375e-07,1.87062875e-01
4.14699375e-07,1.87034781e-01
4.14739375e-07,1.87083719e-01
4.14779375e-07,1.86931469e-01
4.14819375e-07,1.86788281e-01
4.14859375e-07,1.86837219e-01
4.14899375e-07,1.86808219e-01
4.14939375e-07,1.86829063e-01
4.14979375e-07,1.86812750e-01
4.15019375e-07,1.86825437e-01
4.15059375e-07,1.86815469e-01
4.15099375e-07,1.86823625e-01
4.15139375e-07,1.86816375e-01
4.15179375e-07,1.86822719e-01
4.15219375e-07,1.86817281e-01
4.15259375e-07,1.86821812e-01
4.15299375e-07,1.86818188e-01
4.15339375e-07,1.86821812e-01
4.15379375e-07,1.86819094e-01
4.15419375e-07,1.86820906e-01
4.15459375e-07,1.86819094e-01
4.15499375e-07,1.86820906e-01
4.15539375e-07,1.86820000e-01
4.15579375e-07,1.86820000e-01
4.15619375e-07,1.86820000e-01
4.15659375e-07,1.86820000e-01
4.15699375e-07,1.86820000e-01
4.15739375e-07,1.86820000e-01
4.15779375e-07,1.86820906e-01
4.15819375e-07,1.86819094e-01
4.15859375e-07,1.86820906e-01
4.15899375e-07,1.86819094e-01
4.15939375e-07,1.86820906e-01
4.15979375e-07,1.86819094e-01
4.16019375e-07,1.86820906e-01
4.16059375e-07,1.86819094e-01
4.16099375e-07,1.86821812e-01
4.16139375e-07,1.86818188e-01
4.16179375e-07,1.86821812e-01
4.16219375e-07,1.86818188e-01
4.16259375e-07,1.86821812e-01
4.16299375e-07,1.86818188e-01
4.16339375e-07,1.86821812e-01
4.16379375e-07,1.86818188e-01
4.16419375e-07,1.86822719e-01
4.16459375e-07,1.86817281e-01
4.16499375e-07,1.86822719e-01
4.16539375e-07,1.86817281e-01
4.16579375e-07,1.86822719e-01
4.16619375e-07,1.86816375e-01
4.16659375e-07,1.86823625e-01
4.16699375e-07,1.86816375e-01
4.16739375e-07,1.86823625e-01
4.16779375e-07,1.86815469e-01
4.16819375e-07,1.86824531e-01
4.16859375e-07,1.86814563e-01
4.16899375e-07,1.86825437e-01
4.16939375e-07,1.86813656e-01
4.16979375e-07,1.86827250e-01
4.17019375e-07,1.86811844e-01
4.17059375e-07,1.86829063e-01
4.17099375e-07,1.86809125e-01
4.17139375e-07,1.86834500e-01
4.17179375e-07,1.86800063e-01
4.17219375e-07,1.86854437e-01
4.17259375e-07,1.86696750e-01
4.17299375e-07,1.86559906e-01
4.17339375e-07,1.86602500e-01
4.17379375e-07,1.86578937e-01
4.17419375e-07,1.86593437e-01
4.17459375e-07,1.86584375e-01
4.17499375e-07,1.86589813e-01
4.17539375e-07,1.86587094e-01
4.17579375e-07,1.86588000e-01
4.17619375e-07,1.86589813e-01
4.17659375e-07,1.86585281e-01
4.17699375e-07,1.86592531e-01
4.17739375e-07,1.86581656e-01
4.17779375e-07,1.86597969e-01
4.17819375e-07,1.86572594e-01
4.17859375e-07,1.86617906e-01
4.17899375e-07,1.86469281e-01
4.17939375e-07,1.86323375e-01
4.17979375e-07,1.86375031e-01
4.18019375e-07,1.86342406e-01
4.18059375e-07,1.86365969e-01
4.18099375e-07,1.86347844e-01
4.18139375e-07,1.86363250e-01
4.18179375e-07,1.86349656e-01
4.18219375e-07,1.86361438e-01
4.18259375e-07,1.86351469e-01
4.18299375e-07,1.86360531e-01
4.18339375e-07,1.86352375e-01
4.18379375e-07,1.86359625e-01
4.18419375e-07,1.86352375e-01
4.18459375e-07,1.86358719e-01
4.18499375e-07,1.86353281e-01
4.18539375e-07,1.86358719e-01
4.18579375e-07,1.86353281e-01
4.18619375e-07,1.86357812e-01
4.18659375e-07,1.86354187e-01
4.18699375e-07,1.86357812e-01
4.18739375e-07,1.86354187e-01
4.18779375e-07,1.86357812e-01
4.18819375e-07,1.86354187e-01
4.18859375e-07,1.86357812e-01
4.18899375e-07,1.86355094e-01
4.18939375e-07,1.86356906e-01
4.18979375e-07,1.86355094e-01
4.19019375e-07,1.86356906e-01
4.19059375e-07,1.86355094e-01
4.19099375e-07,1.86356906e-01
4.19139375e-07,1.86355094e-01
4.19179375e-07,1.86356906e-01
4.19219375e-07,1.86355094e-01
4.19259375e-07,1.86356906e-01
4.19299375e-07,1.86356000e-01
4.19339375e-07,1.86356000e-01
4.19379375e-07,1.86356000e-01
4.19419375e-07,1.86356000e-01
4.19459375e-07,1.86356000e-01
4.19499375e-07,1.86356000e-01
4.19539375e-07,1.86356000e-01
4.19579375e-07,1.86356000e-01
4.19619375e-07,1.86356000e-01
4.19659375e-07,1.86356000e-01
4.19699375e-07,1.86356000e-01
4.19739375e-07,1.86355094e-01
4.19779375e-07,1.86356906e-01
4.19819375e-07,1.86355094e-01
4.19859375e-07,1.86356906e-01
4.19899375e-07,1.86355094e-01
4.19939375e-07,1.86356906e-01
4.19979375e-07,1.86355094e-01
4.20019375e-07,1.86356906e-01
4.20059375e-07,1.86355094e-01
4.20099375e-07,1.86357812e-01
4.20139375e-07,1.86354187e-01
4.20179375e-07,1.86357812e-01
4.20219375e-07,1.86354187e-01
4.20259375e-07,1.86357812e-01
4.20299375e-07,1.86354187e-01
4.20339375e-07,1.86358719e-01
4.20379375e-07,1.86353281e-01
4.20419375e-07,1.86358719e-01
4.20459375e-07,1.86353281e-01
4.20499375e-07,1.86359625e-01
4.20539375e-07,1.86352375e-01
4.20579375e-07,1.86359625e-01
4.20619375e-07,1.86351469e-01
4.20659375e-07,1.86360531e-01
4.20699375e-07,1.86350562e-01
4.20739375e-07,1.86362344e-01
4.20779375e-07,1.86348750e-01
4.20819375e-07,1.86365062e-01
4.20859375e-07,1.86345125e-01
4.20899375e-07,1.86369594e-01
4.20939375e-07,1.86336969e-01
4.20979375e-07,1.86390438e-01
4.21019375e-07,1.86232750e-01
4.21059375e-07,1.86095000e-01
4.21099375e-07,1.86138500e-01
4.21139375e-07,1.86115844e-01
4.21179375e-07,1.86129437e-01
4.21219375e-07,1.86121281e-01
4.21259375e-07,1.86124906e-01
4.21299375e-07,1.86125812e-01
4.21339375e-07,1.86120375e-01
4.21379375e-07,1.86131250e-01
4.21419375e-07,1.86110406e-01
4.21459375e-07,1.86152094e-01
4.21499375e-07,1.86007094e-01
4.21539375e-07,1.85857562e-01
4.21579375e-07,1.85912844e-01
4.21619375e-07,1.85877500e-01
4.21659375e-07,1.85903781e-01
4.21699375e-07,1.85882031e-01
4.21739375e-07,1.85900156e-01
4.21779375e-07,1.85884750e-01
4.21819375e-07,1.85899250e-01
4.21859375e-07,1.85885656e-01
4.21899375e-07,1.85897437e-01
4.21939375e-07,1.85886562e-01
4.21979375e-07,1.85896531e-01
4.22019375e-07,1.85887469e-01
4.22059375e-07,1.85896531e-01
4.22099375e-07,1.85888375e-01
4.22139375e-07,1.85895625e-01
4.22179375e-07,1.85888375e-01
4.22219375e-07,1.85895625e-01
4.22259375e-07,1.85888375e-01
4.22299375e-07,1.85894719e-01
4.22339375e-07,1.85889281e-01
4.22379375e-07,1.85894719e-01
4.22419375e-07,1.85889281e-01
4.22459375e-07,1.85894719e-01
4.22499375e-07,1.85889281e-01
4.22539375e-07,1.85894719e-01
4.22579375e-07,1.85889281e-01
4.22619375e-07,1.85894719e-01
4.22659375e-07,1.85889281e-01
4.22699375e-07,1.85894719e-01
4.22739375e-07,1.85888375e-01
4.22779375e-07,1.85895625e-01
4.22819375e-07,1.85887469e-01
4.22859375e-07,1.85897437e-01
4.22899375e-07,1.85883844e-01
4.22939375e-07,1.85904687e-01
4.22979375e-07,1.85865719e-01
4.23019375e-07,1.86006188e-01
4.23059375e-07,1.86162969e-01
4.23099375e-07,1.86096812e-01
4.23139375e-07,1.86147563e-01
4.23179375e-07,1.86099531e-01
4.23219375e-07,1.86153000e-01
4.23259375e-07,1.86080500e-01
4.23299375e-07,1.86256312e-01
4.23339375e-07,1.86375031e-01
4.23379375e-07,1.86352375e-01
4.23419375e-07,1.86350562e-01
4.23459375e-07,1.86369594e-01
4.23499375e-07,1.86325187e-01
4.23539375e-07,1.86477438e-01
4.23579375e-07,1.86617000e-01
4.23619375e-07,1.86575313e-01
4.23659375e-07,1.86591625e-01
4.23699375e-07,1.86593437e-01
4.23739375e-07,1.86565344e-01
4.23779375e-07,1.86701281e-01
4.23819375e-07,1.86856250e-01
4.23859375e-07,1.86799156e-01
4.23899375e-07,1.86831781e-01
4.23939375e-07,1.86817281e-01
4.23979375e-07,1.86807312e-01
4.24019375e-07,1.86923312e-01
4.24059375e-07,1.87100938e-01
4.24099375e-07,1.87017562e-01
4.24139375e-07,1.87081000e-01
4.24179375e-07,1.87024812e-01
4.24219375e-07,1.87079187e-01
4.24259375e-07,1.87023906e-01
4.24299375e-07,1.87084625e-01
4.24339375e-07,1.87005781e-01
4.24379375e-07,1.87186125e-01
4.24419375e-07,1.87302125e-01
4.24459375e-07,1.87279469e-01
4.24499375e-07,1.87283094e-01
4.24539375e-07,1.87287625e-01
4.24579375e-07,1.87278562e-01
4.24619375e-07,1.87290344e-01
4.24659375e-07,1.87276750e-01
4.24699375e-07,1.87292156e-01
4.24739375e-07,1.87274031e-01
4.24779375e-07,1.87294875e-01
4.24819375e-07,1.87271313e-01
4.24859375e-07,1.87300313e-01
4.24899375e-07,1.87262250e-01
4.24939375e-07,1.87320250e-01
4.24979375e-07,1.87158938e-01
4.25019375e-07,1.87024812e-01
4.25059375e-07,1.87065594e-01
4.25099375e-07,1.87043844e-01
4.25139375e-07,1.87056531e-01
4.25179375e-07,1.87049281e-01
4.25219375e-07,1.87053812e-01
4.25259375e-07,1.87051094e-01
4.25299375e-07,1.87052906e-01
4.25339375e-07,1.87052000e-01
4.25379375e-07,1.87052000e-01
4.25419375e-07,1.87052906e-01
4.25459375e-07,1.87051094e-01
4.25499375e-07,1.87052906e-01
4.25539375e-07,1.87051094e-01
4.25579375e-07,1.87053812e-01
4.25619375e-07,1.87050187e-01
4.25659375e-07,1.87053812e-01
4.25699375e-07,1.87050187e-01
4.25739375e-07,1.87053812e-01
4.25779375e-07,1.87050187e-01
4.25819375e-07,1.87053812e-01
4.25859375e-07,1.87050187e-01
4.25899375e-07,1.87053812e-01
4.25939375e-07,1.87050187e-01
4.25979375e-07,1.87052906e-01
4.26019375e-07,1.87051094e-01
4.26059375e-07,1.87052000e-01
4.26099375e-07,1.87053812e-01
4.26139375e-07,1.87048375e-01
4.26179375e-07,1.87061062e-01
4.26219375e-07,1.87029344e-01
4.26259375e-07,1.87162562e-01
4.26299375e-07,1.87326594e-01
4.26339375e-07,1.87253188e-01
4.26379375e-07,1.87311188e-01
4.26419375e-07,1.87255906e-01
4.26459375e-07,1.87316625e-01
4.26499375e-07,1.87237781e-01
4.26539375e-07,1.87419031e-01
4.26579375e-07,1.87532312e-01
4.26619375e-07,1.87515094e-01
4.26659375e-07,1.87508750e-01
4.26699375e-07,1.87532312e-01
4.26739375e-07,1.87483375e-01
4.26779375e-07,1.87639250e-01
4.26819375e-07,1.87775187e-01
4.26859375e-07,1.87736219e-01
4.26899375e-07,1.87750719e-01
4.26939375e-07,1.87753438e-01
4.26979375e-07,1.87727156e-01
4.27019375e-07,1.87858562e-01
4.27059375e-07,1.88020781e-01
4.27099375e-07,1.87951906e-01
4.27139375e-07,1.88003562e-01
4.27179375e-07,1.87957344e-01
4.27219375e-07,1.88006281e-01
4.27259375e-07,1.87941031e-01
4.27299375e-07,1.88106875e-01
4.27339375e-07,1.88238281e-01
4.27379375e-07,1.88199312e-01
4.27419375e-07,1.88220156e-01
4.27459375e-07,1.88206563e-01
4.27499375e-07,1.88216531e-01
4.27539375e-07,1.88208375e-01
4.27579375e-07,1.88215625e-01
4.27619375e-07,1.88209281e-01
4.27659375e-07,1.88214719e-01
4.27699375e-07,1.88209281e-01
4.27739375e-07,1.88214719e-01
4.27779375e-07,1.88209281e-01
4.27819375e-07,1.88214719e-01
4.27859375e-07,1.88209281e-01
4.27899375e-07,1.88214719e-01
4.27939375e-07,1.88209281e-01
4.27979375e-07,1.88214719e-01
4.28019375e-07,1.88209281e-01
4.28059375e-07,1.88215625e-01
4.28099375e-07,1.88208375e-01
4.28139375e-07,1.88215625e-01
4.28179375e-07,1.88207469e-01
4.28219375e-07,1.88216531e-01
4.28259375e-07,1.88207469e-01
4.28299375e-07,1.88217438e-01
4.28339375e-07,1.88205656e-01
4.28379375e-07,1.88219250e-01
4.28419375e-07,1.88202938e-01
4.28459375e-07,1.88223781e-01
4.28499375e-07,1.88194781e-01
4.28539375e-07,1.88243719e-01
4.28579375e-07,1.88091469e-01
4.28619375e-07,1.87948281e-01
4.28659375e-07,1.87998125e-01
4.28699375e-07,1.87967312e-01
4.28739375e-07,1.87990875e-01
4.28779375e-07,1.87970031e-01
4.28819375e-07,1.87989969e-01
4.28859375e-07,1.87970031e-01
4.28899375e-07,1.87992688e-01
4.28939375e-07,1.87962781e-01
4.28979375e-07,1.88010812e-01
4.29019375e-07,1.87861281e-01
4.29059375e-07,1.87714469e-01
4.29099375e-07,1.87768844e-01
4.29139375e-07,1.87731687e-01
4.29179375e-07,1.87762500e-01
4.29219375e-07,1.87734406e-01
4.29259375e-07,1.87761594e-01
4.29299375e-07,1.87733500e-01
4.29339375e-07,1.87765219e-01
4.29379375e-07,1.87725344e-01
4.29419375e-07,1.87785156e-01
4.29459375e-07,1.87622031e-01
4.29499375e-07,1.87490625e-01
4.29539375e-07,1.87527781e-01
4.29579375e-07,1.87510563e-01
4.29619375e-07,1.87518719e-01
4.29659375e-07,1.87516906e-01
4.29699375e-07,1.87512375e-01
4.29739375e-07,1.87523250e-01
4.29779375e-07,1.87503312e-01
4.29819375e-07,1.87543187e-01
4.29859375e-07,1.87400000e-01
4.29899375e-07,1.87247750e-01
4.29939375e-07,1.87306656e-01
4.29979375e-07,1.87266781e-01
4.30019375e-07,1.87299406e-01
4.30059375e-07,1.87268594e-01
4.30099375e-07,1.87300313e-01
4.30139375e-07,1.87263156e-01
4.30179375e-07,1.87318437e-01
4.30219375e-07,1.87162562e-01
4.30259375e-07,1.87021187e-01
4.30299375e-07,1.87070125e-01
4.30339375e-07,1.87037500e-01
4.30379375e-07,1.87064687e-01
4.30419375e-07,1.87038406e-01
4.30459375e-07,1.87067406e-01
4.30499375e-07,1.87032062e-01
4.30539375e-07,1.87086438e-01
4.30579375e-07,1.86929656e-01
4.30619375e-07,1.86790094e-01
4.30659375e-07,1.86836312e-01
4.30699375e-07,1.86809125e-01
4.30739375e-07,1.86828156e-01
4.30779375e-07,1.86813656e-01
4.30819375e-07,1.86825437e-01
4.30859375e-07,1.86815469e-01
4.30899375e-07,1.86823625e-01
4.30939375e-07,1.86816375e-01
4.30979375e-07,1.86822719e-01
4.31019375e-07,1.86817281e-01
4.31059375e-07,1.86822719e-01
4.31099375e-07,1.86818188e-01
4.31139375e-07,1.86821812e-01
4.31179375e-07,1.86818188e-01
4.31219375e-07,1.86821812e-01
4.31259375e-07,1.86819094e-01
4.31299375e-07,1.86820906e-01
4.31339375e-07,1.86819094e-01
4.31379375e-07,1.86820906e-01
4.31419375e-07,1.86820000e-01
4.31459375e-07,1.86820000e-01
4.31499375e-07,1.86820000e-01
4.31539375e-07,1.86819094e-01
4.31579375e-07,1.86821812e-01
4.31619375e-07,1.86817281e-01
4.31659375e-07,1.86824531e-01
4.31699375e-07,1.86813656e-01
4.31739375e-07,1.86831781e-01
4.31779375e-07,1.86794625e-01
4.31819375e-07,1.86934187e-01
4.31859375e-07,1.87090969e-01
4.31899375e-07,1.87025719e-01
4.31939375e-07,1.87075562e-01
4.31979375e-07,1.87028438e-01
4.32019375e-07,1.87080094e-01
4.32059375e-07,1.87010312e-01
4.32099375e-07,1.87181594e-01
4.32139375e-07,1.87305750e-01
4.32179375e-07,1.87276750e-01
4.32219375e-07,1.87284000e-01
4.32259375e-07,1.87292156e-01
4.32299375e-07,1.87261344e-01
4.32339375e-07,1.87395469e-01
4.32379375e-07,1.87557687e-01
4.32419375e-07,1.87486094e-01
4.32459375e-07,1.87545000e-01
4.32499375e-07,1.87475219e-01
4.32539375e-07,1.87642875e-01
4.32579375e-07,1.87775187e-01
4.32619375e-07,1.87732594e-01
4.32659375e-07,1.87760687e-01
4.32699375e-07,1.87735313e-01
4.32739375e-07,1.87765219e-01
4.32779375e-07,1.87718094e-01
4.32819375e-07,1.87865813e-01
4.32859375e-07,1.88015344e-01
4.32899375e-07,1.87957344e-01
4.32939375e-07,1.87998125e-01
4.32979375e-07,1.87963688e-01
4.33019375e-07,1.87997219e-01
4.33059375e-07,1.87960969e-01
4.33099375e-07,1.88004469e-01
4.33139375e-07,1.87941937e-01
4.33179375e-07,1.88106875e-01
4.33219375e-07,1.88237375e-01
4.33259375e-07,1.88201125e-01
4.33299375e-07,1.88217438e-01
4.33339375e-07,1.88210187e-01
4.33379375e-07,1.88210187e-01
4.33419375e-07,1.88217438e-01
4.33459375e-07,1.88201125e-01
4.33499375e-07,1.88237375e-01
4.33539375e-07,1.88097812e-01
4.33579375e-07,1.87941937e-01
4.33619375e-07,1.88004469e-01
4.33659375e-07,1.87960062e-01
4.33699375e-07,1.87998125e-01
4.33739375e-07,1.87961875e-01
4.33779375e-07,1.87999937e-01
4.33819375e-07,1.87954625e-01
4.33859375e-07,1.88018969e-01
4.33899375e-07,1.87852219e-01
4.33939375e-07,1.87724438e-01
4.33979375e-07,1.87757062e-01
4.34019375e-07,1.87747094e-01
4.34059375e-07,1.87741656e-01
4.34099375e-07,1.87769750e-01
4.34139375e-07,1.87637438e-01
4.34179375e-07,1.87473406e-01
4.34219375e-07,1.87546812e-01
4.34259375e-07,1.87486094e-01
4.34299375e-07,1.87556781e-01
4.34339375e-07,1.87389125e-01
4.34379375e-07,1.87255906e-01
4.34419375e-07,1.87302125e-01
4.34459375e-07,1.87265875e-01
4.34499375e-07,1.87313906e-01
4.34539375e-07,1.87168000e-01
4.34579375e-07,1.87014844e-01
4.34619375e-07,1.87077375e-01
4.34659375e-07,1.87029344e-01
4.34699375e-07,1.87074656e-01
4.34739375e-07,1.87024812e-01
4.34779375e-07,1.87092781e-01
4.34819375e-07,1.86922406e-01
4.34859375e-07,1.86797344e-01
4.34899375e-07,1.86829063e-01
4.34939375e-07,1.86816375e-01
4.34979375e-07,1.86820000e-01
4.35019375e-07,1.86822719e-01
4.35059375e-07,1.86814563e-01
4.35099375e-07,1.86829063e-01
4.35139375e-07,1.86804594e-01
4.35179375e-07,1.86849906e-01
4.35219375e-07,1.86701281e-01
4.35259375e-07,1.86554469e-01
4.35299375e-07,1.86607031e-01
4.35339375e-07,1.86574406e-01
4.35379375e-07,1.86598875e-01
4.35419375e-07,1.86578937e-01
4.35459375e-07,1.86596156e-01
4.35499375e-07,1.86579844e-01
4.35539375e-07,1.86596156e-01
4.35579375e-07,1.86579844e-01
4.35619375e-07,1.86597969e-01
4.35659375e-07,1.86576219e-01
4.35699375e-07,1.86605219e-01
4.35739375e-07,1.86557187e-01
4.35779375e-07,1.86707625e-01
4.35819375e-07,1.86853531e-01
4.35859375e-07,1.86800063e-01
4.35899375e-07,1.86835406e-01
4.35939375e-07,1.86807312e-01
4.35979375e-07,1.86831781e-01
4.36019375e-07,1.86808219e-01
4.36059375e-07,1.86831781e-01
4.36099375e-07,1.86807312e-01
4.36139375e-07,1.86834500e-01
4.36179375e-07,1.86802781e-01
4.36219375e-07,1.86842656e-01
4.36259375e-07,1.86782844e-01
4.36299375e-07,1.86946875e-01
4.36339375e-07,1.87077375e-01
4.36379375e-07,1.87041125e-01
4.36419375e-07,1.87055625e-01
4.36459375e-07,1.87052000e-01
4.36499375e-07,1.87047469e-01
4.36539375e-07,1.87063781e-01
4.36579375e-07,1.87025719e-01
4.36619375e-07,1.87167094e-01
4.36659375e-07,1.87321156e-01
4.36699375e-07,1.87260437e-01
4.36739375e-07,1.87303031e-01
4.36779375e-07,1.87264969e-01
4.36819375e-07,1.87305750e-01
4.36859375e-07,1.87249562e-01
4.36899375e-07,1.87405437e-01
4.36939375e-07,1.87548625e-01
4.36979375e-07,1.87495156e-01
4.37019375e-07,1.87534125e-01
4.37059375e-07,1.87496969e-01
4.37099375e-07,1.87539563e-01
4.37139375e-07,1.87478844e-01
4.37179375e-07,1.87641969e-01
4.37219375e-07,1.87773375e-01
4.37259375e-07,1.87737125e-01
4.37299375e-07,1.87752531e-01
4.37339375e-07,1.87748000e-01
4.37379375e-07,1.87743469e-01
4.37419375e-07,1.87758875e-01
4.37459375e-07,1.87721719e-01
4.37499375e-07,1.87864000e-01
4.37539375e-07,1.88016250e-01
4.37579375e-07,1.87958250e-01
4.37619375e-07,1.87996312e-01
4.37659375e-07,1.87967312e-01
4.37699375e-07,1.87990875e-01
4.37739375e-07,1.87970937e-01
4.37779375e-07,1.87988156e-01
4.37819375e-07,1.87972750e-01
4.37859375e-07,1.87987250e-01
4.37899375e-07,1.87973656e-01
4.37939375e-07,1.87985437e-01
4.37979375e-07,1.87974562e-01
4.38019375e-07,1.87985437e-01
4.38059375e-07,1.87975469e-01
4.38099375e-07,1.87984531e-01
4.38139375e-07,1.87976375e-01
4.38179375e-07,1.87983625e-01
4.38219375e-07,1.87976375e-01
4.38259375e-07,1.87982719e-01
4.38299375e-07,1.87977281e-01
4.38339375e-07,1.87981812e-01
4.38379375e-07,1.87979094e-01
4.38419375e-07,1.87980000e-01
4.38459375e-07,1.87980906e-01
4.38499375e-07,1.87977281e-01
4.38539375e-07,1.87985437e-01
4.38579375e-07,1.87969125e-01
4.38619375e-07,1.88005375e-01
4.38659375e-07,1.87866719e-01
4.38699375e-07,1.87709031e-01
4.38739375e-07,1.87773375e-01
4.38779375e-07,1.87727156e-01
4.38819375e-07,1.87767031e-01
4.38859375e-07,1.87728969e-01
4.38899375e-07,1.87768844e-01
4.38939375e-07,1.87722625e-01
4.38979375e-07,1.87786969e-01
4.39019375e-07,1.87621125e-01
4.39059375e-07,1.87489719e-01
4.39099375e-07,1.87529594e-01
4.39139375e-07,1.87506937e-01
4.39179375e-07,1.87523250e-01
4.39219375e-07,1.87508750e-01
4.39259375e-07,1.87525063e-01
4.39299375e-07,1.87502406e-01
4.39339375e-07,1.87543187e-01
4.39379375e-07,1.87400906e-01
4.39419375e-07,1.87245937e-01
4.39459375e-07,1.87309375e-01
4.39499375e-07,1.87263156e-01
4.39539375e-07,1.87303937e-01
4.39579375e-07,1.87264062e-01
4.39619375e-07,1.87305750e-01
4.39659375e-07,1.87256813e-01
4.39699375e-07,1.87324781e-01
4.39739375e-07,1.87154406e-01
4.39779375e-07,1.87029344e-01
4.39819375e-07,1.87061062e-01
4.39859375e-07,1.87049281e-01
4.39899375e-07,1.87052000e-01
4.39939375e-07,1.87054719e-01
4.39979375e-07,1.87047469e-01
4.40019375e-07,1.87058344e-01
4.40059375e-07,1.87043844e-01
4.40099375e-07,1.87063781e-01
4.40139375e-07,1.87033875e-01
4.40179375e-07,1.87084625e-01
4.40219375e-07,1.86930563e-01
4.40259375e-07,1.86789188e-01
4.40299375e-07,1.86836312e-01
4.40339375e-07,1.86809125e-01
4.40379375e-07,1.86828156e-01
4.40419375e-07,1.86814563e-01
4.40459375e-07,1.86824531e-01
4.40499375e-07,1.86816375e-01
4.40539375e-07,1.86822719e-01
4.40579375e-07,1.86818188e-01
4.40619375e-07,1.86821812e-01
4.40659375e-07,1.86819094e-01
4.40699375e-07,1.86820906e-01
4.40739375e-07,1.86820000e-01
4.40779375e-07,1.86820000e-01
4.40819375e-07,1.86820000e-01
4.40859375e-07,1.86819094e-01
4.40899375e-07,1.86820906e-01
4.40939375e-07,1.86818188e-01
4.40979375e-07,1.86821812e-01
4.41019375e-07,1.86817281e-01
4.41059375e-07,1.86823625e-01
4.41099375e-07,1.86816375e-01
4.41139375e-07,1.86824531e-01
4.41179375e-07,1.86813656e-01
4.41219375e-07,1.86828156e-01
4.41259375e-07,1.86809125e-01
4.41299375e-07,1.86837219e-01
4.41339375e-07,1.86788281e-01
4.41379375e-07,1.86940531e-01
4.41419375e-07,1.87083719e-01
4.41459375e-07,1.87034781e-01
4.41499375e-07,1.87063781e-01
4.41539375e-07,1.87043844e-01
4.41579375e-07,1.87058344e-01
4.41619375e-07,1.87047469e-01
4.41659375e-07,1.87054719e-01
4.41699375e-07,1.87052000e-01
4.41739375e-07,1.87049281e-01
4.41779375e-07,1.87061062e-01
4.41819375e-07,1.87029344e-01
4.41859375e-07,1.87163469e-01
4.41899375e-07,1.87324781e-01
4.41939375e-07,1.87256813e-01
4.41979375e-07,1.87306656e-01
4.42019375e-07,1.87263156e-01
4.42059375e-07,1.87304844e-01
4.42099375e-07,1.87261344e-01
4.42139375e-07,1.87312094e-01
4.42179375e-07,1.87242313e-01
4.42219375e-07,1.87414500e-01
4.42259375e-07,1.87538656e-01
4.42299375e-07,1.87507844e-01
4.42339375e-07,1.87518719e-01
4.42379375e-07,1.87516000e-01
4.42419375e-07,1.87513281e-01
4.42459375e-07,1.87520531e-01
4.42499375e-07,1.87509656e-01
4.42539375e-07,1.87524156e-01
4.42579375e-07,1.87504219e-01
4.42619375e-07,1.87533219e-01
4.42659375e-07,1.87484281e-01
4.42699375e-07,1.87637438e-01
4.42739375e-07,1.87778813e-01
4.42779375e-07,1.87730781e-01
4.42819375e-07,1.87759781e-01
4.42859375e-07,1.87739844e-01
4.42899375e-07,1.87754344e-01
4.42939375e-07,1.87742562e-01
4.42979375e-07,1.87752531e-01
4.43019375e-07,1.87744375e-01
4.43059375e-07,1.87750719e-01
4.43099375e-07,1.87745281e-01
4.43139375e-07,1.87749813e-01
4.43179375e-07,1.87746187e-01
4.43219375e-07,1.87749813e-01
4.43259375e-07,1.87747094e-01
4.43299375e-07,1.87748906e-01
4.43339375e-07,1.87747094e-01
4.43379375e-07,1.87748000e-01
4.43419375e-07,1.87748000e-01
4.43459375e-07,1.87748000e-01
4.43499375e-07,1.87748906e-01
4.43539375e-07,1.87747094e-01
4.43579375e-07,1.87749813e-01
4.43619375e-07,1.87745281e-01
4.43659375e-07,1.87751625e-01
4.43699375e-07,1.87742562e-01
4.43739375e-07,1.87756156e-01
4.43779375e-07,1.87734406e-01
4.43819375e-07,1.87775187e-01
4.43859375e-07,1.87632000e-01
4.43899375e-07,1.87478844e-01
4.43939375e-07,1.87539563e-01
4.43979375e-07,1.87496063e-01
4.44019375e-07,1.87535937e-01
4.44059375e-07,1.87492437e-01
4.44099375e-07,1.87551344e-01
4.44139375e-07,1.87392750e-01
4.44179375e-07,1.87252281e-01
4.44219375e-07,1.87304844e-01
4.44259375e-07,1.87263156e-01
4.44299375e-07,1.87315719e-01
4.44339375e-07,1.87166187e-01
4.44379375e-07,1.87014844e-01
4.44419375e-07,1.87079187e-01
4.44459375e-07,1.87023906e-01
4.44499375e-07,1.87092781e-01
4.44539375e-07,1.86923312e-01
4.44579375e-07,1.86797344e-01
4.44619375e-07,1.86825437e-01
4.44659375e-07,1.86830875e-01
4.44699375e-07,1.86721219e-01
4.44739375e-07,1.86530000e-01
4.44779375e-07,1.86647813e-01
4.44819375e-07,1.86443906e-01
4.44859375e-07,1.86347844e-01
4.44899375e-07,1.86346031e-01
4.44939375e-07,1.86385000e-01
4.44979375e-07,1.86234563e-01
4.45019375e-07,1.86095906e-01
4.45059375e-07,1.86133063e-01
4.45099375e-07,1.86134875e-01
4.45139375e-07,1.86022500e-01
4.45179375e-07,1.85841250e-01
4.45219375e-07,1.85930969e-01
4.45259375e-07,1.85853031e-01
4.45299375e-07,1.85941844e-01
4.45339375e-07,1.85755156e-01
4.45379375e-07,1.85643687e-01
4.45419375e-07,1.85662719e-01
4.45459375e-07,1.85662719e-01
4.45499375e-07,1.85653656e-01
4.45539375e-07,1.85670875e-01
4.45579375e-07,1.85642781e-01
4.45619375e-07,1.85691719e-01
4.45659375e-07,1.85539469e-01
4.45699375e-07,1.85396281e-01
4.45739375e-07,1.85445219e-01
4.45779375e-07,1.85416219e-01
4.45819375e-07,1.85437062e-01
4.45859375e-07,1.85419844e-01
4.45899375e-07,1.85435250e-01
4.45939375e-07,1.85421656e-01
4.45979375e-07,1.85434344e-01
4.46019375e-07,1.85421656e-01
4.46059375e-07,1.85435250e-01
4.46099375e-07,1.85419844e-01
4.46139375e-07,1.85437062e-01
4.46179375e-07,1.85415312e-01
4.46219375e-07,1.85446125e-01
4.46259375e-07,1.85396281e-01
4.46299375e-07,1.85548531e-01
4.46339375e-07,1.85690812e-01
4.46379375e-07,1.85642781e-01
4.46419375e-07,1.85671781e-01
4.46459375e-07,1.85651844e-01
4.46499375e-07,1.85665438e-01
4.46539375e-07,1.85657281e-01
4.46579375e-07,1.85660000e-01
4.46619375e-07,1.85666344e-01
4.46659375e-07,1.85640063e-01
4.46699375e-07,1.85768750e-01
4.46739375e-07,1.85936406e-01
4.46779375e-07,1.85861187e-01
4.46819375e-07,1.85919187e-01
4.46859375e-07,1.85864813e-01
4.46899375e-07,1.85922813e-01
4.46939375e-07,1.85848500e-01
4.46979375e-07,1.86023406e-01
4.47019375e-07,1.86146656e-01
4.47059375e-07,1.86113125e-01
4.47099375e-07,1.86134875e-01
4.47139375e-07,1.86103156e-01
4.47179375e-07,1.86230031e-01
4.47219375e-07,1.86405844e-01
4.47259375e-07,1.86316125e-01
4.47299375e-07,1.86398594e-01
4.47339375e-07,1.86299812e-01
4.47379375e-07,1.86501906e-01
4.47419375e-07,1.86590719e-01
4.47459375e-07,1.86605219e-01
4.47499375e-07,1.86549937e-01
4.47539375e-07,1.86720312e-01
4.47579375e-07,1.86834500e-01
4.47619375e-07,1.86827250e-01
4.47659375e-07,1.86791000e-01
4.47699375e-07,1.86944156e-01
4.47739375e-07,1.87074656e-01
4.47779375e-07,1.87051094e-01
4.47819375e-07,1.87030250e-01
4.47859375e-07,1.87168000e-01
4.47899375e-07,1.87313906e-01
4.47939375e-07,1.87275844e-01
4.47979375e-07,1.87271313e-01
4.48019375e-07,1.87390937e-01
4.48059375e-07,1.87557687e-01
4.48099375e-07,1.87491531e-01
4.48139375e-07,1.87531406e-01
4.48179375e-07,1.87510563e-01
4.48219375e-07,1.87505125e-01
4.48259375e-07,1.87617500e-01
4.48299375e-07,1.87796937e-01
4.48339375e-07,1.87713562e-01
4.48379375e-07,1.87777000e-01
4.48419375e-07,1.87721719e-01
4.48459375e-07,1.87772469e-01
4.48499375e-07,1.87724438e-01
4.48539375e-07,1.87772469e-01
4.48579375e-07,1.87721719e-01
4.48619375e-07,1.87778813e-01
4.48659375e-07,1.87703594e-01
4.48699375e-07,1.87880313e-01
4.48739375e-07,1.87999937e-01
4.48779375e-07,1.87973656e-01
4.48819375e-07,1.87981812e-01
4.48859375e-07,1.87980906e-01
4.48899375e-07,1.87977281e-01
4.48939375e-07,1.87983625e-01
4.48979375e-07,1.87975469e-01
4.49019375e-07,1.87984531e-01
4.49059375e-07,1.87974562e-01
4.49099375e-07,1.87985437e-01
4.49139375e-07,1.87974562e-01
4.49179375e-07,1.87986344e-01
4.49219375e-07,1.87973656e-01
4.49259375e-07,1.87987250e-01
4.49299375e-07,1.87972750e-01
4.49339375e-07,1.87988156e-01
4.49379375e-07,1.87970937e-01
4.49419375e-07,1.87990875e-01
4.49459375e-07,1.87966406e-01
4.49499375e-07,1.87999031e-01
4.49539375e-07,1.87946469e-01
4.49579375e-07,1.88101437e-01
4.49619375e-07,1.88242812e-01
4.49659375e-07,1.88193875e-01
4.49699375e-07,1.88225594e-01
4.49739375e-07,1.88200219e-01
4.49779375e-07,1.88223781e-01
4.49819375e-07,1.88199312e-01
4.49859375e-07,1.88230125e-01
4.49899375e-07,1.88180281e-01
4.49939375e-07,1.88331625e-01
4.49979375e-07,1.88477531e-01
4.50019375e-07,1.88424062e-01
4.50059375e-07,1.88459406e-01
4.50099375e-07,1.88430406e-01
4.50139375e-07,1.88456687e-01
4.50179375e-07,1.88431313e-01
4.50219375e-07,1.88457594e-01
4.50259375e-07,1.88428594e-01
4.50299375e-07,1.88464844e-01
4.50339375e-07,1.88409562e-01
4.50379375e-07,1.88567250e-01
4.50419375e-07,1.88705906e-01
4.50459375e-07,1.88659688e-01
4.50499375e-07,1.88687781e-01
4.50539375e-07,1.88666937e-01
4.50579375e-07,1.88684156e-01
4.50619375e-07,1.88667844e-01
4.50659375e-07,1.88685063e-01
4.50699375e-07,1.88666031e-01
4.50739375e-07,1.88688688e-01
4.50779375e-07,1.88657875e-01
4.50819375e-07,1.88708625e-01
4.50859375e-07,1.88555469e-01
4.50899375e-07,1.88413187e-01
4.50939375e-07,1.88461219e-01
4.50979375e-07,1.88432219e-01
4.51019375e-07,1.88453062e-01
4.51059375e-07,1.88437656e-01
4.51099375e-07,1.88448531e-01
4.51139375e-07,1.88441281e-01
4.51179375e-07,1.88444906e-01
4.51219375e-07,1.88445813e-01
4.51259375e-07,1.88435844e-01
4.51299375e-07,1.88465750e-01
4.51339375e-07,1.88333438e-01
4.51379375e-07,1.88170312e-01
4.51419375e-07,1.88240094e-01
4.51459375e-07,1.88188437e-01
4.51499375e-07,1.88234656e-01
4.51539375e-07,1.88189344e-01
4.51579375e-07,1.88236469e-01
4.51619375e-07,1.88183000e-01
4.51659375e-07,1.88254594e-01
4.51699375e-07,1.88080594e-01
4.51739375e-07,1.87959156e-01
4.51779375e-07,1.87987250e-01
4.51819375e-07,1.87979094e-01
4.51859375e-07,1.87978188e-01
4.51899375e-07,1.87984531e-01
4.51939375e-07,1.87972750e-01
4.51979375e-07,1.87990875e-01
4.52019375e-07,1.87963688e-01
4.52059375e-07,1.88011719e-01
4.52099375e-07,1.87859469e-01
4.52139375e-07,1.87716281e-01
4.52179375e-07,1.87766125e-01
4.52219375e-07,1.87734406e-01
4.52259375e-07,1.87758875e-01
4.52299375e-07,1.87738031e-01
4.52339375e-07,1.87757969e-01
4.52379375e-07,1.87737125e-01
4.52419375e-07,1.87760687e-01
4.52459375e-07,1.87729875e-01
4.52499375e-07,1.87779719e-01
4.52539375e-07,1.87627469e-01
4.52579375e-07,1.87484281e-01
4.52619375e-07,1.87534125e-01
4.52659375e-07,1.87502406e-01
4.52699375e-07,1.87526875e-01
4.52739375e-07,1.87506937e-01
4.52779375e-07,1.87524156e-01
4.52819375e-07,1.87508750e-01
4.52859375e-07,1.87523250e-01
4.52899375e-07,1.87509656e-01
4.52939375e-07,1.87522344e-01
4.52979375e-07,1.87509656e-01
4.53019375e-07,1.87521437e-01
4.53059375e-07,1.87510563e-01
4.53099375e-07,1.87521437e-01
4.53139375e-07,1.87510563e-01
4.53179375e-07,1.87521437e-01
4.53219375e-07,1.87510563e-01
4.53259375e-07,1.87521437e-01
4.53299375e-07,1.87510563e-01
4.53339375e-07,1.87521437e-01
4.53379375e-07,1.87510563e-01
4.53419375e-07,1.87521437e-01
4.53459375e-07,1.87510563e-01
4.53499375e-07,1.87521437e-01
4.53539375e-07,1.87510563e-01
4.53579375e-07,1.87521437e-01
4.53619375e-07,1.87510563e-01
4.53659375e-07,1.87521437e-01
4.53699375e-07,1.87510563e-01
4.53739375e-07,1.87522344e-01
4.53779375e-07,1.87509656e-01
4.53819375e-07,1.87522344e-01
4.53859375e-07,1.87509656e-01
4.53899375e-07,1.87522344e-01
4.53939375e-07,1.87509656e-01
4.53979375e-07,1.87522344e-01
4.54019375e-07,1.87508750e-01
4.54059375e-07,1.87523250e-01
4.54099375e-07,1.87508750e-01
4.54139375e-07,1.87524156e-01
4.54179375e-07,1.87507844e-01
4.54219375e-07,1.87525063e-01
4.54259375e-07,1.87506031e-01
4.54299375e-07,1.87526875e-01
4.54339375e-07,1.87503312e-01
4.54379375e-07,1.87531406e-01
4.54419375e-07,1.87495156e-01
4.54459375e-07,1.87551344e-01
4.54499375e-07,1.87391844e-01
4.54539375e-07,1.87255906e-01
4.54579375e-07,1.87298500e-01
4.54619375e-07,1.87274937e-01
4.54659375e-07,1.87290344e-01
4.54699375e-07,1.87279469e-01
4.54739375e-07,1.87288531e-01
4.54779375e-07,1.87280375e-01
4.54819375e-07,1.87287625e-01
4.54859375e-07,1.87280375e-01
4.54899375e-07,1.87288531e-01
4.54939375e-07,1.87277656e-01
4.54979375e-07,1.87293062e-01
4.55019375e-07,1.87269500e-01
4.55059375e-07,1.87313000e-01
4.55099375e-07,1.87166187e-01
4.55139375e-07,1.87017562e-01
4.55179375e-07,1.87071938e-01
4.55219375e-07,1.87037500e-01
4.55259375e-07,1.87061969e-01
4.55299375e-07,1.87045656e-01
4.55339375e-07,1.87052000e-01
4.55379375e-07,1.87066500e-01
4.55419375e-07,1.86949594e-01
4.55459375e-07,1.86769250e-01
4.55499375e-07,1.86858063e-01
4.55539375e-07,1.86785563e-01
4.55579375e-07,1.86854437e-01
4.55619375e-07,1.86781031e-01
4.55659375e-07,1.86873469e-01
4.55699375e-07,1.86677719e-01
4.55739375e-07,1.86578937e-01
4.55779375e-07,1.86581656e-01
4.55819375e-07,1.86602500e-01
4.55859375e-07,1.86565344e-01
4.55899375e-07,1.86627875e-01
4.55939375e-07,1.86458406e-01
4.55979375e-07,1.86335156e-01
4.56019375e-07,1.86361438e-01
4.56059375e-07,1.86357812e-01
4.56099375e-07,1.86349656e-01
4.56139375e-07,1.86367781e-01
4.56179375e-07,1.86336969e-01
4.56219375e-07,1.86390438e-01
4.56259375e-07,1.86231844e-01
4.56299375e-07,1.86096812e-01
4.56339375e-07,1.86135781e-01
4.56379375e-07,1.86117656e-01
4.56419375e-07,1.86126719e-01
4.56459375e-07,1.86124000e-01
4.56499375e-07,1.86122188e-01
4.56539375e-07,1.86127625e-01
4.56579375e-07,1.86118563e-01
4.56619375e-07,1.86131250e-01
4.56659375e-07,1.86114937e-01
4.56699375e-07,1.86135781e-01
4.56739375e-07,1.86108594e-01
4.56779375e-07,1.86145750e-01
4.56819375e-07,1.86086844e-01
4.56859375e-07,1.86250875e-01
4.56899375e-07,1.86379562e-01
4.56939375e-07,1.86347844e-01
4.56979375e-07,1.86356000e-01
4.57019375e-07,1.86364156e-01
4.57059375e-07,1.86331531e-01
4.57099375e-07,1.86469281e-01
4.57139375e-07,1.86626969e-01
4.57179375e-07,1.86560813e-01
4.57219375e-07,1.86615188e-01
4.57259375e-07,1.86549937e-01
4.57299375e-07,1.86713062e-01
4.57339375e-07,1.86847187e-01
4.57379375e-07,1.86809125e-01
4.57419375e-07,1.86814563e-01
4.57459375e-07,1.86912438e-01
4.57499375e-07,1.87118156e-01
4.57539375e-07,1.86984031e-01
4.57579375e-07,1.87206062e-01
4.57619375e-07,1.87281281e-01
4.57659375e-07,1.87305750e-01
4.57699375e-07,1.87242313e-01
4.57739375e-07,1.87419031e-01
4.57779375e-07,1.87527781e-01
4.57819375e-07,1.87525969e-01
4.57859375e-07,1.87484281e-01
4.57899375e-07,1.87641969e-01
4.57939375e-07,1.87767938e-01
4.57979375e-07,1.87749813e-01
4.58019375e-07,1.87723531e-01
4.58059375e-07,1.87866719e-01
4.58099375e-07,1.88008094e-01
4.58139375e-07,1.87973656e-01
4.58179375e-07,1.87964594e-01
4.58219375e-07,1.88087844e-01
4.58259375e-07,1.88252781e-01
4.58299375e-07,1.88187531e-01
4.58339375e-07,1.88228312e-01
4.58379375e-07,1.88201125e-01
4.58419375e-07,1.88216531e-01
4.58459375e-07,1.88214719e-01
4.58499375e-07,1.88193875e-01
4.58539375e-07,1.88319844e-01
4.58579375e-07,1.88487500e-01
4.58619375e-07,1.88415000e-01
4.58659375e-07,1.88467562e-01
4.58699375e-07,1.88424062e-01
4.58739375e-07,1.88463031e-01
4.58779375e-07,1.88424969e-01
4.58819375e-07,1.88463937e-01
4.58859375e-07,1.88419531e-01
4.58899375e-07,1.88481156e-01
4.58939375e-07,1.88318938e-01
4.58979375e-07,1.88183906e-01
4.59019375e-07,1.88228312e-01
4.59059375e-07,1.88199312e-01
4.59099375e-07,1.88224687e-01
4.59139375e-07,1.88194781e-01
4.59179375e-07,1.88241906e-01
4.59219375e-07,1.88094188e-01
4.59259375e-07,1.87943750e-01
4.59299375e-07,1.88005375e-01
4.59339375e-07,1.87955531e-01
4.59379375e-07,1.88015344e-01
4.59419375e-07,1.87858562e-01
4.59459375e-07,1.87714469e-01
4.59499375e-07,1.87771562e-01
4.59539375e-07,1.87724438e-01
4.59579375e-07,1.87783344e-01
4.59619375e-07,1.87625656e-01
4.59659375e-07,1.87484281e-01
4.59699375e-07,1.87536844e-01
4.59739375e-07,1.87495156e-01
4.59779375e-07,1.87546812e-01
4.59819375e-07,1.87399094e-01
4.59859375e-07,1.87245937e-01
4.59899375e-07,1.87313000e-01
4.59939375e-07,1.87254094e-01
4.59979375e-07,1.87326594e-01
4.60019375e-07,1.87153500e-01
4.60059375e-07,1.87030250e-01
4.60099375e-07,1.87059250e-01
4.60139375e-07,1.87051094e-01
4.60179375e-07,1.87048375e-01
4.60219375e-07,1.87060156e-01
4.60259375e-07,1.87036594e-01
4.60299375e-07,1.87082813e-01
4.60339375e-07,1.86931469e-01
4.60379375e-07,1.86789188e-01
4.60419375e-07,1.86836312e-01
4.60459375e-07,1.86809125e-01
4.60499375e-07,1.86827250e-01
4.60539375e-07,1.86815469e-01
4.60579375e-07,1.86821812e-01
4.60619375e-07,1.86820000e-01
4.60659375e-07,1.86818188e-01
4.60699375e-07,1.86824531e-01
4.60739375e-07,1.86811844e-01
4.60779375e-07,1.86834500e-01
4.60819375e-07,1.86790094e-01
4.60859375e-07,1.86939625e-01
4.60899375e-07,1.87083719e-01
4.60939375e-07,1.87034781e-01
4.60979375e-07,1.87063781e-01
4.61019375e-07,1.87043844e-01
4.61059375e-07,1.87057438e-01
4.61099375e-07,1.87049281e-01
4.61139375e-07,1.87052000e-01
4.61179375e-07,1.87054719e-01
4.61219375e-07,1.87045656e-01
4.61259375e-07,1.87064687e-01
4.61299375e-07,1.87023906e-01
4.61339375e-07,1.87169813e-01
4.61379375e-07,1.87317531e-01
4.61419375e-07,1.87264969e-01
4.61459375e-07,1.87296688e-01
4.61499375e-07,1.87274937e-01
4.61539375e-07,1.87289437e-01
4.61579375e-07,1.87281281e-01
4.61619375e-07,1.87282188e-01
4.61659375e-07,1.87292156e-01
4.61699375e-07,1.87261344e-01
4.61739375e-07,1.87396375e-01
4.61779375e-07,1.87554969e-01
4.61819375e-07,1.87490625e-01
4.61859375e-07,1.87535031e-01
4.61899375e-07,1.87499687e-01
4.61939375e-07,1.87529594e-01
4.61979375e-07,1.87503312e-01
4.62019375e-07,1.87527781e-01
4.62059375e-07,1.87505125e-01
4.62099375e-07,1.87525969e-01
4.62139375e-07,1.87506937e-01
4.62179375e-07,1.87525063e-01
4.62219375e-07,1.87507844e-01
4.62259375e-07,1.87524156e-01
4.62299375e-07,1.87508750e-01
4.62339375e-07,1.87523250e-01
4.62379375e-07,1.87508750e-01
4.62419375e-07,1.87522344e-01
4.62459375e-07,1.87509656e-01
4.62499375e-07,1.87522344e-01
4.62539375e-07,1.87509656e-01
4.62579375e-07,1.87521437e-01
4.62619375e-07,1.87510563e-01
4.62659375e-07,1.87521437e-01
4.62699375e-07,1.87510563e-01
4.62739375e-07,1.87521437e-01
4.62779375e-07,1.87511469e-01
4.62819375e-07,1.87520531e-01
4.62859375e-07,1.87511469e-01
4.62899375e-07,1.87520531e-01
4.62939375e-07,1.87511469e-01
4.62979375e-07,1.87520531e-01
4.63019375e-07,1.87511469e-01
4.63059375e-07,1.87520531e-01
4.63099375e-07,1.87512375e-01
4.63139375e-07,1.87519625e-01
4.63179375e-07,1.87512375e-01
4.63219375e-07,1.87519625e-01
4.63259375e-07,1.87512375e-01
4.63299375e-07,1.87519625e-01
4.63339375e-07,1.87512375e-01
4.63379375e-07,1.87518719e-01
4.63419375e-07,1.87513281e-01
4.63459375e-07,1.87518719e-01
4.63499375e-07,1.87513281e-01
4.63539375e-07,1.87518719e-01
4.63579375e-07,1.87513281e-01
4.63619375e-07,1.87518719e-01
4.63659375e-07,1.87514187e-01
4.63699375e-07,1.87517812e-01
4.63739375e-07,1.87514187e-01
4.63779375e-07,1.87517812e-01
4.63819375e-07,1.87514187e-01
4.63859375e-07,1.87516906e-01
4.63899375e-07,1.87515094e-01
4.63939375e-07,1.87516000e-01
4.63979375e-07,1.87516000e-01
4.64019375e-07,1.87515094e-01
4.64059375e-07,1.87517812e-01
4.64099375e-07,1.87513281e-01
4.64139375e-07,1.87520531e-01
4.64179375e-07,1.87508750e-01
4.64219375e-07,1.87528687e-01
4.64259375e-07,1.87488812e-01
4.64299375e-07,1.87632000e-01
4.64339375e-07,1.87784250e-01
4.64379375e-07,1.87725344e-01
4.64419375e-07,1.87765219e-01
4.64459375e-07,1.87733500e-01
4.64499375e-07,1.87760687e-01
4.64539375e-07,1.87736219e-01
4.64579375e-07,1.87758875e-01
4.64619375e-07,1.87737125e-01
4.64659375e-07,1.87758875e-01
4.64699375e-07,1.87737125e-01
4.64739375e-07,1.87759781e-01
4.64779375e-07,1.87735313e-01
4.64819375e-07,1.87762500e-01
4.64859375e-07,1.87730781e-01
4.64899375e-07,1.87770656e-01
4.64939375e-07,1.87711750e-01
4.64979375e-07,1.87873062e-01
4.65019375e-07,1.88007188e-01
4.65059375e-07,1.87966406e-01
4.65099375e-07,1.87988156e-01
4.65139375e-07,1.87974562e-01
4.65179375e-07,1.87983625e-01
4.65219375e-07,1.87977281e-01
4.65259375e-07,1.87981812e-01
4.65299375e-07,1.87979094e-01
4.65339375e-07,1.87980906e-01
4.65379375e-07,1.87980000e-01
4.65419375e-07,1.87980000e-01
4.65459375e-07,1.87980000e-01
4.65499375e-07,1.87979094e-01
4.65539375e-07,1.87980906e-01
4.65579375e-07,1.87979094e-01
4.65619375e-07,1.87981812e-01
4.65659375e-07,1.87978188e-01
4.65699375e-07,1.87982719e-01
4.65739375e-07,1.87977281e-01
4.65779375e-07,1.87983625e-01
4.65819375e-07,1.87975469e-01
4.65859375e-07,1.87986344e-01
4.65899375e-07,1.87970937e-01
4.65939375e-07,1.87994500e-01
4.65979375e-07,1.87951906e-01
4.66019375e-07,1.88096000e-01
4.66059375e-07,1.88248250e-01
4.66099375e-07,1.88188437e-01
4.66139375e-07,1.88231031e-01
4.66179375e-07,1.88194781e-01
4.66219375e-07,1.88229219e-01
4.66259375e-07,1.88192063e-01
4.66299375e-07,1.88236469e-01
4.66339375e-07,1.88173031e-01
4.66379375e-07,1.88339781e-01
4.66419375e-07,1.88467562e-01
4.66459375e-07,1.88434938e-01
4.66499375e-07,1.88444906e-01
4.66539375e-07,1.88450344e-01
4.66579375e-07,1.88421344e-01
4.66619375e-07,1.88555469e-01
4.66659375e-07,1.88716781e-01
4.66699375e-07,1.88647906e-01
4.66739375e-07,1.88699563e-01
4.66779375e-07,1.88652437e-01
4.66819375e-07,1.88703188e-01
4.66859375e-07,1.88635219e-01
4.66899375e-07,1.88804687e-01
4.66939375e-07,1.88931562e-01
4.66979375e-07,1.88898031e-01
4.67019375e-07,1.88911625e-01
4.67059375e-07,1.88908000e-01
4.67099375e-07,1.88903469e-01
4.67139375e-07,1.88918875e-01
4.67179375e-07,1.88882625e-01
4.67219375e-07,1.89022187e-01
4.67259375e-07,1.89178062e-01
4.67299375e-07,1.89115531e-01
4.67339375e-07,1.89159937e-01
4.67379375e-07,1.89122781e-01
4.67419375e-07,1.89156313e-01
4.67459375e-07,1.89123687e-01
4.67499375e-07,1.89156313e-01
4.67539375e-07,1.89121875e-01
4.67579375e-07,1.89160844e-01
4.67619375e-07,1.89113719e-01
4.67659375e-07,1.89181688e-01
4.67699375e-07,1.89009500e-01
4.67739375e-07,1.88887156e-01
4.67779375e-07,1.88914344e-01
4.67819375e-07,1.88908906e-01
4.67859375e-07,1.88902563e-01
4.67899375e-07,1.88918875e-01
4.67939375e-07,1.88889875e-01
4.67979375e-07,1.88942438e-01
4.68019375e-07,1.88783844e-01
4.68059375e-07,1.88649719e-01
4.68099375e-07,1.88685969e-01
4.68139375e-07,1.88675094e-01
4.68179375e-07,1.88666937e-01
4.68219375e-07,1.88701375e-01
4.68259375e-07,1.88559094e-01
4.68299375e-07,1.88412281e-01
4.68339375e-07,1.88455781e-01
4.68379375e-07,1.88451250e-01
4.68419375e-07,1.88346125e-01
4.68459375e-07,1.88158531e-01
4.68499375e-07,1.88253687e-01
4.68539375e-07,1.88171219e-01
4.68579375e-07,1.88264563e-01
4.68619375e-07,1.88071531e-01
4.68659375e-07,1.87968219e-01
4.68699375e-07,1.87974562e-01
4.68739375e-07,1.88003562e-01
4.68779375e-07,1.87866719e-01
4.68819375e-07,1.87708125e-01
4.68859375e-07,1.87777000e-01
4.68899375e-07,1.87719000e-01
4.68939375e-07,1.87788781e-01
4.68979375e-07,1.87619312e-01
4.69019375e-07,1.87492437e-01
4.69059375e-07,1.87525063e-01
4.69099375e-07,1.87514187e-01
4.69139375e-07,1.87509656e-01
4.69179375e-07,1.87537750e-01
4.69219375e-07,1.87405437e-01
4.69259375e-07,1.87242313e-01
4.69299375e-07,1.87312094e-01
4.69339375e-07,1.87259531e-01
4.69379375e-07,1.87307562e-01
4.69419375e-07,1.87256813e-01
4.69459375e-07,1.87323875e-01
4.69499375e-07,1.87156219e-01
4.69539375e-07,1.87026625e-01
4.69579375e-07,1.87064687e-01
4.69619375e-07,1.87043844e-01
4.69659375e-07,1.87058344e-01
4.69699375e-07,1.87045656e-01
4.69739375e-07,1.87058344e-01
4.69779375e-07,1.87044750e-01
4.69819375e-07,1.87061969e-01
4.69859375e-07,1.87036594e-01
4.69899375e-07,1.87081000e-01
4.69939375e-07,1.86934187e-01
4.69979375e-07,1.86785563e-01
4.70019375e-07,1.86840844e-01
4.70059375e-07,1.86804594e-01
4.70099375e-07,1.86832687e-01
4.70139375e-07,1.86809125e-01
4.70179375e-07,1.86829969e-01
4.70219375e-07,1.86810937e-01
4.70259375e-07,1.86829063e-01
4.70299375e-07,1.86810937e-01
4.70339375e-07,1.86829063e-01
4.70379375e-07,1.86810937e-01
4.70419375e-07,1.86829063e-01
4.70459375e-07,1.86810937e-01
4.70499375e-07,1.86829063e-01
4.70539375e-07,1.86810031e-01
4.70579375e-07,1.86830875e-01
4.70619375e-07,1.86807312e-01
4.70659375e-07,1.86835406e-01
4.70699375e-07,1.86799156e-01
4.70739375e-07,1.86855344e-01
4.70779375e-07,1.86695844e-01
4.70819375e-07,1.86559906e-01
4.70859375e-07,1.86602500e-01
4.70899375e-07,1.86578937e-01
4.70939375e-07,1.86594344e-01
4.70979375e-07,1.86583469e-01
4.71019375e-07,1.86591625e-01
4.71059375e-07,1.86585281e-01
4.71099375e-07,1.86589813e-01
4.71139375e-07,1.86586188e-01
4.71179375e-07,1.86588906e-01
4.71219375e-07,1.86587094e-01
4.71259375e-07,1.86588906e-01
4.71299375e-07,1.86588000e-01
4.71339375e-07,1.86588000e-01
4.71379375e-07,1.86588000e-01
4.71419375e-07,1.86588000e-01
4.71459375e-07,1.86588000e-01
4.71499375e-07,1.86587094e-01
4.71539375e-07,1.86588906e-01
4.71579375e-07,1.86587094e-01
4.71619375e-07,1.86589813e-01
4.71659375e-07,1.86586188e-01
4.71699375e-07,1.86589813e-01
4.71739375e-07,1.86585281e-01
4.71779375e-07,1.86591625e-01
4.71819375e-07,1.86583469e-01
4.71859375e-07,1.86594344e-01
4.71899375e-07,1.86578937e-01
4.71939375e-07,1.86603406e-01
4.71979375e-07,1.86558094e-01
4.72019375e-07,1.86706719e-01
4.72059375e-07,1.86852625e-01
4.72099375e-07,1.86801875e-01
4.72139375e-07,1.86830875e-01
4.72179375e-07,1.86816375e-01
4.72219375e-07,1.86809125e-01
4.72259375e-07,1.86919687e-01
4.72299375e-07,1.87106375e-01
4.72339375e-07,1.87007594e-01
4.72379375e-07,1.87097313e-01
4.72419375e-07,1.86993094e-01
4.72459375e-07,1.87199719e-01
4.72499375e-07,1.87285813e-01
4.72539375e-07,1.87302125e-01
4.72579375e-07,1.87245031e-01
4.72619375e-07,1.87416312e-01
4.72659375e-07,1.87531406e-01
4.72699375e-07,1.87522344e-01
4.72739375e-07,1.87487906e-01
4.72779375e-07,1.87638344e-01
4.72819375e-07,1.87772469e-01
4.72859375e-07,1.87744375e-01
4.72899375e-07,1.87729875e-01
4.72939375e-07,1.87859469e-01
4.72979375e-07,1.88017156e-01
4.73019375e-07,1.87960062e-01
4.73059375e-07,1.87990875e-01
4.73099375e-07,1.87979094e-01
4.73139375e-07,1.87963688e-01
4.73179375e-07,1.88086031e-01
4.73219375e-07,1.88256406e-01
4.73259375e-07,1.88182094e-01
4.73299375e-07,1.88235563e-01
4.73339375e-07,1.88192063e-01
4.73379375e-07,1.88229219e-01
4.73419375e-07,1.88196594e-01
4.73459375e-07,1.88226500e-01
4.73499375e-07,1.88198406e-01
4.73539375e-07,1.88224687e-01
4.73579375e-07,1.88200219e-01
4.73619375e-07,1.88223781e-01
4.73659375e-07,1.88201125e-01
4.73699375e-07,1.88222875e-01
4.73739375e-07,1.88202031e-01
4.73779375e-07,1.88221969e-01
4.73819375e-07,1.88202031e-01
4.73859375e-07,1.88221969e-01
4.73899375e-07,1.88202031e-01
4.73939375e-07,1.88221969e-01
4.73979375e-07,1.88202031e-01
4.74019375e-07,1.88221969e-01
4.74059375e-07,1.88202031e-01
4.74099375e-07,1.88222875e-01
4.74139375e-07,1.88201125e-01
4.74179375e-07,1.88224687e-01
4.74219375e-07,1.88198406e-01
4.74259375e-07,1.88228312e-01
4.74299375e-07,1.88190250e-01
4.74339375e-07,1.88248250e-01
4.74379375e-07,1.88086937e-01
4.74419375e-07,1.87951906e-01
4.74459375e-07,1.87994500e-01
4.74499375e-07,1.87970937e-01
4.74539375e-07,1.87986344e-01
4.74579375e-07,1.87974562e-01
4.74619375e-07,1.87984531e-01
4.74659375e-07,1.87975469e-01
4.74699375e-07,1.87984531e-01
4.74739375e-07,1.87975469e-01
4.74779375e-07,1.87985437e-01
4.74819375e-07,1.87972750e-01
4.74859375e-07,1.87989969e-01
4.74899375e-07,1.87964594e-01
4.74939375e-07,1.88009000e-01
4.74979375e-07,1.87862187e-01
4.75019375e-07,1.87713562e-01
4.75059375e-07,1.87768844e-01
4.75099375e-07,1.87732594e-01
4.75139375e-07,1.87760687e-01
4.75179375e-07,1.87737125e-01
4.75219375e-07,1.87757969e-01
4.75259375e-07,1.87738938e-01
4.75299375e-07,1.87756156e-01
4.75339375e-07,1.87739844e-01
4.75379375e-07,1.87755250e-01
4.75419375e-07,1.87740750e-01
4.75459375e-07,1.87755250e-01
4.75499375e-07,1.87741656e-01
4.75539375e-07,1.87754344e-01
4.75579375e-07,1.87741656e-01
4.75619375e-07,1.87754344e-01
4.75659375e-07,1.87741656e-01
4.75699375e-07,1.87754344e-01
4.75739375e-07,1.87741656e-01
4.75779375e-07,1.87754344e-01
4.75819375e-07,1.87741656e-01
4.75859375e-07,1.87754344e-01
4.75899375e-07,1.87742562e-01
4.75939375e-07,1.87753438e-01
4.75979375e-07,1.87742562e-01
4.76019375e-07,1.87753438e-01
4.76059375e-07,1.87742562e-01
4.76099375e-07,1.87754344e-01
4.76139375e-07,1.87741656e-01
4.76179375e-07,1.87754344e-01
4.76219375e-07,1.87741656e-01
4.76259375e-07,1.87754344e-01
4.76299375e-07,1.87741656e-01
4.76339375e-07,1.87754344e-01
4.76379375e-07,1.87741656e-01
4.76419375e-07,1.87754344e-01
4.76459375e-07,1.87741656e-01
4.76499375e-07,1.87754344e-01
4.76539375e-07,1.87741656e-01
4.76579375e-07,1.87754344e-01
4.76619375e-07,1.87740750e-01
4.76659375e-07,1.87755250e-01
4.76699375e-07,1.87740750e-01
4.76739375e-07,1.87755250e-01
4.76779375e-07,1.87739844e-01
4.76819375e-07,1.87756156e-01
4.76859375e-07,1.87738938e-01
4.76899375e-07,1.87757969e-01
4.76939375e-07,1.87737125e-01
4.76979375e-07,1.87760687e-01
4.77019375e-07,1.87732594e-01
4.77059375e-07,1.87768844e-01
4.77099375e-07,1.87712656e-01
4.77139375e-07,1.87872156e-01
4.77179375e-07,1.88008094e-01
4.77219375e-07,1.87965500e-01
4.77259375e-07,1.87989969e-01
4.77299375e-07,1.87972750e-01
4.77339375e-07,1.87986344e-01
4.77379375e-07,1.87973656e-01
4.77419375e-07,1.87987250e-01
4.77459375e-07,1.87970937e-01
4.77499375e-07,1.87993594e-01
4.77539375e-07,1.87951906e-01
4.77579375e-07,1.88096000e-01
4.77619375e-07,1.88249156e-01
4.77659375e-07,1.88188437e-01
4.77699375e-07,1.88231031e-01
4.77739375e-07,1.88194781e-01
4.77779375e-07,1.88228312e-01
4.77819375e-07,1.88195687e-01
4.77859375e-07,1.88230125e-01
4.77899375e-07,1.88192063e-01
4.77939375e-07,1.88237375e-01
4.77979375e-07,1.88172125e-01
4.78019375e-07,1.88340687e-01
4.78059375e-07,1.88467562e-01
4.78099375e-07,1.88434031e-01
4.78139375e-07,1.88448531e-01
4.78179375e-07,1.88442187e-01
4.78219375e-07,1.88444000e-01
4.78259375e-07,1.88445813e-01
4.78299375e-07,1.88441281e-01
4.78339375e-07,1.88447625e-01
4.78379375e-07,1.88439469e-01
4.78419375e-07,1.88449437e-01
4.78459375e-07,1.88438562e-01
4.78499375e-07,1.88450344e-01
4.78539375e-07,1.88435844e-01
4.78579375e-07,1.88453062e-01
4.78619375e-07,1.88433125e-01
4.78659375e-07,1.88458500e-01
4.78699375e-07,1.88424062e-01
4.78739375e-07,1.88478437e-01
4.78779375e-07,1.88320750e-01
4.78819375e-07,1.88183000e-01
4.78859375e-07,1.88227406e-01
4.78899375e-07,1.88202031e-01
4.78939375e-07,1.88219250e-01
4.78979375e-07,1.88205656e-01
4.79019375e-07,1.88218344e-01
4.79059375e-07,1.88205656e-01
4.79099375e-07,1.88220156e-01
4.79139375e-07,1.88199312e-01
4.79179375e-07,1.88238281e-01
4.79219375e-07,1.88097812e-01
4.79259375e-07,1.87941031e-01
4.79299375e-07,1.88006281e-01
4.79339375e-07,1.87958250e-01
4.79379375e-07,1.88000844e-01
4.79419375e-07,1.87958250e-01
4.79459375e-07,1.88003562e-01
4.79499375e-07,1.87951000e-01
4.79539375e-07,1.88023500e-01
4.79579375e-07,1.87846781e-01
4.79619375e-07,1.87728969e-01
4.79659375e-07,1.87751625e-01
4.79699375e-07,1.87750719e-01
4.79739375e-07,1.87739844e-01
4.79779375e-07,1.87760687e-01
4.79819375e-07,1.87728062e-01
4.79859375e-07,1.87783344e-01
4.79899375e-07,1.87622031e-01
4.79939375e-07,1.87490625e-01
4.79979375e-07,1.87525969e-01
4.80019375e-07,1.87513281e-01
4.80059375e-07,1.87513281e-01
4.80099375e-07,1.87524156e-01
4.80139375e-07,1.87500594e-01
4.80179375e-07,1.87547719e-01
4.80219375e-07,1.87393656e-01
4.80259375e-07,1.87255906e-01
4.80299375e-07,1.87295781e-01
4.80339375e-07,1.87281281e-01
4.80379375e-07,1.87277656e-01
4.80419375e-07,1.87307562e-01
4.80459375e-07,1.87169813e-01
4.80499375e-07,1.87015750e-01
4.80539375e-07,1.87071938e-01
4.80579375e-07,1.87040219e-01
4.80619375e-07,1.87055625e-01
4.80659375e-07,1.87064687e-01
4.80699375e-07,1.86950500e-01
4.80739375e-07,1.86768344e-01
4.80779375e-07,1.86859875e-01
4.80819375e-07,1.86780125e-01
4.80859375e-07,1.86870750e-01
4.80899375e-07,1.86682250e-01
4.80939375e-07,1.86572594e-01
4.80979375e-07,1.86589813e-01
4.81019375e-07,1.86591625e-01
4.81059375e-07,1.86580750e-01
4.81099375e-07,1.86599781e-01
4.81139375e-07,1.86569875e-01
4.81179375e-07,1.86620625e-01
4.81219375e-07,1.86466562e-01
4.81259375e-07,1.86326094e-01
4.81299375e-07,1.86372312e-01
4.81339375e-07,1.86345125e-01
4.81379375e-07,1.86364156e-01
4.81419375e-07,1.86349656e-01
4.81459375e-07,1.86360531e-01
4.81499375e-07,1.86353281e-01
4.81539375e-07,1.86357812e-01
4.81579375e-07,1.86356000e-01
4.81619375e-07,1.86353281e-01
4.81659375e-07,1.86364156e-01
4.81699375e-07,1.86334250e-01
4.81739375e-07,1.86465656e-01
4.81779375e-07,1.86631500e-01
4.81819375e-07,1.86557187e-01
4.81859375e-07,1.86615188e-01
4.81899375e-07,1.86559906e-01
4.81939375e-07,1.86620625e-01
4.81979375e-07,1.86540875e-01
4.82019375e-07,1.86724844e-01
4.82059375e-07,1.86833594e-01
4.82099375e-07,1.86825437e-01
4.82139375e-07,1.86795531e-01
4.82179375e-07,1.86935094e-01
4.82219375e-07,1.87089156e-01
4.82259375e-07,1.87027531e-01
4.82299375e-07,1.87074656e-01
4.82339375e-07,1.87019375e-01
4.82379375e-07,1.87169813e-01
4.82419375e-07,1.87321156e-01
4.82459375e-07,1.87255906e-01
4.82499375e-07,1.87313000e-01
4.82539375e-07,1.87241406e-01
4.82579375e-07,1.87414500e-01
4.82619375e-07,1.87537750e-01
4.82659375e-07,1.87508750e-01
4.82699375e-07,1.87516906e-01
4.82739375e-07,1.87519625e-01
4.82779375e-07,1.87507844e-01
4.82819375e-07,1.87531406e-01
4.82859375e-07,1.87485187e-01
4.82899375e-07,1.87636531e-01
4.82939375e-07,1.87778813e-01
4.82979375e-07,1.87731687e-01
4.83019375e-07,1.87757969e-01
4.83059375e-07,1.87741656e-01
4.83099375e-07,1.87750719e-01
4.83139375e-07,1.87748000e-01
4.83179375e-07,1.87745281e-01
4.83219375e-07,1.87754344e-01
4.83259375e-07,1.87735313e-01
4.83299375e-07,1.87776094e-01
4.83339375e-07,1.87630187e-01
4.83379375e-07,1.87482469e-01
4.83419375e-07,1.87535031e-01
4.83459375e-07,1.87503312e-01
4.83499375e-07,1.87525063e-01
4.83539375e-07,1.87509656e-01
4.83579375e-07,1.87519625e-01
4.83619375e-07,1.87516906e-01
4.83659375e-07,1.87509656e-01
4.83699375e-07,1.87537750e-01
4.83739375e-07,1.87405437e-01
4.83779375e-07,1.87242313e-01
4.83819375e-07,1.87312094e-01
4.83859375e-07,1.87260437e-01
4.83899375e-07,1.87304844e-01
4.83939375e-07,1.87263156e-01
4.83979375e-07,1.87306656e-01
4.84019375e-07,1.87256813e-01
4.84059375e-07,1.87324781e-01
4.84099375e-07,1.87155313e-01
4.84139375e-07,1.87027531e-01
4.84179375e-07,1.87062875e-01
4.84219375e-07,1.87046562e-01
4.84259375e-07,1.87055625e-01
4.84299375e-07,1.87050187e-01
4.84339375e-07,1.87052906e-01
4.84379375e-07,1.87051094e-01
4.84419375e-07,1.87052000e-01
4.84459375e-07,1.87052000e-01
4.84499375e-07,1.87052000e-01
4.84539375e-07,1.87052000e-01
4.84579375e-07,1.87052000e-01
4.84619375e-07,1.87052000e-01
4.84659375e-07,1.87052000e-01
4.84699375e-07,1.87052000e-01
4.84739375e-07,1.87052906e-01
4.84779375e-07,1.87051094e-01
4.84819375e-07,1.87053812e-01
4.84859375e-07,1.87049281e-01
4.84899375e-07,1.87056531e-01
4.84939375e-07,1.87045656e-01
4.84979375e-07,1.87063781e-01
4.85019375e-07,1.87026625e-01
4.85059375e-07,1.87166187e-01
4.85099375e-07,1.87322969e-01
4.85139375e-07,1.87256813e-01
4.85179375e-07,1.87307562e-01
4.85219375e-07,1.87260437e-01
4.85259375e-07,1.87312094e-01
4.85299375e-07,1.87242313e-01
4.85339375e-07,1.87413594e-01
4.85379375e-07,1.87537750e-01
4.85419375e-07,1.87508750e-01
4.85459375e-07,1.87516000e-01
4.85499375e-07,1.87524156e-01
4.85539375e-07,1.87493344e-01
4.85579375e-07,1.87627469e-01
4.85619375e-07,1.87789687e-01
4.85659375e-07,1.87718094e-01
4.85699375e-07,1.87777000e-01
4.85739375e-07,1.87708125e-01
4.85779375e-07,1.87873969e-01
4.85819375e-07,1.88009000e-01
4.85859375e-07,1.87960969e-01
4.85899375e-07,1.87999031e-01
4.85939375e-07,1.87949188e-01
4.85979375e-07,1.88096906e-01
4.86019375e-07,1.88249156e-01
4.86059375e-07,1.88186625e-01
4.86099375e-07,1.88233750e-01
4.86139375e-07,1.88189344e-01
4.86179375e-07,1.88239187e-01
4.86219375e-07,1.88171219e-01
4.86259375e-07,1.88341594e-01
4.86299375e-07,1.88466656e-01
4.86339375e-07,1.88435844e-01
4.86379375e-07,1.88445813e-01
4.86419375e-07,1.88446719e-01
4.86459375e-07,1.88436750e-01
4.86499375e-07,1.88457594e-01
4.86539375e-07,1.88415000e-01
4.86579375e-07,1.88561813e-01
4.86619375e-07,1.88709531e-01
4.86659375e-07,1.88656969e-01
4.86699375e-07,1.88689594e-01
4.86739375e-07,1.88665125e-01
4.86779375e-07,1.88685063e-01
4.86819375e-07,1.88668750e-01
4.86859375e-07,1.88682344e-01
4.86899375e-07,1.88670562e-01
4.86939375e-07,1.88680531e-01
4.86979375e-07,1.88671469e-01
4.87019375e-07,1.88679625e-01
4.87059375e-07,1.88672375e-01
4.87099375e-07,1.88679625e-01
4.87139375e-07,1.88673281e-01
4.87179375e-07,1.88678719e-01
4.87219375e-07,1.88673281e-01
4.87259375e-07,1.88677812e-01
4.87299375e-07,1.88674188e-01
4.87339375e-07,1.88677812e-01
4.87379375e-07,1.88674188e-01
4.87419375e-07,1.88677812e-01
4.87459375e-07,1.88675094e-01
4.87499375e-07,1.88676906e-01
4.87539375e-07,1.88675094e-01
4.87579375e-07,1.88676906e-01
4.87619375e-07,1.88676000e-01
4.87659375e-07,1.88676000e-01
4.87699375e-07,1.88676000e-01
4.87739375e-07,1.88676000e-01
4.87779375e-07,1.88676906e-01
4.87819375e-07,1.88675094e-01
4.87859375e-07,1.88677812e-01
4.87899375e-07,1.88674188e-01
4.87939375e-07,1.88678719e-01
4.87979375e-07,1.88672375e-01
4.88019375e-07,1.88680531e-01
4.88059375e-07,1.88669656e-01
4.88099375e-07,1.88685969e-01
4.88139375e-07,1.88660594e-01
4.88179375e-07,1.88705906e-01
4.88219375e-07,1.88558188e-01
4.88259375e-07,1.88409562e-01
4.88299375e-07,1.88463937e-01
4.88339375e-07,1.88428594e-01
4.88379375e-07,1.88456687e-01
4.88419375e-07,1.88433125e-01
4.88459375e-07,1.88453969e-01
4.88499375e-07,1.88434031e-01
4.88539375e-07,1.88454875e-01
4.88579375e-07,1.88432219e-01
4.88619375e-07,1.88457594e-01
4.88659375e-07,1.88424969e-01
4.88699375e-07,1.88476625e-01
4.88739375e-07,1.88323469e-01
4.88779375e-07,1.88180281e-01
4.88819375e-07,1.88231031e-01
4.88859375e-07,1.88197500e-01
4.88899375e-07,1.88224687e-01
4.88939375e-07,1.88200219e-01
4.88979375e-07,1.88223781e-01
4.89019375e-07,1.88198406e-01
4.89059375e-07,1.88227406e-01
4.89099375e-07,1.88191156e-01
4.89139375e-07,1.88247344e-01
4.89179375e-07,1.88087844e-01
4.89219375e-07,1.87952813e-01
4.89259375e-07,1.87992688e-01
4.89299375e-07,1.87972750e-01
4.89339375e-07,1.87983625e-01
4.89379375e-07,1.87980000e-01
4.89419375e-07,1.87977281e-01
4.89459375e-07,1.87986344e-01
4.89499375e-07,1.87967312e-01
4.89539375e-07,1.88008094e-01
4.89579375e-07,1.87863094e-01
4.89619375e-07,1.87713562e-01
4.89659375e-07,1.87767938e-01
4.89699375e-07,1.87734406e-01
4.89739375e-07,1.87757969e-01
4.89779375e-07,1.87740750e-01
4.89819375e-07,1.87751625e-01
4.89859375e-07,1.87748000e-01
4.89899375e-07,1.87742562e-01
4.89939375e-07,1.87768844e-01
4.89979375e-07,1.87638344e-01
4.90019375e-07,1.87473406e-01
4.90059375e-07,1.87545000e-01
4.90099375e-07,1.87492437e-01
4.90139375e-07,1.87536844e-01
4.90179375e-07,1.87496063e-01
4.90219375e-07,1.87535937e-01
4.90259375e-07,1.87495156e-01
4.90299375e-07,1.87539563e-01
4.90339375e-07,1.87487906e-01
4.90379375e-07,1.87558594e-01
4.90419375e-07,1.87384594e-01
4.90459375e-07,1.87263156e-01
4.90499375e-07,1.87291250e-01
4.90539375e-07,1.87282188e-01
4.90579375e-07,1.87283094e-01
4.90619375e-07,1.87287625e-01
4.90659375e-07,1.87278562e-01
4.90699375e-07,1.87291250e-01
4.90739375e-07,1.87274937e-01
4.90779375e-07,1.87296688e-01
4.90819375e-07,1.87265875e-01
4.90859375e-07,1.87316625e-01
4.90899375e-07,1.87161656e-01
4.90939375e-07,1.87022094e-01
4.90979375e-07,1.87068313e-01
4.91019375e-07,1.87041125e-01
4.91059375e-07,1.87060156e-01
4.91099375e-07,1.87045656e-01
4.91139375e-07,1.87056531e-01
4.91179375e-07,1.87047469e-01
4.91219375e-07,1.87055625e-01
4.91259375e-07,1.87049281e-01
4.91299375e-07,1.87054719e-01
4.91339375e-07,1.87049281e-01
4.91379375e-07,1.87054719e-01
4.91419375e-07,1.87049281e-01
4.91459375e-07,1.87054719e-01
4.91499375e-07,1.87049281e-01
4.91539375e-07,1.87054719e-01
4.91579375e-07,1.87049281e-01
4.91619375e-07,1.87055625e-01
4.91659375e-07,1.87048375e-01
4.91699375e-07,1.87056531e-01
4.91739375e-07,1.87045656e-01
4.91779375e-07,1.87060156e-01
4.91819375e-07,1.87041125e-01
4.91859375e-07,1.87068313e-01
4.91899375e-07,1.87021187e-01
4.91939375e-07,1.87171625e-01
4.91979375e-07,1.87315719e-01
4.92019375e-07,1.87266781e-01
4.92059375e-07,1.87294875e-01
4.92099375e-07,1.87276750e-01
4.92139375e-07,1.87286719e-01
4.92179375e-07,1.87286719e-01
4.92219375e-07,1.87265875e-01
4.92259375e-07,1.87390031e-01
4.92299375e-07,1.87562219e-01
4.92339375e-07,1.87482469e-01
4.92379375e-07,1.87546812e-01
4.92419375e-07,1.87485187e-01
4.92459375e-07,1.87551344e-01
4.92499375e-07,1.87467063e-01
4.92539375e-07,1.87653750e-01
4.92579375e-07,1.87761594e-01
4.92619375e-07,1.87749813e-01
4.92659375e-07,1.87738031e-01
4.92699375e-07,1.87766125e-01
4.92739375e-07,1.87713562e-01
4.92779375e-07,1.87873062e-01
4.92819375e-07,1.88005375e-01
4.92859375e-07,1.87970937e-01
4.92899375e-07,1.87980906e-01
4.92939375e-07,1.87988156e-01
4.92979375e-07,1.87956437e-01
4.93019375e-07,1.88094188e-01
4.93059375e-07,1.88249156e-01
4.93099375e-07,1.88188437e-01
4.93139375e-07,1.88230125e-01
4.93179375e-07,1.88196594e-01
4.93219375e-07,1.88225594e-01
4.93259375e-07,1.88198406e-01
4.93299375e-07,1.88225594e-01
4.93339375e-07,1.88196594e-01
4.93379375e-07,1.88232844e-01
4.93419375e-07,1.88177563e-01
4.93459375e-07,1.88334344e-01
4.93499375e-07,1.88474813e-01
4.93539375e-07,1.88426781e-01
4.93579375e-07,1.88456687e-01
4.93619375e-07,1.88434031e-01
4.93659375e-07,1.88453062e-01
4.93699375e-07,1.88435844e-01
4.93739375e-07,1.88452156e-01
4.93779375e-07,1.88434938e-01
4.93819375e-07,1.88453969e-01
4.93859375e-07,1.88432219e-01
4.93899375e-07,1.88458500e-01
4.93939375e-07,1.88424062e-01
4.93979375e-07,1.88478437e-01
4.94019375e-07,1.88320750e-01
4.94059375e-07,1.88183000e-01
4.94099375e-07,1.88227406e-01
4.94139375e-07,1.88202031e-01
4.94179375e-07,1.88218344e-01
4.94219375e-07,1.88207469e-01
4.94259375e-07,1.88214719e-01
4.94299375e-07,1.88210187e-01
4.94339375e-07,1.88212906e-01
4.94379375e-07,1.88212906e-01
4.94419375e-07,1.88209281e-01
4.94459375e-07,1.88217438e-01
4.94499375e-07,1.88200219e-01
4.94539375e-07,1.88237375e-01
4.94579375e-07,1.88097812e-01
4.94619375e-07,1.87941937e-01
4.94659375e-07,1.88005375e-01
4.94699375e-07,1.87959156e-01
4.94739375e-07,1.87999031e-01
4.94779375e-07,1.87960969e-01
4.94819375e-07,1.88000844e-01
4.94859375e-07,1.87954625e-01
4.94899375e-07,1.88018969e-01
4.94939375e-07,1.87852219e-01
4.94979375e-07,1.87723531e-01
4.95019375e-07,1.87757969e-01
4.95059375e-07,1.87744375e-01
4.95099375e-07,1.87748000e-01
4.95139375e-07,1.87752531e-01
4.95179375e-07,1.87738031e-01
4.95219375e-07,1.87772469e-01
4.95259375e-07,1.87634719e-01
4.95299375e-07,1.87476125e-01
4.95339375e-07,1.87542281e-01
4.95379375e-07,1.87493344e-01
4.95419375e-07,1.87538656e-01
4.95459375e-07,1.87488812e-01
4.95499375e-07,1.87556781e-01
4.95539375e-07,1.87386406e-01
4.95579375e-07,1.87261344e-01
4.95619375e-07,1.87292156e-01
4.95659375e-07,1.87283094e-01
4.95699375e-07,1.87276750e-01
4.95739375e-07,1.87305750e-01
4.95779375e-07,1.87173437e-01
4.95819375e-07,1.87009406e-01
4.95859375e-07,1.87082813e-01
4.95899375e-07,1.87022094e-01
4.95939375e-07,1.87092781e-01
4.95979375e-07,1.86925125e-01
4.96019375e-07,1.86792812e-01
4.96059375e-07,1.86837219e-01
4.96099375e-07,1.86802781e-01
4.96139375e-07,1.86848094e-01
4.96179375e-07,1.86705812e-01
4.96219375e-07,1.86547219e-01
4.96259375e-07,1.86618813e-01
4.96299375e-07,1.86555375e-01
4.96339375e-07,1.86633313e-01
4.96379375e-07,1.86453875e-01
4.96419375e-07,1.86338781e-01
4.96459375e-07,1.86354187e-01
4.96499375e-07,1.86375938e-01
4.96539375e-07,1.86245437e-01
4.96579375e-07,1.86082312e-01
4.96619375e-07,1.86153906e-01
4.96659375e-07,1.86095000e-01
4.96699375e-07,1.86162969e-01
4.96739375e-07,1.85998937e-01
4.96779375e-07,1.85862094e-01
4.96819375e-07,1.85911937e-01
4.96859375e-07,1.85872062e-01
4.96899375e-07,1.85923719e-01
4.96939375e-07,1.85774187e-01
4.96979375e-07,1.85623750e-01
4.97019375e-07,1.85685375e-01
4.97059375e-07,1.85633719e-01
4.97099375e-07,1.85697156e-01
4.97139375e-07,1.85535844e-01
4.97179375e-07,1.85398094e-01
4.97219375e-07,1.85445219e-01
4.97259375e-07,1.85415312e-01
4.97299375e-07,1.85439781e-01
4.97339375e-07,1.85416219e-01
4.97379375e-07,1.85442500e-01
4.97419375e-07,1.85408969e-01
4.97459375e-07,1.85460625e-01
4.97499375e-07,1.85306562e-01
4.97539375e-07,1.85165187e-01
4.97579375e-07,1.85213219e-01
4.97619375e-07,1.85184219e-01
4.97659375e-07,1.85205062e-01
4.97699375e-07,1.85188750e-01
4.97739375e-07,1.85202344e-01
4.97779375e-07,1.85190562e-01
4.97819375e-07,1.85201438e-01
4.97859375e-07,1.85191469e-01
4.97899375e-07,1.85200531e-01
4.97939375e-07,1.85191469e-01
4.97979375e-07,1.85200531e-01
4.98019375e-07,1.85192375e-01
4.98059375e-07,1.85199625e-01
4.98099375e-07,1.85192375e-01
4.98139375e-07,1.85199625e-01
4.98179375e-07,1.85192375e-01
4.98219375e-07,1.85199625e-01
4.98259375e-07,1.85192375e-01
4.98299375e-07,1.85199625e-01
4.98339375e-07,1.85192375e-01
4.98379375e-07,1.85199625e-01
4.98419375e-07,1.85192375e-01
4.98459375e-07,1.85199625e-01
4.98499375e-07,1.85192375e-01
4.98539375e-07,1.85199625e-01
4.98579375e-07,1.85192375e-01
4.98619375e-07,1.85199625e-01
4.98659375e-07,1.85191469e-01
4.98699375e-07,1.85200531e-01
4.98739375e-07,1.85191469e-01
4.98779375e-07,1.85200531e-01
4.98819375e-07,1.85190562e-01
4.98859375e-07,1.85201438e-01
4.98899375e-07,1.85190562e-01
4.98939375e-07,1.85202344e-01
4.98979375e-07,1.85188750e-01
4.99019375e-07,1.85204156e-01
4.99059375e-07,1.85186938e-01
4.99099375e-07,1.85206875e-01
4.99139375e-07,1.85181500e-01
4.99179375e-07,1.85215938e-01
4.99219375e-07,1.85161562e-01
4.99259375e-07,1.85319250e-01
4.99299375e-07,1.85456094e-01
4.99339375e-07,1.85413500e-01
4.99379375e-07,1.85436156e-01
4.99419375e-07,1.85422562e-01
4.99459375e-07,1.85430719e-01
4.99499375e-07,1.85427094e-01
4.99539375e-07,1.85426188e-01
4.99579375e-07,1.85431625e-01
4.99619375e-07,1.85420750e-01
4.99659375e-07,1.85441594e-01
4.99699375e-07,1.85399000e-01
4.99739375e-07,1.85545812e-01
4.99779375e-07,1.85693531e-01
4.99819375e-07,1.85641875e-01
4.99859375e-07,1.85669969e-01
4.99899375e-07,1.85657281e-01
4.99939375e-07,1.85647312e-01
4.99979375e-07,1.85760594e-01
5.00019375e-07,1.85944562e-01
5.00059375e-07,1.85850313e-01
5.00099375e-07,1.85934594e-01
5.00139375e-07,1.85836719e-01
5.00179375e-07,1.86036094e-01
5.00219375e-07,1.86130344e-01
5.00259375e-07,1.86136688e-01
5.00299375e-07,1.86091375e-01
5.00339375e-07,1.86249063e-01
5.00379375e-07,1.86378656e-01
5.00419375e-07,1.86352375e-01
5.00459375e-07,1.86339687e-01
5.00499375e-07,1.86462938e-01
5.00539375e-07,1.86632406e-01
5.00579375e-07,1.86556281e-01
5.00619375e-07,1.86618813e-01
5.00659375e-07,1.86547219e-01
5.00699375e-07,1.86714875e-01
5.00739375e-07,1.86848094e-01
5.00779375e-07,1.86801875e-01
5.00819375e-07,1.86839031e-01
5.00859375e-07,1.86790094e-01
5.00899375e-07,1.86936906e-01
5.00939375e-07,1.87090062e-01
5.00979375e-07,1.87024812e-01
5.01019375e-07,1.87079187e-01
5.01059375e-07,1.87013031e-01
5.01099375e-07,1.87177969e-01
5.01139375e-07,1.87311188e-01
5.01179375e-07,1.87269500e-01
5.01219375e-07,1.87293969e-01
5.01259375e-07,1.87275844e-01
5.01299375e-07,1.87291250e-01
5.01339375e-07,1.87276750e-01
5.01379375e-07,1.87292156e-01
5.01419375e-07,1.87273125e-01
5.01459375e-07,1.87299406e-01
5.01499375e-07,1.87255000e-01
5.01539375e-07,1.87400906e-01
5.01579375e-07,1.87552250e-01
5.01619375e-07,1.87491531e-01
5.01659375e-07,1.87537750e-01
5.01699375e-07,1.87491531e-01
5.01739375e-07,1.87553156e-01
5.01779375e-07,1.87390937e-01
5.01819375e-07,1.87255906e-01
5.01859375e-07,1.87299406e-01
5.01899375e-07,1.87274031e-01
5.01939375e-07,1.87292156e-01
5.01979375e-07,1.87276750e-01
5.02019375e-07,1.87290344e-01
5.02059375e-07,1.87277656e-01
5.02099375e-07,1.87290344e-01
5.02139375e-07,1.87277656e-01
5.02179375e-07,1.87291250e-01
5.02219375e-07,1.87274937e-01
5.02259375e-07,1.87295781e-01
5.02299375e-07,1.87266781e-01
5.02339375e-07,1.87314812e-01
5.02379375e-07,1.87164375e-01
5.02419375e-07,1.87019375e-01
5.02459375e-07,1.87071031e-01
5.02499375e-07,1.87038406e-01
5.02539375e-07,1.87062875e-01
5.02579375e-07,1.87042031e-01
5.02619375e-07,1.87061062e-01
5.02659375e-07,1.87043844e-01
5.02699375e-07,1.87060156e-01
5.02739375e-07,1.87043844e-01
5.02779375e-07,1.87061062e-01
5.02819375e-07,1.87042031e-01
5.02859375e-07,1.87063781e-01
5.02899375e-07,1.87037500e-01
5.02939375e-07,1.87071938e-01
5.02979375e-07,1.87017562e-01
5.03019375e-07,1.87175250e-01
5.03059375e-07,1.87313000e-01
5.03099375e-07,1.87269500e-01
5.03139375e-07,1.87292156e-01
5.03179375e-07,1.87279469e-01
5.03219375e-07,1.87284906e-01
5.03259375e-07,1.87289437e-01
5.03299375e-07,1.87264062e-01
5.03339375e-07,1.87391844e-01
5.03379375e-07,1.87562219e-01
5.03419375e-07,1.87480656e-01
5.03459375e-07,1.87552250e-01
5.03499375e-07,1.87467969e-01
5.03539375e-07,1.87651031e-01
5.03579375e-07,1.87765219e-01
5.03619375e-07,1.87746187e-01
5.03659375e-07,1.87742562e-01
5.03699375e-07,1.87760687e-01
5.03739375e-07,1.87719000e-01
5.03779375e-07,1.87865813e-01
5.03819375e-07,1.88013531e-01
5.03859375e-07,1.87960062e-01
5.03899375e-07,1.87994500e-01
5.03939375e-07,1.87968219e-01
5.03979375e-07,1.87989969e-01
5.04019375e-07,1.87970031e-01
5.04059375e-07,1.87989969e-01
5.04099375e-07,1.87968219e-01
5.04139375e-07,1.87995406e-01
5.04179375e-07,1.87951906e-01
5.04219375e-07,1.88095094e-01
5.04259375e-07,1.88251875e-01
5.04299375e-07,1.88179375e-01
5.04339375e-07,1.88253687e-01
5.04379375e-07,1.88084219e-01
5.04419375e-07,1.87953719e-01
5.04459375e-07,1.87993594e-01
5.04499375e-07,1.87970937e-01
5.04539375e-07,1.87987250e-01
5.04579375e-07,1.87973656e-01
5.04619375e-07,1.87986344e-01
5.04659375e-07,1.87972750e-01
5.04699375e-07,1.87989062e-01
5.04739375e-07,1.87966406e-01
5.04779375e-07,1.88007188e-01
5.04819375e-07,1.87864906e-01
5.04859375e-07,1.87709031e-01
5.04899375e-07,1.87774281e-01
5.04939375e-07,1.87724438e-01
5.04979375e-07,1.87771562e-01
5.05019375e-07,1.87719000e-01
5.05059375e-07,1.87790594e-01
5.05099375e-07,1.87616594e-01
5.05139375e-07,1.87496063e-01
5.05179375e-07,1.87520531e-01
5.05219375e-07,1.87520531e-01
5.05259375e-07,1.87503312e-01
5.05299375e-07,1.87545000e-01
5.05339375e-07,1.87396375e-01
5.05379375e-07,1.87252281e-01
5.05419375e-07,1.87300313e-01
5.05459375e-07,1.87274937e-01
5.05499375e-07,1.87288531e-01
5.05539375e-07,1.87284906e-01
5.05579375e-07,1.87275844e-01
5.05619375e-07,1.87307562e-01
5.05659375e-07,1.87171625e-01
5.05699375e-07,1.87013031e-01
5.05739375e-07,1.87076469e-01
5.05779375e-07,1.87033875e-01
5.05819375e-07,1.87067406e-01
5.05859375e-07,1.87038406e-01
5.05899375e-07,1.87063781e-01
5.05939375e-07,1.87041125e-01
5.05979375e-07,1.87061969e-01
5.06019375e-07,1.87042938e-01
5.06059375e-07,1.87060156e-01
5.06099375e-07,1.87043844e-01
5.06139375e-07,1.87059250e-01
5.06179375e-07,1.87044750e-01
5.06219375e-07,1.87059250e-01
5.06259375e-07,1.87045656e-01
5.06299375e-07,1.87058344e-01
5.06339375e-07,1.87045656e-01
5.06379375e-07,1.87057438e-01
5.06419375e-07,1.87046562e-01
5.06459375e-07,1.87057438e-01
5.06499375e-07,1.87046562e-01
5.06539375e-07,1.87056531e-01
5.06579375e-07,1.87047469e-01
5.06619375e-07,1.87056531e-01
5.06659375e-07,1.87048375e-01
5.06699375e-07,1.87055625e-01
5.06739375e-07,1.87048375e-01
5.06779375e-07,1.87054719e-01
5.06819375e-07,1.87050187e-01
5.06859375e-07,1.87052906e-01
5.06899375e-07,1.87052906e-01
5.06939375e-07,1.87048375e-01
5.06979375e-07,1.87060156e-01
5.07019375e-07,1.87029344e-01
5.07059375e-07,1.87162562e-01
5.07099375e-07,1.87326594e-01
5.07139375e-07,1.87254094e-01
5.07179375e-07,1.87310281e-01
5.07219375e-07,1.87257719e-01
5.07259375e-07,1.87313906e-01
5.07299375e-07,1.87240500e-01
5.07339375e-07,1.87416312e-01
5.07379375e-07,1.87535937e-01
5.07419375e-07,1.87510563e-01
5.07459375e-07,1.87514187e-01
5.07499375e-07,1.87525063e-01
5.07539375e-07,1.87492437e-01
5.07579375e-07,1.87628375e-01
5.07619375e-07,1.87789687e-01
5.07659375e-07,1.87717187e-01
5.07699375e-07,1.87778813e-01
5.07739375e-07,1.87704500e-01
5.07779375e-07,1.87878500e-01
5.07819375e-07,1.88000844e-01
5.07859375e-07,1.87973656e-01
5.07899375e-07,1.87978188e-01
5.07939375e-07,1.87989969e-01
5.07979375e-07,1.87953719e-01
5.08019375e-07,1.88096906e-01
5.08059375e-07,1.88245531e-01
5.08099375e-07,1.88193875e-01
5.08139375e-07,1.88221063e-01
5.08179375e-07,1.88211094e-01
5.08219375e-07,1.88196594e-01
5.08259375e-07,1.88317125e-01
5.08299375e-07,1.88490219e-01
5.08339375e-07,1.88412281e-01
5.08379375e-07,1.88470281e-01
5.08419375e-07,1.88421344e-01
5.08459375e-07,1.88464844e-01
5.08499375e-07,1.88424062e-01
5.08539375e-07,1.88463031e-01
5.08579375e-07,1.88425875e-01
5.08619375e-07,1.88462125e-01
5.08659375e-07,1.88425875e-01
5.08699375e-07,1.88462125e-01
5.08739375e-07,1.88425875e-01
5.08779375e-07,1.88463031e-01
5.08819375e-07,1.88424062e-01
5.08859375e-07,1.88464844e-01
5.08899375e-07,1.88422250e-01
5.08939375e-07,1.88468469e-01
5.08979375e-07,1.88414094e-01
5.09019375e-07,1.88488406e-01
5.09059375e-07,1.88311687e-01
5.09099375e-07,1.88191156e-01
5.09139375e-07,1.88221063e-01
5.09179375e-07,1.88203844e-01
5.09219375e-07,1.88230125e-01
5.09259375e-07,1.88108688e-01
5.09299375e-07,1.87926531e-01
5.09339375e-07,1.88024406e-01
5.09379375e-07,1.87933781e-01
5.09419375e-07,1.88040719e-01
5.09459375e-07,1.87829562e-01
5.09499375e-07,1.87749813e-01
5.09539375e-07,1.87726250e-01
5.09579375e-07,1.87790594e-01
5.09619375e-07,1.87611156e-01
5.09659375e-07,1.87506031e-01
5.09699375e-07,1.87504219e-01
5.09739375e-07,1.87549531e-01
5.09779375e-07,1.87388219e-01
5.09819375e-07,1.87265875e-01
5.09859375e-07,1.87280375e-01
5.09899375e-07,1.87308469e-01
5.09939375e-07,1.87165281e-01
5.09979375e-07,1.87022094e-01
5.10019375e-07,1.87064687e-01
5.10059375e-07,1.87049281e-01
5.10099375e-07,1.87044750e-01
5.10139375e-07,1.87076469e-01
5.10179375e-07,1.86936906e-01
5.10219375e-07,1.86784656e-01
5.10259375e-07,1.86839937e-01
5.10299375e-07,1.86806406e-01
5.10339375e-07,1.86829969e-01
5.10379375e-07,1.86812750e-01
5.10419375e-07,1.86824531e-01
5.10459375e-07,1.86817281e-01
5.10499375e-07,1.86821812e-01
5.10539375e-07,1.86820000e-01
5.10579375e-07,1.86819094e-01
5.10619375e-07,1.86822719e-01
5.10659375e-07,1.86816375e-01
5.10699375e-07,1.86825437e-01
5.10739375e-07,1.86812750e-01
5.10779375e-07,1.86829969e-01
5.10819375e-07,1.86806406e-01
5.10859375e-07,1.86839937e-01
5.10899375e-07,1.86784656e-01
5.10939375e-07,1.86945063e-01
5.10979375e-07,1.87078281e-01
5.11019375e-07,1.87041125e-01
5.11059375e-07,1.87055625e-01
5.11099375e-07,1.87053812e-01
5.11139375e-07,1.87045656e-01
5.11179375e-07,1.87065594e-01
5.11219375e-07,1.87022094e-01
5.11259375e-07,1.87171625e-01
5.11299375e-07,1.87314812e-01
5.11339375e-07,1.87268594e-01
5.11379375e-07,1.87292156e-01
5.11419375e-07,1.87280375e-01
5.11459375e-07,1.87282188e-01
5.11499375e-07,1.87293062e-01
5.11539375e-07,1.87259531e-01
5.11579375e-07,1.87398188e-01
5.11619375e-07,1.87553156e-01
5.11659375e-07,1.87493344e-01
5.11699375e-07,1.87532312e-01
5.11739375e-07,1.87503312e-01
5.11779375e-07,1.87526875e-01
5.11819375e-07,1.87506937e-01
5.11859375e-07,1.87523250e-01
5.11899375e-07,1.87509656e-01
5.11939375e-07,1.87521437e-01
5.11979375e-07,1.87511469e-01
5.12019375e-07,1.87520531e-01
5.12059375e-07,1.87512375e-01
5.12099375e-07,1.87518719e-01
5.12139375e-07,1.87513281e-01
5.12179375e-07,1.87517812e-01
5.12219375e-07,1.87514187e-01
5.12259375e-07,1.87516906e-01
5.12299375e-07,1.87516000e-01
5.12339375e-07,1.87516000e-01
5.12379375e-07,1.87516906e-01
5.12419375e-07,1.87514187e-01
5.12459375e-07,1.87518719e-01
5.12499375e-07,1.87512375e-01
5.12539375e-07,1.87520531e-01
5.12579375e-07,1.87510563e-01
5.12619375e-07,1.87523250e-01
5.12659375e-07,1.87506937e-01
5.12699375e-07,1.87528687e-01
5.12739375e-07,1.87496969e-01
5.12779375e-07,1.87549531e-01
5.12819375e-07,1.87392750e-01
5.12859375e-07,1.87255000e-01
5.12899375e-07,1.87297594e-01
5.12939375e-07,1.87276750e-01
5.12979375e-07,1.87287625e-01
5.13019375e-07,1.87284000e-01
5.13059375e-07,1.87281281e-01
5.13099375e-07,1.87291250e-01
5.13139375e-07,1.87270406e-01
5.13179375e-07,1.87313000e-01
5.13219375e-07,1.87164375e-01
5.13259375e-07,1.87020281e-01
5.13299375e-07,1.87068313e-01
5.13339375e-07,1.87042938e-01
5.13379375e-07,1.87056531e-01
5.13419375e-07,1.87052906e-01
5.13459375e-07,1.87043844e-01
5.13499375e-07,1.87076469e-01
5.13539375e-07,1.86937812e-01
5.13579375e-07,1.86783750e-01
5.13619375e-07,1.86839937e-01
5.13659375e-07,1.86808219e-01
5.13699375e-07,1.86823625e-01
5.13739375e-07,1.86832687e-01
5.13779375e-07,1.86717594e-01
5.13819375e-07,1.86538156e-01
5.13859375e-07,1.86624250e-01
5.13899375e-07,1.86555375e-01
5.13939375e-07,1.86619719e-01
5.13979375e-07,1.86552656e-01
5.14019375e-07,1.86636937e-01
5.14059375e-07,1.86451156e-01
5.14099375e-07,1.86339687e-01
5.14139375e-07,1.86358719e-01
5.14179375e-07,1.86358719e-01
5.14219375e-07,1.86350562e-01
5.14259375e-07,1.86364156e-01
5.14299375e-07,1.86345125e-01
5.14339375e-07,1.86369594e-01
5.14379375e-07,1.86336063e-01
5.14419375e-07,1.86390438e-01
5.14459375e-07,1.86232750e-01
5.14499375e-07,1.86095000e-01
5.14539375e-07,1.86139406e-01
5.14579375e-07,1.86114031e-01
5.14619375e-07,1.86130344e-01
5.14659375e-07,1.86118563e-01
5.14699375e-07,1.86127625e-01
5.14739375e-07,1.86120375e-01
5.14779375e-07,1.86126719e-01
5.14819375e-07,1.86121281e-01
5.14859375e-07,1.86125812e-01
5.14899375e-07,1.86122188e-01
5.14939375e-07,1.86125812e-01
5.14979375e-07,1.86122188e-01
5.15019375e-07,1.86125812e-01
5.15059375e-07,1.86122188e-01
5.15099375e-07,1.86125812e-01
5.15139375e-07,1.86122188e-01
5.15179375e-07,1.86125812e-01
5.15219375e-07,1.86122188e-01
5.15259375e-07,1.86126719e-01
5.15299375e-07,1.86121281e-01
5.15339375e-07,1.86127625e-01
5.15379375e-07,1.86120375e-01
5.15419375e-07,1.86128531e-01
5.15459375e-07,1.86118563e-01
5.15499375e-07,1.86131250e-01
5.15539375e-07,1.86114031e-01
5.15579375e-07,1.86139406e-01
5.15619375e-07,1.86094094e-01
5.15659375e-07,1.86242719e-01
5.15699375e-07,1.86389531e-01
5.15739375e-07,1.86336063e-01
5.15779375e-07,1.86370500e-01
5.15819375e-07,1.86344219e-01
5.15859375e-07,1.86366875e-01
5.15899375e-07,1.86346031e-01
5.15939375e-07,1.86365969e-01
5.15979375e-07,1.86346031e-01
5.16019375e-07,1.86366875e-01
5.16059375e-07,1.86342406e-01
5.16099375e-07,1.86374125e-01
5.16139375e-07,1.86323375e-01
5.16179375e-07,1.86476531e-01
5.16219375e-07,1.86620625e-01
5.16259375e-07,1.86568969e-01
5.16299375e-07,1.86602500e-01
5.16339375e-07,1.86575313e-01
5.16379375e-07,1.86600688e-01
5.16419375e-07,1.86573500e-01
5.16459375e-07,1.86607937e-01
5.16499375e-07,1.86555375e-01
5.16539375e-07,1.86709437e-01
5.16579375e-07,1.86851719e-01
5.16619375e-07,1.86800969e-01
5.16659375e-07,1.86835406e-01
5.16699375e-07,1.86804594e-01
5.16739375e-07,1.86839031e-01
5.16779375e-07,1.86788281e-01
5.16819375e-07,1.86938719e-01
5.16859375e-07,1.87087344e-01
5.16899375e-07,1.87029344e-01
5.16939375e-07,1.87071938e-01
5.16979375e-07,1.87031156e-01
5.17019375e-07,1.87076469e-01
5.17059375e-07,1.87013938e-01
5.17099375e-07,1.87178875e-01
5.17139375e-07,1.87309375e-01
5.17179375e-07,1.87273125e-01
5.17219375e-07,1.87289437e-01
5.17259375e-07,1.87282188e-01
5.17299375e-07,1.87283094e-01
5.17339375e-07,1.87287625e-01
5.17379375e-07,1.87276750e-01
5.17419375e-07,1.87297594e-01
5.17459375e-07,1.87255000e-01
5.17499375e-07,1.87401812e-01
5.17539375e-07,1.87549531e-01
5.17579375e-07,1.87496063e-01
5.17619375e-07,1.87529594e-01
5.17659375e-07,1.87505125e-01
5.17699375e-07,1.87525063e-01
5.17739375e-07,1.87508750e-01
5.17779375e-07,1.87522344e-01
5.17819375e-07,1.87510563e-01
5.17859375e-07,1.87520531e-01
5.17899375e-07,1.87512375e-01
5.17939375e-07,1.87518719e-01
5.17979375e-07,1.87514187e-01
5.18019375e-07,1.87516906e-01
5.18059375e-07,1.87516906e-01
5.18099375e-07,1.87513281e-01
5.18139375e-07,1.87521437e-01
5.18179375e-07,1.87504219e-01
5.18219375e-07,1.87542281e-01
5.18259375e-07,1.87400906e-01
5.18299375e-07,1.87246844e-01
5.18339375e-07,1.87307562e-01
5.18379375e-07,1.87265875e-01
5.18419375e-07,1.87299406e-01
5.18459375e-07,1.87270406e-01
5.18499375e-07,1.87296688e-01
5.18539375e-07,1.87271313e-01
5.18579375e-07,1.87296688e-01
5.18619375e-07,1.87271313e-01
5.18659375e-07,1.87297594e-01
5.18699375e-07,1.87269500e-01
5.18739375e-07,1.87301219e-01
5.18779375e-07,1.87261344e-01
5.18819375e-07,1.87320250e-01
5.18859375e-07,1.87158938e-01
5.18899375e-07,1.87023906e-01
5.18939375e-07,1.87066500e-01
5.18979375e-07,1.87042031e-01
5.19019375e-07,1.87060156e-01
5.19059375e-07,1.87044750e-01
5.19099375e-07,1.87060156e-01
5.19139375e-07,1.87042031e-01
5.19179375e-07,1.87066500e-01
5.19219375e-07,1.87023906e-01
5.19259375e-07,1.87168000e-01
5.19299375e-07,1.87320250e-01
5.19339375e-07,1.87260437e-01
5.19379375e-07,1.87303031e-01
5.19419375e-07,1.87266781e-01
5.19459375e-07,1.87302125e-01
5.19499375e-07,1.87264969e-01
5.19539375e-07,1.87308469e-01
5.19579375e-07,1.87245937e-01
5.19619375e-07,1.87409969e-01
5.19659375e-07,1.87543187e-01
5.19699375e-07,1.87501500e-01
5.19739375e-07,1.87525969e-01
5.19779375e-07,1.87506031e-01
5.19819375e-07,1.87528687e-01
5.19859375e-07,1.87490625e-01
5.19899375e-07,1.87627469e-01
5.19939375e-07,1.87791500e-01
5.19979375e-07,1.87714469e-01
5.20019375e-07,1.87782438e-01
5.20059375e-07,1.87700875e-01
5.20099375e-07,1.87883031e-01
5.20139375e-07,1.87996312e-01
5.20179375e-07,1.87979094e-01
5.20219375e-07,1.87972750e-01
5.20259375e-07,1.87995406e-01
5.20299375e-07,1.87948281e-01
5.20339375e-07,1.88101437e-01
5.20379375e-07,1.88241000e-01
5.20419375e-07,1.88198406e-01
5.20459375e-07,1.88219250e-01
5.20499375e-07,1.88210187e-01
5.20539375e-07,1.88209281e-01
5.20579375e-07,1.88221969e-01
5.20619375e-07,1.88186625e-01
5.20659375e-07,1.88327094e-01
5.20699375e-07,1.88481156e-01
5.20739375e-07,1.88421344e-01
5.20779375e-07,1.88460313e-01
5.20819375e-07,1.88430406e-01
5.20859375e-07,1.88455781e-01
5.20899375e-07,1.88434031e-01
5.20939375e-07,1.88453062e-01
5.20979375e-07,1.88435844e-01
5.21019375e-07,1.88451250e-01
5.21059375e-07,1.88436750e-01
5.21099375e-07,1.88450344e-01
5.21139375e-07,1.88437656e-01
5.21179375e-07,1.88450344e-01
5.21219375e-07,1.88438562e-01
5.21259375e-07,1.88449437e-01
5.21299375e-07,1.88438562e-01
5.21339375e-07,1.88449437e-01
5.21379375e-07,1.88439469e-01
5.21419375e-07,1.88448531e-01
5.21459375e-07,1.88439469e-01
5.21499375e-07,1.88448531e-01
5.21539375e-07,1.88439469e-01
5.21579375e-07,1.88448531e-01
5.21619375e-07,1.88439469e-01
5.21659375e-07,1.88448531e-01
5.21699375e-07,1.88439469e-01
5.21739375e-07,1.88447625e-01
5.21779375e-07,1.88440375e-01
5.21819375e-07,1.88447625e-01
5.21859375e-07,1.88440375e-01
5.21899375e-07,1.88447625e-01
5.21939375e-07,1.88440375e-01
5.21979375e-07,1.88447625e-01
5.22019375e-07,1.88440375e-01
5.22059375e-07,1.88447625e-01
5.22099375e-07,1.88440375e-01
5.22139375e-07,1.88447625e-01
5.22179375e-07,1.88440375e-01
5.22219375e-07,1.88447625e-01
5.22259375e-07,1.88440375e-01
5.22299375e-07,1.88447625e-01
5.22339375e-07,1.88440375e-01
5.22379375e-07,1.88447625e-01
5.22419375e-07,1.88440375e-01
5.22459375e-07,1.88447625e-01
5.22499375e-07,1.88440375e-01
5.22539375e-07,1.88447625e-01
5.22579375e-07,1.88440375e-01
5.22619375e-07,1.88447625e-01
5.22659375e-07,1.88440375e-01
5.22699375e-07,1.88447625e-01
5.22739375e-07,1.88440375e-01
5.22779375e-07,1.88448531e-01
5.22819375e-07,1.88439469e-01
5.22859375e-07,1.88448531e-01
5.22899375e-07,1.88439469e-01
5.22939375e-07,1.88448531e-01
5.22979375e-07,1.88439469e-01
5.23019375e-07,1.88448531e-01
5.23059375e-07,1.88439469e-01
5.23099375e-07,1.88448531e-01
5.23139375e-07,1.88439469e-01
5.23179375e-07,1.88448531e-01
5.23219375e-07,1.88439469e-01
5.23259375e-07,1.88448531e-01
5.23299375e-07,1.88438562e-01
5.23339375e-07,1.88449437e-01
5.23379375e-07,1.88438562e-01
5.23419375e-07,1.88449437e-01
5.23459375e-07,1.88438562e-01
5.23499375e-07,1.88449437e-01
5.23539375e-07,1.88438562e-01
5.23579375e-07,1.88450344e-01
5.23619375e-07,1.88437656e-01
5.23659375e-07,1.88450344e-01
5.23699375e-07,1.88437656e-01
5.23739375e-07,1.88451250e-01
5.23779375e-07,1.88436750e-01
5.23819375e-07,1.88451250e-01
5.23859375e-07,1.88435844e-01
5.23899375e-07,1.88452156e-01
5.23939375e-07,1.88434938e-01
5.23979375e-07,1.88453062e-01
5.24019375e-07,1.88434031e-01
5.24059375e-07,1.88454875e-01
5.24099375e-07,1.88432219e-01
5.24139375e-07,1.88456687e-01
5.24179375e-07,1.88428594e-01
5.24219375e-07,1.88462125e-01
5.24259375e-07,1.88419531e-01
5.24299375e-07,1.88482969e-01
5.24339375e-07,1.88316219e-01
5.24379375e-07,1.88188437e-01
5.24419375e-07,1.88221063e-01
5.24459375e-07,1.88208375e-01
5.24499375e-07,1.88212000e-01
5.24539375e-07,1.88214719e-01
5.24579375e-07,1.88206563e-01
5.24619375e-07,1.88219250e-01
5.24659375e-07,1.88202031e-01
5.24699375e-07,1.88226500e-01
5.24739375e-07,1.88191156e-01
5.24779375e-07,1.88248250e-01
5.24819375e-07,1.88086031e-01
5.24859375e-07,1.87954625e-01
5.24899375e-07,1.87990875e-01
5.24939375e-07,1.87976375e-01
5.24979375e-07,1.87978188e-01
5.25019375e-07,1.87986344e-01
5.25059375e-07,1.87966406e-01
5.25099375e-07,1.88009906e-01
5.25139375e-07,1.87860375e-01
5.25179375e-07,1.87716281e-01
5.25219375e-07,1.87764313e-01
5.25259375e-07,1.87738031e-01
5.25299375e-07,1.87752531e-01
5.25339375e-07,1.87748000e-01
5.25379375e-07,1.87740750e-01
5.25419375e-07,1.87770656e-01
5.25459375e-07,1.87636531e-01
5.25499375e-07,1.87476125e-01
5.25539375e-07,1.87542281e-01
5.25579375e-07,1.87494250e-01
5.25619375e-07,1.87535031e-01
5.25659375e-07,1.87496969e-01
5.25699375e-07,1.87535937e-01
5.25739375e-07,1.87491531e-01
5.25779375e-07,1.87554063e-01
5.25819375e-07,1.87390031e-01
5.25859375e-07,1.87257719e-01
5.25899375e-07,1.87297594e-01
5.25939375e-07,1.87275844e-01
5.25979375e-07,1.87290344e-01
5.26019375e-07,1.87279469e-01
5.26059375e-07,1.87288531e-01
5.26099375e-07,1.87280375e-01
5.26139375e-07,1.87287625e-01
5.26179375e-07,1.87280375e-01
5.26219375e-07,1.87287625e-01
5.26259375e-07,1.87280375e-01
5.26299375e-07,1.87287625e-01
5.26339375e-07,1.87280375e-01
5.26379375e-07,1.87287625e-01
5.26419375e-07,1.87280375e-01
5.26459375e-07,1.87288531e-01
5.26499375e-07,1.87279469e-01
5.26539375e-07,1.87289437e-01
5.26579375e-07,1.87278562e-01
5.26619375e-07,1.87290344e-01
5.26659375e-07,1.87276750e-01
5.26699375e-07,1.87292156e-01
5.26739375e-07,1.87274031e-01
5.26779375e-07,1.87295781e-01
5.26819375e-07,1.87269500e-01
5.26859375e-07,1.87304844e-01
5.26899375e-07,1.87248656e-01
5.26939375e-07,1.87409063e-01
5.26979375e-07,1.87543187e-01
5.27019375e-07,1.87503312e-01
5.27059375e-07,1.87522344e-01
5.27099375e-07,1.87514187e-01
5.27139375e-07,1.87515094e-01
5.27179375e-07,1.87520531e-01
5.27219375e-07,1.87507844e-01
5.27259375e-07,1.87530500e-01
5.27299375e-07,1.87486094e-01
5.27339375e-07,1.87635625e-01
5.27379375e-07,1.87779719e-01
5.27419375e-07,1.87731687e-01
5.27459375e-07,1.87757969e-01
5.27499375e-07,1.87742562e-01
5.27539375e-07,1.87748906e-01
5.27579375e-07,1.87754344e-01
5.27619375e-07,1.87726250e-01
5.27659375e-07,1.87858562e-01
5.27699375e-07,1.88020781e-01
5.27739375e-07,1.87952813e-01
5.27779375e-07,1.88001750e-01
5.27819375e-07,1.87960969e-01
5.27859375e-07,1.87998125e-01
5.27899375e-07,1.87962781e-01
5.27939375e-07,1.87998125e-01
5.27979375e-07,1.87959156e-01
5.28019375e-07,1.88005375e-01
5.28059375e-07,1.87941031e-01
5.28099375e-07,1.88107781e-01
5.28139375e-07,1.88237375e-01
5.28179375e-07,1.88200219e-01
5.28219375e-07,1.88218344e-01
5.28259375e-07,1.88208375e-01
5.28299375e-07,1.88213812e-01
5.28339375e-07,1.88211094e-01
5.28379375e-07,1.88212000e-01
5.28419375e-07,1.88212000e-01
5.28459375e-07,1.88211094e-01
5.28499375e-07,1.88212906e-01
5.28539375e-07,1.88211094e-01
5.28579375e-07,1.88213812e-01
5.28619375e-07,1.88210187e-01
5.28659375e-07,1.88213812e-01
5.28699375e-07,1.88209281e-01
5.28739375e-07,1.88214719e-01
5.28779375e-07,1.88208375e-01
5.28819375e-07,1.88216531e-01
5.28859375e-07,1.88207469e-01
5.28899375e-07,1.88218344e-01
5.28939375e-07,1.88203844e-01
5.28979375e-07,1.88222875e-01
5.29019375e-07,1.88195687e-01
5.29059375e-07,1.88242812e-01
5.29099375e-07,1.88092375e-01
5.29139375e-07,1.87947375e-01
5.29179375e-07,1.87999031e-01
5.29219375e-07,1.87966406e-01
5.29259375e-07,1.87990875e-01
5.29299375e-07,1.87970937e-01
5.29339375e-07,1.87987250e-01
5.29379375e-07,1.87973656e-01
5.29419375e-07,1.87986344e-01
5.29459375e-07,1.87974562e-01
5.29499375e-07,1.87985437e-01
5.29539375e-07,1.87975469e-01
5.29579375e-07,1.87984531e-01
5.29619375e-07,1.87976375e-01
5.29659375e-07,1.87982719e-01
5.29699375e-07,1.87977281e-01
5.29739375e-07,1.87981812e-01
5.29779375e-07,1.87980000e-01
5.29819375e-07,1.87977281e-01
5.29859375e-07,1.87988156e-01
5.29899375e-07,1.87958250e-01
5.29939375e-07,1.88090563e-01
5.29979375e-07,1.88254594e-01
5.30019375e-07,1.88182094e-01
5.30059375e-07,1.88237375e-01
5.30099375e-07,1.88188437e-01
5.30139375e-07,1.88236469e-01
5.30179375e-07,1.88185719e-01
5.30219375e-07,1.88243719e-01
5.30259375e-07,1.88165781e-01
5.30299375e-07,1.88347031e-01
5.30339375e-07,1.88461219e-01
5.30379375e-07,1.88441281e-01
5.30419375e-07,1.88439469e-01
5.30459375e-07,1.88453062e-01
5.30499375e-07,1.88430406e-01
5.30539375e-07,1.88464844e-01
5.30579375e-07,1.88407750e-01
5.30619375e-07,1.88569969e-01
5.30659375e-07,1.88701375e-01
5.30699375e-07,1.88665125e-01
5.30739375e-07,1.88681437e-01
5.30779375e-07,1.88674188e-01
5.30819375e-07,1.88675094e-01
5.30859375e-07,1.88679625e-01
5.30899375e-07,1.88670562e-01
5.30939375e-07,1.88683250e-01
5.30979375e-07,1.88666031e-01
5.31019375e-07,1.88688688e-01
5.31059375e-07,1.88658781e-01
5.31099375e-07,1.88700469e-01
5.31139375e-07,1.88635219e-01
5.31179375e-07,1.88809219e-01
5.31219375e-07,1.88921594e-01
5.31259375e-07,1.88923406e-01
5.31299375e-07,1.88798344e-01
5.31339375e-07,1.88637031e-01
5.31379375e-07,1.88698656e-01
5.31419375e-07,1.88659688e-01
5.31459375e-07,1.88687781e-01
5.31499375e-07,1.88666031e-01
5.31539375e-07,1.88683250e-01
5.31579375e-07,1.88669656e-01
5.31619375e-07,1.88680531e-01
5.31659375e-07,1.88672375e-01
5.31699375e-07,1.88678719e-01
5.31739375e-07,1.88674188e-01
5.31779375e-07,1.88676906e-01
5.31819375e-07,1.88676000e-01
5.31859375e-07,1.88675094e-01
5.31899375e-07,1.88677812e-01
5.31939375e-07,1.88673281e-01
5.31979375e-07,1.88680531e-01
5.32019375e-07,1.88670562e-01
5.32059375e-07,1.88683250e-01
5.32099375e-07,1.88666031e-01
5.32139375e-07,1.88689594e-01
5.32179375e-07,1.88656062e-01
5.32219375e-07,1.88711344e-01
5.32259375e-07,1.88550031e-01
5.32299375e-07,1.88419531e-01
5.32339375e-07,1.88451250e-01
5.32379375e-07,1.88447625e-01
5.32419375e-07,1.88422250e-01
5.32459375e-07,1.88556375e-01
5.32499375e-07,1.88714063e-01
5.32539375e-07,1.88652437e-01
5.32579375e-07,1.88693219e-01
5.32619375e-07,1.88662406e-01
5.32659375e-07,1.88686875e-01
5.32699375e-07,1.88666031e-01
5.32739375e-07,1.88684156e-01
5.32779375e-07,1.88668750e-01
5.32819375e-07,1.88681437e-01
5.32859375e-07,1.88671469e-01
5.32899375e-07,1.88679625e-01
5.32939375e-07,1.88673281e-01
5.32979375e-07,1.88677812e-01
5.33019375e-07,1.88675094e-01
5.33059375e-07,1.88675094e-01
5.33099375e-07,1.88678719e-01
5.33139375e-07,1.88669656e-01
5.33179375e-07,1.88687781e-01
5.33219375e-07,1.88649719e-01
5.33259375e-07,1.88791094e-01
5.33299375e-07,1.88944250e-01
5.33339375e-07,1.88885344e-01
5.33379375e-07,1.88925219e-01
5.33419375e-07,1.88893500e-01
5.33459375e-07,1.88920687e-01
5.33499375e-07,1.88897125e-01
5.33539375e-07,1.88917969e-01
5.33579375e-07,1.88898031e-01
5.33619375e-07,1.88917063e-01
5.33659375e-07,1.88898938e-01
5.33699375e-07,1.88917063e-01
5.33739375e-07,1.88898938e-01
5.33779375e-07,1.88917063e-01
5.33819375e-07,1.88898938e-01
5.33859375e-07,1.88917969e-01
5.33899375e-07,1.88897125e-01
5.33939375e-07,1.88919781e-01
5.33979375e-07,1.88893500e-01
5.34019375e-07,1.88927938e-01
5.34059375e-07,1.88873563e-01
5.34099375e-07,1.89031250e-01
5.34139375e-07,1.89169906e-01
5.34179375e-07,1.89123687e-01
5.34219375e-07,1.89150875e-01
5.34259375e-07,1.89131844e-01
5.34299375e-07,1.89146344e-01
5.34339375e-07,1.89134562e-01
5.34379375e-07,1.89145437e-01
5.34419375e-07,1.89135469e-01
5.34459375e-07,1.89144531e-01
5.34499375e-07,1.89135469e-01
5.34539375e-07,1.89144531e-01
5.34579375e-07,1.89135469e-01
5.34619375e-07,1.89144531e-01
5.34659375e-07,1.89135469e-01
5.34699375e-07,1.89145437e-01
5.34739375e-07,1.89134562e-01
5.34779375e-07,1.89146344e-01
5.34819375e-07,1.89132750e-01
5.34859375e-07,1.89149062e-01
5.34899375e-07,1.89129125e-01
5.34939375e-07,1.89153594e-01
5.34979375e-07,1.89120969e-01
5.35019375e-07,1.89173531e-01
5.35059375e-07,1.89017656e-01
5.35099375e-07,1.88879000e-01
5.35139375e-07,1.88923406e-01
5.35179375e-07,1.88898031e-01
5.35219375e-07,1.88914344e-01
5.35259375e-07,1.88903469e-01
5.35299375e-07,1.88911625e-01
5.35339375e-07,1.88906187e-01
5.35379375e-07,1.88908906e-01
5.35419375e-07,1.88908000e-01
5.35459375e-07,1.88907094e-01
5.35499375e-07,1.88909812e-01
5.35539375e-07,1.88905281e-01
5.35579375e-07,1.88911625e-01
5.35619375e-07,1.88903469e-01
5.35659375e-07,1.88914344e-01
5.35699375e-07,1.88899844e-01
5.35739375e-07,1.88919781e-01
5.35779375e-07,1.88890781e-01
5.35819375e-07,1.88940625e-01
5.35859375e-07,1.88786563e-01
5.35899375e-07,1.88646094e-01
5.35939375e-07,1.88691406e-01
5.35979375e-07,1.88666031e-01
5.36019375e-07,1.88682344e-01
5.36059375e-07,1.88672375e-01
5.36099375e-07,1.88677812e-01
5.36139375e-07,1.88676906e-01
5.36179375e-07,1.88672375e-01
5.36219375e-07,1.88683250e-01
5.36259375e-07,1.88662406e-01
5.36299375e-07,1.88704094e-01
5.36339375e-07,1.88558188e-01
5.36379375e-07,1.88409562e-01
5.36419375e-07,1.88463937e-01
5.36459375e-07,1.88430406e-01
5.36499375e-07,1.88454875e-01
5.36539375e-07,1.88435844e-01
5.36579375e-07,1.88450344e-01
5.36619375e-07,1.88439469e-01
5.36659375e-07,1.88446719e-01
5.36699375e-07,1.88443094e-01
5.36739375e-07,1.88443094e-01
5.36779375e-07,1.88448531e-01
5.36819375e-07,1.88433125e-01
5.36859375e-07,1.88469375e-01
5.36899375e-07,1.88329812e-01
5.36939375e-07,1.88174844e-01
5.36979375e-07,1.88235563e-01
5.37019375e-07,1.88193875e-01
5.37059375e-07,1.88226500e-01
5.37099375e-07,1.88199312e-01
5.37139375e-07,1.88223781e-01
5.37179375e-07,1.88201125e-01
5.37219375e-07,1.88221969e-01
5.37259375e-07,1.88202938e-01
5.37299375e-07,1.88220156e-01
5.37339375e-07,1.88203844e-01
5.37379375e-07,1.88220156e-01
5.37419375e-07,1.88204750e-01
5.37459375e-07,1.88219250e-01
5.37499375e-07,1.88204750e-01
5.37539375e-07,1.88218344e-01
5.37579375e-07,1.88205656e-01
5.37619375e-07,1.88218344e-01
5.37659375e-07,1.88205656e-01
5.37699375e-07,1.88218344e-01
5.37739375e-07,1.88206563e-01
5.37779375e-07,1.88217438e-01
5.37819375e-07,1.88206563e-01
5.37859375e-07,1.88217438e-01
5.37899375e-07,1.88206563e-01
5.37939375e-07,1.88217438e-01
5.37979375e-07,1.88206563e-01
5.38019375e-07,1.88217438e-01
5.38059375e-07,1.88206563e-01
5.38099375e-07,1.88217438e-01
5.38139375e-07,1.88206563e-01
5.38179375e-07,1.88216531e-01
5.38219375e-07,1.88207469e-01
5.38259375e-07,1.88216531e-01
5.38299375e-07,1.88207469e-01
5.38339375e-07,1.88216531e-01
5.38379375e-07,1.88207469e-01
5.38419375e-07,1.88216531e-01
5.38459375e-07,1.88206563e-01
5.38499375e-07,1.88217438e-01
5.38539375e-07,1.88206563e-01
5.38579375e-07,1.88217438e-01
5.38619375e-07,1.88206563e-01
5.38659375e-07,1.88217438e-01
5.38699375e-07,1.88205656e-01
5.38739375e-07,1.88218344e-01
5.38779375e-07,1.88204750e-01
5.38819375e-07,1.88219250e-01
5.38859375e-07,1.88203844e-01
5.38899375e-07,1.88221969e-01
5.38939375e-07,1.88199312e-01
5.38979375e-07,1.88230125e-01
5.39019375e-07,1.88179375e-01
5.39059375e-07,1.88333438e-01
5.39099375e-07,1.88474813e-01
5.39139375e-07,1.88426781e-01
5.39179375e-07,1.88456687e-01
5.39219375e-07,1.88434031e-01
5.39259375e-07,1.88452156e-01
5.39299375e-07,1.88435844e-01
5.39339375e-07,1.88451250e-01
5.39379375e-07,1.88435844e-01
5.39419375e-07,1.88452156e-01
5.39459375e-07,1.88434938e-01
5.39499375e-07,1.88454875e-01
5.39539375e-07,1.88430406e-01
5.39579375e-07,1.88463031e-01
5.39619375e-07,1.88410469e-01
5.39659375e-07,1.88566344e-01
5.39699375e-07,1.88705906e-01
5.39739375e-07,1.88660594e-01
5.39779375e-07,1.88685969e-01
5.39819375e-07,1.88669656e-01
5.39859375e-07,1.88679625e-01
5.39899375e-07,1.88674188e-01
5.39939375e-07,1.88675094e-01
5.39979375e-07,1.88680531e-01
5.40019375e-07,1.88666031e-01
5.40059375e-07,1.88701375e-01
5.40099375e-07,1.88561813e-01
5.40139375e-07,1.88405938e-01
5.40179375e-07,1.88468469e-01
5.40219375e-07,1.88424969e-01
5.40259375e-07,1.88460313e-01
5.40299375e-07,1.88429500e-01
5.40339375e-07,1.88457594e-01
5.40379375e-07,1.88430406e-01
5.40419375e-07,1.88457594e-01
5.40459375e-07,1.88430406e-01
5.40499375e-07,1.88458500e-01
5.40539375e-07,1.88428594e-01
5.40579375e-07,1.88462125e-01
5.40619375e-07,1.88420438e-01
5.40659375e-07,1.88482062e-01
5.40699375e-07,1.88318031e-01
5.40739375e-07,1.88185719e-01
5.40779375e-07,1.88224687e-01
5.40819375e-07,1.88204750e-01
5.40859375e-07,1.88216531e-01
5.40899375e-07,1.88209281e-01
5.40939375e-07,1.88213812e-01
5.40979375e-07,1.88211094e-01
5.41019375e-07,1.88212000e-01
5.41059375e-07,1.88212000e-01
5.41099375e-07,1.88211094e-01
5.41139375e-07,1.88212906e-01
5.41179375e-07,1.88211094e-01
5.41219375e-07,1.88212906e-01
5.41259375e-07,1.88210187e-01
5.41299375e-07,1.88213812e-01
5.41339375e-07,1.88210187e-01
5.41379375e-07,1.88213812e-01
5.41419375e-07,1.88210187e-01
5.41459375e-07,1.88213812e-01
5.41499375e-07,1.88210187e-01
5.41539375e-07,1.88214719e-01
5.41579375e-07,1.88209281e-01
5.41619375e-07,1.88214719e-01
5.41659375e-07,1.88209281e-01
5.41699375e-07,1.88215625e-01
5.41739375e-07,1.88208375e-01
5.41779375e-07,1.88215625e-01
5.41819375e-07,1.88207469e-01
5.41859375e-07,1.88217438e-01
5.41899375e-07,1.88205656e-01
5.41939375e-07,1.88220156e-01
5.41979375e-07,1.88201125e-01
5.42019375e-07,1.88228312e-01
5.42059375e-07,1.88181187e-01
5.42099375e-07,1.88330719e-01
5.42139375e-07,1.88477531e-01
5.42179375e-07,1.88424062e-01
5.42219375e-07,1.88459406e-01
5.42259375e-07,1.88431313e-01
5.42299375e-07,1.88455781e-01
5.42339375e-07,1.88432219e-01
5.42379375e-07,1.88456687e-01
5.42419375e-07,1.88428594e-01
5.42459375e-07,1.88463937e-01
5.42499375e-07,1.88409562e-01
5.42539375e-07,1.88567250e-01
5.42579375e-07,1.88705906e-01
5.42619375e-07,1.88659688e-01
5.42659375e-07,1.88686875e-01
5.42699375e-07,1.88667844e-01
5.42739375e-07,1.88682344e-01
5.42779375e-07,1.88670562e-01
5.42819375e-07,1.88681437e-01
5.42859375e-07,1.88671469e-01
5.42899375e-07,1.88680531e-01
5.42939375e-07,1.88671469e-01
5.42979375e-07,1.88680531e-01
5.43019375e-07,1.88671469e-01
5.43059375e-07,1.88680531e-01
5.43099375e-07,1.88670562e-01
5.43139375e-07,1.88683250e-01
5.43179375e-07,1.88666937e-01
5.43219375e-07,1.88690500e-01
5.43259375e-07,1.88647906e-01
5.43299375e-07,1.88792000e-01
5.43339375e-07,1.88946062e-01
5.43379375e-07,1.88881719e-01
5.43419375e-07,1.88931562e-01
5.43459375e-07,1.88881719e-01
5.43499375e-07,1.88946969e-01
5.43539375e-07,1.88781125e-01
5.43579375e-07,1.88650625e-01
5.43619375e-07,1.88688688e-01
5.43659375e-07,1.88668750e-01
5.43699375e-07,1.88680531e-01
5.43739375e-07,1.88673281e-01
5.43779375e-07,1.88677812e-01
5.43819375e-07,1.88675094e-01
5.43859375e-07,1.88676000e-01
5.43899375e-07,1.88676906e-01
5.43939375e-07,1.88674188e-01
5.43979375e-07,1.88677812e-01
5.44019375e-07,1.88673281e-01
5.44059375e-07,1.88679625e-01
5.44099375e-07,1.88670562e-01
5.44139375e-07,1.88682344e-01
5.44179375e-07,1.88667844e-01
5.44219375e-07,1.88687781e-01
5.44259375e-07,1.88657875e-01
5.44299375e-07,1.88708625e-01
5.44339375e-07,1.88554562e-01
5.44379375e-07,1.88414094e-01
5.44419375e-07,1.88459406e-01
5.44459375e-07,1.88434938e-01
5.44499375e-07,1.88449437e-01
5.44539375e-07,1.88441281e-01
5.44579375e-07,1.88443094e-01
5.44619375e-07,1.88448531e-01
5.44659375e-07,1.88433125e-01
5.44699375e-07,1.88470281e-01
5.44739375e-07,1.88328000e-01
5.44779375e-07,1.88176656e-01
5.44819375e-07,1.88232844e-01
5.44859375e-07,1.88197500e-01
5.44899375e-07,1.88222875e-01
5.44939375e-07,1.88203844e-01
5.44979375e-07,1.88216531e-01
5.45019375e-07,1.88211094e-01
5.45059375e-07,1.88206563e-01
5.45099375e-07,1.88231938e-01
5.45139375e-07,1.88102344e-01
5.45179375e-07,1.87937406e-01
5.45219375e-07,1.88009000e-01
5.45259375e-07,1.87957344e-01
5.45299375e-07,1.87999937e-01
5.45339375e-07,1.87961875e-01
5.45379375e-07,1.87997219e-01
5.45419375e-07,1.87963688e-01
5.45459375e-07,1.87996312e-01
5.45499375e-07,1.87963688e-01
5.45539375e-07,1.87996312e-01
5.45579375e-07,1.87963688e-01
5.45619375e-07,1.87997219e-01
5.45659375e-07,1.87961875e-01
5.45699375e-07,1.87999937e-01
5.45739375e-07,1.87957344e-01
5.45779375e-07,1.88008094e-01
5.45819375e-07,1.87936500e-01
5.45859375e-07,1.88112312e-01
5.45899375e-07,1.88231938e-01
5.45939375e-07,1.88206563e-01
5.45979375e-07,1.88211094e-01
5.46019375e-07,1.88217438e-01
5.46059375e-07,1.88202031e-01
5.46099375e-07,1.88228312e-01
5.46139375e-07,1.88180281e-01
5.46179375e-07,1.88332531e-01
5.46219375e-07,1.88475719e-01
5.46259375e-07,1.88424969e-01
5.46299375e-07,1.88458500e-01
5.46339375e-07,1.88429500e-01
5.46379375e-07,1.88461219e-01
5.46419375e-07,1.88413187e-01
5.46459375e-07,1.88561813e-01
5.46499375e-07,1.88711344e-01
5.46539375e-07,1.88652437e-01
5.46579375e-07,1.88695031e-01
5.46619375e-07,1.88657875e-01
5.46659375e-07,1.88694125e-01
5.46699375e-07,1.88655156e-01
5.46739375e-07,1.88701375e-01
5.46779375e-07,1.88636125e-01
5.46819375e-07,1.88804687e-01
5.46859375e-07,1.88931562e-01
5.46899375e-07,1.88898031e-01
5.46939375e-07,1.88912531e-01
5.46979375e-07,1.88907094e-01
5.47019375e-07,1.88907094e-01
5.47059375e-07,1.88910719e-01
5.47099375e-07,1.88904375e-01
5.47139375e-07,1.88912531e-01
5.47179375e-07,1.88901656e-01
5.47219375e-07,1.88915250e-01
5.47259375e-07,1.88898938e-01
5.47299375e-07,1.88918875e-01
5.47339375e-07,1.88893500e-01
5.47379375e-07,1.88927938e-01
5.47419375e-07,1.88873563e-01
5.47459375e-07,1.89031250e-01
5.47499375e-07,1.89168094e-01
5.47539375e-07,1.89125500e-01
5.47579375e-07,1.89148156e-01
5.47619375e-07,1.89134562e-01
5.47659375e-07,1.89143625e-01
5.47699375e-07,1.89138187e-01
5.47739375e-07,1.89140906e-01
5.47779375e-07,1.89140000e-01
5.47819375e-07,1.89139094e-01
5.47859375e-07,1.89141813e-01
5.47899375e-07,1.89137281e-01
5.47939375e-07,1.89143625e-01
5.47979375e-07,1.89136375e-01
5.48019375e-07,1.89144531e-01
5.48059375e-07,1.89133656e-01
5.48099375e-07,1.89147250e-01
5.48139375e-07,1.89130937e-01
5.48179375e-07,1.89150875e-01
5.48219375e-07,1.89125500e-01
5.48259375e-07,1.89159937e-01
5.48299375e-07,1.89104656e-01
5.48339375e-07,1.89264156e-01
5.48379375e-07,1.89399188e-01
5.48419375e-07,1.89359312e-01
5.48459375e-07,1.89378344e-01
5.48499375e-07,1.89370188e-01
5.48539375e-07,1.89370188e-01
5.48579375e-07,1.89377437e-01
5.48619375e-07,1.89360219e-01
5.48659375e-07,1.89399188e-01
5.48699375e-07,1.89256000e-01
5.48739375e-07,1.89104656e-01
5.48779375e-07,1.89160844e-01
5.48819375e-07,1.89124594e-01
5.48859375e-07,1.89152687e-01
5.48899375e-07,1.89129125e-01
5.48939375e-07,1.89149969e-01
5.48979375e-07,1.89130031e-01
5.49019375e-07,1.89149969e-01
5.49059375e-07,1.89130031e-01
5.49099375e-07,1.89152687e-01
5.49139375e-07,1.89122781e-01
5.49179375e-07,1.89169906e-01
5.49219375e-07,1.89022187e-01
5.49259375e-07,1.88872656e-01
5.49299375e-07,1.88931562e-01
5.49339375e-07,1.88888063e-01
5.49379375e-07,1.88928844e-01
5.49419375e-07,1.88882625e-01
5.49459375e-07,1.88946969e-01
5.49499375e-07,1.88780219e-01
5.49539375e-07,1.88652437e-01
5.49579375e-07,1.88684156e-01
5.49619375e-07,1.88675094e-01
5.49659375e-07,1.88668750e-01
5.49699375e-07,1.88699563e-01
5.49739375e-07,1.88563625e-01
5.49779375e-07,1.88405031e-01
5.49819375e-07,1.88470281e-01
5.49859375e-07,1.88422250e-01
5.49899375e-07,1.88464844e-01
5.49939375e-07,1.88419531e-01
5.49979375e-07,1.88480250e-01
5.50019375e-07,1.88320750e-01
5.50059375e-07,1.88182094e-01
5.50099375e-07,1.88230125e-01
5.50139375e-07,1.88196594e-01
5.50179375e-07,1.88227406e-01
5.50219375e-07,1.88192063e-01
5.50259375e-07,1.88245531e-01
5.50299375e-07,1.88090563e-01
5.50339375e-07,1.87949188e-01
5.50379375e-07,1.87997219e-01
5.50419375e-07,1.87968219e-01
5.50459375e-07,1.87989062e-01
5.50499375e-07,1.87972750e-01
5.50539375e-07,1.87986344e-01
5.50579375e-07,1.87974562e-01
5.50619375e-07,1.87984531e-01
5.50659375e-07,1.87975469e-01
5.50699375e-07,1.87983625e-01
5.50739375e-07,1.87976375e-01
5.50779375e-07,1.87983625e-01
5.50819375e-07,1.87977281e-01
5.50859375e-07,1.87982719e-01
5.50899375e-07,1.87977281e-01
5.50939375e-07,1.87982719e-01
5.50979375e-07,1.87978188e-01
5.51019375e-07,1.87981812e-01
5.51059375e-07,1.87978188e-01
5.51099375e-07,1.87981812e-01
5.51139375e-07,1.87978188e-01
5.51179375e-07,1.87980906e-01
5.51219375e-07,1.87979094e-01
5.51259375e-07,1.87980906e-01
5.51299375e-07,1.87979094e-01
5.51339375e-07,1.87980000e-01
5.51379375e-07,1.87980000e-01
5.51419375e-07,1.87980000e-01
5.51459375e-07,1.87980906e-01
5.51499375e-07,1.87979094e-01
5.51539375e-07,1.87981812e-01
5.51579375e-07,1.87978188e-01
5.51619375e-07,1.87982719e-01
5.51659375e-07,1.87975469e-01
5.51699375e-07,1.87986344e-01
5.51739375e-07,1.87970937e-01
5.51779375e-07,1.87994500e-01
5.51819375e-07,1.87951000e-01
5.51859375e-07,1.88097812e-01
5.51899375e-07,1.88246438e-01
5.51939375e-07,1.88192063e-01
5.51979375e-07,1.88226500e-01
5.52019375e-07,1.88200219e-01
5.52059375e-07,1.88221969e-01
5.52099375e-07,1.88202938e-01
5.52139375e-07,1.88220156e-01
5.52179375e-07,1.88204750e-01
5.52219375e-07,1.88219250e-01
5.52259375e-07,1.88204750e-01
5.52299375e-07,1.88218344e-01
5.52339375e-07,1.88205656e-01
5.52379375e-07,1.88218344e-01
5.52419375e-07,1.88205656e-01
5.52459375e-07,1.88218344e-01
5.52499375e-07,1.88206563e-01
5.52539375e-07,1.88218344e-01
5.52579375e-07,1.88205656e-01
5.52619375e-07,1.88218344e-01
5.52659375e-07,1.88205656e-01
5.52699375e-07,1.88218344e-01
5.52739375e-07,1.88205656e-01
5.52779375e-07,1.88218344e-01
5.52819375e-07,1.88204750e-01
5.52859375e-07,1.88219250e-01
5.52899375e-07,1.88203844e-01
5.52939375e-07,1.88221063e-01
5.52979375e-07,1.88202031e-01
5.53019375e-07,1.88223781e-01
5.53059375e-07,1.88197500e-01
5.53099375e-07,1.88231938e-01
5.53139375e-07,1.88177563e-01
5.53179375e-07,1.88335250e-01
5.53219375e-07,1.88473000e-01
5.53259375e-07,1.88428594e-01
5.53299375e-07,1.88453969e-01
5.53339375e-07,1.88436750e-01
5.53379375e-07,1.88449437e-01
5.53419375e-07,1.88440375e-01
5.53459375e-07,1.88446719e-01
5.53499375e-07,1.88441281e-01
5.53539375e-07,1.88445813e-01
5.53579375e-07,1.88442187e-01
5.53619375e-07,1.88444906e-01
5.53659375e-07,1.88443094e-01
5.53699375e-07,1.88444906e-01
5.53739375e-07,1.88443094e-01
5.53779375e-07,1.88444906e-01
5.53819375e-07,1.88444000e-01
5.53859375e-07,1.88444000e-01
5.53899375e-07,1.88444000e-01
5.53939375e-07,1.88444000e-01
5.53979375e-07,1.88444000e-01
5.54019375e-07,1.88444000e-01
5.54059375e-07,1.88444000e-01
5.54099375e-07,1.88444000e-01
5.54139375e-07,1.88444000e-01
5.54179375e-07,1.88444000e-01
5.54219375e-07,1.88444000e-01
5.54259375e-07,1.88444000e-01
5.54299375e-07,1.88444906e-01
5.54339375e-07,1.88443094e-01
5.54379375e-07,1.88444906e-01
5.54419375e-07,1.88443094e-01
5.54459375e-07,1.88444906e-01
5.54499375e-07,1.88443094e-01
5.54539375e-07,1.88444906e-01
5.54579375e-07,1.88443094e-01
5.54619375e-07,1.88444906e-01
5.54659375e-07,1.88443094e-01
5.54699375e-07,1.88444906e-01
5.54739375e-07,1.88443094e-01
5.54779375e-07,1.88444906e-01
5.54819375e-07,1.88443094e-01
5.54859375e-07,1.88444906e-01
5.54899375e-07,1.88443094e-01
5.54939375e-07,1.88444906e-01
5.54979375e-07,1.88443094e-01
5.55019375e-07,1.88444906e-01
5.55059375e-07,1.88443094e-01
5.55099375e-07,1.88445813e-01
5.55139375e-07,1.88442187e-01
5.55179375e-07,1.88445813e-01
5.55219375e-07,1.88442187e-01
5.55259375e-07,1.88445813e-01
5.55299375e-07,1.88442187e-01
5.55339375e-07,1.88445813e-01
5.55379375e-07,1.88442187e-01
5.55419375e-07,1.88445813e-01
5.55459375e-07,1.88442187e-01
5.55499375e-07,1.88445813e-01
5.55539375e-07,1.88441281e-01
5.55579375e-07,1.88446719e-01
5.55619375e-07,1.88441281e-01
5.55659375e-07,1.88446719e-01
5.55699375e-07,1.88441281e-01
5.55739375e-07,1.88447625e-01
5.55779375e-07,1.88440375e-01
5.55819375e-07,1.88447625e-01
5.55859375e-07,1.88439469e-01
5.55899375e-07,1.88448531e-01
5.55939375e-07,1.88438562e-01
5.55979375e-07,1.88450344e-01
5.56019375e-07,1.88436750e-01
5.56059375e-07,1.88452156e-01
5.56099375e-07,1.88434031e-01
5.56139375e-07,1.88457594e-01
5.56179375e-07,1.88424969e-01
5.56219375e-07,1.88477531e-01
5.56259375e-07,1.88321656e-01
5.56299375e-07,1.88183000e-01
5.56339375e-07,1.88226500e-01
5.56379375e-07,1.88202938e-01
5.56419375e-07,1.88217438e-01
5.56459375e-07,1.88209281e-01
5.56499375e-07,1.88211094e-01
5.56539375e-07,1.88216531e-01
5.56579375e-07,1.88202031e-01
5.56619375e-07,1.88237375e-01
5.56659375e-07,1.88097812e-01
5.56699375e-07,1.87941937e-01
5.56739375e-07,1.88003562e-01
5.56779375e-07,1.87961875e-01
5.56819375e-07,1.87995406e-01
5.56859375e-07,1.87965500e-01
5.56899375e-07,1.87993594e-01
5.56939375e-07,1.87967312e-01
5.56979375e-07,1.87992688e-01
5.57019375e-07,1.87967312e-01
5.57059375e-07,1.87993594e-01
5.57099375e-07,1.87964594e-01
5.57139375e-07,1.87998125e-01
5.57179375e-07,1.87957344e-01
5.57219375e-07,1.88017156e-01
5.57259375e-07,1.87854031e-01
5.57299375e-07,1.87721719e-01
5.57339375e-07,1.87760687e-01
5.57379375e-07,1.87740750e-01
5.57419375e-07,1.87752531e-01
5.57459375e-07,1.87745281e-01
5.57499375e-07,1.87749813e-01
5.57539375e-07,1.87747094e-01
5.57579375e-07,1.87748000e-01
5.57619375e-07,1.87748000e-01
5.57659375e-07,1.87747094e-01
5.57699375e-07,1.87748906e-01
5.57739375e-07,1.87747094e-01
5.57779375e-07,1.87749813e-01
5.57819375e-07,1.87746187e-01
5.57859375e-07,1.87749813e-01
5.57899375e-07,1.87745281e-01
5.57939375e-07,1.87750719e-01
5.57979375e-07,1.87745281e-01
5.58019375e-07,1.87751625e-01
5.58059375e-07,1.87744375e-01
5.58099375e-07,1.87752531e-01
5.58139375e-07,1.87742562e-01
5.58179375e-07,1.87754344e-01
5.58219375e-07,1.87740750e-01
5.58259375e-07,1.87757062e-01
5.58299375e-07,1.87736219e-01
5.58339375e-07,1.87766125e-01
5.58379375e-07,1.87715375e-01
5.58419375e-07,1.87869437e-01
5.58459375e-07,1.88010812e-01
5.58499375e-07,1.87962781e-01
5.58539375e-07,1.87991781e-01
5.58579375e-07,1.87970937e-01
5.58619375e-07,1.87987250e-01
5.58659375e-07,1.87974562e-01
5.58699375e-07,1.87984531e-01
5.58739375e-07,1.87975469e-01
5.58779375e-07,1.87983625e-01
5.58819375e-07,1.87976375e-01
5.58859375e-07,1.87982719e-01
5.58899375e-07,1.87977281e-01
5.58939375e-07,1.87982719e-01
5.58979375e-07,1.87978188e-01
5.59019375e-07,1.87981812e-01
5.59059375e-07,1.87978188e-01
5.59099375e-07,1.87981812e-01
5.59139375e-07,1.87978188e-01
5.59179375e-07,1.87981812e-01
5.59219375e-07,1.87979094e-01
5.59259375e-07,1.87980906e-01
5.59299375e-07,1.87979094e-01
5.59339375e-07,1.87980906e-01
5.59379375e-07,1.87979094e-01
5.59419375e-07,1.87980906e-01
5.59459375e-07,1.87979094e-01
5.59499375e-07,1.87980906e-01
5.59539375e-07,1.87979094e-01
5.59579375e-07,1.87980000e-01
5.59619375e-07,1.87980000e-01
5.59659375e-07,1.87980000e-01
5.59699375e-07,1.87980000e-01
5.59739375e-07,1.87980000e-01
5.59779375e-07,1.87980000e-01
5.59819375e-07,1.87980000e-01
5.59859375e-07,1.87980000e-01
5.59899375e-07,1.87980000e-01
5.59939375e-07,1.87980906e-01
5.59979375e-07,1.87979094e-01
5.60019375e-07,1.87980906e-01
5.60059375e-07,1.87979094e-01
5.60099375e-07,1.87980906e-01
5.60139375e-07,1.87978188e-01
5.60179375e-07,1.87981812e-01
5.60219375e-07,1.87978188e-01
5.60259375e-07,1.87982719e-01
5.60299375e-07,1.87977281e-01
5.60339375e-07,1.87983625e-01
5.60379375e-07,1.87975469e-01
5.60419375e-07,1.87985437e-01
5.60459375e-07,1.87972750e-01
5.60499375e-07,1.87989969e-01
5.60539375e-07,1.87964594e-01
5.60579375e-07,1.88009906e-01
5.60619375e-07,1.87861281e-01
5.60659375e-07,1.87714469e-01
5.60699375e-07,1.87767031e-01
5.60739375e-07,1.87734406e-01
5.60779375e-07,1.87758875e-01
5.60819375e-07,1.87738938e-01
5.60859375e-07,1.87756156e-01
5.60899375e-07,1.87740750e-01
5.60939375e-07,1.87755250e-01
5.60979375e-07,1.87741656e-01
5.61019375e-07,1.87754344e-01
5.61059375e-07,1.87741656e-01
5.61099375e-07,1.87754344e-01
5.61139375e-07,1.87741656e-01
5.61179375e-07,1.87754344e-01
5.61219375e-07,1.87740750e-01
5.61259375e-07,1.87755250e-01
5.61299375e-07,1.87739844e-01
5.61339375e-07,1.87757062e-01
5.61379375e-07,1.87737125e-01
5.61419375e-07,1.87761594e-01
5.61459375e-07,1.87728969e-01
5.61499375e-07,1.87781531e-01
5.61539375e-07,1.87626563e-01
5.61579375e-07,1.87485187e-01
5.61619375e-07,1.87532312e-01
5.61659375e-07,1.87504219e-01
5.61699375e-07,1.87525063e-01
5.61739375e-07,1.87508750e-01
5.61779375e-07,1.87522344e-01
5.61819375e-07,1.87510563e-01
5.61859375e-07,1.87520531e-01
5.61899375e-07,1.87511469e-01
5.61939375e-07,1.87520531e-01
5.61979375e-07,1.87511469e-01
5.62019375e-07,1.87520531e-01
5.62059375e-07,1.87511469e-01
5.62099375e-07,1.87520531e-01
5.62139375e-07,1.87510563e-01
5.62179375e-07,1.87521437e-01
5.62219375e-07,1.87509656e-01
5.62259375e-07,1.87523250e-01
5.62299375e-07,1.87506937e-01
5.62339375e-07,1.87527781e-01
5.62379375e-07,1.87498781e-01
5.62419375e-07,1.87547719e-01
5.62459375e-07,1.87395469e-01
5.62499375e-07,1.87252281e-01
5.62539375e-07,1.87302125e-01
5.62579375e-07,1.87271313e-01
5.62619375e-07,1.87293062e-01
5.62659375e-07,1.87275844e-01
5.62699375e-07,1.87290344e-01
5.62739375e-07,1.87278562e-01
5.62779375e-07,1.87289437e-01
5.62819375e-07,1.87279469e-01
5.62859375e-07,1.87288531e-01
5.62899375e-07,1.87280375e-01
5.62939375e-07,1.87287625e-01
5.62979375e-07,1.87280375e-01
5.63019375e-07,1.87287625e-01
5.63059375e-07,1.87280375e-01
5.63099375e-07,1.87286719e-01
5.63139375e-07,1.87281281e-01
5.63179375e-07,1.87286719e-01
5.63219375e-07,1.87281281e-01
5.63259375e-07,1.87286719e-01
5.63299375e-07,1.87281281e-01
5.63339375e-07,1.87286719e-01
5.63379375e-07,1.87281281e-01
5.63419375e-07,1.87286719e-01
5.63459375e-07,1.87281281e-01
5.63499375e-07,1.87286719e-01
5.63539375e-07,1.87281281e-01
5.63579375e-07,1.87286719e-01
5.63619375e-07,1.87281281e-01
5.63659375e-07,1.87287625e-01
5.63699375e-07,1.87280375e-01
5.63739375e-07,1.87287625e-01
5.63779375e-07,1.87280375e-01
5.63819375e-07,1.87288531e-01
5.63859375e-07,1.87278562e-01
5.63899375e-07,1.87290344e-01
5.63939375e-07,1.87276750e-01
5.63979375e-07,1.87293969e-01
5.64019375e-07,1.87268594e-01
5.64059375e-07,1.87313000e-01
5.64099375e-07,1.87166187e-01
5.64139375e-07,1.87016656e-01
5.64179375e-07,1.87074656e-01
5.64219375e-07,1.87033875e-01
5.64259375e-07,1.87069219e-01
5.64299375e-07,1.87033875e-01
5.64339375e-07,1.87074656e-01
5.64379375e-07,1.87015750e-01
5.64419375e-07,1.87176156e-01
5.64459375e-07,1.87312094e-01
5.64499375e-07,1.87269500e-01
5.64539375e-07,1.87293062e-01
5.64579375e-07,1.87277656e-01
5.64619375e-07,1.87288531e-01
5.64659375e-07,1.87280375e-01
5.64699375e-07,1.87286719e-01
5.64739375e-07,1.87282188e-01
5.64779375e-07,1.87284906e-01
5.64819375e-07,1.87284000e-01
5.64859375e-07,1.87282188e-01
5.64899375e-07,1.87287625e-01
5.64939375e-07,1.87277656e-01
5.64979375e-07,1.87295781e-01
5.65019375e-07,1.87258625e-01
5.65059375e-07,1.87398188e-01
5.65099375e-07,1.87554969e-01
5.65139375e-07,1.87490625e-01
5.65179375e-07,1.87536844e-01
5.65219375e-07,1.87496969e-01
5.65259375e-07,1.87535031e-01
5.65299375e-07,1.87495156e-01
5.65339375e-07,1.87542281e-01
5.65379375e-07,1.87476125e-01
5.65419375e-07,1.87644687e-01
5.65459375e-07,1.87771562e-01
5.65499375e-07,1.87738938e-01
5.65539375e-07,1.87751625e-01
5.65579375e-07,1.87748906e-01
5.65619375e-07,1.87743469e-01
5.65659375e-07,1.87758875e-01
5.65699375e-07,1.87722625e-01
5.65739375e-07,1.87862187e-01
5.65779375e-07,1.88018969e-01
5.65819375e-07,1.87954625e-01
5.65859375e-07,1.88001750e-01
5.65899375e-07,1.87958250e-01
5.65939375e-07,1.88006281e-01
5.65979375e-07,1.87940125e-01
5.66019375e-07,1.88107781e-01
5.66059375e-07,1.88236469e-01
5.66099375e-07,1.88201125e-01
5.66139375e-07,1.88216531e-01
5.66179375e-07,1.88211094e-01
5.66219375e-07,1.88208375e-01
5.66259375e-07,1.88221969e-01
5.66299375e-07,1.88187531e-01
5.66339375e-07,1.88325281e-01
5.66379375e-07,1.88482969e-01
5.66419375e-07,1.88418625e-01
5.66459375e-07,1.88464844e-01
5.66499375e-07,1.88424969e-01
5.66539375e-07,1.88463031e-01
5.66579375e-07,1.88423156e-01
5.66619375e-07,1.88469375e-01
5.66659375e-07,1.88405031e-01
5.66699375e-07,1.88570875e-01
5.66739375e-07,1.88701375e-01
5.66779375e-07,1.88664219e-01
5.66819375e-07,1.88682344e-01
5.66859375e-07,1.88671469e-01
5.66899375e-07,1.88678719e-01
5.66939375e-07,1.88674188e-01
5.66979375e-07,1.88676906e-01
5.67019375e-07,1.88676000e-01
5.67059375e-07,1.88676000e-01
5.67099375e-07,1.88676000e-01
5.67139375e-07,1.88676000e-01
5.67179375e-07,1.88676906e-01
5.67219375e-07,1.88675094e-01
5.67259375e-07,1.88676906e-01
5.67299375e-07,1.88675094e-01
5.67339375e-07,1.88676906e-01
5.67379375e-07,1.88675094e-01
5.67419375e-07,1.88676906e-01
5.67459375e-07,1.88675094e-01
5.67499375e-07,1.88676906e-01
5.67539375e-07,1.88675094e-01
5.67579375e-07,1.88676906e-01
5.67619375e-07,1.88676000e-01
5.67659375e-07,1.88676000e-01
5.67699375e-07,1.88676000e-01
5.67739375e-07,1.88675094e-01
5.67779375e-07,1.88677812e-01
5.67819375e-07,1.88673281e-01
5.67859375e-07,1.88679625e-01
5.67899375e-07,1.88669656e-01
5.67939375e-07,1.88687781e-01
5.67979375e-07,1.88649719e-01
5.68019375e-07,1.88791094e-01
5.68059375e-07,1.88946062e-01
5.68099375e-07,1.88883531e-01
5.68139375e-07,1.88927031e-01
5.68179375e-07,1.88890781e-01
5.68219375e-07,1.88924312e-01
5.68259375e-07,1.88892594e-01
5.68299375e-07,1.88923406e-01
5.68339375e-07,1.88891687e-01
5.68379375e-07,1.88926125e-01
5.68419375e-07,1.88887156e-01
5.68459375e-07,1.88934281e-01
5.68499375e-07,1.88867219e-01
5.68539375e-07,1.89037594e-01
5.68579375e-07,1.89162656e-01
5.68619375e-07,1.89131844e-01
5.68659375e-07,1.89142719e-01
5.68699375e-07,1.89140906e-01
5.68739375e-07,1.89137281e-01
5.68779375e-07,1.89145437e-01
5.68819375e-07,1.89132750e-01
5.68859375e-07,1.89149969e-01
5.68899375e-07,1.89126406e-01
5.68939375e-07,1.89159031e-01
5.68979375e-07,1.89105562e-01
5.69019375e-07,1.89263250e-01
5.69059375e-07,1.89400094e-01
5.69099375e-07,1.89358406e-01
5.69139375e-07,1.89380156e-01
5.69179375e-07,1.89367469e-01
5.69219375e-07,1.89374719e-01
5.69259375e-07,1.89371094e-01
5.69299375e-07,1.89371094e-01
5.69339375e-07,1.89373812e-01
5.69379375e-07,1.89368375e-01
5.69419375e-07,1.89377437e-01
5.69459375e-07,1.89364750e-01
5.69499375e-07,1.89382875e-01
5.69539375e-07,1.89354781e-01
5.69579375e-07,1.89403719e-01
5.69619375e-07,1.89250562e-01
5.69659375e-07,1.89109187e-01
5.69699375e-07,1.89156313e-01
5.69739375e-07,1.89130031e-01
5.69779375e-07,1.89147250e-01
5.69819375e-07,1.89135469e-01
5.69859375e-07,1.89142719e-01
5.69899375e-07,1.89140000e-01
5.69939375e-07,1.89138187e-01
5.69979375e-07,1.89145437e-01
5.70019375e-07,1.89129125e-01
5.70059375e-07,1.89165375e-01
5.70099375e-07,1.89025813e-01
5.70139375e-07,1.88869938e-01
5.70179375e-07,1.88933375e-01
5.70219375e-07,1.88887156e-01
5.70259375e-07,1.88928844e-01
5.70299375e-07,1.88884438e-01
5.70339375e-07,1.88944250e-01
5.70379375e-07,1.88783844e-01
5.70419375e-07,1.88646094e-01
5.70459375e-07,1.88694125e-01
5.70499375e-07,1.88661500e-01
5.70539375e-07,1.88690500e-01
5.70579375e-07,1.88656969e-01
5.70619375e-07,1.88707719e-01
5.70659375e-07,1.88556375e-01
5.70699375e-07,1.88409562e-01
5.70739375e-07,1.88466656e-01
5.70779375e-07,1.88421344e-01
5.70819375e-07,1.88476625e-01
5.70859375e-07,1.88325281e-01
5.70899375e-07,1.88174844e-01
5.70939375e-07,1.88239187e-01
5.70979375e-07,1.88183000e-01
5.71019375e-07,1.88254594e-01
5.71059375e-07,1.88080594e-01
5.71099375e-07,1.87961875e-01
5.71139375e-07,1.87979094e-01
5.71179375e-07,1.88000844e-01
5.71219375e-07,1.87866719e-01
5.71259375e-07,1.87711750e-01
5.71299375e-07,1.87765219e-01
5.71339375e-07,1.87748906e-01
5.71379375e-07,1.87658281e-01
5.71419375e-07,1.87448937e-01
5.71459375e-07,1.87583063e-01
5.71499375e-07,1.87364656e-01
5.71539375e-07,1.87283094e-01
5.71579375e-07,1.87267688e-01
5.71619375e-07,1.87319344e-01
5.71659375e-07,1.87157125e-01
5.71699375e-07,1.87029344e-01
5.71739375e-07,1.87055625e-01
5.71779375e-07,1.87067406e-01
5.71819375e-07,1.86945969e-01
5.71859375e-07,1.86773781e-01
5.71899375e-07,1.86854437e-01
5.71939375e-07,1.86785563e-01
5.71979375e-07,1.86866219e-01
5.72019375e-07,1.86685875e-01
5.72059375e-07,1.86568969e-01
5.72099375e-07,1.86592531e-01
5.72139375e-07,1.86590719e-01
5.72179375e-07,1.86577125e-01
5.72219375e-07,1.86614281e-01
5.72259375e-07,1.86472000e-01
5.72299375e-07,1.86320656e-01
5.72339375e-07,1.86377750e-01
5.72379375e-07,1.86339687e-01
5.72419375e-07,1.86369594e-01
5.72459375e-07,1.86344219e-01
5.72499375e-07,1.86365969e-01
5.72539375e-07,1.86346031e-01
5.72579375e-07,1.86365062e-01
5.72619375e-07,1.86346938e-01
5.72659375e-07,1.86365062e-01
5.72699375e-07,1.86346938e-01
5.72739375e-07,1.86365062e-01
5.72779375e-07,1.86346031e-01
5.72819375e-07,1.86365969e-01
5.72859375e-07,1.86344219e-01
5.72899375e-07,1.86369594e-01
5.72939375e-07,1.86339687e-01
5.72979375e-07,1.86377750e-01
5.73019375e-07,1.86319750e-01
5.73059375e-07,1.86481062e-01
5.73099375e-07,1.86614281e-01
5.73139375e-07,1.86576219e-01
5.73179375e-07,1.86593437e-01
5.73219375e-07,1.86587094e-01
5.73259375e-07,1.86584375e-01
5.73299375e-07,1.86597969e-01
5.73339375e-07,1.86563531e-01
5.73379375e-07,1.86701281e-01
5.73419375e-07,1.86858969e-01
5.73459375e-07,1.86794625e-01
5.73499375e-07,1.86840844e-01
5.73539375e-07,1.86800969e-01
5.73579375e-07,1.86839031e-01
5.73619375e-07,1.86800063e-01
5.73659375e-07,1.86845375e-01
5.73699375e-07,1.86781031e-01
5.73739375e-07,1.86946875e-01
5.73779375e-07,1.87077375e-01
5.73819375e-07,1.87040219e-01
5.73859375e-07,1.87058344e-01
5.73899375e-07,1.87048375e-01
5.73939375e-07,1.87053812e-01
5.73979375e-07,1.87051094e-01
5.74019375e-07,1.87052000e-01
5.74059375e-07,1.87052906e-01
5.74099375e-07,1.87050187e-01
5.74139375e-07,1.87054719e-01
5.74179375e-07,1.87049281e-01
5.74219375e-07,1.87055625e-01
5.74259375e-07,1.87046562e-01
5.74299375e-07,1.87058344e-01
5.74339375e-07,1.87043844e-01
5.74379375e-07,1.87063781e-01
5.74419375e-07,1.87034781e-01
5.74459375e-07,1.87083719e-01
5.74499375e-07,1.86930563e-01
5.74539375e-07,1.86789188e-01
5.74579375e-07,1.86836312e-01
5.74619375e-07,1.86810031e-01
5.74659375e-07,1.86826344e-01
5.74699375e-07,1.86816375e-01
5.74739375e-07,1.86820906e-01
5.74779375e-07,1.86822719e-01
5.74819375e-07,1.86811844e-01
5.74859375e-07,1.86843563e-01
5.74899375e-07,1.86707625e-01
5.74939375e-07,1.86548125e-01
5.74979375e-07,1.86614281e-01
5.75019375e-07,1.86567156e-01
5.75059375e-07,1.86606125e-01
5.75099375e-07,1.86570781e-01
5.75139375e-07,1.86604313e-01
5.75179375e-07,1.86570781e-01
5.75219375e-07,1.86605219e-01
5.75259375e-07,1.86568969e-01
5.75299375e-07,1.86609750e-01
5.75339375e-07,1.86559906e-01
5.75379375e-07,1.86630594e-01
5.75419375e-07,1.86455687e-01
5.75459375e-07,1.86337875e-01
5.75499375e-07,1.86356906e-01
5.75539375e-07,1.86365969e-01
5.75579375e-07,1.86328812e-01
5.75619375e-07,1.86472906e-01
5.75659375e-07,1.86621531e-01
5.75699375e-07,1.86568969e-01
5.75739375e-07,1.86600688e-01
5.75779375e-07,1.86578937e-01
5.75819375e-07,1.86595250e-01
5.75859375e-07,1.86583469e-01
5.75899375e-07,1.86590719e-01
5.75939375e-07,1.86587094e-01
5.75979375e-07,1.86585281e-01
5.76019375e-07,1.86596156e-01
5.76059375e-07,1.86566250e-01
5.76099375e-07,1.86698562e-01
5.76139375e-07,1.86862594e-01
5.76179375e-07,1.86790094e-01
5.76219375e-07,1.86846281e-01
5.76259375e-07,1.86793719e-01
5.76299375e-07,1.86850812e-01
5.76339375e-07,1.86775594e-01
5.76379375e-07,1.86952312e-01
5.76419375e-07,1.87071938e-01
5.76459375e-07,1.87046562e-01
5.76499375e-07,1.87051094e-01
5.76539375e-07,1.87056531e-01
5.76579375e-07,1.87042938e-01
5.76619375e-07,1.87067406e-01
5.76659375e-07,1.87021187e-01
5.76699375e-07,1.87171625e-01
5.76739375e-07,1.87315719e-01
5.76779375e-07,1.87266781e-01
5.76819375e-07,1.87295781e-01
5.76859375e-07,1.87274937e-01
5.76899375e-07,1.87291250e-01
5.76939375e-07,1.87278562e-01
5.76979375e-07,1.87288531e-01
5.77019375e-07,1.87280375e-01
5.77059375e-07,1.87287625e-01
5.77099375e-07,1.87281281e-01
5.77139375e-07,1.87286719e-01
5.77179375e-07,1.87282188e-01
5.77219375e-07,1.87285813e-01
5.77259375e-07,1.87283094e-01
5.77299375e-07,1.87284906e-01
5.77339375e-07,1.87283094e-01
5.77379375e-07,1.87284000e-01
5.77419375e-07,1.87284000e-01
5.77459375e-07,1.87283094e-01
5.77499375e-07,1.87284906e-01
5.77539375e-07,1.87282188e-01
5.77579375e-07,1.87285813e-01
5.77619375e-07,1.87281281e-01
5.77659375e-07,1.87287625e-01
5.77699375e-07,1.87279469e-01
5.77739375e-07,1.87289437e-01
5.77779375e-07,1.87276750e-01
5.77819375e-07,1.87294875e-01
5.77859375e-07,1.87267688e-01
5.77899375e-07,1.87314812e-01
5.77939375e-07,1.87164375e-01
5.77979375e-07,1.87020281e-01
5.78019375e-07,1.87070125e-01
5.78059375e-07,1.87040219e-01
5.78099375e-07,1.87061062e-01
5.78139375e-07,1.87044750e-01
5.78179375e-07,1.87057438e-01
5.78219375e-07,1.87048375e-01
5.78259375e-07,1.87053812e-01
5.78299375e-07,1.87051094e-01
5.78339375e-07,1.87050187e-01
5.78379375e-07,1.87056531e-01
5.78419375e-07,1.87041125e-01
5.78459375e-07,1.87077375e-01
5.78499375e-07,1.86937812e-01
5.78539375e-07,1.86781937e-01
5.78579375e-07,1.86844469e-01
5.78619375e-07,1.86800969e-01
5.78659375e-07,1.86836312e-01
5.78699375e-07,1.86805500e-01
5.78739375e-07,1.86833594e-01
5.78779375e-07,1.86807312e-01
5.78819375e-07,1.86832687e-01
5.78859375e-07,1.86807312e-01
5.78899375e-07,1.86832687e-01
5.78939375e-07,1.86807312e-01
5.78979375e-07,1.86833594e-01
5.79019375e-07,1.86804594e-01
5.79059375e-07,1.86838125e-01
5.79099375e-07,1.86796437e-01
5.79139375e-07,1.86858063e-01
5.79179375e-07,1.86694031e-01
5.79219375e-07,1.86561719e-01
5.79259375e-07,1.86599781e-01
5.79299375e-07,1.86580750e-01
5.79339375e-07,1.86592531e-01
5.79379375e-07,1.86585281e-01
5.79419375e-07,1.86589813e-01
5.79459375e-07,1.86587094e-01
5.79499375e-07,1.86588000e-01
5.79539375e-07,1.86588000e-01
5.79579375e-07,1.86587094e-01
5.79619375e-07,1.86588906e-01
5.79659375e-07,1.86587094e-01
5.79699375e-07,1.86589813e-01
5.79739375e-07,1.86586188e-01
5.79779375e-07,1.86589813e-01
5.79819375e-07,1.86586188e-01
5.79859375e-07,1.86589813e-01
5.79899375e-07,1.86586188e-01
5.79939375e-07,1.86589813e-01
5.79979375e-07,1.86586188e-01
5.80019375e-07,1.86589813e-01
5.80059375e-07,1.86585281e-01
5.80099375e-07,1.86590719e-01
5.80139375e-07,1.86585281e-01
5.80179375e-07,1.86590719e-01
5.80219375e-07,1.86585281e-01
5.80259375e-07,1.86590719e-01
5.80299375e-07,1.86585281e-01
5.80339375e-07,1.86590719e-01
5.80379375e-07,1.86585281e-01
5.80419375e-07,1.86590719e-01
5.80459375e-07,1.86585281e-01
5.80499375e-07,1.86590719e-01
5.80539375e-07,1.86585281e-01
5.80579375e-07,1.86590719e-01
5.80619375e-07,1.86585281e-01
5.80659375e-07,1.86590719e-01
5.80699375e-07,1.86585281e-01
5.80739375e-07,1.86590719e-01
5.80779375e-07,1.86584375e-01
5.80819375e-07,1.86591625e-01
5.80859375e-07,1.86584375e-01
5.80899375e-07,1.86591625e-01
5.80939375e-07,1.86584375e-01
5.80979375e-07,1.86591625e-01
5.81019375e-07,1.86584375e-01
5.81059375e-07,1.86591625e-01
5.81099375e-07,1.86584375e-01
5.81139375e-07,1.86591625e-01
5.81179375e-07,1.86584375e-01
5.81219375e-07,1.86592531e-01
5.81259375e-07,1.86583469e-01
5.81299375e-07,1.86592531e-01
5.81339375e-07,1.86583469e-01
5.81379375e-07,1.86592531e-01
5.81419375e-07,1.86582562e-01
5.81459375e-07,1.86593437e-01
5.81499375e-07,1.86582562e-01
5.81539375e-07,1.86594344e-01
5.81579375e-07,1.86581656e-01
5.81619375e-07,1.86595250e-01
5.81659375e-07,1.86580750e-01
5.81699375e-07,1.86596156e-01
5.81739375e-07,1.86578031e-01
5.81779375e-07,1.86599781e-01
5.81819375e-07,1.86573500e-01
5.81859375e-07,1.86607937e-01
5.81899375e-07,1.86553562e-01
5.81939375e-07,1.86711250e-01
5.81979375e-07,1.86848094e-01
5.82019375e-07,1.86805500e-01
5.82059375e-07,1.86829063e-01
5.82099375e-07,1.86813656e-01
5.82139375e-07,1.86824531e-01
5.82179375e-07,1.86817281e-01
5.82219375e-07,1.86821812e-01
5.82259375e-07,1.86819094e-01
5.82299375e-07,1.86820906e-01
5.82339375e-07,1.86820000e-01
5.82379375e-07,1.86820000e-01
5.82419375e-07,1.86820906e-01
5.82459375e-07,1.86819094e-01
5.82499375e-07,1.86821812e-01
5.82539375e-07,1.86818188e-01
5.82579375e-07,1.86822719e-01
5.82619375e-07,1.86817281e-01
5.82659375e-07,1.86823625e-01
5.82699375e-07,1.86815469e-01
5.82739375e-07,1.86824531e-01
5.82779375e-07,1.86813656e-01
5.82819375e-07,1.86827250e-01
5.82859375e-07,1.86810937e-01
5.82899375e-07,1.86831781e-01
5.82939375e-07,1.86801875e-01
5.82979375e-07,1.86852625e-01
5.83019375e-07,1.86698562e-01
5.83059375e-07,1.86557187e-01
5.83099375e-07,1.86605219e-01
5.83139375e-07,1.86577125e-01
5.83179375e-07,1.86596156e-01
5.83219375e-07,1.86581656e-01
5.83259375e-07,1.86593437e-01
5.83299375e-07,1.86583469e-01
5.83339375e-07,1.86591625e-01
5.83379375e-07,1.86585281e-01
5.83419375e-07,1.86589813e-01
5.83459375e-07,1.86586188e-01
5.83499375e-07,1.86588906e-01
5.83539375e-07,1.86588000e-01
5.83579375e-07,1.86587094e-01
5.83619375e-07,1.86588906e-01
5.83659375e-07,1.86585281e-01
5.83699375e-07,1.86592531e-01
5.83739375e-07,1.86580750e-01
5.83779375e-07,1.86600688e-01
5.83819375e-07,1.86561719e-01
5.83859375e-07,1.86703094e-01
5.83899375e-07,1.86857156e-01
5.83939375e-07,1.86795531e-01
5.83979375e-07,1.86839937e-01
5.84019375e-07,1.86801875e-01
5.84059375e-07,1.86838125e-01
5.84099375e-07,1.86800063e-01
5.84139375e-07,1.86845375e-01
5.84179375e-07,1.86781031e-01
5.84219375e-07,1.86947781e-01
5.84259375e-07,1.87076469e-01
5.84299375e-07,1.87042031e-01
5.84339375e-07,1.87055625e-01
5.84379375e-07,1.87052000e-01
5.84419375e-07,1.87047469e-01
5.84459375e-07,1.87062875e-01
5.84499375e-07,1.87026625e-01
5.84539375e-07,1.87166187e-01
5.84579375e-07,1.87322062e-01
5.84619375e-07,1.87259531e-01
5.84659375e-07,1.87303937e-01
5.84699375e-07,1.87265875e-01
5.84739375e-07,1.87302125e-01
5.84779375e-07,1.87264062e-01
5.84819375e-07,1.87308469e-01
5.84859375e-07,1.87245937e-01
5.84899375e-07,1.87409969e-01
5.84939375e-07,1.87542281e-01
5.84979375e-07,1.87503312e-01
5.85019375e-07,1.87523250e-01
5.85059375e-07,1.87511469e-01
5.85099375e-07,1.87519625e-01
5.85139375e-07,1.87513281e-01
5.85179375e-07,1.87517812e-01
5.85219375e-07,1.87515094e-01
5.85259375e-07,1.87516906e-01
5.85299375e-07,1.87516000e-01
5.85339375e-07,1.87516000e-01
5.85379375e-07,1.87516000e-01
5.85419375e-07,1.87516000e-01
5.85459375e-07,1.87516000e-01
5.85499375e-07,1.87515094e-01
5.85539375e-07,1.87516906e-01
5.85579375e-07,1.87515094e-01
5.85619375e-07,1.87516906e-01
5.85659375e-07,1.87515094e-01
5.85699375e-07,1.87516906e-01
5.85739375e-07,1.87515094e-01
5.85779375e-07,1.87517812e-01
5.85819375e-07,1.87514187e-01
5.85859375e-07,1.87517812e-01
5.85899375e-07,1.87514187e-01
5.85939375e-07,1.87517812e-01
5.85979375e-07,1.87514187e-01
5.86019375e-07,1.87517812e-01
5.86059375e-07,1.87514187e-01
5.86099375e-07,1.87518719e-01
5.86139375e-07,1.87513281e-01
5.86179375e-07,1.87518719e-01
5.86219375e-07,1.87513281e-01
5.86259375e-07,1.87518719e-01
5.86299375e-07,1.87512375e-01
5.86339375e-07,1.87519625e-01
5.86379375e-07,1.87511469e-01
5.86419375e-07,1.87520531e-01
5.86459375e-07,1.87510563e-01
5.86499375e-07,1.87522344e-01
5.86539375e-07,1.87508750e-01
5.86579375e-07,1.87525063e-01
5.86619375e-07,1.87504219e-01
5.86659375e-07,1.87533219e-01
5.86699375e-07,1.87484281e-01
5.86739375e-07,1.87635625e-01
5.86779375e-07,1.87780625e-01
5.86819375e-07,1.87728969e-01
5.86859375e-07,1.87762500e-01
5.86899375e-07,1.87735313e-01
5.86939375e-07,1.87760687e-01
5.86979375e-07,1.87734406e-01
5.87019375e-07,1.87766125e-01
5.87059375e-07,1.87716281e-01
5.87099375e-07,1.87867625e-01
5.87139375e-07,1.88013531e-01
5.87179375e-07,1.87959156e-01
5.87219375e-07,1.87997219e-01
5.87259375e-07,1.87964594e-01
5.87299375e-07,1.87996312e-01
5.87339375e-07,1.87961875e-01
5.87379375e-07,1.88002656e-01
5.87419375e-07,1.87942844e-01
5.87459375e-07,1.88105969e-01
5.87499375e-07,1.88238281e-01
5.87539375e-07,1.88199312e-01
5.87579375e-07,1.88218344e-01
5.87619375e-07,1.88208375e-01
5.87659375e-07,1.88212906e-01
5.87699375e-07,1.88212906e-01
5.87739375e-07,1.88209281e-01
5.87779375e-07,1.88217438e-01
5.87819375e-07,1.88203844e-01
5.87859375e-07,1.88226500e-01
5.87899375e-07,1.88183000e-01
5.87939375e-07,1.88329812e-01
5.87979375e-07,1.88477531e-01
5.88019375e-07,1.88424062e-01
5.88059375e-07,1.88458500e-01
5.88099375e-07,1.88432219e-01
5.88139375e-07,1.88453969e-01
5.88179375e-07,1.88435844e-01
5.88219375e-07,1.88451250e-01
5.88259375e-07,1.88436750e-01
5.88299375e-07,1.88450344e-01
5.88339375e-07,1.88437656e-01
5.88379375e-07,1.88450344e-01
5.88419375e-07,1.88438562e-01
5.88459375e-07,1.88449437e-01
5.88499375e-07,1.88438562e-01
5.88539375e-07,1.88450344e-01
5.88579375e-07,1.88437656e-01
5.88619375e-07,1.88450344e-01
5.88659375e-07,1.88436750e-01
5.88699375e-07,1.88452156e-01
5.88739375e-07,1.88434031e-01
5.88779375e-07,1.88456687e-01
5.88819375e-07,1.88425875e-01
5.88859375e-07,1.88475719e-01
5.88899375e-07,1.88323469e-01
5.88939375e-07,1.88180281e-01
5.88979375e-07,1.88230125e-01
5.89019375e-07,1.88199312e-01
5.89059375e-07,1.88221969e-01
5.89099375e-07,1.88202938e-01
5.89139375e-07,1.88220156e-01
5.89179375e-07,1.88203844e-01
5.89219375e-07,1.88220156e-01
5.89259375e-07,1.88203844e-01
5.89299375e-07,1.88221063e-01
5.89339375e-07,1.88201125e-01
5.89379375e-07,1.88224687e-01
5.89419375e-07,1.88193875e-01
5.89459375e-07,1.88244625e-01
5.89499375e-07,1.88090563e-01
5.89539375e-07,1.87949188e-01
5.89579375e-07,1.87998125e-01
5.89619375e-07,1.87967312e-01
5.89659375e-07,1.87989969e-01
5.89699375e-07,1.87970937e-01
5.89739375e-07,1.87988156e-01
5.89779375e-07,1.87971844e-01
5.89819375e-07,1.87989062e-01
5.89859375e-07,1.87970031e-01
5.89899375e-07,1.87992688e-01
5.89939375e-07,1.87962781e-01
5.89979375e-07,1.88011719e-01
5.90019375e-07,1.87859469e-01
5.90059375e-07,1.87715375e-01
5.90099375e-07,1.87767031e-01
5.90139375e-07,1.87734406e-01
5.90179375e-07,1.87758875e-01
5.90219375e-07,1.87738031e-01
5.90259375e-07,1.87757062e-01
5.90299375e-07,1.87738938e-01
5.90339375e-07,1.87756156e-01
5.90379375e-07,1.87738938e-01
5.90419375e-07,1.87757062e-01
5.90459375e-07,1.87738031e-01
5.90499375e-07,1.87758875e-01
5.90539375e-07,1.87735313e-01
5.90579375e-07,1.87763406e-01
5.90619375e-07,1.87727156e-01
5.90659375e-07,1.87783344e-01
5.90699375e-07,1.87623844e-01
5.90739375e-07,1.87487906e-01
5.90779375e-07,1.87530500e-01
5.90819375e-07,1.87507844e-01
5.90859375e-07,1.87521437e-01
5.90899375e-07,1.87512375e-01
5.90939375e-07,1.87518719e-01
5.90979375e-07,1.87514187e-01
5.91019375e-07,1.87516906e-01
5.91059375e-07,1.87516000e-01
5.91099375e-07,1.87515094e-01
5.91139375e-07,1.87517812e-01
5.91179375e-07,1.87514187e-01
5.91219375e-07,1.87518719e-01
5.91259375e-07,1.87512375e-01
5.91299375e-07,1.87520531e-01
5.91339375e-07,1.87510563e-01
5.91379375e-07,1.87523250e-01
5.91419375e-07,1.87506937e-01
5.91459375e-07,1.87527781e-01
5.91499375e-07,1.87497875e-01
5.91539375e-07,1.87548625e-01
5.91579375e-07,1.87394563e-01
5.91619375e-07,1.87253188e-01
5.91659375e-07,1.87300313e-01
5.91699375e-07,1.87273125e-01
5.91739375e-07,1.87292156e-01
5.91779375e-07,1.87278562e-01
5.91819375e-07,1.87288531e-01
5.91859375e-07,1.87281281e-01
5.91899375e-07,1.87285813e-01
5.91939375e-07,1.87283094e-01
5.91979375e-07,1.87284000e-01
5.92019375e-07,1.87284906e-01
5.92059375e-07,1.87281281e-01
5.92099375e-07,1.87287625e-01
5.92139375e-07,1.87277656e-01
5.92179375e-07,1.87293062e-01
5.92219375e-07,1.87268594e-01
5.92259375e-07,1.87313906e-01
5.92299375e-07,1.87165281e-01
5.92339375e-07,1.87019375e-01
5.92379375e-07,1.87070125e-01
5.92419375e-07,1.87039312e-01
5.92459375e-07,1.87061062e-01
5.92499375e-07,1.87045656e-01
5.92539375e-07,1.87056531e-01
5.92579375e-07,1.87049281e-01
5.92619375e-07,1.87052000e-01
5.92659375e-07,1.87054719e-01
5.92699375e-07,1.87042938e-01
5.92739375e-07,1.87075562e-01
5.92779375e-07,1.86939625e-01
5.92819375e-07,1.86780125e-01
5.92859375e-07,1.86845375e-01
5.92899375e-07,1.86800063e-01
5.92939375e-07,1.86838125e-01
5.92979375e-07,1.86803688e-01
5.93019375e-07,1.86835406e-01
5.93059375e-07,1.86804594e-01
5.93099375e-07,1.86835406e-01
5.93139375e-07,1.86802781e-01
5.93179375e-07,1.86839031e-01
5.93219375e-07,1.86795531e-01
5.93259375e-07,1.86858969e-01
5.93299375e-07,1.86693125e-01
5.93339375e-07,1.86562625e-01
5.93379375e-07,1.86599781e-01
5.93419375e-07,1.86581656e-01
5.93459375e-07,1.86591625e-01
5.93499375e-07,1.86585281e-01
5.93539375e-07,1.86588906e-01
5.93579375e-07,1.86587094e-01
5.93619375e-07,1.86588000e-01
5.93659375e-07,1.86588000e-01
5.93699375e-07,1.86588000e-01
5.93739375e-07,1.86588000e-01
5.93779375e-07,1.86588000e-01
5.93819375e-07,1.86588000e-01
5.93859375e-07,1.86588000e-01
5.93899375e-07,1.86588000e-01
5.93939375e-07,1.86588906e-01
5.93979375e-07,1.86587094e-01
5.94019375e-07,1.86590719e-01
5.94059375e-07,1.86584375e-01
5.94099375e-07,1.86594344e-01
5.94139375e-07,1.86576219e-01
5.94179375e-07,1.86614281e-01
5.94219375e-07,1.86473813e-01
5.94259375e-07,1.86317938e-01
5.94299375e-07,1.86381375e-01
5.94339375e-07,1.86336063e-01
5.94379375e-07,1.86374125e-01
5.94419375e-07,1.86338781e-01
5.94459375e-07,1.86373219e-01
5.94499375e-07,1.86337875e-01
5.94539375e-07,1.86376844e-01
5.94579375e-07,1.86329719e-01
5.94619375e-07,1.86396781e-01
5.94659375e-07,1.86226406e-01
5.94699375e-07,1.86101344e-01
5.94739375e-07,1.86132156e-01
5.94779375e-07,1.86121281e-01
5.94819375e-07,1.86123094e-01
5.94859375e-07,1.86127625e-01
5.94899375e-07,1.86116750e-01
5.94939375e-07,1.86134875e-01
5.94979375e-07,1.86106781e-01
5.95019375e-07,1.86155719e-01
5.95059375e-07,1.86003469e-01
5.95099375e-07,1.85861187e-01
5.95139375e-07,1.85909219e-01
5.95179375e-07,1.85881125e-01
5.95219375e-07,1.85900156e-01
5.95259375e-07,1.85885656e-01
5.95299375e-07,1.85896531e-01
5.95339375e-07,1.85888375e-01
5.95379375e-07,1.85894719e-01
5.95419375e-07,1.85889281e-01
5.95459375e-07,1.85893813e-01
5.95499375e-07,1.85890187e-01
5.95539375e-07,1.85892906e-01
5.95579375e-07,1.85891094e-01
5.95619375e-07,1.85892000e-01
5.95659375e-07,1.85892000e-01
5.95699375e-07,1.85891094e-01
5.95739375e-07,1.85892906e-01
5.95779375e-07,1.85891094e-01
5.95819375e-07,1.85893813e-01
5.95859375e-07,1.85890187e-01
5.95899375e-07,1.85894719e-01
5.95939375e-07,1.85888375e-01
5.95979375e-07,1.85896531e-01
5.96019375e-07,1.85886562e-01
5.96059375e-07,1.85899250e-01
5.96099375e-07,1.85881125e-01
5.96139375e-07,1.85908313e-01
5.96179375e-07,1.85861187e-01
5.96219375e-07,1.86011625e-01
5.96259375e-07,1.86156625e-01
5.96299375e-07,1.86104969e-01
5.96339375e-07,1.86136688e-01
5.96379375e-07,1.86114031e-01
5.96419375e-07,1.86132156e-01
5.96459375e-07,1.86116750e-01
5.96499375e-07,1.86130344e-01
5.96539375e-07,1.86118563e-01
5.96579375e-07,1.86129437e-01
5.96619375e-07,1.86119469e-01
5.96659375e-07,1.86128531e-01
5.96699375e-07,1.86120375e-01
5.96739375e-07,1.86127625e-01
5.96779375e-07,1.86120375e-01
5.96819375e-07,1.86127625e-01
5.96859375e-07,1.86120375e-01
5.96899375e-07,1.86126719e-01
5.96939375e-07,1.86121281e-01
5.96979375e-07,1.86126719e-01
5.97019375e-07,1.86121281e-01
5.97059375e-07,1.86126719e-01
5.97099375e-07,1.86121281e-01
5.97139375e-07,1.86126719e-01
5.97179375e-07,1.86121281e-01
5.97219375e-07,1.86126719e-01
5.97259375e-07,1.86121281e-01
5.97299375e-07,1.86126719e-01
5.97339375e-07,1.86122188e-01
5.97379375e-07,1.86125812e-01
5.97419375e-07,1.86122188e-01
5.97459375e-07,1.86125812e-01
5.97499375e-07,1.86122188e-01
5.97539375e-07,1.86125812e-01
5.97579375e-07,1.86122188e-01
5.97619375e-07,1.86125812e-01
5.97659375e-07,1.86122188e-01
5.97699375e-07,1.86125812e-01
5.97739375e-07,1.86122188e-01
5.97779375e-07,1.86125812e-01
5.97819375e-07,1.86122188e-01
5.97859375e-07,1.86125812e-01
5.97899375e-07,1.86122188e-01
5.97939375e-07,1.86125812e-01
5.97979375e-07,1.86122188e-01
5.98019375e-07,1.86125812e-01
5.98059375e-07,1.86122188e-01
5.98099375e-07,1.86125812e-01
5.98139375e-07,1.86122188e-01
5.98179375e-07,1.86125812e-01
5.98219375e-07,1.86122188e-01
5.98259375e-07,1.86125812e-01
5.98299375e-07,1.86122188e-01
5.98339375e-07,1.86125812e-01
5.98379375e-07,1.86122188e-01
5.98419375e-07,1.86125812e-01
5.98459375e-07,1.86122188e-01
5.98499375e-07,1.86125812e-01
5.98539375e-07,1.86122188e-01
5.98579375e-07,1.86125812e-01
5.98619375e-07,1.86122188e-01
5.98659375e-07,1.86125812e-01
5.98699375e-07,1.86122188e-01
5.98739375e-07,1.86125812e-01
5.98779375e-07,1.86122188e-01
5.98819375e-07,1.86125812e-01
5.98859375e-07,1.86122188e-01
5.98899375e-07,1.86125812e-01
5.98939375e-07,1.86122188e-01
5.98979375e-07,1.86125812e-01
5.99019375e-07,1.86122188e-01
5.99059375e-07,1.86125812e-01
5.99099375e-07,1.86122188e-01
5.99139375e-07,1.86125812e-01
5.99179375e-07,1.86122188e-01
5.99219375e-07,1.86125812e-01
5.99259375e-07,1.86121281e-01
5.99299375e-07,1.86126719e-01
5.99339375e-07,1.86121281e-01
5.99379375e-07,1.86126719e-01
5.99419375e-07,1.86121281e-01
5.99459375e-07,1.86126719e-01
5.99499375e-07,1.86121281e-01
5.99539375e-07,1.86126719e-01
5.99579375e-07,1.86121281e-01
5.99619375e-07,1.86126719e-01
5.99659375e-07,1.86121281e-01
5.99699375e-07,1.86127625e-01
5.99739375e-07,1.86120375e-01
5.99779375e-07,1.86127625e-01
5.99819375e-07,1.86120375e-01
5.99859375e-07,1.86127625e-01
5.99899375e-07,1.86119469e-01
5.99939375e-07,1.86128531e-01
5.99979375e-07,1.86118563e-01
6.00019375e-07,1.86129437e-01
6.00059375e-07,1.86117656e-01
6.00099375e-07,1.86132156e-01
6.00139375e-07,1.86114031e-01
6.00179375e-07,1.86136688e-01
6.00219375e-07,1.86105875e-01
6.00259375e-07,1.86156625e-01
6.00299375e-07,1.86002562e-01
6.00339375e-07,1.85861187e-01
6.00379375e-07,1.85909219e-01
6.00419375e-07,1.85880219e-01
6.00459375e-07,1.85901062e-01
6.00499375e-07,1.85884750e-01
6.00539375e-07,1.85898344e-01
6.00579375e-07,1.85886562e-01
6.00619375e-07,1.85896531e-01
6.00659375e-07,1.85887469e-01
6.00699375e-07,1.85895625e-01
6.00739375e-07,1.85888375e-01
6.00779375e-07,1.85895625e-01
6.00819375e-07,1.85888375e-01
6.00859375e-07,1.85895625e-01
6.00899375e-07,1.85888375e-01
6.00939375e-07,1.85895625e-01
6.00979375e-07,1.85888375e-01
6.01019375e-07,1.85896531e-01
6.01059375e-07,1.85887469e-01
6.01099375e-07,1.85897437e-01
6.01139375e-07,1.85885656e-01
6.01179375e-07,1.85899250e-01
6.01219375e-07,1.85882937e-01
6.01259375e-07,1.85903781e-01
6.01299375e-07,1.85874781e-01
6.01339375e-07,1.85923719e-01
6.01379375e-07,1.85771469e-01
6.01419375e-07,1.85628281e-01
6.01459375e-07,1.85677219e-01
6.01499375e-07,1.85648219e-01
6.01539375e-07,1.85669063e-01
6.01579375e-07,1.85653656e-01
6.01619375e-07,1.85664531e-01
6.01659375e-07,1.85656375e-01
6.01699375e-07,1.85660906e-01
6.01739375e-07,1.85661812e-01
6.01779375e-07,1.85652750e-01
6.01819375e-07,1.85681750e-01
6.01859375e-07,1.85550344e-01
6.01899375e-07,1.85384500e-01
6.01939375e-07,1.85458812e-01
6.01979375e-07,1.85400812e-01
6.02019375e-07,1.85455188e-01
6.02059375e-07,1.85396281e-01
6.02099375e-07,1.85473312e-01
6.02139375e-07,1.85294781e-01
6.02179375e-07,1.85177875e-01
6.02219375e-07,1.85199625e-01
6.02259375e-07,1.85199625e-01
6.02299375e-07,1.85185125e-01
6.02339375e-07,1.85222281e-01
6.02379375e-07,1.85081812e-01
6.02419375e-07,1.84925031e-01
6.02459375e-07,1.84992094e-01
6.02499375e-07,1.84935906e-01
6.02539375e-07,1.85003875e-01
6.02579375e-07,1.84836219e-01
6.02619375e-07,1.84708437e-01
6.02659375e-07,1.84738344e-01
6.02699375e-07,1.84743781e-01
6.02739375e-07,1.84630500e-01
6.02779375e-07,1.84448344e-01
6.02819375e-07,1.84540781e-01
6.02859375e-07,1.84459219e-01
6.02899375e-07,1.84553469e-01
6.02939375e-07,1.84358625e-01
6.02979375e-07,1.84257125e-01
6.03019375e-07,1.84263469e-01
6.03059375e-07,1.84280687e-01
6.03099375e-07,1.84247156e-01
6.03139375e-07,1.84305156e-01
6.03179375e-07,1.84140219e-01
6.03219375e-07,1.84013344e-01
6.03259375e-07,1.84042344e-01
6.03299375e-07,1.84038719e-01
6.03339375e-07,1.84024219e-01
6.03379375e-07,1.84064094e-01
6.03419375e-07,1.83917281e-01
6.03459375e-07,1.83771375e-01
6.03499375e-07,1.83821219e-01
6.03539375e-07,1.83793125e-01
6.03579375e-07,1.83811250e-01
6.03619375e-07,1.83799469e-01
6.03659375e-07,1.83805812e-01
6.03699375e-07,1.83804906e-01
6.03739375e-07,1.83800375e-01
6.03779375e-07,1.83811250e-01
6.03819375e-07,1.83791312e-01
6.03859375e-07,1.83832094e-01
6.03899375e-07,1.83686187e-01
6.03939375e-07,1.83537563e-01
6.03979375e-07,1.83591937e-01
6.04019375e-07,1.83557500e-01
6.04059375e-07,1.83582875e-01
6.04099375e-07,1.83562937e-01
6.04139375e-07,1.83579250e-01
6.04179375e-07,1.83565656e-01
6.04219375e-07,1.83577437e-01
6.04259375e-07,1.83567469e-01
6.04299375e-07,1.83575625e-01
6.04339375e-07,1.83568375e-01
6.04379375e-07,1.83574719e-01
6.04419375e-07,1.83569281e-01
6.04459375e-07,1.83573812e-01
6.04499375e-07,1.83571094e-01
6.04539375e-07,1.83572906e-01
6.04579375e-07,1.83572000e-01
6.04619375e-07,1.83572000e-01
6.04659375e-07,1.83572906e-01
6.04699375e-07,1.83570188e-01
6.04739375e-07,1.83574719e-01
6.04779375e-07,1.83567469e-01
6.04819375e-07,1.83578344e-01
6.04859375e-07,1.83562031e-01
6.04899375e-07,1.83587406e-01
6.04939375e-07,1.83542094e-01
6.04979375e-07,1.83690719e-01
6.05019375e-07,1.83836625e-01
6.05059375e-07,1.83784969e-01
6.05099375e-07,1.83816687e-01
6.05139375e-07,1.83794031e-01
6.05179375e-07,1.83811250e-01
6.05219375e-07,1.83797656e-01
6.05259375e-07,1.83808531e-01
6.05299375e-07,1.83801281e-01
6.05339375e-07,1.83805812e-01
6.05379375e-07,1.83804906e-01
6.05419375e-07,1.83800375e-01
6.05459375e-07,1.83813062e-01
6.05499375e-07,1.83780438e-01
6.05539375e-07,1.83916375e-01
6.05579375e-07,1.84075875e-01
6.05619375e-07,1.84008813e-01
6.05659375e-07,1.84058656e-01
6.05699375e-07,1.84013344e-01
6.05739375e-07,1.84061375e-01
6.05779375e-07,1.83998844e-01
6.05819375e-07,1.84160156e-01
6.05859375e-07,1.84298812e-01
6.05899375e-07,1.84247156e-01
6.05939375e-07,1.84289750e-01
6.05979375e-07,1.84233563e-01
6.06019375e-07,1.84390344e-01
6.06059375e-07,1.84528094e-01
6.06099375e-07,1.84490031e-01
6.06139375e-07,1.84491844e-01
6.06179375e-07,1.84596969e-01
6.06219375e-07,1.84787281e-01
6.06259375e-07,1.84687594e-01
6.06299375e-07,1.84777312e-01
6.06339375e-07,1.84674000e-01
6.06379375e-07,1.84878812e-01
6.06419375e-07,1.84967625e-01
6.06459375e-07,1.84979406e-01
6.06499375e-07,1.84928656e-01
6.06539375e-07,1.85091781e-01
6.06579375e-07,1.85215938e-01
6.06619375e-07,1.85195094e-01
6.06659375e-07,1.85176969e-01
6.06699375e-07,1.85306562e-01
6.06739375e-07,1.85468781e-01
6.06779375e-07,1.85399906e-01
6.06819375e-07,1.85455188e-01
6.06859375e-07,1.85391750e-01
6.06899375e-07,1.85550344e-01
6.06939375e-07,1.85693531e-01
6.06979375e-07,1.85635531e-01
6.07019375e-07,1.85685375e-01
6.07059375e-07,1.85621938e-01
6.07099375e-07,1.85785969e-01
6.07139375e-07,1.85918281e-01
6.07179375e-07,1.85880219e-01
6.07219375e-07,1.85897437e-01
6.07259375e-07,1.85890187e-01
6.07299375e-07,1.85889281e-01
6.07339375e-07,1.85901062e-01
6.07379375e-07,1.85867531e-01
6.07419375e-07,1.86005281e-01
6.07459375e-07,1.86162063e-01
6.07499375e-07,1.86099531e-01
6.07539375e-07,1.86143031e-01
6.07579375e-07,1.86107688e-01
6.07619375e-07,1.86139406e-01
6.07659375e-07,1.86109500e-01
6.07699375e-07,1.86138500e-01
6.07739375e-07,1.86109500e-01
6.07779375e-07,1.86140312e-01
6.07819375e-07,1.86105875e-01
6.07859375e-07,1.86147563e-01
6.07899375e-07,1.86085937e-01
6.07939375e-07,1.86250875e-01
6.07979375e-07,1.86381375e-01
6.08019375e-07,1.86344219e-01
6.08059375e-07,1.86362344e-01
6.08099375e-07,1.86353281e-01
6.08139375e-07,1.86356906e-01
6.08179375e-07,1.86356906e-01
6.08219375e-07,1.86353281e-01
6.08259375e-07,1.86361438e-01
6.08299375e-07,1.86347844e-01
6.08339375e-07,1.86369594e-01
6.08379375e-07,1.86327906e-01
6.08419375e-07,1.86472906e-01
6.08459375e-07,1.86623344e-01
6.08499375e-07,1.86566250e-01
6.08539375e-07,1.86604313e-01
6.08579375e-07,1.86573500e-01
6.08619375e-07,1.86601594e-01
6.08659375e-07,1.86575313e-01
6.08699375e-07,1.86601594e-01
6.08739375e-07,1.86571687e-01
6.08779375e-07,1.86608844e-01
6.08819375e-07,1.86552656e-01
6.08859375e-07,1.86711250e-01
6.08899375e-07,1.86849000e-01
6.08939375e-07,1.86804594e-01
6.08979375e-07,1.86829969e-01
6.09019375e-07,1.86812750e-01
6.09059375e-07,1.86825437e-01
6.09099375e-07,1.86815469e-01
6.09139375e-07,1.86824531e-01
6.09179375e-07,1.86816375e-01
6.09219375e-07,1.86823625e-01
6.09259375e-07,1.86817281e-01
6.09299375e-07,1.86822719e-01
6.09339375e-07,1.86817281e-01
6.09379375e-07,1.86822719e-01
6.09419375e-07,1.86817281e-01
6.09459375e-07,1.86822719e-01
6.09499375e-07,1.86817281e-01
6.09539375e-07,1.86822719e-01
6.09579375e-07,1.86817281e-01
6.09619375e-07,1.86822719e-01
6.09659375e-07,1.86817281e-01
6.09699375e-07,1.86822719e-01
6.09739375e-07,1.86817281e-01
6.09779375e-07,1.86822719e-01
6.09819375e-07,1.86817281e-01
6.09859375e-07,1.86822719e-01
6.09899375e-07,1.86817281e-01
6.09939375e-07,1.86823625e-01
6.09979375e-07,1.86816375e-01
6.10019375e-07,1.86823625e-01
6.10059375e-07,1.86816375e-01
6.10099375e-07,1.86824531e-01
6.10139375e-07,1.86815469e-01
6.10179375e-07,1.86825437e-01
6.10219375e-07,1.86813656e-01
6.10259375e-07,1.86827250e-01
6.10299375e-07,1.86810937e-01
6.10339375e-07,1.86832687e-01
6.10379375e-07,1.86801875e-01
6.10419375e-07,1.86852625e-01
6.10459375e-07,1.86698562e-01
6.10499375e-07,1.86557187e-01
6.10539375e-07,1.86605219e-01
6.10579375e-07,1.86576219e-01
6.10619375e-07,1.86597062e-01
6.10659375e-07,1.86580750e-01
6.10699375e-07,1.86594344e-01
6.10739375e-07,1.86582562e-01
6.10779375e-07,1.86592531e-01
6.10819375e-07,1.86584375e-01
6.10859375e-07,1.86591625e-01
6.10899375e-07,1.86584375e-01
6.10939375e-07,1.86590719e-01
6.10979375e-07,1.86585281e-01
6.11019375e-07,1.86590719e-01
6.11059375e-07,1.86585281e-01
6.11099375e-07,1.86590719e-01
6.11139375e-07,1.86585281e-01
6.11179375e-07,1.86590719e-01
6.11219375e-07,1.86586188e-01
6.11259375e-07,1.86589813e-01
6.11299375e-07,1.86586188e-01
6.11339375e-07,1.86589813e-01
6.11379375e-07,1.86586188e-01
6.11419375e-07,1.86589813e-01
6.11459375e-07,1.86585281e-01
6.11499375e-07,1.86590719e-01
6.11539375e-07,1.86585281e-01
6.11579375e-07,1.86590719e-01
6.11619375e-07,1.86585281e-01
6.11659375e-07,1.86590719e-01
6.11699375e-07,1.86584375e-01
6.11739375e-07,1.86591625e-01
6.11779375e-07,1.86583469e-01
6.11819375e-07,1.86592531e-01
6.11859375e-07,1.86581656e-01
6.11899375e-07,1.86596156e-01
6.11939375e-07,1.86577125e-01
6.11979375e-07,1.86604313e-01
6.12019375e-07,1.86558094e-01
6.12059375e-07,1.86706719e-01
6.12099375e-07,1.86853531e-01
6.12139375e-07,1.86800063e-01
6.12179375e-07,1.86835406e-01
6.12219375e-07,1.86807312e-01
6.12259375e-07,1.86831781e-01
6.12299375e-07,1.86808219e-01
6.12339375e-07,1.86832687e-01
6.12379375e-07,1.86805500e-01
6.12419375e-07,1.86839937e-01
6.12459375e-07,1.86786469e-01
6.12499375e-07,1.86941438e-01
6.12539375e-07,1.87082813e-01
6.12579375e-07,1.87033875e-01
6.12619375e-07,1.87065594e-01
6.12659375e-07,1.87040219e-01
6.12699375e-07,1.87064687e-01
6.12739375e-07,1.87038406e-01
6.12779375e-07,1.87071031e-01
6.12819375e-07,1.87019375e-01
6.12859375e-07,1.87172531e-01
6.12899375e-07,1.87315719e-01
6.12939375e-07,1.87265875e-01
6.12979375e-07,1.87297594e-01
6.13019375e-07,1.87273125e-01
6.13059375e-07,1.87293969e-01
6.13099375e-07,1.87274937e-01
6.13139375e-07,1.87293062e-01
6.13179375e-07,1.87274031e-01
6.13219375e-07,1.87294875e-01
6.13259375e-07,1.87270406e-01
6.13299375e-07,1.87302125e-01
6.13339375e-07,1.87251375e-01
6.13379375e-07,1.87404531e-01
6.13419375e-07,1.87548625e-01
6.13459375e-07,1.87496063e-01
6.13499375e-07,1.87531406e-01
6.13539375e-07,1.87501500e-01
6.13579375e-07,1.87531406e-01
6.13619375e-07,1.87496063e-01
6.13659375e-07,1.87549531e-01
6.13699375e-07,1.87393656e-01
6.13739375e-07,1.87253188e-01
6.13779375e-07,1.87301219e-01
6.13819375e-07,1.87272219e-01
6.13859375e-07,1.87293062e-01
6.13899375e-07,1.87277656e-01
6.13939375e-07,1.87289437e-01
6.13979375e-07,1.87280375e-01
6.14019375e-07,1.87285813e-01
6.14059375e-07,1.87284906e-01
6.14099375e-07,1.87277656e-01
6.14139375e-07,1.87303937e-01
6.14179375e-07,1.87176156e-01
6.14219375e-07,1.87006687e-01
6.14259375e-07,1.87084625e-01
6.14299375e-07,1.87023000e-01
6.14339375e-07,1.87081906e-01
6.14379375e-07,1.87017562e-01
6.14419375e-07,1.87100031e-01
6.14459375e-07,1.86914250e-01
6.14499375e-07,1.86805500e-01
6.14539375e-07,1.86819094e-01
6.14579375e-07,1.86829969e-01
6.14619375e-07,1.86801875e-01
6.14659375e-07,1.86854437e-01
6.14699375e-07,1.86694937e-01
6.14739375e-07,1.86562625e-01
6.14779375e-07,1.86597062e-01
6.14819375e-07,1.86587094e-01
6.14859375e-07,1.86579844e-01
6.14899375e-07,1.86611562e-01
6.14939375e-07,1.86474719e-01
6.14979375e-07,1.86317938e-01
6.15019375e-07,1.86380469e-01
6.15059375e-07,1.86336063e-01
6.15099375e-07,1.86375031e-01
6.15139375e-07,1.86333344e-01
6.15179375e-07,1.86391344e-01
6.15219375e-07,1.86233656e-01
6.15259375e-07,1.86092281e-01
6.15299375e-07,1.86143031e-01
6.15339375e-07,1.86108594e-01
6.15379375e-07,1.86138500e-01
6.15419375e-07,1.86109500e-01
6.15459375e-07,1.86141219e-01
6.15499375e-07,1.86102250e-01
6.15539375e-07,1.86160250e-01
6.15579375e-07,1.85998937e-01
6.15619375e-07,1.85864813e-01
6.15659375e-07,1.85904687e-01
6.15699375e-07,1.85884750e-01
6.15739375e-07,1.85896531e-01
6.15779375e-07,1.85889281e-01
6.15819375e-07,1.85892906e-01
6.15859375e-07,1.85892906e-01
6.15899375e-07,1.85890187e-01
6.15939375e-07,1.85894719e-01
6.15979375e-07,1.85887469e-01
6.16019375e-07,1.85897437e-01
6.16059375e-07,1.85883844e-01
6.16099375e-07,1.85902875e-01
6.16139375e-07,1.85874781e-01
6.16179375e-07,1.85923719e-01
6.16219375e-07,1.85770562e-01
6.16259375e-07,1.85629187e-01
6.16299375e-07,1.85676312e-01
6.16339375e-07,1.85649125e-01
6.16379375e-07,1.85668156e-01
6.16419375e-07,1.85654563e-01
6.16459375e-07,1.85664531e-01
6.16499375e-07,1.85657281e-01
6.16539375e-07,1.85661812e-01
6.16579375e-07,1.85659094e-01
6.16619375e-07,1.85660906e-01
6.16659375e-07,1.85660000e-01
6.16699375e-07,1.85659094e-01
6.16739375e-07,1.85661812e-01
6.16779375e-07,1.85657281e-01
6.16819375e-07,1.85663625e-01
6.16859375e-07,1.85654563e-01
6.16899375e-07,1.85666344e-01
6.16939375e-07,1.85650938e-01
6.16979375e-07,1.85671781e-01
6.17019375e-07,1.85641875e-01
6.17059375e-07,1.85692625e-01
6.17099375e-07,1.85537656e-01
6.17139375e-07,1.85399000e-01
6.17179375e-07,1.85442500e-01
6.17219375e-07,1.85418937e-01
6.17259375e-07,1.85433437e-01
6.17299375e-07,1.85426188e-01
6.17339375e-07,1.85428000e-01
6.17379375e-07,1.85431625e-01
6.17419375e-07,1.85420750e-01
6.17459375e-07,1.85441594e-01
6.17499375e-07,1.85399906e-01
6.17539375e-07,1.85545812e-01
6.17579375e-07,1.85693531e-01
6.17619375e-07,1.85640969e-01
6.17659375e-07,1.85672687e-01
6.17699375e-07,1.85650938e-01
6.17739375e-07,1.85667250e-01
6.17779375e-07,1.85655469e-01
6.17819375e-07,1.85662719e-01
6.17859375e-07,1.85660000e-01
6.17899375e-07,1.85656375e-01
6.17939375e-07,1.85669969e-01
6.17979375e-07,1.85635531e-01
6.18019375e-07,1.85773281e-01
6.18059375e-07,1.85930969e-01
6.18099375e-07,1.85866625e-01
6.18139375e-07,1.85912844e-01
6.18179375e-07,1.85872062e-01
6.18219375e-07,1.85914656e-01
6.18259375e-07,1.85856656e-01
6.18299375e-07,1.86013437e-01
6.18339375e-07,1.86157531e-01
6.18379375e-07,1.86100437e-01
6.18419375e-07,1.86149375e-01
6.18459375e-07,1.86085937e-01
6.18499375e-07,1.86250875e-01
6.18539375e-07,1.86381375e-01
6.18579375e-07,1.86346031e-01
6.18619375e-07,1.86357812e-01
6.18659375e-07,1.86362344e-01
6.18699375e-07,1.86333344e-01
6.18739375e-07,1.86469281e-01
6.18779375e-07,1.86625156e-01
6.18819375e-07,1.86565344e-01
6.18859375e-07,1.86603406e-01
6.18899375e-07,1.86577125e-01
6.18939375e-07,1.86593437e-01
6.18979375e-07,1.86588906e-01
6.19019375e-07,1.86571687e-01
6.19059375e-07,1.86694031e-01
6.19099375e-07,1.86865312e-01
6.19139375e-07,1.86788281e-01
6.19179375e-07,1.86846281e-01
6.19219375e-07,1.86796437e-01
6.19259375e-07,1.86841750e-01
6.19299375e-07,1.86799156e-01
6.19339375e-07,1.86839937e-01
6.19379375e-07,1.86799156e-01
6.19419375e-07,1.86840844e-01
6.19459375e-07,1.86797344e-01
6.19499375e-07,1.86845375e-01
6.19539375e-07,1.86789188e-01
6.19579375e-07,1.86865312e-01
6.19619375e-07,1.86685875e-01
6.19659375e-07,1.86570781e-01
6.19699375e-07,1.86589813e-01
6.19739375e-07,1.86593437e-01
6.19779375e-07,1.86574406e-01
6.19819375e-07,1.86616094e-01
6.19859375e-07,1.86471094e-01
6.19899375e-07,1.86319750e-01
6.19939375e-07,1.86381375e-01
6.19979375e-07,1.86330625e-01
6.20019375e-07,1.86393156e-01
6.20059375e-07,1.86231844e-01
6.20099375e-07,1.86096812e-01
6.20139375e-07,1.86134875e-01
6.20179375e-07,1.86130344e-01
6.20219375e-07,1.86030656e-01
6.20259375e-07,1.85827656e-01
6.20299375e-07,1.85957250e-01
6.20339375e-07,1.85741562e-01
6.20379375e-07,1.85658187e-01
6.20419375e-07,1.85643687e-01
6.20459375e-07,1.85695344e-01
6.20499375e-07,1.85533125e-01
6.20539375e-07,1.85406250e-01
6.20579375e-07,1.85429812e-01
6.20619375e-07,1.85445219e-01
6.20659375e-07,1.85320156e-01
6.20699375e-07,1.85151594e-01
6.20739375e-07,1.85228625e-01
6.20779375e-07,1.85164281e-01
6.20819375e-07,1.85238594e-01
6.20859375e-07,1.85066406e-01
6.20899375e-07,1.84940437e-01
6.20939375e-07,1.84973969e-01
6.20979375e-07,1.84959469e-01
6.21019375e-07,1.84964906e-01
6.21059375e-07,1.84966719e-01
6.21099375e-07,1.84955844e-01
6.21139375e-07,1.84986656e-01
6.21179375e-07,1.84852531e-01
6.21219375e-07,1.84690313e-01
6.21259375e-07,1.84761000e-01
6.21299375e-07,1.84707531e-01
6.21339375e-07,1.84755562e-01
6.21379375e-07,1.84707531e-01
6.21419375e-07,1.84761000e-01
6.21459375e-07,1.84688500e-01
6.21499375e-07,1.84863406e-01
6.21539375e-07,1.84984844e-01
6.21579375e-07,1.84957656e-01
6.21619375e-07,1.84964000e-01
6.21659375e-07,1.84967625e-01
6.21699375e-07,1.84956750e-01
6.21739375e-07,1.84977594e-01
6.21779375e-07,1.84935906e-01
6.21819375e-07,1.85080000e-01
6.21859375e-07,1.85234062e-01
6.21899375e-07,1.85168813e-01
6.21939375e-07,1.85223187e-01
6.21979375e-07,1.85157031e-01
6.22019375e-07,1.85322875e-01
6.22059375e-07,1.85452469e-01
6.22099375e-07,1.85420750e-01
6.22139375e-07,1.85417125e-01
6.22179375e-07,1.85528594e-01
6.22219375e-07,1.85713469e-01
6.22259375e-07,1.85617406e-01
6.22299375e-07,1.85703500e-01
6.22339375e-07,1.85603812e-01
6.22379375e-07,1.85805000e-01
6.22419375e-07,1.85897437e-01
6.22459375e-07,1.85905594e-01
6.22499375e-07,1.85858469e-01
6.22539375e-07,1.86017062e-01
6.22579375e-07,1.86148469e-01
6.22619375e-07,1.86116750e-01
6.22659375e-07,1.86123094e-01
6.22699375e-07,1.86133969e-01
6.22739375e-07,1.86096812e-01
6.22779375e-07,1.86240906e-01
6.22819375e-07,1.86390438e-01
6.22859375e-07,1.86336969e-01
6.22899375e-07,1.86369594e-01
6.22939375e-07,1.86346031e-01
6.22979375e-07,1.86363250e-01
6.23019375e-07,1.86350562e-01
6.23059375e-07,1.86360531e-01
6.23099375e-07,1.86352375e-01
6.23139375e-07,1.86358719e-01
6.23179375e-07,1.86354187e-01
6.23219375e-07,1.86356906e-01
6.23259375e-07,1.86355094e-01
6.23299375e-07,1.86356000e-01
6.23339375e-07,1.86356906e-01
6.23379375e-07,1.86355094e-01
6.23419375e-07,1.86357812e-01
6.23459375e-07,1.86353281e-01
6.23499375e-07,1.86359625e-01
6.23539375e-07,1.86351469e-01
6.23579375e-07,1.86362344e-01
6.23619375e-07,1.86347844e-01
6.23659375e-07,1.86366875e-01
6.23699375e-07,1.86339687e-01
6.23739375e-07,1.86387719e-01
6.23779375e-07,1.86235469e-01
6.23819375e-07,1.86092281e-01
6.23859375e-07,1.86142125e-01
6.23899375e-07,1.86112219e-01
6.23939375e-07,1.86133063e-01
6.23979375e-07,1.86116750e-01
6.24019375e-07,1.86130344e-01
6.24059375e-07,1.86118563e-01
6.24099375e-07,1.86128531e-01
6.24139375e-07,1.86120375e-01
6.24179375e-07,1.86126719e-01
6.24219375e-07,1.86121281e-01
6.24259375e-07,1.86125812e-01
6.24299375e-07,1.86122188e-01
6.24339375e-07,1.86125812e-01
6.24379375e-07,1.86123094e-01
6.24419375e-07,1.86124906e-01
6.24459375e-07,1.86123094e-01
6.24499375e-07,1.86124000e-01
6.24539375e-07,1.86124000e-01
6.24579375e-07,1.86124000e-01
6.24619375e-07,1.86124906e-01
6.24659375e-07,1.86123094e-01
6.24699375e-07,1.86125812e-01
6.24739375e-07,1.86122188e-01
6.24779375e-07,1.86125812e-01
6.24819375e-07,1.86121281e-01
6.24859375e-07,1.86127625e-01
6.24899375e-07,1.86119469e-01
6.24939375e-07,1.86129437e-01
6.24979375e-07,1.86117656e-01
6.25019375e-07,1.86133063e-01
6.25059375e-07,1.86112219e-01
6.25099375e-07,1.86141219e-01
6.25139375e-07,1.86091375e-01
6.25179375e-07,1.86245437e-01
6.25219375e-07,1.86385906e-01
6.25259375e-07,1.86340594e-01
6.25299375e-07,1.86365969e-01
6.25339375e-07,1.86349656e-01
6.25379375e-07,1.86358719e-01
6.25419375e-07,1.86356000e-01
6.25459375e-07,1.86352375e-01
6.25499375e-07,1.86365969e-01
6.25539375e-07,1.86331531e-01
6.25579375e-07,1.86470187e-01
6.25619375e-07,1.86626062e-01
6.25659375e-07,1.86563531e-01
6.25699375e-07,1.86606125e-01
6.25739375e-07,1.86572594e-01
6.25779375e-07,1.86601594e-01
6.25819375e-07,1.86575313e-01
6.25859375e-07,1.86599781e-01
6.25899375e-07,1.86577125e-01
6.25939375e-07,1.86598875e-01
6.25979375e-07,1.86577125e-01
6.26019375e-07,1.86598875e-01
6.26059375e-07,1.86577125e-01
6.26099375e-07,1.86598875e-01
6.26139375e-07,1.86577125e-01
6.26179375e-07,1.86598875e-01
6.26219375e-07,1.86576219e-01
6.26259375e-07,1.86600688e-01
6.26299375e-07,1.86574406e-01
6.26339375e-07,1.86602500e-01
6.26379375e-07,1.86571687e-01
6.26419375e-07,1.86607937e-01
6.26459375e-07,1.86561719e-01
6.26499375e-07,1.86628781e-01
6.26539375e-07,1.86457500e-01
6.26579375e-07,1.86336063e-01
6.26619375e-07,1.86360531e-01
6.26659375e-07,1.86360531e-01
6.26699375e-07,1.86343312e-01
6.26739375e-07,1.86385906e-01
6.26779375e-07,1.86235469e-01
6.26819375e-07,1.86094094e-01
6.26859375e-07,1.86138500e-01
6.26899375e-07,1.86117656e-01
6.26939375e-07,1.86121281e-01
6.26979375e-07,1.86142125e-01
6.27019375e-07,1.86017062e-01
6.27059375e-07,1.85846687e-01
6.27099375e-07,1.85925531e-01
6.27139375e-07,1.85859375e-01
6.27179375e-07,1.85934594e-01
6.27219375e-07,1.85763312e-01
6.27259375e-07,1.85632812e-01
6.27299375e-07,1.85676312e-01
6.27339375e-07,1.85642781e-01
6.27379375e-07,1.85689000e-01
6.27419375e-07,1.85544000e-01
6.27459375e-07,1.85390844e-01
6.27499375e-07,1.85453375e-01
6.27539375e-07,1.85406250e-01
6.27579375e-07,1.85450656e-01
6.27619375e-07,1.85401719e-01
6.27659375e-07,1.85467875e-01
6.27699375e-07,1.85300219e-01
6.27739375e-07,1.85170625e-01
6.27779375e-07,1.85207781e-01
6.27819375e-07,1.85189656e-01
6.27859375e-07,1.85199625e-01
6.27899375e-07,1.85193281e-01
6.27939375e-07,1.85197813e-01
6.27979375e-07,1.85195094e-01
6.28019375e-07,1.85196000e-01
6.28059375e-07,1.85196000e-01
6.28099375e-07,1.85196000e-01
6.28139375e-07,1.85196906e-01
6.28179375e-07,1.85195094e-01
6.28219375e-07,1.85196906e-01
6.28259375e-07,1.85195094e-01
6.28299375e-07,1.85197813e-01
6.28339375e-07,1.85194187e-01
6.28379375e-07,1.85197813e-01
6.28419375e-07,1.85194187e-01
6.28459375e-07,1.85197813e-01
6.28499375e-07,1.85194187e-01
6.28539375e-07,1.85197813e-01
6.28579375e-07,1.85193281e-01
6.28619375e-07,1.85198719e-01
6.28659375e-07,1.85193281e-01
6.28699375e-07,1.85198719e-01
6.28739375e-07,1.85193281e-01
6.28779375e-07,1.85199625e-01
6.28819375e-07,1.85192375e-01
6.28859375e-07,1.85199625e-01
6.28899375e-07,1.85192375e-01
6.28939375e-07,1.85200531e-01
6.28979375e-07,1.85191469e-01
6.29019375e-07,1.85201438e-01
6.29059375e-07,1.85189656e-01
6.29099375e-07,1.85203250e-01
6.29139375e-07,1.85187844e-01
6.29179375e-07,1.85205969e-01
6.29219375e-07,1.85183313e-01
6.29259375e-07,1.85215031e-01
6.29299375e-07,1.85162469e-01
6.29339375e-07,1.85318344e-01
6.29379375e-07,1.85457906e-01
6.29419375e-07,1.85412594e-01
6.29459375e-07,1.85437969e-01
6.29499375e-07,1.85420750e-01
6.29539375e-07,1.85433437e-01
6.29579375e-07,1.85424375e-01
6.29619375e-07,1.85430719e-01
6.29659375e-07,1.85427094e-01
6.29699375e-07,1.85428000e-01
6.29739375e-07,1.85428906e-01
6.29779375e-07,1.85425281e-01
6.29819375e-07,1.85432531e-01
6.29859375e-07,1.85420750e-01
6.29899375e-07,1.85441594e-01
6.29939375e-07,1.85399906e-01
6.29979375e-07,1.85544906e-01
6.30019375e-07,1.85695344e-01
6.30059375e-07,1.85638250e-01
6.30099375e-07,1.85676312e-01
6.30139375e-07,1.85646406e-01
6.30179375e-07,1.85671781e-01
6.30219375e-07,1.85649125e-01
6.30259375e-07,1.85670875e-01
6.30299375e-07,1.85650031e-01
6.30339375e-07,1.85669969e-01
6.30379375e-07,1.85649125e-01
6.30419375e-07,1.85670875e-01
6.30459375e-07,1.85648219e-01
6.30499375e-07,1.85673594e-01
6.30539375e-07,1.85643687e-01
6.30579375e-07,1.85681750e-01
6.30619375e-07,1.85623750e-01
6.30659375e-07,1.85785062e-01
6.30699375e-07,1.85919187e-01
6.30739375e-07,1.85878406e-01
6.30779375e-07,1.85900156e-01
6.30819375e-07,1.85887469e-01
6.30859375e-07,1.85894719e-01
6.30899375e-07,1.85890187e-01
6.30939375e-07,1.85892000e-01
6.30979375e-07,1.85892906e-01
6.31019375e-07,1.85889281e-01
6.31059375e-07,1.85896531e-01
6.31099375e-07,1.85883844e-01
6.31139375e-07,1.85905594e-01
6.31179375e-07,1.85863906e-01
6.31219375e-07,1.86008000e-01
6.31259375e-07,1.86160250e-01
6.31299375e-07,1.86101344e-01
6.31339375e-07,1.86141219e-01
6.31379375e-07,1.86108594e-01
6.31419375e-07,1.86138500e-01
6.31459375e-07,1.86110406e-01
6.31499375e-07,1.86138500e-01
6.31539375e-07,1.86106781e-01
6.31579375e-07,1.86146656e-01
6.31619375e-07,1.86087750e-01
6.31659375e-07,1.86249063e-01
6.31699375e-07,1.86384094e-01
6.31739375e-07,1.86341500e-01
6.31779375e-07,1.86365062e-01
6.31819375e-07,1.86349656e-01
6.31859375e-07,1.86360531e-01
6.31899375e-07,1.86352375e-01
6.31939375e-07,1.86359625e-01
6.31979375e-07,1.86353281e-01
6.32019375e-07,1.86358719e-01
6.32059375e-07,1.86353281e-01
6.32099375e-07,1.86358719e-01
6.32139375e-07,1.86353281e-01
6.32179375e-07,1.86358719e-01
6.32219375e-07,1.86352375e-01
6.32259375e-07,1.86360531e-01
6.32299375e-07,1.86348750e-01
6.32339375e-07,1.86367781e-01
6.32379375e-07,1.86331531e-01
6.32419375e-07,1.86467469e-01
6.32459375e-07,1.86631500e-01
6.32499375e-07,1.86552656e-01
6.32539375e-07,1.86632406e-01
6.32579375e-07,1.86457500e-01
6.32619375e-07,1.86332438e-01
6.32659375e-07,1.86366875e-01
6.32699375e-07,1.86349656e-01
6.32739375e-07,1.86359625e-01
6.32779375e-07,1.86354187e-01
6.32819375e-07,1.86357812e-01
6.32859375e-07,1.86355094e-01
6.32899375e-07,1.86356000e-01
6.32939375e-07,1.86356000e-01
6.32979375e-07,1.86356000e-01
6.33019375e-07,1.86356906e-01
6.33059375e-07,1.86355094e-01
6.33099375e-07,1.86356906e-01
6.33139375e-07,1.86354187e-01
6.33179375e-07,1.86357812e-01
6.33219375e-07,1.86354187e-01
6.33259375e-07,1.86357812e-01
6.33299375e-07,1.86353281e-01
6.33339375e-07,1.86358719e-01
6.33379375e-07,1.86353281e-01
6.33419375e-07,1.86359625e-01
6.33459375e-07,1.86351469e-01
6.33499375e-07,1.86360531e-01
6.33539375e-07,1.86350562e-01
6.33579375e-07,1.86363250e-01
6.33619375e-07,1.86346938e-01
6.33659375e-07,1.86367781e-01
6.33699375e-07,1.86338781e-01
6.33739375e-07,1.86387719e-01
6.33779375e-07,1.86235469e-01
6.33819375e-07,1.86092281e-01
6.33859375e-07,1.86141219e-01
6.33899375e-07,1.86112219e-01
6.33939375e-07,1.86133063e-01
6.33979375e-07,1.86116750e-01
6.34019375e-07,1.86130344e-01
6.34059375e-07,1.86118563e-01
6.34099375e-07,1.86128531e-01
6.34139375e-07,1.86119469e-01
6.34179375e-07,1.86127625e-01
6.34219375e-07,1.86120375e-01
6.34259375e-07,1.86126719e-01
6.34299375e-07,1.86121281e-01
6.34339375e-07,1.86126719e-01
6.34379375e-07,1.86121281e-01
6.34419375e-07,1.86125812e-01
6.34459375e-07,1.86122188e-01
6.34499375e-07,1.86125812e-01
6.34539375e-07,1.86122188e-01
6.34579375e-07,1.86125812e-01
6.34619375e-07,1.86123094e-01
6.34659375e-07,1.86124906e-01
6.34699375e-07,1.86123094e-01
6.34739375e-07,1.86124906e-01
6.34779375e-07,1.86123094e-01
6.34819375e-07,1.86124906e-01
6.34859375e-07,1.86124000e-01
6.34899375e-07,1.86124000e-01
6.34939375e-07,1.86124000e-01
6.34979375e-07,1.86124000e-01
6.35019375e-07,1.86124906e-01
6.35059375e-07,1.86123094e-01
6.35099375e-07,1.86124906e-01
6.35139375e-07,1.86122188e-01
6.35179375e-07,1.86126719e-01
6.35219375e-07,1.86120375e-01
6.35259375e-07,1.86128531e-01
6.35299375e-07,1.86117656e-01
6.35339375e-07,1.86133063e-01
6.35379375e-07,1.86109500e-01
6.35419375e-07,1.86153000e-01
6.35459375e-07,1.86006188e-01
6.35499375e-07,1.85857562e-01
6.35539375e-07,1.85912844e-01
6.35579375e-07,1.85876594e-01
6.35619375e-07,1.85904687e-01
6.35659375e-07,1.85881125e-01
6.35699375e-07,1.85901969e-01
6.35739375e-07,1.85882937e-01
6.35779375e-07,1.85901062e-01
6.35819375e-07,1.85882937e-01
6.35859375e-07,1.85901062e-01
6.35899375e-07,1.85882937e-01
6.35939375e-07,1.85901062e-01
6.35979375e-07,1.85882031e-01
6.36019375e-07,1.85902875e-01
6.36059375e-07,1.85880219e-01
6.36099375e-07,1.85906500e-01
6.36139375e-07,1.85872062e-01
6.36179375e-07,1.85926437e-01
6.36219375e-07,1.85768750e-01
6.36259375e-07,1.85630094e-01
6.36299375e-07,1.85676312e-01
6.36339375e-07,1.85648219e-01
6.36379375e-07,1.85669969e-01
6.36419375e-07,1.85650938e-01
6.36459375e-07,1.85670875e-01
6.36499375e-07,1.85644594e-01
6.36539375e-07,1.85688094e-01
6.36579375e-07,1.85544000e-01
6.36619375e-07,1.85390844e-01
6.36659375e-07,1.85453375e-01
6.36699375e-07,1.85406250e-01
6.36739375e-07,1.85450656e-01
6.36779375e-07,1.85400812e-01
6.36819375e-07,1.85468781e-01
6.36859375e-07,1.85298406e-01
6.36899375e-07,1.85173344e-01
6.36939375e-07,1.85204156e-01
6.36979375e-07,1.85194187e-01
6.37019375e-07,1.85193281e-01
6.37059375e-07,1.85203250e-01
6.37099375e-07,1.85182406e-01
6.37139375e-07,1.85225000e-01
6.37179375e-07,1.85078187e-01
6.37219375e-07,1.84930469e-01
6.37259375e-07,1.84983938e-01
6.37299375e-07,1.84950406e-01
6.37339375e-07,1.84974875e-01
6.37379375e-07,1.84954937e-01
6.37419375e-07,1.84972156e-01
6.37459375e-07,1.84957656e-01
6.37499375e-07,1.84970344e-01
6.37539375e-07,1.84958563e-01
6.37579375e-07,1.84969438e-01
6.37619375e-07,1.84959469e-01
6.37659375e-07,1.84968531e-01
6.37699375e-07,1.84960375e-01
6.37739375e-07,1.84967625e-01
6.37779375e-07,1.84960375e-01
6.37819375e-07,1.84967625e-01
6.37859375e-07,1.84960375e-01
6.37899375e-07,1.84966719e-01
6.37939375e-07,1.84961281e-01
6.37979375e-07,1.84966719e-01
6.38019375e-07,1.84961281e-01
6.38059375e-07,1.84966719e-01
6.38099375e-07,1.84961281e-01
6.38139375e-07,1.84966719e-01
6.38179375e-07,1.84961281e-01
6.38219375e-07,1.84965812e-01
6.38259375e-07,1.84962187e-01
6.38299375e-07,1.84965812e-01
6.38339375e-07,1.84962187e-01
6.38379375e-07,1.84965812e-01
6.38419375e-07,1.84963094e-01
6.38459375e-07,1.84964906e-01
6.38499375e-07,1.84963094e-01
6.38539375e-07,1.84964000e-01
6.38579375e-07,1.84964906e-01
6.38619375e-07,1.84962187e-01
6.38659375e-07,1.84968531e-01
6.38699375e-07,1.84954031e-01
6.38739375e-07,1.84987563e-01
6.38779375e-07,1.84852531e-01
6.38819375e-07,1.84690313e-01
6.38859375e-07,1.84761906e-01
6.38899375e-07,1.84705719e-01
6.38939375e-07,1.84758281e-01
6.38979375e-07,1.84701188e-01
6.39019375e-07,1.84777312e-01
6.39059375e-07,1.84597875e-01
6.39099375e-07,1.84482781e-01
6.39139375e-07,1.84501813e-01
6.39179375e-07,1.84506344e-01
6.39219375e-07,1.84485500e-01
6.39259375e-07,1.84530813e-01
6.39299375e-07,1.84378563e-01
6.39339375e-07,1.84239000e-01
6.39379375e-07,1.84281594e-01
6.39419375e-07,1.84262563e-01
6.39459375e-07,1.84264375e-01
6.39499375e-07,1.84287031e-01
6.39539375e-07,1.84159250e-01
6.39579375e-07,1.83992500e-01
6.39619375e-07,1.84065906e-01
6.39659375e-07,1.84009719e-01
6.39699375e-07,1.84061375e-01
6.39739375e-07,1.84007000e-01
6.39779375e-07,1.84078594e-01
6.39819375e-07,1.83905500e-01
6.39859375e-07,1.83781344e-01
6.39899375e-07,1.83813062e-01
6.39939375e-07,1.83799469e-01
6.39979375e-07,1.83805812e-01
6.40019375e-07,1.83804000e-01
6.40059375e-07,1.83803094e-01
6.40099375e-07,1.83806719e-01
6.40139375e-07,1.83800375e-01
6.40179375e-07,1.83808531e-01
6.40219375e-07,1.83797656e-01
6.40259375e-07,1.83812156e-01
6.40299375e-07,1.83793125e-01
6.40339375e-07,1.83821219e-01
6.40379375e-07,1.83772281e-01
6.40419375e-07,1.83924531e-01
6.40459375e-07,1.84066813e-01
6.40499375e-07,1.84019688e-01
6.40539375e-07,1.84045969e-01
6.40579375e-07,1.84029656e-01
6.40619375e-07,1.84037813e-01
6.40659375e-07,1.84040531e-01
6.40699375e-07,1.84016969e-01
6.40739375e-07,1.84143844e-01
6.40779375e-07,1.84313312e-01
6.40819375e-07,1.84235375e-01
6.40859375e-07,1.84297000e-01
6.40899375e-07,1.84239000e-01
6.40939375e-07,1.84300625e-01
6.40979375e-07,1.84221781e-01
6.41019375e-07,1.84403031e-01
6.41059375e-07,1.84517219e-01
6.41099375e-07,1.84497281e-01
6.41139375e-07,1.84496375e-01
6.41179375e-07,1.84507250e-01
6.41219375e-07,1.84488219e-01
6.41259375e-07,1.84519031e-01
6.41299375e-07,1.84466469e-01
6.41339375e-07,1.84623250e-01
6.41379375e-07,1.84760094e-01
6.41419375e-07,1.84718406e-01
6.41459375e-07,1.84740156e-01
6.41499375e-07,1.84727469e-01
6.41539375e-07,1.84734719e-01
6.41579375e-07,1.84731094e-01
6.41619375e-07,1.84731094e-01
6.41659375e-07,1.84734719e-01
6.41699375e-07,1.84728375e-01
6.41739375e-07,1.84737437e-01
6.41779375e-07,1.84723844e-01
6.41819375e-07,1.84743781e-01
6.41859375e-07,1.84714781e-01
6.41899375e-07,1.84764625e-01
6.41939375e-07,1.84610562e-01
6.41979375e-07,1.84470094e-01
6.42019375e-07,1.84515406e-01
6.42059375e-07,1.84490938e-01
6.42099375e-07,1.84505438e-01
6.42139375e-07,1.84498187e-01
6.42179375e-07,1.84499094e-01
6.42219375e-07,1.84504531e-01
6.42259375e-07,1.84489125e-01
6.42299375e-07,1.84526281e-01
6.42339375e-07,1.84384906e-01
6.42379375e-07,1.84231750e-01
6.42419375e-07,1.84289750e-01
6.42459375e-07,1.84251688e-01
6.42499375e-07,1.84280687e-01
6.42539375e-07,1.84257125e-01
6.42579375e-07,1.84277969e-01
6.42619375e-07,1.84258937e-01
6.42659375e-07,1.84276156e-01
6.42699375e-07,1.84260750e-01
6.42739375e-07,1.84274344e-01
6.42779375e-07,1.84261656e-01
6.42819375e-07,1.84273437e-01
6.42859375e-07,1.84262563e-01
6.42899375e-07,1.84272531e-01
6.42939375e-07,1.84263469e-01
6.42979375e-07,1.84271625e-01
6.43019375e-07,1.84265281e-01
6.43059375e-07,1.84270719e-01
6.43099375e-07,1.84266187e-01
6.43139375e-07,1.84268000e-01
6.43179375e-07,1.84268906e-01
6.43219375e-07,1.84264375e-01
6.43259375e-07,1.84277063e-01
6.43299375e-07,1.84244437e-01
6.43339375e-07,1.84379469e-01
6.43379375e-07,1.84540781e-01
6.43419375e-07,1.84471906e-01
6.43459375e-07,1.84524469e-01
6.43499375e-07,1.84475531e-01
6.43539375e-07,1.84528094e-01
6.43579375e-07,1.84459219e-01
6.43619375e-07,1.84628687e-01
6.43659375e-07,1.84757375e-01
6.43699375e-07,1.84719313e-01
6.43739375e-07,1.84741062e-01
6.43779375e-07,1.84722937e-01
6.43819375e-07,1.84744688e-01
6.43859375e-07,1.84706625e-01
6.43899375e-07,1.84845281e-01
6.43939375e-07,1.85004781e-01
6.43979375e-07,1.84935000e-01
6.44019375e-07,1.84989375e-01
6.44059375e-07,1.84937719e-01
6.44099375e-07,1.84994812e-01
6.44139375e-07,1.84919594e-01
6.44179375e-07,1.85097219e-01
6.44219375e-07,1.85215031e-01
6.44259375e-07,1.85191469e-01
6.44299375e-07,1.85194187e-01
6.44339375e-07,1.85202344e-01
6.44379375e-07,1.85185125e-01
6.44419375e-07,1.85214125e-01
6.44459375e-07,1.85162469e-01
6.44499375e-07,1.85319250e-01
6.44539375e-07,1.85456094e-01
6.44579375e-07,1.85414406e-01
6.44619375e-07,1.85434344e-01
6.44659375e-07,1.85426188e-01
6.44699375e-07,1.85425281e-01
6.44739375e-07,1.85437062e-01
6.44779375e-07,1.85403531e-01
6.44819375e-07,1.85542188e-01
6.44859375e-07,1.85698063e-01
6.44899375e-07,1.85635531e-01
6.44939375e-07,1.85679031e-01
6.44979375e-07,1.85643687e-01
6.45019375e-07,1.85675406e-01
6.45059375e-07,1.85645500e-01
6.45099375e-07,1.85675406e-01
6.45139375e-07,1.85641875e-01
6.45179375e-07,1.85682656e-01
6.45219375e-07,1.85623750e-01
6.45259375e-07,1.85785062e-01
6.45299375e-07,1.85919187e-01
6.45339375e-07,1.85878406e-01
6.45379375e-07,1.85901062e-01
6.45419375e-07,1.85885656e-01
6.45459375e-07,1.85896531e-01
6.45499375e-07,1.85888375e-01
6.45539375e-07,1.85894719e-01
6.45579375e-07,1.85889281e-01
6.45619375e-07,1.85893813e-01
6.45659375e-07,1.85890187e-01
6.45699375e-07,1.85893813e-01
6.45739375e-07,1.85890187e-01
6.45779375e-07,1.85892906e-01
6.45819375e-07,1.85891094e-01
6.45859375e-07,1.85892906e-01
6.45899375e-07,1.85891094e-01
6.45939375e-07,1.85892906e-01
6.45979375e-07,1.85891094e-01
6.46019375e-07,1.85892906e-01
6.46059375e-07,1.85891094e-01
6.46099375e-07,1.85892906e-01
6.46139375e-07,1.85891094e-01
6.46179375e-07,1.85892000e-01
6.46219375e-07,1.85892000e-01
6.46259375e-07,1.85892000e-01
6.46299375e-07,1.85892000e-01
6.46339375e-07,1.85892000e-01
6.46379375e-07,1.85892906e-01
6.46419375e-07,1.85891094e-01
6.46459375e-07,1.85893813e-01
6.46499375e-07,1.85889281e-01
6.46539375e-07,1.85896531e-01
6.46579375e-07,1.85884750e-01
6.46619375e-07,1.85903781e-01
6.46659375e-07,1.85865719e-01
6.46699375e-07,1.86006188e-01
6.46739375e-07,1.86162063e-01
6.46779375e-07,1.86098625e-01
6.46819375e-07,1.86144844e-01
6.46859375e-07,1.86104969e-01
6.46899375e-07,1.86143937e-01
6.46939375e-07,1.86102250e-01
6.46979375e-07,1.86151188e-01
6.47019375e-07,1.86082312e-01
6.47059375e-07,1.86254500e-01
6.47099375e-07,1.86376844e-01
6.47139375e-07,1.86349656e-01
6.47179375e-07,1.86354187e-01
6.47219375e-07,1.86365062e-01
6.47259375e-07,1.86331531e-01
6.47299375e-07,1.86470187e-01
6.47339375e-07,1.86626969e-01
6.47379375e-07,1.86560813e-01
6.47419375e-07,1.86614281e-01
6.47459375e-07,1.86550844e-01
6.47499375e-07,1.86711250e-01
6.47539375e-07,1.86850812e-01
6.47579375e-07,1.86800063e-01
6.47619375e-07,1.86837219e-01
6.47659375e-07,1.86801875e-01
6.47699375e-07,1.86842656e-01
6.47739375e-07,1.86783750e-01
6.47779375e-07,1.86945063e-01
6.47819375e-07,1.87079187e-01
6.47859375e-07,1.87038406e-01
6.47899375e-07,1.87059250e-01
6.47939375e-07,1.87048375e-01
6.47979375e-07,1.87052906e-01
6.48019375e-07,1.87053812e-01
6.48059375e-07,1.87046562e-01
6.48099375e-07,1.87063781e-01
6.48139375e-07,1.87025719e-01
6.48179375e-07,1.87167094e-01
6.48219375e-07,1.87320250e-01
6.48259375e-07,1.87261344e-01
6.48299375e-07,1.87301219e-01
6.48339375e-07,1.87270406e-01
6.48379375e-07,1.87295781e-01
6.48419375e-07,1.87273125e-01
6.48459375e-07,1.87293969e-01
6.48499375e-07,1.87274031e-01
6.48539375e-07,1.87293062e-01
6.48579375e-07,1.87274937e-01
6.48619375e-07,1.87293062e-01
6.48659375e-07,1.87274937e-01
6.48699375e-07,1.87293969e-01
6.48739375e-07,1.87274031e-01
6.48779375e-07,1.87294875e-01
6.48819375e-07,1.87271313e-01
6.48859375e-07,1.87299406e-01
6.48899375e-07,1.87263156e-01
6.48939375e-07,1.87319344e-01
6.48979375e-07,1.87160750e-01
6.49019375e-07,1.87023000e-01
6.49059375e-07,1.87067406e-01
6.49099375e-07,1.87042031e-01
6.49139375e-07,1.87059250e-01
6.49179375e-07,1.87046562e-01
6.49219375e-07,1.87057438e-01
6.49259375e-07,1.87047469e-01
6.49299375e-07,1.87056531e-01
6.49339375e-07,1.87047469e-01
6.49379375e-07,1.87057438e-01
6.49419375e-07,1.87044750e-01
6.49459375e-07,1.87061062e-01
6.49499375e-07,1.87037500e-01
6.49539375e-07,1.87080094e-01
6.49579375e-07,1.86935094e-01
6.49619375e-07,1.86783750e-01
6.49659375e-07,1.86842656e-01
6.49699375e-07,1.86801875e-01
6.49739375e-07,1.86836312e-01
6.49779375e-07,1.86803688e-01
6.49819375e-07,1.86838125e-01
6.49859375e-07,1.86797344e-01
6.49899375e-07,1.86856250e-01
6.49939375e-07,1.86695844e-01
6.49979375e-07,1.86559906e-01
6.50019375e-07,1.86603406e-01
6.50059375e-07,1.86576219e-01
6.50099375e-07,1.86599781e-01
6.50139375e-07,1.86572594e-01
6.50179375e-07,1.86616094e-01
6.50219375e-07,1.86472906e-01
6.50259375e-07,1.86317031e-01
6.50299375e-07,1.86382281e-01
6.50339375e-07,1.86332438e-01
6.50379375e-07,1.86380469e-01
6.50419375e-07,1.86327000e-01
6.50459375e-07,1.86398594e-01
6.50499375e-07,1.86224594e-01
6.50539375e-07,1.86103156e-01
6.50579375e-07,1.86130344e-01
6.50619375e-07,1.86124000e-01
6.50659375e-07,1.86119469e-01
6.50699375e-07,1.86133063e-01
6.50739375e-07,1.86107688e-01
6.50779375e-07,1.86155719e-01
6.50819375e-07,1.86002562e-01
6.50859375e-07,1.85862094e-01
6.50899375e-07,1.85907406e-01
6.50939375e-07,1.85882031e-01
6.50979375e-07,1.85898344e-01
6.51019375e-07,1.85888375e-01
6.51059375e-07,1.85892906e-01
6.51099375e-07,1.85892906e-01
6.51139375e-07,1.85888375e-01
6.51179375e-07,1.85899250e-01
6.51219375e-07,1.85878406e-01
6.51259375e-07,1.85920094e-01
6.51299375e-07,1.85774187e-01
6.51339375e-07,1.85625563e-01
6.51379375e-07,1.85679938e-01
6.51419375e-07,1.85645500e-01
6.51459375e-07,1.85670875e-01
6.51499375e-07,1.85650938e-01
6.51539375e-07,1.85667250e-01
6.51579375e-07,1.85654563e-01
6.51619375e-07,1.85664531e-01
6.51659375e-07,1.85656375e-01
6.51699375e-07,1.85661812e-01
6.51739375e-07,1.85660000e-01
6.51779375e-07,1.85658187e-01
6.51819375e-07,1.85664531e-01
6.51859375e-07,1.85649125e-01
6.51899375e-07,1.85685375e-01
6.51939375e-07,1.85545812e-01
6.51979375e-07,1.85389937e-01
6.52019375e-07,1.85452469e-01
6.52059375e-07,1.85408969e-01
6.52099375e-07,1.85444312e-01
6.52139375e-07,1.85413500e-01
6.52179375e-07,1.85441594e-01
6.52219375e-07,1.85414406e-01
6.52259375e-07,1.85441594e-01
6.52299375e-07,1.85414406e-01
6.52339375e-07,1.85442500e-01
6.52379375e-07,1.85412594e-01
6.52419375e-07,1.85446125e-01
6.52459375e-07,1.85404437e-01
6.52499375e-07,1.85465156e-01
6.52539375e-07,1.85302031e-01
6.52579375e-07,1.85169719e-01
6.52619375e-07,1.85208687e-01
6.52659375e-07,1.85188750e-01
6.52699375e-07,1.85201438e-01
6.52739375e-07,1.85192375e-01
6.52779375e-07,1.85198719e-01
6.52819375e-07,1.85194187e-01
6.52859375e-07,1.85197813e-01
6.52899375e-07,1.85194187e-01
6.52939375e-07,1.85197813e-01
6.52979375e-07,1.85194187e-01
6.53019375e-07,1.85198719e-01
6.53059375e-07,1.85192375e-01
6.53099375e-07,1.85200531e-01
6.53139375e-07,1.85188750e-01
6.53179375e-07,1.85208687e-01
6.53219375e-07,1.85168813e-01
6.53259375e-07,1.85311094e-01
6.53299375e-07,1.85465156e-01
6.53339375e-07,1.85403531e-01
6.53379375e-07,1.85447031e-01
6.53419375e-07,1.85410781e-01
6.53459375e-07,1.85444312e-01
6.53499375e-07,1.85411688e-01
6.53539375e-07,1.85446125e-01
6.53579375e-07,1.85408062e-01
6.53619375e-07,1.85453375e-01
6.53659375e-07,1.85388125e-01
6.53699375e-07,1.85556687e-01
6.53739375e-07,1.85682656e-01
6.53779375e-07,1.85651844e-01
6.53819375e-07,1.85662719e-01
6.53859375e-07,1.85661812e-01
6.53899375e-07,1.85653656e-01
6.53939375e-07,1.85672687e-01
6.53979375e-07,1.85632812e-01
6.54019375e-07,1.85776000e-01
6.54059375e-07,1.85928250e-01
6.54099375e-07,1.85869344e-01
6.54139375e-07,1.85911031e-01
6.54179375e-07,1.85873875e-01
6.54219375e-07,1.85913750e-01
6.54259375e-07,1.85857562e-01
6.54299375e-07,1.86014344e-01
6.54339375e-07,1.86155719e-01
6.54379375e-07,1.86104969e-01
6.54419375e-07,1.86140312e-01
6.54459375e-07,1.86107688e-01
6.54499375e-07,1.86143937e-01
6.54539375e-07,1.86090469e-01
6.54579375e-07,1.86244531e-01
6.54619375e-07,1.86388625e-01
6.54659375e-07,1.86336063e-01
6.54699375e-07,1.86372312e-01
6.54739375e-07,1.86339687e-01
6.54779375e-07,1.86375938e-01
6.54819375e-07,1.86322469e-01
6.54859375e-07,1.86476531e-01
6.54899375e-07,1.86620625e-01
6.54939375e-07,1.86568062e-01
6.54979375e-07,1.86604313e-01
6.55019375e-07,1.86571687e-01
6.55059375e-07,1.86607937e-01
6.55099375e-07,1.86554469e-01
6.55139375e-07,1.86708531e-01
6.55179375e-07,1.86852625e-01
6.55219375e-07,1.86799156e-01
6.55259375e-07,1.86837219e-01
6.55299375e-07,1.86801875e-01
6.55339375e-07,1.86842656e-01
6.55379375e-07,1.86783750e-01
6.55419375e-07,1.86945063e-01
6.55459375e-07,1.87079187e-01
6.55499375e-07,1.87040219e-01
6.55539375e-07,1.87056531e-01
6.55579375e-07,1.87054719e-01
6.55619375e-07,1.87033875e-01
6.55659375e-07,1.87158938e-01
6.55699375e-07,1.87329312e-01
6.55739375e-07,1.87251375e-01
6.55779375e-07,1.87312094e-01
6.55819375e-07,1.87255000e-01
6.55859375e-07,1.87316625e-01
6.55899375e-07,1.87237781e-01
6.55939375e-07,1.87418125e-01
6.55979375e-07,1.87534125e-01
6.56019375e-07,1.87512375e-01
6.56059375e-07,1.87513281e-01
6.56099375e-07,1.87523250e-01
6.56139375e-07,1.87505125e-01
6.56179375e-07,1.87534125e-01
6.56219375e-07,1.87483375e-01
6.56259375e-07,1.87638344e-01
6.56299375e-07,1.87777000e-01
6.56339375e-07,1.87732594e-01
6.56379375e-07,1.87757062e-01
6.56419375e-07,1.87741656e-01
6.56459375e-07,1.87752531e-01
6.56499375e-07,1.87745281e-01
6.56539375e-07,1.87749813e-01
6.56579375e-07,1.87747094e-01
6.56619375e-07,1.87748000e-01
6.56659375e-07,1.87748906e-01
6.56699375e-07,1.87746187e-01
6.56739375e-07,1.87750719e-01
6.56779375e-07,1.87745281e-01
6.56819375e-07,1.87751625e-01
6.56859375e-07,1.87742562e-01
6.56899375e-07,1.87754344e-01
6.56939375e-07,1.87739844e-01
6.56979375e-07,1.87759781e-01
6.57019375e-07,1.87730781e-01
6.57059375e-07,1.87779719e-01
6.57099375e-07,1.87626563e-01
6.57139375e-07,1.87485187e-01
6.57179375e-07,1.87532312e-01
6.57219375e-07,1.87505125e-01
6.57259375e-07,1.87523250e-01
6.57299375e-07,1.87510563e-01
6.57339375e-07,1.87519625e-01
6.57379375e-07,1.87513281e-01
6.57419375e-07,1.87516906e-01
6.57459375e-07,1.87516906e-01
6.57499375e-07,1.87513281e-01
6.57539375e-07,1.87522344e-01
6.57579375e-07,1.87504219e-01
6.57619375e-07,1.87542281e-01
6.57659375e-07,1.87400906e-01
6.57699375e-07,1.87246844e-01
6.57739375e-07,1.87307562e-01
6.57779375e-07,1.87265875e-01
6.57819375e-07,1.87299406e-01
6.57859375e-07,1.87269500e-01
6.57899375e-07,1.87297594e-01
6.57939375e-07,1.87270406e-01
6.57979375e-07,1.87298500e-01
6.58019375e-07,1.87268594e-01
6.58059375e-07,1.87302125e-01
6.58099375e-07,1.87260437e-01
6.58139375e-07,1.87321156e-01
6.58179375e-07,1.87158031e-01
6.58219375e-07,1.87025719e-01
6.58259375e-07,1.87063781e-01
6.58299375e-07,1.87045656e-01
6.58339375e-07,1.87054719e-01
6.58379375e-07,1.87052000e-01
6.58419375e-07,1.87050187e-01
6.58459375e-07,1.87057438e-01
6.58499375e-07,1.87041125e-01
6.58539375e-07,1.87077375e-01
6.58579375e-07,1.86938719e-01
6.58619375e-07,1.86781031e-01
6.58659375e-07,1.86846281e-01
6.58699375e-07,1.86797344e-01
6.58739375e-07,1.86842656e-01
6.58779375e-07,1.86792812e-01
6.58819375e-07,1.86860781e-01
6.58859375e-07,1.86691312e-01
6.58899375e-07,1.86564437e-01
6.58939375e-07,1.86597969e-01
6.58979375e-07,1.86584375e-01
6.59019375e-07,1.86587094e-01
6.59059375e-07,1.86592531e-01
6.59099375e-07,1.86577125e-01
6.59139375e-07,1.86613375e-01
6.59179375e-07,1.86473813e-01
6.59219375e-07,1.86317938e-01
6.59259375e-07,1.86380469e-01
6.59299375e-07,1.86336063e-01
6.59339375e-07,1.86374125e-01
6.59379375e-07,1.86337875e-01
6.59419375e-07,1.86375938e-01
6.59459375e-07,1.86331531e-01
6.59499375e-07,1.86394062e-01
6.59539375e-07,1.86229125e-01
6.59579375e-07,1.86097719e-01
6.59619375e-07,1.86136688e-01
6.59659375e-07,1.86116750e-01
6.59699375e-07,1.86128531e-01
6.59739375e-07,1.86121281e-01
6.59779375e-07,1.86125812e-01
6.59819375e-07,1.86123094e-01
6.59859375e-07,1.86124000e-01
6.59899375e-07,1.86124906e-01
6.59939375e-07,1.86122188e-01
6.59979375e-07,1.86126719e-01
6.60019375e-07,1.86120375e-01
6.60059375e-07,1.86128531e-01
6.60099375e-07,1.86117656e-01
6.60139375e-07,1.86133969e-01
6.60179375e-07,1.86108594e-01
6.60219375e-07,1.86153906e-01
6.60259375e-07,1.86005281e-01
6.60299375e-07,1.85858469e-01
6.60339375e-07,1.85911937e-01
6.60379375e-07,1.85877500e-01
6.60419375e-07,1.85903781e-01
6.60459375e-07,1.85882031e-01
6.60499375e-07,1.85901062e-01
6.60539375e-07,1.85883844e-01
6.60579375e-07,1.85899250e-01
6.60619375e-07,1.85884750e-01
6.60659375e-07,1.85899250e-01
6.60699375e-07,1.85884750e-01
6.60739375e-07,1.85899250e-01
6.60779375e-07,1.85884750e-01
6.60819375e-07,1.85899250e-01
6.60859375e-07,1.85883844e-01
6.60899375e-07,1.85901062e-01
6.60939375e-07,1.85881125e-01
6.60979375e-07,1.85905594e-01
6.61019375e-07,1.85872969e-01
6.61059375e-07,1.85924625e-01
6.61099375e-07,1.85770562e-01
6.61139375e-07,1.85629187e-01
6.61179375e-07,1.85677219e-01
6.61219375e-07,1.85647312e-01
6.61259375e-07,1.85670875e-01
6.61299375e-07,1.85650031e-01
6.61339375e-07,1.85669063e-01
6.61379375e-07,1.85650031e-01
6.61419375e-07,1.85672687e-01
6.61459375e-07,1.85642781e-01
6.61499375e-07,1.85691719e-01
6.61539375e-07,1.85540375e-01
6.61579375e-07,1.85395375e-01
6.61619375e-07,1.85447031e-01
6.61659375e-07,1.85413500e-01
6.61699375e-07,1.85439781e-01
6.61739375e-07,1.85418031e-01
6.61779375e-07,1.85437969e-01
6.61819375e-07,1.85418937e-01
6.61859375e-07,1.85437062e-01
6.61899375e-07,1.85418031e-01
6.61939375e-07,1.85438875e-01
6.61979375e-07,1.85416219e-01
6.62019375e-07,1.85442500e-01
6.62059375e-07,1.85408062e-01
6.62099375e-07,1.85462437e-01
6.62139375e-07,1.85304750e-01
6.62179375e-07,1.85167000e-01
6.62219375e-07,1.85211406e-01
6.62259375e-07,1.85186031e-01
6.62299375e-07,1.85203250e-01
6.62339375e-07,1.85190562e-01
6.62379375e-07,1.85200531e-01
6.62419375e-07,1.85192375e-01
6.62459375e-07,1.85199625e-01
6.62499375e-07,1.85193281e-01
6.62539375e-07,1.85198719e-01
6.62579375e-07,1.85193281e-01
6.62619375e-07,1.85198719e-01
6.62659375e-07,1.85193281e-01
6.62699375e-07,1.85198719e-01
6.62739375e-07,1.85192375e-01
6.62779375e-07,1.85199625e-01
6.62819375e-07,1.85191469e-01
6.62859375e-07,1.85201438e-01
6.62899375e-07,1.85188750e-01
6.62939375e-07,1.85205969e-01
6.62979375e-07,1.85180594e-01
6.63019375e-07,1.85225000e-01
6.63059375e-07,1.85078187e-01
6.63099375e-07,1.84929563e-01
6.63139375e-07,1.84984844e-01
6.63179375e-07,1.84947687e-01
6.63219375e-07,1.84977594e-01
6.63259375e-07,1.84952219e-01
6.63299375e-07,1.84975781e-01
6.63339375e-07,1.84952219e-01
6.63379375e-07,1.84975781e-01
6.63419375e-07,1.84950406e-01
6.63459375e-07,1.84980312e-01
6.63499375e-07,1.84943156e-01
6.63539375e-07,1.84999344e-01
6.63579375e-07,1.84839844e-01
6.63619375e-07,1.84703000e-01
6.63659375e-07,1.84747406e-01
6.63699375e-07,1.84722031e-01
6.63739375e-07,1.84739250e-01
6.63779375e-07,1.84726562e-01
6.63819375e-07,1.84736531e-01
6.63859375e-07,1.84727469e-01
6.63899375e-07,1.84736531e-01
6.63939375e-07,1.84727469e-01
6.63979375e-07,1.84736531e-01
6.64019375e-07,1.84727469e-01
6.64059375e-07,1.84737437e-01
6.64099375e-07,1.84724750e-01
6.64139375e-07,1.84741969e-01
6.64179375e-07,1.84716594e-01
6.64219375e-07,1.84761906e-01
6.64259375e-07,1.84614187e-01
6.64299375e-07,1.84465562e-01
6.64339375e-07,1.84520844e-01
6.64379375e-07,1.84484594e-01
6.64419375e-07,1.84512687e-01
6.64459375e-07,1.84489125e-01
6.64499375e-07,1.84509969e-01
6.64539375e-07,1.84490031e-01
6.64579375e-07,1.84509062e-01
6.64619375e-07,1.84490938e-01
6.64659375e-07,1.84509062e-01
6.64699375e-07,1.84490031e-01
6.64739375e-07,1.84509969e-01
6.64779375e-07,1.84488219e-01
6.64819375e-07,1.84512687e-01
6.64859375e-07,1.84484594e-01
6.64899375e-07,1.84520844e-01
6.64939375e-07,1.84464656e-01
6.64979375e-07,1.84624156e-01
6.65019375e-07,1.84760094e-01
6.65059375e-07,1.84717500e-01
6.65099375e-07,1.84741969e-01
6.65139375e-07,1.84724750e-01
6.65179375e-07,1.84737437e-01
6.65219375e-07,1.84726562e-01
6.65259375e-07,1.84736531e-01
6.65299375e-07,1.84726562e-01
6.65339375e-07,1.84738344e-01
6.65379375e-07,1.84723844e-01
6.65419375e-07,1.84745594e-01
6.65459375e-07,1.84704813e-01
6.65499375e-07,1.84847094e-01
6.65539375e-07,1.85002063e-01
6.65579375e-07,1.84938625e-01
6.65619375e-07,1.84985750e-01
6.65659375e-07,1.84942250e-01
6.65699375e-07,1.84989375e-01
6.65739375e-07,1.84925031e-01
6.65779375e-07,1.85089969e-01
6.65819375e-07,1.85223187e-01
6.65859375e-07,1.85181500e-01
6.65899375e-07,1.85206875e-01
6.65939375e-07,1.85185125e-01
6.65979375e-07,1.85210500e-01
6.66019375e-07,1.85168813e-01
6.66059375e-07,1.85310188e-01
6.66099375e-07,1.85466969e-01
6.66139375e-07,1.85400812e-01
6.66179375e-07,1.85452469e-01
6.66219375e-07,1.85403531e-01
6.66259375e-07,1.85457000e-01
6.66299375e-07,1.85385406e-01
6.66339375e-07,1.85559406e-01
6.66379375e-07,1.85680844e-01
6.66419375e-07,1.85653656e-01
6.66459375e-07,1.85660000e-01
6.66499375e-07,1.85664531e-01
6.66539375e-07,1.85650938e-01
6.66579375e-07,1.85675406e-01
6.66619375e-07,1.85629187e-01
6.66659375e-07,1.85779625e-01
6.66699375e-07,1.85924625e-01
6.66739375e-07,1.85873875e-01
6.66779375e-07,1.85905594e-01
6.66819375e-07,1.85881125e-01
6.66859375e-07,1.85901062e-01
6.66899375e-07,1.85882937e-01
6.66939375e-07,1.85901969e-01
6.66979375e-07,1.85880219e-01
6.67019375e-07,1.85908313e-01
6.67059375e-07,1.85862094e-01
6.67099375e-07,1.86009813e-01
6.67139375e-07,1.86158437e-01
6.67179375e-07,1.86102250e-01
6.67219375e-07,1.86140312e-01
6.67259375e-07,1.86109500e-01
6.67299375e-07,1.86137594e-01
6.67339375e-07,1.86110406e-01
6.67379375e-07,1.86137594e-01
6.67419375e-07,1.86109500e-01
6.67459375e-07,1.86140312e-01
6.67499375e-07,1.86104969e-01
6.67539375e-07,1.86148469e-01
6.67579375e-07,1.86084125e-01
6.67619375e-07,1.86252687e-01
6.67659375e-07,1.86379562e-01
6.67699375e-07,1.86346938e-01
6.67739375e-07,1.86359625e-01
6.67779375e-07,1.86356000e-01
6.67819375e-07,1.86353281e-01
6.67859375e-07,1.86360531e-01
6.67899375e-07,1.86348750e-01
6.67939375e-07,1.86365062e-01
6.67979375e-07,1.86343312e-01
6.68019375e-07,1.86375031e-01
6.68059375e-07,1.86321563e-01
6.68099375e-07,1.86479250e-01
6.68139375e-07,1.86616094e-01
6.68179375e-07,1.86574406e-01
6.68219375e-07,1.86595250e-01
6.68259375e-07,1.86583469e-01
6.68299375e-07,1.86589813e-01
6.68339375e-07,1.86588906e-01
6.68379375e-07,1.86585281e-01
6.68419375e-07,1.86593437e-01
6.68459375e-07,1.86578937e-01
6.68499375e-07,1.86603406e-01
6.68539375e-07,1.86558094e-01
6.68579375e-07,1.86707625e-01
6.68619375e-07,1.86852625e-01
6.68659375e-07,1.86801875e-01
6.68699375e-07,1.86832687e-01
6.68739375e-07,1.86810031e-01
6.68779375e-07,1.86827250e-01
6.68819375e-07,1.86813656e-01
6.68859375e-07,1.86825437e-01
6.68899375e-07,1.86815469e-01
6.68939375e-07,1.86823625e-01
6.68979375e-07,1.86817281e-01
6.69019375e-07,1.86822719e-01
6.69059375e-07,1.86818188e-01
6.69099375e-07,1.86821812e-01
6.69139375e-07,1.86819094e-01
6.69179375e-07,1.86820906e-01
6.69219375e-07,1.86819094e-01
6.69259375e-07,1.86820000e-01
6.69299375e-07,1.86820000e-01
6.69339375e-07,1.86820000e-01
6.69379375e-07,1.86820906e-01
6.69419375e-07,1.86819094e-01
6.69459375e-07,1.86820906e-01
6.69499375e-07,1.86818188e-01
6.69539375e-07,1.86821812e-01
6.69579375e-07,1.86818188e-01
6.69619375e-07,1.86821812e-01
6.69659375e-07,1.86817281e-01
6.69699375e-07,1.86822719e-01
6.69739375e-07,1.86816375e-01
6.69779375e-07,1.86823625e-01
6.69819375e-07,1.86815469e-01
6.69859375e-07,1.86824531e-01
6.69899375e-07,1.86814563e-01
6.69939375e-07,1.86826344e-01
6.69979375e-07,1.86812750e-01
6.70019375e-07,1.86829063e-01
6.70059375e-07,1.86809125e-01
6.70099375e-07,1.86833594e-01
6.70139375e-07,1.86800063e-01
6.70179375e-07,1.86854437e-01
6.70219375e-07,1.86696750e-01
6.70259375e-07,1.86559000e-01
6.70299375e-07,1.86602500e-01
6.70339375e-07,1.86578937e-01
6.70379375e-07,1.86593437e-01
6.70419375e-07,1.86584375e-01
6.70459375e-07,1.86589813e-01
6.70499375e-07,1.86588000e-01
6.70539375e-07,1.86587094e-01
6.70579375e-07,1.86589813e-01
6.70619375e-07,1.86584375e-01
6.70659375e-07,1.86593437e-01
6.70699375e-07,1.86580750e-01
6.70739375e-07,1.86598875e-01
6.70779375e-07,1.86571687e-01
6.70819375e-07,1.86619719e-01
6.70859375e-07,1.86467469e-01
6.70899375e-07,1.86325187e-01
6.70939375e-07,1.86372312e-01
6.70979375e-07,1.86345125e-01
6.71019375e-07,1.86363250e-01
6.71059375e-07,1.86351469e-01
6.71099375e-07,1.86358719e-01
6.71139375e-07,1.86355094e-01
6.71179375e-07,1.86354187e-01
6.71219375e-07,1.86361438e-01
6.71259375e-07,1.86345125e-01
6.71299375e-07,1.86381375e-01
6.71339375e-07,1.86241812e-01
6.71379375e-07,1.86086844e-01
6.71419375e-07,1.86147563e-01
6.71459375e-07,1.86104969e-01
6.71499375e-07,1.86140312e-01
6.71539375e-07,1.86108594e-01
6.71579375e-07,1.86138500e-01
6.71619375e-07,1.86108594e-01
6.71659375e-07,1.86141219e-01
6.71699375e-07,1.86101344e-01
6.71739375e-07,1.86160250e-01
6.71779375e-07,1.85998937e-01
6.71819375e-07,1.85863906e-01
6.71859375e-07,1.85906500e-01
6.71899375e-07,1.85882937e-01
6.71939375e-07,1.85899250e-01
6.71979375e-07,1.85886562e-01
6.72019375e-07,1.85896531e-01
6.72059375e-07,1.85888375e-01
6.72099375e-07,1.85895625e-01
6.72139375e-07,1.85888375e-01
6.72179375e-07,1.85895625e-01
6.72219375e-07,1.85889281e-01
6.72259375e-07,1.85894719e-01
6.72299375e-07,1.85888375e-01
6.72339375e-07,1.85895625e-01
6.72379375e-07,1.85888375e-01
6.72419375e-07,1.85895625e-01
6.72459375e-07,1.85888375e-01
6.72499375e-07,1.85895625e-01
6.72539375e-07,1.85887469e-01
6.72579375e-07,1.85896531e-01
6.72619375e-07,1.85887469e-01
6.72659375e-07,1.85897437e-01
6.72699375e-07,1.85886562e-01
6.72739375e-07,1.85898344e-01
6.72779375e-07,1.85884750e-01
6.72819375e-07,1.85900156e-01
6.72859375e-07,1.85882937e-01
6.72899375e-07,1.85903781e-01
6.72939375e-07,1.85877500e-01
6.72979375e-07,1.85911937e-01
6.73019375e-07,1.85856656e-01
6.73059375e-07,1.86016156e-01
6.73099375e-07,1.86152094e-01
6.73139375e-07,1.86110406e-01
6.73179375e-07,1.86131250e-01
6.73219375e-07,1.86119469e-01
6.73259375e-07,1.86125812e-01
6.73299375e-07,1.86124000e-01
6.73339375e-07,1.86121281e-01
6.73379375e-07,1.86128531e-01
6.73419375e-07,1.86115844e-01
6.73459375e-07,1.86138500e-01
6.73499375e-07,1.86095000e-01
6.73539375e-07,1.86242719e-01
6.73579375e-07,1.86389531e-01
6.73619375e-07,1.86336969e-01
6.73659375e-07,1.86369594e-01
6.73699375e-07,1.86345125e-01
6.73739375e-07,1.86365062e-01
6.73779375e-07,1.86348750e-01
6.73819375e-07,1.86362344e-01
6.73859375e-07,1.86350562e-01
6.73899375e-07,1.86361438e-01
6.73939375e-07,1.86351469e-01
6.73979375e-07,1.86360531e-01
6.74019375e-07,1.86352375e-01
6.74059375e-07,1.86359625e-01
6.74099375e-07,1.86352375e-01
6.74139375e-07,1.86359625e-01
6.74179375e-07,1.86352375e-01
6.74219375e-07,1.86359625e-01
6.74259375e-07,1.86352375e-01
6.74299375e-07,1.86359625e-01
6.74339375e-07,1.86351469e-01
6.74379375e-07,1.86361438e-01
6.74419375e-07,1.86349656e-01
6.74459375e-07,1.86365062e-01
6.74499375e-07,1.86342406e-01
6.74539375e-07,1.86384094e-01
6.74579375e-07,1.86240000e-01
6.74619375e-07,1.86086844e-01
6.74659375e-07,1.86147563e-01
6.74699375e-07,1.86104063e-01
6.74739375e-07,1.86142125e-01
6.74779375e-07,1.86105875e-01
6.74819375e-07,1.86144844e-01
6.74859375e-07,1.86098625e-01
6.74899375e-07,1.86163875e-01
6.74939375e-07,1.85995313e-01
6.74979375e-07,1.85868437e-01
6.75019375e-07,1.85901969e-01
6.75059375e-07,1.85887469e-01
6.75099375e-07,1.85892906e-01
6.75139375e-07,1.85893813e-01
6.75179375e-07,1.85888375e-01
6.75219375e-07,1.85897437e-01
6.75259375e-07,1.85884750e-01
6.75299375e-07,1.85901062e-01
6.75339375e-07,1.85880219e-01
6.75379375e-07,1.85908313e-01
6.75419375e-07,1.85869344e-01
6.75459375e-07,1.85930969e-01
6.75499375e-07,1.85760594e-01
6.75539375e-07,1.85644594e-01
6.75579375e-07,1.85646406e-01
6.75619375e-07,1.85767844e-01
6.75659375e-07,1.85933688e-01
6.75699375e-07,1.85865719e-01
6.75739375e-07,1.85911031e-01
6.75779375e-07,1.85876594e-01
6.75819375e-07,1.85905594e-01
6.75859375e-07,1.85880219e-01
6.75899375e-07,1.85902875e-01
6.75939375e-07,1.85882031e-01
6.75979375e-07,1.85901969e-01
6.76019375e-07,1.85882031e-01
6.76059375e-07,1.85902875e-01
6.76099375e-07,1.85878406e-01
6.76139375e-07,1.85910125e-01
6.76179375e-07,1.85860281e-01
6.76219375e-07,1.86011625e-01
6.76259375e-07,1.86157531e-01
6.76299375e-07,1.86103156e-01
6.76339375e-07,1.86141219e-01
6.76379375e-07,1.86108594e-01
6.76419375e-07,1.86140312e-01
6.76459375e-07,1.86105875e-01
6.76499375e-07,1.86147563e-01
6.76539375e-07,1.86085937e-01
6.76579375e-07,1.86250875e-01
6.76619375e-07,1.86381375e-01
6.76659375e-07,1.86345125e-01
6.76699375e-07,1.86360531e-01
6.76739375e-07,1.86355094e-01
6.76779375e-07,1.86353281e-01
6.76819375e-07,1.86361438e-01
6.76859375e-07,1.86346938e-01
6.76899375e-07,1.86372312e-01
6.76939375e-07,1.86325187e-01
6.76979375e-07,1.86476531e-01
6.77019375e-07,1.86618813e-01
6.77059375e-07,1.86572594e-01
6.77099375e-07,1.86597062e-01
6.77139375e-07,1.86582562e-01
6.77179375e-07,1.86589813e-01
6.77219375e-07,1.86588906e-01
6.77259375e-07,1.86582562e-01
6.77299375e-07,1.86599781e-01
6.77339375e-07,1.86560813e-01
6.77379375e-07,1.86704906e-01
6.77419375e-07,1.86854437e-01
6.77459375e-07,1.86800063e-01
6.77499375e-07,1.86833594e-01
6.77539375e-07,1.86810937e-01
6.77579375e-07,1.86826344e-01
6.77619375e-07,1.86817281e-01
6.77659375e-07,1.86819094e-01
6.77699375e-07,1.86827250e-01
6.77739375e-07,1.86797344e-01
6.77779375e-07,1.86931469e-01
6.77819375e-07,1.87091875e-01
6.77859375e-07,1.87026625e-01
6.77899375e-07,1.87071938e-01
6.77939375e-07,1.87035687e-01
6.77979375e-07,1.87066500e-01
6.78019375e-07,1.87038406e-01
6.78059375e-07,1.87064687e-01
6.78099375e-07,1.87040219e-01
6.78139375e-07,1.87062875e-01
6.78179375e-07,1.87041125e-01
6.78219375e-07,1.87061969e-01
6.78259375e-07,1.87042031e-01
6.78299375e-07,1.87061969e-01
6.78339375e-07,1.87042031e-01
6.78379375e-07,1.87061969e-01
6.78419375e-07,1.87041125e-01
6.78459375e-07,1.87063781e-01
6.78499375e-07,1.87039312e-01
6.78539375e-07,1.87067406e-01
6.78579375e-07,1.87031156e-01
6.78619375e-07,1.87086438e-01
6.78659375e-07,1.86929656e-01
6.78699375e-07,1.86789188e-01
6.78739375e-07,1.86838125e-01
6.78779375e-07,1.86805500e-01
6.78819375e-07,1.86834500e-01
6.78859375e-07,1.86801875e-01
6.78899375e-07,1.86850812e-01
6.78939375e-07,1.86701281e-01
6.78979375e-07,1.86552656e-01
6.79019375e-07,1.86610656e-01
6.79059375e-07,1.86568969e-01
6.79099375e-07,1.86607031e-01
6.79139375e-07,1.86565344e-01
6.79179375e-07,1.86623344e-01
6.79219375e-07,1.86464750e-01
6.79259375e-07,1.86326094e-01
6.79299375e-07,1.86374125e-01
6.79339375e-07,1.86341500e-01
6.79379375e-07,1.86370500e-01
6.79419375e-07,1.86337875e-01
6.79459375e-07,1.86387719e-01
6.79499375e-07,1.86236375e-01
6.79539375e-07,1.86090469e-01
6.79579375e-07,1.86144844e-01
6.79619375e-07,1.86107688e-01
6.79659375e-07,1.86138500e-01
6.79699375e-07,1.86109500e-01
6.79739375e-07,1.86140312e-01
6.79779375e-07,1.86103156e-01
6.79819375e-07,1.86159344e-01
6.79859375e-07,1.86000750e-01
6.79899375e-07,1.85862094e-01
6.79939375e-07,1.85908313e-01
6.79979375e-07,1.85880219e-01
6.80019375e-07,1.85901062e-01
6.80059375e-07,1.85883844e-01
6.80099375e-07,1.85900156e-01
6.80139375e-07,1.85883844e-01
6.80179375e-07,1.85901062e-01
6.80219375e-07,1.85882031e-01
6.80259375e-07,1.85904687e-01
6.80299375e-07,1.85873875e-01
6.80339375e-07,1.85924625e-01
6.80379375e-07,1.85770562e-01
6.80419375e-07,1.85629187e-01
6.80459375e-07,1.85677219e-01
6.80499375e-07,1.85648219e-01
6.80539375e-07,1.85669063e-01
6.80579375e-07,1.85652750e-01
6.80619375e-07,1.85666344e-01
6.80659375e-07,1.85654563e-01
6.80699375e-07,1.85664531e-01
6.80739375e-07,1.85655469e-01
6.80779375e-07,1.85663625e-01
6.80819375e-07,1.85656375e-01
6.80859375e-07,1.85662719e-01
6.80899375e-07,1.85657281e-01
6.80939375e-07,1.85662719e-01
6.80979375e-07,1.85657281e-01
6.81019375e-07,1.85661812e-01
6.81059375e-07,1.85658187e-01
6.81099375e-07,1.85661812e-01
6.81139375e-07,1.85659094e-01
6.81179375e-07,1.85660906e-01
6.81219375e-07,1.85659094e-01
6.81259375e-07,1.85660000e-01
6.81299375e-07,1.85660000e-01
6.81339375e-07,1.85660000e-01
6.81379375e-07,1.85660906e-01
6.81419375e-07,1.85658187e-01
6.81459375e-07,1.85662719e-01
6.81499375e-07,1.85656375e-01
6.81539375e-07,1.85665438e-01
6.81579375e-07,1.85651844e-01
6.81619375e-07,1.85673594e-01
6.81659375e-07,1.85631906e-01
6.81699375e-07,1.85776906e-01
6.81739375e-07,1.85927344e-01
6.81779375e-07,1.85870250e-01
6.81819375e-07,1.85908313e-01
6.81859375e-07,1.85878406e-01
6.81899375e-07,1.85903781e-01
6.81939375e-07,1.85881125e-01
6.81979375e-07,1.85902875e-01
6.82019375e-07,1.85881125e-01
6.82059375e-07,1.85902875e-01
6.82099375e-07,1.85880219e-01
6.82139375e-07,1.85904687e-01
6.82179375e-07,1.85876594e-01
6.82219375e-07,1.85912844e-01
6.82259375e-07,1.85856656e-01
6.82299375e-07,1.86015250e-01
6.82339375e-07,1.86153000e-01
6.82379375e-07,1.86108594e-01
6.82419375e-07,1.86133969e-01
6.82459375e-07,1.86115844e-01
6.82499375e-07,1.86130344e-01
6.82539375e-07,1.86118563e-01
6.82579375e-07,1.86129437e-01
6.82619375e-07,1.86119469e-01
6.82659375e-07,1.86128531e-01
6.82699375e-07,1.86118563e-01
6.82739375e-07,1.86129437e-01
6.82779375e-07,1.86117656e-01
6.82819375e-07,1.86131250e-01
6.82859375e-07,1.86114937e-01
6.82899375e-07,1.86135781e-01
6.82939375e-07,1.86106781e-01
6.82979375e-07,1.86155719e-01
6.83019375e-07,1.86003469e-01
6.83059375e-07,1.85860281e-01
6.83099375e-07,1.85910125e-01
6.83139375e-07,1.85879313e-01
6.83179375e-07,1.85901969e-01
6.83219375e-07,1.85883844e-01
6.83259375e-07,1.85899250e-01
6.83299375e-07,1.85885656e-01
6.83339375e-07,1.85897437e-01
6.83379375e-07,1.85887469e-01
6.83419375e-07,1.85896531e-01
6.83459375e-07,1.85888375e-01
6.83499375e-07,1.85895625e-01
6.83539375e-07,1.85888375e-01
6.83579375e-07,1.85895625e-01
6.83619375e-07,1.85889281e-01
6.83659375e-07,1.85894719e-01
6.83699375e-07,1.85889281e-01
6.83739375e-07,1.85894719e-01
6.83779375e-07,1.85889281e-01
6.83819375e-07,1.85893813e-01
6.83859375e-07,1.85890187e-01
6.83899375e-07,1.85893813e-01
6.83939375e-07,1.85890187e-01
6.83979375e-07,1.85893813e-01
6.84019375e-07,1.85890187e-01
6.84059375e-07,1.85893813e-01
6.84099375e-07,1.85891094e-01
6.84139375e-07,1.85892906e-01
6.84179375e-07,1.85891094e-01
6.84219375e-07,1.85892906e-01
6.84259375e-07,1.85891094e-01
6.84299375e-07,1.85892000e-01
6.84339375e-07,1.85892000e-01
6.84379375e-07,1.85892000e-01
6.84419375e-07,1.85892906e-01
6.84459375e-07,1.85891094e-01
6.84499375e-07,1.85893813e-01
6.84539375e-07,1.85890187e-01
6.84579375e-07,1.85894719e-01
6.84619375e-07,1.85888375e-01
6.84659375e-07,1.85897437e-01
6.84699375e-07,1.85882937e-01
6.84739375e-07,1.85906500e-01
6.84779375e-07,1.85863906e-01
6.84819375e-07,1.86008906e-01
6.84859375e-07,1.86159344e-01
6.84899375e-07,1.86102250e-01
6.84939375e-07,1.86140312e-01
6.84979375e-07,1.86109500e-01
6.85019375e-07,1.86136688e-01
6.85059375e-07,1.86111312e-01
6.85099375e-07,1.86137594e-01
6.85139375e-07,1.86108594e-01
6.85179375e-07,1.86143937e-01
6.85219375e-07,1.86089562e-01
6.85259375e-07,1.86246344e-01
6.85299375e-07,1.86386812e-01
6.85339375e-07,1.86338781e-01
6.85379375e-07,1.86368687e-01
6.85419375e-07,1.86345125e-01
6.85459375e-07,1.86365969e-01
6.85499375e-07,1.86345125e-01
6.85539375e-07,1.86367781e-01
6.85579375e-07,1.86341500e-01
6.85619375e-07,1.86375938e-01
6.85659375e-07,1.86321563e-01
6.85699375e-07,1.86479250e-01
6.85739375e-07,1.86616094e-01
6.85779375e-07,1.86573500e-01
6.85819375e-07,1.86596156e-01
6.85859375e-07,1.86583469e-01
6.85899375e-07,1.86589813e-01
6.85939375e-07,1.86589813e-01
6.85979375e-07,1.86582562e-01
6.86019375e-07,1.86599781e-01
6.86059375e-07,1.86560813e-01
6.86099375e-07,1.86704906e-01
6.86139375e-07,1.86854437e-01
6.86179375e-07,1.86800063e-01
6.86219375e-07,1.86833594e-01
6.86259375e-07,1.86810937e-01
6.86299375e-07,1.86824531e-01
6.86339375e-07,1.86822719e-01
6.86379375e-07,1.86802781e-01
6.86419375e-07,1.86926031e-01
6.86459375e-07,1.87097313e-01
6.86499375e-07,1.87019375e-01
6.86539375e-07,1.87079187e-01
6.86579375e-07,1.87026625e-01
6.86619375e-07,1.87077375e-01
6.86659375e-07,1.87024812e-01
6.86699375e-07,1.87083719e-01
6.86739375e-07,1.87005781e-01
6.86779375e-07,1.87186125e-01
6.86819375e-07,1.87302125e-01
6.86859375e-07,1.87280375e-01
6.86899375e-07,1.87281281e-01
6.86939375e-07,1.87290344e-01
6.86979375e-07,1.87273125e-01
6.87019375e-07,1.87301219e-01
6.87059375e-07,1.87252281e-01
6.87099375e-07,1.87404531e-01
6.87139375e-07,1.87547719e-01
6.87179375e-07,1.87497875e-01
6.87219375e-07,1.87529594e-01
6.87259375e-07,1.87504219e-01
6.87299375e-07,1.87526875e-01
6.87339375e-07,1.87503312e-01
6.87379375e-07,1.87533219e-01
6.87419375e-07,1.87485187e-01
6.87459375e-07,1.87635625e-01
6.87499375e-07,1.87781531e-01
6.87539375e-07,1.87728062e-01
6.87579375e-07,1.87762500e-01
6.87619375e-07,1.87736219e-01
6.87659375e-07,1.87758875e-01
6.87699375e-07,1.87738031e-01
6.87739375e-07,1.87757062e-01
6.87779375e-07,1.87738938e-01
6.87819375e-07,1.87757062e-01
6.87859375e-07,1.87739844e-01
6.87899375e-07,1.87756156e-01
6.87939375e-07,1.87739844e-01
6.87979375e-07,1.87756156e-01
6.88019375e-07,1.87738938e-01
6.88059375e-07,1.87757062e-01
6.88099375e-07,1.87738938e-01
6.88139375e-07,1.87757062e-01
6.88179375e-07,1.87738031e-01
6.88219375e-07,1.87757969e-01
6.88259375e-07,1.87737125e-01
6.88299375e-07,1.87759781e-01
6.88339375e-07,1.87735313e-01
6.88379375e-07,1.87761594e-01
6.88419375e-07,1.87731687e-01
6.88459375e-07,1.87767031e-01
6.88499375e-07,1.87723531e-01
6.88539375e-07,1.87787875e-01
6.88579375e-07,1.87619312e-01
6.88619375e-07,1.87493344e-01
6.88659375e-07,1.87524156e-01
6.88699375e-07,1.87513281e-01
6.88739375e-07,1.87514187e-01
6.88779375e-07,1.87520531e-01
6.88819375e-07,1.87508750e-01
6.88859375e-07,1.87527781e-01
6.88899375e-07,1.87497875e-01
6.88939375e-07,1.87549531e-01
6.88979375e-07,1.87393656e-01
6.89019375e-07,1.87255000e-01
6.89059375e-07,1.87298500e-01
6.89099375e-07,1.87275844e-01
6.89139375e-07,1.87288531e-01
6.89179375e-07,1.87281281e-01
6.89219375e-07,1.87284000e-01
6.89259375e-07,1.87285813e-01
6.89299375e-07,1.87279469e-01
6.89339375e-07,1.87292156e-01
6.89379375e-07,1.87269500e-01
6.89419375e-07,1.87313000e-01
6.89459375e-07,1.87166187e-01
6.89499375e-07,1.87018469e-01
6.89539375e-07,1.87071938e-01
6.89579375e-07,1.87038406e-01
6.89619375e-07,1.87062875e-01
6.89659375e-07,1.87042938e-01
6.89699375e-07,1.87059250e-01
6.89739375e-07,1.87045656e-01
6.89779375e-07,1.87057438e-01
6.89819375e-07,1.87046562e-01
6.89859375e-07,1.87056531e-01
6.89899375e-07,1.87047469e-01
6.89939375e-07,1.87055625e-01
6.89979375e-07,1.87048375e-01
6.90019375e-07,1.87055625e-01
6.90059375e-07,1.87048375e-01
6.90099375e-07,1.87054719e-01
6.90139375e-07,1.87049281e-01
6.90179375e-07,1.87054719e-01
6.90219375e-07,1.87049281e-01
6.90259375e-07,1.87054719e-01
6.90299375e-07,1.87049281e-01
6.90339375e-07,1.87054719e-01
6.90379375e-07,1.87050187e-01
6.90419375e-07,1.87053812e-01
6.90459375e-07,1.87050187e-01
6.90499375e-07,1.87053812e-01
6.90539375e-07,1.87050187e-01
6.90579375e-07,1.87053812e-01
6.90619375e-07,1.87050187e-01
6.90659375e-07,1.87053812e-01
6.90699375e-07,1.87050187e-01
6.90739375e-07,1.87053812e-01
6.90779375e-07,1.87049281e-01
6.90819375e-07,1.87054719e-01
6.90859375e-07,1.87049281e-01
6.90899375e-07,1.87054719e-01
6.90939375e-07,1.87049281e-01
6.90979375e-07,1.87055625e-01
6.91019375e-07,1.87048375e-01
6.91059375e-07,1.87056531e-01
6.91099375e-07,1.87047469e-01
6.91139375e-07,1.87058344e-01
6.91179375e-07,1.87043844e-01
6.91219375e-07,1.87062875e-01
6.91259375e-07,1.87035687e-01
6.91299375e-07,1.87081906e-01
6.91339375e-07,1.86933281e-01
6.91379375e-07,1.86786469e-01
6.91419375e-07,1.86839937e-01
6.91459375e-07,1.86805500e-01
6.91499375e-07,1.86832687e-01
6.91539375e-07,1.86808219e-01
6.91579375e-07,1.86830875e-01
6.91619375e-07,1.86808219e-01
6.91659375e-07,1.86833594e-01
6.91699375e-07,1.86800969e-01
6.91739375e-07,1.86851719e-01
6.91779375e-07,1.86700375e-01
6.91819375e-07,1.86554469e-01
6.91859375e-07,1.86608844e-01
6.91899375e-07,1.86570781e-01
6.91939375e-07,1.86606125e-01
6.91979375e-07,1.86566250e-01
6.92019375e-07,1.86623344e-01
6.92059375e-07,1.86463844e-01
6.92099375e-07,1.86327906e-01
6.92139375e-07,1.86370500e-01
6.92179375e-07,1.86347844e-01
6.92219375e-07,1.86360531e-01
6.92259375e-07,1.86356000e-01
6.92299375e-07,1.86350562e-01
6.92339375e-07,1.86375938e-01
6.92379375e-07,1.86247250e-01
6.92419375e-07,1.86080500e-01
6.92459375e-07,1.86154812e-01
6.92499375e-07,1.86096812e-01
6.92539375e-07,1.86152094e-01
6.92579375e-07,1.86092281e-01
6.92619375e-07,1.86169312e-01
6.92659375e-07,1.85990781e-01
6.92699375e-07,1.85872969e-01
6.92739375e-07,1.85896531e-01
6.92779375e-07,1.85893813e-01
6.92819375e-07,1.85885656e-01
6.92859375e-07,1.85901969e-01
6.92899375e-07,1.85874781e-01
6.92939375e-07,1.85923719e-01
6.92979375e-07,1.85770562e-01
6.93019375e-07,1.85629187e-01
6.93059375e-07,1.85676312e-01
6.93099375e-07,1.85649125e-01
6.93139375e-07,1.85668156e-01
6.93179375e-07,1.85653656e-01
6.93219375e-07,1.85664531e-01
6.93259375e-07,1.85656375e-01
6.93299375e-07,1.85662719e-01
6.93339375e-07,1.85657281e-01
6.93379375e-07,1.85661812e-01
6.93419375e-07,1.85658187e-01
6.93459375e-07,1.85661812e-01
6.93499375e-07,1.85659094e-01
6.93539375e-07,1.85660906e-01
6.93579375e-07,1.85659094e-01
6.93619375e-07,1.85660906e-01
6.93659375e-07,1.85659094e-01
6.93699375e-07,1.85660906e-01
6.93739375e-07,1.85660000e-01
6.93779375e-07,1.85660000e-01
6.93819375e-07,1.85660000e-01
6.93859375e-07,1.85660000e-01
6.93899375e-07,1.85660000e-01
6.93939375e-07,1.85660000e-01
6.93979375e-07,1.85659094e-01
6.94019375e-07,1.85660906e-01
6.94059375e-07,1.85659094e-01
6.94099375e-07,1.85660906e-01
6.94139375e-07,1.85658187e-01
6.94179375e-07,1.85662719e-01
6.94219375e-07,1.85656375e-01
6.94259375e-07,1.85664531e-01
6.94299375e-07,1.85652750e-01
6.94339375e-07,1.85672687e-01
6.94379375e-07,1.85632812e-01
6.94419375e-07,1.85776000e-01
6.94459375e-07,1.85929156e-01
6.94499375e-07,1.85868437e-01
6.94539375e-07,1.85910125e-01
6.94579375e-07,1.85875687e-01
6.94619375e-07,1.85907406e-01
6.94659375e-07,1.85877500e-01
6.94699375e-07,1.85906500e-01
6.94739375e-07,1.85876594e-01
6.94779375e-07,1.85909219e-01
6.94819375e-07,1.85872062e-01
6.94859375e-07,1.85917375e-01
6.94899375e-07,1.85852125e-01
6.94939375e-07,1.86020688e-01
6.94979375e-07,1.86147563e-01
6.95019375e-07,1.86114937e-01
6.95059375e-07,1.86127625e-01
6.95099375e-07,1.86124000e-01
6.95139375e-07,1.86121281e-01
6.95179375e-07,1.86128531e-01
6.95219375e-07,1.86117656e-01
6.95259375e-07,1.86133063e-01
6.95299375e-07,1.86111312e-01
6.95339375e-07,1.86143031e-01
6.95379375e-07,1.86090469e-01
6.95419375e-07,1.86247250e-01
6.95459375e-07,1.86384094e-01
6.95499375e-07,1.86342406e-01
6.95539375e-07,1.86364156e-01
6.95579375e-07,1.86352375e-01
6.95619375e-07,1.86356906e-01
6.95659375e-07,1.86357812e-01
6.95699375e-07,1.86350562e-01
6.95739375e-07,1.86367781e-01
6.95779375e-07,1.86329719e-01
6.95819375e-07,1.86471094e-01
6.95859375e-07,1.86624250e-01
6.95899375e-07,1.86565344e-01
6.95939375e-07,1.86606125e-01
6.95979375e-07,1.86571687e-01
6.96019375e-07,1.86603406e-01
6.96059375e-07,1.86570781e-01
6.96099375e-07,1.86608844e-01
6.96139375e-07,1.86553562e-01
6.96179375e-07,1.86710344e-01
6.96219375e-07,1.86850812e-01
6.96259375e-07,1.86802781e-01
6.96299375e-07,1.86832687e-01
6.96339375e-07,1.86809125e-01
6.96379375e-07,1.86830875e-01
6.96419375e-07,1.86809125e-01
6.96459375e-07,1.86832687e-01
6.96499375e-07,1.86805500e-01
6.96539375e-07,1.86839937e-01
6.96579375e-07,1.86785563e-01
6.96619375e-07,1.86943250e-01
6.96659375e-07,1.87081000e-01
6.96699375e-07,1.87036594e-01
6.96739375e-07,1.87061969e-01
6.96779375e-07,1.87044750e-01
6.96819375e-07,1.87056531e-01
6.96859375e-07,1.87048375e-01
6.96899375e-07,1.87054719e-01
6.96939375e-07,1.87050187e-01
6.96979375e-07,1.87052906e-01
6.97019375e-07,1.87051094e-01
6.97059375e-07,1.87052000e-01
6.97099375e-07,1.87052000e-01
6.97139375e-07,1.87051094e-01
6.97179375e-07,1.87052906e-01
6.97219375e-07,1.87050187e-01
6.97259375e-07,1.87054719e-01
6.97299375e-07,1.87048375e-01
6.97339375e-07,1.87056531e-01
6.97379375e-07,1.87046562e-01
6.97419375e-07,1.87058344e-01
6.97459375e-07,1.87043844e-01
6.97499375e-07,1.87063781e-01
6.97539375e-07,1.87034781e-01
6.97579375e-07,1.87084625e-01
6.97619375e-07,1.86930563e-01
6.97659375e-07,1.86789188e-01
6.97699375e-07,1.86836312e-01
6.97739375e-07,1.86809125e-01
6.97779375e-07,1.86827250e-01
6.97819375e-07,1.86815469e-01
6.97859375e-07,1.86822719e-01
6.97899375e-07,1.86819094e-01
6.97939375e-07,1.86818188e-01
6.97979375e-07,1.86825437e-01
6.98019375e-07,1.86809125e-01
6.98059375e-07,1.86845375e-01
6.98099375e-07,1.86704906e-01
6.98139375e-07,1.86550844e-01
6.98179375e-07,1.86611562e-01
6.98219375e-07,1.86569875e-01
6.98259375e-07,1.86603406e-01
6.98299375e-07,1.86573500e-01
6.98339375e-07,1.86601594e-01
6.98379375e-07,1.86574406e-01
6.98419375e-07,1.86601594e-01
6.98459375e-07,1.86573500e-01
6.98499375e-07,1.86605219e-01
6.98539375e-07,1.86565344e-01
6.98579375e-07,1.86624250e-01
6.98619375e-07,1.86462938e-01
6.98659375e-07,1.86327906e-01
6.98699375e-07,1.86370500e-01
6.98739375e-07,1.86346938e-01
6.98779375e-07,1.86362344e-01
6.98819375e-07,1.86350562e-01
6.98859375e-07,1.86360531e-01
6.98899375e-07,1.86352375e-01
6.98939375e-07,1.86359625e-01
6.98979375e-07,1.86353281e-01
6.99019375e-07,1.86358719e-01
6.99059375e-07,1.86353281e-01
6.99099375e-07,1.86358719e-01
6.99139375e-07,1.86352375e-01
6.99179375e-07,1.86359625e-01
6.99219375e-07,1.86351469e-01
6.99259375e-07,1.86360531e-01
6.99299375e-07,1.86350562e-01
6.99339375e-07,1.86362344e-01
6.99379375e-07,1.86347844e-01
6.99419375e-07,1.86366875e-01
6.99459375e-07,1.86338781e-01
6.99499375e-07,1.86387719e-01
6.99539375e-07,1.86235469e-01
6.99579375e-07,1.86092281e-01
6.99619375e-07,1.86142125e-01
6.99659375e-07,1.86111312e-01
6.99699375e-07,1.86133969e-01
6.99739375e-07,1.86115844e-01
6.99779375e-07,1.86131250e-01
6.99819375e-07,1.86117656e-01
6.99859375e-07,1.86129437e-01
6.99899375e-07,1.86119469e-01
6.99939375e-07,1.86128531e-01
6.99979375e-07,1.86119469e-01
7.00019375e-07,1.86127625e-01
7.00059375e-07,1.86120375e-01
7.00099375e-07,1.86127625e-01
7.00139375e-07,1.86121281e-01
7.00179375e-07,1.86126719e-01
7.00219375e-07,1.86121281e-01
7.00259375e-07,1.86126719e-01
7.00299375e-07,1.86121281e-01
7.00339375e-07,1.86126719e-01
7.00379375e-07,1.86121281e-01
7.00419375e-07,1.86126719e-01
7.00459375e-07,1.86122188e-01
7.00499375e-07,1.86125812e-01
7.00539375e-07,1.86122188e-01
7.00579375e-07,1.86125812e-01
7.00619375e-07,1.86122188e-01
7.00659375e-07,1.86125812e-01
7.00699375e-07,1.86122188e-01
7.00739375e-07,1.86125812e-01
7.00779375e-07,1.86122188e-01
7.00819375e-07,1.86125812e-01
7.00859375e-07,1.86122188e-01
7.00899375e-07,1.86125812e-01
7.00939375e-07,1.86122188e-01
7.00979375e-07,1.86125812e-01
7.01019375e-07,1.86123094e-01
7.01059375e-07,1.86124906e-01
7.01099375e-07,1.86123094e-01
7.01139375e-07,1.86124906e-01
7.01179375e-07,1.86123094e-01
7.01219375e-07,1.86124906e-01
7.01259375e-07,1.86123094e-01
7.01299375e-07,1.86124906e-01
7.01339375e-07,1.86123094e-01
7.01379375e-07,1.86124906e-01
7.01419375e-07,1.86123094e-01
7.01459375e-07,1.86124906e-01
7.01499375e-07,1.86123094e-01
7.01539375e-07,1.86124906e-01
7.01579375e-07,1.86123094e-01
7.01619375e-07,1.86124906e-01
7.01659375e-07,1.86123094e-01
7.01699375e-07,1.86124000e-01
7.01739375e-07,1.86124000e-01
7.01779375e-07,1.86124000e-01
7.01819375e-07,1.86124000e-01
7.01859375e-07,1.86124000e-01
7.01899375e-07,1.86124000e-01
7.01939375e-07,1.86124000e-01
7.01979375e-07,1.86124000e-01
7.02019375e-07,1.86124000e-01
7.02059375e-07,1.86124906e-01
7.02099375e-07,1.86123094e-01
7.02139375e-07,1.86124906e-01
7.02179375e-07,1.86123094e-01
7.02219375e-07,1.86125812e-01
7.02259375e-07,1.86122188e-01
7.02299375e-07,1.86125812e-01
7.02339375e-07,1.86121281e-01
7.02379375e-07,1.86127625e-01
7.02419375e-07,1.86119469e-01
7.02459375e-07,1.86129437e-01
7.02499375e-07,1.86116750e-01
7.02539375e-07,1.86133969e-01
7.02579375e-07,1.86108594e-01
7.02619375e-07,1.86153906e-01
7.02659375e-07,1.86005281e-01
7.02699375e-07,1.85858469e-01
7.02739375e-07,1.85911937e-01
7.02779375e-07,1.85877500e-01
7.02819375e-07,1.85903781e-01
7.02859375e-07,1.85882031e-01
7.02899375e-07,1.85901062e-01
7.02939375e-07,1.85883844e-01
7.02979375e-07,1.85899250e-01
7.03019375e-07,1.85884750e-01
7.03059375e-07,1.85899250e-01
7.03099375e-07,1.85884750e-01
7.03139375e-07,1.85899250e-01
7.03179375e-07,1.85884750e-01
7.03219375e-07,1.85900156e-01
7.03259375e-07,1.85883844e-01
7.03299375e-07,1.85901062e-01
7.03339375e-07,1.85881125e-01
7.03379375e-07,1.85905594e-01
7.03419375e-07,1.85872969e-01
7.03459375e-07,1.85925531e-01
7.03499375e-07,1.85769656e-01
7.03539375e-07,1.85630094e-01
7.03579375e-07,1.85676312e-01
7.03619375e-07,1.85649125e-01
7.03659375e-07,1.85668156e-01
7.03699375e-07,1.85652750e-01
7.03739375e-07,1.85665438e-01
7.03779375e-07,1.85654563e-01
7.03819375e-07,1.85664531e-01
7.03859375e-07,1.85655469e-01
7.03899375e-07,1.85664531e-01
7.03939375e-07,1.85655469e-01
7.03979375e-07,1.85663625e-01
7.04019375e-07,1.85655469e-01
7.04059375e-07,1.85664531e-01
7.04099375e-07,1.85655469e-01
7.04139375e-07,1.85664531e-01
7.04179375e-07,1.85654563e-01
7.04219375e-07,1.85665438e-01
7.04259375e-07,1.85653656e-01
7.04299375e-07,1.85667250e-01
7.04339375e-07,1.85650938e-01
7.04379375e-07,1.85670875e-01
7.04419375e-07,1.85646406e-01
7.04459375e-07,1.85679938e-01
7.04499375e-07,1.85625563e-01
7.04539375e-07,1.85783250e-01
7.04579375e-07,1.85920094e-01
7.04619375e-07,1.85879313e-01
7.04659375e-07,1.85898344e-01
7.04699375e-07,1.85890187e-01
7.04739375e-07,1.85889281e-01
7.04779375e-07,1.85901969e-01
7.04819375e-07,1.85866625e-01
7.04859375e-07,1.86007094e-01
7.04899375e-07,1.86159344e-01
7.04939375e-07,1.86104063e-01
7.04979375e-07,1.86135781e-01
7.05019375e-07,1.86119469e-01
7.05059375e-07,1.86113125e-01
7.05099375e-07,1.86223687e-01
7.05139375e-07,1.86409469e-01
7.05179375e-07,1.86313406e-01
7.05219375e-07,1.86398594e-01
7.05259375e-07,1.86301625e-01
7.05299375e-07,1.86498281e-01
7.05339375e-07,1.86597969e-01
7.05379375e-07,1.86592531e-01
7.05419375e-07,1.86575313e-01
7.05459375e-07,1.86608844e-01
7.05499375e-07,1.86551750e-01
7.05539375e-07,1.86713969e-01
7.05579375e-07,1.86844469e-01
7.05619375e-07,1.86810031e-01
7.05659375e-07,1.86822719e-01
7.05699375e-07,1.86821812e-01
7.05739375e-07,1.86813656e-01
7.05779375e-07,1.86832687e-01
7.05819375e-07,1.86791906e-01
7.05859375e-07,1.86937812e-01
7.05899375e-07,1.87086438e-01
7.05939375e-07,1.87032062e-01
7.05979375e-07,1.87066500e-01
7.06019375e-07,1.87040219e-01
7.06059375e-07,1.87062875e-01
7.06099375e-07,1.87042031e-01
7.06139375e-07,1.87061969e-01
7.06179375e-07,1.87041125e-01
7.06219375e-07,1.87064687e-01
7.06259375e-07,1.87034781e-01
7.06299375e-07,1.87082813e-01
7.06339375e-07,1.86933281e-01
7.06379375e-07,1.86785563e-01
7.06419375e-07,1.86841750e-01
7.06459375e-07,1.86802781e-01
7.06499375e-07,1.86835406e-01
7.06539375e-07,1.86803688e-01
7.06579375e-07,1.86838125e-01
7.06619375e-07,1.86796437e-01
7.06659375e-07,1.86858063e-01
7.06699375e-07,1.86693125e-01
7.06739375e-07,1.86563531e-01
7.06779375e-07,1.86597062e-01
7.06819375e-07,1.86587094e-01
7.06859375e-07,1.86580750e-01
7.06899375e-07,1.86610656e-01
7.06939375e-07,1.86475625e-01
7.06979375e-07,1.86316125e-01
7.07019375e-07,1.86383187e-01
7.07059375e-07,1.86333344e-01
7.07099375e-07,1.86377750e-01
7.07139375e-07,1.86330625e-01
7.07179375e-07,1.86394062e-01
7.07219375e-07,1.86230937e-01
7.07259375e-07,1.86095000e-01
7.07299375e-07,1.86140312e-01
7.07339375e-07,1.86111312e-01
7.07379375e-07,1.86137594e-01
7.07419375e-07,1.86106781e-01
7.07459375e-07,1.86154812e-01
7.07499375e-07,1.86005281e-01
7.07539375e-07,1.85857562e-01
7.07579375e-07,1.85912844e-01
7.07619375e-07,1.85875687e-01
7.07659375e-07,1.85906500e-01
7.07699375e-07,1.85878406e-01
7.07739375e-07,1.85905594e-01
7.07779375e-07,1.85877500e-01
7.07819375e-07,1.85909219e-01
7.07859375e-07,1.85869344e-01
7.07899375e-07,1.85928250e-01
7.07939375e-07,1.85766938e-01
7.07979375e-07,1.85632812e-01
7.08019375e-07,1.85673594e-01
7.08059375e-07,1.85651844e-01
7.08099375e-07,1.85665438e-01
7.08139375e-07,1.85655469e-01
7.08179375e-07,1.85662719e-01
7.08219375e-07,1.85658187e-01
7.08259375e-07,1.85661812e-01
7.08299375e-07,1.85659094e-01
7.08339375e-07,1.85660906e-01
7.08379375e-07,1.85659094e-01
7.08419375e-07,1.85660000e-01
7.08459375e-07,1.85660000e-01
7.08499375e-07,1.85660000e-01
7.08539375e-07,1.85660000e-01
7.08579375e-07,1.85659094e-01
7.08619375e-07,1.85660906e-01
7.08659375e-07,1.85659094e-01
7.08699375e-07,1.85660906e-01
7.08739375e-07,1.85659094e-01
7.08779375e-07,1.85661812e-01
7.08819375e-07,1.85658187e-01
7.08859375e-07,1.85661812e-01
7.08899375e-07,1.85658187e-01
7.08939375e-07,1.85661812e-01
7.08979375e-07,1.85657281e-01
7.09019375e-07,1.85662719e-01
7.09059375e-07,1.85656375e-01
7.09099375e-07,1.85663625e-01
7.09139375e-07,1.85655469e-01
7.09179375e-07,1.85664531e-01
7.09219375e-07,1.85654563e-01
7.09259375e-07,1.85667250e-01
7.09299375e-07,1.85650938e-01
7.09339375e-07,1.85671781e-01
7.09379375e-07,1.85642781e-01
7.09419375e-07,1.85691719e-01
7.09459375e-07,1.85539469e-01
7.09499375e-07,1.85396281e-01
7.09539375e-07,1.85445219e-01
7.09579375e-07,1.85416219e-01
7.09619375e-07,1.85437062e-01
7.09659375e-07,1.85420750e-01
7.09699375e-07,1.85434344e-01
7.09739375e-07,1.85422562e-01
7.09779375e-07,1.85432531e-01
7.09819375e-07,1.85424375e-01
7.09859375e-07,1.85431625e-01
7.09899375e-07,1.85425281e-01
7.09939375e-07,1.85430719e-01
7.09979375e-07,1.85425281e-01
7.10019375e-07,1.85429812e-01
7.10059375e-07,1.85426188e-01
7.10099375e-07,1.85429812e-01
7.10139375e-07,1.85426188e-01
7.10179375e-07,1.85428906e-01
7.10219375e-07,1.85427094e-01
7.10259375e-07,1.85428906e-01
7.10299375e-07,1.85428000e-01
7.10339375e-07,1.85428000e-01
7.10379375e-07,1.85428906e-01
7.10419375e-07,1.85427094e-01
7.10459375e-07,1.85429812e-01
7.10499375e-07,1.85425281e-01
7.10539375e-07,1.85431625e-01
7.10579375e-07,1.85422562e-01
7.10619375e-07,1.85437062e-01
7.10659375e-07,1.85413500e-01
7.10699375e-07,1.85457000e-01
7.10739375e-07,1.85310188e-01
7.10779375e-07,1.85161562e-01
7.10819375e-07,1.85216844e-01
7.10859375e-07,1.85180594e-01
7.10899375e-07,1.85208687e-01
7.10939375e-07,1.85185125e-01
7.10979375e-07,1.85205969e-01
7.11019375e-07,1.85186938e-01
7.11059375e-07,1.85205062e-01
7.11099375e-07,1.85187844e-01
7.11139375e-07,1.85204156e-01
7.11179375e-07,1.85187844e-01
7.11219375e-07,1.85204156e-01
7.11259375e-07,1.85187844e-01
7.11299375e-07,1.85204156e-01
7.11339375e-07,1.85187844e-01
7.11379375e-07,1.85204156e-01
7.11419375e-07,1.85186938e-01
7.11459375e-07,1.85205062e-01
7.11499375e-07,1.85186031e-01
7.11539375e-07,1.85206875e-01
7.11579375e-07,1.85183313e-01
7.11619375e-07,1.85211406e-01
7.11659375e-07,1.85174250e-01
7.11699375e-07,1.85231344e-01
7.11739375e-07,1.85071844e-01
7.11779375e-07,1.84936812e-01
7.11819375e-07,1.84977594e-01
7.11859375e-07,1.84955844e-01
7.11899375e-07,1.84969438e-01
7.11939375e-07,1.84960375e-01
7.11979375e-07,1.84966719e-01
7.12019375e-07,1.84962187e-01
7.12059375e-07,1.84964906e-01
7.12099375e-07,1.84963094e-01
7.12139375e-07,1.84964000e-01
7.12179375e-07,1.84964000e-01
7.12219375e-07,1.84963094e-01
7.12259375e-07,1.84964906e-01
7.12299375e-07,1.84963094e-01
7.12339375e-07,1.84965812e-01
7.12379375e-07,1.84962187e-01
7.12419375e-07,1.84965812e-01
7.12459375e-07,1.84961281e-01
7.12499375e-07,1.84966719e-01
7.12539375e-07,1.84961281e-01
7.12579375e-07,1.84966719e-01
7.12619375e-07,1.84960375e-01
7.12659375e-07,1.84967625e-01
7.12699375e-07,1.84959469e-01
7.12739375e-07,1.84968531e-01
7.12779375e-07,1.84958563e-01
7.12819375e-07,1.84969438e-01
7.12859375e-07,1.84957656e-01
7.12899375e-07,1.84971250e-01
7.12939375e-07,1.84954937e-01
7.12979375e-07,1.84974875e-01
7.13019375e-07,1.84950406e-01
7.13059375e-07,1.84983938e-01
7.13099375e-07,1.84929563e-01
7.13139375e-07,1.85087250e-01
7.13179375e-07,1.85225000e-01
7.13219375e-07,1.85181500e-01
7.13259375e-07,1.85205062e-01
7.13299375e-07,1.85190562e-01
7.13339375e-07,1.85199625e-01
7.13379375e-07,1.85194187e-01
7.13419375e-07,1.85196000e-01
7.13459375e-07,1.85196906e-01
7.13499375e-07,1.85193281e-01
7.13539375e-07,1.85201438e-01
7.13579375e-07,1.85186938e-01
7.13619375e-07,1.85210500e-01
7.13659375e-07,1.85167000e-01
7.13699375e-07,1.85314719e-01
7.13739375e-07,1.85461531e-01
7.13779375e-07,1.85408969e-01
7.13819375e-07,1.85441594e-01
7.13859375e-07,1.85418031e-01
7.13899375e-07,1.85436156e-01
7.13939375e-07,1.85421656e-01
7.13979375e-07,1.85433437e-01
7.14019375e-07,1.85424375e-01
7.14059375e-07,1.85429812e-01
7.14099375e-07,1.85428000e-01
7.14139375e-07,1.85425281e-01
7.14179375e-07,1.85436156e-01
7.14219375e-07,1.85405344e-01
7.14259375e-07,1.85539469e-01
7.14299375e-07,1.85701687e-01
7.14339375e-07,1.85631906e-01
7.14379375e-07,1.85683563e-01
7.14419375e-07,1.85638250e-01
7.14459375e-07,1.85681750e-01
7.14499375e-07,1.85636438e-01
7.14539375e-07,1.85689000e-01
7.14579375e-07,1.85617406e-01
7.14619375e-07,1.85791406e-01
7.14659375e-07,1.85911937e-01
7.14699375e-07,1.85887469e-01
7.14739375e-07,1.85889281e-01
7.14779375e-07,1.85902875e-01
7.14819375e-07,1.85866625e-01
7.14859375e-07,1.86006188e-01
7.14899375e-07,1.86162063e-01
7.14939375e-07,1.86097719e-01
7.14979375e-07,1.86150281e-01
7.15019375e-07,1.86087750e-01
7.15059375e-07,1.86246344e-01
7.15099375e-07,1.86388625e-01
7.15139375e-07,1.86334250e-01
7.15179375e-07,1.86378656e-01
7.15219375e-07,1.86322469e-01
7.15259375e-07,1.86476531e-01
7.15299375e-07,1.86622437e-01
7.15339375e-07,1.86564437e-01
7.15379375e-07,1.86611562e-01
7.15419375e-07,1.86552656e-01
7.15459375e-07,1.86709437e-01
7.15499375e-07,1.86851719e-01
7.15539375e-07,1.86800063e-01
7.15579375e-07,1.86837219e-01
7.15619375e-07,1.86802781e-01
7.15659375e-07,1.86841750e-01
7.15699375e-07,1.86785563e-01
7.15739375e-07,1.86943250e-01
7.15779375e-07,1.87081906e-01
7.15819375e-07,1.87035687e-01
7.15859375e-07,1.87063781e-01
7.15899375e-07,1.87042938e-01
7.15939375e-07,1.87060156e-01
7.15979375e-07,1.87044750e-01
7.16019375e-07,1.87058344e-01
7.16059375e-07,1.87045656e-01
7.16099375e-07,1.87058344e-01
7.16139375e-07,1.87044750e-01
7.16179375e-07,1.87060156e-01
7.16219375e-07,1.87042938e-01
7.16259375e-07,1.87062875e-01
7.16299375e-07,1.87038406e-01
7.16339375e-07,1.87071031e-01
7.16379375e-07,1.87017562e-01
7.16419375e-07,1.87175250e-01
7.16459375e-07,1.87312094e-01
7.16499375e-07,1.87270406e-01
7.16539375e-07,1.87291250e-01
7.16579375e-07,1.87282188e-01
7.16619375e-07,1.87278562e-01
7.16659375e-07,1.87303937e-01
7.16699375e-07,1.87175250e-01
7.16739375e-07,1.87008500e-01
7.16779375e-07,1.87083719e-01
7.16819375e-07,1.87023906e-01
7.16859375e-07,1.87082813e-01
7.16899375e-07,1.87008500e-01
7.16939375e-07,1.87182500e-01
7.16979375e-07,1.87306656e-01
7.17019375e-07,1.87274937e-01
7.17059375e-07,1.87288531e-01
7.17099375e-07,1.87282188e-01
7.17139375e-07,1.87284906e-01
7.17179375e-07,1.87284000e-01
7.17219375e-07,1.87283094e-01
7.17259375e-07,1.87284906e-01
7.17299375e-07,1.87282188e-01
7.17339375e-07,1.87285813e-01
7.17379375e-07,1.87282188e-01
7.17419375e-07,1.87285813e-01
7.17459375e-07,1.87282188e-01
7.17499375e-07,1.87285813e-01
7.17539375e-07,1.87281281e-01
7.17579375e-07,1.87286719e-01
7.17619375e-07,1.87281281e-01
7.17659375e-07,1.87286719e-01
7.17699375e-07,1.87281281e-01
7.17739375e-07,1.87286719e-01
7.17779375e-07,1.87281281e-01
7.17819375e-07,1.87286719e-01
7.17859375e-07,1.87281281e-01
7.17899375e-07,1.87286719e-01
7.17939375e-07,1.87281281e-01
7.17979375e-07,1.87287625e-01
7.18019375e-07,1.87280375e-01
7.18059375e-07,1.87287625e-01
7.18099375e-07,1.87280375e-01
7.18139375e-07,1.87287625e-01
7.18179375e-07,1.87280375e-01
7.18219375e-07,1.87287625e-01
7.18259375e-07,1.87280375e-01
7.18299375e-07,1.87288531e-01
7.18339375e-07,1.87279469e-01
7.18379375e-07,1.87288531e-01
7.18419375e-07,1.87279469e-01
7.18459375e-07,1.87288531e-01
7.18499375e-07,1.87278562e-01
7.18539375e-07,1.87289437e-01
7.18579375e-07,1.87278562e-01
7.18619375e-07,1.87290344e-01
7.18659375e-07,1.87276750e-01
7.18699375e-07,1.87291250e-01
7.18739375e-07,1.87275844e-01
7.18779375e-07,1.87293969e-01
7.18819375e-07,1.87272219e-01
7.18859375e-07,1.87298500e-01
7.18899375e-07,1.87263156e-01
7.18939375e-07,1.87319344e-01
7.18979375e-07,1.87159844e-01
7.19019375e-07,1.87023906e-01
7.19059375e-07,1.87065594e-01
7.19099375e-07,1.87043844e-01
7.19139375e-07,1.87057438e-01
7.19179375e-07,1.87048375e-01
7.19219375e-07,1.87053812e-01
7.19259375e-07,1.87052000e-01
7.19299375e-07,1.87051094e-01
7.19339375e-07,1.87053812e-01
7.19379375e-07,1.87049281e-01
7.19419375e-07,1.87056531e-01
7.19459375e-07,1.87045656e-01
7.19499375e-07,1.87061969e-01
7.19539375e-07,1.87036594e-01
7.19579375e-07,1.87081906e-01
7.19619375e-07,1.86932375e-01
7.19659375e-07,1.86787375e-01
7.19699375e-07,1.86839031e-01
7.19739375e-07,1.86806406e-01
7.19779375e-07,1.86829969e-01
7.19819375e-07,1.86811844e-01
7.19859375e-07,1.86827250e-01
7.19899375e-07,1.86813656e-01
7.19939375e-07,1.86825437e-01
7.19979375e-07,1.86815469e-01
