Model,MSO66B
Label,
Waveform Type,ANALOG
Horizontal Units,s
Sample Interval,4.00000000e-11
Record Length,10000
Zero Index,1599.03515625
Vertical Units,A
ANALOG_Thumbnail,
yOffset,1.84500000e-01
yPosition,8.40000000e-01

Labels,
TIME,CH1
-6.39614062e-08,2.01665625e-01
-6.39214062e-08,2.01725000e-01
-6.38814062e-08,2.01679688e-01
-6.38414063e-08,2.01718750e-01
-6.38014062e-08,2.01682813e-01
-6.37614063e-08,2.01717188e-01
-6.37214062e-08,2.01682813e-01
-6.36814062e-08,2.01717188e-01
-6.36414062e-08,2.01679688e-01
-6.36014062e-08,2.01721875e-01
-6.35614063e-08,2.01673437e-01
-6.35214062e-08,2.01735938e-01
-6.34814063e-08,2.01639063e-01
-6.34414062e-08,2.01914063e-01
-6.34014062e-08,2.02148438e-01
-6.33614062e-08,2.02075000e-01
-6.33214062e-08,2.02115625e-01
-6.32814063e-08,2.02089062e-01
-6.32414062e-08,2.02107813e-01
-6.32014063e-08,2.02093750e-01
-6.31614062e-08,2.02104688e-01
-6.31214062e-08,2.02096875e-01
-6.30814062e-08,2.02103125e-01
-6.30414062e-08,2.02098438e-01
-6.30014063e-08,2.02101562e-01
-6.29614062e-08,2.02098438e-01
-6.29214063e-08,2.02100000e-01
-6.28814062e-08,2.02100000e-01
-6.28414062e-08,2.02100000e-01
-6.28014062e-08,2.02100000e-01
-6.27614062e-08,2.02100000e-01
-6.27214063e-08,2.02101562e-01
-6.26814062e-08,2.02098438e-01
-6.26414062e-08,2.02101562e-01
-6.26014062e-08,2.02098438e-01
-6.25614062e-08,2.02101562e-01
-6.25214062e-08,2.02098438e-01
-6.24814062e-08,2.02101562e-01
-6.24414063e-08,2.02096875e-01
-6.24014062e-08,2.02103125e-01
-6.23614062e-08,2.02096875e-01
-6.23214062e-08,2.02103125e-01
-6.22814062e-08,2.02096875e-01
-6.22414062e-08,2.02103125e-01
-6.22014062e-08,2.02096875e-01
-6.21614063e-08,2.02104688e-01
-6.21214062e-08,2.02095313e-01
-6.20814062e-08,2.02104688e-01
-6.20414062e-08,2.02095313e-01
-6.20014062e-08,2.02104688e-01
-6.19614062e-08,2.02093750e-01
-6.19214062e-08,2.02106250e-01
-6.18814063e-08,2.02092188e-01
-6.18414062e-08,2.02107813e-01
-6.18014062e-08,2.02090625e-01
-6.17614062e-08,2.02109375e-01
-6.17214062e-08,2.02089062e-01
-6.16814062e-08,2.02114062e-01
-6.16414062e-08,2.02082813e-01
-6.16014063e-08,2.02121875e-01
-6.15614062e-08,2.02068750e-01
-6.15214062e-08,2.02156250e-01
-6.14814062e-08,2.01890625e-01
-6.14414062e-08,2.01646875e-01
-6.14014062e-08,2.01728125e-01
-6.13614062e-08,2.01681250e-01
-6.13214063e-08,2.01714063e-01
-6.12814062e-08,2.01689063e-01
-6.12414062e-08,2.01709375e-01
-6.12014062e-08,2.01692188e-01
-6.11614062e-08,2.01706250e-01
-6.11214062e-08,2.01695313e-01
-6.10814062e-08,2.01704688e-01
-6.10414063e-08,2.01695313e-01
-6.10014062e-08,2.01703125e-01
-6.09614062e-08,2.01696875e-01
-6.09214062e-08,2.01703125e-01
-6.08814062e-08,2.01698437e-01
-6.08414062e-08,2.01701563e-01
-6.08014062e-08,2.01698437e-01
-6.07614063e-08,2.01701563e-01
-6.07214062e-08,2.01698437e-01
-6.06814062e-08,2.01701563e-01
-6.06414062e-08,2.01700000e-01
-6.06014062e-08,2.01700000e-01
-6.05614063e-08,2.01700000e-01
-6.05214062e-08,2.01700000e-01
-6.04814063e-08,2.01700000e-01
-6.04414062e-08,2.01700000e-01
-6.04014062e-08,2.01700000e-01
-6.03614062e-08,2.01698437e-01
-6.03214062e-08,2.01701563e-01
-6.02814063e-08,2.01698437e-01
-6.02414062e-08,2.01701563e-01
-6.02014063e-08,2.01698437e-01
-6.01614062e-08,2.01701563e-01
-6.01214062e-08,2.01696875e-01
-6.00814062e-08,2.01703125e-01
-6.00414062e-08,2.01696875e-01
-6.00014063e-08,2.01703125e-01
-5.99614062e-08,2.01695313e-01
-5.99214063e-08,2.01704688e-01
-5.98814062e-08,2.01695313e-01
-5.98414062e-08,2.01706250e-01
-5.98014062e-08,2.01693750e-01
-5.97614062e-08,2.01707812e-01
-5.97214063e-08,2.01690625e-01
-5.96814062e-08,2.01712500e-01
-5.96414063e-08,2.01684375e-01
-5.96014062e-08,2.01720312e-01
-5.95614062e-08,2.01670313e-01
-5.95214062e-08,2.01754688e-01
-5.94814062e-08,2.01492188e-01
-5.94414062e-08,2.01245312e-01
-5.94014062e-08,2.01331250e-01
-5.93614062e-08,2.01278125e-01
-5.93214062e-08,2.01315625e-01
-5.92814062e-08,2.01287500e-01
-5.92414062e-08,2.01310938e-01
-5.92014062e-08,2.01290625e-01
-5.91614062e-08,2.01307813e-01
-5.91214062e-08,2.01292187e-01
-5.90814062e-08,2.01306250e-01
-5.90414062e-08,2.01293750e-01
-5.90014062e-08,2.01304687e-01
-5.89614062e-08,2.01295313e-01
-5.89214062e-08,2.01304687e-01
-5.88814062e-08,2.01295313e-01
-5.88414062e-08,2.01304687e-01
-5.88014062e-08,2.01296875e-01
-5.87614062e-08,2.01303125e-01
-5.87214062e-08,2.01296875e-01
-5.86814062e-08,2.01303125e-01
-5.86414062e-08,2.01296875e-01
-5.86014062e-08,2.01303125e-01
-5.85614062e-08,2.01296875e-01
-5.85214062e-08,2.01301563e-01
-5.84814062e-08,2.01298438e-01
-5.84414062e-08,2.01301563e-01
-5.84014062e-08,2.01298438e-01
-5.83614062e-08,2.01301563e-01
-5.83214062e-08,2.01298438e-01
-5.82814062e-08,2.01301563e-01
-5.82414062e-08,2.01298438e-01
-5.82014062e-08,2.01301563e-01
-5.81614062e-08,2.01298438e-01
-5.81214062e-08,2.01301563e-01
-5.80814062e-08,2.01298438e-01
-5.80414062e-08,2.01300000e-01
-5.80014062e-08,2.01300000e-01
-5.79614062e-08,2.01300000e-01
-5.79214062e-08,2.01300000e-01
-5.78814062e-08,2.01300000e-01
-5.78414062e-08,2.01300000e-01
-5.78014062e-08,2.01300000e-01
-5.77614062e-08,2.01300000e-01
-5.77214062e-08,2.01300000e-01
-5.76814062e-08,2.01300000e-01
-5.76414062e-08,2.01300000e-01
-5.76014062e-08,2.01301563e-01
-5.75614062e-08,2.01298438e-01
-5.75214062e-08,2.01301563e-01
-5.74814062e-08,2.01298438e-01
-5.74414062e-08,2.01301563e-01
-5.74014062e-08,2.01298438e-01
-5.73614062e-08,2.01301563e-01
-5.73214062e-08,2.01296875e-01
-5.72814062e-08,2.01303125e-01
-5.72414062e-08,2.01296875e-01
-5.72014062e-08,2.01304687e-01
-5.71614062e-08,2.01295313e-01
-5.71214062e-08,2.01304687e-01
-5.70814062e-08,2.01293750e-01
-5.70414062e-08,2.01307813e-01
-5.70014062e-08,2.01290625e-01
-5.69614062e-08,2.01310938e-01
-5.69214062e-08,2.01285938e-01
-5.68814062e-08,2.01318750e-01
-5.68414062e-08,2.01270312e-01
-5.68014062e-08,2.01354688e-01
-5.67614062e-08,2.01092188e-01
-5.67214062e-08,2.00845313e-01
-5.66814062e-08,2.00931250e-01
-5.66414062e-08,2.00878125e-01
-5.66014062e-08,2.00917188e-01
-5.65614062e-08,2.00885938e-01
-5.65214062e-08,2.00910937e-01
-5.64814062e-08,2.00890625e-01
-5.64414062e-08,2.00909375e-01
-5.64014062e-08,2.00892188e-01
-5.63614062e-08,2.00907813e-01
-5.63214062e-08,2.00893750e-01
-5.62814062e-08,2.00906250e-01
-5.62414062e-08,2.00895313e-01
-5.62014062e-08,2.00904688e-01
-5.61614062e-08,2.00895313e-01
-5.61214062e-08,2.00904688e-01
-5.60814062e-08,2.00896875e-01
-5.60414062e-08,2.00903125e-01
-5.60014062e-08,2.00896875e-01
-5.59614062e-08,2.00903125e-01
-5.59214062e-08,2.00898437e-01
-5.58814062e-08,2.00901563e-01
-5.58414062e-08,2.00898437e-01
-5.58014062e-08,2.00901563e-01
-5.57614062e-08,2.00900000e-01
-5.57214062e-08,2.00900000e-01
-5.56814062e-08,2.00901563e-01
-5.56414062e-08,2.00896875e-01
-5.56014062e-08,2.00903125e-01
-5.55614062e-08,2.00893750e-01
-5.55214062e-08,2.00909375e-01
-5.54814062e-08,2.00885938e-01
-5.54414062e-08,2.00923437e-01
-5.54014062e-08,2.00851562e-01
-5.53614062e-08,2.01101562e-01
-5.53214062e-08,2.01360938e-01
-5.52814062e-08,2.01262500e-01
-5.52414062e-08,2.01328125e-01
-5.52014062e-08,2.01275000e-01
-5.51614062e-08,2.01321875e-01
-5.51214062e-08,2.01279687e-01
-5.50814062e-08,2.01318750e-01
-5.50414062e-08,2.01281250e-01
-5.50014062e-08,2.01318750e-01
-5.49614062e-08,2.01279687e-01
-5.49214062e-08,2.01321875e-01
-5.48814062e-08,2.01275000e-01
-5.48414062e-08,2.01329688e-01
-5.48014062e-08,2.01262500e-01
-5.47614062e-08,2.01362500e-01
-5.47214062e-08,2.01084375e-01
-5.46814062e-08,2.00853125e-01
-5.46414062e-08,2.00923437e-01
-5.46014062e-08,2.00885938e-01
-5.45614062e-08,2.00909375e-01
-5.45214062e-08,2.00893750e-01
-5.44814062e-08,2.00903125e-01
-5.44414062e-08,2.00898437e-01
-5.44014062e-08,2.00901563e-01
-5.43614062e-08,2.00900000e-01
-5.43214062e-08,2.00898437e-01
-5.42814062e-08,2.00903125e-01
-5.42414062e-08,2.00896875e-01
-5.42014062e-08,2.00904688e-01
-5.41614062e-08,2.00893750e-01
-5.41214062e-08,2.00907813e-01
-5.40814062e-08,2.00889062e-01
-5.40414062e-08,2.00915625e-01
-5.40014062e-08,2.00875000e-01
-5.39614062e-08,2.00950000e-01
-5.39214062e-08,2.00696875e-01
-5.38814062e-08,2.00440625e-01
-5.38414062e-08,2.00535938e-01
-5.38014062e-08,2.00473438e-01
-5.37614062e-08,2.00523438e-01
-5.37214062e-08,2.00479688e-01
-5.36814062e-08,2.00518750e-01
-5.36414062e-08,2.00481250e-01
-5.36014062e-08,2.00520313e-01
-5.35614062e-08,2.00478125e-01
-5.35214062e-08,2.00523438e-01
-5.34814062e-08,2.00471875e-01
-5.34414062e-08,2.00537500e-01
-5.34014062e-08,2.00437500e-01
-5.33614062e-08,2.00715625e-01
-5.33214062e-08,2.00945313e-01
-5.32814062e-08,2.00878125e-01
-5.32414062e-08,2.00910937e-01
-5.32014062e-08,2.00893750e-01
-5.31614063e-08,2.00901563e-01
-5.31214062e-08,2.00901563e-01
-5.30814062e-08,2.00895313e-01
-5.30414062e-08,2.00909375e-01
-5.30014062e-08,2.00884375e-01
-5.29614062e-08,2.00926563e-01
-5.29214062e-08,2.00848438e-01
-5.28814062e-08,2.01106250e-01
-5.28414062e-08,2.01354688e-01
-5.28014062e-08,2.01270312e-01
-5.27614062e-08,2.01318750e-01
-5.27214062e-08,2.01289063e-01
-5.26814062e-08,2.01303125e-01
-5.26414062e-08,2.01307813e-01
-5.26014062e-08,2.01265625e-01
-5.25614062e-08,2.01487500e-01
-5.25214062e-08,2.01775000e-01
-5.24814062e-08,2.01646875e-01
-5.24414062e-08,2.01745312e-01
-5.24014062e-08,2.01654688e-01
-5.23614062e-08,2.01750000e-01
-5.23214062e-08,2.01628125e-01
-5.22814062e-08,2.01923437e-01
-5.22414062e-08,2.02142188e-01
-5.22014062e-08,2.02079687e-01
-5.21614062e-08,2.02114062e-01
-5.21214062e-08,2.02085938e-01
-5.20814062e-08,2.02120313e-01
-5.20414062e-08,2.02056250e-01
-5.20014062e-08,2.02293750e-01
-5.19614062e-08,2.02570313e-01
-5.19214062e-08,2.02450000e-01
-5.18814062e-08,2.02543750e-01
-5.18414062e-08,2.02454688e-01
-5.18014062e-08,2.02551563e-01
-5.17614062e-08,2.02425000e-01
-5.17214062e-08,2.02728125e-01
-5.16814062e-08,2.02934375e-01
-5.16414062e-08,2.02889062e-01
-5.16014062e-08,2.02900000e-01
-5.15614062e-08,2.02904688e-01
-5.15214062e-08,2.02890625e-01
-5.14814062e-08,2.02914063e-01
-5.14414062e-08,2.02879688e-01
-5.14014062e-08,2.02931250e-01
-5.13614062e-08,2.02842187e-01
-5.13214062e-08,2.03110938e-01
-5.12814062e-08,2.03351562e-01
-5.12414063e-08,2.03273438e-01
-5.12014062e-08,2.03317187e-01
-5.11614062e-08,2.03287500e-01
-5.11214062e-08,2.03309375e-01
-5.10814062e-08,2.03293750e-01
-5.10414062e-08,2.03304687e-01
-5.10014062e-08,2.03296875e-01
-5.09614063e-08,2.03303125e-01
-5.09214062e-08,2.03298438e-01
-5.08814062e-08,2.03301563e-01
-5.08414062e-08,2.03300000e-01
-5.08014062e-08,2.03300000e-01
-5.07614062e-08,2.03300000e-01
-5.07214062e-08,2.03298438e-01
-5.06814062e-08,2.03301563e-01
-5.06414062e-08,2.03298438e-01
-5.06014062e-08,2.03303125e-01
-5.05614062e-08,2.03296875e-01
-5.05214062e-08,2.03303125e-01
-5.04814062e-08,2.03296875e-01
-5.04414062e-08,2.03304687e-01
-5.04014062e-08,2.03295313e-01
-5.03614062e-08,2.03304687e-01
-5.03214062e-08,2.03293750e-01
-5.02814062e-08,2.03306250e-01
-5.02414062e-08,2.03293750e-01
-5.02014062e-08,2.03307813e-01
-5.01614062e-08,2.03292187e-01
-5.01214062e-08,2.03309375e-01
-5.00814062e-08,2.03290625e-01
-5.00414062e-08,2.03310938e-01
-5.00014062e-08,2.03287500e-01
-4.99614062e-08,2.03315625e-01
-4.99214062e-08,2.03281250e-01
-4.98814062e-08,2.03323438e-01
-4.98414062e-08,2.03265625e-01
-4.98014062e-08,2.03359375e-01
-4.97614062e-08,2.03087500e-01
-4.97214062e-08,2.02851562e-01
-4.96814062e-08,2.02925000e-01
-4.96414062e-08,2.02885938e-01
-4.96014062e-08,2.02907813e-01
-4.95614062e-08,2.02895313e-01
-4.95214062e-08,2.02900000e-01
-4.94814062e-08,2.02903125e-01
-4.94414062e-08,2.02892188e-01
-4.94014062e-08,2.02912500e-01
-4.93614062e-08,2.02876562e-01
-4.93214063e-08,2.02948438e-01
-4.92814062e-08,2.02696875e-01
-4.92414062e-08,2.02440625e-01
-4.92014062e-08,2.02535938e-01
-4.91614062e-08,2.02475000e-01
-4.91214062e-08,2.02520313e-01
-4.90814062e-08,2.02482812e-01
-4.90414063e-08,2.02515625e-01
-4.90014062e-08,2.02487500e-01
-4.89614062e-08,2.02512500e-01
-4.89214062e-08,2.02489063e-01
-4.88814062e-08,2.02510938e-01
-4.88414062e-08,2.02490625e-01
-4.88014062e-08,2.02509375e-01
-4.87614063e-08,2.02490625e-01
-4.87214062e-08,2.02509375e-01
-4.86814062e-08,2.02492188e-01
-4.86414062e-08,2.02507812e-01
-4.86014062e-08,2.02492188e-01
-4.85614062e-08,2.02507812e-01
-4.85214062e-08,2.02492188e-01
-4.84814062e-08,2.02507812e-01
-4.84414062e-08,2.02490625e-01
-4.84014062e-08,2.02509375e-01
-4.83614062e-08,2.02489063e-01
-4.83214062e-08,2.02510938e-01
-4.82814062e-08,2.02487500e-01
-4.82414062e-08,2.02515625e-01
-4.82014062e-08,2.02479688e-01
-4.81614062e-08,2.02529687e-01
-4.81214062e-08,2.02445313e-01
-4.80814062e-08,2.02706250e-01
-4.80414062e-08,2.02956250e-01
-4.80014062e-08,2.02867188e-01
-4.79614062e-08,2.02925000e-01
-4.79214062e-08,2.02879688e-01
-4.78814062e-08,2.02918750e-01
-4.78414062e-08,2.02879688e-01
-4.78014062e-08,2.02921875e-01
-4.77614062e-08,2.02875000e-01
-4.77214062e-08,2.02934375e-01
-4.76814062e-08,2.02842187e-01
-4.76414062e-08,2.03110938e-01
-4.76014062e-08,2.03353125e-01
-4.75614062e-08,2.03270312e-01
-4.75214062e-08,2.03320313e-01
-4.74814062e-08,2.03284375e-01
-4.74414062e-08,2.03314063e-01
-4.74014063e-08,2.03287500e-01
-4.73614062e-08,2.03310938e-01
-4.73214062e-08,2.03289063e-01
-4.72814062e-08,2.03312500e-01
-4.72414062e-08,2.03285938e-01
-4.72014062e-08,2.03315625e-01
-4.71614062e-08,2.03279688e-01
-4.71214063e-08,2.03329688e-01
-4.70814062e-08,2.03246875e-01
-4.70414062e-08,2.03506250e-01
-4.70014062e-08,2.03757812e-01
-4.69614062e-08,2.03665625e-01
-4.69214062e-08,2.03725000e-01
-4.68814062e-08,2.03678125e-01
-4.68414063e-08,2.03720313e-01
-4.68014062e-08,2.03679688e-01
-4.67614062e-08,2.03720313e-01
-4.67214062e-08,2.03678125e-01
-4.66814062e-08,2.03726563e-01
-4.66414062e-08,2.03664063e-01
-4.66014062e-08,2.03760938e-01
-4.65614063e-08,2.03487500e-01
-4.65214062e-08,2.03250000e-01
-4.64814062e-08,2.03325000e-01
-4.64414062e-08,2.03284375e-01
-4.64014062e-08,2.03310938e-01
-4.63614062e-08,2.03292187e-01
-4.63214062e-08,2.03306250e-01
-4.62814062e-08,2.03295313e-01
-4.62414062e-08,2.03303125e-01
-4.62014062e-08,2.03296875e-01
-4.61614062e-08,2.03301563e-01
-4.61214062e-08,2.03298438e-01
-4.60814062e-08,2.03300000e-01
-4.60414062e-08,2.03300000e-01
-4.60014062e-08,2.03298438e-01
-4.59614062e-08,2.03301563e-01
-4.59214062e-08,2.03296875e-01
-4.58814062e-08,2.03304687e-01
-4.58414062e-08,2.03293750e-01
-4.58014062e-08,2.03307813e-01
-4.57614062e-08,2.03289063e-01
-4.57214062e-08,2.03315625e-01
-4.56814062e-08,2.03273438e-01
-4.56414062e-08,2.03350000e-01
-4.56014062e-08,2.03096875e-01
-4.55614062e-08,2.02842187e-01
-4.55214062e-08,2.02934375e-01
-4.54814063e-08,2.02875000e-01
-4.54414062e-08,2.02920313e-01
-4.54014062e-08,2.02881250e-01
-4.53614062e-08,2.02915625e-01
-4.53214062e-08,2.02884375e-01
-4.52814062e-08,2.02914063e-01
-4.52414062e-08,2.02885938e-01
-4.52014063e-08,2.02914063e-01
-4.51614062e-08,2.02885938e-01
-4.51214062e-08,2.02915625e-01
-4.50814062e-08,2.02882813e-01
-4.50414062e-08,2.02920313e-01
-4.50014062e-08,2.02875000e-01
-4.49614062e-08,2.02934375e-01
-4.49214063e-08,2.02842187e-01
-4.48814062e-08,2.03110938e-01
-4.48414062e-08,2.03351562e-01
-4.48014062e-08,2.03271875e-01
-4.47614062e-08,2.03318750e-01
-4.47214062e-08,2.03285938e-01
-4.46814062e-08,2.03310938e-01
-4.46414063e-08,2.03290625e-01
-4.46014062e-08,2.03309375e-01
-4.45614062e-08,2.03292187e-01
-4.45214062e-08,2.03307813e-01
-4.44814062e-08,2.03292187e-01
-4.44414062e-08,2.03306250e-01
-4.44014062e-08,2.03293750e-01
-4.43614063e-08,2.03306250e-01
-4.43214062e-08,2.03292187e-01
-4.42814062e-08,2.03307813e-01
-4.42414062e-08,2.03292187e-01
-4.42014062e-08,2.03309375e-01
-4.41614062e-08,2.03290625e-01
-4.41214062e-08,2.03310938e-01
-4.40814062e-08,2.03285938e-01
-4.40414062e-08,2.03317187e-01
-4.40014062e-08,2.03278125e-01
-4.39614062e-08,2.03331250e-01
-4.39214062e-08,2.03243750e-01
-4.38814062e-08,2.03509375e-01
-4.38414062e-08,2.03753125e-01
-4.38014062e-08,2.03670313e-01
-4.37614062e-08,2.03720313e-01
-4.37214062e-08,2.03685937e-01
-4.36814062e-08,2.03710938e-01
-4.36414062e-08,2.03690625e-01
-4.36014062e-08,2.03707813e-01
-4.35614063e-08,2.03693750e-01
-4.35214062e-08,2.03706250e-01
-4.34814062e-08,2.03695313e-01
-4.34414062e-08,2.03703125e-01
-4.34014062e-08,2.03696875e-01
-4.33614062e-08,2.03701563e-01
-4.33214062e-08,2.03698437e-01
-4.32814063e-08,2.03700000e-01
-4.32414062e-08,2.03700000e-01
-4.32014062e-08,2.03698437e-01
-4.31614062e-08,2.03703125e-01
-4.31214062e-08,2.03695313e-01
-4.30814062e-08,2.03706250e-01
-4.30414062e-08,2.03690625e-01
-4.30014063e-08,2.03714063e-01
-4.29614062e-08,2.03675000e-01
-4.29214062e-08,2.03750000e-01
-4.28814062e-08,2.03496875e-01
-4.28414062e-08,2.03240625e-01
-4.28014062e-08,2.03335938e-01
-4.27614062e-08,2.03273438e-01
-4.27214063e-08,2.03321875e-01
-4.26814062e-08,2.03281250e-01
-4.26414062e-08,2.03317187e-01
-4.26014062e-08,2.03284375e-01
-4.25614062e-08,2.03314063e-01
-4.25214062e-08,2.03285938e-01
-4.24814062e-08,2.03312500e-01
-4.24414063e-08,2.03287500e-01
-4.24014062e-08,2.03312500e-01
-4.23614062e-08,2.03287500e-01
-4.23214062e-08,2.03312500e-01
-4.22814062e-08,2.03287500e-01
-4.22414062e-08,2.03314063e-01
-4.22014062e-08,2.03285938e-01
-4.21614062e-08,2.03314063e-01
-4.21214062e-08,2.03284375e-01
-4.20814062e-08,2.03317187e-01
-4.20414062e-08,2.03279688e-01
-4.20014062e-08,2.03325000e-01
-4.19614062e-08,2.03265625e-01
-4.19214062e-08,2.03359375e-01
-4.18814062e-08,2.03087500e-01
-4.18414062e-08,2.02850000e-01
-4.18014062e-08,2.02926563e-01
-4.17614062e-08,2.02882813e-01
-4.17214062e-08,2.02912500e-01
-4.16814062e-08,2.02890625e-01
-4.16414063e-08,2.02907813e-01
-4.16014062e-08,2.02893750e-01
-4.15614062e-08,2.02906250e-01
-4.15214062e-08,2.02895313e-01
-4.14814062e-08,2.02904688e-01
-4.14414062e-08,2.02895313e-01
-4.14014062e-08,2.02904688e-01
-4.13614063e-08,2.02895313e-01
-4.13214062e-08,2.02904688e-01
-4.12814062e-08,2.02895313e-01
-4.12414062e-08,2.02904688e-01
-4.12014062e-08,2.02893750e-01
-4.11614062e-08,2.02906250e-01
-4.11214062e-08,2.02892188e-01
-4.10814063e-08,2.02909375e-01
-4.10414062e-08,2.02887500e-01
-4.10014062e-08,2.02917188e-01
-4.09614062e-08,2.02873438e-01
-4.09214062e-08,2.02951563e-01
-4.08814062e-08,2.02695313e-01
-4.08414062e-08,2.02442188e-01
-4.08014063e-08,2.02534375e-01
-4.07614062e-08,2.02475000e-01
-4.07214062e-08,2.02520313e-01
-4.06814062e-08,2.02482812e-01
-4.06414062e-08,2.02515625e-01
-4.06014062e-08,2.02485938e-01
-4.05614062e-08,2.02514063e-01
-4.05214063e-08,2.02487500e-01
-4.04814062e-08,2.02512500e-01
-4.04414062e-08,2.02487500e-01
-4.04014062e-08,2.02512500e-01
-4.03614062e-08,2.02485938e-01
-4.03214062e-08,2.02514063e-01
-4.02814062e-08,2.02484375e-01
-4.02414063e-08,2.02517188e-01
-4.02014062e-08,2.02479688e-01
-4.01614062e-08,2.02525000e-01
-4.01214062e-08,2.02467188e-01
-4.00814062e-08,2.02557813e-01
-4.00414062e-08,2.02289063e-01
-4.00014062e-08,2.02048438e-01
-3.99614062e-08,2.02128125e-01
-3.99214062e-08,2.02081250e-01
-3.98814062e-08,2.02115625e-01
-3.98414062e-08,2.02087500e-01
-3.98014062e-08,2.02110938e-01
-3.97614062e-08,2.02089062e-01
-3.97214063e-08,2.02110938e-01
-3.96814062e-08,2.02089062e-01
-3.96414062e-08,2.02112500e-01
-3.96014062e-08,2.02084375e-01
-3.95614062e-08,2.02120313e-01
-3.95214062e-08,2.02070313e-01
-3.94814062e-08,2.02153125e-01
-3.94414063e-08,2.01893750e-01
-3.94014062e-08,2.01643750e-01
-3.93614062e-08,2.01732812e-01
-3.93214062e-08,2.01676563e-01
-3.92814062e-08,2.01718750e-01
-3.92414062e-08,2.01684375e-01
-3.92014062e-08,2.01714063e-01
-3.91614063e-08,2.01687500e-01
-3.91214062e-08,2.01710938e-01
-3.90814062e-08,2.01689063e-01
-3.90414062e-08,2.01709375e-01
-3.90014062e-08,2.01690625e-01
-3.89614062e-08,2.01709375e-01
-3.89214062e-08,2.01690625e-01
-3.88814063e-08,2.01709375e-01
-3.88414062e-08,2.01690625e-01
-3.88014062e-08,2.01707812e-01
-3.87614062e-08,2.01692188e-01
-3.87214062e-08,2.01707812e-01
-3.86814062e-08,2.01692188e-01
-3.86414062e-08,2.01707812e-01
-3.86014063e-08,2.01692188e-01
-3.85614062e-08,2.01707812e-01
-3.85214062e-08,2.01692188e-01
-3.84814062e-08,2.01709375e-01
-3.84414062e-08,2.01690625e-01
-3.84014062e-08,2.01709375e-01
-3.83614062e-08,2.01690625e-01
-3.83214063e-08,2.01709375e-01
-3.82814062e-08,2.01690625e-01
-3.82414062e-08,2.01709375e-01
-3.82014062e-08,2.01690625e-01
-3.81614062e-08,2.01710938e-01
-3.81214062e-08,2.01689063e-01
-3.80814062e-08,2.01712500e-01
-3.80414063e-08,2.01687500e-01
-3.80014062e-08,2.01714063e-01
-3.79614062e-08,2.01684375e-01
-3.79214062e-08,2.01717188e-01
-3.78814062e-08,2.01679688e-01
-3.78414062e-08,2.01725000e-01
-3.78014063e-08,2.01665625e-01
-3.77614062e-08,2.01759375e-01
-3.77214062e-08,2.01487500e-01
-3.76814062e-08,2.01250000e-01
-3.76414062e-08,2.01326563e-01
-3.76014062e-08,2.01282813e-01
-3.75614062e-08,2.01312500e-01
-3.75214063e-08,2.01290625e-01
-3.74814062e-08,2.01307813e-01
-3.74414062e-08,2.01293750e-01
-3.74014062e-08,2.01304687e-01
-3.73614062e-08,2.01295313e-01
-3.73214062e-08,2.01304687e-01
-3.72814062e-08,2.01295313e-01
-3.72414063e-08,2.01304687e-01
-3.72014062e-08,2.01293750e-01
-3.71614062e-08,2.01307813e-01
-3.71214062e-08,2.01289063e-01
-3.70814062e-08,2.01315625e-01
-3.70414062e-08,2.01276563e-01
-3.70014062e-08,2.01348438e-01
-3.69614063e-08,2.01098438e-01
-3.69214062e-08,2.00839062e-01
-3.68814062e-08,2.00939063e-01
-3.68414062e-08,2.00870313e-01
-3.68014062e-08,2.00925000e-01
-3.67614062e-08,2.00876563e-01
-3.67214062e-08,2.00921875e-01
-3.66814063e-08,2.00878125e-01
-3.66414062e-08,2.00921875e-01
-3.66014062e-08,2.00876563e-01
-3.65614062e-08,2.00925000e-01
-3.65214062e-08,2.00873438e-01
-3.64814062e-08,2.00931250e-01
-3.64414062e-08,2.00859375e-01
-3.64014063e-08,2.00965625e-01
-3.63614062e-08,2.00681250e-01
-3.63214062e-08,2.00456250e-01
-3.62814062e-08,2.00518750e-01
-3.62414062e-08,2.00490625e-01
-3.62014062e-08,2.00504688e-01
-3.61614062e-08,2.00498438e-01
-3.61214063e-08,2.00498438e-01
-3.60814062e-08,2.00503125e-01
-3.60414062e-08,2.00496875e-01
-3.60014062e-08,2.00504688e-01
-3.59614062e-08,2.00493750e-01
-3.59214062e-08,2.00507812e-01
-3.58814063e-08,2.00492188e-01
-3.58414063e-08,2.00509375e-01
-3.58014062e-08,2.00489063e-01
-3.57614062e-08,2.00512500e-01
-3.57214062e-08,2.00485938e-01
-3.56814062e-08,2.00515625e-01
-3.56414062e-08,2.00482812e-01
-3.56014063e-08,2.00521875e-01
-3.55614062e-08,2.00473438e-01
-3.55214062e-08,2.00537500e-01
-3.54814062e-08,2.00437500e-01
-3.54414062e-08,2.00715625e-01
-3.54014062e-08,2.00945313e-01
-3.53614062e-08,2.00878125e-01
-3.53214063e-08,2.00910937e-01
-3.52814062e-08,2.00895313e-01
-3.52414062e-08,2.00901563e-01
-3.52014062e-08,2.00903125e-01
-3.51614062e-08,2.00893750e-01
-3.51214062e-08,2.00910937e-01
-3.50814062e-08,2.00884375e-01
-3.50414063e-08,2.00926563e-01
-3.50014062e-08,2.00848438e-01
-3.49614062e-08,2.01104688e-01
-3.49214062e-08,2.01357813e-01
-3.48814062e-08,2.01267187e-01
-3.48414062e-08,2.01325000e-01
-3.48014062e-08,2.01279687e-01
-3.47614063e-08,2.01320313e-01
-3.47214062e-08,2.01278125e-01
-3.46814062e-08,2.01328125e-01
-3.46414062e-08,2.01248438e-01
-3.46014062e-08,2.01501563e-01
-3.45614062e-08,2.01764063e-01
-3.45214062e-08,2.01657813e-01
-3.44814063e-08,2.01737500e-01
-3.44414062e-08,2.01660937e-01
-3.44014062e-08,2.01746875e-01
-3.43614062e-08,2.01629688e-01
-3.43214062e-08,2.01923437e-01
-3.42814062e-08,2.02137500e-01
-3.42414062e-08,2.02087500e-01
-3.42014063e-08,2.02101562e-01
-3.41614062e-08,2.02107813e-01
-3.41214062e-08,2.02084375e-01
-3.40814062e-08,2.02128125e-01
-3.40414062e-08,2.02045313e-01
-3.40014062e-08,2.02309375e-01
-3.39614063e-08,2.02551563e-01
-3.39214063e-08,2.02475000e-01
-3.38814062e-08,2.02512500e-01
-3.38414062e-08,2.02495312e-01
-3.38014062e-08,2.02496875e-01
-3.37614062e-08,2.02515625e-01
-3.37214062e-08,2.02457813e-01
-3.36814063e-08,2.02696875e-01
-3.36414063e-08,2.02964063e-01
-3.36014062e-08,2.02860938e-01
-3.35614062e-08,2.02929688e-01
-3.35214062e-08,2.02876562e-01
-3.34814062e-08,2.02920313e-01
-3.34414062e-08,2.02882813e-01
-3.34014063e-08,2.02915625e-01
-3.33614062e-08,2.02885938e-01
-3.33214062e-08,2.02912500e-01
-3.32814062e-08,2.02887500e-01
-3.32414062e-08,2.02910937e-01
-3.32014062e-08,2.02889062e-01
-3.31614062e-08,2.02909375e-01
-3.31214063e-08,2.02890625e-01
-3.30814062e-08,2.02909375e-01
-3.30414062e-08,2.02892188e-01
-3.30014062e-08,2.02907813e-01
-3.29614062e-08,2.02892188e-01
-3.29214062e-08,2.02907813e-01
-3.28814062e-08,2.02892188e-01
-3.28414063e-08,2.02907813e-01
-3.28014062e-08,2.02892188e-01
-3.27614062e-08,2.02906250e-01
-3.27214062e-08,2.02893750e-01
-3.26814062e-08,2.02906250e-01
-3.26414062e-08,2.02893750e-01
-3.26014062e-08,2.02907813e-01
-3.25614063e-08,2.02892188e-01
-3.25214062e-08,2.02907813e-01
-3.24814062e-08,2.02892188e-01
-3.24414062e-08,2.02909375e-01
-3.24014062e-08,2.02889062e-01
-3.23614062e-08,2.02912500e-01
-3.23214063e-08,2.02885938e-01
-3.22814063e-08,2.02918750e-01
-3.22414062e-08,2.02871875e-01
-3.22014062e-08,2.02953125e-01
-3.21614062e-08,2.02693750e-01
-3.21214062e-08,2.02442188e-01
-3.20814062e-08,2.02534375e-01
-3.20414063e-08,2.02475000e-01
-3.20014063e-08,2.02521875e-01
-3.19614062e-08,2.02481250e-01
-3.19214062e-08,2.02518750e-01
-3.18814062e-08,2.02481250e-01
-3.18414062e-08,2.02518750e-01
-3.18014062e-08,2.02478125e-01
-3.17614063e-08,2.02526563e-01
-3.17214063e-08,2.02464063e-01
-3.16814062e-08,2.02559375e-01
-3.16414062e-08,2.02287500e-01
-3.16014062e-08,2.02050000e-01
-3.15614062e-08,2.02125000e-01
-3.15214062e-08,2.02082813e-01
-3.14814063e-08,2.02110938e-01
-3.14414063e-08,2.02090625e-01
-3.14014062e-08,2.02106250e-01
-3.13614062e-08,2.02095313e-01
-3.13214062e-08,2.02104688e-01
-3.12814062e-08,2.02096875e-01
-3.12414062e-08,2.02101562e-01
-3.12014063e-08,2.02098438e-01
-3.11614062e-08,2.02101562e-01
-3.11214062e-08,2.02100000e-01
-3.10814062e-08,2.02100000e-01
-3.10414062e-08,2.02100000e-01
-3.10014062e-08,2.02098438e-01
-3.09614062e-08,2.02101562e-01
-3.09214063e-08,2.02098438e-01
-3.08814062e-08,2.02103125e-01
-3.08414062e-08,2.02096875e-01
-3.08014062e-08,2.02104688e-01
-3.07614062e-08,2.02095313e-01
-3.07214062e-08,2.02106250e-01
-3.06814062e-08,2.02092188e-01
-3.06414063e-08,2.02109375e-01
-3.06014062e-08,2.02089062e-01
-3.05614062e-08,2.02114062e-01
-3.05214062e-08,2.02081250e-01
-3.04814062e-08,2.02129688e-01
-3.04414062e-08,2.02045313e-01
-3.04014063e-08,2.02307813e-01
-3.03614063e-08,2.02554687e-01
-3.03214062e-08,2.02468750e-01
-3.02814062e-08,2.02521875e-01
-3.02414062e-08,2.02482812e-01
-3.02014062e-08,2.02514063e-01
-3.01614062e-08,2.02489063e-01
-3.01214063e-08,2.02509375e-01
-3.00814063e-08,2.02490625e-01
-3.00414062e-08,2.02507812e-01
-3.00014062e-08,2.02492188e-01
-2.99614062e-08,2.02506250e-01
-2.99214062e-08,2.02493750e-01
-2.98814062e-08,2.02506250e-01
-2.98414063e-08,2.02493750e-01
-2.98014062e-08,2.02504688e-01
-2.97614062e-08,2.02495312e-01
-2.97214062e-08,2.02504688e-01
-2.96814062e-08,2.02495312e-01
-2.96414062e-08,2.02504688e-01
-2.96014062e-08,2.02495312e-01
-2.95614062e-08,2.02504688e-01
-2.95214062e-08,2.02495312e-01
-2.94814062e-08,2.02504688e-01
-2.94414062e-08,2.02495312e-01
-2.94014062e-08,2.02506250e-01
-2.93614062e-08,2.02493750e-01
-2.93214062e-08,2.02506250e-01
-2.92814062e-08,2.02492188e-01
-2.92414062e-08,2.02509375e-01
-2.92014062e-08,2.02487500e-01
-2.91614062e-08,2.02517188e-01
-2.91214062e-08,2.02473438e-01
-2.90814062e-08,2.02551563e-01
-2.90414062e-08,2.02296875e-01
-2.90014062e-08,2.02040625e-01
-2.89614062e-08,2.02135938e-01
-2.89214062e-08,2.02073438e-01
-2.88814062e-08,2.02121875e-01
-2.88414062e-08,2.02079687e-01
-2.88014062e-08,2.02118750e-01
-2.87614062e-08,2.02081250e-01
-2.87214062e-08,2.02118750e-01
-2.86814062e-08,2.02079687e-01
-2.86414062e-08,2.02121875e-01
-2.86014062e-08,2.02075000e-01
-2.85614062e-08,2.02129688e-01
-2.85214062e-08,2.02060938e-01
-2.84814062e-08,2.02164063e-01
-2.84414062e-08,2.01882813e-01
-2.84014062e-08,2.01654688e-01
-2.83614062e-08,2.01720312e-01
-2.83214062e-08,2.01689063e-01
-2.82814062e-08,2.01706250e-01
-2.82414062e-08,2.01698437e-01
-2.82014062e-08,2.01698437e-01
-2.81614062e-08,2.01703125e-01
-2.81214062e-08,2.01693750e-01
-2.80814062e-08,2.01709375e-01
-2.80414062e-08,2.01687500e-01
-2.80014062e-08,2.01718750e-01
-2.79614062e-08,2.01670313e-01
-2.79214062e-08,2.01754688e-01
-2.78814062e-08,2.01492188e-01
-2.78414062e-08,2.01246875e-01
-2.78014062e-08,2.01329688e-01
-2.77614062e-08,2.01279687e-01
-2.77214062e-08,2.01314063e-01
-2.76814062e-08,2.01289063e-01
-2.76414062e-08,2.01307813e-01
-2.76014062e-08,2.01293750e-01
-2.75614062e-08,2.01304687e-01
-2.75214062e-08,2.01296875e-01
-2.74814062e-08,2.01303125e-01
-2.74414062e-08,2.01298438e-01
-2.74014062e-08,2.01300000e-01
-2.73614062e-08,2.01301563e-01
-2.73214062e-08,2.01298438e-01
-2.72814062e-08,2.01303125e-01
-2.72414062e-08,2.01295313e-01
-2.72014062e-08,2.01307813e-01
-2.71614062e-08,2.01290625e-01
-2.71214062e-08,2.01312500e-01
-2.70814062e-08,2.01281250e-01
-2.70414062e-08,2.01328125e-01
-2.70014062e-08,2.01246875e-01
-2.69614062e-08,2.01507812e-01
-2.69214062e-08,2.01754688e-01
-2.68814062e-08,2.01670313e-01
-2.68414062e-08,2.01720312e-01
-2.68014062e-08,2.01685938e-01
-2.67614062e-08,2.01710938e-01
-2.67214062e-08,2.01692188e-01
-2.66814062e-08,2.01704688e-01
-2.66414062e-08,2.01696875e-01
-2.66014062e-08,2.01700000e-01
-2.65614063e-08,2.01704688e-01
-2.65214062e-08,2.01690625e-01
-2.64814062e-08,2.01720312e-01
-2.64414062e-08,2.01654688e-01
-2.64014062e-08,2.01898437e-01
-2.63614062e-08,2.02164063e-01
-2.63214062e-08,2.02059375e-01
-2.62814062e-08,2.02131250e-01
-2.62414062e-08,2.02071875e-01
-2.62014062e-08,2.02125000e-01
-2.61614062e-08,2.02075000e-01
-2.61214062e-08,2.02126562e-01
-2.60814062e-08,2.02070313e-01
-2.60414062e-08,2.02137500e-01
-2.60014062e-08,2.02039063e-01
-2.59614062e-08,2.02314063e-01
-2.59214062e-08,2.02550000e-01
-2.58814062e-08,2.02473438e-01
-2.58414062e-08,2.02518750e-01
-2.58014062e-08,2.02484375e-01
-2.57614062e-08,2.02512500e-01
-2.57214062e-08,2.02487500e-01
-2.56814062e-08,2.02512500e-01
-2.56414062e-08,2.02485938e-01
-2.56014063e-08,2.02517188e-01
-2.55614062e-08,2.02478125e-01
-2.55214062e-08,2.02531250e-01
-2.54814062e-08,2.02443750e-01
-2.54414062e-08,2.02709375e-01
-2.54014062e-08,2.02953125e-01
-2.53614062e-08,2.02871875e-01
-2.53214062e-08,2.02918750e-01
-2.52814062e-08,2.02885938e-01
-2.52414062e-08,2.02910937e-01
-2.52014062e-08,2.02892188e-01
-2.51614062e-08,2.02906250e-01
-2.51214062e-08,2.02895313e-01
-2.50814062e-08,2.02903125e-01
-2.50414062e-08,2.02898438e-01
-2.50014062e-08,2.02898438e-01
-2.49614062e-08,2.02903125e-01
-2.49214062e-08,2.02892188e-01
-2.48814062e-08,2.02912500e-01
-2.48414062e-08,2.02876562e-01
-2.48014062e-08,2.02948438e-01
-2.47614062e-08,2.02698437e-01
-2.47214062e-08,2.02439063e-01
-2.46814062e-08,2.02537500e-01
-2.46414063e-08,2.02473438e-01
-2.46014062e-08,2.02521875e-01
-2.45614062e-08,2.02481250e-01
-2.45214062e-08,2.02517188e-01
-2.44814062e-08,2.02484375e-01
-2.44414062e-08,2.02514063e-01
-2.44014062e-08,2.02487500e-01
-2.43614062e-08,2.02512500e-01
-2.43214062e-08,2.02489063e-01
-2.42814062e-08,2.02510938e-01
-2.42414062e-08,2.02490625e-01
-2.42014062e-08,2.02509375e-01
-2.41614062e-08,2.02490625e-01
-2.41214062e-08,2.02507812e-01
-2.40814062e-08,2.02492188e-01
-2.40414062e-08,2.02507812e-01
-2.40014062e-08,2.02492188e-01
-2.39614062e-08,2.02506250e-01
-2.39214062e-08,2.02493750e-01
-2.38814062e-08,2.02506250e-01
-2.38414062e-08,2.02495312e-01
-2.38014062e-08,2.02504688e-01
-2.37614062e-08,2.02495312e-01
-2.37214062e-08,2.02503125e-01
-2.36814063e-08,2.02496875e-01
-2.36414062e-08,2.02501563e-01
-2.36014062e-08,2.02500000e-01
-2.35614062e-08,2.02498438e-01
-2.35214062e-08,2.02504688e-01
-2.34814062e-08,2.02490625e-01
-2.34414062e-08,2.02518750e-01
-2.34014063e-08,2.02456250e-01
-2.33614062e-08,2.02696875e-01
-2.33214062e-08,2.02965625e-01
-2.32814062e-08,2.02857813e-01
-2.32414062e-08,2.02932813e-01
-2.32014062e-08,2.02871875e-01
-2.31614062e-08,2.02925000e-01
-2.31214062e-08,2.02876562e-01
-2.30814062e-08,2.02921875e-01
-2.30414062e-08,2.02878125e-01
-2.30014062e-08,2.02921875e-01
-2.29614062e-08,2.02878125e-01
-2.29214062e-08,2.02921875e-01
-2.28814062e-08,2.02876562e-01
-2.28414062e-08,2.02925000e-01
-2.28014062e-08,2.02871875e-01
-2.27614062e-08,2.02932813e-01
-2.27214063e-08,2.02857813e-01
-2.26814062e-08,2.02967188e-01
-2.26414062e-08,2.02679688e-01
-2.26014062e-08,2.02459375e-01
-2.25614062e-08,2.02517188e-01
-2.25214062e-08,2.02492188e-01
-2.24814062e-08,2.02501563e-01
-2.24414063e-08,2.02501563e-01
-2.24014062e-08,2.02495312e-01
-2.23614062e-08,2.02506250e-01
-2.23214062e-08,2.02490625e-01
-2.22814062e-08,2.02510938e-01
-2.22414062e-08,2.02484375e-01
-2.22014062e-08,2.02520313e-01
-2.21614062e-08,2.02468750e-01
-2.21214062e-08,2.02556250e-01
-2.20814062e-08,2.02290625e-01
-2.20414062e-08,2.02046875e-01
-2.20014062e-08,2.02129688e-01
-2.19614062e-08,2.02079687e-01
-2.19214062e-08,2.02115625e-01
-2.18814062e-08,2.02087500e-01
-2.18414062e-08,2.02110938e-01
-2.18014062e-08,2.02090625e-01
-2.17614063e-08,2.02109375e-01
-2.17214062e-08,2.02090625e-01
-2.16814062e-08,2.02109375e-01
-2.16414062e-08,2.02090625e-01
-2.16014062e-08,2.02110938e-01
-2.15614062e-08,2.02085938e-01
-2.15214062e-08,2.02118750e-01
-2.14814063e-08,2.02073438e-01
-2.14414062e-08,2.02151562e-01
-2.14014062e-08,2.01895313e-01
-2.13614062e-08,2.01642188e-01
-2.13214062e-08,2.01735938e-01
-2.12814062e-08,2.01673437e-01
-2.12414062e-08,2.01721875e-01
-2.12014063e-08,2.01681250e-01
-2.11614062e-08,2.01717188e-01
-2.11214062e-08,2.01682813e-01
-2.10814062e-08,2.01717188e-01
-2.10414062e-08,2.01682813e-01
-2.10014062e-08,2.01717188e-01
-2.09614062e-08,2.01682813e-01
-2.09214062e-08,2.01718750e-01
-2.08814062e-08,2.01679688e-01
-2.08414062e-08,2.01721875e-01
-2.08014063e-08,2.01675000e-01
-2.07614062e-08,2.01731250e-01
-2.07214062e-08,2.01659375e-01
-2.06814062e-08,2.01765625e-01
-2.06414062e-08,2.01479688e-01
-2.06014062e-08,2.01257813e-01
-2.05614062e-08,2.01317187e-01
-2.05214063e-08,2.01293750e-01
-2.04814062e-08,2.01300000e-01
-2.04414062e-08,2.01304687e-01
-2.04014062e-08,2.01289063e-01
-2.03614062e-08,2.01317187e-01
-2.03214062e-08,2.01271875e-01
-2.02814062e-08,2.01354688e-01
-2.02414063e-08,2.01090625e-01
-2.02014062e-08,2.00848438e-01
-2.01614062e-08,2.00926563e-01
-2.01214062e-08,2.00885938e-01
-2.00814062e-08,2.00906250e-01
-2.00414062e-08,2.00901563e-01
-2.00014062e-08,2.00887500e-01
-1.99614062e-08,2.00939063e-01
-1.99214062e-08,2.00707812e-01
-1.98814062e-08,2.00429688e-01
-1.98414063e-08,2.00545313e-01
-1.98014062e-08,2.00462500e-01
-1.97614062e-08,2.00534375e-01
-1.97214062e-08,2.00467188e-01
-1.96814062e-08,2.00535938e-01
-1.96414062e-08,2.00456250e-01
-1.96014062e-08,2.00567188e-01
-1.95614063e-08,2.00281250e-01
-1.95214062e-08,2.00056250e-01
-1.94814062e-08,2.00120313e-01
-1.94414062e-08,2.00087500e-01
-1.94014062e-08,2.00107813e-01
-1.93614062e-08,2.00093750e-01
-1.93214062e-08,2.00104688e-01
-1.92814063e-08,2.00096875e-01
-1.92414062e-08,2.00103125e-01
-1.92014062e-08,2.00098438e-01
-1.91614062e-08,2.00101562e-01
-1.91214062e-08,2.00098438e-01
-1.90814062e-08,2.00101562e-01
-1.90414062e-08,2.00098438e-01
-1.90014063e-08,2.00101562e-01
-1.89614062e-08,2.00098438e-01
-1.89214062e-08,2.00103125e-01
-1.88814063e-08,2.00096875e-01
-1.88414062e-08,2.00104688e-01
-1.88014062e-08,2.00093750e-01
-1.87614062e-08,2.00109375e-01
-1.87214062e-08,2.00087500e-01
-1.86814062e-08,2.00121875e-01
-1.86414062e-08,2.00053125e-01
-1.86014063e-08,2.00298438e-01
-1.85614062e-08,2.00565625e-01
-1.85214062e-08,2.00457812e-01
-1.84814062e-08,2.00534375e-01
-1.84414062e-08,2.00467188e-01
-1.84014062e-08,2.00532813e-01
-1.83614062e-08,2.00464063e-01
-1.83214063e-08,2.00545313e-01
-1.82814062e-08,2.00429688e-01
-1.82414062e-08,2.00723438e-01
-1.82014062e-08,2.00939063e-01
-1.81614062e-08,2.00885938e-01
-1.81214062e-08,2.00901563e-01
-1.80814062e-08,2.00906250e-01
-1.80414063e-08,2.00885938e-01
-1.80014062e-08,2.00925000e-01
-1.79614062e-08,2.00848438e-01
-1.79214063e-08,2.01106250e-01
-1.78814062e-08,2.01354688e-01
-1.78414062e-08,2.01271875e-01
-1.78014062e-08,2.01317187e-01
-1.77614062e-08,2.01290625e-01
-1.77214062e-08,2.01301563e-01
-1.76814062e-08,2.01310938e-01
-1.76414063e-08,2.01264063e-01
-1.76014062e-08,2.01490625e-01
-1.75614062e-08,2.01771875e-01
-1.75214062e-08,2.01653125e-01
-1.74814062e-08,2.01739063e-01
-1.74414062e-08,2.01665625e-01
-1.74014062e-08,2.01732812e-01
-1.73614063e-08,2.01668750e-01
-1.73214062e-08,2.01732812e-01
-1.72814062e-08,2.01662500e-01
-1.72414062e-08,2.01745312e-01
-1.72014062e-08,2.01629688e-01
-1.71614062e-08,2.01921875e-01
-1.71214062e-08,2.02140625e-01
-1.70814063e-08,2.02082813e-01
-1.70414062e-08,2.02107813e-01
-1.70014062e-08,2.02096875e-01
-1.69614063e-08,2.02100000e-01
-1.69214062e-08,2.02101562e-01
-1.68814062e-08,2.02096875e-01
-1.68414062e-08,2.02104688e-01
-1.68014062e-08,2.02093750e-01
-1.67614062e-08,2.02106250e-01
-1.67214062e-08,2.02092188e-01
-1.66814063e-08,2.02109375e-01
-1.66414062e-08,2.02090625e-01
-1.66014062e-08,2.02110938e-01
-1.65614062e-08,2.02087500e-01
-1.65214062e-08,2.02115625e-01
-1.64814062e-08,2.02081250e-01
-1.64414062e-08,2.02123438e-01
-1.64014063e-08,2.02065625e-01
-1.63614062e-08,2.02159375e-01
-1.63214062e-08,2.01887500e-01
-1.62814062e-08,2.01650000e-01
-1.62414062e-08,2.01725000e-01
-1.62014062e-08,2.01684375e-01
-1.61614062e-08,2.01710938e-01
-1.61214063e-08,2.01692188e-01
-1.60814062e-08,2.01704688e-01
-1.60414062e-08,2.01696875e-01
-1.60014063e-08,2.01701563e-01
-1.59614062e-08,2.01700000e-01
-1.59214062e-08,2.01698437e-01
-1.58814062e-08,2.01701563e-01
-1.58414063e-08,2.01696875e-01
-1.58014062e-08,2.01704688e-01
-1.57614062e-08,2.01693750e-01
-1.57214063e-08,2.01709375e-01
-1.56814062e-08,2.01687500e-01
-1.56414062e-08,2.01717188e-01
-1.56014062e-08,2.01671875e-01
-1.55614062e-08,2.01753125e-01
-1.55214062e-08,2.01493750e-01
-1.54814062e-08,2.01243750e-01
-1.54414063e-08,2.01331250e-01
-1.54014062e-08,2.01278125e-01
-1.53614062e-08,2.01317187e-01
-1.53214062e-08,2.01285938e-01
-1.52814062e-08,2.01312500e-01
-1.52414062e-08,2.01289063e-01
-1.52014062e-08,2.01309375e-01
-1.51614063e-08,2.01292187e-01
-1.51214062e-08,2.01307813e-01
-1.50814062e-08,2.01293750e-01
-1.50414063e-08,2.01306250e-01
-1.50014062e-08,2.01293750e-01
-1.49614062e-08,2.01304687e-01
-1.49214062e-08,2.01295313e-01
-1.48814062e-08,2.01304687e-01
-1.48414062e-08,2.01295313e-01
-1.48014062e-08,2.01303125e-01
-1.47614062e-08,2.01296875e-01
-1.47214062e-08,2.01303125e-01
-1.46814062e-08,2.01296875e-01
-1.46414062e-08,2.01301563e-01
-1.46014062e-08,2.01298438e-01
-1.45614062e-08,2.01301563e-01
-1.45214062e-08,2.01298438e-01
-1.44814062e-08,2.01300000e-01
-1.44414062e-08,2.01300000e-01
-1.44014062e-08,2.01298438e-01
-1.43614062e-08,2.01303125e-01
-1.43214062e-08,2.01295313e-01
-1.42814062e-08,2.01307813e-01
-1.42414062e-08,2.01287500e-01
-1.42014062e-08,2.01321875e-01
-1.41614062e-08,2.01254688e-01
-1.41214062e-08,2.01498438e-01
-1.40814062e-08,2.01765625e-01
-1.40414062e-08,2.01657813e-01
-1.40014062e-08,2.01734375e-01
-1.39614062e-08,2.01668750e-01
-1.39214062e-08,2.01732812e-01
-1.38814062e-08,2.01664063e-01
-1.38414062e-08,2.01743750e-01
-1.38014062e-08,2.01631250e-01
-1.37614062e-08,2.01920313e-01
-1.37214062e-08,2.02140625e-01
-1.36814062e-08,2.02082813e-01
-1.36414062e-08,2.02106250e-01
-1.36014062e-08,2.02101562e-01
-1.35614062e-08,2.02092188e-01
-1.35214062e-08,2.02118750e-01
-1.34814062e-08,2.02056250e-01
-1.34414062e-08,2.02296875e-01
-1.34014062e-08,2.02565625e-01
-1.33614062e-08,2.02457813e-01
-1.33214062e-08,2.02534375e-01
-1.32814062e-08,2.02468750e-01
-1.32414062e-08,2.02531250e-01
-1.32014062e-08,2.02465625e-01
-1.31614062e-08,2.02542187e-01
-1.31214062e-08,2.02432813e-01
-1.30814062e-08,2.02720312e-01
-1.30414062e-08,2.02942188e-01
-1.30014062e-08,2.02881250e-01
-1.29614062e-08,2.02909375e-01
-1.29214062e-08,2.02896875e-01
-1.28814062e-08,2.02898438e-01
-1.28414062e-08,2.02906250e-01
-1.28014062e-08,2.02887500e-01
-1.27614062e-08,2.02923437e-01
-1.27214062e-08,2.02851562e-01
-1.26814062e-08,2.03101562e-01
-1.26414062e-08,2.03359375e-01
-1.26014062e-08,2.03264063e-01
-1.25614062e-08,2.03326563e-01
-1.25214062e-08,2.03279688e-01
-1.24814062e-08,2.03317187e-01
-1.24414062e-08,2.03284375e-01
-1.24014062e-08,2.03314063e-01
-1.23614062e-08,2.03287500e-01
-1.23214062e-08,2.03312500e-01
-1.22814062e-08,2.03289063e-01
-1.22414062e-08,2.03310938e-01
-1.22014062e-08,2.03289063e-01
-1.21614062e-08,2.03309375e-01
-1.21214062e-08,2.03290625e-01
-1.20814062e-08,2.03309375e-01
-1.20414062e-08,2.03290625e-01
-1.20014062e-08,2.03309375e-01
-1.19614062e-08,2.03290625e-01
-1.19214062e-08,2.03309375e-01
-1.18814062e-08,2.03290625e-01
-1.18414062e-08,2.03309375e-01
-1.18014062e-08,2.03290625e-01
-1.17614062e-08,2.03309375e-01
-1.17214062e-08,2.03290625e-01
-1.16814062e-08,2.03309375e-01
-1.16414062e-08,2.03290625e-01
-1.16014062e-08,2.03309375e-01
-1.15614062e-08,2.03290625e-01
-1.15214062e-08,2.03309375e-01
-1.14814063e-08,2.03290625e-01
-1.14414062e-08,2.03310938e-01
-1.14014062e-08,2.03289063e-01
-1.13614062e-08,2.03310938e-01
-1.13214062e-08,2.03289063e-01
-1.12814062e-08,2.03312500e-01
-1.12414062e-08,2.03287500e-01
-1.12014063e-08,2.03314063e-01
-1.11614062e-08,2.03285938e-01
-1.11214062e-08,2.03315625e-01
-1.10814062e-08,2.03282813e-01
-1.10414062e-08,2.03318750e-01
-1.10014063e-08,2.03278125e-01
-1.09614062e-08,2.03328125e-01
-1.09214062e-08,2.03262500e-01
-1.08814062e-08,2.03362500e-01
-1.08414062e-08,2.03084375e-01
-1.08014062e-08,2.02854688e-01
-1.07614062e-08,2.02921875e-01
-1.07214063e-08,2.02887500e-01
-1.06814062e-08,2.02907813e-01
-1.06414062e-08,2.02896875e-01
-1.06014062e-08,2.02901563e-01
-1.05614062e-08,2.02900000e-01
-1.05214063e-08,2.02896875e-01
-1.04814062e-08,2.02904688e-01
-1.04414062e-08,2.02895313e-01
-1.04014062e-08,2.02906250e-01
-1.03614062e-08,2.02892188e-01
-1.03214062e-08,2.02909375e-01
-1.02814062e-08,2.02887500e-01
-1.02414063e-08,2.02914063e-01
-1.02014062e-08,2.02881250e-01
-1.01614062e-08,2.02923437e-01
-1.01214062e-08,2.02865625e-01
-1.00814062e-08,2.02959375e-01
-1.00414063e-08,2.02685937e-01
-1.00014062e-08,2.02451563e-01
-9.96140625e-09,2.02523438e-01
-9.92140625e-09,2.02487500e-01
-9.88140625e-09,2.02506250e-01
-9.84140625e-09,2.02498438e-01
-9.80140625e-09,2.02498438e-01
-9.76140625e-09,2.02504688e-01
-9.72140625e-09,2.02490625e-01
-9.68140625e-09,2.02515625e-01
-9.64140625e-09,2.02473438e-01
-9.60140625e-09,2.02553125e-01
-9.56140625e-09,2.02293750e-01
-9.52140625e-09,2.02045313e-01
-9.48140625e-09,2.02129688e-01
-9.44140625e-09,2.02081250e-01
-9.40140625e-09,2.02112500e-01
-9.36140625e-09,2.02092188e-01
-9.32140625e-09,2.02104688e-01
-9.28140625e-09,2.02100000e-01
-9.24140625e-09,2.02095313e-01
-9.20140625e-09,2.02110938e-01
-9.16140625e-09,2.02079687e-01
-9.12140625e-09,2.02146875e-01
-9.08140625e-09,2.01898437e-01
-9.04140625e-09,2.01639063e-01
-9.00140625e-09,2.01735938e-01
-8.96140625e-09,2.01673437e-01
-8.92140625e-09,2.01720312e-01
-8.88140625e-09,2.01684375e-01
-8.84140625e-09,2.01712500e-01
-8.80140625e-09,2.01689063e-01
-8.76140625e-09,2.01707812e-01
-8.72140625e-09,2.01695313e-01
-8.68140625e-09,2.01700000e-01
-8.64140625e-09,2.01704688e-01
-8.60140625e-09,2.01684375e-01
-8.56140625e-09,2.01740625e-01
-8.52140625e-09,2.01506250e-01
-8.48140625e-09,2.01231250e-01
-8.44140625e-09,2.01343750e-01
-8.40140625e-09,2.01265625e-01
-8.36140625e-09,2.01329688e-01
-8.32140625e-09,2.01273438e-01
-8.28140625e-09,2.01325000e-01
-8.24140625e-09,2.01276563e-01
-8.20140625e-09,2.01323438e-01
-8.16140625e-09,2.01276563e-01
-8.12140625e-09,2.01323438e-01
-8.08140625e-09,2.01275000e-01
-8.04140625e-09,2.01325000e-01
-8.00140625e-09,2.01271875e-01
-7.96140625e-09,2.01332813e-01
-7.92140625e-09,2.01257813e-01
-7.88140625e-09,2.01367188e-01
-7.84140625e-09,2.01081250e-01
-7.80140625e-09,2.00856250e-01
-7.76140625e-09,2.00920313e-01
-7.72140625e-09,2.00889062e-01
-7.68140625e-09,2.00906250e-01
-7.64140625e-09,2.00896875e-01
-7.60140625e-09,2.00901563e-01
-7.56140625e-09,2.00900000e-01
-7.52140625e-09,2.00898437e-01
-7.48140625e-09,2.00901563e-01
-7.44140625e-09,2.00896875e-01
-7.40140625e-09,2.00903125e-01
-7.36140625e-09,2.00896875e-01
-7.32140625e-09,2.00903125e-01
-7.28140625e-09,2.00895313e-01
-7.24140625e-09,2.00904688e-01
-7.20140625e-09,2.00895313e-01
-7.16140625e-09,2.00904688e-01
-7.12140625e-09,2.00895313e-01
-7.08140625e-09,2.00904688e-01
-7.04140625e-09,2.00895313e-01
-7.00140625e-09,2.00904688e-01
-6.96140625e-09,2.00895313e-01
-6.92140625e-09,2.00904688e-01
-6.88140625e-09,2.00895313e-01
-6.84140625e-09,2.00904688e-01
-6.80140625e-09,2.00895313e-01
-6.76140625e-09,2.00904688e-01
-6.72140625e-09,2.00893750e-01
-6.68140625e-09,2.00906250e-01
-6.64140625e-09,2.00893750e-01
-6.60140625e-09,2.00906250e-01
-6.56140625e-09,2.00893750e-01
-6.52140625e-09,2.00906250e-01
-6.48140625e-09,2.00893750e-01
-6.44140625e-09,2.00906250e-01
-6.40140625e-09,2.00893750e-01
-6.36140625e-09,2.00906250e-01
-6.32140625e-09,2.00893750e-01
-6.28140625e-09,2.00906250e-01
-6.24140625e-09,2.00893750e-01
-6.20140625e-09,2.00906250e-01
-6.16140625e-09,2.00893750e-01
-6.12140625e-09,2.00906250e-01
-6.08140625e-09,2.00893750e-01
-6.04140625e-09,2.00906250e-01
-6.00140625e-09,2.00892188e-01
-5.96140625e-09,2.00907813e-01
-5.92140625e-09,2.00892188e-01
-5.88140625e-09,2.00907813e-01
-5.84140625e-09,2.00892188e-01
-5.80140625e-09,2.00907813e-01
-5.76140625e-09,2.00892188e-01
-5.72140625e-09,2.00907813e-01
-5.68140625e-09,2.00892188e-01
-5.64140625e-09,2.00907813e-01
-5.60140625e-09,2.00890625e-01
-5.56140625e-09,2.00909375e-01
-5.52140625e-09,2.00890625e-01
-5.48140625e-09,2.00909375e-01
-5.44140625e-09,2.00890625e-01
-5.40140625e-09,2.00910937e-01
-5.36140625e-09,2.00889062e-01
-5.32140625e-09,2.00910937e-01
-5.28140625e-09,2.00887500e-01
-5.24140625e-09,2.00912500e-01
-5.20140625e-09,2.00885938e-01
-5.16140625e-09,2.00915625e-01
-5.12140625e-09,2.00882813e-01
-5.08140625e-09,2.00918750e-01
-5.04140625e-09,2.00878125e-01
-5.00140625e-09,2.00928125e-01
-4.96140625e-09,2.00862500e-01
-4.92140625e-09,2.00962500e-01
-4.88140625e-09,2.00684375e-01
-4.84140625e-09,2.00453125e-01
-4.80140625e-09,2.00521875e-01
-4.76140625e-09,2.00487500e-01
-4.72140625e-09,2.00507812e-01
-4.68140625e-09,2.00495313e-01
-4.64140625e-09,2.00501563e-01
-4.60140625e-09,2.00500000e-01
-4.56140625e-09,2.00498438e-01
-4.52140625e-09,2.00501563e-01
-4.48140625e-09,2.00496875e-01
-4.44140625e-09,2.00504688e-01
-4.40140625e-09,2.00495313e-01
-4.36140625e-09,2.00506250e-01
-4.32140625e-09,2.00492188e-01
-4.28140625e-09,2.00509375e-01
-4.24140625e-09,2.00490625e-01
-4.20140625e-09,2.00510938e-01
-4.16140625e-09,2.00485938e-01
-4.12140625e-09,2.00515625e-01
-4.08140625e-09,2.00481250e-01
-4.04140625e-09,2.00525000e-01
-4.00140625e-09,2.00465625e-01
-3.96140625e-09,2.00559375e-01
-3.92140625e-09,2.00285938e-01
-3.88140625e-09,2.00051563e-01
-3.84140625e-09,2.00123438e-01
-3.80140625e-09,2.00085938e-01
-3.76140625e-09,2.00107813e-01
-3.72140625e-09,2.00095313e-01
-3.68140625e-09,2.00101562e-01
-3.64140625e-09,2.00100000e-01
-3.60140625e-09,2.00098438e-01
-3.56140625e-09,2.00104688e-01
-3.52140625e-09,2.00093750e-01
-3.48140625e-09,2.00109375e-01
-3.44140625e-09,2.00089062e-01
-3.40140625e-09,2.00115625e-01
-3.36140625e-09,2.00078125e-01
-3.32140625e-09,2.00131250e-01
-3.28140625e-09,2.00042187e-01
-3.24140625e-09,2.00310938e-01
-3.20140625e-09,2.00550000e-01
-3.16140625e-09,2.00475000e-01
-3.12140625e-09,2.00514063e-01
-3.08140625e-09,2.00492188e-01
-3.04140625e-09,2.00503125e-01
-3.00140625e-09,2.00503125e-01
-2.96140625e-09,2.00490625e-01
-2.92140625e-09,2.00520313e-01
-2.88140625e-09,2.00454688e-01
-2.84140625e-09,2.00698437e-01
-2.80140625e-09,2.00964063e-01
-2.76140625e-09,2.00859375e-01
-2.72140625e-09,2.00932813e-01
-2.68140625e-09,2.00868750e-01
-2.64140625e-09,2.00935937e-01
-2.60140625e-09,2.00843750e-01
-2.56140625e-09,2.01104688e-01
-2.52140625e-09,2.01362500e-01
-2.48140625e-09,2.01254688e-01
-2.44140625e-09,2.01346875e-01
-2.40140625e-09,2.01229688e-01
-2.36140625e-09,2.01521875e-01
-2.32140625e-09,2.01739063e-01
-2.28140625e-09,2.01687500e-01
-2.24140625e-09,2.01698437e-01
-2.20140625e-09,2.01715625e-01
-2.16140625e-09,2.01656250e-01
-2.12140625e-09,2.01900000e-01
-2.08140625e-09,2.02159375e-01
-2.04140625e-09,2.02068750e-01
-2.00140625e-09,2.02117188e-01
-1.96140625e-09,2.02098438e-01
-1.92140625e-09,2.02073438e-01
-1.88140625e-09,2.02281250e-01
-1.84140625e-09,2.02581250e-01
-1.80140625e-09,2.02443750e-01
-1.76140625e-09,2.02546875e-01
-1.72140625e-09,2.02456250e-01
-1.68140625e-09,2.02543750e-01
-1.64140625e-09,2.02454688e-01
-1.60140625e-09,2.02553125e-01
-1.56140625e-09,2.02423437e-01
-1.52140625e-09,2.02729688e-01
-1.48140625e-09,2.02934375e-01
-1.44140625e-09,2.02889062e-01
-1.40140625e-09,2.02901563e-01
-1.36140625e-09,2.02903125e-01
-1.32140625e-09,2.02893750e-01
-1.28140625e-09,2.02907813e-01
-1.24140625e-09,2.02890625e-01
-1.20140625e-09,2.02910937e-01
-1.16140625e-09,2.02887500e-01
-1.12140625e-09,2.02914063e-01
-1.08140625e-09,2.02882813e-01
-1.04140625e-09,2.02920313e-01
-1.00140625e-09,2.02875000e-01
-9.61406250e-10,2.02935937e-01
-9.21406250e-10,2.02839063e-01
-8.81406250e-10,2.03114062e-01
-8.41406250e-10,2.03348438e-01
-8.01406250e-10,2.03275000e-01
-7.61406250e-10,2.03314063e-01
-7.21406250e-10,2.03290625e-01
-6.81406250e-10,2.03306250e-01
-6.41406250e-10,2.03296875e-01
-6.01406250e-10,2.03301563e-01
-5.61406250e-10,2.03300000e-01
-5.21406250e-10,2.03298438e-01
-4.81406250e-10,2.03303125e-01
-4.41406250e-10,2.03293750e-01
-4.01406250e-10,2.03309375e-01
-3.61406250e-10,2.03285938e-01
-3.21406250e-10,2.03325000e-01
-2.81406250e-10,2.03251563e-01
-2.41406250e-10,2.03501563e-01
-2.01406250e-10,2.03760938e-01
-1.61406250e-10,2.03662500e-01
-1.21406250e-10,2.03728125e-01
-8.14062500e-11,2.03676563e-01
-4.14062500e-11,2.03721875e-01
-1.40625000e-12,2.03679688e-01
3.85937500e-11,2.03720313e-01
7.85937500e-11,2.03678125e-01
1.18593750e-10,2.03723437e-01
1.58593750e-10,2.03671875e-01
1.98593750e-10,2.03737500e-01
2.38593750e-10,2.03637500e-01
2.78593750e-10,2.03914062e-01
3.18593750e-10,2.04148438e-01
3.58593750e-10,2.04076563e-01
3.98593750e-10,2.04114062e-01
4.38593750e-10,2.04090625e-01
4.78593750e-10,2.04106250e-01
5.18593750e-10,2.04095313e-01
5.58593750e-10,2.04103125e-01
5.98593750e-10,2.04098438e-01
6.38593750e-10,2.04100000e-01
6.78593750e-10,2.04101562e-01
7.18593750e-10,2.04096875e-01
7.58593750e-10,2.04104687e-01
7.98593750e-10,2.04092188e-01
8.38593750e-10,2.04110938e-01
8.78593750e-10,2.04084375e-01
9.18593750e-10,2.04125000e-01
9.58593750e-10,2.04050000e-01
9.98593750e-10,2.04303125e-01
1.03859375e-09,2.04559375e-01
1.07859375e-09,2.04465625e-01
1.11859375e-09,2.04525000e-01
1.15859375e-09,2.04479688e-01
1.19859375e-09,2.04517188e-01
1.23859375e-09,2.04484375e-01
1.27859375e-09,2.04514063e-01
1.31859375e-09,2.04485937e-01
1.35859375e-09,2.04512500e-01
1.39859375e-09,2.04487500e-01
1.43859375e-09,2.04512500e-01
1.47859375e-09,2.04487500e-01
1.51859375e-09,2.04512500e-01
1.55859375e-09,2.04487500e-01
1.59859375e-09,2.04512500e-01
1.63859375e-09,2.04487500e-01
1.67859375e-09,2.04514063e-01
1.71859375e-09,2.04484375e-01
1.75859375e-09,2.04517188e-01
1.79859375e-09,2.04479688e-01
1.83859375e-09,2.04525000e-01
1.87859375e-09,2.04465625e-01
1.91859375e-09,2.04557813e-01
1.95859375e-09,2.04289063e-01
1.99859375e-09,2.04048438e-01
2.03859375e-09,2.04128125e-01
2.07859375e-09,2.04081250e-01
2.11859375e-09,2.04114062e-01
2.15859375e-09,2.04089063e-01
2.19859375e-09,2.04109375e-01
2.23859375e-09,2.04090625e-01
2.27859375e-09,2.04107813e-01
2.31859375e-09,2.04092188e-01
2.35859375e-09,2.04107813e-01
2.39859375e-09,2.04090625e-01
2.43859375e-09,2.04110938e-01
2.47859375e-09,2.04085938e-01
2.51859375e-09,2.04117188e-01
2.55859375e-09,2.04073438e-01
2.59859375e-09,2.04151562e-01
2.63859375e-09,2.03895313e-01
2.67859375e-09,2.03640625e-01
2.71859375e-09,2.03735938e-01
2.75859375e-09,2.03673437e-01
2.79859375e-09,2.03721875e-01
2.83859375e-09,2.03679688e-01
2.87859375e-09,2.03718750e-01
2.91859375e-09,2.03681250e-01
2.95859375e-09,2.03718750e-01
2.99859375e-09,2.03681250e-01
3.03859375e-09,2.03720313e-01
3.07859375e-09,2.03676563e-01
3.11859375e-09,2.03728125e-01
3.15859375e-09,2.03662500e-01
3.19859375e-09,2.03762500e-01
3.23859375e-09,2.03484375e-01
3.27859375e-09,2.03253125e-01
3.31859375e-09,2.03323438e-01
3.35859375e-09,2.03285938e-01
3.39859375e-09,2.03309375e-01
3.43859375e-09,2.03293750e-01
3.47859375e-09,2.03303125e-01
3.51859375e-09,2.03298438e-01
3.55859375e-09,2.03300000e-01
3.59859375e-09,2.03300000e-01
3.63859375e-09,2.03298438e-01
3.67859375e-09,2.03301563e-01
3.71859375e-09,2.03296875e-01
3.75859375e-09,2.03304687e-01
3.79859375e-09,2.03295313e-01
3.83859375e-09,2.03306250e-01
3.87859375e-09,2.03292187e-01
3.91859375e-09,2.03307813e-01
3.95859375e-09,2.03289063e-01
3.99859375e-09,2.03312500e-01
4.03859375e-09,2.03284375e-01
4.07859375e-09,2.03321875e-01
4.11859375e-09,2.03268750e-01
4.15859375e-09,2.03356250e-01
4.19859375e-09,2.03090625e-01
4.23859375e-09,2.02848438e-01
4.27859375e-09,2.02928125e-01
4.31859375e-09,2.02881250e-01
4.35859375e-09,2.02912500e-01
4.39859375e-09,2.02890625e-01
4.43859375e-09,2.02906250e-01
4.47859375e-09,2.02896875e-01
4.51859375e-09,2.02901563e-01
4.55859375e-09,2.02901563e-01
4.59859375e-09,2.02895313e-01
4.63859375e-09,2.02910937e-01
4.67859375e-09,2.02879688e-01
4.71859375e-09,2.02945313e-01
4.75859375e-09,2.02701563e-01
4.79859375e-09,2.02435937e-01
4.83859375e-09,2.02540625e-01
4.87859375e-09,2.02468750e-01
4.91859375e-09,2.02526563e-01
4.95859375e-09,2.02475000e-01
4.99859375e-09,2.02525000e-01
5.03859375e-09,2.02473438e-01
5.07859375e-09,2.02529687e-01
5.11859375e-09,2.02462500e-01
5.15859375e-09,2.02562500e-01
5.19859375e-09,2.02285938e-01
5.23859375e-09,2.02050000e-01
5.27859375e-09,2.02126562e-01
5.31859375e-09,2.02081250e-01
5.35859375e-09,2.02114062e-01
5.39859375e-09,2.02087500e-01
5.43859375e-09,2.02110938e-01
5.47859375e-09,2.02087500e-01
5.51859375e-09,2.02112500e-01
5.55859375e-09,2.02084375e-01
5.59859375e-09,2.02120313e-01
5.63859375e-09,2.02070313e-01
5.67859375e-09,2.02154688e-01
5.71859375e-09,2.01893750e-01
5.75859375e-09,2.01643750e-01
5.79859375e-09,2.01731250e-01
5.83859375e-09,2.01676563e-01
5.87859375e-09,2.01718750e-01
5.91859375e-09,2.01684375e-01
5.95859375e-09,2.01712500e-01
5.99859375e-09,2.01687500e-01
6.03859375e-09,2.01710938e-01
6.07859375e-09,2.01690625e-01
6.11859375e-09,2.01709375e-01
6.15859375e-09,2.01690625e-01
6.19859375e-09,2.01707812e-01
6.23859375e-09,2.01692188e-01
6.27859375e-09,2.01707812e-01
6.31859375e-09,2.01692188e-01
6.35859375e-09,2.01707812e-01
6.39859375e-09,2.01692188e-01
6.43859375e-09,2.01706250e-01
6.47859375e-09,2.01693750e-01
6.51859375e-09,2.01706250e-01
6.55859375e-09,2.01693750e-01
6.59859375e-09,2.01706250e-01
6.63859375e-09,2.01693750e-01
6.67859375e-09,2.01706250e-01
6.71859375e-09,2.01693750e-01
6.75859375e-09,2.01706250e-01
6.79859375e-09,2.01693750e-01
6.83859375e-09,2.01706250e-01
6.87859375e-09,2.01693750e-01
6.91859375e-09,2.01706250e-01
6.95859375e-09,2.01693750e-01
6.99859375e-09,2.01706250e-01
7.03859375e-09,2.01693750e-01
7.07859375e-09,2.01706250e-01
7.11859375e-09,2.01693750e-01
7.15859375e-09,2.01706250e-01
7.19859375e-09,2.01693750e-01
7.23859375e-09,2.01706250e-01
7.27859375e-09,2.01693750e-01
7.31859375e-09,2.01706250e-01
7.35859375e-09,2.01693750e-01
7.39859375e-09,2.01707812e-01
7.43859375e-09,2.01692188e-01
7.47859375e-09,2.01707812e-01
7.51859375e-09,2.01692188e-01
7.55859375e-09,2.01707812e-01
7.59859375e-09,2.01692188e-01
7.63859375e-09,2.01707812e-01
7.67859375e-09,2.01690625e-01
7.71859375e-09,2.01709375e-01
7.75859375e-09,2.01690625e-01
7.79859375e-09,2.01709375e-01
7.83859375e-09,2.01689063e-01
7.87859375e-09,2.01710938e-01
7.91859375e-09,2.01687500e-01
7.95859375e-09,2.01714063e-01
7.99859375e-09,2.01682813e-01
8.03859375e-09,2.01718750e-01
8.07859375e-09,2.01675000e-01
8.11859375e-09,2.01734375e-01
8.15859375e-09,2.01640625e-01
8.19859375e-09,2.01912500e-01
8.23859375e-09,2.02150000e-01
8.27859375e-09,2.02073438e-01
8.31859375e-09,2.02117188e-01
8.35859375e-09,2.02087500e-01
8.39859375e-09,2.02109375e-01
8.43859375e-09,2.02093750e-01
8.47859375e-09,2.02104688e-01
8.51859375e-09,2.02095313e-01
8.55859375e-09,2.02103125e-01
8.59859375e-09,2.02096875e-01
8.63859375e-09,2.02101562e-01
8.67859375e-09,2.02098438e-01
8.71859375e-09,2.02101562e-01
8.75859375e-09,2.02100000e-01
8.79859375e-09,2.02100000e-01
8.83859375e-09,2.02100000e-01
8.87859375e-09,2.02100000e-01
8.91859375e-09,2.02100000e-01
8.95859375e-09,2.02098438e-01
8.99859375e-09,2.02101562e-01
9.03859375e-09,2.02098438e-01
9.07859375e-09,2.02101562e-01
9.11859375e-09,2.02098438e-01
9.15859375e-09,2.02101562e-01
9.19859375e-09,2.02098438e-01
9.23859375e-09,2.02101562e-01
9.27859375e-09,2.02098438e-01
9.31859375e-09,2.02103125e-01
9.35859375e-09,2.02096875e-01
9.39859375e-09,2.02103125e-01
9.43859375e-09,2.02096875e-01
9.47859375e-09,2.02103125e-01
9.51859375e-09,2.02096875e-01
9.55859375e-09,2.02103125e-01
9.59859375e-09,2.02096875e-01
9.63859375e-09,2.02103125e-01
9.67859375e-09,2.02096875e-01
9.71859375e-09,2.02103125e-01
9.75859375e-09,2.02096875e-01
9.79859375e-09,2.02104688e-01
9.83859375e-09,2.02095313e-01
9.87859375e-09,2.02104688e-01
9.91859375e-09,2.02095313e-01
9.95859375e-09,2.02104688e-01
9.99859375e-09,2.02095313e-01
1.00385938e-08,2.02104688e-01
1.00785937e-08,2.02095313e-01
1.01185937e-08,2.02104688e-01
1.01585937e-08,2.02093750e-01
1.01985937e-08,2.02106250e-01
1.02385937e-08,2.02093750e-01
1.02785937e-08,2.02106250e-01
1.03185937e-08,2.02093750e-01
1.03585937e-08,2.02107813e-01
1.03985937e-08,2.02092188e-01
1.04385937e-08,2.02107813e-01
1.04785937e-08,2.02090625e-01
1.05185938e-08,2.02109375e-01
1.05585937e-08,2.02089062e-01
1.05985937e-08,2.02112500e-01
1.06385937e-08,2.02085938e-01
1.06785937e-08,2.02117188e-01
1.07185937e-08,2.02076563e-01
1.07585937e-08,2.02132813e-01
1.07985937e-08,2.02042187e-01
1.08385937e-08,2.02309375e-01
1.08785937e-08,2.02553125e-01
1.09185937e-08,2.02470312e-01
1.09585937e-08,2.02520313e-01
1.09985938e-08,2.02484375e-01
1.10385937e-08,2.02514063e-01
1.10785937e-08,2.02485938e-01
1.11185937e-08,2.02514063e-01
1.11585937e-08,2.02482812e-01
1.11985937e-08,2.02526563e-01
1.12385937e-08,2.02450000e-01
1.12785937e-08,2.02701563e-01
1.13185937e-08,2.02962500e-01
1.13585937e-08,2.02859375e-01
1.13985937e-08,2.02934375e-01
1.14385937e-08,2.02868750e-01
1.14785938e-08,2.02932813e-01
1.15185937e-08,2.02864062e-01
1.15585937e-08,2.02945313e-01
1.15985937e-08,2.02829688e-01
1.16385937e-08,2.03123438e-01
1.16785937e-08,2.03337500e-01
1.17185937e-08,2.03287500e-01
1.17585937e-08,2.03301563e-01
1.17985937e-08,2.03306250e-01
1.18385937e-08,2.03285938e-01
1.18785937e-08,2.03326563e-01
1.19185937e-08,2.03246875e-01
1.19585937e-08,2.03507812e-01
1.19985937e-08,2.03754688e-01
1.20385937e-08,2.03670313e-01
1.20785937e-08,2.03718750e-01
1.21185937e-08,2.03687500e-01
1.21585937e-08,2.03709375e-01
1.21985937e-08,2.03693750e-01
1.22385937e-08,2.03703125e-01
1.22785937e-08,2.03700000e-01
1.23185937e-08,2.03696875e-01
1.23585937e-08,2.03707813e-01
1.23985937e-08,2.03687500e-01
1.24385937e-08,2.03723437e-01
1.24785937e-08,2.03651562e-01
1.25185937e-08,2.03901563e-01
1.25585937e-08,2.04159375e-01
1.25985937e-08,2.04064063e-01
1.26385937e-08,2.04126562e-01
1.26785937e-08,2.04079687e-01
1.27185937e-08,2.04117188e-01
1.27585937e-08,2.04084375e-01
1.27985937e-08,2.04114062e-01
1.28385937e-08,2.04087500e-01
1.28785937e-08,2.04110938e-01
1.29185937e-08,2.04089063e-01
1.29585937e-08,2.04109375e-01
1.29985937e-08,2.04090625e-01
1.30385937e-08,2.04109375e-01
1.30785937e-08,2.04090625e-01
1.31185937e-08,2.04109375e-01
1.31585937e-08,2.04090625e-01
1.31985937e-08,2.04109375e-01
1.32385937e-08,2.04090625e-01
1.32785937e-08,2.04110938e-01
1.33185937e-08,2.04089063e-01
1.33585937e-08,2.04112500e-01
1.33985937e-08,2.04084375e-01
1.34385937e-08,2.04120313e-01
1.34785937e-08,2.04070313e-01
1.35185937e-08,2.04153125e-01
1.35585937e-08,2.03893750e-01
1.35985937e-08,2.03642188e-01
1.36385937e-08,2.03734375e-01
1.36785937e-08,2.03675000e-01
1.37185937e-08,2.03721875e-01
1.37585937e-08,2.03679688e-01
1.37985937e-08,2.03718750e-01
1.38385937e-08,2.03681250e-01
1.38785937e-08,2.03720313e-01
1.39185937e-08,2.03676563e-01
1.39585937e-08,2.03728125e-01
1.39985937e-08,2.03662500e-01
1.40385937e-08,2.03762500e-01
1.40785937e-08,2.03482812e-01
1.41185937e-08,2.03254688e-01
1.41585937e-08,2.03320313e-01
1.41985937e-08,2.03290625e-01
1.42385937e-08,2.03301563e-01
1.42785937e-08,2.03306250e-01
1.43185937e-08,2.03282813e-01
1.43585937e-08,2.03342187e-01
1.43985937e-08,2.03104688e-01
1.44385937e-08,2.02832813e-01
1.44785937e-08,2.02943750e-01
1.45185937e-08,2.02862500e-01
1.45585937e-08,2.02935937e-01
1.45985937e-08,2.02857813e-01
1.46385937e-08,2.02964063e-01
1.46785937e-08,2.02685937e-01
1.47185937e-08,2.02448438e-01
1.47585937e-08,2.02529687e-01
1.47985937e-08,2.02475000e-01
1.48385937e-08,2.02525000e-01
1.48785937e-08,2.02467188e-01
1.49185937e-08,2.02554687e-01
1.49585938e-08,2.02293750e-01
1.49985937e-08,2.02042187e-01
1.50385937e-08,2.02135938e-01
1.50785937e-08,2.02070313e-01
1.51185937e-08,2.02129688e-01
1.51585937e-08,2.02065625e-01
1.51985937e-08,2.02157813e-01
1.52385938e-08,2.01892188e-01
1.52785937e-08,2.01642188e-01
1.53185937e-08,2.01735938e-01
1.53585937e-08,2.01668750e-01
1.53985937e-08,2.01732812e-01
1.54385937e-08,2.01660937e-01
1.54785937e-08,2.01764063e-01
1.55185938e-08,2.01484375e-01
1.55585937e-08,2.01254688e-01
1.55985937e-08,2.01321875e-01
1.56385938e-08,2.01289063e-01
1.56785937e-08,2.01303125e-01
1.57185937e-08,2.01304687e-01
1.57585937e-08,2.01284375e-01
1.57985938e-08,2.01340625e-01
1.58385937e-08,2.01104688e-01
1.58785937e-08,2.00832813e-01
1.59185938e-08,2.00943750e-01
1.59585937e-08,2.00865625e-01
1.59985937e-08,2.00929688e-01
1.60385937e-08,2.00871875e-01
1.60785937e-08,2.00928125e-01
1.61185937e-08,2.00870313e-01
1.61585937e-08,2.00932813e-01
1.61985938e-08,2.00857813e-01
1.62385937e-08,2.00965625e-01
1.62785937e-08,2.00681250e-01
1.63185937e-08,2.00454688e-01
1.63585937e-08,2.00521875e-01
1.63985937e-08,2.00487500e-01
1.64385937e-08,2.00507812e-01
1.64785938e-08,2.00495313e-01
1.65185937e-08,2.00503125e-01
1.65585937e-08,2.00496875e-01
1.65985938e-08,2.00501563e-01
1.66385937e-08,2.00498438e-01
1.66785937e-08,2.00500000e-01
1.67185937e-08,2.00500000e-01
1.67585938e-08,2.00500000e-01
1.67985937e-08,2.00500000e-01
1.68385937e-08,2.00500000e-01
1.68785938e-08,2.00500000e-01
1.69185937e-08,2.00500000e-01
1.69585937e-08,2.00500000e-01
1.69985937e-08,2.00500000e-01
1.70385937e-08,2.00501563e-01
1.70785937e-08,2.00498438e-01
1.71185937e-08,2.00501563e-01
1.71585938e-08,2.00498438e-01
1.71985937e-08,2.00501563e-01
1.72385937e-08,2.00498438e-01
1.72785937e-08,2.00501563e-01
1.73185937e-08,2.00498438e-01
1.73585937e-08,2.00501563e-01
1.73985937e-08,2.00498438e-01
1.74385938e-08,2.00501563e-01
1.74785937e-08,2.00498438e-01
1.75185937e-08,2.00501563e-01
1.75585937e-08,2.00498438e-01
1.75985937e-08,2.00501563e-01
1.76385937e-08,2.00498438e-01
1.76785937e-08,2.00501563e-01
1.77185938e-08,2.00498438e-01
1.77585937e-08,2.00501563e-01
1.77985937e-08,2.00500000e-01
1.78385938e-08,2.00500000e-01
1.78785937e-08,2.00500000e-01
1.79185937e-08,2.00500000e-01
1.79585937e-08,2.00500000e-01
1.79985937e-08,2.00500000e-01
1.80385937e-08,2.00500000e-01
1.80785937e-08,2.00500000e-01
1.81185938e-08,2.00500000e-01
1.81585937e-08,2.00500000e-01
1.81985937e-08,2.00500000e-01
1.82385937e-08,2.00500000e-01
1.82785937e-08,2.00500000e-01
1.83185937e-08,2.00500000e-01
1.83585937e-08,2.00500000e-01
1.83985938e-08,2.00500000e-01
1.84385937e-08,2.00500000e-01
1.84785937e-08,2.00500000e-01
1.85185937e-08,2.00500000e-01
1.85585937e-08,2.00500000e-01
1.85985937e-08,2.00500000e-01
1.86385937e-08,2.00500000e-01
1.86785938e-08,2.00500000e-01
1.87185937e-08,2.00500000e-01
1.87585937e-08,2.00500000e-01
1.87985938e-08,2.00500000e-01
1.88385937e-08,2.00500000e-01
1.88785937e-08,2.00500000e-01
1.89185937e-08,2.00500000e-01
1.89585937e-08,2.00500000e-01
1.89985937e-08,2.00500000e-01
1.90385937e-08,2.00500000e-01
1.90785938e-08,2.00501563e-01
1.91185937e-08,2.00498438e-01
1.91585937e-08,2.00501563e-01
1.91985937e-08,2.00498438e-01
1.92385937e-08,2.00501563e-01
1.92785937e-08,2.00498438e-01
1.93185937e-08,2.00501563e-01
1.93585938e-08,2.00498438e-01
1.93985937e-08,2.00501563e-01
1.94385937e-08,2.00498438e-01
1.94785937e-08,2.00501563e-01
1.95185937e-08,2.00498438e-01
1.95585937e-08,2.00501563e-01
1.95985937e-08,2.00496875e-01
1.96385938e-08,2.00503125e-01
1.96785937e-08,2.00496875e-01
1.97185937e-08,2.00503125e-01
1.97585937e-08,2.00496875e-01
1.97985937e-08,2.00503125e-01
1.98385937e-08,2.00495313e-01
1.98785937e-08,2.00504688e-01
1.99185937e-08,2.00495313e-01
1.99585937e-08,2.00506250e-01
1.99985937e-08,2.00493750e-01
2.00385938e-08,2.00507812e-01
2.00785937e-08,2.00492188e-01
2.01185937e-08,2.00509375e-01
2.01585937e-08,2.00487500e-01
2.01985937e-08,2.00515625e-01
2.02385937e-08,2.00479688e-01
2.02785937e-08,2.00529687e-01
2.03185938e-08,2.00445313e-01
2.03585937e-08,2.00707812e-01
2.03985937e-08,2.00953125e-01
2.04385937e-08,2.00870313e-01
2.04785937e-08,2.00920313e-01
2.05185937e-08,2.00884375e-01
2.05585937e-08,2.00912500e-01
2.05985938e-08,2.00890625e-01
2.06385937e-08,2.00907813e-01
2.06785937e-08,2.00892188e-01
2.07185937e-08,2.00906250e-01
2.07585937e-08,2.00895313e-01
2.07985937e-08,2.00904688e-01
2.08385937e-08,2.00896875e-01
2.08785937e-08,2.00903125e-01
2.09185937e-08,2.00898437e-01
2.09585937e-08,2.00901563e-01
2.09985938e-08,2.00900000e-01
2.10385937e-08,2.00900000e-01
2.10785937e-08,2.00901563e-01
2.11185937e-08,2.00896875e-01
2.11585937e-08,2.00904688e-01
2.11985937e-08,2.00893750e-01
2.12385937e-08,2.00909375e-01
2.12785938e-08,2.00885938e-01
2.13185937e-08,2.00923437e-01
2.13585937e-08,2.00851562e-01
2.13985937e-08,2.01101562e-01
2.14385937e-08,2.01359375e-01
2.14785937e-08,2.01264063e-01
2.15185937e-08,2.01326563e-01
2.15585938e-08,2.01278125e-01
2.15985937e-08,2.01318750e-01
2.16385937e-08,2.01282813e-01
2.16785937e-08,2.01315625e-01
2.17185937e-08,2.01284375e-01
2.17585937e-08,2.01314063e-01
2.17985937e-08,2.01285938e-01
2.18385937e-08,2.01314063e-01
2.18785937e-08,2.01285938e-01
2.19185937e-08,2.01314063e-01
2.19585937e-08,2.01285938e-01
2.19985937e-08,2.01314063e-01
2.20385937e-08,2.01285938e-01
2.20785937e-08,2.01315625e-01
2.21185937e-08,2.01284375e-01
2.21585937e-08,2.01317187e-01
2.21985937e-08,2.01281250e-01
2.22385938e-08,2.01321875e-01
2.22785937e-08,2.01273438e-01
2.23185937e-08,2.01335938e-01
2.23585937e-08,2.01239063e-01
2.23985937e-08,2.01514063e-01
2.24385937e-08,2.01748438e-01
2.24785937e-08,2.01676563e-01
2.25185938e-08,2.01714063e-01
2.25585937e-08,2.01690625e-01
2.25985937e-08,2.01706250e-01
2.26385937e-08,2.01695313e-01
2.26785937e-08,2.01703125e-01
2.27185937e-08,2.01698437e-01
2.27585937e-08,2.01700000e-01
2.27985937e-08,2.01701563e-01
2.28385937e-08,2.01698437e-01
2.28785937e-08,2.01703125e-01
2.29185937e-08,2.01696875e-01
2.29585937e-08,2.01704688e-01
2.29985937e-08,2.01693750e-01
2.30385937e-08,2.01707812e-01
2.30785937e-08,2.01689063e-01
2.31185937e-08,2.01714063e-01
2.31585937e-08,2.01681250e-01
2.31985938e-08,2.01728125e-01
2.32385937e-08,2.01646875e-01
2.32785937e-08,2.01906250e-01
2.33185937e-08,2.02156250e-01
2.33585937e-08,2.02068750e-01
2.33985937e-08,2.02121875e-01
2.34385937e-08,2.02082813e-01
2.34785938e-08,2.02114062e-01
2.35185937e-08,2.02087500e-01
2.35585937e-08,2.02110938e-01
2.35985937e-08,2.02090625e-01
2.36385937e-08,2.02109375e-01
2.36785937e-08,2.02092188e-01
2.37185937e-08,2.02107813e-01
2.37585937e-08,2.02092188e-01
2.37985937e-08,2.02106250e-01
2.38385937e-08,2.02093750e-01
2.38785937e-08,2.02106250e-01
2.39185937e-08,2.02093750e-01
2.39585937e-08,2.02106250e-01
2.39985937e-08,2.02093750e-01
2.40385937e-08,2.02106250e-01
2.40785937e-08,2.02093750e-01
2.41185937e-08,2.02106250e-01
2.41585938e-08,2.02093750e-01
2.41985937e-08,2.02106250e-01
2.42385937e-08,2.02093750e-01
2.42785937e-08,2.02106250e-01
2.43185937e-08,2.02093750e-01
2.43585937e-08,2.02106250e-01
2.43985937e-08,2.02093750e-01
2.44385938e-08,2.02106250e-01
2.44785937e-08,2.02093750e-01
2.45185937e-08,2.02106250e-01
2.45585937e-08,2.02093750e-01
2.45985937e-08,2.02106250e-01
2.46385937e-08,2.02093750e-01
2.46785937e-08,2.02106250e-01
2.47185937e-08,2.02093750e-01
2.47585937e-08,2.02107813e-01
2.47985937e-08,2.02092188e-01
2.48385937e-08,2.02107813e-01
2.48785937e-08,2.02092188e-01
2.49185937e-08,2.02107813e-01
2.49585937e-08,2.02090625e-01
2.49985937e-08,2.02109375e-01
2.50385937e-08,2.02089062e-01
2.50785937e-08,2.02110938e-01
2.51185937e-08,2.02087500e-01
2.51585937e-08,2.02114062e-01
2.51985937e-08,2.02084375e-01
2.52385937e-08,2.02117188e-01
2.52785937e-08,2.02079687e-01
2.53185937e-08,2.02126562e-01
2.53585937e-08,2.02064063e-01
2.53985938e-08,2.02160937e-01
2.54385937e-08,2.01885938e-01
2.54785937e-08,2.01653125e-01
2.55185937e-08,2.01723438e-01
2.55585937e-08,2.01685938e-01
2.55985937e-08,2.01707812e-01
2.56385937e-08,2.01695313e-01
2.56785937e-08,2.01701563e-01
2.57185937e-08,2.01700000e-01
2.57585937e-08,2.01696875e-01
2.57985937e-08,2.01704688e-01
2.58385937e-08,2.01692188e-01
2.58785937e-08,2.01710938e-01
2.59185937e-08,2.01685938e-01
2.59585937e-08,2.01720312e-01
2.59985937e-08,2.01670313e-01
2.60385937e-08,2.01756250e-01
2.60785937e-08,2.01490625e-01
2.61185937e-08,2.01248438e-01
2.61585937e-08,2.01328125e-01
2.61985937e-08,2.01282813e-01
2.62385937e-08,2.01310938e-01
2.62785937e-08,2.01293750e-01
2.63185937e-08,2.01303125e-01
2.63585938e-08,2.01300000e-01
2.63985937e-08,2.01295313e-01
2.64385937e-08,2.01310938e-01
2.64785937e-08,2.01278125e-01
2.65185937e-08,2.01346875e-01
2.65585937e-08,2.01098438e-01
2.65985937e-08,2.00839062e-01
2.66385937e-08,2.00935937e-01
2.66785937e-08,2.00873438e-01
2.67185937e-08,2.00920313e-01
2.67585937e-08,2.00882813e-01
2.67985937e-08,2.00915625e-01
2.68385937e-08,2.00885938e-01
2.68785937e-08,2.00912500e-01
2.69185937e-08,2.00889062e-01
2.69585937e-08,2.00909375e-01
2.69985937e-08,2.00892188e-01
2.70385937e-08,2.00907813e-01
2.70785937e-08,2.00893750e-01
2.71185937e-08,2.00906250e-01
2.71585937e-08,2.00895313e-01
2.71985937e-08,2.00904688e-01
2.72385937e-08,2.00896875e-01
2.72785937e-08,2.00903125e-01
2.73185937e-08,2.00898437e-01
2.73585937e-08,2.00900000e-01
2.73985937e-08,2.00901563e-01
2.74385937e-08,2.00896875e-01
2.74785937e-08,2.00907813e-01
2.75185937e-08,2.00887500e-01
2.75585937e-08,2.00921875e-01
2.75985937e-08,2.00853125e-01
2.76385937e-08,2.01100000e-01
2.76785937e-08,2.01360938e-01
2.77185937e-08,2.01262500e-01
2.77585937e-08,2.01328125e-01
2.77985937e-08,2.01276563e-01
2.78385937e-08,2.01320313e-01
2.78785937e-08,2.01282813e-01
2.79185937e-08,2.01315625e-01
2.79585937e-08,2.01284375e-01
2.79985937e-08,2.01314063e-01
2.80385937e-08,2.01285938e-01
2.80785937e-08,2.01312500e-01
2.81185937e-08,2.01287500e-01
2.81585937e-08,2.01312500e-01
2.81985937e-08,2.01289063e-01
2.82385937e-08,2.01310938e-01
2.82785937e-08,2.01289063e-01
2.83185937e-08,2.01310938e-01
2.83585937e-08,2.01289063e-01
2.83985937e-08,2.01309375e-01
2.84385937e-08,2.01290625e-01
2.84785937e-08,2.01309375e-01
2.85185937e-08,2.01290625e-01
2.85585937e-08,2.01309375e-01
2.85985937e-08,2.01290625e-01
2.86385937e-08,2.01309375e-01
2.86785937e-08,2.01290625e-01
2.87185937e-08,2.01309375e-01
2.87585937e-08,2.01290625e-01
2.87985937e-08,2.01309375e-01
2.88385937e-08,2.01290625e-01
2.88785937e-08,2.01309375e-01
2.89185937e-08,2.01292187e-01
2.89585937e-08,2.01307813e-01
2.89985937e-08,2.01292187e-01
2.90385937e-08,2.01307813e-01
2.90785937e-08,2.01292187e-01
2.91185937e-08,2.01307813e-01
2.91585937e-08,2.01292187e-01
2.91985937e-08,2.01307813e-01
2.92385937e-08,2.01292187e-01
2.92785937e-08,2.01307813e-01
2.93185937e-08,2.01292187e-01
2.93585937e-08,2.01307813e-01
2.93985937e-08,2.01292187e-01
2.94385937e-08,2.01307813e-01
2.94785937e-08,2.01292187e-01
2.95185937e-08,2.01307813e-01
2.95585937e-08,2.01292187e-01
2.95985937e-08,2.01307813e-01
2.96385937e-08,2.01292187e-01
2.96785937e-08,2.01307813e-01
2.97185937e-08,2.01292187e-01
2.97585937e-08,2.01309375e-01
2.97985937e-08,2.01290625e-01
2.98385937e-08,2.01309375e-01
2.98785938e-08,2.01290625e-01
2.99185938e-08,2.01309375e-01
2.99585937e-08,2.01290625e-01
2.99985937e-08,2.01309375e-01
3.00385937e-08,2.01290625e-01
3.00785937e-08,2.01309375e-01
3.01185937e-08,2.01290625e-01
3.01585938e-08,2.01310938e-01
3.01985937e-08,2.01289063e-01
3.02385937e-08,2.01310938e-01
3.02785937e-08,2.01289063e-01
3.03185937e-08,2.01312500e-01
3.03585937e-08,2.01287500e-01
3.03985937e-08,2.01314063e-01
3.04385938e-08,2.01285938e-01
3.04785937e-08,2.01315625e-01
3.05185937e-08,2.01281250e-01
3.05585937e-08,2.01321875e-01
3.05985937e-08,2.01273438e-01
3.06385937e-08,2.01335938e-01
3.06785937e-08,2.01239063e-01
3.07185938e-08,2.01514063e-01
3.07585937e-08,2.01748438e-01
3.07985937e-08,2.01675000e-01
3.08385937e-08,2.01715625e-01
3.08785937e-08,2.01689063e-01
3.09185937e-08,2.01707812e-01
3.09585937e-08,2.01693750e-01
3.09985938e-08,2.01704688e-01
3.10385937e-08,2.01696875e-01
3.10785937e-08,2.01701563e-01
3.11185937e-08,2.01698437e-01
3.11585937e-08,2.01701563e-01
3.11985937e-08,2.01698437e-01
3.12385938e-08,2.01700000e-01
3.12785938e-08,2.01700000e-01
3.13185937e-08,2.01700000e-01
3.13585937e-08,2.01700000e-01
3.13985937e-08,2.01700000e-01
3.14385937e-08,2.01700000e-01
3.14785937e-08,2.01701563e-01
3.15185938e-08,2.01698437e-01
3.15585938e-08,2.01701563e-01
3.15985937e-08,2.01696875e-01
3.16385937e-08,2.01704688e-01
3.16785937e-08,2.01693750e-01
3.17185937e-08,2.01709375e-01
3.17585937e-08,2.01685938e-01
3.17985938e-08,2.01723438e-01
3.18385938e-08,2.01651562e-01
3.18785937e-08,2.01901563e-01
3.19185937e-08,2.02160937e-01
3.19585937e-08,2.02062500e-01
3.19985937e-08,2.02129688e-01
3.20385937e-08,2.02076563e-01
3.20785938e-08,2.02121875e-01
3.21185937e-08,2.02079687e-01
3.21585937e-08,2.02118750e-01
3.21985937e-08,2.02082813e-01
3.22385937e-08,2.02117188e-01
3.22785937e-08,2.02082813e-01
3.23185937e-08,2.02117188e-01
3.23585938e-08,2.02082813e-01
3.23985937e-08,2.02117188e-01
3.24385937e-08,2.02082813e-01
3.24785937e-08,2.02117188e-01
3.25185937e-08,2.02082813e-01
3.25585937e-08,2.02118750e-01
3.25985937e-08,2.02081250e-01
3.26385938e-08,2.02120313e-01
3.26785937e-08,2.02079687e-01
3.27185937e-08,2.02121875e-01
3.27585937e-08,2.02075000e-01
3.27985937e-08,2.02128125e-01
3.28385937e-08,2.02067188e-01
3.28785937e-08,2.02143750e-01
3.29185938e-08,2.02031250e-01
3.29585937e-08,2.02321875e-01
3.29985937e-08,2.02540625e-01
3.30385937e-08,2.02484375e-01
3.30785937e-08,2.02506250e-01
3.31185937e-08,2.02500000e-01
3.31585937e-08,2.02495312e-01
3.31985938e-08,2.02507812e-01
3.32385937e-08,2.02490625e-01
3.32785937e-08,2.02512500e-01
3.33185937e-08,2.02484375e-01
3.33585937e-08,2.02520313e-01
3.33985937e-08,2.02473438e-01
3.34385938e-08,2.02535938e-01
3.34785938e-08,2.02437500e-01
3.35185937e-08,2.02715625e-01
3.35585937e-08,2.02945313e-01
3.35985937e-08,2.02879688e-01
3.36385937e-08,2.02909375e-01
3.36785937e-08,2.02896875e-01
3.37185938e-08,2.02898438e-01
3.37585938e-08,2.02907813e-01
3.37985937e-08,2.02885938e-01
3.38385937e-08,2.02925000e-01
3.38785937e-08,2.02850000e-01
3.39185937e-08,2.03103125e-01
3.39585937e-08,2.03359375e-01
3.39985938e-08,2.03265625e-01
3.40385937e-08,2.03326563e-01
3.40785937e-08,2.03278125e-01
3.41185937e-08,2.03321875e-01
3.41585937e-08,2.03276563e-01
3.41985937e-08,2.03331250e-01
3.42385937e-08,2.03246875e-01
3.42785938e-08,2.03504688e-01
3.43185937e-08,2.03759375e-01
3.43585937e-08,2.03662500e-01
3.43985937e-08,2.03731250e-01
3.44385937e-08,2.03671875e-01
3.44785937e-08,2.03729688e-01
3.45185937e-08,2.03667188e-01
3.45585938e-08,2.03742188e-01
3.45985937e-08,2.03632813e-01
3.46385937e-08,2.03920313e-01
3.46785937e-08,2.04142188e-01
3.47185937e-08,2.04081250e-01
3.47585937e-08,2.04107813e-01
3.47985937e-08,2.04096875e-01
3.48385938e-08,2.04098438e-01
3.48785937e-08,2.04104687e-01
3.49185937e-08,2.04090625e-01
3.49585937e-08,2.04112500e-01
3.49985937e-08,2.04081250e-01
3.50385937e-08,2.04129688e-01
3.50785937e-08,2.04045313e-01
3.51185938e-08,2.04309375e-01
3.51585937e-08,2.04553125e-01
3.51985937e-08,2.04471875e-01
3.52385937e-08,2.04518750e-01
3.52785937e-08,2.04485937e-01
3.53185937e-08,2.04510938e-01
3.53585937e-08,2.04492188e-01
3.53985938e-08,2.04506250e-01
3.54385937e-08,2.04495312e-01
3.54785937e-08,2.04503125e-01
3.55185937e-08,2.04498438e-01
3.55585937e-08,2.04501563e-01
3.55985937e-08,2.04500000e-01
3.56385938e-08,2.04500000e-01
3.56785938e-08,2.04501563e-01
3.57185937e-08,2.04498438e-01
3.57585937e-08,2.04503125e-01
3.57985937e-08,2.04496875e-01
3.58385937e-08,2.04504688e-01
3.58785937e-08,2.04495312e-01
3.59185938e-08,2.04506250e-01
3.59585937e-08,2.04493750e-01
3.59985937e-08,2.04507812e-01
3.60385937e-08,2.04492188e-01
3.60785937e-08,2.04509375e-01
3.61185937e-08,2.04489063e-01
3.61585937e-08,2.04512500e-01
3.61985938e-08,2.04485937e-01
3.62385937e-08,2.04517188e-01
3.62785937e-08,2.04479688e-01
3.63185937e-08,2.04526563e-01
3.63585937e-08,2.04464063e-01
3.63985937e-08,2.04560938e-01
3.64385937e-08,2.04284375e-01
3.64785938e-08,2.04054687e-01
3.65185937e-08,2.04121875e-01
3.65585937e-08,2.04089063e-01
3.65985937e-08,2.04104687e-01
3.66385937e-08,2.04100000e-01
3.66785937e-08,2.04096875e-01
3.67185937e-08,2.04107813e-01
3.67585938e-08,2.04087500e-01
3.67985937e-08,2.04118750e-01
3.68385937e-08,2.04070313e-01
3.68785937e-08,2.04156250e-01
3.69185937e-08,2.03889062e-01
3.69585937e-08,2.03650000e-01
3.69985937e-08,2.03725000e-01
3.70385938e-08,2.03687500e-01
3.70785937e-08,2.03704688e-01
3.71185937e-08,2.03703125e-01
3.71585937e-08,2.03684375e-01
3.71985937e-08,2.03742188e-01
3.72385937e-08,2.03504688e-01
3.72785937e-08,2.03232812e-01
3.73185938e-08,2.03343750e-01
3.73585937e-08,2.03264063e-01
3.73985937e-08,2.03334375e-01
3.74385937e-08,2.03260938e-01
3.74785937e-08,2.03360938e-01
3.75185937e-08,2.03089063e-01
3.75585937e-08,2.02845313e-01
3.75985938e-08,2.02935937e-01
3.76385937e-08,2.02868750e-01
3.76785937e-08,2.02932813e-01
3.77185937e-08,2.02859375e-01
3.77585937e-08,2.02964063e-01
3.77985937e-08,2.02681250e-01
3.78385938e-08,2.02456250e-01
3.78785937e-08,2.02518750e-01
3.79185937e-08,2.02493750e-01
3.79585937e-08,2.02498438e-01
3.79985937e-08,2.02509375e-01
3.80385937e-08,2.02478125e-01
3.80785937e-08,2.02550000e-01
3.81185938e-08,2.02295313e-01
3.81585937e-08,2.02043750e-01
3.81985937e-08,2.02129688e-01
3.82385937e-08,2.02082813e-01
3.82785937e-08,2.02109375e-01
3.83185937e-08,2.02100000e-01
3.83585937e-08,2.02087500e-01
3.83985938e-08,2.02139063e-01
3.84385937e-08,2.01906250e-01
3.84785937e-08,2.01632813e-01
3.85185937e-08,2.01740625e-01
3.85585937e-08,2.01670313e-01
3.85985937e-08,2.01723438e-01
3.86385937e-08,2.01681250e-01
3.86785938e-08,2.01712500e-01
3.87185937e-08,2.01693750e-01
3.87585937e-08,2.01696875e-01
3.87985937e-08,2.01729688e-01
3.88385937e-08,2.01517188e-01
3.88785937e-08,2.01220312e-01
3.89185937e-08,2.01356250e-01
3.89585938e-08,2.01251563e-01
3.89985937e-08,2.01345313e-01
3.90385937e-08,2.01254688e-01
3.90785937e-08,2.01348438e-01
3.91185937e-08,2.01243750e-01
3.91585937e-08,2.01379688e-01
3.91985937e-08,2.01067188e-01
3.92385938e-08,2.00870313e-01
3.92785937e-08,2.00904688e-01
3.93185937e-08,2.00904688e-01
3.93585937e-08,2.00889062e-01
3.93985937e-08,2.00915625e-01
3.94385937e-08,2.00879688e-01
3.94785937e-08,2.00926563e-01
3.95185938e-08,2.00862500e-01
3.95585937e-08,2.00962500e-01
3.95985937e-08,2.00682813e-01
3.96385937e-08,2.00456250e-01
3.96785937e-08,2.00518750e-01
3.97185937e-08,2.00490625e-01
3.97585938e-08,2.00503125e-01
3.97985937e-08,2.00503125e-01
3.98385937e-08,2.00492188e-01
3.98785937e-08,2.00514063e-01
3.99185937e-08,2.00475000e-01
3.99585937e-08,2.00550000e-01
3.99985937e-08,2.00295313e-01
4.00385938e-08,2.00042187e-01
4.00785937e-08,2.00132813e-01
4.01185937e-08,2.00076562e-01
4.01585937e-08,2.00118750e-01
4.01985937e-08,2.00084375e-01
4.02385937e-08,2.00112500e-01
4.02785937e-08,2.00089062e-01
4.03185938e-08,2.00109375e-01
4.03585937e-08,2.00090625e-01
4.03985937e-08,2.00107813e-01
4.04385937e-08,2.00092188e-01
4.04785937e-08,2.00107813e-01
4.05185937e-08,2.00093750e-01
4.05585937e-08,2.00106250e-01
4.05985938e-08,2.00093750e-01
4.06385937e-08,2.00106250e-01
4.06785937e-08,2.00093750e-01
4.07185937e-08,2.00106250e-01
4.07585937e-08,2.00093750e-01
4.07985937e-08,2.00106250e-01
4.08385937e-08,2.00093750e-01
4.08785938e-08,2.00106250e-01
4.09185937e-08,2.00093750e-01
4.09585937e-08,2.00106250e-01
4.09985937e-08,2.00093750e-01
4.10385937e-08,2.00106250e-01
4.10785937e-08,2.00093750e-01
4.11185937e-08,2.00106250e-01
4.11585938e-08,2.00093750e-01
4.11985937e-08,2.00106250e-01
4.12385937e-08,2.00093750e-01
4.12785937e-08,2.00106250e-01
4.13185937e-08,2.00093750e-01
4.13585937e-08,2.00106250e-01
4.13985937e-08,2.00092188e-01
4.14385938e-08,2.00107813e-01
4.14785937e-08,2.00092188e-01
4.15185937e-08,2.00109375e-01
4.15585937e-08,2.00090625e-01
4.15985937e-08,2.00109375e-01
4.16385937e-08,2.00089062e-01
4.16785937e-08,2.00110938e-01
4.17185937e-08,2.00087500e-01
4.17585937e-08,2.00114063e-01
4.17985937e-08,2.00082813e-01
4.18385937e-08,2.00120313e-01
4.18785937e-08,2.00075000e-01
4.19185937e-08,2.00135937e-01
4.19585938e-08,2.00039063e-01
4.19985937e-08,2.00314063e-01
4.20385937e-08,2.00548438e-01
4.20785937e-08,2.00476563e-01
4.21185937e-08,2.00514063e-01
4.21585937e-08,2.00492188e-01
4.21985937e-08,2.00504688e-01
4.22385938e-08,2.00498438e-01
4.22785937e-08,2.00500000e-01
4.23185937e-08,2.00503125e-01
4.23585937e-08,2.00493750e-01
4.23985937e-08,2.00509375e-01
4.24385937e-08,2.00484375e-01
4.24785937e-08,2.00525000e-01
4.25185938e-08,2.00450000e-01
4.25585937e-08,2.00703125e-01
4.25985937e-08,2.00957812e-01
4.26385937e-08,2.00865625e-01
4.26785937e-08,2.00925000e-01
4.27185937e-08,2.00878125e-01
4.27585937e-08,2.00918750e-01
4.27985938e-08,2.00881250e-01
4.28385937e-08,2.00920313e-01
4.28785937e-08,2.00876563e-01
4.29185937e-08,2.00931250e-01
4.29585937e-08,2.00845313e-01
4.29985937e-08,2.01106250e-01
4.30385937e-08,2.01357813e-01
4.30785938e-08,2.01264063e-01
4.31185937e-08,2.01329688e-01
4.31585937e-08,2.01273438e-01
4.31985937e-08,2.01328125e-01
4.32385937e-08,2.01268750e-01
4.32785937e-08,2.01340625e-01
4.33185937e-08,2.01234375e-01
4.33585938e-08,2.01518750e-01
4.33985937e-08,2.01743750e-01
4.34385937e-08,2.01681250e-01
4.34785937e-08,2.01709375e-01
4.35185937e-08,2.01696875e-01
4.35585937e-08,2.01696875e-01
4.35985937e-08,2.01707812e-01
4.36385937e-08,2.01685938e-01
4.36785937e-08,2.01725000e-01
4.37185937e-08,2.01648437e-01
4.37585937e-08,2.01904688e-01
4.37985937e-08,2.02156250e-01
4.38385937e-08,2.02068750e-01
4.38785937e-08,2.02120313e-01
4.39185937e-08,2.02084375e-01
4.39585937e-08,2.02110938e-01
4.39985937e-08,2.02092188e-01
4.40385937e-08,2.02104688e-01
4.40785937e-08,2.02096875e-01
4.41185937e-08,2.02100000e-01
4.41585938e-08,2.02104688e-01
4.41985937e-08,2.02089062e-01
4.42385937e-08,2.02120313e-01
4.42785937e-08,2.02053125e-01
4.43185937e-08,2.02300000e-01
4.43585937e-08,2.02562500e-01
4.43985937e-08,2.02462500e-01
4.44385938e-08,2.02528125e-01
4.44785937e-08,2.02476563e-01
4.45185937e-08,2.02520313e-01
4.45585937e-08,2.02482812e-01
4.45985937e-08,2.02515625e-01
4.46385937e-08,2.02485938e-01
4.46785937e-08,2.02512500e-01
4.47185938e-08,2.02487500e-01
4.47585937e-08,2.02510938e-01
4.47985937e-08,2.02489063e-01
4.48385937e-08,2.02510938e-01
4.48785937e-08,2.02490625e-01
4.49185937e-08,2.02509375e-01
4.49585937e-08,2.02490625e-01
4.49985938e-08,2.02507812e-01
4.50385937e-08,2.02492188e-01
4.50785937e-08,2.02507812e-01
4.51185937e-08,2.02492188e-01
4.51585937e-08,2.02507812e-01
4.51985937e-08,2.02493750e-01
4.52385937e-08,2.02506250e-01
4.52785938e-08,2.02493750e-01
4.53185937e-08,2.02506250e-01
4.53585937e-08,2.02493750e-01
4.53985937e-08,2.02504688e-01
4.54385937e-08,2.02495312e-01
4.54785937e-08,2.02504688e-01
4.55185937e-08,2.02495312e-01
4.55585937e-08,2.02503125e-01
4.55985937e-08,2.02496875e-01
4.56385937e-08,2.02501563e-01
4.56785937e-08,2.02498438e-01
4.57185937e-08,2.02500000e-01
4.57585937e-08,2.02501563e-01
4.57985937e-08,2.02496875e-01
4.58385937e-08,2.02506250e-01
4.58785937e-08,2.02489063e-01
4.59185937e-08,2.02520313e-01
4.59585937e-08,2.02454688e-01
4.59985937e-08,2.02698437e-01
4.60385937e-08,2.02964063e-01
4.60785937e-08,2.02859375e-01
4.61185937e-08,2.02931250e-01
4.61585937e-08,2.02871875e-01
4.61985937e-08,2.02925000e-01
4.62385937e-08,2.02876562e-01
4.62785937e-08,2.02923437e-01
4.63185937e-08,2.02876562e-01
4.63585938e-08,2.02923437e-01
4.63985937e-08,2.02875000e-01
4.64385937e-08,2.02928125e-01
4.64785937e-08,2.02867188e-01
4.65185937e-08,2.02942188e-01
4.65585937e-08,2.02832813e-01
4.65985937e-08,2.03118750e-01
4.66385938e-08,2.03342187e-01
4.66785937e-08,2.03281250e-01
4.67185937e-08,2.03309375e-01
4.67585937e-08,2.03295313e-01
4.67985937e-08,2.03301563e-01
4.68385937e-08,2.03301563e-01
4.68785937e-08,2.03296875e-01
4.69185938e-08,2.03304687e-01
4.69585937e-08,2.03293750e-01
4.69985937e-08,2.03309375e-01
4.70385937e-08,2.03289063e-01
4.70785937e-08,2.03314063e-01
4.71185937e-08,2.03279688e-01
4.71585937e-08,2.03329688e-01
4.71985938e-08,2.03245312e-01
4.72385937e-08,2.03507812e-01
4.72785937e-08,2.03754688e-01
4.73185937e-08,2.03668750e-01
4.73585937e-08,2.03721875e-01
4.73985937e-08,2.03682813e-01
4.74385937e-08,2.03714063e-01
4.74785937e-08,2.03687500e-01
4.75185937e-08,2.03710938e-01
4.75585937e-08,2.03689063e-01
4.75985937e-08,2.03709375e-01
4.76385937e-08,2.03690625e-01
4.76785937e-08,2.03710938e-01
4.77185937e-08,2.03689063e-01
4.77585937e-08,2.03712500e-01
4.77985937e-08,2.03684375e-01
4.78385937e-08,2.03720313e-01
4.78785937e-08,2.03670313e-01
4.79185937e-08,2.03753125e-01
4.79585937e-08,2.03493750e-01
4.79985937e-08,2.03243750e-01
4.80385937e-08,2.03332813e-01
4.80785937e-08,2.03275000e-01
4.81185937e-08,2.03320313e-01
4.81585937e-08,2.03281250e-01
4.81985937e-08,2.03317187e-01
4.82385937e-08,2.03282813e-01
4.82785937e-08,2.03318750e-01
4.83185937e-08,2.03279688e-01
4.83585937e-08,2.03325000e-01
4.83985937e-08,2.03267188e-01
4.84385937e-08,2.03357813e-01
4.84785937e-08,2.03090625e-01
4.85185937e-08,2.02846875e-01
4.85585938e-08,2.02931250e-01
4.85985937e-08,2.02878125e-01
4.86385937e-08,2.02920313e-01
4.86785937e-08,2.02881250e-01
4.87185937e-08,2.02921875e-01
4.87585937e-08,2.02870313e-01
4.87985937e-08,2.02953125e-01
4.88385938e-08,2.02695313e-01
4.88785937e-08,2.02440625e-01
4.89185937e-08,2.02537500e-01
4.89585937e-08,2.02470312e-01
4.89985937e-08,2.02526563e-01
4.90385937e-08,2.02471875e-01
4.90785937e-08,2.02531250e-01
4.91185938e-08,2.02460937e-01
4.91585937e-08,2.02564063e-01
4.91985937e-08,2.02282813e-01
4.92385937e-08,2.02054687e-01
4.92785937e-08,2.02121875e-01
4.93185937e-08,2.02087500e-01
4.93585937e-08,2.02107813e-01
4.93985937e-08,2.02095313e-01
4.94385937e-08,2.02101562e-01
4.94785937e-08,2.02100000e-01
4.95185937e-08,2.02096875e-01
4.95585937e-08,2.02106250e-01
4.95985937e-08,2.02090625e-01
4.96385937e-08,2.02114062e-01
4.96785937e-08,2.02075000e-01
4.97185937e-08,2.02150000e-01
4.97585937e-08,2.01896875e-01
4.97985937e-08,2.01640625e-01
4.98385937e-08,2.01735938e-01
4.98785937e-08,2.01673437e-01
4.99185937e-08,2.01720312e-01
4.99585937e-08,2.01681250e-01
4.99985937e-08,2.01715625e-01
5.00385937e-08,2.01685938e-01
5.00785937e-08,2.01714063e-01
5.01185937e-08,2.01687500e-01
5.01585937e-08,2.01712500e-01
5.01985937e-08,2.01687500e-01
5.02385937e-08,2.01712500e-01
5.02785937e-08,2.01687500e-01
5.03185937e-08,2.01712500e-01
5.03585937e-08,2.01687500e-01
5.03985937e-08,2.01712500e-01
5.04385937e-08,2.01685938e-01
5.04785937e-08,2.01714063e-01
5.05185937e-08,2.01684375e-01
5.05585937e-08,2.01717188e-01
5.05985937e-08,2.01679688e-01
5.06385937e-08,2.01723438e-01
5.06785937e-08,2.01671875e-01
5.07185937e-08,2.01739063e-01
5.07585938e-08,2.01635938e-01
5.07985937e-08,2.01918750e-01
5.08385937e-08,2.02142188e-01
5.08785937e-08,2.02082813e-01
5.09185937e-08,2.02104688e-01
5.09585937e-08,2.02104688e-01
5.09985937e-08,2.02082813e-01
5.10385937e-08,2.02143750e-01
5.10785937e-08,2.01901563e-01
5.11185937e-08,2.01637500e-01
5.11585937e-08,2.01739063e-01
5.11985937e-08,2.01671875e-01
5.12385937e-08,2.01723438e-01
5.12785937e-08,2.01679688e-01
5.13185937e-08,2.01717188e-01
5.13585937e-08,2.01684375e-01
5.13985937e-08,2.01715625e-01
5.14385937e-08,2.01685938e-01
5.14785937e-08,2.01714063e-01
5.15185937e-08,2.01685938e-01
5.15585937e-08,2.01714063e-01
5.15985937e-08,2.01685938e-01
5.16385937e-08,2.01714063e-01
5.16785937e-08,2.01685938e-01
5.17185937e-08,2.01715625e-01
5.17585937e-08,2.01682813e-01
5.17985937e-08,2.01718750e-01
5.18385937e-08,2.01678125e-01
5.18785937e-08,2.01726563e-01
5.19185937e-08,2.01664063e-01
5.19585937e-08,2.01760938e-01
5.19985937e-08,2.01485938e-01
5.20385937e-08,2.01251563e-01
5.20785937e-08,2.01325000e-01
5.21185937e-08,2.01285938e-01
5.21585937e-08,2.01309375e-01
5.21985937e-08,2.01293750e-01
5.22385937e-08,2.01304687e-01
5.22785937e-08,2.01298438e-01
5.23185937e-08,2.01300000e-01
5.23585937e-08,2.01301563e-01
5.23985937e-08,2.01296875e-01
5.24385937e-08,2.01304687e-01
5.24785937e-08,2.01293750e-01
5.25185937e-08,2.01307813e-01
5.25585937e-08,2.01289063e-01
5.25985937e-08,2.01317187e-01
5.26385937e-08,2.01273438e-01
5.26785937e-08,2.01351562e-01
5.27185937e-08,2.01095313e-01
5.27585937e-08,2.00843750e-01
5.27985937e-08,2.00932813e-01
5.28385937e-08,2.00876563e-01
5.28785937e-08,2.00918750e-01
5.29185937e-08,2.00884375e-01
5.29585937e-08,2.00912500e-01
5.29985937e-08,2.00889062e-01
5.30385937e-08,2.00910937e-01
5.30785937e-08,2.00890625e-01
5.31185937e-08,2.00907813e-01
5.31585937e-08,2.00892188e-01
5.31985937e-08,2.00907813e-01
5.32385937e-08,2.00893750e-01
5.32785937e-08,2.00906250e-01
5.33185937e-08,2.00895313e-01
5.33585937e-08,2.00904688e-01
5.33985937e-08,2.00895313e-01
5.34385937e-08,2.00903125e-01
5.34785937e-08,2.00896875e-01
5.35185937e-08,2.00901563e-01
5.35585937e-08,2.00898437e-01
5.35985937e-08,2.00900000e-01
5.36385937e-08,2.00901563e-01
5.36785937e-08,2.00895313e-01
5.37185937e-08,2.00909375e-01
5.37585937e-08,2.00881250e-01
5.37985937e-08,2.00943750e-01
5.38385937e-08,2.00703125e-01
5.38785937e-08,2.00432813e-01
5.39185937e-08,2.00543750e-01
5.39585937e-08,2.00465625e-01
5.39985937e-08,2.00531250e-01
5.40385937e-08,2.00468750e-01
5.40785937e-08,2.00531250e-01
5.41185937e-08,2.00465625e-01
5.41585937e-08,2.00543750e-01
5.41985937e-08,2.00432813e-01
5.42385937e-08,2.00720312e-01
5.42785937e-08,2.00943750e-01
5.43185937e-08,2.00879688e-01
5.43585937e-08,2.00910937e-01
5.43985937e-08,2.00893750e-01
5.44385937e-08,2.00904688e-01
5.44785937e-08,2.00896875e-01
5.45185937e-08,2.00901563e-01
5.45585937e-08,2.00898437e-01
5.45985937e-08,2.00903125e-01
5.46385937e-08,2.00896875e-01
5.46785937e-08,2.00906250e-01
5.47185937e-08,2.00890625e-01
5.47585937e-08,2.00918750e-01
5.47985937e-08,2.00857813e-01
5.48385937e-08,2.01093750e-01
5.48785937e-08,2.01370313e-01
5.49185937e-08,2.01251563e-01
5.49585937e-08,2.01342188e-01
5.49985937e-08,2.01257813e-01
5.50385937e-08,2.01348438e-01
5.50785937e-08,2.01228125e-01
5.51185937e-08,2.01523438e-01
5.51585937e-08,2.01740625e-01
5.51985937e-08,2.01681250e-01
5.52385937e-08,2.01712500e-01
5.52785937e-08,2.01689063e-01
5.53185937e-08,2.01717188e-01
5.53585937e-08,2.01662500e-01
5.53985937e-08,2.01887500e-01
5.54385937e-08,2.02179688e-01
5.54785937e-08,2.02035938e-01
5.55185937e-08,2.02165625e-01
5.55585937e-08,2.02012500e-01
5.55985937e-08,2.02339062e-01
5.56385937e-08,2.02521875e-01
5.56785937e-08,2.02504688e-01
5.57185937e-08,2.02481250e-01
5.57585937e-08,2.02534375e-01
5.57985937e-08,2.02437500e-01
5.58385937e-08,2.02720312e-01
5.58785937e-08,2.02939063e-01
5.59185937e-08,2.02889062e-01
5.59585937e-08,2.02895313e-01
5.59985937e-08,2.02920313e-01
5.60385937e-08,2.02850000e-01
5.60785937e-08,2.03106250e-01
5.61185937e-08,2.03351562e-01
5.61585937e-08,2.03276563e-01
5.61985937e-08,2.03309375e-01
5.62385937e-08,2.03306250e-01
5.62785937e-08,2.03265625e-01
5.63185937e-08,2.03489063e-01
5.63585937e-08,2.03771875e-01
5.63985937e-08,2.03651562e-01
5.64385937e-08,2.03740625e-01
5.64785937e-08,2.03660937e-01
5.65185937e-08,2.03745312e-01
5.65585937e-08,2.03634375e-01
5.65985937e-08,2.03915625e-01
5.66385937e-08,2.04148438e-01
5.66785937e-08,2.04073438e-01
5.67185937e-08,2.04120313e-01
5.67585937e-08,2.04081250e-01
5.67985937e-08,2.04120313e-01
5.68385937e-08,2.04076563e-01
5.68785937e-08,2.04132813e-01
5.69185937e-08,2.04043750e-01
5.69585937e-08,2.04309375e-01
5.69985937e-08,2.04553125e-01
5.70385937e-08,2.04471875e-01
5.70785937e-08,2.04518750e-01
5.71185937e-08,2.04485937e-01
5.71585937e-08,2.04510938e-01
5.71985937e-08,2.04490625e-01
5.72385937e-08,2.04507812e-01
5.72785937e-08,2.04493750e-01
5.73185937e-08,2.04504688e-01
5.73585937e-08,2.04495312e-01
5.73985937e-08,2.04503125e-01
5.74385937e-08,2.04498438e-01
5.74785937e-08,2.04501563e-01
5.75185937e-08,2.04500000e-01
5.75585937e-08,2.04500000e-01
5.75985937e-08,2.04501563e-01
5.76385937e-08,2.04498438e-01
5.76785937e-08,2.04503125e-01
5.77185937e-08,2.04495312e-01
5.77585937e-08,2.04506250e-01
5.77985937e-08,2.04492188e-01
5.78385937e-08,2.04509375e-01
5.78785937e-08,2.04487500e-01
5.79185937e-08,2.04518750e-01
5.79585937e-08,2.04471875e-01
5.79985937e-08,2.04554687e-01
5.80385937e-08,2.04292187e-01
5.80785937e-08,2.04045313e-01
5.81185937e-08,2.04129688e-01
5.81585937e-08,2.04081250e-01
5.81985937e-08,2.04112500e-01
5.82385937e-08,2.04092188e-01
5.82785937e-08,2.04103125e-01
5.83185937e-08,2.04103125e-01
5.83585937e-08,2.04085938e-01
5.83985937e-08,2.04139062e-01
5.84385937e-08,2.03907813e-01
5.84785937e-08,2.03629688e-01
5.85185937e-08,2.03748438e-01
5.85585937e-08,2.03660937e-01
5.85985937e-08,2.03735938e-01
5.86385937e-08,2.03664063e-01
5.86785937e-08,2.03739063e-01
5.87185937e-08,2.03651562e-01
5.87585937e-08,2.03771875e-01
5.87985937e-08,2.03475000e-01
5.88385937e-08,2.03262500e-01
5.88785937e-08,2.03314063e-01
5.89185937e-08,2.03296875e-01
5.89585937e-08,2.03295313e-01
5.89985937e-08,2.03310938e-01
5.90385937e-08,2.03278125e-01
5.90785937e-08,2.03348438e-01
5.91185937e-08,2.03098438e-01
5.91585937e-08,2.02839063e-01
5.91985937e-08,2.02937500e-01
5.92385937e-08,2.02870313e-01
5.92785937e-08,2.02926563e-01
5.93185937e-08,2.02873438e-01
5.93585937e-08,2.02929688e-01
5.93985937e-08,2.02862500e-01
5.94385937e-08,2.02959375e-01
5.94785937e-08,2.02687500e-01
5.95185937e-08,2.02448438e-01
5.95585937e-08,2.02529687e-01
5.95985937e-08,2.02478125e-01
5.96385937e-08,2.02518750e-01
5.96785937e-08,2.02481250e-01
5.97185938e-08,2.02521875e-01
5.97585937e-08,2.02470312e-01
5.97985938e-08,2.02553125e-01
5.98385937e-08,2.02295313e-01
5.98785937e-08,2.02042187e-01
5.99185937e-08,2.02135938e-01
5.99585937e-08,2.02071875e-01
5.99985938e-08,2.02125000e-01
6.00385937e-08,2.02076563e-01
6.00785938e-08,2.02123438e-01
6.01185937e-08,2.02075000e-01
6.01585937e-08,2.02129688e-01
6.01985937e-08,2.02060938e-01
6.02385937e-08,2.02164063e-01
6.02785938e-08,2.01882813e-01
6.03185937e-08,2.01654688e-01
6.03585938e-08,2.01721875e-01
6.03985937e-08,2.01687500e-01
6.04385937e-08,2.01706250e-01
6.04785937e-08,2.01696875e-01
6.05185937e-08,2.01700000e-01
6.05585938e-08,2.01701563e-01
6.05985937e-08,2.01695313e-01
6.06385937e-08,2.01707812e-01
6.06785937e-08,2.01689063e-01
6.07185937e-08,2.01717188e-01
6.07585937e-08,2.01673437e-01
6.07985937e-08,2.01753125e-01
6.08385938e-08,2.01493750e-01
6.08785937e-08,2.01243750e-01
6.09185937e-08,2.01331250e-01
6.09585937e-08,2.01278125e-01
6.09985937e-08,2.01317187e-01
6.10385937e-08,2.01285938e-01
6.10785937e-08,2.01310938e-01
6.11185938e-08,2.01290625e-01
6.11585937e-08,2.01309375e-01
6.11985937e-08,2.01292187e-01
6.12385937e-08,2.01306250e-01
6.12785937e-08,2.01293750e-01
6.13185937e-08,2.01304687e-01
6.13585937e-08,2.01295313e-01
6.13985938e-08,2.01304687e-01
6.14385937e-08,2.01296875e-01
6.14785937e-08,2.01303125e-01
6.15185937e-08,2.01296875e-01
6.15585937e-08,2.01303125e-01
6.15985937e-08,2.01298438e-01
6.16385937e-08,2.01301563e-01
6.16785938e-08,2.01298438e-01
6.17185937e-08,2.01301563e-01
6.17585937e-08,2.01300000e-01
6.17985937e-08,2.01300000e-01
6.18385937e-08,2.01300000e-01
6.18785937e-08,2.01298438e-01
6.19185937e-08,2.01301563e-01
6.19585938e-08,2.01296875e-01
6.19985937e-08,2.01303125e-01
6.20385937e-08,2.01295313e-01
6.20785937e-08,2.01306250e-01
6.21185937e-08,2.01292187e-01
6.21585937e-08,2.01310938e-01
6.21985937e-08,2.01284375e-01
6.22385938e-08,2.01325000e-01
6.22785937e-08,2.01250000e-01
6.23185937e-08,2.01503125e-01
6.23585937e-08,2.01759375e-01
6.23985937e-08,2.01664063e-01
6.24385938e-08,2.01726563e-01
6.24785937e-08,2.01678125e-01
6.25185938e-08,2.01720312e-01
6.25585937e-08,2.01681250e-01
6.25985937e-08,2.01718750e-01
6.26385937e-08,2.01681250e-01
6.26785937e-08,2.01720312e-01
6.27185938e-08,2.01675000e-01
6.27585937e-08,2.01734375e-01
6.27985938e-08,2.01642188e-01
6.28385937e-08,2.01910937e-01
6.28785937e-08,2.02153125e-01
6.29185937e-08,2.02070313e-01
6.29585937e-08,2.02120313e-01
6.29985938e-08,2.02082813e-01
6.30385937e-08,2.02114062e-01
6.30785938e-08,2.02085938e-01
6.31185937e-08,2.02114062e-01
6.31585937e-08,2.02085938e-01
6.31985937e-08,2.02114062e-01
6.32385937e-08,2.02084375e-01
6.32785938e-08,2.02118750e-01
6.33185937e-08,2.02076563e-01
6.33585938e-08,2.02132813e-01
6.33985937e-08,2.02042187e-01
6.34385937e-08,2.02310938e-01
6.34785937e-08,2.02550000e-01
6.35185937e-08,2.02473438e-01
6.35585938e-08,2.02517188e-01
6.35985937e-08,2.02487500e-01
6.36385938e-08,2.02507812e-01
6.36785937e-08,2.02493750e-01
6.37185937e-08,2.02504688e-01
6.37585937e-08,2.02496875e-01
6.37985937e-08,2.02500000e-01
6.38385938e-08,2.02501563e-01
6.38785937e-08,2.02496875e-01
6.39185938e-08,2.02506250e-01
6.39585937e-08,2.02490625e-01
6.39985937e-08,2.02514063e-01
6.40385937e-08,2.02475000e-01
6.40785937e-08,2.02550000e-01
6.41185938e-08,2.02296875e-01
6.41585937e-08,2.02040625e-01
6.41985938e-08,2.02135938e-01
6.42385937e-08,2.02075000e-01
6.42785937e-08,2.02120313e-01
6.43185937e-08,2.02082813e-01
6.43585937e-08,2.02115625e-01
6.43985938e-08,2.02085938e-01
6.44385937e-08,2.02112500e-01
6.44785937e-08,2.02089062e-01
6.45185937e-08,2.02110938e-01
6.45585937e-08,2.02089062e-01
6.45985937e-08,2.02109375e-01
6.46385937e-08,2.02090625e-01
6.46785938e-08,2.02109375e-01
6.47185937e-08,2.02090625e-01
6.47585937e-08,2.02107813e-01
6.47985937e-08,2.02092188e-01
6.48385937e-08,2.02107813e-01
6.48785937e-08,2.02092188e-01
6.49185937e-08,2.02107813e-01
6.49585938e-08,2.02092188e-01
6.49985937e-08,2.02107813e-01
6.50385937e-08,2.02092188e-01
6.50785937e-08,2.02107813e-01
6.51185937e-08,2.02092188e-01
6.51585937e-08,2.02107813e-01
6.51985937e-08,2.02092188e-01
6.52385938e-08,2.02107813e-01
6.52785937e-08,2.02090625e-01
6.53185937e-08,2.02109375e-01
6.53585937e-08,2.02089062e-01
6.53985937e-08,2.02110938e-01
6.54385937e-08,2.02085938e-01
6.54785937e-08,2.02115625e-01
6.55185938e-08,2.02079687e-01
6.55585937e-08,2.02129688e-01
6.55985937e-08,2.02045313e-01
6.56385937e-08,2.02307813e-01
6.56785937e-08,2.02554687e-01
6.57185937e-08,2.02468750e-01
6.57585937e-08,2.02523438e-01
6.57985938e-08,2.02481250e-01
6.58385937e-08,2.02517188e-01
6.58785937e-08,2.02484375e-01
6.59185937e-08,2.02515625e-01
6.59585937e-08,2.02482812e-01
6.59985937e-08,2.02520313e-01
6.60385937e-08,2.02476563e-01
6.60785938e-08,2.02532812e-01
6.61185937e-08,2.02442188e-01
6.61585937e-08,2.02710938e-01
6.61985937e-08,2.02951563e-01
6.62385937e-08,2.02871875e-01
6.62785937e-08,2.02918750e-01
6.63185937e-08,2.02885938e-01
6.63585938e-08,2.02910937e-01
6.63985937e-08,2.02890625e-01
6.64385937e-08,2.02907813e-01
6.64785937e-08,2.02893750e-01
6.65185937e-08,2.02906250e-01
6.65585937e-08,2.02895313e-01
6.65985937e-08,2.02904688e-01
6.66385938e-08,2.02895313e-01
6.66785937e-08,2.02903125e-01
6.67185937e-08,2.02896875e-01
6.67585937e-08,2.02903125e-01
6.67985937e-08,2.02898438e-01
6.68385938e-08,2.02901563e-01
6.68785937e-08,2.02898438e-01
6.69185938e-08,2.02901563e-01
6.69585937e-08,2.02900000e-01
6.69985937e-08,2.02900000e-01
6.70385937e-08,2.02900000e-01
6.70785937e-08,2.02898438e-01
6.71185938e-08,2.02903125e-01
6.71585937e-08,2.02895313e-01
6.71985938e-08,2.02906250e-01
6.72385937e-08,2.02890625e-01
6.72785937e-08,2.02914063e-01
6.73185937e-08,2.02876562e-01
6.73585937e-08,2.02948438e-01
6.73985938e-08,2.02698437e-01
6.74385937e-08,2.02437500e-01
6.74785938e-08,2.02539063e-01
6.75185937e-08,2.02470312e-01
6.75585937e-08,2.02526563e-01
6.75985937e-08,2.02476563e-01
6.76385937e-08,2.02523438e-01
6.76785938e-08,2.02475000e-01
6.77185937e-08,2.02529687e-01
6.77585938e-08,2.02462500e-01
6.77985937e-08,2.02560938e-01
6.78385937e-08,2.02285938e-01
6.78785937e-08,2.02050000e-01
6.79185937e-08,2.02126562e-01
6.79585938e-08,2.02081250e-01
6.79985937e-08,2.02114062e-01
6.80385938e-08,2.02087500e-01
6.80785937e-08,2.02110938e-01
6.81185937e-08,2.02089062e-01
6.81585937e-08,2.02112500e-01
6.81985937e-08,2.02084375e-01
6.82385938e-08,2.02120313e-01
6.82785937e-08,2.02071875e-01
6.83185937e-08,2.02153125e-01
6.83585937e-08,2.01893750e-01
6.83985937e-08,2.01643750e-01
6.84385937e-08,2.01732812e-01
6.84785937e-08,2.01676563e-01
6.85185938e-08,2.01718750e-01
6.85585937e-08,2.01684375e-01
6.85985937e-08,2.01714063e-01
6.86385937e-08,2.01687500e-01
6.86785937e-08,2.01712500e-01
6.87185937e-08,2.01689063e-01
6.87585937e-08,2.01710938e-01
6.87985938e-08,2.01689063e-01
6.88385937e-08,2.01709375e-01
6.88785937e-08,2.01690625e-01
6.89185937e-08,2.01709375e-01
6.89585937e-08,2.01690625e-01
6.89985937e-08,2.01709375e-01
6.90385937e-08,2.01690625e-01
6.90785938e-08,2.01709375e-01
6.91185937e-08,2.01690625e-01
6.91585937e-08,2.01710938e-01
6.91985937e-08,2.01689063e-01
6.92385937e-08,2.01710938e-01
6.92785937e-08,2.01689063e-01
6.93185937e-08,2.01712500e-01
6.93585938e-08,2.01687500e-01
6.93985937e-08,2.01714063e-01
6.94385937e-08,2.01684375e-01
6.94785937e-08,2.01717188e-01
6.95185937e-08,2.01679688e-01
6.95585937e-08,2.01725000e-01
6.95985937e-08,2.01665625e-01
6.96385938e-08,2.01759375e-01
6.96785937e-08,2.01487500e-01
6.97185937e-08,2.01250000e-01
6.97585937e-08,2.01325000e-01
6.97985937e-08,2.01284375e-01
6.98385937e-08,2.01310938e-01
6.98785937e-08,2.01292187e-01
6.99185938e-08,2.01306250e-01
6.99585937e-08,2.01295313e-01
6.99985937e-08,2.01303125e-01
7.00385937e-08,2.01296875e-01
7.00785937e-08,2.01301563e-01
7.01185937e-08,2.01298438e-01
7.01585937e-08,2.01301563e-01
7.01985938e-08,2.01300000e-01
7.02385937e-08,2.01300000e-01
7.02785937e-08,2.01300000e-01
7.03185937e-08,2.01300000e-01
7.03585937e-08,2.01300000e-01
7.03985937e-08,2.01300000e-01
7.04385937e-08,2.01301563e-01
7.04785938e-08,2.01298438e-01
7.05185937e-08,2.01301563e-01
7.05585937e-08,2.01298438e-01
7.05985937e-08,2.01301563e-01
7.06385937e-08,2.01298438e-01
7.06785937e-08,2.01301563e-01
7.07185937e-08,2.01296875e-01
7.07585938e-08,2.01303125e-01
7.07985937e-08,2.01296875e-01
7.08385937e-08,2.01303125e-01
7.08785937e-08,2.01296875e-01
7.09185937e-08,2.01303125e-01
7.09585937e-08,2.01296875e-01
7.09985937e-08,2.01304687e-01
7.10385938e-08,2.01295313e-01
7.10785937e-08,2.01304687e-01
7.11185937e-08,2.01295313e-01
7.11585937e-08,2.01306250e-01
7.11985937e-08,2.01293750e-01
7.12385938e-08,2.01307813e-01
7.12785937e-08,2.01292187e-01
7.13185938e-08,2.01309375e-01
7.13585937e-08,2.01287500e-01
7.13985937e-08,2.01315625e-01
7.14385937e-08,2.01279687e-01
7.14785937e-08,2.01329688e-01
7.15185938e-08,2.01245312e-01
7.15585937e-08,2.01507812e-01
7.15985938e-08,2.01754688e-01
7.16385937e-08,2.01668750e-01
7.16785937e-08,2.01723438e-01
7.17185937e-08,2.01681250e-01
7.17585937e-08,2.01715625e-01
7.17985938e-08,2.01685938e-01
7.18385937e-08,2.01714063e-01
7.18785937e-08,2.01684375e-01
7.19185937e-08,2.01717188e-01
7.19585937e-08,2.01679688e-01
7.19985937e-08,2.01729688e-01
7.20385937e-08,2.01646875e-01
7.20785938e-08,2.01904688e-01
7.21185937e-08,2.02159375e-01
7.21585937e-08,2.02064063e-01
7.21985937e-08,2.02129688e-01
7.22385937e-08,2.02073438e-01
7.22785937e-08,2.02126562e-01
7.23185937e-08,2.02068750e-01
7.23585938e-08,2.02139063e-01
7.23985937e-08,2.02035938e-01
7.24385937e-08,2.02317187e-01
7.24785937e-08,2.02545313e-01
7.25185937e-08,2.02479688e-01
7.25585937e-08,2.02509375e-01
7.25985937e-08,2.02498438e-01
7.26385938e-08,2.02493750e-01
7.26785937e-08,2.02517188e-01
7.27185937e-08,2.02457813e-01
7.27585937e-08,2.02696875e-01
7.27985937e-08,2.02965625e-01
7.28385937e-08,2.02857813e-01
7.28785937e-08,2.02932813e-01
7.29185938e-08,2.02871875e-01
7.29585937e-08,2.02925000e-01
7.29985937e-08,2.02875000e-01
7.30385937e-08,2.02925000e-01
7.30785937e-08,2.02875000e-01
7.31185937e-08,2.02928125e-01
7.31585937e-08,2.02867188e-01
7.31985938e-08,2.02942188e-01
7.32385937e-08,2.02832813e-01
7.32785937e-08,2.03120313e-01
7.33185937e-08,2.03342187e-01
7.33585937e-08,2.03282813e-01
7.33985937e-08,2.03307813e-01
7.34385937e-08,2.03300000e-01
7.34785938e-08,2.03295313e-01
7.35185937e-08,2.03312500e-01
7.35585937e-08,2.03278125e-01
7.35985937e-08,2.03348438e-01
7.36385937e-08,2.03098438e-01
7.36785937e-08,2.02839063e-01
7.37185937e-08,2.02937500e-01
7.37585938e-08,2.02871875e-01
7.37985937e-08,2.02923437e-01
7.38385937e-08,2.02879688e-01
7.38785937e-08,2.02918750e-01
7.39185937e-08,2.02881250e-01
7.39585937e-08,2.02918750e-01
7.39985937e-08,2.02878125e-01
7.40385938e-08,2.02925000e-01
7.40785937e-08,2.02865625e-01
7.41185937e-08,2.02957813e-01
7.41585937e-08,2.02689063e-01
7.41985937e-08,2.02446875e-01
7.42385937e-08,2.02531250e-01
7.42785937e-08,2.02478125e-01
7.43185938e-08,2.02520313e-01
7.43585937e-08,2.02479688e-01
7.43985937e-08,2.02521875e-01
7.44385937e-08,2.02470312e-01
7.44785937e-08,2.02553125e-01
7.45185937e-08,2.02295313e-01
7.45585937e-08,2.02042187e-01
7.45985938e-08,2.02135938e-01
7.46385937e-08,2.02071875e-01
7.46785937e-08,2.02126562e-01
7.47185937e-08,2.02073438e-01
7.47585937e-08,2.02129688e-01
7.47985937e-08,2.02062500e-01
7.48385937e-08,2.02162500e-01
7.48785938e-08,2.01885938e-01
7.49185937e-08,2.01651562e-01
7.49585937e-08,2.01725000e-01
7.49985937e-08,2.01684375e-01
7.50385937e-08,2.01710938e-01
7.50785937e-08,2.01690625e-01
7.51185937e-08,2.01707812e-01
7.51585938e-08,2.01693750e-01
7.51985937e-08,2.01704688e-01
7.52385937e-08,2.01695313e-01
7.52785937e-08,2.01703125e-01
7.53185937e-08,2.01696875e-01
7.53585938e-08,2.01703125e-01
7.53985937e-08,2.01698437e-01
7.54385938e-08,2.01701563e-01
7.54785937e-08,2.01698437e-01
7.55185937e-08,2.01701563e-01
7.55585937e-08,2.01698437e-01
7.55985937e-08,2.01701563e-01
7.56385938e-08,2.01698437e-01
7.56785937e-08,2.01701563e-01
7.57185937e-08,2.01698437e-01
7.57585937e-08,2.01700000e-01
7.57985937e-08,2.01700000e-01
7.58385937e-08,2.01700000e-01
7.58785937e-08,2.01700000e-01
7.59185938e-08,2.01700000e-01
7.59585937e-08,2.01700000e-01
7.59985937e-08,2.01700000e-01
7.60385937e-08,2.01700000e-01
7.60785937e-08,2.01700000e-01
7.61185937e-08,2.01700000e-01
7.61585937e-08,2.01700000e-01
7.61985938e-08,2.01700000e-01
7.62385937e-08,2.01700000e-01
7.62785937e-08,2.01700000e-01
7.63185937e-08,2.01700000e-01
7.63585937e-08,2.01700000e-01
7.63985937e-08,2.01698437e-01
7.64385937e-08,2.01701563e-01
7.64785938e-08,2.01698437e-01
7.65185937e-08,2.01701563e-01
7.65585937e-08,2.01698437e-01
7.65985937e-08,2.01701563e-01
7.66385937e-08,2.01698437e-01
7.66785937e-08,2.01701563e-01
7.67185937e-08,2.01696875e-01
7.67585938e-08,2.01703125e-01
7.67985937e-08,2.01696875e-01
7.68385937e-08,2.01703125e-01
7.68785937e-08,2.01695313e-01
7.69185937e-08,2.01704688e-01
7.69585937e-08,2.01693750e-01
7.69985937e-08,2.01706250e-01
7.70385938e-08,2.01692188e-01
7.70785937e-08,2.01710938e-01
7.71185937e-08,2.01685938e-01
7.71585937e-08,2.01718750e-01
7.71985937e-08,2.01671875e-01
7.72385937e-08,2.01753125e-01
7.72785937e-08,2.01493750e-01
7.73185938e-08,2.01243750e-01
7.73585937e-08,2.01332813e-01
7.73985937e-08,2.01276563e-01
7.74385937e-08,2.01317187e-01
7.74785937e-08,2.01285938e-01
7.75185937e-08,2.01312500e-01
7.75585937e-08,2.01289063e-01
7.75985938e-08,2.01310938e-01
7.76385937e-08,2.01290625e-01
7.76785937e-08,2.01309375e-01
7.77185937e-08,2.01292187e-01
7.77585937e-08,2.01307813e-01
7.77985937e-08,2.01292187e-01
7.78385937e-08,2.01307813e-01
7.78785938e-08,2.01293750e-01
7.79185937e-08,2.01306250e-01
7.79585937e-08,2.01293750e-01
7.79985937e-08,2.01306250e-01
7.80385937e-08,2.01293750e-01
7.80785937e-08,2.01306250e-01
7.81185937e-08,2.01293750e-01
7.81585938e-08,2.01306250e-01
7.81985937e-08,2.01293750e-01
7.82385937e-08,2.01306250e-01
7.82785937e-08,2.01293750e-01
7.83185937e-08,2.01306250e-01
7.83585937e-08,2.01293750e-01
7.83985937e-08,2.01306250e-01
7.84385938e-08,2.01293750e-01
7.84785937e-08,2.01306250e-01
7.85185937e-08,2.01293750e-01
7.85585937e-08,2.01306250e-01
7.85985937e-08,2.01293750e-01
7.86385937e-08,2.01306250e-01
7.86785937e-08,2.01293750e-01
7.87185938e-08,2.01306250e-01
7.87585937e-08,2.01292187e-01
7.87985937e-08,2.01307813e-01
7.88385937e-08,2.01292187e-01
7.88785937e-08,2.01307813e-01
7.89185937e-08,2.01290625e-01
7.89585937e-08,2.01309375e-01
7.89985938e-08,2.01290625e-01
7.90385937e-08,2.01310938e-01
7.90785937e-08,2.01287500e-01
7.91185937e-08,2.01314063e-01
7.91585937e-08,2.01284375e-01
7.91985937e-08,2.01318750e-01
7.92385937e-08,2.01276563e-01
7.92785938e-08,2.01332813e-01
7.93185937e-08,2.01242188e-01
7.93585937e-08,2.01510938e-01
7.93985937e-08,2.01751563e-01
7.94385937e-08,2.01673437e-01
7.94785937e-08,2.01717188e-01
7.95185937e-08,2.01687500e-01
7.95585937e-08,2.01709375e-01
7.95985937e-08,2.01692188e-01
7.96385937e-08,2.01706250e-01
7.96785937e-08,2.01695313e-01
7.97185937e-08,2.01704688e-01
7.97585938e-08,2.01696875e-01
7.97985937e-08,2.01703125e-01
7.98385937e-08,2.01698437e-01
7.98785937e-08,2.01701563e-01
7.99185937e-08,2.01698437e-01
7.99585937e-08,2.01701563e-01
7.99985937e-08,2.01700000e-01
8.00385938e-08,2.01700000e-01
8.00785937e-08,2.01700000e-01
8.01185937e-08,2.01700000e-01
8.01585937e-08,2.01700000e-01
8.01985937e-08,2.01700000e-01
8.02385937e-08,2.01701563e-01
8.02785937e-08,2.01698437e-01
8.03185938e-08,2.01701563e-01
8.03585937e-08,2.01698437e-01
8.03985937e-08,2.01701563e-01
8.04385937e-08,2.01698437e-01
8.04785937e-08,2.01701563e-01
8.05185937e-08,2.01696875e-01
8.05585937e-08,2.01703125e-01
8.05985938e-08,2.01696875e-01
8.06385937e-08,2.01703125e-01
8.06785937e-08,2.01695313e-01
8.07185937e-08,2.01704688e-01
8.07585937e-08,2.01695313e-01
8.07985937e-08,2.01706250e-01
8.08385937e-08,2.01693750e-01
8.08785938e-08,2.01707812e-01
8.09185937e-08,2.01692188e-01
8.09585937e-08,2.01709375e-01
8.09985937e-08,2.01687500e-01
8.10385937e-08,2.01715625e-01
8.10785937e-08,2.01679688e-01
8.11185937e-08,2.01729688e-01
8.11585938e-08,2.01645313e-01
8.11985937e-08,2.01907813e-01
8.12385937e-08,2.02154688e-01
8.12785937e-08,2.02070313e-01
8.13185937e-08,2.02120313e-01
8.13585937e-08,2.02084375e-01
8.13985937e-08,2.02112500e-01
8.14385938e-08,2.02089062e-01
8.14785937e-08,2.02109375e-01
8.15185937e-08,2.02092188e-01
8.15585937e-08,2.02107813e-01
8.15985937e-08,2.02093750e-01
8.16385937e-08,2.02106250e-01
8.16785937e-08,2.02095313e-01
8.17185938e-08,2.02104688e-01
8.17585937e-08,2.02095313e-01
8.17985937e-08,2.02104688e-01
8.18385937e-08,2.02095313e-01
8.18785937e-08,2.02103125e-01
8.19185937e-08,2.02096875e-01
8.19585937e-08,2.02103125e-01
8.19985938e-08,2.02096875e-01
8.20385937e-08,2.02103125e-01
8.20785937e-08,2.02096875e-01
8.21185937e-08,2.02103125e-01
8.21585937e-08,2.02096875e-01
8.21985937e-08,2.02103125e-01
8.22385937e-08,2.02098438e-01
8.22785938e-08,2.02101562e-01
8.23185937e-08,2.02098438e-01
8.23585937e-08,2.02101562e-01
8.23985937e-08,2.02098438e-01
8.24385937e-08,2.02101562e-01
8.24785937e-08,2.02098438e-01
8.25185937e-08,2.02101562e-01
8.25585938e-08,2.02098438e-01
8.25985937e-08,2.02101562e-01
8.26385937e-08,2.02098438e-01
8.26785937e-08,2.02101562e-01
8.27185937e-08,2.02098438e-01
8.27585937e-08,2.02101562e-01
8.27985937e-08,2.02098438e-01
8.28385938e-08,2.02101562e-01
8.28785937e-08,2.02098438e-01
8.29185937e-08,2.02101562e-01
8.29585937e-08,2.02100000e-01
8.29985937e-08,2.02100000e-01
8.30385937e-08,2.02100000e-01
8.30785937e-08,2.02100000e-01
8.31185938e-08,2.02100000e-01
8.31585937e-08,2.02100000e-01
8.31985937e-08,2.02100000e-01
8.32385937e-08,2.02100000e-01
8.32785937e-08,2.02100000e-01
8.33185937e-08,2.02100000e-01
8.33585937e-08,2.02100000e-01
8.33985937e-08,2.02100000e-01
8.34385937e-08,2.02100000e-01
8.34785937e-08,2.02100000e-01
8.35185937e-08,2.02100000e-01
8.35585937e-08,2.02100000e-01
8.35985937e-08,2.02100000e-01
8.36385937e-08,2.02100000e-01
8.36785937e-08,2.02100000e-01
8.37185937e-08,2.02100000e-01
8.37585937e-08,2.02100000e-01
8.37985937e-08,2.02100000e-01
8.38385937e-08,2.02101562e-01
8.38785937e-08,2.02098438e-01
8.39185937e-08,2.02101562e-01
8.39585937e-08,2.02098438e-01
8.39985937e-08,2.02101562e-01
8.40385937e-08,2.02098438e-01
8.40785937e-08,2.02101562e-01
8.41185937e-08,2.02098438e-01
8.41585938e-08,2.02103125e-01
8.41985937e-08,2.02096875e-01
8.42385937e-08,2.02103125e-01
8.42785937e-08,2.02095313e-01
8.43185937e-08,2.02104688e-01
8.43585937e-08,2.02095313e-01
8.43985937e-08,2.02106250e-01
8.44385938e-08,2.02092188e-01
8.44785937e-08,2.02109375e-01
8.45185937e-08,2.02087500e-01
8.45585937e-08,2.02117188e-01
8.45985937e-08,2.02073438e-01
8.46385937e-08,2.02151562e-01
8.46785937e-08,2.01895313e-01
8.47185938e-08,2.01642188e-01
8.47585937e-08,2.01734375e-01
8.47985937e-08,2.01673437e-01
8.48385937e-08,2.01721875e-01
8.48785937e-08,2.01679688e-01
8.49185937e-08,2.01720312e-01
8.49585937e-08,2.01678125e-01
8.49985938e-08,2.01725000e-01
8.50385937e-08,2.01665625e-01
8.50785937e-08,2.01757813e-01
8.51185937e-08,2.01490625e-01
8.51585937e-08,2.01246875e-01
8.51985937e-08,2.01331250e-01
8.52385937e-08,2.01276563e-01
8.52785938e-08,2.01318750e-01
8.53185937e-08,2.01281250e-01
8.53585937e-08,2.01318750e-01
8.53985937e-08,2.01279687e-01
8.54385937e-08,2.01325000e-01
8.54785937e-08,2.01267187e-01
8.55185937e-08,2.01357813e-01
8.55585938e-08,2.01089062e-01
8.55985937e-08,2.00848438e-01
8.56385937e-08,2.00928125e-01
8.56785937e-08,2.00879688e-01
8.57185937e-08,2.00914063e-01
8.57585937e-08,2.00887500e-01
8.57985937e-08,2.00909375e-01
8.58385938e-08,2.00890625e-01
8.58785937e-08,2.00907813e-01
8.59185937e-08,2.00893750e-01
8.59585937e-08,2.00906250e-01
8.59985937e-08,2.00893750e-01
8.60385937e-08,2.00904688e-01
8.60785937e-08,2.00895313e-01
8.61185938e-08,2.00904688e-01
8.61585937e-08,2.00895313e-01
8.61985937e-08,2.00904688e-01
8.62385937e-08,2.00896875e-01
8.62785937e-08,2.00903125e-01
8.63185937e-08,2.00896875e-01
8.63585937e-08,2.00903125e-01
8.63985938e-08,2.00896875e-01
8.64385937e-08,2.00903125e-01
8.64785937e-08,2.00896875e-01
8.65185937e-08,2.00903125e-01
8.65585937e-08,2.00896875e-01
8.65985937e-08,2.00901563e-01
8.66385937e-08,2.00898437e-01
8.66785938e-08,2.00901563e-01
8.67185937e-08,2.00898437e-01
8.67585937e-08,2.00901563e-01
8.67985937e-08,2.00898437e-01
8.68385937e-08,2.00901563e-01
8.68785937e-08,2.00898437e-01
8.69185937e-08,2.00901563e-01
8.69585938e-08,2.00900000e-01
8.69985937e-08,2.00900000e-01
8.70385937e-08,2.00900000e-01
8.70785937e-08,2.00900000e-01
8.71185937e-08,2.00901563e-01
8.71585937e-08,2.00898437e-01
8.71985937e-08,2.00901563e-01
8.72385937e-08,2.00896875e-01
8.72785937e-08,2.00904688e-01
8.73185937e-08,2.00895313e-01
8.73585937e-08,2.00907813e-01
8.73985937e-08,2.00889062e-01
8.74385937e-08,2.00915625e-01
8.74785937e-08,2.00875000e-01
8.75185937e-08,2.00950000e-01
8.75585937e-08,2.00696875e-01
8.75985937e-08,2.00440625e-01
8.76385937e-08,2.00535938e-01
8.76785937e-08,2.00473438e-01
8.77185937e-08,2.00521875e-01
8.77585937e-08,2.00481250e-01
8.77985937e-08,2.00517187e-01
8.78385937e-08,2.00484375e-01
8.78785937e-08,2.00514063e-01
8.79185937e-08,2.00485938e-01
8.79585937e-08,2.00514063e-01
8.79985937e-08,2.00485938e-01
8.80385937e-08,2.00512500e-01
8.80785937e-08,2.00487500e-01
8.81185937e-08,2.00512500e-01
8.81585937e-08,2.00485938e-01
8.81985937e-08,2.00514063e-01
8.82385937e-08,2.00485938e-01
8.82785938e-08,2.00514063e-01
8.83185937e-08,2.00484375e-01
8.83585937e-08,2.00515625e-01
8.83985937e-08,2.00482812e-01
8.84385937e-08,2.00518750e-01
8.84785937e-08,2.00478125e-01
8.85185937e-08,2.00525000e-01
8.85585938e-08,2.00470312e-01
8.85985937e-08,2.00539063e-01
8.86385937e-08,2.00434375e-01
8.86785937e-08,2.00718750e-01
8.87185937e-08,2.00942188e-01
8.87585937e-08,2.00881250e-01
8.87985937e-08,2.00907813e-01
8.88385938e-08,2.00898437e-01
8.88785937e-08,2.00895313e-01
8.89185937e-08,2.00909375e-01
8.89585937e-08,2.00882813e-01
8.89985937e-08,2.00928125e-01
8.90385937e-08,2.00846875e-01
8.90785937e-08,2.01107813e-01
8.91185938e-08,2.01353125e-01
8.91585937e-08,2.01273438e-01
8.91985937e-08,2.01315625e-01
8.92385937e-08,2.01292187e-01
8.92785937e-08,2.01300000e-01
8.93185937e-08,2.01310938e-01
8.93585937e-08,2.01262500e-01
8.93985938e-08,2.01490625e-01
8.94385937e-08,2.01771875e-01
8.94785937e-08,2.01651562e-01
8.95185937e-08,2.01739063e-01
8.95585937e-08,2.01664063e-01
8.95985937e-08,2.01735938e-01
8.96385937e-08,2.01660937e-01
8.96785938e-08,2.01746875e-01
8.97185937e-08,2.01629688e-01
8.97585937e-08,2.01921875e-01
8.97985937e-08,2.02140625e-01
8.98385937e-08,2.02082813e-01
8.98785937e-08,2.02107813e-01
8.99185937e-08,2.02096875e-01
8.99585938e-08,2.02100000e-01
8.99985937e-08,2.02101562e-01
9.00385937e-08,2.02096875e-01
9.00785937e-08,2.02104688e-01
9.01185937e-08,2.02093750e-01
9.01585937e-08,2.02107813e-01
9.01985937e-08,2.02089062e-01
9.02385938e-08,2.02114062e-01
9.02785937e-08,2.02081250e-01
9.03185937e-08,2.02128125e-01
9.03585937e-08,2.02046875e-01
9.03985937e-08,2.02306250e-01
9.04385937e-08,2.02556250e-01
9.04785937e-08,2.02468750e-01
9.05185938e-08,2.02521875e-01
9.05585937e-08,2.02482812e-01
9.05985937e-08,2.02514063e-01
9.06385937e-08,2.02487500e-01
9.06785937e-08,2.02510938e-01
9.07185937e-08,2.02489063e-01
9.07585937e-08,2.02509375e-01
9.07985938e-08,2.02490625e-01
9.08385937e-08,2.02509375e-01
9.08785937e-08,2.02490625e-01
9.09185937e-08,2.02509375e-01
9.09585937e-08,2.02490625e-01
9.09985937e-08,2.02509375e-01
9.10385937e-08,2.02489063e-01
9.10785937e-08,2.02512500e-01
9.11185937e-08,2.02485938e-01
9.11585937e-08,2.02517188e-01
9.11985937e-08,2.02478125e-01
9.12385937e-08,2.02531250e-01
9.12785937e-08,2.02445313e-01
9.13185937e-08,2.02707813e-01
9.13585937e-08,2.02954688e-01
9.13985937e-08,2.02868750e-01
9.14385937e-08,2.02921875e-01
9.14785937e-08,2.02882813e-01
9.15185937e-08,2.02914063e-01
9.15585937e-08,2.02887500e-01
9.15985937e-08,2.02912500e-01
9.16385937e-08,2.02889062e-01
9.16785937e-08,2.02910937e-01
9.17185937e-08,2.02889062e-01
9.17585937e-08,2.02910937e-01
9.17985937e-08,2.02887500e-01
9.18385937e-08,2.02912500e-01
9.18785937e-08,2.02885938e-01
9.19185937e-08,2.02915625e-01
9.19585937e-08,2.02881250e-01
9.19985937e-08,2.02923437e-01
9.20385937e-08,2.02865625e-01
9.20785937e-08,2.02959375e-01
9.21185937e-08,2.02687500e-01
9.21585937e-08,2.02450000e-01
9.21985937e-08,2.02526563e-01
9.22385937e-08,2.02482812e-01
9.22785937e-08,2.02510938e-01
9.23185937e-08,2.02492188e-01
9.23585937e-08,2.02506250e-01
9.23985937e-08,2.02496875e-01
9.24385937e-08,2.02501563e-01
9.24785937e-08,2.02500000e-01
9.25185937e-08,2.02496875e-01
9.25585937e-08,2.02504688e-01
9.25985937e-08,2.02492188e-01
9.26385937e-08,2.02514063e-01
9.26785938e-08,2.02476563e-01
9.27185937e-08,2.02548438e-01
9.27585937e-08,2.02298438e-01
9.27985937e-08,2.02040625e-01
9.28385937e-08,2.02135938e-01
9.28785937e-08,2.02073438e-01
9.29185937e-08,2.02121875e-01
9.29585938e-08,2.02081250e-01
9.29985937e-08,2.02115625e-01
9.30385937e-08,2.02085938e-01
9.30785937e-08,2.02114062e-01
9.31185937e-08,2.02087500e-01
9.31585937e-08,2.02112500e-01
9.31985937e-08,2.02089062e-01
9.32385938e-08,2.02110938e-01
9.32785937e-08,2.02089062e-01
9.33185937e-08,2.02109375e-01
9.33585937e-08,2.02090625e-01
9.33985937e-08,2.02109375e-01
9.34385937e-08,2.02090625e-01
9.34785937e-08,2.02109375e-01
9.35185938e-08,2.02090625e-01
9.35585937e-08,2.02109375e-01
9.35985937e-08,2.02092188e-01
9.36385937e-08,2.02107813e-01
9.36785937e-08,2.02092188e-01
9.37185937e-08,2.02107813e-01
9.37585937e-08,2.02092188e-01
9.37985938e-08,2.02107813e-01
9.38385937e-08,2.02092188e-01
9.38785937e-08,2.02107813e-01
9.39185937e-08,2.02092188e-01
9.39585937e-08,2.02107813e-01
9.39985937e-08,2.02092188e-01
9.40385937e-08,2.02107813e-01
9.40785938e-08,2.02092188e-01
9.41185937e-08,2.02107813e-01
9.41585937e-08,2.02092188e-01
9.41985937e-08,2.02109375e-01
9.42385937e-08,2.02090625e-01
9.42785937e-08,2.02109375e-01
9.43185937e-08,2.02090625e-01
9.43585938e-08,2.02109375e-01
9.43985937e-08,2.02090625e-01
9.44385937e-08,2.02109375e-01
9.44785937e-08,2.02090625e-01
9.45185937e-08,2.02110938e-01
9.45585937e-08,2.02089062e-01
9.45985937e-08,2.02110938e-01
9.46385937e-08,2.02087500e-01
9.46785937e-08,2.02112500e-01
9.47185937e-08,2.02085938e-01
9.47585937e-08,2.02114062e-01
9.47985937e-08,2.02084375e-01
9.48385937e-08,2.02118750e-01
9.48785937e-08,2.02078125e-01
9.49185937e-08,2.02126562e-01
9.49585937e-08,2.02064063e-01
9.49985937e-08,2.02160937e-01
9.50385937e-08,2.01885938e-01
9.50785937e-08,2.01651562e-01
9.51185937e-08,2.01725000e-01
9.51585937e-08,2.01685938e-01
9.51985937e-08,2.01709375e-01
9.52385937e-08,2.01693750e-01
9.52785937e-08,2.01704688e-01
9.53185937e-08,2.01696875e-01
9.53585937e-08,2.01701563e-01
9.53985937e-08,2.01698437e-01
9.54385937e-08,2.01700000e-01
9.54785937e-08,2.01700000e-01
9.55185937e-08,2.01698437e-01
9.55585937e-08,2.01701563e-01
9.55985937e-08,2.01698437e-01
9.56385937e-08,2.01701563e-01
9.56785937e-08,2.01696875e-01
9.57185937e-08,2.01703125e-01
9.57585937e-08,2.01696875e-01
9.57985937e-08,2.01703125e-01
9.58385937e-08,2.01696875e-01
9.58785937e-08,2.01703125e-01
9.59185937e-08,2.01695313e-01
9.59585937e-08,2.01704688e-01
9.59985937e-08,2.01695313e-01
9.60385937e-08,2.01704688e-01
9.60785937e-08,2.01695313e-01
9.61185937e-08,2.01704688e-01
9.61585937e-08,2.01693750e-01
9.61985937e-08,2.01706250e-01
9.62385937e-08,2.01693750e-01
9.62785937e-08,2.01706250e-01
9.63185937e-08,2.01693750e-01
9.63585937e-08,2.01706250e-01
9.63985937e-08,2.01693750e-01
9.64385937e-08,2.01707812e-01
9.64785937e-08,2.01692188e-01
9.65185937e-08,2.01707812e-01
9.65585937e-08,2.01692188e-01
9.65985937e-08,2.01709375e-01
9.66385937e-08,2.01690625e-01
9.66785937e-08,2.01709375e-01
9.67185937e-08,2.01690625e-01
9.67585937e-08,2.01710938e-01
9.67985937e-08,2.01689063e-01
9.68385937e-08,2.01712500e-01
9.68785937e-08,2.01687500e-01
9.69185937e-08,2.01714063e-01
9.69585937e-08,2.01685938e-01
9.69985937e-08,2.01715625e-01
9.70385937e-08,2.01682813e-01
9.70785938e-08,2.01720312e-01
9.71185937e-08,2.01676563e-01
9.71585937e-08,2.01729688e-01
9.71985937e-08,2.01660937e-01
9.72385937e-08,2.01764063e-01
9.72785937e-08,2.01481250e-01
9.73185937e-08,2.01256250e-01
9.73585938e-08,2.01318750e-01
9.73985937e-08,2.01292187e-01
9.74385937e-08,2.01301563e-01
9.74785937e-08,2.01301563e-01
9.75185937e-08,2.01293750e-01
9.75585937e-08,2.01309375e-01
9.75985937e-08,2.01285938e-01
9.76385938e-08,2.01320313e-01
9.76785937e-08,2.01268750e-01
9.77185937e-08,2.01356250e-01
9.77585937e-08,2.01089062e-01
9.77985937e-08,2.00850000e-01
9.78385937e-08,2.00925000e-01
9.78785937e-08,2.00884375e-01
9.79185938e-08,2.00909375e-01
9.79585937e-08,2.00895313e-01
9.79985937e-08,2.00901563e-01
9.80385937e-08,2.00901563e-01
9.80785937e-08,2.00895313e-01
9.81185937e-08,2.00907813e-01
9.81585937e-08,2.00889062e-01
9.81985938e-08,2.00917188e-01
9.82385937e-08,2.00871875e-01
9.82785937e-08,2.00953125e-01
9.83185937e-08,2.00692188e-01
9.83585937e-08,2.00445313e-01
9.83985937e-08,2.00529687e-01
9.84385937e-08,2.00481250e-01
9.84785937e-08,2.00514063e-01
9.85185937e-08,2.00490625e-01
9.85585937e-08,2.00506250e-01
9.85985937e-08,2.00496875e-01
9.86385937e-08,2.00501563e-01
9.86785937e-08,2.00501563e-01
9.87185937e-08,2.00495313e-01
9.87585937e-08,2.00507812e-01
9.87985937e-08,2.00485938e-01
9.88385937e-08,2.00525000e-01
9.88785937e-08,2.00450000e-01
9.89185937e-08,2.00703125e-01
9.89585937e-08,2.00957812e-01
9.89985937e-08,2.00867188e-01
9.90385937e-08,2.00923437e-01
9.90785937e-08,2.00882813e-01
9.91185937e-08,2.00914063e-01
9.91585937e-08,2.00889062e-01
9.91985937e-08,2.00909375e-01
9.92385937e-08,2.00892188e-01
9.92785937e-08,2.00906250e-01
9.93185937e-08,2.00895313e-01
9.93585937e-08,2.00901563e-01
9.93985937e-08,2.00900000e-01
9.94385937e-08,2.00896875e-01
9.94785937e-08,2.00906250e-01
9.95185937e-08,2.00889062e-01
9.95585937e-08,2.00921875e-01
9.95985937e-08,2.00853125e-01
9.96385937e-08,2.01100000e-01
9.96785937e-08,2.01360938e-01
9.97185937e-08,2.01262500e-01
9.97585937e-08,2.01328125e-01
9.97985937e-08,2.01278125e-01
9.98385937e-08,2.01318750e-01
9.98785937e-08,2.01282813e-01
9.99185937e-08,2.01315625e-01
9.99585937e-08,2.01285938e-01
9.99985937e-08,2.01312500e-01
1.00038594e-07,2.01287500e-01
1.00078594e-07,2.01310938e-01
1.00118594e-07,2.01289063e-01
1.00158594e-07,2.01310938e-01
1.00198594e-07,2.01290625e-01
1.00238594e-07,2.01309375e-01
1.00278594e-07,2.01290625e-01
1.00318594e-07,2.01309375e-01
1.00358594e-07,2.01292187e-01
1.00398594e-07,2.01307813e-01
1.00438594e-07,2.01292187e-01
1.00478594e-07,2.01307813e-01
1.00518594e-07,2.01292187e-01
1.00558594e-07,2.01307813e-01
1.00598594e-07,2.01292187e-01
1.00638594e-07,2.01307813e-01
1.00678594e-07,2.01293750e-01
1.00718594e-07,2.01306250e-01
1.00758594e-07,2.01293750e-01
1.00798594e-07,2.01306250e-01
1.00838594e-07,2.01293750e-01
1.00878594e-07,2.01306250e-01
1.00918594e-07,2.01293750e-01
1.00958594e-07,2.01306250e-01
1.00998594e-07,2.01293750e-01
1.01038594e-07,2.01306250e-01
1.01078594e-07,2.01293750e-01
1.01118594e-07,2.01306250e-01
1.01158594e-07,2.01293750e-01
1.01198594e-07,2.01306250e-01
1.01238594e-07,2.01293750e-01
1.01278594e-07,2.01306250e-01
1.01318594e-07,2.01295313e-01
1.01358594e-07,2.01304687e-01
1.01398594e-07,2.01295313e-01
1.01438594e-07,2.01304687e-01
1.01478594e-07,2.01295313e-01
1.01518594e-07,2.01304687e-01
1.01558594e-07,2.01295313e-01
1.01598594e-07,2.01304687e-01
1.01638594e-07,2.01295313e-01
1.01678594e-07,2.01304687e-01
1.01718594e-07,2.01295313e-01
1.01758594e-07,2.01304687e-01
1.01798594e-07,2.01295313e-01
1.01838594e-07,2.01304687e-01
1.01878594e-07,2.01295313e-01
1.01918594e-07,2.01304687e-01
1.01958594e-07,2.01295313e-01
1.01998594e-07,2.01304687e-01
1.02038594e-07,2.01295313e-01
1.02078594e-07,2.01304687e-01
1.02118594e-07,2.01295313e-01
1.02158594e-07,2.01304687e-01
1.02198594e-07,2.01295313e-01
1.02238594e-07,2.01304687e-01
1.02278594e-07,2.01293750e-01
1.02318594e-07,2.01306250e-01
1.02358594e-07,2.01293750e-01
1.02398594e-07,2.01306250e-01
1.02438594e-07,2.01293750e-01
1.02478594e-07,2.01306250e-01
1.02518594e-07,2.01293750e-01
1.02558594e-07,2.01306250e-01
1.02598594e-07,2.01292187e-01
1.02638594e-07,2.01307813e-01
1.02678594e-07,2.01292187e-01
1.02718594e-07,2.01307813e-01
1.02758594e-07,2.01290625e-01
1.02798594e-07,2.01309375e-01
1.02838594e-07,2.01289063e-01
1.02878594e-07,2.01312500e-01
1.02918594e-07,2.01285938e-01
1.02958594e-07,2.01317187e-01
1.02998594e-07,2.01276563e-01
1.03038594e-07,2.01332813e-01
1.03078594e-07,2.01242188e-01
1.03118594e-07,2.01509375e-01
1.03158594e-07,2.01751563e-01
1.03198594e-07,2.01671875e-01
1.03238594e-07,2.01718750e-01
1.03278594e-07,2.01685938e-01
1.03318594e-07,2.01710938e-01
1.03358594e-07,2.01690625e-01
1.03398594e-07,2.01707812e-01
1.03438594e-07,2.01693750e-01
1.03478594e-07,2.01706250e-01
1.03518594e-07,2.01695313e-01
1.03558594e-07,2.01704688e-01
1.03598594e-07,2.01696875e-01
1.03638594e-07,2.01703125e-01
1.03678594e-07,2.01696875e-01
1.03718594e-07,2.01703125e-01
1.03758594e-07,2.01696875e-01
1.03798594e-07,2.01703125e-01
1.03838594e-07,2.01698437e-01
1.03878594e-07,2.01701563e-01
1.03918594e-07,2.01698437e-01
1.03958594e-07,2.01701563e-01
1.03998594e-07,2.01698437e-01
1.04038594e-07,2.01701563e-01
1.04078594e-07,2.01698437e-01
1.04118594e-07,2.01701563e-01
1.04158594e-07,2.01698437e-01
1.04198594e-07,2.01701563e-01
1.04238594e-07,2.01698437e-01
1.04278594e-07,2.01701563e-01
1.04318594e-07,2.01698437e-01
1.04358594e-07,2.01701563e-01
1.04398594e-07,2.01698437e-01
1.04438594e-07,2.01701563e-01
1.04478594e-07,2.01700000e-01
1.04518594e-07,2.01700000e-01
1.04558594e-07,2.01700000e-01
1.04598594e-07,2.01700000e-01
1.04638594e-07,2.01700000e-01
1.04678594e-07,2.01700000e-01
1.04718594e-07,2.01700000e-01
1.04758594e-07,2.01700000e-01
1.04798594e-07,2.01700000e-01
1.04838594e-07,2.01700000e-01
1.04878594e-07,2.01700000e-01
1.04918594e-07,2.01700000e-01
1.04958594e-07,2.01700000e-01
1.04998594e-07,2.01700000e-01
1.05038594e-07,2.01700000e-01
1.05078594e-07,2.01698437e-01
1.05118594e-07,2.01701563e-01
1.05158594e-07,2.01698437e-01
1.05198594e-07,2.01701563e-01
1.05238594e-07,2.01696875e-01
1.05278594e-07,2.01703125e-01
1.05318594e-07,2.01696875e-01
1.05358594e-07,2.01704688e-01
1.05398594e-07,2.01693750e-01
1.05438594e-07,2.01707812e-01
1.05478594e-07,2.01689063e-01
1.05518594e-07,2.01715625e-01
1.05558594e-07,2.01675000e-01
1.05598594e-07,2.01750000e-01
1.05638594e-07,2.01496875e-01
1.05678594e-07,2.01240625e-01
1.05718594e-07,2.01335938e-01
1.05758594e-07,2.01273438e-01
1.05798594e-07,2.01321875e-01
1.05838594e-07,2.01279687e-01
1.05878594e-07,2.01318750e-01
1.05918594e-07,2.01282813e-01
1.05958594e-07,2.01317187e-01
1.05998594e-07,2.01284375e-01
1.06038594e-07,2.01317187e-01
1.06078594e-07,2.01282813e-01
1.06118594e-07,2.01317187e-01
1.06158594e-07,2.01281250e-01
1.06198594e-07,2.01320313e-01
1.06238594e-07,2.01276563e-01
1.06278594e-07,2.01328125e-01
1.06318594e-07,2.01262500e-01
1.06358594e-07,2.01362500e-01
1.06398594e-07,2.01084375e-01
1.06438594e-07,2.00854688e-01
1.06478594e-07,2.00921875e-01
1.06518594e-07,2.00887500e-01
1.06558594e-07,2.00907813e-01
1.06598594e-07,2.00896875e-01
1.06638594e-07,2.00901563e-01
1.06678594e-07,2.00900000e-01
1.06718594e-07,2.00898437e-01
1.06758594e-07,2.00903125e-01
1.06798594e-07,2.00895313e-01
1.06838594e-07,2.00906250e-01
1.06878594e-07,2.00890625e-01
1.06918594e-07,2.00910937e-01
1.06958594e-07,2.00884375e-01
1.06998594e-07,2.00920313e-01
1.07038594e-07,2.00870313e-01
1.07078594e-07,2.00956250e-01
1.07118594e-07,2.00690625e-01
1.07158594e-07,2.00446875e-01
1.07198594e-07,2.00529687e-01
1.07238594e-07,2.00481250e-01
1.07278594e-07,2.00514063e-01
1.07318594e-07,2.00489063e-01
1.07358594e-07,2.00509375e-01
1.07398594e-07,2.00493750e-01
1.07438594e-07,2.00506250e-01
1.07478594e-07,2.00495313e-01
1.07518594e-07,2.00503125e-01
1.07558594e-07,2.00496875e-01
1.07598594e-07,2.00501563e-01
1.07638594e-07,2.00498438e-01
1.07678594e-07,2.00500000e-01
1.07718594e-07,2.00501563e-01
1.07758594e-07,2.00498438e-01
1.07798594e-07,2.00503125e-01
1.07838594e-07,2.00496875e-01
1.07878594e-07,2.00504688e-01
1.07918594e-07,2.00493750e-01
1.07958594e-07,2.00507812e-01
1.07998594e-07,2.00489063e-01
1.08038594e-07,2.00514063e-01
1.08078594e-07,2.00481250e-01
1.08118594e-07,2.00528125e-01
1.08158594e-07,2.00445313e-01
1.08198594e-07,2.00707812e-01
1.08238594e-07,2.00954688e-01
1.08278594e-07,2.00870313e-01
1.08318594e-07,2.00920313e-01
1.08358594e-07,2.00884375e-01
1.08398594e-07,2.00910937e-01
1.08438594e-07,2.00890625e-01
1.08478594e-07,2.00906250e-01
1.08518594e-07,2.00895313e-01
1.08558594e-07,2.00903125e-01
1.08598594e-07,2.00900000e-01
1.08638594e-07,2.00896875e-01
1.08678594e-07,2.00906250e-01
1.08718594e-07,2.00889062e-01
1.08758594e-07,2.00921875e-01
1.08798594e-07,2.00853125e-01
1.08838594e-07,2.01100000e-01
1.08878594e-07,2.01362500e-01
1.08918594e-07,2.01262500e-01
1.08958594e-07,2.01328125e-01
1.08998594e-07,2.01276563e-01
1.09038594e-07,2.01320313e-01
1.09078594e-07,2.01282813e-01
1.09118594e-07,2.01315625e-01
1.09158594e-07,2.01284375e-01
1.09198594e-07,2.01314063e-01
1.09238594e-07,2.01285938e-01
1.09278594e-07,2.01312500e-01
1.09318594e-07,2.01287500e-01
1.09358594e-07,2.01312500e-01
1.09398594e-07,2.01289063e-01
1.09438594e-07,2.01310938e-01
1.09478594e-07,2.01289063e-01
1.09518594e-07,2.01310938e-01
1.09558594e-07,2.01289063e-01
1.09598594e-07,2.01310938e-01
1.09638594e-07,2.01289063e-01
1.09678594e-07,2.01310938e-01
1.09718594e-07,2.01289063e-01
1.09758594e-07,2.01310938e-01
1.09798594e-07,2.01289063e-01
1.09838594e-07,2.01310938e-01
1.09878594e-07,2.01289063e-01
1.09918594e-07,2.01310938e-01
1.09958594e-07,2.01289063e-01
1.09998594e-07,2.01312500e-01
1.10038594e-07,2.01287500e-01
1.10078594e-07,2.01312500e-01
1.10118594e-07,2.01287500e-01
1.10158594e-07,2.01314063e-01
1.10198594e-07,2.01284375e-01
1.10238594e-07,2.01315625e-01
1.10278594e-07,2.01282813e-01
1.10318594e-07,2.01320313e-01
1.10358594e-07,2.01276563e-01
1.10398594e-07,2.01328125e-01
1.10438594e-07,2.01262500e-01
1.10478594e-07,2.01362500e-01
1.10518594e-07,2.01082813e-01
1.10558594e-07,2.00854688e-01
1.10598594e-07,2.00920313e-01
1.10638594e-07,2.00889062e-01
1.10678594e-07,2.00904688e-01
1.10718594e-07,2.00898437e-01
1.10758594e-07,2.00896875e-01
1.10798594e-07,2.00906250e-01
1.10838594e-07,2.00889062e-01
1.10878594e-07,2.00915625e-01
1.10918594e-07,2.00873438e-01
1.10958594e-07,2.00951563e-01
1.10998594e-07,2.00695313e-01
1.11038594e-07,2.00443750e-01
1.11078594e-07,2.00532813e-01
1.11118594e-07,2.00476563e-01
1.11158594e-07,2.00517187e-01
1.11198594e-07,2.00485938e-01
1.11238594e-07,2.00512500e-01
1.11278594e-07,2.00489063e-01
1.11318594e-07,2.00509375e-01
1.11358594e-07,2.00490625e-01
1.11398594e-07,2.00507812e-01
1.11438594e-07,2.00492188e-01
1.11478594e-07,2.00506250e-01
1.11518594e-07,2.00493750e-01
1.11558594e-07,2.00506250e-01
1.11598594e-07,2.00493750e-01
1.11638594e-07,2.00506250e-01
1.11678594e-07,2.00493750e-01
1.11718594e-07,2.00506250e-01
1.11758594e-07,2.00493750e-01
1.11798594e-07,2.00506250e-01
1.11838594e-07,2.00493750e-01
1.11878594e-07,2.00506250e-01
1.11918594e-07,2.00493750e-01
1.11958594e-07,2.00506250e-01
1.11998594e-07,2.00493750e-01
1.12038594e-07,2.00507812e-01
1.12078594e-07,2.00492188e-01
1.12118594e-07,2.00509375e-01
1.12158594e-07,2.00489063e-01
1.12198594e-07,2.00514063e-01
1.12238594e-07,2.00481250e-01
1.12278594e-07,2.00528125e-01
1.12318594e-07,2.00446875e-01
1.12358594e-07,2.00706250e-01
1.12398594e-07,2.00957812e-01
1.12438594e-07,2.00865625e-01
1.12478594e-07,2.00925000e-01
1.12518594e-07,2.00878125e-01
1.12558594e-07,2.00920313e-01
1.12598594e-07,2.00879688e-01
1.12638594e-07,2.00921875e-01
1.12678594e-07,2.00875000e-01
1.12718594e-07,2.00934375e-01
1.12758594e-07,2.00842188e-01
1.12798594e-07,2.01109375e-01
1.12838594e-07,2.01353125e-01
1.12878594e-07,2.01268750e-01
1.12918594e-07,2.01321875e-01
1.12958594e-07,2.01281250e-01
1.12998594e-07,2.01317187e-01
1.13038594e-07,2.01282813e-01
1.13078594e-07,2.01318750e-01
1.13118594e-07,2.01276563e-01
1.13158594e-07,2.01331250e-01
1.13198594e-07,2.01243750e-01
1.13238594e-07,2.01507812e-01
1.13278594e-07,2.01754688e-01
1.13318594e-07,2.01668750e-01
1.13358594e-07,2.01723438e-01
1.13398594e-07,2.01681250e-01
1.13438594e-07,2.01717188e-01
1.13478594e-07,2.01684375e-01
1.13518594e-07,2.01714063e-01
1.13558594e-07,2.01684375e-01
1.13598594e-07,2.01715625e-01
1.13638594e-07,2.01682813e-01
1.13678594e-07,2.01720312e-01
1.13718594e-07,2.01675000e-01
1.13758594e-07,2.01734375e-01
1.13798594e-07,2.01642188e-01
1.13838594e-07,2.01910937e-01
1.13878594e-07,2.02151562e-01
1.13918594e-07,2.02071875e-01
1.13958594e-07,2.02118750e-01
1.13998594e-07,2.02085938e-01
1.14038594e-07,2.02110938e-01
1.14078594e-07,2.02090625e-01
1.14118594e-07,2.02107813e-01
1.14158594e-07,2.02093750e-01
1.14198594e-07,2.02106250e-01
1.14238594e-07,2.02095313e-01
1.14278594e-07,2.02104688e-01
1.14318594e-07,2.02095313e-01
1.14358594e-07,2.02103125e-01
1.14398594e-07,2.02096875e-01
1.14438594e-07,2.02103125e-01
1.14478594e-07,2.02096875e-01
1.14518594e-07,2.02103125e-01
1.14558594e-07,2.02096875e-01
1.14598594e-07,2.02103125e-01
1.14638594e-07,2.02096875e-01
1.14678594e-07,2.02101562e-01
1.14718594e-07,2.02098438e-01
1.14758594e-07,2.02101562e-01
1.14798594e-07,2.02098438e-01
1.14838594e-07,2.02101562e-01
1.14878594e-07,2.02098438e-01
1.14918594e-07,2.02101562e-01
1.14958594e-07,2.02098438e-01
1.14998594e-07,2.02101562e-01
1.15038594e-07,2.02098438e-01
1.15078594e-07,2.02101562e-01
1.15118594e-07,2.02098438e-01
1.15158594e-07,2.02101562e-01
1.15198594e-07,2.02098438e-01
1.15238594e-07,2.02101562e-01
1.15278594e-07,2.02098438e-01
1.15318594e-07,2.02101562e-01
1.15358594e-07,2.02098438e-01
1.15398594e-07,2.02101562e-01
1.15438594e-07,2.02098438e-01
1.15478594e-07,2.02101562e-01
1.15518594e-07,2.02098438e-01
1.15558594e-07,2.02101562e-01
1.15598594e-07,2.02098438e-01
1.15638594e-07,2.02101562e-01
1.15678594e-07,2.02098438e-01
1.15718594e-07,2.02101562e-01
1.15758594e-07,2.02098438e-01
1.15798594e-07,2.02101562e-01
1.15838594e-07,2.02098438e-01
1.15878594e-07,2.02101562e-01
1.15918594e-07,2.02098438e-01
1.15958594e-07,2.02101562e-01
1.15998594e-07,2.02098438e-01
1.16038594e-07,2.02101562e-01
1.16078594e-07,2.02098438e-01
1.16118594e-07,2.02101562e-01
1.16158594e-07,2.02098438e-01
1.16198594e-07,2.02101562e-01
1.16238594e-07,2.02098438e-01
1.16278594e-07,2.02101562e-01
1.16318594e-07,2.02098438e-01
1.16358594e-07,2.02101562e-01
1.16398594e-07,2.02098438e-01
1.16438594e-07,2.02101562e-01
1.16478594e-07,2.02098438e-01
1.16518594e-07,2.02101562e-01
1.16558594e-07,2.02098438e-01
1.16598594e-07,2.02101562e-01
1.16638594e-07,2.02098438e-01
1.16678594e-07,2.02101562e-01
1.16718594e-07,2.02098438e-01
1.16758594e-07,2.02101562e-01
1.16798594e-07,2.02098438e-01
1.16838594e-07,2.02101562e-01
1.16878594e-07,2.02098438e-01
1.16918594e-07,2.02101562e-01
1.16958594e-07,2.02098438e-01
1.16998594e-07,2.02101562e-01
1.17038594e-07,2.02098438e-01
1.17078594e-07,2.02101562e-01
1.17118594e-07,2.02098438e-01
1.17158594e-07,2.02101562e-01
1.17198594e-07,2.02098438e-01
1.17238594e-07,2.02101562e-01
1.17278594e-07,2.02098438e-01
1.17318594e-07,2.02101562e-01
1.17358594e-07,2.02098438e-01
1.17398594e-07,2.02100000e-01
1.17438594e-07,2.02100000e-01
1.17478594e-07,2.02100000e-01
1.17518594e-07,2.02100000e-01
1.17558594e-07,2.02100000e-01
1.17598594e-07,2.02100000e-01
1.17638594e-07,2.02098438e-01
1.17678594e-07,2.02101562e-01
1.17718594e-07,2.02098438e-01
1.17758594e-07,2.02103125e-01
1.17798594e-07,2.02095313e-01
1.17838594e-07,2.02107813e-01
1.17878594e-07,2.02087500e-01
1.17918594e-07,2.02120313e-01
1.17958594e-07,2.02054687e-01
1.17998594e-07,2.02296875e-01
1.18038594e-07,2.02565625e-01
1.18078594e-07,2.02456250e-01
1.18118594e-07,2.02535938e-01
1.18158594e-07,2.02465625e-01
1.18198594e-07,2.02537500e-01
1.18238594e-07,2.02454688e-01
1.18278594e-07,2.02568750e-01
1.18318594e-07,2.02279687e-01
1.18358594e-07,2.02057813e-01
1.18398594e-07,2.02118750e-01
1.18438594e-07,2.02090625e-01
1.18478594e-07,2.02104688e-01
1.18518594e-07,2.02098438e-01
1.18558594e-07,2.02100000e-01
1.18598594e-07,2.02101562e-01
1.18638594e-07,2.02096875e-01
1.18678594e-07,2.02104688e-01
1.18718594e-07,2.02093750e-01
1.18758594e-07,2.02107813e-01
1.18798594e-07,2.02090625e-01
1.18838594e-07,2.02112500e-01
1.18878594e-07,2.02084375e-01
1.18918594e-07,2.02120313e-01
1.18958594e-07,2.02070313e-01
1.18998594e-07,2.02154688e-01
1.19038594e-07,2.01892188e-01
1.19078594e-07,2.01646875e-01
1.19118594e-07,2.01729688e-01
1.19158594e-07,2.01679688e-01
1.19198594e-07,2.01715625e-01
1.19238594e-07,2.01687500e-01
1.19278594e-07,2.01709375e-01
1.19318594e-07,2.01692188e-01
1.19358594e-07,2.01707812e-01
1.19398594e-07,2.01693750e-01
1.19438594e-07,2.01704688e-01
1.19478594e-07,2.01695313e-01
1.19518594e-07,2.01704688e-01
1.19558594e-07,2.01696875e-01
1.19598594e-07,2.01703125e-01
1.19638594e-07,2.01696875e-01
1.19678594e-07,2.01703125e-01
1.19718594e-07,2.01698437e-01
1.19758594e-07,2.01701563e-01
1.19798594e-07,2.01698437e-01
1.19838594e-07,2.01701563e-01
1.19878594e-07,2.01698437e-01
1.19918594e-07,2.01701563e-01
1.19958594e-07,2.01698437e-01
1.19998594e-07,2.01700000e-01
1.20038594e-07,2.01700000e-01
1.20078594e-07,2.01700000e-01
1.20118594e-07,2.01700000e-01
1.20158594e-07,2.01700000e-01
1.20198594e-07,2.01700000e-01
1.20238594e-07,2.01700000e-01
1.20278594e-07,2.01701563e-01
1.20318594e-07,2.01698437e-01
1.20358594e-07,2.01701563e-01
1.20398594e-07,2.01698437e-01
1.20438594e-07,2.01701563e-01
1.20478594e-07,2.01696875e-01
1.20518594e-07,2.01703125e-01
1.20558594e-07,2.01695313e-01
1.20598594e-07,2.01704688e-01
1.20638594e-07,2.01693750e-01
1.20678594e-07,2.01706250e-01
1.20718594e-07,2.01692188e-01
1.20758594e-07,2.01710938e-01
1.20798594e-07,2.01685938e-01
1.20838594e-07,2.01718750e-01
1.20878594e-07,2.01671875e-01
1.20918594e-07,2.01753125e-01
1.20958594e-07,2.01493750e-01
1.20998594e-07,2.01243750e-01
1.21038594e-07,2.01332813e-01
1.21078594e-07,2.01276563e-01
1.21118594e-07,2.01318750e-01
1.21158594e-07,2.01284375e-01
1.21198594e-07,2.01312500e-01
1.21238594e-07,2.01289063e-01
1.21278594e-07,2.01310938e-01
1.21318594e-07,2.01290625e-01
1.21358594e-07,2.01309375e-01
1.21398594e-07,2.01290625e-01
1.21438594e-07,2.01307813e-01
1.21478594e-07,2.01292187e-01
1.21518594e-07,2.01307813e-01
1.21558594e-07,2.01292187e-01
1.21598594e-07,2.01307813e-01
1.21638594e-07,2.01292187e-01
1.21678594e-07,2.01307813e-01
1.21718594e-07,2.01290625e-01
1.21758594e-07,2.01309375e-01
1.21798594e-07,2.01290625e-01
1.21838594e-07,2.01310938e-01
1.21878594e-07,2.01287500e-01
1.21918594e-07,2.01314063e-01
1.21958594e-07,2.01282813e-01
1.21998594e-07,2.01321875e-01
1.22038594e-07,2.01268750e-01
1.22078594e-07,2.01354688e-01
1.22118594e-07,2.01092188e-01
1.22158594e-07,2.00845313e-01
1.22198594e-07,2.00931250e-01
1.22238594e-07,2.00878125e-01
1.22278594e-07,2.00917188e-01
1.22318594e-07,2.00885938e-01
1.22358594e-07,2.00912500e-01
1.22398594e-07,2.00889062e-01
1.22438594e-07,2.00910937e-01
1.22478594e-07,2.00889062e-01
1.22518594e-07,2.00910937e-01
1.22558594e-07,2.00889062e-01
1.22598594e-07,2.00910937e-01
1.22638594e-07,2.00889062e-01
1.22678594e-07,2.00912500e-01
1.22718594e-07,2.00885938e-01
1.22758594e-07,2.00917188e-01
1.22798594e-07,2.00878125e-01
1.22838594e-07,2.00931250e-01
1.22878594e-07,2.00843750e-01
1.22918594e-07,2.01109375e-01
1.22958594e-07,2.01353125e-01
1.22998594e-07,2.01271875e-01
1.23038594e-07,2.01318750e-01
1.23078594e-07,2.01285938e-01
1.23118594e-07,2.01310938e-01
1.23158594e-07,2.01290625e-01
1.23198594e-07,2.01307813e-01
1.23238594e-07,2.01293750e-01
1.23278594e-07,2.01306250e-01
1.23318594e-07,2.01295313e-01
1.23358594e-07,2.01304687e-01
1.23398594e-07,2.01295313e-01
1.23438594e-07,2.01303125e-01
1.23478594e-07,2.01296875e-01
1.23518594e-07,2.01303125e-01
1.23558594e-07,2.01296875e-01
1.23598594e-07,2.01301563e-01
1.23638594e-07,2.01298438e-01
1.23678594e-07,2.01301563e-01
1.23718594e-07,2.01298438e-01
1.23758594e-07,2.01301563e-01
1.23798594e-07,2.01300000e-01
1.23838594e-07,2.01300000e-01
1.23878594e-07,2.01301563e-01
1.23918594e-07,2.01298438e-01
1.23958594e-07,2.01303125e-01
1.23998594e-07,2.01295313e-01
1.24038594e-07,2.01306250e-01
1.24078594e-07,2.01290625e-01
1.24118594e-07,2.01314063e-01
1.24158594e-07,2.01276563e-01
1.24198594e-07,2.01348438e-01
1.24238594e-07,2.01100000e-01
1.24278594e-07,2.00837500e-01
1.24318594e-07,2.00939063e-01
1.24358594e-07,2.00870313e-01
1.24398594e-07,2.00925000e-01
1.24438594e-07,2.00876563e-01
1.24478594e-07,2.00921875e-01
1.24518594e-07,2.00878125e-01
1.24558594e-07,2.00923437e-01
1.24598594e-07,2.00875000e-01
1.24638594e-07,2.00929688e-01
1.24678594e-07,2.00860938e-01
1.24718594e-07,2.00962500e-01
1.24758594e-07,2.00684375e-01
1.24798594e-07,2.00453125e-01
1.24838594e-07,2.00523438e-01
1.24878594e-07,2.00485938e-01
1.24918594e-07,2.00509375e-01
1.24958594e-07,2.00493750e-01
1.24998594e-07,2.00504688e-01
1.25038594e-07,2.00495313e-01
1.25078594e-07,2.00503125e-01
1.25118594e-07,2.00496875e-01
1.25158594e-07,2.00503125e-01
1.25198594e-07,2.00496875e-01
1.25238594e-07,2.00504688e-01
1.25278594e-07,2.00493750e-01
1.25318594e-07,2.00509375e-01
1.25358594e-07,2.00482812e-01
1.25398594e-07,2.00540625e-01
1.25438594e-07,2.00310938e-01
1.25478594e-07,2.00021875e-01
1.25518594e-07,2.00164063e-01
1.25558594e-07,2.00020313e-01
1.25598594e-07,2.00328125e-01
1.25638594e-07,2.00535938e-01
1.25678594e-07,2.00485938e-01
1.25718594e-07,2.00506250e-01
1.25758594e-07,2.00498438e-01
1.25798594e-07,2.00498438e-01
1.25838594e-07,2.00503125e-01
1.25878594e-07,2.00495313e-01
1.25918594e-07,2.00506250e-01
1.25958594e-07,2.00490625e-01
1.25998594e-07,2.00510938e-01
1.26038594e-07,2.00485938e-01
1.26078594e-07,2.00517187e-01
1.26118594e-07,2.00478125e-01
1.26158594e-07,2.00532813e-01
1.26198594e-07,2.00442188e-01
1.26238594e-07,2.00710938e-01
1.26278594e-07,2.00950000e-01
1.26318594e-07,2.00873438e-01
1.26358594e-07,2.00915625e-01
1.26398594e-07,2.00890625e-01
1.26438594e-07,2.00906250e-01
1.26478594e-07,2.00898437e-01
1.26518594e-07,2.00898437e-01
1.26558594e-07,2.00906250e-01
1.26598594e-07,2.00889062e-01
1.26638594e-07,2.00921875e-01
1.26678594e-07,2.00853125e-01
1.26718594e-07,2.01101562e-01
1.26758594e-07,2.01360938e-01
1.26798594e-07,2.01262500e-01
1.26838594e-07,2.01326563e-01
1.26878594e-07,2.01278125e-01
1.26918594e-07,2.01318750e-01
1.26958594e-07,2.01282813e-01
1.26998594e-07,2.01315625e-01
1.27038594e-07,2.01285938e-01
1.27078594e-07,2.01312500e-01
1.27118594e-07,2.01287500e-01
1.27158594e-07,2.01310938e-01
1.27198594e-07,2.01289063e-01
1.27238594e-07,2.01310938e-01
1.27278594e-07,2.01290625e-01
1.27318594e-07,2.01309375e-01
1.27358594e-07,2.01290625e-01
1.27398594e-07,2.01309375e-01
1.27438594e-07,2.01290625e-01
1.27478594e-07,2.01309375e-01
1.27518594e-07,2.01290625e-01
1.27558594e-07,2.01309375e-01
1.27598594e-07,2.01290625e-01
1.27638594e-07,2.01309375e-01
1.27678594e-07,2.01290625e-01
1.27718594e-07,2.01309375e-01
1.27758594e-07,2.01290625e-01
1.27798594e-07,2.01309375e-01
1.27838594e-07,2.01290625e-01
1.27878594e-07,2.01309375e-01
1.27918594e-07,2.01289063e-01
1.27958594e-07,2.01310938e-01
1.27998594e-07,2.01289063e-01
1.28038594e-07,2.01312500e-01
1.28078594e-07,2.01285938e-01
1.28118594e-07,2.01315625e-01
1.28158594e-07,2.01282813e-01
1.28198594e-07,2.01320313e-01
1.28238594e-07,2.01275000e-01
1.28278594e-07,2.01334375e-01
1.28318594e-07,2.01240625e-01
1.28358594e-07,2.01512500e-01
1.28398594e-07,2.01750000e-01
1.28438594e-07,2.01675000e-01
1.28478594e-07,2.01715625e-01
1.28518594e-07,2.01689063e-01
1.28558594e-07,2.01707812e-01
1.28598594e-07,2.01693750e-01
1.28638594e-07,2.01704688e-01
1.28678594e-07,2.01696875e-01
1.28718594e-07,2.01703125e-01
1.28758594e-07,2.01698437e-01
1.28798594e-07,2.01701563e-01
1.28838594e-07,2.01700000e-01
1.28878594e-07,2.01700000e-01
1.28918594e-07,2.01701563e-01
1.28958594e-07,2.01698437e-01
1.28998594e-07,2.01703125e-01
1.29038594e-07,2.01696875e-01
1.29078594e-07,2.01704688e-01
1.29118594e-07,2.01695313e-01
1.29158594e-07,2.01706250e-01
1.29198594e-07,2.01690625e-01
1.29238594e-07,2.01710938e-01
1.29278594e-07,2.01682813e-01
1.29318594e-07,2.01726563e-01
1.29358594e-07,2.01650000e-01
1.29398594e-07,2.01903125e-01
1.29438594e-07,2.02159375e-01
1.29478594e-07,2.02064063e-01
1.29518594e-07,2.02126562e-01
1.29558594e-07,2.02076563e-01
1.29598594e-07,2.02120313e-01
1.29638594e-07,2.02079687e-01
1.29678594e-07,2.02120313e-01
1.29718594e-07,2.02079687e-01
1.29758594e-07,2.02123438e-01
1.29798594e-07,2.02071875e-01
1.29838594e-07,2.02137500e-01
1.29878594e-07,2.02037500e-01
1.29918594e-07,2.02315625e-01
1.29958594e-07,2.02546875e-01
1.29998594e-07,2.02476563e-01
1.30038594e-07,2.02512500e-01
1.30078594e-07,2.02493750e-01
1.30118594e-07,2.02503125e-01
1.30158594e-07,2.02501563e-01
1.30198594e-07,2.02492188e-01
1.30238594e-07,2.02518750e-01
1.30278594e-07,2.02456250e-01
1.30318594e-07,2.02696875e-01
1.30358594e-07,2.02965625e-01
1.30398594e-07,2.02857813e-01
1.30438594e-07,2.02932813e-01
1.30478594e-07,2.02870313e-01
1.30518594e-07,2.02928125e-01
1.30558594e-07,2.02871875e-01
1.30598594e-07,2.02929688e-01
1.30638594e-07,2.02867188e-01
1.30678594e-07,2.02942188e-01
1.30718594e-07,2.02834375e-01
1.30758594e-07,2.03118750e-01
1.30798594e-07,2.03343750e-01
1.30838594e-07,2.03279688e-01
1.30878594e-07,2.03310938e-01
1.30918594e-07,2.03293750e-01
1.30958594e-07,2.03304687e-01
1.30998594e-07,2.03298438e-01
1.31038594e-07,2.03301563e-01
1.31078594e-07,2.03300000e-01
1.31118594e-07,2.03298438e-01
1.31158594e-07,2.03301563e-01
1.31198594e-07,2.03298438e-01
1.31238594e-07,2.03303125e-01
1.31278594e-07,2.03296875e-01
1.31318594e-07,2.03303125e-01
1.31358594e-07,2.03296875e-01
1.31398594e-07,2.03304687e-01
1.31438594e-07,2.03295313e-01
1.31478594e-07,2.03304687e-01
1.31518594e-07,2.03295313e-01
1.31558594e-07,2.03306250e-01
1.31598594e-07,2.03293750e-01
1.31638594e-07,2.03306250e-01
1.31678594e-07,2.03293750e-01
1.31718594e-07,2.03307813e-01
1.31758594e-07,2.03292187e-01
1.31798594e-07,2.03307813e-01
1.31838594e-07,2.03290625e-01
1.31878594e-07,2.03309375e-01
1.31918594e-07,2.03289063e-01
1.31958594e-07,2.03310938e-01
1.31998594e-07,2.03287500e-01
1.32038594e-07,2.03314063e-01
1.32078594e-07,2.03284375e-01
1.32118594e-07,2.03317187e-01
1.32158594e-07,2.03278125e-01
1.32198594e-07,2.03326563e-01
1.32238594e-07,2.03262500e-01
1.32278594e-07,2.03362500e-01
1.32318594e-07,2.03084375e-01
1.32358594e-07,2.02854688e-01
1.32398594e-07,2.02921875e-01
1.32438594e-07,2.02889062e-01
1.32478594e-07,2.02904688e-01
1.32518594e-07,2.02900000e-01
1.32558594e-07,2.02896875e-01
1.32598594e-07,2.02907813e-01
1.32638594e-07,2.02887500e-01
1.32678594e-07,2.02918750e-01
1.32718594e-07,2.02871875e-01
1.32758594e-07,2.02954688e-01
1.32798594e-07,2.02690625e-01
1.32838594e-07,2.02448438e-01
1.32878594e-07,2.02526563e-01
1.32918594e-07,2.02484375e-01
1.32958594e-07,2.02509375e-01
1.32998594e-07,2.02496875e-01
1.33038594e-07,2.02498438e-01
1.33078594e-07,2.02509375e-01
1.33118594e-07,2.02479688e-01
1.33158594e-07,2.02546875e-01
1.33198594e-07,2.02298438e-01
1.33238594e-07,2.02040625e-01
1.33278594e-07,2.02134375e-01
1.33318594e-07,2.02078125e-01
1.33358594e-07,2.02114062e-01
1.33398594e-07,2.02093750e-01
1.33438594e-07,2.02095313e-01
1.33478594e-07,2.02131250e-01
1.33518594e-07,2.01915625e-01
1.33558594e-07,2.01621875e-01
1.33598594e-07,2.01753125e-01
1.33638594e-07,2.01654688e-01
1.33678594e-07,2.01742188e-01
1.33718594e-07,2.01657813e-01
1.33758594e-07,2.01745312e-01
1.33798594e-07,2.01646875e-01
1.33838594e-07,2.01776563e-01
1.33878594e-07,2.01470312e-01
1.33918594e-07,2.01267187e-01
1.33958594e-07,2.01309375e-01
1.33998594e-07,2.01300000e-01
1.34038594e-07,2.01293750e-01
1.34078594e-07,2.01310938e-01
1.34118594e-07,2.01284375e-01
1.34158594e-07,2.01321875e-01
1.34198594e-07,2.01268750e-01
1.34238594e-07,2.01356250e-01
1.34278594e-07,2.01089062e-01
1.34318594e-07,2.00848438e-01
1.34358594e-07,2.00928125e-01
1.34398594e-07,2.00881250e-01
1.34438594e-07,2.00912500e-01
1.34478594e-07,2.00890625e-01
1.34518594e-07,2.00907813e-01
1.34558594e-07,2.00893750e-01
1.34598594e-07,2.00904688e-01
1.34638594e-07,2.00895313e-01
1.34678594e-07,2.00903125e-01
1.34718594e-07,2.00896875e-01
1.34758594e-07,2.00903125e-01
1.34798594e-07,2.00896875e-01
1.34838594e-07,2.00901563e-01
1.34878594e-07,2.00898437e-01
1.34918594e-07,2.00901563e-01
1.34958594e-07,2.00898437e-01
1.34998594e-07,2.00901563e-01
1.35038594e-07,2.00898437e-01
1.35078594e-07,2.00901563e-01
1.35118594e-07,2.00898437e-01
1.35158594e-07,2.00901563e-01
1.35198594e-07,2.00898437e-01
1.35238594e-07,2.00901563e-01
1.35278594e-07,2.00898437e-01
1.35318594e-07,2.00901563e-01
1.35358594e-07,2.00898437e-01
1.35398594e-07,2.00901563e-01
1.35438594e-07,2.00900000e-01
1.35478594e-07,2.00900000e-01
1.35518594e-07,2.00900000e-01
1.35558594e-07,2.00901563e-01
1.35598594e-07,2.00898437e-01
1.35638594e-07,2.00901563e-01
1.35678594e-07,2.00898437e-01
1.35718594e-07,2.00901563e-01
1.35758594e-07,2.00898437e-01
1.35798594e-07,2.00901563e-01
1.35838594e-07,2.00898437e-01
1.35878594e-07,2.00901563e-01
1.35918594e-07,2.00898437e-01
1.35958594e-07,2.00901563e-01
1.35998594e-07,2.00898437e-01
1.36038594e-07,2.00901563e-01
1.36078594e-07,2.00898437e-01
1.36118594e-07,2.00901563e-01
1.36158594e-07,2.00898437e-01
1.36198594e-07,2.00901563e-01
1.36238594e-07,2.00898437e-01
1.36278594e-07,2.00901563e-01
1.36318594e-07,2.00896875e-01
1.36358594e-07,2.00903125e-01
1.36398594e-07,2.00896875e-01
1.36438594e-07,2.00903125e-01
1.36478594e-07,2.00896875e-01
1.36518594e-07,2.00903125e-01
1.36558594e-07,2.00895313e-01
1.36598594e-07,2.00904688e-01
1.36638594e-07,2.00895313e-01
1.36678594e-07,2.00906250e-01
1.36718594e-07,2.00893750e-01
1.36758594e-07,2.00907813e-01
1.36798594e-07,2.00892188e-01
1.36838594e-07,2.00909375e-01
1.36878594e-07,2.00887500e-01
1.36918594e-07,2.00915625e-01
1.36958594e-07,2.00879688e-01
1.36998594e-07,2.00929688e-01
1.37038594e-07,2.00845313e-01
1.37078594e-07,2.01109375e-01
1.37118594e-07,2.01353125e-01
1.37158594e-07,2.01270312e-01
1.37198594e-07,2.01320313e-01
1.37238594e-07,2.01285938e-01
1.37278594e-07,2.01310938e-01
1.37318594e-07,2.01292187e-01
1.37358594e-07,2.01306250e-01
1.37398594e-07,2.01295313e-01
1.37438594e-07,2.01303125e-01
1.37478594e-07,2.01300000e-01
1.37518594e-07,2.01298438e-01
1.37558594e-07,2.01306250e-01
1.37598594e-07,2.01289063e-01
1.37638594e-07,2.01320313e-01
1.37678594e-07,2.01254688e-01
1.37718594e-07,2.01498438e-01
1.37758594e-07,2.01764063e-01
1.37798594e-07,2.01660937e-01
1.37838594e-07,2.01729688e-01
1.37878594e-07,2.01675000e-01
1.37918594e-07,2.01721875e-01
1.37958594e-07,2.01679688e-01
1.37998594e-07,2.01718750e-01
1.38038594e-07,2.01681250e-01
1.38078594e-07,2.01718750e-01
1.38118594e-07,2.01681250e-01
1.38158594e-07,2.01718750e-01
1.38198594e-07,2.01681250e-01
1.38238594e-07,2.01718750e-01
1.38278594e-07,2.01679688e-01
1.38318594e-07,2.01721875e-01
1.38358594e-07,2.01675000e-01
1.38398594e-07,2.01729688e-01
1.38438594e-07,2.01660937e-01
1.38478594e-07,2.01764063e-01
1.38518594e-07,2.01482812e-01
1.38558594e-07,2.01254688e-01
1.38598594e-07,2.01320313e-01
1.38638594e-07,2.01289063e-01
1.38678594e-07,2.01306250e-01
1.38718594e-07,2.01296875e-01
1.38758594e-07,2.01301563e-01
1.38798594e-07,2.01301563e-01
1.38838594e-07,2.01298438e-01
1.38878594e-07,2.01303125e-01
1.38918594e-07,2.01295313e-01
1.38958594e-07,2.01306250e-01
1.38998594e-07,2.01292187e-01
1.39038594e-07,2.01309375e-01
1.39078594e-07,2.01289063e-01
1.39118594e-07,2.01312500e-01
1.39158594e-07,2.01284375e-01
1.39198594e-07,2.01321875e-01
1.39238594e-07,2.01268750e-01
1.39278594e-07,2.01356250e-01
1.39318594e-07,2.01090625e-01
1.39358594e-07,2.00848438e-01
1.39398594e-07,2.00928125e-01
1.39438594e-07,2.00881250e-01
1.39478594e-07,2.00912500e-01
1.39518594e-07,2.00890625e-01
1.39558594e-07,2.00906250e-01
1.39598594e-07,2.00895313e-01
1.39638594e-07,2.00903125e-01
1.39678594e-07,2.00898437e-01
1.39718594e-07,2.00900000e-01
1.39758594e-07,2.00901563e-01
1.39798594e-07,2.00895313e-01
1.39838594e-07,2.00907813e-01
1.39878594e-07,2.00887500e-01
1.39918594e-07,2.00921875e-01
1.39958594e-07,2.00853125e-01
1.39998594e-07,2.01100000e-01
1.40038594e-07,2.01362500e-01
1.40078594e-07,2.01260938e-01
1.40118594e-07,2.01329688e-01
1.40158594e-07,2.01275000e-01
1.40198594e-07,2.01321875e-01
1.40238594e-07,2.01279687e-01
1.40278594e-07,2.01320313e-01
1.40318594e-07,2.01279687e-01
1.40358594e-07,2.01320313e-01
1.40398594e-07,2.01278125e-01
1.40438594e-07,2.01325000e-01
1.40478594e-07,2.01270312e-01
1.40518594e-07,2.01339062e-01
1.40558594e-07,2.01235938e-01
1.40598594e-07,2.01517188e-01
1.40638594e-07,2.01745312e-01
1.40678594e-07,2.01679688e-01
1.40718594e-07,2.01710938e-01
1.40758594e-07,2.01695313e-01
1.40798594e-07,2.01700000e-01
1.40838594e-07,2.01704688e-01
1.40878594e-07,2.01689063e-01
1.40918594e-07,2.01721875e-01
1.40958594e-07,2.01653125e-01
1.40998594e-07,2.01900000e-01
1.41038594e-07,2.02162500e-01
1.41078594e-07,2.02062500e-01
1.41118594e-07,2.02129688e-01
1.41158594e-07,2.02075000e-01
1.41198594e-07,2.02121875e-01
1.41238594e-07,2.02078125e-01
1.41278594e-07,2.02120313e-01
1.41318594e-07,2.02078125e-01
1.41358594e-07,2.02123438e-01
1.41398594e-07,2.02071875e-01
1.41438594e-07,2.02137500e-01
1.41478594e-07,2.02039063e-01
1.41518594e-07,2.02314063e-01
1.41558594e-07,2.02548438e-01
1.41598594e-07,2.02475000e-01
1.41638594e-07,2.02515625e-01
1.41678594e-07,2.02489063e-01
1.41718594e-07,2.02507812e-01
1.41758594e-07,2.02493750e-01
1.41798594e-07,2.02504688e-01
1.41838594e-07,2.02495312e-01
1.41878594e-07,2.02503125e-01
1.41918594e-07,2.02496875e-01
1.41958594e-07,2.02503125e-01
1.41998594e-07,2.02498438e-01
1.42038594e-07,2.02501563e-01
1.42078594e-07,2.02498438e-01
1.42118594e-07,2.02501563e-01
1.42158594e-07,2.02498438e-01
1.42198594e-07,2.02501563e-01
1.42238594e-07,2.02498438e-01
1.42278594e-07,2.02501563e-01
1.42318594e-07,2.02500000e-01
1.42358594e-07,2.02500000e-01
1.42398594e-07,2.02500000e-01
1.42438594e-07,2.02500000e-01
1.42478594e-07,2.02500000e-01
1.42518594e-07,2.02500000e-01
1.42558594e-07,2.02500000e-01
1.42598594e-07,2.02500000e-01
1.42638594e-07,2.02500000e-01
1.42678594e-07,2.02500000e-01
1.42718594e-07,2.02500000e-01
1.42758594e-07,2.02500000e-01
1.42798594e-07,2.02500000e-01
1.42838594e-07,2.02500000e-01
1.42878594e-07,2.02500000e-01
1.42918594e-07,2.02500000e-01
1.42958594e-07,2.02500000e-01
1.42998594e-07,2.02500000e-01
1.43038594e-07,2.02500000e-01
1.43078594e-07,2.02500000e-01
1.43118594e-07,2.02500000e-01
1.43158594e-07,2.02500000e-01
1.43198594e-07,2.02500000e-01
1.43238594e-07,2.02500000e-01
1.43278594e-07,2.02501563e-01
1.43318594e-07,2.02498438e-01
1.43358594e-07,2.02501563e-01
1.43398594e-07,2.02498438e-01
1.43438594e-07,2.02501563e-01
1.43478594e-07,2.02498438e-01
1.43518594e-07,2.02501563e-01
1.43558594e-07,2.02498438e-01
1.43598594e-07,2.02501563e-01
1.43638594e-07,2.02498438e-01
1.43678594e-07,2.02501563e-01
1.43718594e-07,2.02496875e-01
1.43758594e-07,2.02503125e-01
1.43798594e-07,2.02496875e-01
1.43838594e-07,2.02503125e-01
1.43878594e-07,2.02496875e-01
1.43918594e-07,2.02504688e-01
1.43958594e-07,2.02495312e-01
1.43998594e-07,2.02506250e-01
1.44038594e-07,2.02492188e-01
1.44078594e-07,2.02509375e-01
1.44118594e-07,2.02487500e-01
1.44158594e-07,2.02517188e-01
1.44198594e-07,2.02473438e-01
1.44238594e-07,2.02551563e-01
1.44278594e-07,2.02295313e-01
1.44318594e-07,2.02042187e-01
1.44358594e-07,2.02134375e-01
1.44398594e-07,2.02073438e-01
1.44438594e-07,2.02121875e-01
1.44478594e-07,2.02079687e-01
1.44518594e-07,2.02118750e-01
1.44558594e-07,2.02081250e-01
1.44598594e-07,2.02118750e-01
1.44638594e-07,2.02078125e-01
1.44678594e-07,2.02126562e-01
1.44718594e-07,2.02065625e-01
1.44758594e-07,2.02159375e-01
1.44798594e-07,2.01889062e-01
1.44838594e-07,2.01648437e-01
1.44878594e-07,2.01728125e-01
1.44918594e-07,2.01681250e-01
1.44958594e-07,2.01714063e-01
1.44998594e-07,2.01687500e-01
1.45038594e-07,2.01710938e-01
1.45078594e-07,2.01689063e-01
1.45118594e-07,2.01710938e-01
1.45158594e-07,2.01689063e-01
1.45198594e-07,2.01712500e-01
1.45238594e-07,2.01684375e-01
1.45278594e-07,2.01718750e-01
1.45318594e-07,2.01671875e-01
1.45358594e-07,2.01753125e-01
1.45398594e-07,2.01495312e-01
1.45438594e-07,2.01242188e-01
1.45478594e-07,2.01334375e-01
1.45518594e-07,2.01275000e-01
1.45558594e-07,2.01321875e-01
1.45598594e-07,2.01281250e-01
1.45638594e-07,2.01318750e-01
1.45678594e-07,2.01282813e-01
1.45718594e-07,2.01318750e-01
1.45758594e-07,2.01279687e-01
1.45798594e-07,2.01321875e-01
1.45838594e-07,2.01273438e-01
1.45878594e-07,2.01335938e-01
1.45918594e-07,2.01239063e-01
1.45958594e-07,2.01514063e-01
1.45998594e-07,2.01748438e-01
1.46038594e-07,2.01675000e-01
1.46078594e-07,2.01715625e-01
1.46118594e-07,2.01689063e-01
1.46158594e-07,2.01707812e-01
1.46198594e-07,2.01695313e-01
1.46238594e-07,2.01703125e-01
1.46278594e-07,2.01698437e-01
1.46318594e-07,2.01701563e-01
1.46358594e-07,2.01700000e-01
1.46398594e-07,2.01698437e-01
1.46438594e-07,2.01701563e-01
1.46478594e-07,2.01696875e-01
1.46518594e-07,2.01704688e-01
1.46558594e-07,2.01692188e-01
1.46598594e-07,2.01710938e-01
1.46638594e-07,2.01684375e-01
1.46678594e-07,2.01725000e-01
1.46718594e-07,2.01650000e-01
1.46758594e-07,2.01903125e-01
1.46798594e-07,2.02159375e-01
1.46838594e-07,2.02065625e-01
1.46878594e-07,2.02125000e-01
1.46918594e-07,2.02079687e-01
1.46958594e-07,2.02117188e-01
1.46998594e-07,2.02084375e-01
1.47038594e-07,2.02114062e-01
1.47078594e-07,2.02085938e-01
1.47118594e-07,2.02112500e-01
1.47158594e-07,2.02087500e-01
1.47198594e-07,2.02112500e-01
1.47238594e-07,2.02087500e-01
1.47278594e-07,2.02112500e-01
1.47318594e-07,2.02087500e-01
1.47358594e-07,2.02114062e-01
1.47398594e-07,2.02085938e-01
1.47438594e-07,2.02115625e-01
1.47478594e-07,2.02081250e-01
1.47518594e-07,2.02120313e-01
1.47558594e-07,2.02073438e-01
1.47598594e-07,2.02135938e-01
1.47638594e-07,2.02039063e-01
1.47678594e-07,2.02314063e-01
1.47718594e-07,2.02548438e-01
1.47758594e-07,2.02475000e-01
1.47798594e-07,2.02515625e-01
1.47838594e-07,2.02490625e-01
1.47878594e-07,2.02506250e-01
1.47918594e-07,2.02495312e-01
1.47958594e-07,2.02503125e-01
1.47998594e-07,2.02498438e-01
1.48038594e-07,2.02500000e-01
1.48078594e-07,2.02501563e-01
1.48118594e-07,2.02496875e-01
1.48158594e-07,2.02504688e-01
1.48198594e-07,2.02492188e-01
1.48238594e-07,2.02510938e-01
1.48278594e-07,2.02484375e-01
1.48318594e-07,2.02526563e-01
1.48358594e-07,2.02448438e-01
1.48398594e-07,2.02704688e-01
1.48438594e-07,2.02957813e-01
1.48478594e-07,2.02865625e-01
1.48518594e-07,2.02925000e-01
1.48558594e-07,2.02879688e-01
1.48598594e-07,2.02917188e-01
1.48638594e-07,2.02884375e-01
1.48678594e-07,2.02914063e-01
1.48718594e-07,2.02887500e-01
1.48758594e-07,2.02912500e-01
1.48798594e-07,2.02887500e-01
1.48838594e-07,2.02910937e-01
1.48878594e-07,2.02889062e-01
1.48918594e-07,2.02910937e-01
1.48958594e-07,2.02889062e-01
1.48998594e-07,2.02910937e-01
1.49038594e-07,2.02887500e-01
1.49078594e-07,2.02912500e-01
1.49118594e-07,2.02885938e-01
1.49158594e-07,2.02915625e-01
1.49198594e-07,2.02881250e-01
1.49238594e-07,2.02923437e-01
1.49278594e-07,2.02867188e-01
1.49318594e-07,2.02957813e-01
1.49358594e-07,2.02690625e-01
1.49398594e-07,2.02446875e-01
1.49438594e-07,2.02529687e-01
1.49478594e-07,2.02479688e-01
1.49518594e-07,2.02517188e-01
1.49558594e-07,2.02484375e-01
1.49598594e-07,2.02514063e-01
1.49638594e-07,2.02484375e-01
1.49678594e-07,2.02520313e-01
1.49718594e-07,2.02471875e-01
1.49758594e-07,2.02551563e-01
1.49798594e-07,2.02296875e-01
1.49838594e-07,2.02039063e-01
1.49878594e-07,2.02137500e-01
1.49918594e-07,2.02070313e-01
1.49958594e-07,2.02128125e-01
1.49998594e-07,2.02071875e-01
1.50038594e-07,2.02131250e-01
1.50078594e-07,2.02059375e-01
1.50118594e-07,2.02164063e-01
1.50158594e-07,2.01882813e-01
1.50198594e-07,2.01654688e-01
1.50238594e-07,2.01721875e-01
1.50278594e-07,2.01685938e-01
1.50318594e-07,2.01707812e-01
1.50358594e-07,2.01693750e-01
1.50398594e-07,2.01703125e-01
1.50438594e-07,2.01698437e-01
1.50478594e-07,2.01700000e-01
1.50518594e-07,2.01700000e-01
1.50558594e-07,2.01698437e-01
1.50598594e-07,2.01701563e-01
1.50638594e-07,2.01696875e-01
1.50678594e-07,2.01703125e-01
1.50718594e-07,2.01695313e-01
1.50758594e-07,2.01704688e-01
1.50798594e-07,2.01693750e-01
1.50838594e-07,2.01707812e-01
1.50878594e-07,2.01690625e-01
1.50918594e-07,2.01710938e-01
1.50958594e-07,2.01685938e-01
1.50998594e-07,2.01717188e-01
1.51038594e-07,2.01678125e-01
1.51078594e-07,2.01732812e-01
1.51118594e-07,2.01642188e-01
1.51158594e-07,2.01910937e-01
1.51198594e-07,2.02150000e-01
1.51238594e-07,2.02075000e-01
1.51278594e-07,2.02114062e-01
1.51318594e-07,2.02092188e-01
1.51358594e-07,2.02103125e-01
1.51398594e-07,2.02101562e-01
1.51438594e-07,2.02090625e-01
1.51478594e-07,2.02118750e-01
1.51518594e-07,2.02054687e-01
1.51558594e-07,2.02298438e-01
1.51598594e-07,2.02562500e-01
1.51638594e-07,2.02462500e-01
1.51678594e-07,2.02528125e-01
1.51718594e-07,2.02476563e-01
1.51758594e-07,2.02520313e-01
1.51798594e-07,2.02482812e-01
1.51838594e-07,2.02515625e-01
1.51878594e-07,2.02485938e-01
1.51918594e-07,2.02514063e-01
1.51958594e-07,2.02487500e-01
1.51998594e-07,2.02512500e-01
1.52038594e-07,2.02489063e-01
1.52078594e-07,2.02510938e-01
1.52118594e-07,2.02490625e-01
1.52158594e-07,2.02509375e-01
1.52198594e-07,2.02490625e-01
1.52238594e-07,2.02509375e-01
1.52278594e-07,2.02490625e-01
1.52318594e-07,2.02507812e-01
1.52358594e-07,2.02492188e-01
1.52398594e-07,2.02507812e-01
1.52438594e-07,2.02492188e-01
1.52478594e-07,2.02506250e-01
1.52518594e-07,2.02493750e-01
1.52558594e-07,2.02506250e-01
1.52598594e-07,2.02493750e-01
1.52638594e-07,2.02504688e-01
1.52678594e-07,2.02495312e-01
1.52718594e-07,2.02503125e-01
1.52758594e-07,2.02498438e-01
1.52798594e-07,2.02498438e-01
1.52838594e-07,2.02506250e-01
1.52878594e-07,2.02484375e-01
1.52918594e-07,2.02539063e-01
1.52958594e-07,2.02307813e-01
1.52998594e-07,2.02028125e-01
1.53038594e-07,2.02148438e-01
1.53078594e-07,2.02059375e-01
1.53118594e-07,2.02139063e-01
1.53158594e-07,2.02060938e-01
1.53198594e-07,2.02142188e-01
1.53238594e-07,2.02050000e-01
1.53278594e-07,2.02175000e-01
1.53318594e-07,2.01873438e-01
1.53358594e-07,2.01664063e-01
1.53398594e-07,2.01710938e-01
1.53438594e-07,2.01698437e-01
1.53478594e-07,2.01696875e-01
1.53518594e-07,2.01706250e-01
1.53558594e-07,2.01690625e-01
1.53598594e-07,2.01712500e-01
1.53638594e-07,2.01685938e-01
1.53678594e-07,2.01717188e-01
1.53718594e-07,2.01678125e-01
1.53758594e-07,2.01728125e-01
1.53798594e-07,2.01662500e-01
1.53838594e-07,2.01764063e-01
1.53878594e-07,2.01482812e-01
1.53918594e-07,2.01256250e-01
1.53958594e-07,2.01318750e-01
1.53998594e-07,2.01290625e-01
1.54038594e-07,2.01301563e-01
1.54078594e-07,2.01303125e-01
1.54118594e-07,2.01293750e-01
1.54158594e-07,2.01310938e-01
1.54198594e-07,2.01281250e-01
1.54238594e-07,2.01329688e-01
1.54278594e-07,2.01245312e-01
1.54318594e-07,2.01509375e-01
1.54358594e-07,2.01753125e-01
1.54398594e-07,2.01671875e-01
1.54438594e-07,2.01717188e-01
1.54478594e-07,2.01689063e-01
1.54518594e-07,2.01707812e-01
1.54558594e-07,2.01695313e-01
1.54598594e-07,2.01701563e-01
1.54638594e-07,2.01701563e-01
1.54678594e-07,2.01695313e-01
1.54718594e-07,2.01709375e-01
1.54758594e-07,2.01685938e-01
1.54798594e-07,2.01725000e-01
1.54838594e-07,2.01650000e-01
1.54878594e-07,2.01904688e-01
1.54918594e-07,2.02157813e-01
1.54958594e-07,2.02067188e-01
1.54998594e-07,2.02123438e-01
1.55038594e-07,2.02082813e-01
1.55078594e-07,2.02114062e-01
1.55118594e-07,2.02089062e-01
1.55158594e-07,2.02109375e-01
1.55198594e-07,2.02093750e-01
1.55238594e-07,2.02104688e-01
1.55278594e-07,2.02096875e-01
1.55318594e-07,2.02100000e-01
1.55358594e-07,2.02103125e-01
1.55398594e-07,2.02090625e-01
1.55438594e-07,2.02118750e-01
1.55478594e-07,2.02056250e-01
1.55518594e-07,2.02296875e-01
1.55558594e-07,2.02565625e-01
1.55598594e-07,2.02459375e-01
1.55638594e-07,2.02532812e-01
1.55678594e-07,2.02471875e-01
1.55718594e-07,2.02525000e-01
1.55758594e-07,2.02476563e-01
1.55798594e-07,2.02523438e-01
1.55838594e-07,2.02476563e-01
1.55878594e-07,2.02523438e-01
1.55918594e-07,2.02473438e-01
1.55958594e-07,2.02531250e-01
1.55998594e-07,2.02460937e-01
1.56038594e-07,2.02564063e-01
1.56078594e-07,2.02282813e-01
1.56118594e-07,2.02054687e-01
1.56158594e-07,2.02121875e-01
1.56198594e-07,2.02085938e-01
1.56238594e-07,2.02109375e-01
1.56278594e-07,2.02093750e-01
1.56318594e-07,2.02104688e-01
1.56358594e-07,2.02096875e-01
1.56398594e-07,2.02101562e-01
1.56438594e-07,2.02098438e-01
1.56478594e-07,2.02100000e-01
1.56518594e-07,2.02100000e-01
1.56558594e-07,2.02100000e-01
1.56598594e-07,2.02100000e-01
1.56638594e-07,2.02100000e-01
1.56678594e-07,2.02100000e-01
1.56718594e-07,2.02100000e-01
1.56758594e-07,2.02100000e-01
1.56798594e-07,2.02098438e-01
1.56838594e-07,2.02101562e-01
1.56878594e-07,2.02098438e-01
1.56918594e-07,2.02101562e-01
1.56958594e-07,2.02098438e-01
1.56998594e-07,2.02101562e-01
1.57038594e-07,2.02098438e-01
1.57078594e-07,2.02101562e-01
1.57118594e-07,2.02098438e-01
1.57158594e-07,2.02101562e-01
1.57198594e-07,2.02098438e-01
1.57238594e-07,2.02101562e-01
1.57278594e-07,2.02098438e-01
1.57318594e-07,2.02101562e-01
1.57358594e-07,2.02098438e-01
1.57398594e-07,2.02101562e-01
1.57438594e-07,2.02098438e-01
1.57478594e-07,2.02101562e-01
1.57518594e-07,2.02098438e-01
1.57558594e-07,2.02100000e-01
1.57598594e-07,2.02100000e-01
1.57638594e-07,2.02100000e-01
1.57678594e-07,2.02100000e-01
1.57718594e-07,2.02100000e-01
1.57758594e-07,2.02100000e-01
1.57798594e-07,2.02100000e-01
1.57838594e-07,2.02100000e-01
1.57878594e-07,2.02100000e-01
1.57918594e-07,2.02100000e-01
1.57958594e-07,2.02100000e-01
1.57998594e-07,2.02100000e-01
1.58038594e-07,2.02100000e-01
1.58078594e-07,2.02100000e-01
1.58118594e-07,2.02098438e-01
1.58158594e-07,2.02101562e-01
1.58198594e-07,2.02098438e-01
1.58238594e-07,2.02101562e-01
1.58278594e-07,2.02098438e-01
1.58318594e-07,2.02103125e-01
1.58358594e-07,2.02096875e-01
1.58398594e-07,2.02104688e-01
1.58438594e-07,2.02095313e-01
1.58478594e-07,2.02106250e-01
1.58518594e-07,2.02090625e-01
1.58558594e-07,2.02110938e-01
1.58598594e-07,2.02082813e-01
1.58638594e-07,2.02126562e-01
1.58678594e-07,2.02048438e-01
1.58718594e-07,2.02304687e-01
1.58758594e-07,2.02557813e-01
1.58798594e-07,2.02465625e-01
1.58838594e-07,2.02525000e-01
1.58878594e-07,2.02479688e-01
1.58918594e-07,2.02517188e-01
1.58958594e-07,2.02484375e-01
1.58998594e-07,2.02514063e-01
1.59038594e-07,2.02485938e-01
1.59078594e-07,2.02512500e-01
1.59118594e-07,2.02487500e-01
1.59158594e-07,2.02512500e-01
1.59198594e-07,2.02487500e-01
1.59238594e-07,2.02512500e-01
1.59278594e-07,2.02487500e-01
1.59318594e-07,2.02512500e-01
1.59358594e-07,2.02487500e-01
1.59398594e-07,2.02512500e-01
1.59438594e-07,2.02485938e-01
1.59478594e-07,2.02514063e-01
1.59518594e-07,2.02484375e-01
1.59558594e-07,2.02517188e-01
1.59598594e-07,2.02481250e-01
1.59638594e-07,2.02521875e-01
1.59678594e-07,2.02473438e-01
1.59718594e-07,2.02537500e-01
1.59758594e-07,2.02437500e-01
1.59798594e-07,2.02715625e-01
1.59838594e-07,2.02946875e-01
1.59878594e-07,2.02876562e-01
1.59918594e-07,2.02914063e-01
1.59958594e-07,2.02892188e-01
1.59998594e-07,2.02904688e-01
1.60038594e-07,2.02896875e-01
1.60078594e-07,2.02900000e-01
1.60118594e-07,2.02901563e-01
1.60158594e-07,2.02896875e-01
1.60198594e-07,2.02904688e-01
1.60238594e-07,2.02893750e-01
1.60278594e-07,2.02909375e-01
1.60318594e-07,2.02887500e-01
1.60358594e-07,2.02918750e-01
1.60398594e-07,2.02871875e-01
1.60438594e-07,2.02953125e-01
1.60478594e-07,2.02693750e-01
1.60518594e-07,2.02445313e-01
1.60558594e-07,2.02531250e-01
1.60598594e-07,2.02478125e-01
1.60638594e-07,2.02517188e-01
1.60678594e-07,2.02485938e-01
1.60718594e-07,2.02510938e-01
1.60758594e-07,2.02490625e-01
1.60798594e-07,2.02509375e-01
1.60838594e-07,2.02492188e-01
1.60878594e-07,2.02506250e-01
1.60918594e-07,2.02493750e-01
1.60958594e-07,2.02506250e-01
1.60998594e-07,2.02495312e-01
1.61038594e-07,2.02504688e-01
1.61078594e-07,2.02495312e-01
1.61118594e-07,2.02503125e-01
1.61158594e-07,2.02496875e-01
1.61198594e-07,2.02503125e-01
1.61238594e-07,2.02496875e-01
1.61278594e-07,2.02503125e-01
1.61318594e-07,2.02498438e-01
1.61358594e-07,2.02501563e-01
1.61398594e-07,2.02498438e-01
1.61438594e-07,2.02501563e-01
1.61478594e-07,2.02500000e-01
1.61518594e-07,2.02500000e-01
1.61558594e-07,2.02501563e-01
1.61598594e-07,2.02498438e-01
1.61638594e-07,2.02503125e-01
1.61678594e-07,2.02495312e-01
1.61718594e-07,2.02506250e-01
1.61758594e-07,2.02490625e-01
1.61798594e-07,2.02514063e-01
1.61838594e-07,2.02476563e-01
1.61878594e-07,2.02548438e-01
1.61918594e-07,2.02298438e-01
1.61958594e-07,2.02039063e-01
1.61998594e-07,2.02137500e-01
1.62038594e-07,2.02071875e-01
1.62078594e-07,2.02123438e-01
1.62118594e-07,2.02079687e-01
1.62158594e-07,2.02118750e-01
1.62198594e-07,2.02081250e-01
1.62238594e-07,2.02117188e-01
1.62278594e-07,2.02082813e-01
1.62318594e-07,2.02117188e-01
1.62358594e-07,2.02081250e-01
1.62398594e-07,2.02118750e-01
1.62438594e-07,2.02079687e-01
1.62478594e-07,2.02121875e-01
1.62518594e-07,2.02075000e-01
1.62558594e-07,2.02129688e-01
1.62598594e-07,2.02060938e-01
1.62638594e-07,2.02164063e-01
1.62678594e-07,2.01881250e-01
1.62718594e-07,2.01656250e-01
1.62758594e-07,2.01720312e-01
1.62798594e-07,2.01690625e-01
1.62838594e-07,2.01704688e-01
1.62878594e-07,2.01698437e-01
1.62918594e-07,2.01698437e-01
1.62958594e-07,2.01704688e-01
1.62998594e-07,2.01692188e-01
1.63038594e-07,2.01709375e-01
1.63078594e-07,2.01685938e-01
1.63118594e-07,2.01720312e-01
1.63158594e-07,2.01670313e-01
1.63198594e-07,2.01754688e-01
1.63238594e-07,2.01490625e-01
1.63278594e-07,2.01246875e-01
1.63318594e-07,2.01328125e-01
1.63358594e-07,2.01281250e-01
1.63398594e-07,2.01312500e-01
1.63438594e-07,2.01290625e-01
1.63478594e-07,2.01306250e-01
1.63518594e-07,2.01296875e-01
1.63558594e-07,2.01301563e-01
1.63598594e-07,2.01301563e-01
1.63638594e-07,2.01293750e-01
1.63678594e-07,2.01310938e-01
1.63718594e-07,2.01278125e-01
1.63758594e-07,2.01346875e-01
1.63798594e-07,2.01100000e-01
1.63838594e-07,2.00837500e-01
1.63878594e-07,2.00939063e-01
1.63918594e-07,2.00870313e-01
1.63958594e-07,2.00925000e-01
1.63998594e-07,2.00878125e-01
1.64038594e-07,2.00920313e-01
1.64078594e-07,2.00881250e-01
1.64118594e-07,2.00918750e-01
1.64158594e-07,2.00879688e-01
1.64198594e-07,2.00920313e-01
1.64238594e-07,2.00876563e-01
1.64278594e-07,2.00928125e-01
1.64318594e-07,2.00864062e-01
1.64358594e-07,2.00960938e-01
1.64398594e-07,2.00685938e-01
1.64438594e-07,2.00451563e-01
1.64478594e-07,2.00525000e-01
1.64518594e-07,2.00482812e-01
1.64558594e-07,2.00512500e-01
1.64598594e-07,2.00490625e-01
1.64638594e-07,2.00507812e-01
1.64678594e-07,2.00492188e-01
1.64718594e-07,2.00506250e-01
1.64758594e-07,2.00493750e-01
1.64798594e-07,2.00506250e-01
1.64838594e-07,2.00493750e-01
1.64878594e-07,2.00506250e-01
1.64918594e-07,2.00492188e-01
1.64958594e-07,2.00507812e-01
1.64998594e-07,2.00490625e-01
1.65038594e-07,2.00510938e-01
1.65078594e-07,2.00485938e-01
1.65118594e-07,2.00518750e-01
1.65158594e-07,2.00471875e-01
1.65198594e-07,2.00553125e-01
1.65238594e-07,2.00293750e-01
1.65278594e-07,2.00043750e-01
1.65318594e-07,2.00132813e-01
1.65358594e-07,2.00076562e-01
1.65398594e-07,2.00118750e-01
1.65438594e-07,2.00084375e-01
1.65478594e-07,2.00112500e-01
1.65518594e-07,2.00087500e-01
1.65558594e-07,2.00110938e-01
1.65598594e-07,2.00090625e-01
1.65638594e-07,2.00109375e-01
1.65678594e-07,2.00090625e-01
1.65718594e-07,2.00107813e-01
1.65758594e-07,2.00092188e-01
1.65798594e-07,2.00107813e-01
1.65838594e-07,2.00092188e-01
1.65878594e-07,2.00107813e-01
1.65918594e-07,2.00092188e-01
1.65958594e-07,2.00107813e-01
1.65998594e-07,2.00092188e-01
1.66038594e-07,2.00106250e-01
1.66078594e-07,2.00093750e-01
1.66118594e-07,2.00106250e-01
1.66158594e-07,2.00093750e-01
1.66198594e-07,2.00107813e-01
1.66238594e-07,2.00092188e-01
1.66278594e-07,2.00107813e-01
1.66318594e-07,2.00092188e-01
1.66358594e-07,2.00107813e-01
1.66398594e-07,2.00092188e-01
1.66438594e-07,2.00107813e-01
1.66478594e-07,2.00092188e-01
1.66518594e-07,2.00107813e-01
1.66558594e-07,2.00090625e-01
1.66598594e-07,2.00109375e-01
1.66638594e-07,2.00090625e-01
1.66678594e-07,2.00110938e-01
1.66718594e-07,2.00087500e-01
1.66758594e-07,2.00114063e-01
1.66798594e-07,2.00084375e-01
1.66838594e-07,2.00118750e-01
1.66878594e-07,2.00076562e-01
1.66918594e-07,2.00132813e-01
1.66958594e-07,2.00042187e-01
1.66998594e-07,2.00310938e-01
1.67038594e-07,2.00551563e-01
1.67078594e-07,2.00471875e-01
1.67118594e-07,2.00518750e-01
1.67158594e-07,2.00485938e-01
1.67198594e-07,2.00510938e-01
1.67238594e-07,2.00492188e-01
1.67278594e-07,2.00506250e-01
1.67318594e-07,2.00493750e-01
1.67358594e-07,2.00504688e-01
1.67398594e-07,2.00495313e-01
1.67438594e-07,2.00504688e-01
1.67478594e-07,2.00496875e-01
1.67518594e-07,2.00503125e-01
1.67558594e-07,2.00496875e-01
1.67598594e-07,2.00503125e-01
1.67638594e-07,2.00496875e-01
1.67678594e-07,2.00503125e-01
1.67718594e-07,2.00496875e-01
1.67758594e-07,2.00503125e-01
1.67798594e-07,2.00496875e-01
1.67838594e-07,2.00503125e-01
1.67878594e-07,2.00496875e-01
1.67918594e-07,2.00504688e-01
1.67958594e-07,2.00495313e-01
1.67998594e-07,2.00506250e-01
1.68038594e-07,2.00493750e-01
1.68078594e-07,2.00507812e-01
1.68118594e-07,2.00490625e-01
1.68158594e-07,2.00512500e-01
1.68198594e-07,2.00482812e-01
1.68238594e-07,2.00526563e-01
1.68278594e-07,2.00448438e-01
1.68318594e-07,2.00704688e-01
1.68358594e-07,2.00957812e-01
1.68398594e-07,2.00865625e-01
1.68438594e-07,2.00925000e-01
1.68478594e-07,2.00879688e-01
1.68518594e-07,2.00917188e-01
1.68558594e-07,2.00884375e-01
1.68598594e-07,2.00914063e-01
1.68638594e-07,2.00887500e-01
1.68678594e-07,2.00912500e-01
1.68718594e-07,2.00887500e-01
1.68758594e-07,2.00912500e-01
1.68798594e-07,2.00889062e-01
1.68838594e-07,2.00910937e-01
1.68878594e-07,2.00889062e-01
1.68918594e-07,2.00912500e-01
1.68958594e-07,2.00887500e-01
1.68998594e-07,2.00912500e-01
1.69038594e-07,2.00887500e-01
1.69078594e-07,2.00914063e-01
1.69118594e-07,2.00884375e-01
1.69158594e-07,2.00915625e-01
1.69198594e-07,2.00881250e-01
1.69238594e-07,2.00921875e-01
1.69278594e-07,2.00873438e-01
1.69318594e-07,2.00935937e-01
1.69358594e-07,2.00839062e-01
1.69398594e-07,2.01114062e-01
1.69438594e-07,2.01348438e-01
1.69478594e-07,2.01275000e-01
1.69518594e-07,2.01315625e-01
1.69558594e-07,2.01290625e-01
1.69598594e-07,2.01307813e-01
1.69638594e-07,2.01295313e-01
1.69678594e-07,2.01303125e-01
1.69718594e-07,2.01296875e-01
1.69758594e-07,2.01301563e-01
1.69798594e-07,2.01300000e-01
1.69838594e-07,2.01300000e-01
1.69878594e-07,2.01300000e-01
1.69918594e-07,2.01298438e-01
1.69958594e-07,2.01301563e-01
1.69998594e-07,2.01298438e-01
1.70038594e-07,2.01301563e-01
1.70078594e-07,2.01296875e-01
1.70118594e-07,2.01303125e-01
1.70158594e-07,2.01296875e-01
1.70198594e-07,2.01303125e-01
1.70238594e-07,2.01296875e-01
1.70278594e-07,2.01304687e-01
1.70318594e-07,2.01295313e-01
1.70358594e-07,2.01304687e-01
1.70398594e-07,2.01295313e-01
1.70438594e-07,2.01304687e-01
1.70478594e-07,2.01293750e-01
1.70518594e-07,2.01306250e-01
1.70558594e-07,2.01293750e-01
1.70598594e-07,2.01306250e-01
1.70638594e-07,2.01292187e-01
1.70678594e-07,2.01307813e-01
1.70718594e-07,2.01292187e-01
1.70758594e-07,2.01309375e-01
1.70798594e-07,2.01290625e-01
1.70838594e-07,2.01310938e-01
1.70878594e-07,2.01287500e-01
1.70918594e-07,2.01314063e-01
1.70958594e-07,2.01284375e-01
1.70998594e-07,2.01317187e-01
1.71038594e-07,2.01278125e-01
1.71078594e-07,2.01326563e-01
1.71118594e-07,2.01264063e-01
1.71158594e-07,2.01362500e-01
1.71198594e-07,2.01084375e-01
1.71238594e-07,2.00854688e-01
1.71278594e-07,2.00921875e-01
1.71318594e-07,2.00889062e-01
1.71358594e-07,2.00904688e-01
1.71398594e-07,2.00900000e-01
1.71438594e-07,2.00895313e-01
1.71478594e-07,2.00909375e-01
1.71518594e-07,2.00884375e-01
1.71558594e-07,2.00926563e-01
1.71598594e-07,2.00848438e-01
1.71638594e-07,2.01106250e-01
1.71678594e-07,2.01356250e-01
1.71718594e-07,2.01268750e-01
1.71758594e-07,2.01321875e-01
1.71798594e-07,2.01284375e-01
1.71838594e-07,2.01312500e-01
1.71878594e-07,2.01290625e-01
1.71918594e-07,2.01307813e-01
1.71958594e-07,2.01295313e-01
1.71998594e-07,2.01303125e-01
1.72038594e-07,2.01298438e-01
1.72078594e-07,2.01300000e-01
1.72118594e-07,2.01301563e-01
1.72158594e-07,2.01295313e-01
1.72198594e-07,2.01307813e-01
1.72238594e-07,2.01285938e-01
1.72278594e-07,2.01323438e-01
1.72318594e-07,2.01251563e-01
1.72358594e-07,2.01501563e-01
1.72398594e-07,2.01759375e-01
1.72438594e-07,2.01664063e-01
1.72478594e-07,2.01726563e-01
1.72518594e-07,2.01679688e-01
1.72558594e-07,2.01717188e-01
1.72598594e-07,2.01684375e-01
1.72638594e-07,2.01714063e-01
1.72678594e-07,2.01687500e-01
1.72718594e-07,2.01710938e-01
1.72758594e-07,2.01689063e-01
1.72798594e-07,2.01709375e-01
1.72838594e-07,2.01690625e-01
1.72878594e-07,2.01709375e-01
1.72918594e-07,2.01692188e-01
1.72958594e-07,2.01707812e-01
1.72998594e-07,2.01692188e-01
1.73038594e-07,2.01707812e-01
1.73078594e-07,2.01692188e-01
1.73118594e-07,2.01706250e-01
1.73158594e-07,2.01693750e-01
1.73198594e-07,2.01706250e-01
1.73238594e-07,2.01693750e-01
1.73278594e-07,2.01706250e-01
1.73318594e-07,2.01693750e-01
1.73358594e-07,2.01706250e-01
1.73398594e-07,2.01693750e-01
1.73438594e-07,2.01706250e-01
1.73478594e-07,2.01693750e-01
1.73518594e-07,2.01704688e-01
1.73558594e-07,2.01695313e-01
1.73598594e-07,2.01704688e-01
1.73638594e-07,2.01695313e-01
1.73678594e-07,2.01704688e-01
1.73718594e-07,2.01695313e-01
1.73758594e-07,2.01704688e-01
1.73798594e-07,2.01695313e-01
1.73838594e-07,2.01704688e-01
1.73878594e-07,2.01695313e-01
1.73918594e-07,2.01704688e-01
1.73958594e-07,2.01695313e-01
1.73998594e-07,2.01704688e-01
1.74038594e-07,2.01695313e-01
1.74078594e-07,2.01704688e-01
1.74118594e-07,2.01695313e-01
1.74158594e-07,2.01704688e-01
1.74198594e-07,2.01695313e-01
1.74238594e-07,2.01704688e-01
1.74278594e-07,2.01695313e-01
1.74318594e-07,2.01704688e-01
1.74358594e-07,2.01695313e-01
1.74398594e-07,2.01704688e-01
1.74438594e-07,2.01695313e-01
1.74478594e-07,2.01704688e-01
1.74518594e-07,2.01695313e-01
1.74558594e-07,2.01704688e-01
1.74598594e-07,2.01695313e-01
1.74638594e-07,2.01704688e-01
1.74678594e-07,2.01695313e-01
1.74718594e-07,2.01704688e-01
1.74758594e-07,2.01695313e-01
1.74798594e-07,2.01704688e-01
1.74838594e-07,2.01695313e-01
1.74878594e-07,2.01704688e-01
1.74918594e-07,2.01695313e-01
1.74958594e-07,2.01704688e-01
1.74998594e-07,2.01695313e-01
1.75038594e-07,2.01704688e-01
1.75078594e-07,2.01695313e-01
1.75118594e-07,2.01704688e-01
1.75158594e-07,2.01695313e-01
1.75198594e-07,2.01706250e-01
1.75238594e-07,2.01693750e-01
1.75278594e-07,2.01706250e-01
1.75318594e-07,2.01693750e-01
1.75358594e-07,2.01706250e-01
1.75398594e-07,2.01693750e-01
1.75438594e-07,2.01707812e-01
1.75478594e-07,2.01692188e-01
1.75518594e-07,2.01707812e-01
1.75558594e-07,2.01692188e-01
1.75598594e-07,2.01709375e-01
1.75638594e-07,2.01690625e-01
1.75678594e-07,2.01710938e-01
1.75718594e-07,2.01687500e-01
1.75758594e-07,2.01714063e-01
1.75798594e-07,2.01684375e-01
1.75838594e-07,2.01718750e-01
1.75878594e-07,2.01676563e-01
1.75918594e-07,2.01734375e-01
1.75958594e-07,2.01640625e-01
1.75998594e-07,2.01912500e-01
1.76038594e-07,2.02150000e-01
1.76078594e-07,2.02075000e-01
1.76118594e-07,2.02115625e-01
1.76158594e-07,2.02089062e-01
1.76198594e-07,2.02107813e-01
1.76238594e-07,2.02095313e-01
1.76278594e-07,2.02103125e-01
1.76318594e-07,2.02098438e-01
1.76358594e-07,2.02100000e-01
1.76398594e-07,2.02101562e-01
1.76438594e-07,2.02096875e-01
1.76478594e-07,2.02106250e-01
1.76518594e-07,2.02092188e-01
1.76558594e-07,2.02110938e-01
1.76598594e-07,2.02082813e-01
1.76638594e-07,2.02126562e-01
1.76678594e-07,2.02048438e-01
1.76718594e-07,2.02306250e-01
1.76758594e-07,2.02556250e-01
1.76798594e-07,2.02467188e-01
1.76838594e-07,2.02521875e-01
1.76878594e-07,2.02482812e-01
1.76918594e-07,2.02514063e-01
1.76958594e-07,2.02489063e-01
1.76998594e-07,2.02509375e-01
1.77038594e-07,2.02492188e-01
1.77078594e-07,2.02506250e-01
1.77118594e-07,2.02493750e-01
1.77158594e-07,2.02504688e-01
1.77198594e-07,2.02496875e-01
1.77238594e-07,2.02501563e-01
1.77278594e-07,2.02500000e-01
1.77318594e-07,2.02498438e-01
1.77358594e-07,2.02506250e-01
1.77398594e-07,2.02489063e-01
1.77438594e-07,2.02520313e-01
1.77478594e-07,2.02454688e-01
1.77518594e-07,2.02698437e-01
1.77558594e-07,2.02964063e-01
1.77598594e-07,2.02859375e-01
1.77638594e-07,2.02931250e-01
1.77678594e-07,2.02875000e-01
1.77718594e-07,2.02923437e-01
1.77758594e-07,2.02879688e-01
1.77798594e-07,2.02920313e-01
1.77838594e-07,2.02881250e-01
1.77878594e-07,2.02918750e-01
1.77918594e-07,2.02881250e-01
1.77958594e-07,2.02918750e-01
1.77998594e-07,2.02881250e-01
1.78038594e-07,2.02918750e-01
1.78078594e-07,2.02879688e-01
1.78118594e-07,2.02920313e-01
1.78158594e-07,2.02878125e-01
1.78198594e-07,2.02925000e-01
1.78238594e-07,2.02870313e-01
1.78278594e-07,2.02940625e-01
1.78318594e-07,2.02835938e-01
1.78358594e-07,2.03117188e-01
1.78398594e-07,2.03343750e-01
1.78438594e-07,2.03279688e-01
1.78478594e-07,2.03310938e-01
1.78518594e-07,2.03293750e-01
1.78558594e-07,2.03303125e-01
1.78598594e-07,2.03298438e-01
1.78638594e-07,2.03300000e-01
1.78678594e-07,2.03301563e-01
1.78718594e-07,2.03298438e-01
1.78758594e-07,2.03303125e-01
1.78798594e-07,2.03296875e-01
1.78838594e-07,2.03304687e-01
1.78878594e-07,2.03295313e-01
1.78918594e-07,2.03304687e-01
1.78958594e-07,2.03293750e-01
1.78998594e-07,2.03306250e-01
1.79038594e-07,2.03293750e-01
1.79078594e-07,2.03307813e-01
1.79118594e-07,2.03292187e-01
1.79158594e-07,2.03307813e-01
1.79198594e-07,2.03290625e-01
1.79238594e-07,2.03309375e-01
1.79278594e-07,2.03290625e-01
1.79318594e-07,2.03310938e-01
1.79358594e-07,2.03289063e-01
1.79398594e-07,2.03312500e-01
1.79438594e-07,2.03285938e-01
1.79478594e-07,2.03315625e-01
1.79518594e-07,2.03282813e-01
1.79558594e-07,2.03318750e-01
1.79598594e-07,2.03276563e-01
1.79638594e-07,2.03328125e-01
1.79678594e-07,2.03260938e-01
1.79718594e-07,2.03364062e-01
1.79758594e-07,2.03082813e-01
1.79798594e-07,2.02856250e-01
1.79838594e-07,2.02918750e-01
1.79878594e-07,2.02890625e-01
1.79918594e-07,2.02903125e-01
1.79958594e-07,2.02901563e-01
1.79998594e-07,2.02893750e-01
1.80038594e-07,2.02909375e-01
1.80078594e-07,2.02885938e-01
1.80118594e-07,2.02920313e-01
1.80158594e-07,2.02868750e-01
1.80198594e-07,2.02957813e-01
1.80238594e-07,2.02687500e-01
1.80278594e-07,2.02451563e-01
1.80318594e-07,2.02521875e-01
1.80358594e-07,2.02490625e-01
1.80398594e-07,2.02501563e-01
1.80438594e-07,2.02507812e-01
1.80478594e-07,2.02479688e-01
1.80518594e-07,2.02546875e-01
1.80558594e-07,2.02298438e-01
1.80598594e-07,2.02042187e-01
1.80638594e-07,2.02132813e-01
1.80678594e-07,2.02079687e-01
1.80718594e-07,2.02112500e-01
1.80758594e-07,2.02095313e-01
1.80798594e-07,2.02092188e-01
1.80838594e-07,2.02134375e-01
1.80878594e-07,2.01912500e-01
1.80918594e-07,2.01626562e-01
1.80958594e-07,2.01750000e-01
1.80998594e-07,2.01659375e-01
1.81038594e-07,2.01735938e-01
1.81078594e-07,2.01667188e-01
1.81118594e-07,2.01732812e-01
1.81158594e-07,2.01665625e-01
1.81198594e-07,2.01737500e-01
1.81238594e-07,2.01653125e-01
1.81278594e-07,2.01770312e-01
1.81318594e-07,2.01478125e-01
1.81358594e-07,2.01259375e-01
1.81398594e-07,2.01317187e-01
1.81438594e-07,2.01292187e-01
1.81478594e-07,2.01303125e-01
1.81518594e-07,2.01298438e-01
1.81558594e-07,2.01300000e-01
1.81598594e-07,2.01301563e-01
1.81638594e-07,2.01296875e-01
1.81678594e-07,2.01303125e-01
1.81718594e-07,2.01295313e-01
1.81758594e-07,2.01304687e-01
1.81798594e-07,2.01295313e-01
1.81838594e-07,2.01304687e-01
1.81878594e-07,2.01293750e-01
1.81918594e-07,2.01306250e-01
1.81958594e-07,2.01293750e-01
1.81998594e-07,2.01306250e-01
1.82038594e-07,2.01292187e-01
1.82078594e-07,2.01307813e-01
1.82118594e-07,2.01290625e-01
1.82158594e-07,2.01309375e-01
1.82198594e-07,2.01289063e-01
1.82238594e-07,2.01312500e-01
1.82278594e-07,2.01285938e-01
1.82318594e-07,2.01317187e-01
1.82358594e-07,2.01278125e-01
1.82398594e-07,2.01332813e-01
1.82438594e-07,2.01242188e-01
1.82478594e-07,2.01509375e-01
1.82518594e-07,2.01751563e-01
1.82558594e-07,2.01671875e-01
1.82598594e-07,2.01718750e-01
1.82638594e-07,2.01685938e-01
1.82678594e-07,2.01710938e-01
1.82718594e-07,2.01690625e-01
1.82758594e-07,2.01707812e-01
1.82798594e-07,2.01693750e-01
1.82838594e-07,2.01704688e-01
1.82878594e-07,2.01695313e-01
1.82918594e-07,2.01704688e-01
1.82958594e-07,2.01696875e-01
1.82998594e-07,2.01703125e-01
1.83038594e-07,2.01696875e-01
1.83078594e-07,2.01701563e-01
1.83118594e-07,2.01698437e-01
1.83158594e-07,2.01701563e-01
1.83198594e-07,2.01698437e-01
1.83238594e-07,2.01701563e-01
1.83278594e-07,2.01698437e-01
1.83318594e-07,2.01701563e-01
1.83358594e-07,2.01700000e-01
1.83398594e-07,2.01700000e-01
1.83438594e-07,2.01700000e-01
1.83478594e-07,2.01700000e-01
1.83518594e-07,2.01700000e-01
1.83558594e-07,2.01700000e-01
1.83598594e-07,2.01701563e-01
1.83638594e-07,2.01698437e-01
1.83678594e-07,2.01701563e-01
1.83718594e-07,2.01698437e-01
1.83758594e-07,2.01703125e-01
1.83798594e-07,2.01696875e-01
1.83838594e-07,2.01704688e-01
1.83878594e-07,2.01695313e-01
1.83918594e-07,2.01706250e-01
1.83958594e-07,2.01692188e-01
1.83998594e-07,2.01709375e-01
1.84038594e-07,2.01687500e-01
1.84078594e-07,2.01717188e-01
1.84118594e-07,2.01671875e-01
1.84158594e-07,2.01751563e-01
1.84198594e-07,2.01495312e-01
1.84238594e-07,2.01243750e-01
1.84278594e-07,2.01332813e-01
1.84318594e-07,2.01276563e-01
1.84358594e-07,2.01318750e-01
1.84398594e-07,2.01284375e-01
1.84438594e-07,2.01314063e-01
1.84478594e-07,2.01287500e-01
1.84518594e-07,2.01310938e-01
1.84558594e-07,2.01289063e-01
1.84598594e-07,2.01309375e-01
1.84638594e-07,2.01290625e-01
1.84678594e-07,2.01307813e-01
1.84718594e-07,2.01292187e-01
1.84758594e-07,2.01307813e-01
1.84798594e-07,2.01292187e-01
1.84838594e-07,2.01307813e-01
1.84878594e-07,2.01293750e-01
1.84918594e-07,2.01306250e-01
1.84958594e-07,2.01293750e-01
1.84998594e-07,2.01306250e-01
1.85038594e-07,2.01293750e-01
1.85078594e-07,2.01306250e-01
1.85118594e-07,2.01293750e-01
1.85158594e-07,2.01306250e-01
1.85198594e-07,2.01293750e-01
1.85238594e-07,2.01304687e-01
1.85278594e-07,2.01295313e-01
1.85318594e-07,2.01304687e-01
1.85358594e-07,2.01295313e-01
1.85398594e-07,2.01304687e-01
1.85438594e-07,2.01295313e-01
1.85478594e-07,2.01304687e-01
1.85518594e-07,2.01296875e-01
1.85558594e-07,2.01303125e-01
1.85598594e-07,2.01296875e-01
1.85638594e-07,2.01303125e-01
1.85678594e-07,2.01298438e-01
1.85718594e-07,2.01301563e-01
1.85758594e-07,2.01300000e-01
1.85798594e-07,2.01298438e-01
1.85838594e-07,2.01304687e-01
1.85878594e-07,2.01290625e-01
1.85918594e-07,2.01318750e-01
1.85958594e-07,2.01256250e-01
1.85998594e-07,2.01495312e-01
1.86038594e-07,2.01767188e-01
1.86078594e-07,2.01656250e-01
1.86118594e-07,2.01735938e-01
1.86158594e-07,2.01667188e-01
1.86198594e-07,2.01732812e-01
1.86238594e-07,2.01664063e-01
1.86278594e-07,2.01743750e-01
1.86318594e-07,2.01632813e-01
1.86358594e-07,2.01918750e-01
1.86398594e-07,2.02145313e-01
1.86438594e-07,2.02076563e-01
1.86478594e-07,2.02117188e-01
1.86518594e-07,2.02082813e-01
1.86558594e-07,2.02125000e-01
1.86598594e-07,2.02053125e-01
1.86638594e-07,2.02298438e-01
1.86678594e-07,2.02567188e-01
1.86718594e-07,2.02456250e-01
1.86758594e-07,2.02537500e-01
1.86798594e-07,2.02465625e-01
1.86838594e-07,2.02535938e-01
1.86878594e-07,2.02460937e-01
1.86918594e-07,2.02548438e-01
1.86958594e-07,2.02428125e-01
1.86998594e-07,2.02725000e-01
1.87038594e-07,2.02937500e-01
1.87078594e-07,2.02885938e-01
1.87118594e-07,2.02904688e-01
1.87158594e-07,2.02900000e-01
1.87198594e-07,2.02896875e-01
1.87238594e-07,2.02904688e-01
1.87278594e-07,2.02893750e-01
1.87318594e-07,2.02907813e-01
1.87358594e-07,2.02890625e-01
1.87398594e-07,2.02910937e-01
1.87438594e-07,2.02889062e-01
1.87478594e-07,2.02912500e-01
1.87518594e-07,2.02887500e-01
1.87558594e-07,2.02914063e-01
1.87598594e-07,2.02884375e-01
1.87638594e-07,2.02915625e-01
1.87678594e-07,2.02882813e-01
1.87718594e-07,2.02918750e-01
1.87758594e-07,2.02879688e-01
1.87798594e-07,2.02921875e-01
1.87838594e-07,2.02875000e-01
1.87878594e-07,2.02926563e-01
1.87918594e-07,2.02868750e-01
1.87958594e-07,2.02937500e-01
1.87998594e-07,2.02851562e-01
1.88038594e-07,2.02975000e-01
1.88078594e-07,2.02670313e-01
1.88118594e-07,2.02468750e-01
1.88158594e-07,2.02504688e-01
1.88198594e-07,2.02507812e-01
1.88238594e-07,2.02484375e-01
1.88278594e-07,2.02525000e-01
1.88318594e-07,2.02460937e-01
1.88358594e-07,2.02567188e-01
1.88398594e-07,2.02276563e-01
1.88438594e-07,2.02065625e-01
1.88478594e-07,2.02106250e-01
1.88518594e-07,2.02109375e-01
1.88558594e-07,2.02073438e-01
1.88598594e-07,2.02156250e-01
1.88638594e-07,2.01885938e-01
1.88678594e-07,2.01656250e-01
1.88718594e-07,2.01714063e-01
1.88758594e-07,2.01701563e-01
1.88798594e-07,2.01681250e-01
1.88838594e-07,2.01750000e-01
1.88878594e-07,2.01492188e-01
1.88918594e-07,2.01250000e-01
1.88958594e-07,2.01321875e-01
1.88998594e-07,2.01295313e-01
1.89038594e-07,2.01287500e-01
1.89078594e-07,2.01342188e-01
1.89118594e-07,2.01100000e-01
1.89158594e-07,2.00842188e-01
1.89198594e-07,2.00928125e-01
1.89238594e-07,2.00887500e-01
1.89278594e-07,2.00896875e-01
1.89318594e-07,2.00932813e-01
1.89358594e-07,2.00710938e-01
1.89398594e-07,2.00431250e-01
1.89438594e-07,2.00542187e-01
1.89478594e-07,2.00470312e-01
1.89518594e-07,2.00520313e-01
1.89558594e-07,2.00487500e-01
1.89598594e-07,2.00500000e-01
1.89638594e-07,2.00526563e-01
1.89678594e-07,2.00318750e-01
1.89718594e-07,2.00018750e-01
1.89758594e-07,2.00156250e-01
1.89798594e-07,2.00053125e-01
1.89838594e-07,2.00143750e-01
1.89878594e-07,2.00057813e-01
1.89918594e-07,2.00145313e-01
1.89958594e-07,2.00046875e-01
1.89998594e-07,2.00175000e-01
1.90038594e-07,1.99873438e-01
1.90078594e-07,1.99664063e-01
1.90118594e-07,1.99714063e-01
1.90158594e-07,1.99695312e-01
1.90198594e-07,1.99701563e-01
1.90238594e-07,1.99701563e-01
1.90278594e-07,1.99696875e-01
1.90318594e-07,1.99703125e-01
1.90358594e-07,1.99696875e-01
1.90398594e-07,1.99704688e-01
1.90438594e-07,1.99695312e-01
1.90478594e-07,1.99704688e-01
1.90518594e-07,1.99695312e-01
1.90558594e-07,1.99704688e-01
1.90598594e-07,1.99695312e-01
1.90638594e-07,1.99704688e-01
1.90678594e-07,1.99696875e-01
1.90718594e-07,1.99703125e-01
1.90758594e-07,1.99696875e-01
1.90798594e-07,1.99703125e-01
1.90838594e-07,1.99696875e-01
1.90878594e-07,1.99703125e-01
1.90918594e-07,1.99698437e-01
1.90958594e-07,1.99701563e-01
1.90998594e-07,1.99698437e-01
1.91038594e-07,1.99700000e-01
1.91078594e-07,1.99700000e-01
1.91118594e-07,1.99698437e-01
1.91158594e-07,1.99701563e-01
1.91198594e-07,1.99696875e-01
1.91238594e-07,1.99704688e-01
1.91278594e-07,1.99692188e-01
1.91318594e-07,1.99710938e-01
1.91358594e-07,1.99684375e-01
1.91398594e-07,1.99725000e-01
1.91438594e-07,1.99648437e-01
1.91478594e-07,1.99904688e-01
1.91518594e-07,2.00157813e-01
1.91558594e-07,2.00067188e-01
1.91598594e-07,2.00123438e-01
1.91638594e-07,2.00082813e-01
1.91678594e-07,2.00114063e-01
1.91718594e-07,2.00089062e-01
1.91758594e-07,2.00107813e-01
1.91798594e-07,2.00096875e-01
1.91838594e-07,2.00096875e-01
1.91878594e-07,2.00112500e-01
1.91918594e-07,2.00062500e-01
1.91958594e-07,2.00290625e-01
1.91998594e-07,2.00571875e-01
1.92038594e-07,2.00451563e-01
1.92078594e-07,2.00540625e-01
1.92118594e-07,2.00464063e-01
1.92158594e-07,2.00534375e-01
1.92198594e-07,2.00465625e-01
1.92238594e-07,2.00535938e-01
1.92278594e-07,2.00459375e-01
1.92318594e-07,2.00550000e-01
1.92358594e-07,2.00426563e-01
1.92398594e-07,2.00726563e-01
1.92438594e-07,2.00934375e-01
1.92478594e-07,2.00889062e-01
1.92518594e-07,2.00901563e-01
1.92558594e-07,2.00904688e-01
1.92598594e-07,2.00890625e-01
1.92638594e-07,2.00915625e-01
1.92678594e-07,2.00878125e-01
1.92718594e-07,2.00931250e-01
1.92758594e-07,2.00842188e-01
1.92798594e-07,2.01110938e-01
1.92838594e-07,2.01350000e-01
1.92878594e-07,2.01273438e-01
1.92918594e-07,2.01317187e-01
1.92958594e-07,2.01289063e-01
1.92998594e-07,2.01307813e-01
1.93038594e-07,2.01293750e-01
1.93078594e-07,2.01303125e-01
1.93118594e-07,2.01298438e-01
1.93158594e-07,2.01300000e-01
1.93198594e-07,2.01301563e-01
1.93238594e-07,2.01296875e-01
1.93278594e-07,2.01304687e-01
1.93318594e-07,2.01293750e-01
1.93358594e-07,2.01309375e-01
1.93398594e-07,2.01284375e-01
1.93438594e-07,2.01325000e-01
1.93478594e-07,2.01250000e-01
1.93518594e-07,2.01503125e-01
1.93558594e-07,2.01759375e-01
1.93598594e-07,2.01664063e-01
1.93638594e-07,2.01726563e-01
1.93678594e-07,2.01676563e-01
1.93718594e-07,2.01720312e-01
1.93758594e-07,2.01681250e-01
1.93798594e-07,2.01718750e-01
1.93838594e-07,2.01681250e-01
1.93878594e-07,2.01720312e-01
1.93918594e-07,2.01678125e-01
1.93958594e-07,2.01726563e-01
1.93998594e-07,2.01664063e-01
1.94038594e-07,2.01760938e-01
1.94078594e-07,2.01485938e-01
1.94118594e-07,2.01251563e-01
1.94158594e-07,2.01325000e-01
1.94198594e-07,2.01284375e-01
1.94238594e-07,2.01310938e-01
1.94278594e-07,2.01290625e-01
1.94318594e-07,2.01306250e-01
1.94358594e-07,2.01293750e-01
1.94398594e-07,2.01304687e-01
1.94438594e-07,2.01296875e-01
1.94478594e-07,2.01303125e-01
1.94518594e-07,2.01296875e-01
1.94558594e-07,2.01301563e-01
1.94598594e-07,2.01298438e-01
1.94638594e-07,2.01301563e-01
1.94678594e-07,2.01298438e-01
1.94718594e-07,2.01301563e-01
1.94758594e-07,2.01298438e-01
1.94798594e-07,2.01300000e-01
1.94838594e-07,2.01300000e-01
1.94878594e-07,2.01300000e-01
1.94918594e-07,2.01300000e-01
1.94958594e-07,2.01300000e-01
1.94998594e-07,2.01300000e-01
1.95038594e-07,2.01300000e-01
1.95078594e-07,2.01300000e-01
1.95118594e-07,2.01300000e-01
1.95158594e-07,2.01300000e-01
1.95198594e-07,2.01300000e-01
1.95238594e-07,2.01301563e-01
1.95278594e-07,2.01298438e-01
1.95318594e-07,2.01301563e-01
1.95358594e-07,2.01298438e-01
1.95398594e-07,2.01301563e-01
1.95438594e-07,2.01298438e-01
1.95478594e-07,2.01301563e-01
1.95518594e-07,2.01298438e-01
1.95558594e-07,2.01301563e-01
1.95598594e-07,2.01298438e-01
1.95638594e-07,2.01303125e-01
1.95678594e-07,2.01296875e-01
1.95718594e-07,2.01303125e-01
1.95758594e-07,2.01296875e-01
1.95798594e-07,2.01303125e-01
1.95838594e-07,2.01296875e-01
1.95878594e-07,2.01304687e-01
1.95918594e-07,2.01295313e-01
1.95958594e-07,2.01304687e-01
1.95998594e-07,2.01295313e-01
1.96038594e-07,2.01306250e-01
1.96078594e-07,2.01293750e-01
1.96118594e-07,2.01307813e-01
1.96158594e-07,2.01292187e-01
1.96198594e-07,2.01309375e-01
1.96238594e-07,2.01289063e-01
1.96278594e-07,2.01312500e-01
1.96318594e-07,2.01284375e-01
1.96358594e-07,2.01321875e-01
1.96398594e-07,2.01268750e-01
1.96438594e-07,2.01356250e-01
1.96478594e-07,2.01090625e-01
1.96518594e-07,2.00846875e-01
1.96558594e-07,2.00928125e-01
1.96598594e-07,2.00881250e-01
1.96638594e-07,2.00914063e-01
1.96678594e-07,2.00889062e-01
1.96718594e-07,2.00909375e-01
1.96758594e-07,2.00892188e-01
1.96798594e-07,2.00906250e-01
1.96838594e-07,2.00895313e-01
1.96878594e-07,2.00904688e-01
1.96918594e-07,2.00896875e-01
1.96958594e-07,2.00903125e-01
1.96998594e-07,2.00898437e-01
1.97038594e-07,2.00901563e-01
1.97078594e-07,2.00900000e-01
1.97118594e-07,2.00900000e-01
1.97158594e-07,2.00900000e-01
1.97198594e-07,2.00898437e-01
1.97238594e-07,2.00901563e-01
1.97278594e-07,2.00896875e-01
1.97318594e-07,2.00904688e-01
1.97358594e-07,2.00893750e-01
1.97398594e-07,2.00907813e-01
1.97438594e-07,2.00890625e-01
1.97478594e-07,2.00912500e-01
1.97518594e-07,2.00882813e-01
1.97558594e-07,2.00928125e-01
1.97598594e-07,2.00846875e-01
1.97638594e-07,2.01106250e-01
1.97678594e-07,2.01356250e-01
1.97718594e-07,2.01267187e-01
1.97758594e-07,2.01321875e-01
1.97798594e-07,2.01282813e-01
1.97838594e-07,2.01314063e-01
1.97878594e-07,2.01287500e-01
1.97918594e-07,2.01310938e-01
1.97958594e-07,2.01290625e-01
1.97998594e-07,2.01307813e-01
1.98038594e-07,2.01292187e-01
1.98078594e-07,2.01306250e-01
1.98118594e-07,2.01293750e-01
1.98158594e-07,2.01304687e-01
1.98198594e-07,2.01295313e-01
1.98238594e-07,2.01304687e-01
1.98278594e-07,2.01296875e-01
1.98318594e-07,2.01303125e-01
1.98358594e-07,2.01296875e-01
1.98398594e-07,2.01301563e-01
1.98438594e-07,2.01298438e-01
1.98478594e-07,2.01301563e-01
1.98518594e-07,2.01300000e-01
1.98558594e-07,2.01300000e-01
1.98598594e-07,2.01301563e-01
1.98638594e-07,2.01298438e-01
1.98678594e-07,2.01303125e-01
1.98718594e-07,2.01295313e-01
1.98758594e-07,2.01307813e-01
1.98798594e-07,2.01289063e-01
1.98838594e-07,2.01315625e-01
1.98878594e-07,2.01275000e-01
1.98918594e-07,2.01350000e-01
1.98958594e-07,2.01096875e-01
1.98998594e-07,2.00840625e-01
1.99038594e-07,2.00934375e-01
1.99078594e-07,2.00875000e-01
1.99118594e-07,2.00920313e-01
1.99158594e-07,2.00882813e-01
1.99198594e-07,2.00915625e-01
1.99238594e-07,2.00885938e-01
1.99278594e-07,2.00912500e-01
1.99318594e-07,2.00887500e-01
1.99358594e-07,2.00910937e-01
1.99398594e-07,2.00889062e-01
1.99438594e-07,2.00909375e-01
1.99478594e-07,2.00890625e-01
1.99518594e-07,2.00909375e-01
1.99558594e-07,2.00890625e-01
1.99598594e-07,2.00909375e-01
1.99638594e-07,2.00890625e-01
1.99678594e-07,2.00907813e-01
1.99718594e-07,2.00892188e-01
1.99758594e-07,2.00907813e-01
1.99798594e-07,2.00892188e-01
1.99838594e-07,2.00907813e-01
1.99878594e-07,2.00892188e-01
1.99918594e-07,2.00907813e-01
1.99958594e-07,2.00890625e-01
1.99998594e-07,2.00909375e-01
2.00038594e-07,2.00890625e-01
2.00078594e-07,2.00909375e-01
2.00118594e-07,2.00889062e-01
2.00158594e-07,2.00912500e-01
2.00198594e-07,2.00885938e-01
2.00238594e-07,2.00917188e-01
2.00278594e-07,2.00878125e-01
2.00318594e-07,2.00931250e-01
2.00358594e-07,2.00845313e-01
2.00398594e-07,2.01107813e-01
2.00438594e-07,2.01354688e-01
2.00478594e-07,2.01268750e-01
2.00518594e-07,2.01323438e-01
2.00558594e-07,2.01281250e-01
2.00598594e-07,2.01315625e-01
2.00638594e-07,2.01284375e-01
2.00678594e-07,2.01314063e-01
2.00718594e-07,2.01284375e-01
2.00758594e-07,2.01315625e-01
2.00798594e-07,2.01282813e-01
2.00838594e-07,2.01320313e-01
2.00878594e-07,2.01275000e-01
2.00918594e-07,2.01334375e-01
2.00958594e-07,2.01240625e-01
2.00998594e-07,2.01514063e-01
2.01038594e-07,2.01748438e-01
2.01078594e-07,2.01675000e-01
2.01118594e-07,2.01714063e-01
2.01158594e-07,2.01692188e-01
2.01198594e-07,2.01704688e-01
2.01238594e-07,2.01700000e-01
2.01278594e-07,2.01696875e-01
2.01318594e-07,2.01707812e-01
2.01358594e-07,2.01687500e-01
2.01398594e-07,2.01723438e-01
2.01438594e-07,2.01650000e-01
2.01478594e-07,2.01903125e-01
2.01518594e-07,2.02157813e-01
2.01558594e-07,2.02067188e-01
2.01598594e-07,2.02123438e-01
2.01638594e-07,2.02082813e-01
2.01678594e-07,2.02112500e-01
2.01718594e-07,2.02090625e-01
2.01758594e-07,2.02106250e-01
2.01798594e-07,2.02098438e-01
2.01838594e-07,2.02095313e-01
2.01878594e-07,2.02115625e-01
2.01918594e-07,2.02059375e-01
2.01958594e-07,2.02293750e-01
2.01998594e-07,2.02568750e-01
2.02038594e-07,2.02456250e-01
2.02078594e-07,2.02534375e-01
2.02118594e-07,2.02470312e-01
2.02158594e-07,2.02525000e-01
2.02198594e-07,2.02476563e-01
2.02238594e-07,2.02521875e-01
2.02278594e-07,2.02479688e-01
2.02318594e-07,2.02520313e-01
2.02358594e-07,2.02481250e-01
2.02398594e-07,2.02518750e-01
2.02438594e-07,2.02481250e-01
2.02478594e-07,2.02518750e-01
2.02518594e-07,2.02482812e-01
2.02558594e-07,2.02517188e-01
2.02598594e-07,2.02482812e-01
2.02638594e-07,2.02517188e-01
2.02678594e-07,2.02481250e-01
2.02718594e-07,2.02518750e-01
2.02758594e-07,2.02481250e-01
2.02798594e-07,2.02518750e-01
2.02838594e-07,2.02481250e-01
2.02878594e-07,2.02520313e-01
2.02918594e-07,2.02479688e-01
2.02958594e-07,2.02521875e-01
2.02998594e-07,2.02476563e-01
2.03038594e-07,2.02526563e-01
2.03078594e-07,2.02470312e-01
2.03118594e-07,2.02534375e-01
2.03158594e-07,2.02456250e-01
2.03198594e-07,2.02570313e-01
2.03238594e-07,2.02276563e-01
2.03278594e-07,2.02060938e-01
2.03318594e-07,2.02114062e-01
2.03358594e-07,2.02096875e-01
2.03398594e-07,2.02096875e-01
2.03438594e-07,2.02107813e-01
2.03478594e-07,2.02087500e-01
2.03518594e-07,2.02120313e-01
2.03558594e-07,2.02070313e-01
2.03598594e-07,2.02156250e-01
2.03638594e-07,2.01890625e-01
2.03678594e-07,2.01648437e-01
2.03718594e-07,2.01728125e-01
2.03758594e-07,2.01682813e-01
2.03798594e-07,2.01712500e-01
2.03838594e-07,2.01690625e-01
2.03878594e-07,2.01706250e-01
2.03918594e-07,2.01695313e-01
2.03958594e-07,2.01704688e-01
2.03998594e-07,2.01696875e-01
2.04038594e-07,2.01701563e-01
2.04078594e-07,2.01698437e-01
2.04118594e-07,2.01700000e-01
2.04158594e-07,2.01700000e-01
2.04198594e-07,2.01700000e-01
2.04238594e-07,2.01700000e-01
2.04278594e-07,2.01698437e-01
2.04318594e-07,2.01701563e-01
2.04358594e-07,2.01698437e-01
2.04398594e-07,2.01701563e-01
2.04438594e-07,2.01698437e-01
2.04478594e-07,2.01701563e-01
2.04518594e-07,2.01696875e-01
2.04558594e-07,2.01703125e-01
2.04598594e-07,2.01696875e-01
2.04638594e-07,2.01703125e-01
2.04678594e-07,2.01696875e-01
2.04718594e-07,2.01703125e-01
2.04758594e-07,2.01696875e-01
2.04798594e-07,2.01703125e-01
2.04838594e-07,2.01696875e-01
2.04878594e-07,2.01703125e-01
2.04918594e-07,2.01695313e-01
2.04958594e-07,2.01704688e-01
2.04998594e-07,2.01695313e-01
2.05038594e-07,2.01704688e-01
2.05078594e-07,2.01695313e-01
2.05118594e-07,2.01704688e-01
2.05158594e-07,2.01695313e-01
2.05198594e-07,2.01704688e-01
2.05238594e-07,2.01695313e-01
2.05278594e-07,2.01704688e-01
2.05318594e-07,2.01695313e-01
2.05358594e-07,2.01706250e-01
2.05398594e-07,2.01693750e-01
2.05438594e-07,2.01706250e-01
2.05478594e-07,2.01693750e-01
2.05518594e-07,2.01706250e-01
2.05558594e-07,2.01693750e-01
2.05598594e-07,2.01706250e-01
2.05638594e-07,2.01693750e-01
2.05678594e-07,2.01706250e-01
2.05718594e-07,2.01693750e-01
2.05758594e-07,2.01706250e-01
2.05798594e-07,2.01692188e-01
2.05838594e-07,2.01707812e-01
2.05878594e-07,2.01692188e-01
2.05918594e-07,2.01707812e-01
2.05958594e-07,2.01692188e-01
2.05998594e-07,2.01707812e-01
2.06038594e-07,2.01690625e-01
2.06078594e-07,2.01709375e-01
2.06118594e-07,2.01690625e-01
2.06158594e-07,2.01710938e-01
2.06198594e-07,2.01689063e-01
2.06238594e-07,2.01712500e-01
2.06278594e-07,2.01687500e-01
2.06318594e-07,2.01714063e-01
2.06358594e-07,2.01684375e-01
2.06398594e-07,2.01717188e-01
2.06438594e-07,2.01679688e-01
2.06478594e-07,2.01726563e-01
2.06518594e-07,2.01664063e-01
2.06558594e-07,2.01760938e-01
2.06598594e-07,2.01485938e-01
2.06638594e-07,2.01251563e-01
2.06678594e-07,2.01325000e-01
2.06718594e-07,2.01285938e-01
2.06758594e-07,2.01309375e-01
2.06798594e-07,2.01293750e-01
2.06838594e-07,2.01304687e-01
2.06878594e-07,2.01296875e-01
2.06918594e-07,2.01301563e-01
2.06958594e-07,2.01300000e-01
2.06998594e-07,2.01300000e-01
2.07038594e-07,2.01301563e-01
2.07078594e-07,2.01298438e-01
2.07118594e-07,2.01301563e-01
2.07158594e-07,2.01296875e-01
2.07198594e-07,2.01303125e-01
2.07238594e-07,2.01296875e-01
2.07278594e-07,2.01304687e-01
2.07318594e-07,2.01295313e-01
2.07358594e-07,2.01304687e-01
2.07398594e-07,2.01293750e-01
2.07438594e-07,2.01306250e-01
2.07478594e-07,2.01293750e-01
2.07518594e-07,2.01307813e-01
2.07558594e-07,2.01292187e-01
2.07598594e-07,2.01309375e-01
2.07638594e-07,2.01290625e-01
2.07678594e-07,2.01310938e-01
2.07718594e-07,2.01287500e-01
2.07758594e-07,2.01315625e-01
2.07798594e-07,2.01281250e-01
2.07838594e-07,2.01323438e-01
2.07878594e-07,2.01267187e-01
2.07918594e-07,2.01357813e-01
2.07958594e-07,2.01087500e-01
2.07998594e-07,2.00850000e-01
2.08038594e-07,2.00926563e-01
2.08078594e-07,2.00882813e-01
2.08118594e-07,2.00910937e-01
2.08158594e-07,2.00892188e-01
2.08198594e-07,2.00906250e-01
2.08238594e-07,2.00895313e-01
2.08278594e-07,2.00903125e-01
2.08318594e-07,2.00896875e-01
2.08358594e-07,2.00901563e-01
2.08398594e-07,2.00900000e-01
2.08438594e-07,2.00900000e-01
2.08478594e-07,2.00900000e-01
2.08518594e-07,2.00898437e-01
2.08558594e-07,2.00901563e-01
2.08598594e-07,2.00898437e-01
2.08638594e-07,2.00903125e-01
2.08678594e-07,2.00896875e-01
2.08718594e-07,2.00903125e-01
2.08758594e-07,2.00895313e-01
2.08798594e-07,2.00904688e-01
2.08838594e-07,2.00893750e-01
2.08878594e-07,2.00906250e-01
2.08918594e-07,2.00892188e-01
2.08958594e-07,2.00907813e-01
2.08998594e-07,2.00890625e-01
2.09038594e-07,2.00910937e-01
2.09078594e-07,2.00885938e-01
2.09118594e-07,2.00917188e-01
2.09158594e-07,2.00878125e-01
2.09198594e-07,2.00931250e-01
2.09238594e-07,2.00843750e-01
2.09278594e-07,2.01109375e-01
2.09318594e-07,2.01353125e-01
2.09358594e-07,2.01271875e-01
2.09398594e-07,2.01318750e-01
2.09438594e-07,2.01285938e-01
2.09478594e-07,2.01310938e-01
2.09518594e-07,2.01292187e-01
2.09558594e-07,2.01307813e-01
2.09598594e-07,2.01293750e-01
2.09638594e-07,2.01304687e-01
2.09678594e-07,2.01295313e-01
2.09718594e-07,2.01303125e-01
2.09758594e-07,2.01296875e-01
2.09798594e-07,2.01303125e-01
2.09838594e-07,2.01298438e-01
2.09878594e-07,2.01301563e-01
2.09918594e-07,2.01298438e-01
2.09958594e-07,2.01301563e-01
2.09998594e-07,2.01300000e-01
2.10038594e-07,2.01300000e-01
2.10078594e-07,2.01300000e-01
2.10118594e-07,2.01300000e-01
2.10158594e-07,2.01300000e-01
2.10198594e-07,2.01300000e-01
2.10238594e-07,2.01301563e-01
2.10278594e-07,2.01298438e-01
2.10318594e-07,2.01301563e-01
2.10358594e-07,2.01298438e-01
2.10398594e-07,2.01301563e-01
2.10438594e-07,2.01298438e-01
2.10478594e-07,2.01301563e-01
2.10518594e-07,2.01298438e-01
2.10558594e-07,2.01301563e-01
2.10598594e-07,2.01298438e-01
2.10638594e-07,2.01303125e-01
2.10678594e-07,2.01296875e-01
2.10718594e-07,2.01303125e-01
2.10758594e-07,2.01296875e-01
2.10798594e-07,2.01303125e-01
2.10838594e-07,2.01296875e-01
2.10878594e-07,2.01303125e-01
2.10918594e-07,2.01296875e-01
2.10958594e-07,2.01304687e-01
2.10998594e-07,2.01295313e-01
2.11038594e-07,2.01304687e-01
2.11078594e-07,2.01295313e-01
2.11118594e-07,2.01304687e-01
2.11158594e-07,2.01295313e-01
2.11198594e-07,2.01304687e-01
2.11238594e-07,2.01293750e-01
2.11278594e-07,2.01306250e-01
2.11318594e-07,2.01293750e-01
2.11358594e-07,2.01306250e-01
2.11398594e-07,2.01292187e-01
2.11438594e-07,2.01307813e-01
2.11478594e-07,2.01292187e-01
2.11518594e-07,2.01309375e-01
2.11558594e-07,2.01290625e-01
2.11598594e-07,2.01310938e-01
2.11638594e-07,2.01287500e-01
2.11678594e-07,2.01314063e-01
2.11718594e-07,2.01282813e-01
2.11758594e-07,2.01323438e-01
2.11798594e-07,2.01267187e-01
2.11838594e-07,2.01357813e-01
2.11878594e-07,2.01089062e-01
2.11918594e-07,2.00848438e-01
2.11958594e-07,2.00928125e-01
2.11998594e-07,2.00881250e-01
2.12038594e-07,2.00914063e-01
2.12078594e-07,2.00887500e-01
2.12118594e-07,2.00910937e-01
2.12158594e-07,2.00890625e-01
2.12198594e-07,2.00909375e-01
2.12238594e-07,2.00890625e-01
2.12278594e-07,2.00910937e-01
2.12318594e-07,2.00887500e-01
2.12358594e-07,2.00917188e-01
2.12398594e-07,2.00875000e-01
2.12438594e-07,2.00950000e-01
2.12478594e-07,2.00698437e-01
2.12518594e-07,2.00439063e-01
2.12558594e-07,2.00537500e-01
2.12598594e-07,2.00470312e-01
2.12638594e-07,2.00525000e-01
2.12678594e-07,2.00476563e-01
2.12718594e-07,2.00523438e-01
2.12758594e-07,2.00476563e-01
2.12798594e-07,2.00525000e-01
2.12838594e-07,2.00471875e-01
2.12878594e-07,2.00532813e-01
2.12918594e-07,2.00457812e-01
2.12958594e-07,2.00567188e-01
2.12998594e-07,2.00279687e-01
2.13038594e-07,2.00057813e-01
2.13078594e-07,2.00118750e-01
2.13118594e-07,2.00092188e-01
2.13158594e-07,2.00103125e-01
2.13198594e-07,2.00100000e-01
2.13238594e-07,2.00096875e-01
2.13278594e-07,2.00104688e-01
2.13318594e-07,2.00092188e-01
2.13358594e-07,2.00109375e-01
2.13398594e-07,2.00087500e-01
2.13438594e-07,2.00114063e-01
2.13478594e-07,2.00081250e-01
2.13518594e-07,2.00123438e-01
2.13558594e-07,2.00065625e-01
2.13598594e-07,2.00159375e-01
2.13638594e-07,1.99885937e-01
2.13678594e-07,1.99651563e-01
2.13718594e-07,1.99723438e-01
2.13758594e-07,1.99685938e-01
2.13798594e-07,1.99707812e-01
2.13838594e-07,1.99695312e-01
2.13878594e-07,1.99701563e-01
2.13918594e-07,1.99701563e-01
2.13958594e-07,1.99696875e-01
2.13998594e-07,1.99704688e-01
2.14038594e-07,1.99692188e-01
2.14078594e-07,1.99710938e-01
2.14118594e-07,1.99685938e-01
2.14158594e-07,1.99720312e-01
2.14198594e-07,1.99668750e-01
2.14238594e-07,1.99756250e-01
2.14278594e-07,1.99490625e-01
2.14318594e-07,1.99248438e-01
2.14358594e-07,1.99326562e-01
2.14398594e-07,1.99282813e-01
2.14438594e-07,1.99310938e-01
2.14478594e-07,1.99293750e-01
2.14518594e-07,1.99303125e-01
2.14558594e-07,1.99298438e-01
2.14598594e-07,1.99298438e-01
2.14638594e-07,1.99304688e-01
2.14678594e-07,1.99290625e-01
2.14718594e-07,1.99314062e-01
2.14758594e-07,1.99275000e-01
2.14798594e-07,1.99350000e-01
2.14838594e-07,1.99096875e-01
2.14878594e-07,1.98842188e-01
2.14918594e-07,1.98934375e-01
2.14958594e-07,1.98876563e-01
2.14998594e-07,1.98918750e-01
2.15038594e-07,1.98884375e-01
2.15078594e-07,1.98914063e-01
2.15118594e-07,1.98887500e-01
2.15158594e-07,1.98910937e-01
2.15198594e-07,1.98890625e-01
2.15238594e-07,1.98909375e-01
2.15278594e-07,1.98890625e-01
2.15318594e-07,1.98909375e-01
2.15358594e-07,1.98890625e-01
2.15398594e-07,1.98909375e-01
2.15438594e-07,1.98889063e-01
2.15478594e-07,1.98912500e-01
2.15518594e-07,1.98882813e-01
2.15558594e-07,1.98925000e-01
2.15598594e-07,1.98851563e-01
2.15638594e-07,1.99101562e-01
2.15678594e-07,1.99362500e-01
2.15718594e-07,1.99259375e-01
2.15758594e-07,1.99332813e-01
2.15798594e-07,1.99268750e-01
2.15838594e-07,1.99332813e-01
2.15878594e-07,1.99264063e-01
2.15918594e-07,1.99345313e-01
2.15958594e-07,1.99229688e-01
2.15998594e-07,1.99523438e-01
2.16038594e-07,1.99737500e-01
2.16078594e-07,1.99689063e-01
2.16118594e-07,1.99696875e-01
2.16158594e-07,1.99717188e-01
2.16198594e-07,1.99656250e-01
2.16238594e-07,1.99898437e-01
2.16278594e-07,2.00165625e-01
2.16318594e-07,2.00056250e-01
2.16358594e-07,2.00142188e-01
2.16398594e-07,2.00040625e-01
2.16438594e-07,2.00306250e-01
2.16478594e-07,2.00562500e-01
2.16518594e-07,2.00453125e-01
2.16558594e-07,2.00550000e-01
2.16598594e-07,2.00428125e-01
2.16638594e-07,2.00725000e-01
2.16678594e-07,2.00935937e-01
2.16718594e-07,2.00890625e-01
2.16758594e-07,2.00895313e-01
2.16798594e-07,2.00920313e-01
2.16838594e-07,2.00851562e-01
2.16878594e-07,2.01104688e-01
2.16918594e-07,2.01354688e-01
2.16958594e-07,2.01273438e-01
2.16998594e-07,2.01312500e-01
2.17038594e-07,2.01303125e-01
2.17078594e-07,2.01268750e-01
2.17118594e-07,2.01485938e-01
2.17158594e-07,2.01775000e-01
2.17198594e-07,2.01648437e-01
2.17238594e-07,2.01742188e-01
2.17278594e-07,2.01662500e-01
2.17318594e-07,2.01737500e-01
2.17358594e-07,2.01660937e-01
2.17398594e-07,2.01746875e-01
2.17438594e-07,2.01629688e-01
2.17478594e-07,2.01921875e-01
2.17518594e-07,2.02142188e-01
2.17558594e-07,2.02081250e-01
2.17598594e-07,2.02110938e-01
2.17638594e-07,2.02093750e-01
2.17678594e-07,2.02103125e-01
2.17718594e-07,2.02096875e-01
2.17758594e-07,2.02101562e-01
2.17798594e-07,2.02098438e-01
2.17838594e-07,2.02101562e-01
2.17878594e-07,2.02100000e-01
2.17918594e-07,2.02100000e-01
2.17958594e-07,2.02100000e-01
2.17998594e-07,2.02100000e-01
2.18038594e-07,2.02100000e-01
2.18078594e-07,2.02101562e-01
2.18118594e-07,2.02098438e-01
2.18158594e-07,2.02101562e-01
2.18198594e-07,2.02098438e-01
2.18238594e-07,2.02101562e-01
2.18278594e-07,2.02098438e-01
2.18318594e-07,2.02103125e-01
2.18358594e-07,2.02096875e-01
2.18398594e-07,2.02103125e-01
2.18438594e-07,2.02095313e-01
2.18478594e-07,2.02104688e-01
2.18518594e-07,2.02095313e-01
2.18558594e-07,2.02106250e-01
2.18598594e-07,2.02092188e-01
2.18638594e-07,2.02107813e-01
2.18678594e-07,2.02090625e-01
2.18718594e-07,2.02112500e-01
2.18758594e-07,2.02084375e-01
2.18798594e-07,2.02120313e-01
2.18838594e-07,2.02068750e-01
2.18878594e-07,2.02156250e-01
2.18918594e-07,2.01890625e-01
2.18958594e-07,2.01646875e-01
2.18998594e-07,2.01728125e-01
2.19038594e-07,2.01681250e-01
2.19078594e-07,2.01714063e-01
2.19118594e-07,2.01689063e-01
2.19158594e-07,2.01707812e-01
2.19198594e-07,2.01693750e-01
2.19238594e-07,2.01704688e-01
2.19278594e-07,2.01696875e-01
2.19318594e-07,2.01701563e-01
2.19358594e-07,2.01701563e-01
2.19398594e-07,2.01696875e-01
2.19438594e-07,2.01704688e-01
2.19478594e-07,2.01690625e-01
2.19518594e-07,2.01714063e-01
2.19558594e-07,2.01676563e-01
2.19598594e-07,2.01750000e-01
2.19638594e-07,2.01496875e-01
2.19678594e-07,2.01240625e-01
2.19718594e-07,2.01335938e-01
2.19758594e-07,2.01273438e-01
2.19798594e-07,2.01320313e-01
2.19838594e-07,2.01282813e-01
2.19878594e-07,2.01315625e-01
2.19918594e-07,2.01285938e-01
2.19958594e-07,2.01312500e-01
2.19998594e-07,2.01287500e-01
2.20038594e-07,2.01310938e-01
2.20078594e-07,2.01289063e-01
2.20118594e-07,2.01310938e-01
2.20158594e-07,2.01289063e-01
2.20198594e-07,2.01310938e-01
2.20238594e-07,2.01289063e-01
2.20278594e-07,2.01310938e-01
2.20318594e-07,2.01289063e-01
2.20358594e-07,2.01310938e-01
2.20398594e-07,2.01287500e-01
2.20438594e-07,2.01314063e-01
2.20478594e-07,2.01282813e-01
2.20518594e-07,2.01321875e-01
2.20558594e-07,2.01268750e-01
2.20598594e-07,2.01354688e-01
2.20638594e-07,2.01092188e-01
2.20678594e-07,2.00845313e-01
2.20718594e-07,2.00931250e-01
2.20758594e-07,2.00876563e-01
2.20798594e-07,2.00918750e-01
2.20838594e-07,2.00882813e-01
2.20878594e-07,2.00915625e-01
2.20918594e-07,2.00884375e-01
2.20958594e-07,2.00915625e-01
2.20998594e-07,2.00882813e-01
2.21038594e-07,2.00918750e-01
2.21078594e-07,2.00878125e-01
2.21118594e-07,2.00926563e-01
2.21158594e-07,2.00864062e-01
2.21198594e-07,2.00960938e-01
2.21238594e-07,2.00685938e-01
2.21278594e-07,2.00453125e-01
2.21318594e-07,2.00523438e-01
2.21358594e-07,2.00487500e-01
2.21398594e-07,2.00506250e-01
2.21438594e-07,2.00498438e-01
2.21478594e-07,2.00496875e-01
2.21518594e-07,2.00509375e-01
2.21558594e-07,2.00479688e-01
2.21598594e-07,2.00545313e-01
2.21638594e-07,2.00301563e-01
2.21678594e-07,2.00035938e-01
2.21718594e-07,2.00140625e-01
2.21758594e-07,2.00068750e-01
2.21798594e-07,2.00126562e-01
2.21838594e-07,2.00075000e-01
2.21878594e-07,2.00125000e-01
2.21918594e-07,2.00073438e-01
2.21958594e-07,2.00129688e-01
2.21998594e-07,2.00062500e-01
2.22038594e-07,2.00162500e-01
2.22078594e-07,1.99885937e-01
2.22118594e-07,1.99651563e-01
2.22158594e-07,1.99726563e-01
2.22198594e-07,1.99682813e-01
2.22238594e-07,1.99712500e-01
2.22278594e-07,1.99689063e-01
2.22318594e-07,1.99709375e-01
2.22358594e-07,1.99692188e-01
2.22398594e-07,1.99707812e-01
2.22438594e-07,1.99692188e-01
2.22478594e-07,1.99707812e-01
2.22518594e-07,1.99692188e-01
2.22558594e-07,1.99707812e-01
2.22598594e-07,1.99690625e-01
2.22638594e-07,1.99709375e-01
2.22678594e-07,1.99689063e-01
2.22718594e-07,1.99712500e-01
2.22758594e-07,1.99685938e-01
2.22798594e-07,1.99717188e-01
2.22838594e-07,1.99678125e-01
2.22878594e-07,1.99732813e-01
2.22918594e-07,1.99642188e-01
2.22958594e-07,1.99910937e-01
2.22998594e-07,2.00151563e-01
2.23038594e-07,2.00071875e-01
2.23078594e-07,2.00117188e-01
2.23118594e-07,2.00087500e-01
2.23158594e-07,2.00109375e-01
2.23198594e-07,2.00093750e-01
2.23238594e-07,2.00104688e-01
2.23278594e-07,2.00098438e-01
2.23318594e-07,2.00100000e-01
2.23358594e-07,2.00101562e-01
2.23398594e-07,2.00095313e-01
2.23438594e-07,2.00107813e-01
2.23478594e-07,2.00087500e-01
2.23518594e-07,2.00123438e-01
2.23558594e-07,2.00051563e-01
2.23598594e-07,2.00301563e-01
2.23638594e-07,2.00560938e-01
2.23678594e-07,2.00462500e-01
2.23718594e-07,2.00528125e-01
2.23758594e-07,2.00476563e-01
2.23798594e-07,2.00520313e-01
2.23838594e-07,2.00481250e-01
2.23878594e-07,2.00518750e-01
2.23918594e-07,2.00481250e-01
2.23958594e-07,2.00520313e-01
2.23998594e-07,2.00478125e-01
2.24038594e-07,2.00526563e-01
2.24078594e-07,2.00465625e-01
2.24118594e-07,2.00559375e-01
2.24158594e-07,2.00289063e-01
2.24198594e-07,2.00048438e-01
2.24238594e-07,2.00128125e-01
2.24278594e-07,2.00079688e-01
2.24318594e-07,2.00115625e-01
2.24358594e-07,2.00085938e-01
2.24398594e-07,2.00112500e-01
2.24438594e-07,2.00087500e-01
2.24478594e-07,2.00112500e-01
2.24518594e-07,2.00087500e-01
2.24558594e-07,2.00114063e-01
2.24598594e-07,2.00082813e-01
2.24638594e-07,2.00121875e-01
2.24678594e-07,2.00068750e-01
2.24718594e-07,2.00156250e-01
2.24758594e-07,1.99890625e-01
2.24798594e-07,1.99646875e-01
2.24838594e-07,1.99729688e-01
2.24878594e-07,1.99679688e-01
2.24918594e-07,1.99715625e-01
2.24958594e-07,1.99687500e-01
2.24998594e-07,1.99709375e-01
2.25038594e-07,1.99692188e-01
2.25078594e-07,1.99707812e-01
2.25118594e-07,1.99693750e-01
2.25158594e-07,1.99706250e-01
2.25198594e-07,1.99695312e-01
2.25238594e-07,1.99704688e-01
2.25278594e-07,1.99695312e-01
2.25318594e-07,1.99704688e-01
2.25358594e-07,1.99696875e-01
2.25398594e-07,1.99703125e-01
2.25438594e-07,1.99696875e-01
2.25478594e-07,1.99703125e-01
2.25518594e-07,1.99696875e-01
2.25558594e-07,1.99703125e-01
2.25598594e-07,1.99696875e-01
2.25638594e-07,1.99703125e-01
2.25678594e-07,1.99696875e-01
2.25718594e-07,1.99703125e-01
2.25758594e-07,1.99696875e-01
2.25798594e-07,1.99703125e-01
2.25838594e-07,1.99695312e-01
2.25878594e-07,1.99704688e-01
2.25918594e-07,1.99693750e-01
2.25958594e-07,1.99709375e-01
2.25998594e-07,1.99685938e-01
2.26038594e-07,1.99721875e-01
2.26078594e-07,1.99654688e-01
2.26118594e-07,1.99898437e-01
2.26158594e-07,2.00165625e-01
2.26198594e-07,2.00056250e-01
2.26238594e-07,2.00135937e-01
2.26278594e-07,2.00065625e-01
2.26318594e-07,2.00134375e-01
2.26358594e-07,2.00062500e-01
2.26398594e-07,2.00146875e-01
2.26438594e-07,2.00028125e-01
2.26478594e-07,2.00325000e-01
2.26518594e-07,2.00535938e-01
2.26558594e-07,2.00489063e-01
2.26598594e-07,2.00500000e-01
2.26638594e-07,2.00509375e-01
2.26678594e-07,2.00482812e-01
2.26718594e-07,2.00529687e-01
2.26758594e-07,2.00443750e-01
2.26798594e-07,2.00710938e-01
2.26838594e-07,2.00948438e-01
2.26878594e-07,2.00876563e-01
2.26918594e-07,2.00910937e-01
2.26958594e-07,2.00898437e-01
2.26998594e-07,2.00893750e-01
2.27038594e-07,2.00918750e-01
2.27078594e-07,2.00854688e-01
2.27118594e-07,2.01100000e-01
2.27158594e-07,2.01360938e-01
2.27198594e-07,2.01265625e-01
2.27238594e-07,2.01325000e-01
2.27278594e-07,2.01281250e-01
2.27318594e-07,2.01314063e-01
2.27358594e-07,2.01289063e-01
2.27398594e-07,2.01307813e-01
2.27438594e-07,2.01295313e-01
2.27478594e-07,2.01300000e-01
2.27518594e-07,2.01304687e-01
2.27558594e-07,2.01289063e-01
2.27598594e-07,2.01321875e-01
2.27638594e-07,2.01253125e-01
2.27678594e-07,2.01501563e-01
2.27718594e-07,2.01757813e-01
2.27758594e-07,2.01667188e-01
2.27798594e-07,2.01720312e-01
2.27838594e-07,2.01690625e-01
2.27878594e-07,2.01696875e-01
2.27918594e-07,2.01729688e-01
2.27958594e-07,2.01515625e-01
2.27998594e-07,2.01223438e-01
2.28038594e-07,2.01353125e-01
2.28078594e-07,2.01257813e-01
2.28118594e-07,2.01337500e-01
2.28158594e-07,2.01265625e-01
2.28198594e-07,2.01332813e-01
2.28238594e-07,2.01268750e-01
2.28278594e-07,2.01331250e-01
2.28318594e-07,2.01267187e-01
2.28358594e-07,2.01332813e-01
2.28398594e-07,2.01264063e-01
2.28438594e-07,2.01340625e-01
2.28478594e-07,2.01250000e-01
2.28518594e-07,2.01375000e-01
2.28558594e-07,2.01071875e-01
2.28598594e-07,2.00865625e-01
2.28638594e-07,2.00910937e-01
2.28678594e-07,2.00900000e-01
2.28718594e-07,2.00895313e-01
2.28758594e-07,2.00909375e-01
2.28798594e-07,2.00887500e-01
2.28838594e-07,2.00915625e-01
2.28878594e-07,2.00879688e-01
2.28918594e-07,2.00925000e-01
2.28958594e-07,2.00864062e-01
2.28998594e-07,2.00960938e-01
2.29038594e-07,2.00684375e-01
2.29078594e-07,2.00453125e-01
2.29118594e-07,2.00521875e-01
2.29158594e-07,2.00487500e-01
2.29198594e-07,2.00506250e-01
2.29238594e-07,2.00496875e-01
2.29278594e-07,2.00500000e-01
2.29318594e-07,2.00503125e-01
2.29358594e-07,2.00495313e-01
2.29398594e-07,2.00507812e-01
2.29438594e-07,2.00487500e-01
2.29478594e-07,2.00517187e-01
2.29518594e-07,2.00471875e-01
2.29558594e-07,2.00553125e-01
2.29598594e-07,2.00293750e-01
2.29638594e-07,2.00043750e-01
2.29678594e-07,2.00131250e-01
2.29718594e-07,2.00078125e-01
2.29758594e-07,2.00117188e-01
2.29798594e-07,2.00085938e-01
2.29838594e-07,2.00110938e-01
2.29878594e-07,2.00090625e-01
2.29918594e-07,2.00109375e-01
2.29958594e-07,2.00092188e-01
2.29998594e-07,2.00106250e-01
2.30038594e-07,2.00093750e-01
2.30078594e-07,2.00106250e-01
2.30118594e-07,2.00095313e-01
2.30158594e-07,2.00104688e-01
2.30198594e-07,2.00095313e-01
2.30238594e-07,2.00104688e-01
2.30278594e-07,2.00095313e-01
2.30318594e-07,2.00104688e-01
2.30358594e-07,2.00096875e-01
2.30398594e-07,2.00103125e-01
2.30438594e-07,2.00096875e-01
2.30478594e-07,2.00103125e-01
2.30518594e-07,2.00096875e-01
2.30558594e-07,2.00103125e-01
2.30598594e-07,2.00096875e-01
2.30638594e-07,2.00103125e-01
2.30678594e-07,2.00096875e-01
2.30718594e-07,2.00103125e-01
2.30758594e-07,2.00096875e-01
2.30798594e-07,2.00103125e-01
2.30838594e-07,2.00096875e-01
2.30878594e-07,2.00103125e-01
2.30918594e-07,2.00096875e-01
2.30958594e-07,2.00103125e-01
2.30998594e-07,2.00096875e-01
2.31038594e-07,2.00103125e-01
2.31078594e-07,2.00096875e-01
2.31118594e-07,2.00103125e-01
2.31158594e-07,2.00096875e-01
2.31198594e-07,2.00103125e-01
2.31238594e-07,2.00096875e-01
2.31278594e-07,2.00103125e-01
2.31318594e-07,2.00096875e-01
2.31358594e-07,2.00103125e-01
2.31398594e-07,2.00096875e-01
2.31438594e-07,2.00103125e-01
2.31478594e-07,2.00096875e-01
2.31518594e-07,2.00103125e-01
2.31558594e-07,2.00096875e-01
2.31598594e-07,2.00103125e-01
2.31638594e-07,2.00096875e-01
2.31678594e-07,2.00103125e-01
2.31718594e-07,2.00096875e-01
2.31758594e-07,2.00103125e-01
2.31798594e-07,2.00096875e-01
2.31838594e-07,2.00103125e-01
2.31878594e-07,2.00096875e-01
2.31918594e-07,2.00103125e-01
2.31958594e-07,2.00096875e-01
2.31998594e-07,2.00104688e-01
2.32038594e-07,2.00095313e-01
2.32078594e-07,2.00104688e-01
2.32118594e-07,2.00095313e-01
2.32158594e-07,2.00104688e-01
2.32198594e-07,2.00095313e-01
2.32238594e-07,2.00104688e-01
2.32278594e-07,2.00095313e-01
2.32318594e-07,2.00104688e-01
2.32358594e-07,2.00095313e-01
2.32398594e-07,2.00106250e-01
2.32438594e-07,2.00093750e-01
2.32478594e-07,2.00106250e-01
2.32518594e-07,2.00093750e-01
2.32558594e-07,2.00106250e-01
2.32598594e-07,2.00093750e-01
2.32638594e-07,2.00107813e-01
2.32678594e-07,2.00092188e-01
2.32718594e-07,2.00107813e-01
2.32758594e-07,2.00090625e-01
2.32798594e-07,2.00109375e-01
2.32838594e-07,2.00090625e-01
2.32878594e-07,2.00110938e-01
2.32918594e-07,2.00089062e-01
2.32958594e-07,2.00112500e-01
2.32998594e-07,2.00085938e-01
2.33038594e-07,2.00115625e-01
2.33078594e-07,2.00081250e-01
2.33118594e-07,2.00121875e-01
2.33158594e-07,2.00073438e-01
2.33198594e-07,2.00137500e-01
2.33238594e-07,2.00037500e-01
2.33278594e-07,2.00315625e-01
2.33318594e-07,2.00545313e-01
2.33358594e-07,2.00478125e-01
2.33398594e-07,2.00510938e-01
2.33438594e-07,2.00493750e-01
2.33478594e-07,2.00501563e-01
2.33518594e-07,2.00501563e-01
2.33558594e-07,2.00495313e-01
2.33598594e-07,2.00507812e-01
2.33638594e-07,2.00489063e-01
2.33678594e-07,2.00515625e-01
2.33718594e-07,2.00479688e-01
2.33758594e-07,2.00531250e-01
2.33798594e-07,2.00442188e-01
2.33838594e-07,2.00712500e-01
2.33878594e-07,2.00950000e-01
2.33918594e-07,2.00876563e-01
2.33958594e-07,2.00912500e-01
2.33998594e-07,2.00893750e-01
2.34038594e-07,2.00901563e-01
2.34078594e-07,2.00904688e-01
2.34118594e-07,2.00889062e-01
2.34158594e-07,2.00923437e-01
2.34198594e-07,2.00851562e-01
2.34238594e-07,2.01103125e-01
2.34278594e-07,2.01357813e-01
2.34318594e-07,2.01267187e-01
2.34358594e-07,2.01321875e-01
2.34398594e-07,2.01284375e-01
2.34438594e-07,2.01312500e-01
2.34478594e-07,2.01292187e-01
2.34518594e-07,2.01306250e-01
2.34558594e-07,2.01296875e-01
2.34598594e-07,2.01298438e-01
2.34638594e-07,2.01304687e-01
2.34678594e-07,2.01289063e-01
2.34718594e-07,2.01321875e-01
2.34758594e-07,2.01251563e-01
2.34798594e-07,2.01503125e-01
2.34838594e-07,2.01757813e-01
2.34878594e-07,2.01667188e-01
2.34918594e-07,2.01721875e-01
2.34958594e-07,2.01684375e-01
2.34998594e-07,2.01709375e-01
2.35038594e-07,2.01698437e-01
2.35078594e-07,2.01690625e-01
2.35118594e-07,2.01735938e-01
2.35158594e-07,2.01509375e-01
2.35198594e-07,2.01228125e-01
2.35238594e-07,2.01346875e-01
2.35278594e-07,2.01262500e-01
2.35318594e-07,2.01332813e-01
2.35358594e-07,2.01270312e-01
2.35398594e-07,2.01328125e-01
2.35438594e-07,2.01273438e-01
2.35478594e-07,2.01326563e-01
2.35518594e-07,2.01273438e-01
2.35558594e-07,2.01326563e-01
2.35598594e-07,2.01270312e-01
2.35638594e-07,2.01332813e-01
2.35678594e-07,2.01257813e-01
2.35718594e-07,2.01365625e-01
2.35758594e-07,2.01081250e-01
2.35798594e-07,2.00854688e-01
2.35838594e-07,2.00921875e-01
2.35878594e-07,2.00885938e-01
2.35918594e-07,2.00910937e-01
2.35958594e-07,2.00890625e-01
2.35998594e-07,2.00909375e-01
2.36038594e-07,2.00889062e-01
2.36078594e-07,2.00914063e-01
2.36118594e-07,2.00876563e-01
2.36158594e-07,2.00946875e-01
2.36198594e-07,2.00700000e-01
2.36238594e-07,2.00437500e-01
2.36278594e-07,2.00539063e-01
2.36318594e-07,2.00468750e-01
2.36358594e-07,2.00526563e-01
2.36398594e-07,2.00476563e-01
2.36438594e-07,2.00523438e-01
2.36478594e-07,2.00478125e-01
2.36518594e-07,2.00521875e-01
2.36558594e-07,2.00476563e-01
2.36598594e-07,2.00525000e-01
2.36638594e-07,2.00473438e-01
2.36678594e-07,2.00531250e-01
2.36718594e-07,2.00459375e-01
2.36758594e-07,2.00565625e-01
2.36798594e-07,2.00281250e-01
2.36838594e-07,2.00056250e-01
2.36878594e-07,2.00120313e-01
2.36918594e-07,2.00089062e-01
2.36958594e-07,2.00106250e-01
2.36998594e-07,2.00095313e-01
2.37038594e-07,2.00101562e-01
2.37078594e-07,2.00100000e-01
2.37118594e-07,2.00100000e-01
2.37158594e-07,2.00101562e-01
2.37198594e-07,2.00098438e-01
2.37238594e-07,2.00101562e-01
2.37278594e-07,2.00098438e-01
2.37318594e-07,2.00103125e-01
2.37358594e-07,2.00096875e-01
2.37398594e-07,2.00103125e-01
2.37438594e-07,2.00096875e-01
2.37478594e-07,2.00103125e-01
2.37518594e-07,2.00096875e-01
2.37558594e-07,2.00103125e-01
2.37598594e-07,2.00096875e-01
2.37638594e-07,2.00103125e-01
2.37678594e-07,2.00096875e-01
2.37718594e-07,2.00101562e-01
2.37758594e-07,2.00098438e-01
2.37798594e-07,2.00101562e-01
2.37838594e-07,2.00098438e-01
2.37878594e-07,2.00100000e-01
2.37918594e-07,2.00101562e-01
2.37958594e-07,2.00096875e-01
2.37998594e-07,2.00106250e-01
2.38038594e-07,2.00089062e-01
2.38078594e-07,2.00120313e-01
2.38118594e-07,2.00056250e-01
2.38158594e-07,2.00296875e-01
2.38198594e-07,2.00565625e-01
2.38238594e-07,2.00457812e-01
2.38278594e-07,2.00532813e-01
2.38318594e-07,2.00470312e-01
2.38358594e-07,2.00526563e-01
2.38398594e-07,2.00475000e-01
2.38438594e-07,2.00525000e-01
2.38478594e-07,2.00475000e-01
2.38518594e-07,2.00526563e-01
2.38558594e-07,2.00471875e-01
2.38598594e-07,2.00531250e-01
2.38638594e-07,2.00464063e-01
2.38678594e-07,2.00545313e-01
2.38718594e-07,2.00429688e-01
2.38758594e-07,2.00723438e-01
2.38798594e-07,2.00937500e-01
2.38838594e-07,2.00885938e-01
2.38878594e-07,2.00903125e-01
2.38918594e-07,2.00901563e-01
2.38958594e-07,2.00893750e-01
2.38998594e-07,2.00909375e-01
2.39038594e-07,2.00885938e-01
2.39078594e-07,2.00917188e-01
2.39118594e-07,2.00876563e-01
2.39158594e-07,2.00934375e-01
2.39198594e-07,2.00840625e-01
2.39238594e-07,2.01114062e-01
2.39278594e-07,2.01348438e-01
2.39318594e-07,2.01276563e-01
2.39358594e-07,2.01312500e-01
2.39398594e-07,2.01292187e-01
2.39438594e-07,2.01303125e-01
2.39478594e-07,2.01300000e-01
2.39518594e-07,2.01296875e-01
2.39558594e-07,2.01304687e-01
2.39598594e-07,2.01292187e-01
2.39638594e-07,2.01312500e-01
2.39678594e-07,2.01281250e-01
2.39718594e-07,2.01328125e-01
2.39758594e-07,2.01246875e-01
2.39798594e-07,2.01507812e-01
2.39838594e-07,2.01754688e-01
2.39878594e-07,2.01670313e-01
2.39918594e-07,2.01720312e-01
2.39958594e-07,2.01684375e-01
2.39998594e-07,2.01710938e-01
2.40038594e-07,2.01690625e-01
2.40078594e-07,2.01707812e-01
2.40118594e-07,2.01693750e-01
2.40158594e-07,2.01704688e-01
2.40198594e-07,2.01696875e-01
2.40238594e-07,2.01703125e-01
2.40278594e-07,2.01698437e-01
2.40318594e-07,2.01701563e-01
2.40358594e-07,2.01700000e-01
2.40398594e-07,2.01700000e-01
2.40438594e-07,2.01701563e-01
2.40478594e-07,2.01698437e-01
2.40518594e-07,2.01703125e-01
2.40558594e-07,2.01695313e-01
2.40598594e-07,2.01706250e-01
2.40638594e-07,2.01692188e-01
2.40678594e-07,2.01709375e-01
2.40718594e-07,2.01687500e-01
2.40758594e-07,2.01718750e-01
2.40798594e-07,2.01671875e-01
2.40838594e-07,2.01753125e-01
2.40878594e-07,2.01493750e-01
2.40918594e-07,2.01243750e-01
2.40958594e-07,2.01331250e-01
2.40998594e-07,2.01278125e-01
2.41038594e-07,2.01317187e-01
2.41078594e-07,2.01285938e-01
2.41118594e-07,2.01310938e-01
2.41158594e-07,2.01289063e-01
2.41198594e-07,2.01309375e-01
2.41238594e-07,2.01292187e-01
2.41278594e-07,2.01307813e-01
2.41318594e-07,2.01293750e-01
2.41358594e-07,2.01306250e-01
2.41398594e-07,2.01293750e-01
2.41438594e-07,2.01304687e-01
2.41478594e-07,2.01295313e-01
2.41518594e-07,2.01304687e-01
2.41558594e-07,2.01295313e-01
2.41598594e-07,2.01303125e-01
2.41638594e-07,2.01296875e-01
2.41678594e-07,2.01303125e-01
2.41718594e-07,2.01296875e-01
2.41758594e-07,2.01303125e-01
2.41798594e-07,2.01296875e-01
2.41838594e-07,2.01303125e-01
2.41878594e-07,2.01298438e-01
2.41918594e-07,2.01301563e-01
2.41958594e-07,2.01298438e-01
2.41998594e-07,2.01301563e-01
2.42038594e-07,2.01298438e-01
2.42078594e-07,2.01301563e-01
2.42118594e-07,2.01298438e-01
2.42158594e-07,2.01301563e-01
2.42198594e-07,2.01298438e-01
2.42238594e-07,2.01301563e-01
2.42278594e-07,2.01300000e-01
2.42318594e-07,2.01300000e-01
2.42358594e-07,2.01300000e-01
2.42398594e-07,2.01300000e-01
2.42438594e-07,2.01300000e-01
2.42478594e-07,2.01300000e-01
2.42518594e-07,2.01300000e-01
2.42558594e-07,2.01300000e-01
2.42598594e-07,2.01300000e-01
2.42638594e-07,2.01300000e-01
2.42678594e-07,2.01301563e-01
2.42718594e-07,2.01298438e-01
2.42758594e-07,2.01301563e-01
2.42798594e-07,2.01298438e-01
2.42838594e-07,2.01301563e-01
2.42878594e-07,2.01298438e-01
2.42918594e-07,2.01301563e-01
2.42958594e-07,2.01298438e-01
2.42998594e-07,2.01303125e-01
2.43038594e-07,2.01296875e-01
2.43078594e-07,2.01303125e-01
2.43118594e-07,2.01296875e-01
2.43158594e-07,2.01304687e-01
2.43198594e-07,2.01295313e-01
2.43238594e-07,2.01304687e-01
2.43278594e-07,2.01295313e-01
2.43318594e-07,2.01306250e-01
2.43358594e-07,2.01293750e-01
2.43398594e-07,2.01307813e-01
2.43438594e-07,2.01290625e-01
2.43478594e-07,2.01310938e-01
2.43518594e-07,2.01287500e-01
2.43558594e-07,2.01314063e-01
2.43598594e-07,2.01282813e-01
2.43638594e-07,2.01323438e-01
2.43678594e-07,2.01267187e-01
2.43718594e-07,2.01359375e-01
2.43758594e-07,2.01087500e-01
2.43798594e-07,2.00851562e-01
2.43838594e-07,2.00923437e-01
2.43878594e-07,2.00887500e-01
2.43918594e-07,2.00906250e-01
2.43958594e-07,2.00898437e-01
2.43998594e-07,2.00895313e-01
2.44038594e-07,2.00910937e-01
2.44078594e-07,2.00878125e-01
2.44118594e-07,2.00948438e-01
2.44158594e-07,2.00696875e-01
2.44198594e-07,2.00442188e-01
2.44238594e-07,2.00532813e-01
2.44278594e-07,2.00479688e-01
2.44318594e-07,2.00512500e-01
2.44358594e-07,2.00495313e-01
2.44398594e-07,2.00493750e-01
2.44438594e-07,2.00532813e-01
2.44478594e-07,2.00314063e-01
2.44518594e-07,2.00025000e-01
2.44558594e-07,2.00151563e-01
2.44598594e-07,2.00056250e-01
2.44638594e-07,2.00140625e-01
2.44678594e-07,2.00060938e-01
2.44718594e-07,2.00142188e-01
2.44758594e-07,2.00050000e-01
2.44798594e-07,2.00173437e-01
2.44838594e-07,1.99875000e-01
2.44878594e-07,1.99662500e-01
2.44918594e-07,1.99714063e-01
2.44958594e-07,1.99693750e-01
2.44998594e-07,1.99701563e-01
2.45038594e-07,1.99701563e-01
2.45078594e-07,1.99696875e-01
2.45118594e-07,1.99704688e-01
2.45158594e-07,1.99695312e-01
2.45198594e-07,1.99704688e-01
2.45238594e-07,1.99693750e-01
2.45278594e-07,1.99706250e-01
2.45318594e-07,1.99693750e-01
2.45358594e-07,1.99707812e-01
2.45398594e-07,1.99692188e-01
2.45438594e-07,1.99707812e-01
2.45478594e-07,1.99692188e-01
2.45518594e-07,1.99707812e-01
2.45558594e-07,1.99692188e-01
2.45598594e-07,1.99709375e-01
2.45638594e-07,1.99690625e-01
2.45678594e-07,1.99709375e-01
2.45718594e-07,1.99689063e-01
2.45758594e-07,1.99710938e-01
2.45798594e-07,1.99689063e-01
2.45838594e-07,1.99712500e-01
2.45878594e-07,1.99685938e-01
2.45918594e-07,1.99715625e-01
2.45958594e-07,1.99682813e-01
2.45998594e-07,1.99720312e-01
2.46038594e-07,1.99675000e-01
2.46078594e-07,1.99734375e-01
2.46118594e-07,1.99640625e-01
2.46158594e-07,1.99912500e-01
2.46198594e-07,2.00150000e-01
2.46238594e-07,2.00075000e-01
2.46278594e-07,2.00115625e-01
2.46318594e-07,2.00089062e-01
2.46358594e-07,2.00107813e-01
2.46398594e-07,2.00093750e-01
2.46438594e-07,2.00104688e-01
2.46478594e-07,2.00096875e-01
2.46518594e-07,2.00103125e-01
2.46558594e-07,2.00098438e-01
2.46598594e-07,2.00101562e-01
2.46638594e-07,2.00100000e-01
2.46678594e-07,2.00100000e-01
2.46718594e-07,2.00100000e-01
2.46758594e-07,2.00100000e-01
2.46798594e-07,2.00100000e-01
2.46838594e-07,2.00098438e-01
2.46878594e-07,2.00101562e-01
2.46918594e-07,2.00098438e-01
2.46958594e-07,2.00101562e-01
2.46998594e-07,2.00098438e-01
2.47038594e-07,2.00101562e-01
2.47078594e-07,2.00098438e-01
2.47118594e-07,2.00103125e-01
2.47158594e-07,2.00096875e-01
2.47198594e-07,2.00103125e-01
2.47238594e-07,2.00096875e-01
2.47278594e-07,2.00103125e-01
2.47318594e-07,2.00096875e-01
2.47358594e-07,2.00103125e-01
2.47398594e-07,2.00096875e-01
2.47438594e-07,2.00103125e-01
2.47478594e-07,2.00096875e-01
2.47518594e-07,2.00103125e-01
2.47558594e-07,2.00095313e-01
2.47598594e-07,2.00104688e-01
2.47638594e-07,2.00095313e-01
2.47678594e-07,2.00104688e-01
2.47718594e-07,2.00095313e-01
2.47758594e-07,2.00104688e-01
2.47798594e-07,2.00095313e-01
2.47838594e-07,2.00106250e-01
2.47878594e-07,2.00093750e-01
2.47918594e-07,2.00106250e-01
2.47958594e-07,2.00093750e-01
2.47998594e-07,2.00106250e-01
2.48038594e-07,2.00092188e-01
2.48078594e-07,2.00107813e-01
2.48118594e-07,2.00092188e-01
2.48158594e-07,2.00107813e-01
2.48198594e-07,2.00090625e-01
2.48238594e-07,2.00109375e-01
2.48278594e-07,2.00089062e-01
2.48318594e-07,2.00110938e-01
2.48358594e-07,2.00087500e-01
2.48398594e-07,2.00114063e-01
2.48438594e-07,2.00082813e-01
2.48478594e-07,2.00120313e-01
2.48518594e-07,2.00075000e-01
2.48558594e-07,2.00135937e-01
2.48598594e-07,2.00039063e-01
2.48638594e-07,2.00314063e-01
2.48678594e-07,2.00548438e-01
2.48718594e-07,2.00476563e-01
2.48758594e-07,2.00514063e-01
2.48798594e-07,2.00490625e-01
2.48838594e-07,2.00504688e-01
2.48878594e-07,2.00496875e-01
2.48918594e-07,2.00500000e-01
2.48958594e-07,2.00501563e-01
2.48998594e-07,2.00495313e-01
2.49038594e-07,2.00506250e-01
2.49078594e-07,2.00490625e-01
2.49118594e-07,2.00512500e-01
2.49158594e-07,2.00481250e-01
2.49198594e-07,2.00528125e-01
2.49238594e-07,2.00445313e-01
2.49278594e-07,2.00707812e-01
2.49318594e-07,2.00954688e-01
2.49358594e-07,2.00870313e-01
2.49398594e-07,2.00920313e-01
2.49438594e-07,2.00885938e-01
2.49478594e-07,2.00910937e-01
2.49518594e-07,2.00892188e-01
2.49558594e-07,2.00906250e-01
2.49598594e-07,2.00896875e-01
2.49638594e-07,2.00901563e-01
2.49678594e-07,2.00900000e-01
2.49718594e-07,2.00896875e-01
2.49758594e-07,2.00906250e-01
2.49798594e-07,2.00887500e-01
2.49838594e-07,2.00921875e-01
2.49878594e-07,2.00853125e-01
2.49918594e-07,2.01100000e-01
2.49958594e-07,2.01360938e-01
2.49998594e-07,2.01262500e-01
2.50038594e-07,2.01328125e-01
2.50078594e-07,2.01278125e-01
2.50118594e-07,2.01320313e-01
2.50158594e-07,2.01282813e-01
2.50198594e-07,2.01315625e-01
2.50238594e-07,2.01284375e-01
2.50278594e-07,2.01314063e-01
2.50318594e-07,2.01285938e-01
2.50358594e-07,2.01312500e-01
2.50398594e-07,2.01287500e-01
2.50438594e-07,2.01312500e-01
2.50478594e-07,2.01287500e-01
2.50518594e-07,2.01312500e-01
2.50558594e-07,2.01287500e-01
2.50598594e-07,2.01312500e-01
2.50638594e-07,2.01285938e-01
2.50678594e-07,2.01314063e-01
2.50718594e-07,2.01284375e-01
2.50758594e-07,2.01317187e-01
2.50798594e-07,2.01279687e-01
2.50838594e-07,2.01325000e-01
2.50878594e-07,2.01265625e-01
2.50918594e-07,2.01359375e-01
2.50958594e-07,2.01087500e-01
2.50998594e-07,2.00850000e-01
2.51038594e-07,2.00926563e-01
2.51078594e-07,2.00882813e-01
2.51118594e-07,2.00912500e-01
2.51158594e-07,2.00890625e-01
2.51198594e-07,2.00907813e-01
2.51238594e-07,2.00893750e-01
2.51278594e-07,2.00904688e-01
2.51318594e-07,2.00895313e-01
2.51358594e-07,2.00903125e-01
2.51398594e-07,2.00896875e-01
2.51438594e-07,2.00903125e-01
2.51478594e-07,2.00896875e-01
2.51518594e-07,2.00901563e-01
2.51558594e-07,2.00898437e-01
2.51598594e-07,2.00901563e-01
2.51638594e-07,2.00898437e-01
2.51678594e-07,2.00901563e-01
2.51718594e-07,2.00898437e-01
2.51758594e-07,2.00901563e-01
2.51798594e-07,2.00898437e-01
2.51838594e-07,2.00901563e-01
2.51878594e-07,2.00898437e-01
2.51918594e-07,2.00901563e-01
2.51958594e-07,2.00898437e-01
2.51998594e-07,2.00901563e-01
2.52038594e-07,2.00898437e-01
2.52078594e-07,2.00901563e-01
2.52118594e-07,2.00898437e-01
2.52158594e-07,2.00901563e-01
2.52198594e-07,2.00898437e-01
2.52238594e-07,2.00901563e-01
2.52278594e-07,2.00898437e-01
2.52318594e-07,2.00901563e-01
2.52358594e-07,2.00896875e-01
2.52398594e-07,2.00903125e-01
2.52438594e-07,2.00896875e-01
2.52478594e-07,2.00903125e-01
2.52518594e-07,2.00896875e-01
2.52558594e-07,2.00904688e-01
2.52598594e-07,2.00895313e-01
2.52638594e-07,2.00904688e-01
2.52678594e-07,2.00893750e-01
2.52718594e-07,2.00907813e-01
2.52758594e-07,2.00892188e-01
2.52798594e-07,2.00910937e-01
2.52838594e-07,2.00885938e-01
2.52878594e-07,2.00918750e-01
2.52918594e-07,2.00871875e-01
2.52958594e-07,2.00953125e-01
2.52998594e-07,2.00693750e-01
2.53038594e-07,2.00443750e-01
2.53078594e-07,2.00532813e-01
2.53118594e-07,2.00476563e-01
2.53158594e-07,2.00518750e-01
2.53198594e-07,2.00484375e-01
2.53238594e-07,2.00514063e-01
2.53278594e-07,2.00487500e-01
2.53318594e-07,2.00510938e-01
2.53358594e-07,2.00489063e-01
2.53398594e-07,2.00509375e-01
2.53438594e-07,2.00490625e-01
2.53478594e-07,2.00509375e-01
2.53518594e-07,2.00490625e-01
2.53558594e-07,2.00509375e-01
2.53598594e-07,2.00490625e-01
2.53638594e-07,2.00509375e-01
2.53678594e-07,2.00489063e-01
2.53718594e-07,2.00510938e-01
2.53758594e-07,2.00487500e-01
2.53798594e-07,2.00512500e-01
2.53838594e-07,2.00484375e-01
2.53878594e-07,2.00518750e-01
2.53918594e-07,2.00476563e-01
2.53958594e-07,2.00532813e-01
2.53998594e-07,2.00442188e-01
2.54038594e-07,2.00709375e-01
2.54078594e-07,2.00951563e-01
2.54118594e-07,2.00871875e-01
2.54158594e-07,2.00918750e-01
2.54198594e-07,2.00885938e-01
2.54238594e-07,2.00910937e-01
2.54278594e-07,2.00890625e-01
2.54318594e-07,2.00907813e-01
2.54358594e-07,2.00892188e-01
2.54398594e-07,2.00906250e-01
2.54438594e-07,2.00893750e-01
2.54478594e-07,2.00906250e-01
2.54518594e-07,2.00895313e-01
2.54558594e-07,2.00904688e-01
2.54598594e-07,2.00895313e-01
2.54638594e-07,2.00904688e-01
2.54678594e-07,2.00895313e-01
2.54718594e-07,2.00904688e-01
2.54758594e-07,2.00895313e-01
2.54798594e-07,2.00904688e-01
2.54838594e-07,2.00895313e-01
2.54878594e-07,2.00904688e-01
2.54918594e-07,2.00893750e-01
2.54958594e-07,2.00906250e-01
2.54998594e-07,2.00893750e-01
2.55038594e-07,2.00907813e-01
2.55078594e-07,2.00892188e-01
2.55118594e-07,2.00909375e-01
2.55158594e-07,2.00889062e-01
2.55198594e-07,2.00912500e-01
2.55238594e-07,2.00884375e-01
2.55278594e-07,2.00920313e-01
2.55318594e-07,2.00870313e-01
2.55358594e-07,2.00954688e-01
2.55398594e-07,2.00692188e-01
2.55438594e-07,2.00445313e-01
2.55478594e-07,2.00531250e-01
2.55518594e-07,2.00478125e-01
2.55558594e-07,2.00515625e-01
2.55598594e-07,2.00485938e-01
2.55638594e-07,2.00510938e-01
2.55678594e-07,2.00490625e-01
2.55718594e-07,2.00509375e-01
2.55758594e-07,2.00492188e-01
2.55798594e-07,2.00507812e-01
2.55838594e-07,2.00493750e-01
2.55878594e-07,2.00506250e-01
2.55918594e-07,2.00493750e-01
2.55958594e-07,2.00506250e-01
2.55998594e-07,2.00493750e-01
2.56038594e-07,2.00504688e-01
2.56078594e-07,2.00495313e-01
2.56118594e-07,2.00504688e-01
2.56158594e-07,2.00495313e-01
2.56198594e-07,2.00504688e-01
2.56238594e-07,2.00495313e-01
2.56278594e-07,2.00504688e-01
2.56318594e-07,2.00495313e-01
2.56358594e-07,2.00504688e-01
2.56398594e-07,2.00495313e-01
2.56438594e-07,2.00504688e-01
2.56478594e-07,2.00495313e-01
2.56518594e-07,2.00504688e-01
2.56558594e-07,2.00495313e-01
2.56598594e-07,2.00504688e-01
2.56638594e-07,2.00495313e-01
2.56678594e-07,2.00504688e-01
2.56718594e-07,2.00495313e-01
2.56758594e-07,2.00506250e-01
2.56798594e-07,2.00493750e-01
2.56838594e-07,2.00506250e-01
2.56878594e-07,2.00493750e-01
2.56918594e-07,2.00507812e-01
2.56958594e-07,2.00492188e-01
2.56998594e-07,2.00509375e-01
2.57038594e-07,2.00487500e-01
2.57078594e-07,2.00514063e-01
2.57118594e-07,2.00481250e-01
2.57158594e-07,2.00529687e-01
2.57198594e-07,2.00446875e-01
2.57238594e-07,2.00706250e-01
2.57278594e-07,2.00956250e-01
2.57318594e-07,2.00867188e-01
2.57358594e-07,2.00923437e-01
2.57398594e-07,2.00881250e-01
2.57438594e-07,2.00917188e-01
2.57478594e-07,2.00884375e-01
2.57518594e-07,2.00915625e-01
2.57558594e-07,2.00884375e-01
2.57598594e-07,2.00915625e-01
2.57638594e-07,2.00882813e-01
2.57678594e-07,2.00920313e-01
2.57718594e-07,2.00875000e-01
2.57758594e-07,2.00934375e-01
2.57798594e-07,2.00842188e-01
2.57838594e-07,2.01110938e-01
2.57878594e-07,2.01351562e-01
2.57918594e-07,2.01271875e-01
2.57958594e-07,2.01318750e-01
2.57998594e-07,2.01285938e-01
2.58038594e-07,2.01310938e-01
2.58078594e-07,2.01290625e-01
2.58118594e-07,2.01307813e-01
2.58158594e-07,2.01293750e-01
2.58198594e-07,2.01304687e-01
2.58238594e-07,2.01295313e-01
2.58278594e-07,2.01304687e-01
2.58318594e-07,2.01296875e-01
2.58358594e-07,2.01303125e-01
2.58398594e-07,2.01296875e-01
2.58438594e-07,2.01301563e-01
2.58478594e-07,2.01298438e-01
2.58518594e-07,2.01301563e-01
2.58558594e-07,2.01300000e-01
2.58598594e-07,2.01300000e-01
2.58638594e-07,2.01300000e-01
2.58678594e-07,2.01298438e-01
2.58718594e-07,2.01303125e-01
2.58758594e-07,2.01295313e-01
2.58798594e-07,2.01306250e-01
2.58838594e-07,2.01290625e-01
2.58878594e-07,2.01314063e-01
2.58918594e-07,2.01276563e-01
2.58958594e-07,2.01348438e-01
2.58998594e-07,2.01098438e-01
2.59038594e-07,2.00839062e-01
2.59078594e-07,2.00937500e-01
2.59118594e-07,2.00871875e-01
2.59158594e-07,2.00923437e-01
2.59198594e-07,2.00878125e-01
2.59238594e-07,2.00920313e-01
2.59278594e-07,2.00881250e-01
2.59318594e-07,2.00918750e-01
2.59358594e-07,2.00881250e-01
2.59398594e-07,2.00918750e-01
2.59438594e-07,2.00879688e-01
2.59478594e-07,2.00921875e-01
2.59518594e-07,2.00875000e-01
2.59558594e-07,2.00929688e-01
2.59598594e-07,2.00860938e-01
2.59638594e-07,2.00964063e-01
2.59678594e-07,2.00682813e-01
2.59718594e-07,2.00454688e-01
2.59758594e-07,2.00521875e-01
2.59798594e-07,2.00487500e-01
2.59838594e-07,2.00507812e-01
2.59878594e-07,2.00495313e-01
2.59918594e-07,2.00501563e-01
2.59958594e-07,2.00500000e-01
2.59998594e-07,2.00498438e-01
2.60038594e-07,2.00503125e-01
2.60078594e-07,2.00495313e-01
2.60118594e-07,2.00506250e-01
2.60158594e-07,2.00492188e-01
2.60198594e-07,2.00510938e-01
2.60238594e-07,2.00485938e-01
2.60278594e-07,2.00518750e-01
2.60318594e-07,2.00471875e-01
2.60358594e-07,2.00553125e-01
2.60398594e-07,2.00293750e-01
2.60438594e-07,2.00043750e-01
2.60478594e-07,2.00131250e-01
2.60518594e-07,2.00078125e-01
2.60558594e-07,2.00117188e-01
2.60598594e-07,2.00084375e-01
2.60638594e-07,2.00112500e-01
2.60678594e-07,2.00087500e-01
2.60718594e-07,2.00110938e-01
2.60758594e-07,2.00089062e-01
2.60798594e-07,2.00110938e-01
2.60838594e-07,2.00089062e-01
2.60878594e-07,2.00110938e-01
2.60918594e-07,2.00087500e-01
2.60958594e-07,2.00114063e-01
2.60998594e-07,2.00082813e-01
2.61038594e-07,2.00121875e-01
2.61078594e-07,2.00068750e-01
2.61118594e-07,2.00154688e-01
2.61158594e-07,1.99892188e-01
2.61198594e-07,1.99645313e-01
2.61238594e-07,1.99731250e-01
2.61278594e-07,1.99678125e-01
2.61318594e-07,1.99717188e-01
2.61358594e-07,1.99685938e-01
2.61398594e-07,1.99712500e-01
2.61438594e-07,1.99689063e-01
2.61478594e-07,1.99710938e-01
2.61518594e-07,1.99690625e-01
2.61558594e-07,1.99709375e-01
2.61598594e-07,1.99690625e-01
2.61638594e-07,1.99709375e-01
2.61678594e-07,1.99690625e-01
2.61718594e-07,1.99709375e-01
2.61758594e-07,1.99690625e-01
2.61798594e-07,1.99710938e-01
2.61838594e-07,1.99689063e-01
2.61878594e-07,1.99712500e-01
2.61918594e-07,1.99687500e-01
2.61958594e-07,1.99714063e-01
2.61998594e-07,1.99684375e-01
2.62038594e-07,1.99718750e-01
2.62078594e-07,1.99675000e-01
2.62118594e-07,1.99734375e-01
2.62158594e-07,1.99640625e-01
2.62198594e-07,1.99912500e-01
2.62238594e-07,2.00150000e-01
2.62278594e-07,2.00073438e-01
2.62318594e-07,2.00117188e-01
2.62358594e-07,2.00087500e-01
2.62398594e-07,2.00109375e-01
2.62438594e-07,2.00093750e-01
2.62478594e-07,2.00104688e-01
2.62518594e-07,2.00095313e-01
2.62558594e-07,2.00103125e-01
2.62598594e-07,2.00098438e-01
2.62638594e-07,2.00101562e-01
2.62678594e-07,2.00098438e-01
2.62718594e-07,2.00100000e-01
2.62758594e-07,2.00100000e-01
2.62798594e-07,2.00100000e-01
2.62838594e-07,2.00101562e-01
2.62878594e-07,2.00098438e-01
2.62918594e-07,2.00101562e-01
2.62958594e-07,2.00096875e-01
2.62998594e-07,2.00103125e-01
2.63038594e-07,2.00095313e-01
2.63078594e-07,2.00104688e-01
2.63118594e-07,2.00093750e-01
2.63158594e-07,2.00107813e-01
2.63198594e-07,2.00090625e-01
2.63238594e-07,2.00110938e-01
2.63278594e-07,2.00085938e-01
2.63318594e-07,2.00118750e-01
2.63358594e-07,2.00070313e-01
2.63398594e-07,2.00154688e-01
2.63438594e-07,1.99892188e-01
2.63478594e-07,1.99645313e-01
2.63518594e-07,1.99731250e-01
2.63558594e-07,1.99678125e-01
2.63598594e-07,1.99717188e-01
2.63638594e-07,1.99685938e-01
2.63678594e-07,1.99710938e-01
2.63718594e-07,1.99690625e-01
2.63758594e-07,1.99709375e-01
2.63798594e-07,1.99692188e-01
2.63838594e-07,1.99707812e-01
2.63878594e-07,1.99693750e-01
2.63918594e-07,1.99706250e-01
2.63958594e-07,1.99693750e-01
2.63998594e-07,1.99704688e-01
2.64038594e-07,1.99695312e-01
2.64078594e-07,1.99704688e-01
2.64118594e-07,1.99695312e-01
2.64158594e-07,1.99704688e-01
2.64198594e-07,1.99696875e-01
2.64238594e-07,1.99703125e-01
2.64278594e-07,1.99696875e-01
2.64318594e-07,1.99703125e-01
2.64358594e-07,1.99696875e-01
2.64398594e-07,1.99703125e-01
2.64438594e-07,1.99696875e-01
2.64478594e-07,1.99703125e-01
2.64518594e-07,1.99696875e-01
2.64558594e-07,1.99703125e-01
2.64598594e-07,1.99696875e-01
2.64638594e-07,1.99701563e-01
2.64678594e-07,1.99698437e-01
2.64718594e-07,1.99701563e-01
2.64758594e-07,1.99698437e-01
2.64798594e-07,1.99701563e-01
2.64838594e-07,1.99698437e-01
2.64878594e-07,1.99701563e-01
2.64918594e-07,1.99698437e-01
2.64958594e-07,1.99701563e-01
2.64998594e-07,1.99698437e-01
2.65038594e-07,1.99701563e-01
2.65078594e-07,1.99698437e-01
2.65118594e-07,1.99701563e-01
2.65158594e-07,1.99698437e-01
2.65198594e-07,1.99701563e-01
2.65238594e-07,1.99698437e-01
2.65278594e-07,1.99701563e-01
2.65318594e-07,1.99698437e-01
2.65358594e-07,1.99701563e-01
2.65398594e-07,1.99698437e-01
2.65438594e-07,1.99701563e-01
2.65478594e-07,1.99698437e-01
2.65518594e-07,1.99701563e-01
2.65558594e-07,1.99698437e-01
2.65598594e-07,1.99700000e-01
2.65638594e-07,1.99700000e-01
2.65678594e-07,1.99700000e-01
2.65718594e-07,1.99700000e-01
2.65758594e-07,1.99700000e-01
2.65798594e-07,1.99700000e-01
2.65838594e-07,1.99700000e-01
2.65878594e-07,1.99700000e-01
2.65918594e-07,1.99700000e-01
2.65958594e-07,1.99700000e-01
2.65998594e-07,1.99700000e-01
2.66038594e-07,1.99700000e-01
2.66078594e-07,1.99700000e-01
2.66118594e-07,1.99700000e-01
2.66158594e-07,1.99700000e-01
2.66198594e-07,1.99700000e-01
2.66238594e-07,1.99700000e-01
2.66278594e-07,1.99700000e-01
2.66318594e-07,1.99700000e-01
2.66358594e-07,1.99700000e-01
2.66398594e-07,1.99698437e-01
2.66438594e-07,1.99701563e-01
2.66478594e-07,1.99698437e-01
2.66518594e-07,1.99701563e-01
2.66558594e-07,1.99698437e-01
2.66598594e-07,1.99701563e-01
2.66638594e-07,1.99698437e-01
2.66678594e-07,1.99701563e-01
2.66718594e-07,1.99698437e-01
2.66758594e-07,1.99703125e-01
2.66798594e-07,1.99696875e-01
2.66838594e-07,1.99703125e-01
2.66878594e-07,1.99696875e-01
2.66918594e-07,1.99704688e-01
2.66958594e-07,1.99695312e-01
2.66998594e-07,1.99704688e-01
2.67038594e-07,1.99693750e-01
2.67078594e-07,1.99707812e-01
2.67118594e-07,1.99690625e-01
2.67158594e-07,1.99710938e-01
2.67198594e-07,1.99685938e-01
2.67238594e-07,1.99718750e-01
2.67278594e-07,1.99670313e-01
2.67318594e-07,1.99754687e-01
2.67358594e-07,1.99492188e-01
2.67398594e-07,1.99245312e-01
2.67438594e-07,1.99331250e-01
2.67478594e-07,1.99279687e-01
2.67518594e-07,1.99315625e-01
2.67558594e-07,1.99287500e-01
2.67598594e-07,1.99309375e-01
2.67638594e-07,1.99292187e-01
2.67678594e-07,1.99304688e-01
2.67718594e-07,1.99298438e-01
2.67758594e-07,1.99298438e-01
2.67798594e-07,1.99306250e-01
2.67838594e-07,1.99284375e-01
2.67878594e-07,1.99340625e-01
2.67918594e-07,1.99107813e-01
2.67958594e-07,1.98829688e-01
2.67998594e-07,1.98946875e-01
2.68038594e-07,1.98860938e-01
2.68078594e-07,1.98935937e-01
2.68118594e-07,1.98862500e-01
2.68158594e-07,1.98940625e-01
2.68198594e-07,1.98851563e-01
2.68238594e-07,1.98971875e-01
2.68278594e-07,1.98675000e-01
2.68318594e-07,1.98462500e-01
2.68358594e-07,1.98512500e-01
2.68398594e-07,1.98496875e-01
2.68438594e-07,1.98496875e-01
2.68478594e-07,1.98507813e-01
2.68518594e-07,1.98487500e-01
2.68558594e-07,1.98518750e-01
2.68598594e-07,1.98470312e-01
2.68638594e-07,1.98554687e-01
2.68678594e-07,1.98292187e-01
2.68718594e-07,1.98046875e-01
2.68758594e-07,1.98129688e-01
2.68798594e-07,1.98079688e-01
2.68838594e-07,1.98115625e-01
2.68878594e-07,1.98089062e-01
2.68918594e-07,1.98109375e-01
2.68958594e-07,1.98092188e-01
2.68998594e-07,1.98106250e-01
2.69038594e-07,1.98093750e-01
2.69078594e-07,1.98104688e-01
2.69118594e-07,1.98095313e-01
2.69158594e-07,1.98103125e-01
2.69198594e-07,1.98096875e-01
2.69238594e-07,1.98103125e-01
2.69278594e-07,1.98096875e-01
2.69318594e-07,1.98101562e-01
2.69358594e-07,1.98098438e-01
2.69398594e-07,1.98101562e-01
2.69438594e-07,1.98098438e-01
2.69478594e-07,1.98101562e-01
2.69518594e-07,1.98098438e-01
2.69558594e-07,1.98101562e-01
2.69598594e-07,1.98100000e-01
2.69638594e-07,1.98100000e-01
2.69678594e-07,1.98100000e-01
2.69718594e-07,1.98100000e-01
2.69758594e-07,1.98100000e-01
2.69798594e-07,1.98100000e-01
2.69838594e-07,1.98100000e-01
2.69878594e-07,1.98100000e-01
2.69918594e-07,1.98101562e-01
2.69958594e-07,1.98098438e-01
2.69998594e-07,1.98101562e-01
2.70038594e-07,1.98098438e-01
2.70078594e-07,1.98101562e-01
2.70118594e-07,1.98098438e-01
2.70158594e-07,1.98103125e-01
2.70198594e-07,1.98096875e-01
2.70238594e-07,1.98103125e-01
2.70278594e-07,1.98095313e-01
2.70318594e-07,1.98104688e-01
2.70358594e-07,1.98093750e-01
2.70398594e-07,1.98107813e-01
2.70438594e-07,1.98090625e-01
2.70478594e-07,1.98112500e-01
2.70518594e-07,1.98081250e-01
2.70558594e-07,1.98128125e-01
2.70598594e-07,1.98046875e-01
2.70638594e-07,1.98306250e-01
2.70678594e-07,1.98556250e-01
2.70718594e-07,1.98467188e-01
2.70758594e-07,1.98523438e-01
2.70798594e-07,1.98481250e-01
2.70838594e-07,1.98515625e-01
2.70878594e-07,1.98485938e-01
2.70918594e-07,1.98512500e-01
2.70958594e-07,1.98489063e-01
2.70998594e-07,1.98510938e-01
2.71038594e-07,1.98490625e-01
2.71078594e-07,1.98509375e-01
2.71118594e-07,1.98490625e-01
2.71158594e-07,1.98509375e-01
2.71198594e-07,1.98492188e-01
2.71238594e-07,1.98507813e-01
2.71278594e-07,1.98492188e-01
2.71318594e-07,1.98507813e-01
2.71358594e-07,1.98492188e-01
2.71398594e-07,1.98507813e-01
2.71438594e-07,1.98490625e-01
2.71478594e-07,1.98509375e-01
2.71518594e-07,1.98490625e-01
2.71558594e-07,1.98509375e-01
2.71598594e-07,1.98490625e-01
2.71638594e-07,1.98510938e-01
2.71678594e-07,1.98487500e-01
2.71718594e-07,1.98512500e-01
2.71758594e-07,1.98484375e-01
2.71798594e-07,1.98518750e-01
2.71838594e-07,1.98476563e-01
2.71878594e-07,1.98532813e-01
2.71918594e-07,1.98443750e-01
2.71958594e-07,1.98709375e-01
2.71998594e-07,1.98953125e-01
2.72038594e-07,1.98870313e-01
2.72078594e-07,1.98920313e-01
2.72118594e-07,1.98884375e-01
2.72158594e-07,1.98914063e-01
2.72198594e-07,1.98887500e-01
2.72238594e-07,1.98912500e-01
2.72278594e-07,1.98887500e-01
2.72318594e-07,1.98915625e-01
2.72358594e-07,1.98881250e-01
2.72398594e-07,1.98928125e-01
2.72438594e-07,1.98848438e-01
2.72478594e-07,1.99104688e-01
2.72518594e-07,1.99359375e-01
2.72558594e-07,1.99264063e-01
2.72598594e-07,1.99326562e-01
2.72638594e-07,1.99276563e-01
2.72678594e-07,1.99321875e-01
2.72718594e-07,1.99279687e-01
2.72758594e-07,1.99321875e-01
2.72798594e-07,1.99278125e-01
2.72838594e-07,1.99325000e-01
2.72878594e-07,1.99270313e-01
2.72918594e-07,1.99339062e-01
2.72958594e-07,1.99235938e-01
2.72998594e-07,1.99517187e-01
2.73038594e-07,1.99745312e-01
2.73078594e-07,1.99678125e-01
2.73118594e-07,1.99712500e-01
2.73158594e-07,1.99693750e-01
2.73198594e-07,1.99703125e-01
2.73238594e-07,1.99698437e-01
2.73278594e-07,1.99700000e-01
2.73318594e-07,1.99703125e-01
2.73358594e-07,1.99695312e-01
2.73398594e-07,1.99706250e-01
2.73438594e-07,1.99692188e-01
2.73478594e-07,1.99709375e-01
2.73518594e-07,1.99687500e-01
2.73558594e-07,1.99715625e-01
2.73598594e-07,1.99679688e-01
2.73638594e-07,1.99731250e-01
2.73678594e-07,1.99643750e-01
2.73718594e-07,1.99909375e-01
2.73758594e-07,2.00151563e-01
2.73798594e-07,2.00071875e-01
2.73838594e-07,2.00117188e-01
2.73878594e-07,2.00087500e-01
2.73918594e-07,2.00109375e-01
2.73958594e-07,2.00093750e-01
2.73998594e-07,2.00103125e-01
2.74038594e-07,2.00098438e-01
2.74078594e-07,2.00100000e-01
2.74118594e-07,2.00103125e-01
2.74158594e-07,2.00093750e-01
2.74198594e-07,2.00109375e-01
2.74238594e-07,2.00085938e-01
2.74278594e-07,2.00125000e-01
2.74318594e-07,2.00050000e-01
2.74358594e-07,2.00303125e-01
2.74398594e-07,2.00557813e-01
2.74438594e-07,2.00465625e-01
2.74478594e-07,2.00525000e-01
2.74518594e-07,2.00481250e-01
2.74558594e-07,2.00515625e-01
2.74598594e-07,2.00485938e-01
2.74638594e-07,2.00512500e-01
2.74678594e-07,2.00489063e-01
2.74718594e-07,2.00509375e-01
2.74758594e-07,2.00490625e-01
2.74798594e-07,2.00507812e-01
2.74838594e-07,2.00492188e-01
2.74878594e-07,2.00506250e-01
2.74918594e-07,2.00493750e-01
2.74958594e-07,2.00504688e-01
2.74998594e-07,2.00495313e-01
2.75038594e-07,2.00504688e-01
2.75078594e-07,2.00496875e-01
2.75118594e-07,2.00503125e-01
2.75158594e-07,2.00496875e-01
2.75198594e-07,2.00501563e-01
2.75238594e-07,2.00498438e-01
2.75278594e-07,2.00500000e-01
2.75318594e-07,2.00500000e-01
2.75358594e-07,2.00498438e-01
2.75398594e-07,2.00503125e-01
2.75438594e-07,2.00495313e-01
2.75478594e-07,2.00506250e-01
2.75518594e-07,2.00490625e-01
2.75558594e-07,2.00514063e-01
2.75598594e-07,2.00475000e-01
2.75638594e-07,2.00550000e-01
2.75678594e-07,2.00296875e-01
2.75718594e-07,2.00040625e-01
2.75758594e-07,2.00135937e-01
2.75798594e-07,2.00073438e-01
2.75838594e-07,2.00121875e-01
2.75878594e-07,2.00081250e-01
2.75918594e-07,2.00115625e-01
2.75958594e-07,2.00085938e-01
2.75998594e-07,2.00112500e-01
2.76038594e-07,2.00087500e-01
2.76078594e-07,2.00110938e-01
2.76118594e-07,2.00089062e-01
2.76158594e-07,2.00110938e-01
2.76198594e-07,2.00090625e-01
2.76238594e-07,2.00109375e-01
2.76278594e-07,2.00090625e-01
2.76318594e-07,2.00109375e-01
2.76358594e-07,2.00092188e-01
2.76398594e-07,2.00107813e-01
2.76438594e-07,2.00092188e-01
2.76478594e-07,2.00107813e-01
2.76518594e-07,2.00092188e-01
2.76558594e-07,2.00106250e-01
2.76598594e-07,2.00093750e-01
2.76638594e-07,2.00106250e-01
2.76678594e-07,2.00093750e-01
2.76718594e-07,2.00106250e-01
2.76758594e-07,2.00095313e-01
2.76798594e-07,2.00104688e-01
2.76838594e-07,2.00095313e-01
2.76878594e-07,2.00103125e-01
2.76918594e-07,2.00096875e-01
2.76958594e-07,2.00101562e-01
2.76998594e-07,2.00100000e-01
2.77038594e-07,2.00098438e-01
2.77078594e-07,2.00104688e-01
2.77118594e-07,2.00090625e-01
2.77158594e-07,2.00118750e-01
2.77198594e-07,2.00056250e-01
2.77238594e-07,2.00296875e-01
2.77278594e-07,2.00565625e-01
2.77318594e-07,2.00457812e-01
2.77358594e-07,2.00532813e-01
2.77398594e-07,2.00471875e-01
2.77438594e-07,2.00525000e-01
2.77478594e-07,2.00476563e-01
2.77518594e-07,2.00521875e-01
2.77558594e-07,2.00479688e-01
2.77598594e-07,2.00520313e-01
2.77638594e-07,2.00479688e-01
2.77678594e-07,2.00520313e-01
2.77718594e-07,2.00479688e-01
2.77758594e-07,2.00520313e-01
2.77798594e-07,2.00479688e-01
2.77838594e-07,2.00521875e-01
2.77878594e-07,2.00478125e-01
2.77918594e-07,2.00523438e-01
2.77958594e-07,2.00475000e-01
2.77998594e-07,2.00526563e-01
2.78038594e-07,2.00468750e-01
2.78078594e-07,2.00535938e-01
2.78118594e-07,2.00454688e-01
2.78158594e-07,2.00570313e-01
2.78198594e-07,2.00275000e-01
2.78238594e-07,2.00062500e-01
2.78278594e-07,2.00112500e-01
2.78318594e-07,2.00096875e-01
2.78358594e-07,2.00096875e-01
2.78398594e-07,2.00107813e-01
2.78438594e-07,2.00089062e-01
2.78478594e-07,2.00115625e-01
2.78518594e-07,2.00079688e-01
2.78558594e-07,2.00126562e-01
2.78598594e-07,2.00064063e-01
2.78638594e-07,2.00162500e-01
2.78678594e-07,1.99884375e-01
2.78718594e-07,1.99654688e-01
2.78758594e-07,1.99720312e-01
2.78798594e-07,1.99690625e-01
2.78838594e-07,1.99703125e-01
2.78878594e-07,1.99701563e-01
2.78918594e-07,1.99695312e-01
2.78958594e-07,1.99709375e-01
2.78998594e-07,1.99685938e-01
2.79038594e-07,1.99718750e-01
2.79078594e-07,1.99670313e-01
2.79118594e-07,1.99756250e-01
2.79158594e-07,1.99490625e-01
2.79198594e-07,1.99248438e-01
2.79238594e-07,1.99326562e-01
2.79278594e-07,1.99282813e-01
2.79318594e-07,1.99310938e-01
2.79358594e-07,1.99292187e-01
2.79398594e-07,1.99304688e-01
2.79438594e-07,1.99296875e-01
2.79478594e-07,1.99300000e-01
2.79518594e-07,1.99301563e-01
2.79558594e-07,1.99296875e-01
2.79598594e-07,1.99304688e-01
2.79638594e-07,1.99292187e-01
2.79678594e-07,1.99309375e-01
2.79718594e-07,1.99285938e-01
2.79758594e-07,1.99318750e-01
2.79798594e-07,1.99270313e-01
2.79838594e-07,1.99354688e-01
2.79878594e-07,1.99092188e-01
2.79918594e-07,1.98846875e-01
2.79958594e-07,1.98929688e-01
2.79998594e-07,1.98879688e-01
2.80038594e-07,1.98914063e-01
2.80078594e-07,1.98889063e-01
2.80118594e-07,1.98907813e-01
2.80158594e-07,1.98893750e-01
2.80198594e-07,1.98904688e-01
2.80238594e-07,1.98896875e-01
2.80278594e-07,1.98903125e-01
2.80318594e-07,1.98898437e-01
2.80358594e-07,1.98900000e-01
2.80398594e-07,1.98900000e-01
2.80438594e-07,1.98898437e-01
2.80478594e-07,1.98903125e-01
2.80518594e-07,1.98896875e-01
2.80558594e-07,1.98904688e-01
2.80598594e-07,1.98893750e-01
2.80638594e-07,1.98907813e-01
2.80678594e-07,1.98889063e-01
2.80718594e-07,1.98914063e-01
2.80758594e-07,1.98879688e-01
2.80798594e-07,1.98929688e-01
2.80838594e-07,1.98845313e-01
2.80878594e-07,1.99109375e-01
2.80918594e-07,1.99353125e-01
2.80958594e-07,1.99271875e-01
2.80998594e-07,1.99318750e-01
2.81038594e-07,1.99285938e-01
2.81078594e-07,1.99310938e-01
2.81118594e-07,1.99292187e-01
2.81158594e-07,1.99306250e-01
2.81198594e-07,1.99296875e-01
2.81238594e-07,1.99301563e-01
2.81278594e-07,1.99298438e-01
2.81318594e-07,1.99300000e-01
2.81358594e-07,1.99301563e-01
2.81398594e-07,1.99295313e-01
2.81438594e-07,1.99306250e-01
2.81478594e-07,1.99290625e-01
2.81518594e-07,1.99312500e-01
2.81558594e-07,1.99281250e-01
2.81598594e-07,1.99328125e-01
2.81638594e-07,1.99246875e-01
2.81678594e-07,1.99507812e-01
2.81718594e-07,1.99754687e-01
2.81758594e-07,1.99670313e-01
2.81798594e-07,1.99720312e-01
2.81838594e-07,1.99685938e-01
2.81878594e-07,1.99709375e-01
2.81918594e-07,1.99693750e-01
2.81958594e-07,1.99703125e-01
2.81998594e-07,1.99698437e-01
2.82038594e-07,1.99698437e-01
2.82078594e-07,1.99706250e-01
2.82118594e-07,1.99687500e-01
2.82158594e-07,1.99721875e-01
2.82198594e-07,1.99651563e-01
2.82238594e-07,1.99901563e-01
2.82278594e-07,2.00159375e-01
2.82318594e-07,2.00065625e-01
2.82358594e-07,2.00125000e-01
2.82398594e-07,2.00081250e-01
2.82438594e-07,2.00115625e-01
2.82478594e-07,2.00087500e-01
2.82518594e-07,2.00109375e-01
2.82558594e-07,2.00093750e-01
2.82598594e-07,2.00103125e-01
2.82638594e-07,2.00100000e-01
2.82678594e-07,2.00093750e-01
2.82718594e-07,2.00117188e-01
2.82758594e-07,2.00057813e-01
2.82798594e-07,2.00295313e-01
2.82838594e-07,2.00565625e-01
2.82878594e-07,2.00457812e-01
2.82918594e-07,2.00532813e-01
2.82958594e-07,2.00471875e-01
2.82998594e-07,2.00523438e-01
2.83038594e-07,2.00478125e-01
2.83078594e-07,2.00520313e-01
2.83118594e-07,2.00481250e-01
2.83158594e-07,2.00518750e-01
2.83198594e-07,2.00482812e-01
2.83238594e-07,2.00517187e-01
2.83278594e-07,2.00484375e-01
2.83318594e-07,2.00515625e-01
2.83358594e-07,2.00484375e-01
2.83398594e-07,2.00515625e-01
2.83438594e-07,2.00485938e-01
2.83478594e-07,2.00514063e-01
2.83518594e-07,2.00485938e-01
2.83558594e-07,2.00514063e-01
2.83598594e-07,2.00485938e-01
2.83638594e-07,2.00514063e-01
2.83678594e-07,2.00485938e-01
2.83718594e-07,2.00514063e-01
2.83758594e-07,2.00485938e-01
2.83798594e-07,2.00515625e-01
2.83838594e-07,2.00484375e-01
2.83878594e-07,2.00515625e-01
2.83918594e-07,2.00482812e-01
2.83958594e-07,2.00517187e-01
2.83998594e-07,2.00481250e-01
2.84038594e-07,2.00520313e-01
2.84078594e-07,2.00476563e-01
2.84118594e-07,2.00529687e-01
2.84158594e-07,2.00460938e-01
2.84198594e-07,2.00564063e-01
2.84238594e-07,2.00282813e-01
2.84278594e-07,2.00054687e-01
2.84318594e-07,2.00121875e-01
2.84358594e-07,2.00087500e-01
2.84398594e-07,2.00107813e-01
2.84438594e-07,2.00095313e-01
2.84478594e-07,2.00103125e-01
2.84518594e-07,2.00098438e-01
2.84558594e-07,2.00100000e-01
2.84598594e-07,2.00100000e-01
2.84638594e-07,2.00098438e-01
2.84678594e-07,2.00101562e-01
2.84718594e-07,2.00098438e-01
2.84758594e-07,2.00103125e-01
2.84798594e-07,2.00096875e-01
2.84838594e-07,2.00103125e-01
2.84878594e-07,2.00096875e-01
2.84918594e-07,2.00103125e-01
2.84958594e-07,2.00096875e-01
2.84998594e-07,2.00104688e-01
2.85038594e-07,2.00095313e-01
2.85078594e-07,2.00104688e-01
2.85118594e-07,2.00095313e-01
2.85158594e-07,2.00104688e-01
2.85198594e-07,2.00095313e-01
2.85238594e-07,2.00104688e-01
2.85278594e-07,2.00095313e-01
2.85318594e-07,2.00104688e-01
2.85358594e-07,2.00095313e-01
2.85398594e-07,2.00104688e-01
2.85438594e-07,2.00095313e-01
2.85478594e-07,2.00106250e-01
2.85518594e-07,2.00093750e-01
2.85558594e-07,2.00106250e-01
2.85598594e-07,2.00093750e-01
2.85638594e-07,2.00106250e-01
2.85678594e-07,2.00093750e-01
2.85718594e-07,2.00106250e-01
2.85758594e-07,2.00093750e-01
2.85798594e-07,2.00106250e-01
2.85838594e-07,2.00093750e-01
2.85878594e-07,2.00107813e-01
2.85918594e-07,2.00092188e-01
2.85958594e-07,2.00107813e-01
2.85998594e-07,2.00092188e-01
2.86038594e-07,2.00107813e-01
2.86078594e-07,2.00090625e-01
2.86118594e-07,2.00109375e-01
2.86158594e-07,2.00090625e-01
2.86198594e-07,2.00110938e-01
2.86238594e-07,2.00089062e-01
2.86278594e-07,2.00112500e-01
2.86318594e-07,2.00087500e-01
2.86358594e-07,2.00114063e-01
2.86398594e-07,2.00082813e-01
2.86438594e-07,2.00120313e-01
2.86478594e-07,2.00075000e-01
2.86518594e-07,2.00134375e-01
2.86558594e-07,2.00040625e-01
2.86598594e-07,2.00312500e-01
2.86638594e-07,2.00550000e-01
2.86678594e-07,2.00475000e-01
2.86718594e-07,2.00515625e-01
2.86758594e-07,2.00489063e-01
2.86798594e-07,2.00507812e-01
2.86838594e-07,2.00493750e-01
2.86878594e-07,2.00504688e-01
2.86918594e-07,2.00496875e-01
2.86958594e-07,2.00501563e-01
2.86998594e-07,2.00498438e-01
2.87038594e-07,2.00501563e-01
2.87078594e-07,2.00500000e-01
2.87118594e-07,2.00500000e-01
2.87158594e-07,2.00500000e-01
2.87198594e-07,2.00498438e-01
2.87238594e-07,2.00501563e-01
2.87278594e-07,2.00498438e-01
2.87318594e-07,2.00501563e-01
2.87358594e-07,2.00498438e-01
2.87398594e-07,2.00503125e-01
2.87438594e-07,2.00496875e-01
2.87478594e-07,2.00503125e-01
2.87518594e-07,2.00496875e-01
2.87558594e-07,2.00503125e-01
2.87598594e-07,2.00495313e-01
2.87638594e-07,2.00504688e-01
2.87678594e-07,2.00495313e-01
2.87718594e-07,2.00504688e-01
2.87758594e-07,2.00493750e-01
2.87798594e-07,2.00506250e-01
2.87838594e-07,2.00492188e-01
2.87878594e-07,2.00507812e-01
2.87918594e-07,2.00490625e-01
2.87958594e-07,2.00509375e-01
2.87998594e-07,2.00489063e-01
2.88038594e-07,2.00514063e-01
2.88078594e-07,2.00482812e-01
2.88118594e-07,2.00521875e-01
2.88158594e-07,2.00468750e-01
2.88198594e-07,2.00556250e-01
2.88238594e-07,2.00290625e-01
2.88278594e-07,2.00046875e-01
2.88318594e-07,2.00128125e-01
2.88358594e-07,2.00081250e-01
2.88398594e-07,2.00114063e-01
2.88438594e-07,2.00089062e-01
2.88478594e-07,2.00109375e-01
2.88518594e-07,2.00092188e-01
2.88558594e-07,2.00106250e-01
2.88598594e-07,2.00095313e-01
2.88638594e-07,2.00104688e-01
2.88678594e-07,2.00095313e-01
2.88718594e-07,2.00103125e-01
2.88758594e-07,2.00096875e-01
2.88798594e-07,2.00103125e-01
2.88838594e-07,2.00096875e-01
2.88878594e-07,2.00101562e-01
2.88918594e-07,2.00098438e-01
2.88958594e-07,2.00101562e-01
2.88998594e-07,2.00098438e-01
2.89038594e-07,2.00101562e-01
2.89078594e-07,2.00098438e-01
2.89118594e-07,2.00100000e-01
2.89158594e-07,2.00100000e-01
2.89198594e-07,2.00100000e-01
2.89238594e-07,2.00100000e-01
2.89278594e-07,2.00100000e-01
2.89318594e-07,2.00100000e-01
2.89358594e-07,2.00100000e-01
2.89398594e-07,2.00100000e-01
2.89438594e-07,2.00100000e-01
2.89478594e-07,2.00100000e-01
2.89518594e-07,2.00100000e-01
2.89558594e-07,2.00100000e-01
2.89598594e-07,2.00100000e-01
2.89638594e-07,2.00100000e-01
2.89678594e-07,2.00098438e-01
2.89718594e-07,2.00101562e-01
2.89758594e-07,2.00098438e-01
2.89798594e-07,2.00101562e-01
2.89838594e-07,2.00098438e-01
2.89878594e-07,2.00101562e-01
2.89918594e-07,2.00098438e-01
2.89958594e-07,2.00101562e-01
2.89998594e-07,2.00098438e-01
2.90038594e-07,2.00101562e-01
2.90078594e-07,2.00098438e-01
2.90118594e-07,2.00101562e-01
2.90158594e-07,2.00098438e-01
2.90198594e-07,2.00101562e-01
2.90238594e-07,2.00098438e-01
2.90278594e-07,2.00101562e-01
2.90318594e-07,2.00098438e-01
2.90358594e-07,2.00101562e-01
2.90398594e-07,2.00098438e-01
2.90438594e-07,2.00101562e-01
2.90478594e-07,2.00096875e-01
2.90518594e-07,2.00103125e-01
2.90558594e-07,2.00096875e-01
2.90598594e-07,2.00103125e-01
2.90638594e-07,2.00096875e-01
2.90678594e-07,2.00103125e-01
2.90718594e-07,2.00096875e-01
2.90758594e-07,2.00103125e-01
2.90798594e-07,2.00096875e-01
2.90838594e-07,2.00103125e-01
2.90878594e-07,2.00096875e-01
2.90918594e-07,2.00103125e-01
2.90958594e-07,2.00096875e-01
2.90998594e-07,2.00103125e-01
2.91038594e-07,2.00096875e-01
2.91078594e-07,2.00104688e-01
2.91118594e-07,2.00095313e-01
2.91158594e-07,2.00104688e-01
2.91198594e-07,2.00095313e-01
2.91238594e-07,2.00104688e-01
2.91278594e-07,2.00095313e-01
2.91318594e-07,2.00104688e-01
2.91358594e-07,2.00095313e-01
2.91398594e-07,2.00106250e-01
2.91438594e-07,2.00093750e-01
2.91478594e-07,2.00106250e-01
2.91518594e-07,2.00093750e-01
2.91558594e-07,2.00107813e-01
2.91598594e-07,2.00092188e-01
2.91638594e-07,2.00107813e-01
2.91678594e-07,2.00090625e-01
2.91718594e-07,2.00109375e-01
2.91758594e-07,2.00089062e-01
2.91798594e-07,2.00112500e-01
2.91838594e-07,2.00085938e-01
2.91878594e-07,2.00118750e-01
2.91918594e-07,2.00076562e-01
2.91958594e-07,2.00132813e-01
2.91998594e-07,2.00042187e-01
2.92038594e-07,2.00310938e-01
2.92078594e-07,2.00551563e-01
2.92118594e-07,2.00473438e-01
2.92158594e-07,2.00517187e-01
2.92198594e-07,2.00487500e-01
2.92238594e-07,2.00509375e-01
2.92278594e-07,2.00492188e-01
2.92318594e-07,2.00506250e-01
2.92358594e-07,2.00495313e-01
2.92398594e-07,2.00503125e-01
2.92438594e-07,2.00496875e-01
2.92478594e-07,2.00501563e-01
2.92518594e-07,2.00498438e-01
2.92558594e-07,2.00501563e-01
2.92598594e-07,2.00500000e-01
2.92638594e-07,2.00500000e-01
2.92678594e-07,2.00500000e-01
2.92718594e-07,2.00498438e-01
2.92758594e-07,2.00501563e-01
2.92798594e-07,2.00498438e-01
2.92838594e-07,2.00501563e-01
2.92878594e-07,2.00496875e-01
2.92918594e-07,2.00503125e-01
2.92958594e-07,2.00496875e-01
2.92998594e-07,2.00504688e-01
2.93038594e-07,2.00495313e-01
2.93078594e-07,2.00506250e-01
2.93118594e-07,2.00493750e-01
2.93158594e-07,2.00507812e-01
2.93198594e-07,2.00490625e-01
2.93238594e-07,2.00512500e-01
2.93278594e-07,2.00484375e-01
2.93318594e-07,2.00520313e-01
2.93358594e-07,2.00470312e-01
2.93398594e-07,2.00554687e-01
2.93438594e-07,2.00292187e-01
2.93478594e-07,2.00046875e-01
2.93518594e-07,2.00129688e-01
2.93558594e-07,2.00079688e-01
2.93598594e-07,2.00115625e-01
2.93638594e-07,2.00087500e-01
2.93678594e-07,2.00109375e-01
2.93718594e-07,2.00092188e-01
2.93758594e-07,2.00106250e-01
2.93798594e-07,2.00093750e-01
2.93838594e-07,2.00104688e-01
2.93878594e-07,2.00095313e-01
2.93918594e-07,2.00103125e-01
2.93958594e-07,2.00096875e-01
2.93998594e-07,2.00101562e-01
2.94038594e-07,2.00098438e-01
2.94078594e-07,2.00101562e-01
2.94118594e-07,2.00100000e-01
2.94158594e-07,2.00100000e-01
2.94198594e-07,2.00101562e-01
2.94238594e-07,2.00096875e-01
2.94278594e-07,2.00103125e-01
2.94318594e-07,2.00095313e-01
2.94358594e-07,2.00107813e-01
2.94398594e-07,2.00089062e-01
2.94438594e-07,2.00115625e-01
2.94478594e-07,2.00075000e-01
2.94518594e-07,2.00150000e-01
2.94558594e-07,1.99896875e-01
2.94598594e-07,1.99640625e-01
2.94638594e-07,1.99735938e-01
2.94678594e-07,1.99673437e-01
2.94718594e-07,1.99721875e-01
2.94758594e-07,1.99681250e-01
2.94798594e-07,1.99715625e-01
2.94838594e-07,1.99684375e-01
2.94878594e-07,1.99714063e-01
2.94918594e-07,1.99685938e-01
2.94958594e-07,1.99712500e-01
2.94998594e-07,1.99687500e-01
2.95038594e-07,1.99712500e-01
2.95078594e-07,1.99687500e-01
2.95118594e-07,1.99712500e-01
2.95158594e-07,1.99687500e-01
2.95198594e-07,1.99714063e-01
2.95238594e-07,1.99685938e-01
2.95278594e-07,1.99715625e-01
2.95318594e-07,1.99682813e-01
2.95358594e-07,1.99718750e-01
2.95398594e-07,1.99678125e-01
2.95438594e-07,1.99728125e-01
2.95478594e-07,1.99662500e-01
2.95518594e-07,1.99762500e-01
2.95558594e-07,1.99484375e-01
2.95598594e-07,1.99254687e-01
2.95638594e-07,1.99321875e-01
2.95678594e-07,1.99289063e-01
2.95718594e-07,1.99304688e-01
2.95758594e-07,1.99300000e-01
2.95798594e-07,1.99295313e-01
2.95838594e-07,1.99310938e-01
2.95878594e-07,1.99278125e-01
2.95918594e-07,1.99348438e-01
2.95958594e-07,1.99098438e-01
2.95998594e-07,1.98839062e-01
2.96038594e-07,1.98935937e-01
2.96078594e-07,1.98873437e-01
2.96118594e-07,1.98921875e-01
2.96158594e-07,1.98881250e-01
2.96198594e-07,1.98915625e-01
2.96238594e-07,1.98885937e-01
2.96278594e-07,1.98914063e-01
2.96318594e-07,1.98887500e-01
2.96358594e-07,1.98912500e-01
2.96398594e-07,1.98887500e-01
2.96438594e-07,1.98910937e-01
2.96478594e-07,1.98889063e-01
2.96518594e-07,1.98910937e-01
2.96558594e-07,1.98889063e-01
2.96598594e-07,1.98910937e-01
2.96638594e-07,1.98889063e-01
2.96678594e-07,1.98910937e-01
2.96718594e-07,1.98887500e-01
2.96758594e-07,1.98912500e-01
2.96798594e-07,1.98887500e-01
2.96838594e-07,1.98914063e-01
2.96878594e-07,1.98884375e-01
2.96918594e-07,1.98917188e-01
2.96958594e-07,1.98881250e-01
2.96998594e-07,1.98921875e-01
2.97038594e-07,1.98871875e-01
2.97078594e-07,1.98937500e-01
2.97118594e-07,1.98837500e-01
2.97158594e-07,1.99117188e-01
2.97198594e-07,1.99345313e-01
2.97238594e-07,1.99279687e-01
2.97278594e-07,1.99309375e-01
2.97318594e-07,1.99298438e-01
2.97358594e-07,1.99293750e-01
2.97398594e-07,1.99317187e-01
2.97438594e-07,1.99256250e-01
2.97478594e-07,1.99496875e-01
2.97518594e-07,1.99765625e-01
2.97558594e-07,1.99657813e-01
2.97598594e-07,1.99732813e-01
2.97638594e-07,1.99670313e-01
2.97678594e-07,1.99729688e-01
2.97718594e-07,1.99667188e-01
2.97758594e-07,1.99740625e-01
2.97798594e-07,1.99635937e-01
2.97838594e-07,1.99915625e-01
2.97878594e-07,2.00146875e-01
2.97918594e-07,2.00075000e-01
2.97958594e-07,2.00115625e-01
2.97998594e-07,2.00089062e-01
2.98038594e-07,2.00107813e-01
2.98078594e-07,2.00093750e-01
2.98118594e-07,2.00106250e-01
2.98158594e-07,2.00095313e-01
2.98198594e-07,2.00104688e-01
2.98238594e-07,2.00095313e-01
2.98278594e-07,2.00103125e-01
2.98318594e-07,2.00096875e-01
2.98358594e-07,2.00103125e-01
2.98398594e-07,2.00096875e-01
2.98438594e-07,2.00103125e-01
2.98478594e-07,2.00096875e-01
2.98518594e-07,2.00103125e-01
2.98558594e-07,2.00096875e-01
2.98598594e-07,2.00103125e-01
2.98638594e-07,2.00096875e-01
2.98678594e-07,2.00103125e-01
2.98718594e-07,2.00096875e-01
2.98758594e-07,2.00103125e-01
2.98798594e-07,2.00096875e-01
2.98838594e-07,2.00103125e-01
2.98878594e-07,2.00096875e-01
2.98918594e-07,2.00103125e-01
2.98958594e-07,2.00096875e-01
2.98998594e-07,2.00103125e-01
2.99038594e-07,2.00096875e-01
2.99078594e-07,2.00103125e-01
2.99118594e-07,2.00096875e-01
2.99158594e-07,2.00103125e-01
2.99198594e-07,2.00096875e-01
2.99238594e-07,2.00103125e-01
2.99278594e-07,2.00096875e-01
2.99318594e-07,2.00103125e-01
2.99358594e-07,2.00096875e-01
2.99398594e-07,2.00103125e-01
2.99438594e-07,2.00095313e-01
2.99478594e-07,2.00104688e-01
2.99518594e-07,2.00095313e-01
2.99558594e-07,2.00104688e-01
2.99598594e-07,2.00095313e-01
2.99638594e-07,2.00104688e-01
2.99678594e-07,2.00095313e-01
2.99718594e-07,2.00104688e-01
2.99758594e-07,2.00095313e-01
2.99798594e-07,2.00104688e-01
2.99838594e-07,2.00095313e-01
2.99878594e-07,2.00106250e-01
2.99918594e-07,2.00093750e-01
2.99958594e-07,2.00106250e-01
2.99998594e-07,2.00093750e-01
3.00038594e-07,2.00106250e-01
3.00078594e-07,2.00092188e-01
3.00118594e-07,2.00107813e-01
3.00158594e-07,2.00092188e-01
3.00198594e-07,2.00107813e-01
3.00238594e-07,2.00090625e-01
3.00278594e-07,2.00109375e-01
3.00318594e-07,2.00089062e-01
3.00358594e-07,2.00112500e-01
3.00398594e-07,2.00085938e-01
3.00438594e-07,2.00115625e-01
3.00478594e-07,2.00081250e-01
3.00518594e-07,2.00123438e-01
3.00558594e-07,2.00065625e-01
3.00598594e-07,2.00159375e-01
3.00638594e-07,1.99887500e-01
3.00678594e-07,1.99650000e-01
3.00718594e-07,1.99726563e-01
3.00758594e-07,1.99682813e-01
3.00798594e-07,1.99712500e-01
3.00838594e-07,1.99690625e-01
3.00878594e-07,1.99706250e-01
3.00918594e-07,1.99695312e-01
3.00958594e-07,1.99703125e-01
3.00998594e-07,1.99696875e-01
3.01038594e-07,1.99701563e-01
3.01078594e-07,1.99698437e-01
3.01118594e-07,1.99701563e-01
3.01158594e-07,1.99700000e-01
3.01198594e-07,1.99700000e-01
3.01238594e-07,1.99700000e-01
3.01278594e-07,1.99698437e-01
3.01318594e-07,1.99701563e-01
3.01358594e-07,1.99698437e-01
3.01398594e-07,1.99701563e-01
3.01438594e-07,1.99698437e-01
3.01478594e-07,1.99703125e-01
3.01518594e-07,1.99696875e-01
3.01558594e-07,1.99703125e-01
3.01598594e-07,1.99696875e-01
3.01638594e-07,1.99703125e-01
3.01678594e-07,1.99695312e-01
3.01718594e-07,1.99704688e-01
3.01758594e-07,1.99695312e-01
3.01798594e-07,1.99704688e-01
3.01838594e-07,1.99693750e-01
3.01878594e-07,1.99706250e-01
3.01918594e-07,1.99693750e-01
3.01958594e-07,1.99706250e-01
3.01998594e-07,1.99692188e-01
3.02038594e-07,1.99707812e-01
3.02078594e-07,1.99692188e-01
3.02118594e-07,1.99709375e-01
3.02158594e-07,1.99690625e-01
3.02198594e-07,1.99710938e-01
3.02238594e-07,1.99687500e-01
3.02278594e-07,1.99712500e-01
3.02318594e-07,1.99685938e-01
3.02358594e-07,1.99717188e-01
3.02398594e-07,1.99681250e-01
3.02438594e-07,1.99723438e-01
3.02478594e-07,1.99670313e-01
3.02518594e-07,1.99740625e-01
3.02558594e-07,1.99632813e-01
3.02598594e-07,1.99921875e-01
3.02638594e-07,2.00137500e-01
3.02678594e-07,2.00092188e-01
3.02718594e-07,2.00089062e-01
3.02758594e-07,2.00140625e-01
3.02798594e-07,1.99903125e-01
3.02838594e-07,1.99635937e-01
3.02878594e-07,1.99739063e-01
3.02918594e-07,1.99671875e-01
3.02958594e-07,1.99723438e-01
3.02998594e-07,1.99681250e-01
3.03038594e-07,1.99717188e-01
3.03078594e-07,1.99684375e-01
3.03118594e-07,1.99715625e-01
3.03158594e-07,1.99685938e-01
3.03198594e-07,1.99715625e-01
3.03238594e-07,1.99682813e-01
3.03278594e-07,1.99720312e-01
3.03318594e-07,1.99670313e-01
3.03358594e-07,1.99753125e-01
3.03398594e-07,1.99495313e-01
3.03438594e-07,1.99240625e-01
3.03478594e-07,1.99337500e-01
3.03518594e-07,1.99270313e-01
3.03558594e-07,1.99326562e-01
3.03598594e-07,1.99271875e-01
3.03638594e-07,1.99331250e-01
3.03678594e-07,1.99260938e-01
3.03718594e-07,1.99364062e-01
3.03758594e-07,1.99082813e-01
3.03798594e-07,1.98854688e-01
3.03838594e-07,1.98921875e-01
3.03878594e-07,1.98887500e-01
3.03918594e-07,1.98907813e-01
3.03958594e-07,1.98895313e-01
3.03998594e-07,1.98901563e-01
3.04038594e-07,1.98900000e-01
3.04078594e-07,1.98898437e-01
3.04118594e-07,1.98901563e-01
3.04158594e-07,1.98896875e-01
3.04198594e-07,1.98904688e-01
3.04238594e-07,1.98893750e-01
3.04278594e-07,1.98907813e-01
3.04318594e-07,1.98890625e-01
3.04358594e-07,1.98910937e-01
3.04398594e-07,1.98887500e-01
3.04438594e-07,1.98914063e-01
3.04478594e-07,1.98882813e-01
3.04518594e-07,1.98920313e-01
3.04558594e-07,1.98873437e-01
3.04598594e-07,1.98937500e-01
3.04638594e-07,1.98835938e-01
3.04678594e-07,1.99118750e-01
3.04718594e-07,1.99342188e-01
3.04758594e-07,1.99284375e-01
3.04798594e-07,1.99303125e-01
3.04838594e-07,1.99304688e-01
3.04878594e-07,1.99285938e-01
3.04918594e-07,1.99326562e-01
3.04958594e-07,1.99245312e-01
3.04998594e-07,1.99510938e-01
3.05038594e-07,1.99748438e-01
3.05078594e-07,1.99679688e-01
3.05118594e-07,1.99704688e-01
3.05158594e-07,1.99712500e-01
3.05198594e-07,1.99659375e-01
3.05238594e-07,1.99898437e-01
3.05278594e-07,2.00160937e-01
3.05318594e-07,2.00067188e-01
3.05358594e-07,2.00117188e-01
3.05398594e-07,2.00096875e-01
3.05438594e-07,2.00075000e-01
3.05478594e-07,2.00281250e-01
3.05518594e-07,2.00581250e-01
3.05558594e-07,2.00442188e-01
3.05598594e-07,2.00548438e-01
3.05638594e-07,2.00451563e-01
3.05678594e-07,2.00553125e-01
3.05718594e-07,2.00425000e-01
3.05758594e-07,2.00725000e-01
3.05798594e-07,2.00939063e-01
3.05838594e-07,2.00882813e-01
3.05878594e-07,2.00910937e-01
3.05918594e-07,2.00892188e-01
3.05958594e-07,2.00907813e-01
3.05998594e-07,2.00892188e-01
3.06038594e-07,2.00910937e-01
3.06078594e-07,2.00884375e-01
3.06118594e-07,2.00925000e-01
3.06158594e-07,2.00850000e-01
3.06198594e-07,2.01103125e-01
3.06238594e-07,2.01359375e-01
3.06278594e-07,2.01265625e-01
3.06318594e-07,2.01325000e-01
3.06358594e-07,2.01279687e-01
3.06398594e-07,2.01315625e-01
3.06438594e-07,2.01285938e-01
3.06478594e-07,2.01310938e-01
3.06518594e-07,2.01290625e-01
3.06558594e-07,2.01306250e-01
3.06598594e-07,2.01295313e-01
3.06638594e-07,2.01300000e-01
3.06678594e-07,2.01304687e-01
3.06718594e-07,2.01284375e-01
3.06758594e-07,2.01340625e-01
3.06798594e-07,2.01106250e-01
3.06838594e-07,2.00831250e-01
3.06878594e-07,2.00945313e-01
3.06918594e-07,2.00864062e-01
3.06958594e-07,2.00931250e-01
3.06998594e-07,2.00871875e-01
3.07038594e-07,2.00926563e-01
3.07078594e-07,2.00875000e-01
3.07118594e-07,2.00925000e-01
3.07158594e-07,2.00875000e-01
3.07198594e-07,2.00926563e-01
3.07238594e-07,2.00871875e-01
3.07278594e-07,2.00932813e-01
3.07318594e-07,2.00857813e-01
3.07358594e-07,2.00965625e-01
3.07398594e-07,2.00681250e-01
3.07438594e-07,2.00454688e-01
3.07478594e-07,2.00521875e-01
3.07518594e-07,2.00485938e-01
3.07558594e-07,2.00509375e-01
3.07598594e-07,2.00492188e-01
3.07638594e-07,2.00507812e-01
3.07678594e-07,2.00490625e-01
3.07718594e-07,2.00514063e-01
3.07758594e-07,2.00478125e-01
3.07798594e-07,2.00546875e-01
3.07838594e-07,2.00301563e-01
3.07878594e-07,2.00035938e-01
3.07918594e-07,2.00140625e-01
3.07958594e-07,2.00067188e-01
3.07998594e-07,2.00128125e-01
3.08038594e-07,2.00073438e-01
3.08078594e-07,2.00126562e-01
3.08118594e-07,2.00073438e-01
3.08158594e-07,2.00126562e-01
3.08198594e-07,2.00070313e-01
3.08238594e-07,2.00134375e-01
3.08278594e-07,2.00056250e-01
3.08318594e-07,2.00167188e-01
3.08358594e-07,1.99879688e-01
3.08398594e-07,1.99657813e-01
3.08438594e-07,1.99718750e-01
3.08478594e-07,1.99690625e-01
3.08518594e-07,1.99704688e-01
3.08558594e-07,1.99698437e-01
3.08598594e-07,1.99698437e-01
3.08638594e-07,1.99703125e-01
3.08678594e-07,1.99696875e-01
3.08718594e-07,1.99704688e-01
3.08758594e-07,1.99693750e-01
3.08798594e-07,1.99706250e-01
3.08838594e-07,1.99692188e-01
3.08878594e-07,1.99707812e-01
3.08918594e-07,1.99690625e-01
3.08958594e-07,1.99709375e-01
3.08998594e-07,1.99689063e-01
3.09038594e-07,1.99712500e-01
3.09078594e-07,1.99685938e-01
3.09118594e-07,1.99715625e-01
3.09158594e-07,1.99681250e-01
3.09198594e-07,1.99723438e-01
3.09238594e-07,1.99665625e-01
3.09278594e-07,1.99759375e-01
3.09318594e-07,1.99487500e-01
3.09358594e-07,1.99250000e-01
3.09398594e-07,1.99326562e-01
3.09438594e-07,1.99282813e-01
3.09478594e-07,1.99312500e-01
3.09518594e-07,1.99290625e-01
3.09558594e-07,1.99306250e-01
3.09598594e-07,1.99295313e-01
3.09638594e-07,1.99304688e-01
3.09678594e-07,1.99296875e-01
3.09718594e-07,1.99303125e-01
3.09758594e-07,1.99298438e-01
3.09798594e-07,1.99301563e-01
3.09838594e-07,1.99298438e-01
3.09878594e-07,1.99300000e-01
3.09918594e-07,1.99300000e-01
3.09958594e-07,1.99300000e-01
3.09998594e-07,1.99300000e-01
3.10038594e-07,1.99300000e-01
3.10078594e-07,1.99300000e-01
3.10118594e-07,1.99298438e-01
3.10158594e-07,1.99301563e-01
3.10198594e-07,1.99298438e-01
3.10238594e-07,1.99301563e-01
3.10278594e-07,1.99298438e-01
3.10318594e-07,1.99301563e-01
3.10358594e-07,1.99298438e-01
3.10398594e-07,1.99301563e-01
3.10438594e-07,1.99298438e-01
3.10478594e-07,1.99301563e-01
3.10518594e-07,1.99298438e-01
3.10558594e-07,1.99301563e-01
3.10598594e-07,1.99298438e-01
3.10638594e-07,1.99301563e-01
3.10678594e-07,1.99298438e-01
3.10718594e-07,1.99303125e-01
3.10758594e-07,1.99296875e-01
3.10798594e-07,1.99303125e-01
3.10838594e-07,1.99296875e-01
3.10878594e-07,1.99303125e-01
3.10918594e-07,1.99296875e-01
3.10958594e-07,1.99303125e-01
3.10998594e-07,1.99296875e-01
3.11038594e-07,1.99303125e-01
3.11078594e-07,1.99296875e-01
3.11118594e-07,1.99303125e-01
3.11158594e-07,1.99296875e-01
3.11198594e-07,1.99303125e-01
3.11238594e-07,1.99296875e-01
3.11278594e-07,1.99303125e-01
3.11318594e-07,1.99296875e-01
3.11358594e-07,1.99303125e-01
3.11398594e-07,1.99296875e-01
3.11438594e-07,1.99303125e-01
3.11478594e-07,1.99296875e-01
3.11518594e-07,1.99303125e-01
3.11558594e-07,1.99296875e-01
3.11598594e-07,1.99303125e-01
3.11638594e-07,1.99296875e-01
3.11678594e-07,1.99303125e-01
3.11718594e-07,1.99296875e-01
3.11758594e-07,1.99303125e-01
3.11798594e-07,1.99296875e-01
3.11838594e-07,1.99304688e-01
3.11878594e-07,1.99295313e-01
3.11918594e-07,1.99304688e-01
3.11958594e-07,1.99295313e-01
3.11998594e-07,1.99304688e-01
3.12038594e-07,1.99295313e-01
3.12078594e-07,1.99304688e-01
3.12118594e-07,1.99295313e-01
3.12158594e-07,1.99304688e-01
3.12198594e-07,1.99295313e-01
3.12238594e-07,1.99304688e-01
3.12278594e-07,1.99295313e-01
3.12318594e-07,1.99304688e-01
3.12358594e-07,1.99295313e-01
3.12398594e-07,1.99304688e-01
3.12438594e-07,1.99295313e-01
3.12478594e-07,1.99304688e-01
3.12518594e-07,1.99295313e-01
3.12558594e-07,1.99306250e-01
3.12598594e-07,1.99293750e-01
3.12638594e-07,1.99306250e-01
3.12678594e-07,1.99293750e-01
3.12718594e-07,1.99306250e-01
3.12758594e-07,1.99293750e-01
3.12798594e-07,1.99306250e-01
3.12838594e-07,1.99293750e-01
3.12878594e-07,1.99307813e-01
3.12918594e-07,1.99292187e-01
3.12958594e-07,1.99307813e-01
3.12998594e-07,1.99292187e-01
3.13038594e-07,1.99309375e-01
3.13078594e-07,1.99290625e-01
3.13118594e-07,1.99309375e-01
3.13158594e-07,1.99289063e-01
3.13198594e-07,1.99310938e-01
3.13238594e-07,1.99287500e-01
3.13278594e-07,1.99314062e-01
3.13318594e-07,1.99284375e-01
3.13358594e-07,1.99320313e-01
3.13398594e-07,1.99275000e-01
3.13438594e-07,1.99334375e-01
3.13478594e-07,1.99240625e-01
3.13518594e-07,1.99512500e-01
3.13558594e-07,1.99750000e-01
3.13598594e-07,1.99675000e-01
3.13638594e-07,1.99715625e-01
3.13678594e-07,1.99689063e-01
3.13718594e-07,1.99707812e-01
3.13758594e-07,1.99693750e-01
3.13798594e-07,1.99704688e-01
3.13838594e-07,1.99696875e-01
3.13878594e-07,1.99701563e-01
3.13918594e-07,1.99698437e-01
3.13958594e-07,1.99700000e-01
3.13998594e-07,1.99700000e-01
3.14038594e-07,1.99698437e-01
3.14078594e-07,1.99701563e-01
3.14118594e-07,1.99698437e-01
3.14158594e-07,1.99703125e-01
3.14198594e-07,1.99696875e-01
3.14238594e-07,1.99703125e-01
3.14278594e-07,1.99695312e-01
3.14318594e-07,1.99704688e-01
3.14358594e-07,1.99693750e-01
3.14398594e-07,1.99706250e-01
3.14438594e-07,1.99692188e-01
3.14478594e-07,1.99709375e-01
3.14518594e-07,1.99690625e-01
3.14558594e-07,1.99712500e-01
3.14598594e-07,1.99685938e-01
3.14638594e-07,1.99717188e-01
3.14678594e-07,1.99676563e-01
3.14718594e-07,1.99732813e-01
3.14758594e-07,1.99642188e-01
3.14798594e-07,1.99910937e-01
3.14838594e-07,2.00150000e-01
3.14878594e-07,2.00073438e-01
3.14918594e-07,2.00117188e-01
3.14958594e-07,2.00089062e-01
3.14998594e-07,2.00107813e-01
3.15038594e-07,2.00095313e-01
3.15078594e-07,2.00103125e-01
3.15118594e-07,2.00098438e-01
3.15158594e-07,2.00098438e-01
3.15198594e-07,2.00103125e-01
3.15238594e-07,2.00093750e-01
3.15278594e-07,2.00109375e-01
3.15318594e-07,2.00084375e-01
3.15358594e-07,2.00125000e-01
3.15398594e-07,2.00050000e-01
3.15438594e-07,2.00303125e-01
3.15478594e-07,2.00557813e-01
3.15518594e-07,2.00465625e-01
3.15558594e-07,2.00525000e-01
3.15598594e-07,2.00481250e-01
3.15638594e-07,2.00515625e-01
3.15678594e-07,2.00485938e-01
3.15718594e-07,2.00512500e-01
3.15758594e-07,2.00489063e-01
3.15798594e-07,2.00509375e-01
3.15838594e-07,2.00490625e-01
3.15878594e-07,2.00509375e-01
3.15918594e-07,2.00492188e-01
3.15958594e-07,2.00507812e-01
3.15998594e-07,2.00492188e-01
3.16038594e-07,2.00506250e-01
3.16078594e-07,2.00493750e-01
3.16118594e-07,2.00506250e-01
3.16158594e-07,2.00493750e-01
3.16198594e-07,2.00506250e-01
3.16238594e-07,2.00493750e-01
3.16278594e-07,2.00504688e-01
3.16318594e-07,2.00495313e-01
3.16358594e-07,2.00504688e-01
3.16398594e-07,2.00495313e-01
3.16438594e-07,2.00504688e-01
3.16478594e-07,2.00495313e-01
3.16518594e-07,2.00504688e-01
3.16558594e-07,2.00495313e-01
3.16598594e-07,2.00504688e-01
3.16638594e-07,2.00495313e-01
3.16678594e-07,2.00504688e-01
3.16718594e-07,2.00495313e-01
3.16758594e-07,2.00504688e-01
3.16798594e-07,2.00495313e-01
3.16838594e-07,2.00504688e-01
3.16878594e-07,2.00495313e-01
3.16918594e-07,2.00504688e-01
3.16958594e-07,2.00493750e-01
3.16998594e-07,2.00506250e-01
3.17038594e-07,2.00493750e-01
3.17078594e-07,2.00507812e-01
3.17118594e-07,2.00490625e-01
3.17158594e-07,2.00510938e-01
3.17198594e-07,2.00485938e-01
3.17238594e-07,2.00518750e-01
3.17278594e-07,2.00471875e-01
3.17318594e-07,2.00551563e-01
3.17358594e-07,2.00295313e-01
3.17398594e-07,2.00042187e-01
3.17438594e-07,2.00134375e-01
3.17478594e-07,2.00073438e-01
3.17518594e-07,2.00121875e-01
3.17558594e-07,2.00079688e-01
3.17598594e-07,2.00118750e-01
3.17638594e-07,2.00079688e-01
3.17678594e-07,2.00120313e-01
3.17718594e-07,2.00076562e-01
3.17758594e-07,2.00128125e-01
3.17798594e-07,2.00062500e-01
3.17838594e-07,2.00162500e-01
3.17878594e-07,1.99884375e-01
3.17918594e-07,1.99653125e-01
3.17958594e-07,1.99723438e-01
3.17998594e-07,1.99685938e-01
3.18038594e-07,1.99707812e-01
3.18078594e-07,1.99695312e-01
3.18118594e-07,1.99701563e-01
3.18158594e-07,1.99700000e-01
3.18198594e-07,1.99696875e-01
3.18238594e-07,1.99706250e-01
3.18278594e-07,1.99690625e-01
3.18318594e-07,1.99715625e-01
3.18358594e-07,1.99675000e-01
3.18398594e-07,1.99750000e-01
3.18438594e-07,1.99496875e-01
3.18478594e-07,1.99242188e-01
3.18518594e-07,1.99334375e-01
3.18558594e-07,1.99275000e-01
3.18598594e-07,1.99320313e-01
3.18638594e-07,1.99282813e-01
3.18678594e-07,1.99314062e-01
3.18718594e-07,1.99287500e-01
3.18758594e-07,1.99310938e-01
3.18798594e-07,1.99289063e-01
3.18838594e-07,1.99309375e-01
3.18878594e-07,1.99290625e-01
3.18918594e-07,1.99309375e-01
3.18958594e-07,1.99292187e-01
3.18998594e-07,1.99307813e-01
3.19038594e-07,1.99292187e-01
3.19078594e-07,1.99307813e-01
3.19118594e-07,1.99293750e-01
3.19158594e-07,1.99306250e-01
3.19198594e-07,1.99293750e-01
3.19238594e-07,1.99306250e-01
3.19278594e-07,1.99293750e-01
3.19318594e-07,1.99306250e-01
3.19358594e-07,1.99295313e-01
3.19398594e-07,1.99304688e-01
3.19438594e-07,1.99295313e-01
3.19478594e-07,1.99304688e-01
3.19518594e-07,1.99295313e-01
3.19558594e-07,1.99304688e-01
3.19598594e-07,1.99296875e-01
3.19638594e-07,1.99303125e-01
3.19678594e-07,1.99296875e-01
3.19718594e-07,1.99301563e-01
3.19758594e-07,1.99300000e-01
3.19798594e-07,1.99298438e-01
3.19838594e-07,1.99304688e-01
3.19878594e-07,1.99292187e-01
3.19918594e-07,1.99317187e-01
3.19958594e-07,1.99257813e-01
3.19998594e-07,1.99493750e-01
3.20038594e-07,1.99768750e-01
3.20078594e-07,1.99653125e-01
3.20118594e-07,1.99739063e-01
3.20158594e-07,1.99662500e-01
3.20198594e-07,1.99737500e-01
3.20238594e-07,1.99659375e-01
3.20278594e-07,1.99750000e-01
3.20318594e-07,1.99626562e-01
3.20358594e-07,1.99926563e-01
3.20398594e-07,2.00134375e-01
3.20438594e-07,2.00090625e-01
3.20478594e-07,2.00098438e-01
3.20518594e-07,2.00109375e-01
3.20558594e-07,2.00082813e-01
3.20598594e-07,2.00128125e-01
3.20638594e-07,2.00045313e-01
3.20678594e-07,2.00309375e-01
3.20718594e-07,2.00551563e-01
3.20758594e-07,2.00473438e-01
3.20798594e-07,2.00517187e-01
3.20838594e-07,2.00489063e-01
3.20878594e-07,2.00506250e-01
3.20918594e-07,2.00496875e-01
3.20958594e-07,2.00500000e-01
3.20998594e-07,2.00504688e-01
3.21038594e-07,2.00489063e-01
3.21078594e-07,2.00520313e-01
3.21118594e-07,2.00453125e-01
3.21158594e-07,2.00700000e-01
3.21198594e-07,2.00962500e-01
3.21238594e-07,2.00860938e-01
3.21278594e-07,2.00929688e-01
3.21318594e-07,2.00875000e-01
3.21358594e-07,2.00921875e-01
3.21398594e-07,2.00879688e-01
3.21438594e-07,2.00918750e-01
3.21478594e-07,2.00881250e-01
3.21518594e-07,2.00918750e-01
3.21558594e-07,2.00879688e-01
3.21598594e-07,2.00921875e-01
3.21638594e-07,2.00876563e-01
3.21678594e-07,2.00928125e-01
3.21718594e-07,2.00862500e-01
3.21758594e-07,2.00962500e-01
3.21798594e-07,2.00684375e-01
3.21838594e-07,2.00453125e-01
3.21878594e-07,2.00523438e-01
3.21918594e-07,2.00485938e-01
3.21958594e-07,2.00507812e-01
3.21998594e-07,2.00495313e-01
3.22038594e-07,2.00503125e-01
3.22078594e-07,2.00500000e-01
3.22118594e-07,2.00498438e-01
3.22158594e-07,2.00503125e-01
3.22198594e-07,2.00495313e-01
3.22238594e-07,2.00507812e-01
3.22278594e-07,2.00489063e-01
3.22318594e-07,2.00515625e-01
3.22358594e-07,2.00473438e-01
3.22398594e-07,2.00551563e-01
3.22438594e-07,2.00295313e-01
3.22478594e-07,2.00042187e-01
3.22518594e-07,2.00134375e-01
3.22558594e-07,2.00075000e-01
3.22598594e-07,2.00118750e-01
3.22638594e-07,2.00084375e-01
3.22678594e-07,2.00114063e-01
3.22718594e-07,2.00087500e-01
3.22758594e-07,2.00110938e-01
3.22798594e-07,2.00089062e-01
3.22838594e-07,2.00109375e-01
3.22878594e-07,2.00090625e-01
3.22918594e-07,2.00109375e-01
3.22958594e-07,2.00090625e-01
3.22998594e-07,2.00107813e-01
3.23038594e-07,2.00092188e-01
3.23078594e-07,2.00107813e-01
3.23118594e-07,2.00092188e-01
3.23158594e-07,2.00107813e-01
3.23198594e-07,2.00092188e-01
3.23238594e-07,2.00107813e-01
3.23278594e-07,2.00092188e-01
3.23318594e-07,2.00107813e-01
3.23358594e-07,2.00092188e-01
3.23398594e-07,2.00107813e-01
3.23438594e-07,2.00092188e-01
3.23478594e-07,2.00107813e-01
3.23518594e-07,2.00092188e-01
3.23558594e-07,2.00107813e-01
3.23598594e-07,2.00092188e-01
3.23638594e-07,2.00107813e-01
3.23678594e-07,2.00092188e-01
3.23718594e-07,2.00107813e-01
3.23758594e-07,2.00092188e-01
3.23798594e-07,2.00107813e-01
3.23838594e-07,2.00092188e-01
3.23878594e-07,2.00109375e-01
3.23918594e-07,2.00090625e-01
3.23958594e-07,2.00109375e-01
3.23998594e-07,2.00090625e-01
3.24038594e-07,2.00110938e-01
3.24078594e-07,2.00089062e-01
3.24118594e-07,2.00112500e-01
3.24158594e-07,2.00087500e-01
3.24198594e-07,2.00114063e-01
3.24238594e-07,2.00084375e-01
3.24278594e-07,2.00118750e-01
3.24318594e-07,2.00078125e-01
3.24358594e-07,2.00126562e-01
3.24398594e-07,2.00064063e-01
3.24438594e-07,2.00160937e-01
3.24478594e-07,1.99884375e-01
3.24518594e-07,1.99653125e-01
3.24558594e-07,1.99723438e-01
3.24598594e-07,1.99687500e-01
3.24638594e-07,1.99707812e-01
3.24678594e-07,1.99696875e-01
3.24718594e-07,1.99700000e-01
3.24758594e-07,1.99701563e-01
3.24798594e-07,1.99695312e-01
3.24838594e-07,1.99707812e-01
3.24878594e-07,1.99687500e-01
3.24918594e-07,1.99717188e-01
3.24958594e-07,1.99671875e-01
3.24998594e-07,1.99753125e-01
3.25038594e-07,1.99492188e-01
3.25078594e-07,1.99245312e-01
3.25118594e-07,1.99329688e-01
3.25158594e-07,1.99281250e-01
3.25198594e-07,1.99312500e-01
3.25238594e-07,1.99292187e-01
3.25278594e-07,1.99303125e-01
3.25318594e-07,1.99303125e-01
3.25358594e-07,1.99285938e-01
3.25398594e-07,1.99339062e-01
3.25438594e-07,1.99107813e-01
3.25478594e-07,1.98829688e-01
3.25518594e-07,1.98946875e-01
3.25558594e-07,1.98860938e-01
3.25598594e-07,1.98935937e-01
3.25638594e-07,1.98864062e-01
3.25678594e-07,1.98939063e-01
3.25718594e-07,1.98853125e-01
3.25758594e-07,1.98971875e-01
3.25798594e-07,1.98676563e-01
3.25838594e-07,1.98460938e-01
3.25878594e-07,1.98515625e-01
3.25918594e-07,1.98493750e-01
3.25958594e-07,1.98501563e-01
3.25998594e-07,1.98503125e-01
3.26038594e-07,1.98493750e-01
3.26078594e-07,1.98509375e-01
3.26118594e-07,1.98487500e-01
3.26158594e-07,1.98518750e-01
3.26198594e-07,1.98471875e-01
3.26238594e-07,1.98553125e-01
3.26278594e-07,1.98293750e-01
3.26318594e-07,1.98045313e-01
3.26358594e-07,1.98131250e-01
3.26398594e-07,1.98078125e-01
3.26438594e-07,1.98117188e-01
3.26478594e-07,1.98085938e-01
3.26518594e-07,1.98110938e-01
3.26558594e-07,1.98090625e-01
3.26598594e-07,1.98109375e-01
3.26638594e-07,1.98092188e-01
3.26678594e-07,1.98107813e-01
3.26718594e-07,1.98093750e-01
3.26758594e-07,1.98106250e-01
3.26798594e-07,1.98093750e-01
3.26838594e-07,1.98106250e-01
3.26878594e-07,1.98095313e-01
3.26918594e-07,1.98104688e-01
3.26958594e-07,1.98095313e-01
3.26998594e-07,1.98104688e-01
3.27038594e-07,1.98095313e-01
3.27078594e-07,1.98104688e-01
3.27118594e-07,1.98095313e-01
3.27158594e-07,1.98104688e-01
3.27198594e-07,1.98095313e-01
3.27238594e-07,1.98104688e-01
3.27278594e-07,1.98095313e-01
3.27318594e-07,1.98104688e-01
3.27358594e-07,1.98096875e-01
3.27398594e-07,1.98103125e-01
3.27438594e-07,1.98096875e-01
3.27478594e-07,1.98103125e-01
3.27518594e-07,1.98096875e-01
3.27558594e-07,1.98103125e-01
3.27598594e-07,1.98096875e-01
3.27638594e-07,1.98103125e-01
3.27678594e-07,1.98096875e-01
3.27718594e-07,1.98103125e-01
3.27758594e-07,1.98096875e-01
3.27798594e-07,1.98103125e-01
3.27838594e-07,1.98096875e-01
3.27878594e-07,1.98104688e-01
3.27918594e-07,1.98095313e-01
3.27958594e-07,1.98104688e-01
3.27998594e-07,1.98095313e-01
3.28038594e-07,1.98104688e-01
3.28078594e-07,1.98095313e-01
3.28118594e-07,1.98104688e-01
3.28158594e-07,1.98095313e-01
3.28198594e-07,1.98104688e-01
3.28238594e-07,1.98095313e-01
3.28278594e-07,1.98104688e-01
3.28318594e-07,1.98095313e-01
3.28358594e-07,1.98104688e-01
3.28398594e-07,1.98095313e-01
3.28438594e-07,1.98104688e-01
3.28478594e-07,1.98095313e-01
3.28518594e-07,1.98104688e-01
3.28558594e-07,1.98095313e-01
3.28598594e-07,1.98106250e-01
3.28638594e-07,1.98093750e-01
3.28678594e-07,1.98106250e-01
3.28718594e-07,1.98093750e-01
3.28758594e-07,1.98106250e-01
3.28798594e-07,1.98093750e-01
3.28838594e-07,1.98106250e-01
3.28878594e-07,1.98092188e-01
3.28918594e-07,1.98107813e-01
3.28958594e-07,1.98092188e-01
3.28998594e-07,1.98107813e-01
3.29038594e-07,1.98090625e-01
3.29078594e-07,1.98109375e-01
3.29118594e-07,1.98089062e-01
3.29158594e-07,1.98110938e-01
3.29198594e-07,1.98087500e-01
3.29238594e-07,1.98114063e-01
3.29278594e-07,1.98082813e-01
3.29318594e-07,1.98120313e-01
3.29358594e-07,1.98075000e-01
3.29398594e-07,1.98134375e-01
3.29438594e-07,1.98040625e-01
3.29478594e-07,1.98314062e-01
3.29518594e-07,1.98548438e-01
3.29558594e-07,1.98475000e-01
3.29598594e-07,1.98514063e-01
3.29638594e-07,1.98490625e-01
3.29678594e-07,1.98506250e-01
3.29718594e-07,1.98496875e-01
3.29758594e-07,1.98500000e-01
3.29798594e-07,1.98501563e-01
3.29838594e-07,1.98496875e-01
3.29878594e-07,1.98506250e-01
3.29918594e-07,1.98492188e-01
3.29958594e-07,1.98512500e-01
3.29998594e-07,1.98482812e-01
3.30038594e-07,1.98528125e-01
3.30078594e-07,1.98446875e-01
3.30118594e-07,1.98706250e-01
3.30158594e-07,1.98956250e-01
3.30198594e-07,1.98868750e-01
3.30238594e-07,1.98921875e-01
3.30278594e-07,1.98882813e-01
3.30318594e-07,1.98914063e-01
3.30358594e-07,1.98889063e-01
3.30398594e-07,1.98909375e-01
3.30438594e-07,1.98892188e-01
3.30478594e-07,1.98907813e-01
3.30518594e-07,1.98893750e-01
3.30558594e-07,1.98904688e-01
3.30598594e-07,1.98895313e-01
3.30638594e-07,1.98904688e-01
3.30678594e-07,1.98896875e-01
3.30718594e-07,1.98903125e-01
3.30758594e-07,1.98898437e-01
3.30798594e-07,1.98901563e-01
3.30838594e-07,1.98900000e-01
3.30878594e-07,1.98900000e-01
3.30918594e-07,1.98901563e-01
3.30958594e-07,1.98898437e-01
3.30998594e-07,1.98903125e-01
3.31038594e-07,1.98895313e-01
3.31078594e-07,1.98907813e-01
3.31118594e-07,1.98889063e-01
3.31158594e-07,1.98915625e-01
3.31198594e-07,1.98873437e-01
3.31238594e-07,1.98951563e-01
3.31278594e-07,1.98695312e-01
3.31318594e-07,1.98442188e-01
3.31358594e-07,1.98532813e-01
3.31398594e-07,1.98478125e-01
3.31438594e-07,1.98517187e-01
3.31478594e-07,1.98487500e-01
3.31518594e-07,1.98507813e-01
3.31558594e-07,1.98498438e-01
3.31598594e-07,1.98492188e-01
3.31638594e-07,1.98532813e-01
3.31678594e-07,1.98314062e-01
3.31718594e-07,1.98021875e-01
3.31758594e-07,1.98156250e-01
3.31798594e-07,1.98050000e-01
3.31838594e-07,1.98150000e-01
3.31878594e-07,1.98042188e-01
3.31918594e-07,1.98181250e-01
3.31958594e-07,1.97867188e-01
3.31998594e-07,1.97671875e-01
3.32038594e-07,1.97704688e-01
3.32078594e-07,1.97706250e-01
3.32118594e-07,1.97685938e-01
3.32158594e-07,1.97721875e-01
3.32198594e-07,1.97665625e-01
3.32238594e-07,1.97760938e-01
3.32278594e-07,1.97484375e-01
3.32318594e-07,1.97254687e-01
3.32358594e-07,1.97320313e-01
3.32398594e-07,1.97292187e-01
3.32438594e-07,1.97300000e-01
3.32478594e-07,1.97307813e-01
3.32518594e-07,1.97279688e-01
3.32558594e-07,1.97346875e-01
3.32598594e-07,1.97100000e-01
3.32638594e-07,1.96839062e-01
3.32678594e-07,1.96935938e-01
3.32718594e-07,1.96873437e-01
3.32758594e-07,1.96921875e-01
3.32798594e-07,1.96881250e-01
3.32838594e-07,1.96915625e-01
3.32878594e-07,1.96885937e-01
3.32918594e-07,1.96912500e-01
3.32958594e-07,1.96887500e-01
3.32998594e-07,1.96910937e-01
3.33038594e-07,1.96889063e-01
3.33078594e-07,1.96909375e-01
3.33118594e-07,1.96890625e-01
3.33158594e-07,1.96909375e-01
3.33198594e-07,1.96890625e-01
3.33238594e-07,1.96909375e-01
3.33278594e-07,1.96890625e-01
3.33318594e-07,1.96909375e-01
3.33358594e-07,1.96890625e-01
3.33398594e-07,1.96909375e-01
3.33438594e-07,1.96889063e-01
3.33478594e-07,1.96910937e-01
3.33518594e-07,1.96887500e-01
3.33558594e-07,1.96912500e-01
3.33598594e-07,1.96884375e-01
3.33638594e-07,1.96918750e-01
3.33678594e-07,1.96876563e-01
3.33718594e-07,1.96932812e-01
3.33758594e-07,1.96842188e-01
3.33798594e-07,1.97110937e-01
3.33838594e-07,1.97351563e-01
3.33878594e-07,1.97271875e-01
3.33918594e-07,1.97318750e-01
3.33958594e-07,1.97285938e-01
3.33998594e-07,1.97310938e-01
3.34038594e-07,1.97290625e-01
3.34078594e-07,1.97307813e-01
3.34118594e-07,1.97292187e-01
3.34158594e-07,1.97306250e-01
3.34198594e-07,1.97293750e-01
3.34238594e-07,1.97306250e-01
3.34278594e-07,1.97293750e-01
3.34318594e-07,1.97306250e-01
3.34358594e-07,1.97293750e-01
3.34398594e-07,1.97306250e-01
3.34438594e-07,1.97293750e-01
3.34478594e-07,1.97306250e-01
3.34518594e-07,1.97293750e-01
3.34558594e-07,1.97307813e-01
3.34598594e-07,1.97292187e-01
3.34638594e-07,1.97309375e-01
3.34678594e-07,1.97289063e-01
3.34718594e-07,1.97314062e-01
3.34758594e-07,1.97281250e-01
3.34798594e-07,1.97328125e-01
3.34838594e-07,1.97246875e-01
3.34878594e-07,1.97506250e-01
3.34918594e-07,1.97756250e-01
3.34958594e-07,1.97667188e-01
3.34998594e-07,1.97723438e-01
3.35038594e-07,1.97681250e-01
3.35078594e-07,1.97715625e-01
3.35118594e-07,1.97687500e-01
3.35158594e-07,1.97712500e-01
3.35198594e-07,1.97689063e-01
3.35238594e-07,1.97710938e-01
3.35278594e-07,1.97690625e-01
3.35318594e-07,1.97709375e-01
3.35358594e-07,1.97690625e-01
3.35398594e-07,1.97709375e-01
3.35438594e-07,1.97690625e-01
3.35478594e-07,1.97707812e-01
3.35518594e-07,1.97692188e-01
3.35558594e-07,1.97707812e-01
3.35598594e-07,1.97692188e-01
3.35638594e-07,1.97709375e-01
3.35678594e-07,1.97690625e-01
3.35718594e-07,1.97709375e-01
3.35758594e-07,1.97690625e-01
3.35798594e-07,1.97709375e-01
3.35838594e-07,1.97690625e-01
3.35878594e-07,1.97709375e-01
3.35918594e-07,1.97689063e-01
3.35958594e-07,1.97710938e-01
3.35998594e-07,1.97689063e-01
