Model,MSO66B
Label,
Waveform Type,ANALOG
Horizontal Units,s
Sample Interval,4.00000000e-11
Record Length,10000
Zero Index,1599.08203125
Vertical Units,A
ANALOG_Thumbnail,
yOffset,1.84500000e-01
yPosition,8.40000000e-01

Labels,
TIME,CH1
-6.39632812e-08,1.86475000e-01
-6.39232812e-08,1.86525000e-01
-6.38832812e-08,1.86475000e-01
-6.38432812e-08,1.86525000e-01
-6.38032812e-08,1.86473438e-01
-6.37632813e-08,1.86528125e-01
-6.37232812e-08,1.86470313e-01
-6.36832812e-08,1.86532813e-01
-6.36432812e-08,1.86462500e-01
-6.36032812e-08,1.86548437e-01
-6.35632812e-08,1.86426563e-01
-6.35232812e-08,1.86726562e-01
-6.34832813e-08,1.86935938e-01
-6.34432812e-08,1.86889063e-01
-6.34032812e-08,1.86900000e-01
-6.33632812e-08,1.86904687e-01
-6.33232812e-08,1.86890625e-01
-6.32832812e-08,1.86912500e-01
-6.32432812e-08,1.86884375e-01
-6.32032813e-08,1.86920313e-01
-6.31632812e-08,1.86876563e-01
-6.31232812e-08,1.86929687e-01
-6.30832812e-08,1.86859375e-01
-6.30432812e-08,1.86967188e-01
-6.30032812e-08,1.86678125e-01
-6.29632812e-08,1.86460938e-01
-6.29232813e-08,1.86514062e-01
-6.28832812e-08,1.86496875e-01
-6.28432812e-08,1.86495313e-01
-6.28032812e-08,1.86509375e-01
-6.27632812e-08,1.86484375e-01
-6.27232812e-08,1.86523438e-01
-6.26832812e-08,1.86464062e-01
-6.26432813e-08,1.86562500e-01
-6.26032812e-08,1.86282813e-01
-6.25632812e-08,1.86057813e-01
-6.25232812e-08,1.86114063e-01
-6.24832812e-08,1.86100000e-01
-6.24432812e-08,1.86085938e-01
-6.24032812e-08,1.86142188e-01
-6.23632813e-08,1.85903125e-01
-6.23232812e-08,1.85634375e-01
-6.22832812e-08,1.85743750e-01
-6.22432812e-08,1.85657813e-01
-6.22032812e-08,1.85757813e-01
-6.21632812e-08,1.85495313e-01
-6.21232812e-08,1.85235938e-01
-6.20832813e-08,1.85348438e-01
-6.20432812e-08,1.85248438e-01
-6.20032812e-08,1.85373438e-01
-6.19632812e-08,1.85073437e-01
-6.19232812e-08,1.84867188e-01
-6.18832813e-08,1.84906250e-01
-6.18432812e-08,1.84907813e-01
-6.18032813e-08,1.84876563e-01
-6.17632812e-08,1.84953125e-01
-6.17232812e-08,1.84690625e-01
-6.16832812e-08,1.84451562e-01
-6.16432812e-08,1.84520313e-01
-6.16032813e-08,1.84495313e-01
-6.15632812e-08,1.84489062e-01
-6.15232813e-08,1.84539063e-01
-6.14832812e-08,1.84304688e-01
-6.14432812e-08,1.84034375e-01
-6.14032812e-08,1.84139063e-01
-6.13632812e-08,1.84071875e-01
-6.13232813e-08,1.84121875e-01
-6.12832812e-08,1.84082812e-01
-6.12432813e-08,1.84112500e-01
-6.12032812e-08,1.84090625e-01
-6.11632812e-08,1.84104688e-01
-6.11232812e-08,1.84101563e-01
-6.10832812e-08,1.84089063e-01
-6.10432813e-08,1.84135938e-01
-6.10032812e-08,1.83910938e-01
-6.09632813e-08,1.83625000e-01
-6.09232812e-08,1.83753125e-01
-6.08832812e-08,1.83651563e-01
-6.08432812e-08,1.83751563e-01
-6.08032812e-08,1.83626563e-01
-6.07632813e-08,1.83923438e-01
-6.07232812e-08,1.84140625e-01
-6.06832813e-08,1.84081250e-01
-6.06432812e-08,1.84110938e-01
-6.06032812e-08,1.84092188e-01
-6.05632812e-08,1.84106250e-01
-6.05232812e-08,1.84095312e-01
-6.04832813e-08,1.84104688e-01
-6.04432812e-08,1.84093750e-01
-6.04032813e-08,1.84106250e-01
-6.03632812e-08,1.84092188e-01
-6.03232812e-08,1.84109375e-01
-6.02832812e-08,1.84089063e-01
-6.02432812e-08,1.84114063e-01
-6.02032813e-08,1.84081250e-01
-6.01632812e-08,1.84129687e-01
-6.01232813e-08,1.84045313e-01
-6.00832812e-08,1.84307813e-01
-6.00432812e-08,1.84554688e-01
-6.00032812e-08,1.84470313e-01
-5.99632812e-08,1.84520313e-01
-5.99232813e-08,1.84485938e-01
-5.98832812e-08,1.84510937e-01
-5.98432812e-08,1.84492188e-01
-5.98032812e-08,1.84504688e-01
-5.97632812e-08,1.84496875e-01
-5.97232812e-08,1.84500000e-01
-5.96832812e-08,1.84504688e-01
-5.96432813e-08,1.84490625e-01
-5.96032812e-08,1.84520313e-01
-5.95632812e-08,1.84454688e-01
-5.95232812e-08,1.84698438e-01
-5.94832812e-08,1.84964062e-01
-5.94432812e-08,1.84860938e-01
-5.94032812e-08,1.84929687e-01
-5.93632812e-08,1.84875000e-01
-5.93232812e-08,1.84921875e-01
-5.92832812e-08,1.84879688e-01
-5.92432812e-08,1.84918750e-01
-5.92032812e-08,1.84881250e-01
-5.91632812e-08,1.84918750e-01
-5.91232812e-08,1.84881250e-01
-5.90832812e-08,1.84918750e-01
-5.90432812e-08,1.84879688e-01
-5.90032812e-08,1.84923438e-01
-5.89632812e-08,1.84871875e-01
-5.89232812e-08,1.84937500e-01
-5.88832812e-08,1.84839063e-01
-5.88432812e-08,1.85114063e-01
-5.88032812e-08,1.85348438e-01
-5.87632812e-08,1.85275000e-01
-5.87232812e-08,1.85315625e-01
-5.86832812e-08,1.85287500e-01
-5.86432812e-08,1.85309375e-01
-5.86032812e-08,1.85292188e-01
-5.85632812e-08,1.85306250e-01
-5.85232812e-08,1.85293750e-01
-5.84832812e-08,1.85304688e-01
-5.84432812e-08,1.85295313e-01
-5.84032812e-08,1.85304688e-01
-5.83632812e-08,1.85295313e-01
-5.83232812e-08,1.85304688e-01
-5.82832812e-08,1.85293750e-01
-5.82432812e-08,1.85306250e-01
-5.82032812e-08,1.85292188e-01
-5.81632812e-08,1.85309375e-01
-5.81232812e-08,1.85289063e-01
-5.80832812e-08,1.85314063e-01
-5.80432812e-08,1.85281250e-01
-5.80032812e-08,1.85328125e-01
-5.79632812e-08,1.85246875e-01
-5.79232812e-08,1.85504688e-01
-5.78832812e-08,1.85757813e-01
-5.78432812e-08,1.85667187e-01
-5.78032812e-08,1.85725000e-01
-5.77632812e-08,1.85679687e-01
-5.77232812e-08,1.85717188e-01
-5.76832812e-08,1.85684375e-01
-5.76432812e-08,1.85714062e-01
-5.76032812e-08,1.85685938e-01
-5.75632812e-08,1.85714062e-01
-5.75232812e-08,1.85684375e-01
-5.74832812e-08,1.85717188e-01
-5.74432812e-08,1.85681250e-01
-5.74032812e-08,1.85723438e-01
-5.73632812e-08,1.85667187e-01
-5.73232812e-08,1.85757813e-01
-5.72832812e-08,1.85489062e-01
-5.72432812e-08,1.85246875e-01
-5.72032812e-08,1.85328125e-01
-5.71632812e-08,1.85279688e-01
-5.71232812e-08,1.85315625e-01
-5.70832812e-08,1.85287500e-01
-5.70432812e-08,1.85310937e-01
-5.70032812e-08,1.85290625e-01
-5.69632812e-08,1.85309375e-01
-5.69232812e-08,1.85292188e-01
-5.68832812e-08,1.85307813e-01
-5.68432812e-08,1.85292188e-01
-5.68032812e-08,1.85307813e-01
-5.67632812e-08,1.85292188e-01
-5.67232812e-08,1.85307813e-01
-5.66832812e-08,1.85292188e-01
-5.66432812e-08,1.85307813e-01
-5.66032812e-08,1.85292188e-01
-5.65632812e-08,1.85307813e-01
-5.65232812e-08,1.85292188e-01
-5.64832812e-08,1.85309375e-01
-5.64432812e-08,1.85290625e-01
-5.64032812e-08,1.85309375e-01
-5.63632812e-08,1.85289063e-01
-5.63232812e-08,1.85310937e-01
-5.62832812e-08,1.85287500e-01
-5.62432812e-08,1.85314063e-01
-5.62032812e-08,1.85282813e-01
-5.61632812e-08,1.85320313e-01
-5.61232812e-08,1.85275000e-01
-5.60832812e-08,1.85334375e-01
-5.60432812e-08,1.85240625e-01
-5.60032812e-08,1.85512500e-01
-5.59632812e-08,1.85748438e-01
-5.59232812e-08,1.85675000e-01
-5.58832812e-08,1.85715625e-01
-5.58432812e-08,1.85690625e-01
-5.58032812e-08,1.85706250e-01
-5.57632812e-08,1.85695313e-01
-5.57232812e-08,1.85703125e-01
-5.56832812e-08,1.85698438e-01
-5.56432812e-08,1.85700000e-01
-5.56032812e-08,1.85701563e-01
-5.55632812e-08,1.85696875e-01
-5.55232812e-08,1.85703125e-01
-5.54832812e-08,1.85695313e-01
-5.54432812e-08,1.85706250e-01
-5.54032812e-08,1.85692187e-01
-5.53632812e-08,1.85709375e-01
-5.53232812e-08,1.85687500e-01
-5.52832812e-08,1.85715625e-01
-5.52432812e-08,1.85678125e-01
-5.52032812e-08,1.85731250e-01
-5.51632812e-08,1.85643750e-01
-5.51232812e-08,1.85910938e-01
-5.50832812e-08,1.86151563e-01
-5.50432812e-08,1.86073437e-01
-5.50032812e-08,1.86117188e-01
-5.49632812e-08,1.86089063e-01
-5.49232812e-08,1.86107812e-01
-5.48832812e-08,1.86095312e-01
-5.48432812e-08,1.86103125e-01
-5.48032812e-08,1.86098438e-01
-5.47632812e-08,1.86098438e-01
-5.47232812e-08,1.86103125e-01
-5.46832812e-08,1.86095312e-01
-5.46432812e-08,1.86107812e-01
-5.46032812e-08,1.86087500e-01
-5.45632812e-08,1.86117188e-01
-5.45232812e-08,1.86071875e-01
-5.44832812e-08,1.86153125e-01
-5.44432812e-08,1.85892188e-01
-5.44032812e-08,1.85645312e-01
-5.43632812e-08,1.85729688e-01
-5.43232812e-08,1.85679687e-01
-5.42832812e-08,1.85714062e-01
-5.42432812e-08,1.85690625e-01
-5.42032812e-08,1.85706250e-01
-5.41632812e-08,1.85696875e-01
-5.41232812e-08,1.85700000e-01
-5.40832812e-08,1.85703125e-01
-5.40432812e-08,1.85693750e-01
-5.40032812e-08,1.85712500e-01
-5.39632812e-08,1.85676563e-01
-5.39232812e-08,1.85748438e-01
-5.38832812e-08,1.85496875e-01
-5.38432812e-08,1.85242188e-01
-5.38032812e-08,1.85332812e-01
-5.37632812e-08,1.85276563e-01
-5.37232812e-08,1.85315625e-01
-5.36832812e-08,1.85289063e-01
-5.36432812e-08,1.85306250e-01
-5.36032812e-08,1.85300000e-01
-5.35632812e-08,1.85289063e-01
-5.35232812e-08,1.85335938e-01
-5.34832812e-08,1.85109375e-01
-5.34432812e-08,1.84828125e-01
-5.34032812e-08,1.84948438e-01
-5.33632812e-08,1.84860938e-01
-5.33232812e-08,1.84934375e-01
-5.32832812e-08,1.84867188e-01
-5.32432812e-08,1.84932813e-01
-5.32032812e-08,1.84865625e-01
-5.31632812e-08,1.84937500e-01
-5.31232812e-08,1.84854688e-01
-5.30832812e-08,1.84970313e-01
-5.30432812e-08,1.84678125e-01
-5.30032812e-08,1.84459375e-01
-5.29632812e-08,1.84517188e-01
-5.29232812e-08,1.84492188e-01
-5.28832812e-08,1.84504688e-01
-5.28432812e-08,1.84498438e-01
-5.28032812e-08,1.84500000e-01
-5.27632812e-08,1.84501562e-01
-5.27232812e-08,1.84498438e-01
-5.26832812e-08,1.84503125e-01
-5.26432812e-08,1.84496875e-01
-5.26032812e-08,1.84503125e-01
-5.25632813e-08,1.84495313e-01
-5.25232812e-08,1.84504688e-01
-5.24832812e-08,1.84495313e-01
-5.24432812e-08,1.84504688e-01
-5.24032812e-08,1.84495313e-01
-5.23632812e-08,1.84504688e-01
-5.23232812e-08,1.84493750e-01
-5.22832812e-08,1.84506250e-01
-5.22432812e-08,1.84493750e-01
-5.22032812e-08,1.84506250e-01
-5.21632812e-08,1.84492188e-01
-5.21232812e-08,1.84507813e-01
-5.20832812e-08,1.84490625e-01
-5.20432812e-08,1.84510937e-01
-5.20032812e-08,1.84487500e-01
-5.19632812e-08,1.84515625e-01
-5.19232812e-08,1.84479688e-01
-5.18832812e-08,1.84529688e-01
-5.18432812e-08,1.84446875e-01
-5.18032812e-08,1.84706250e-01
-5.17632812e-08,1.84956250e-01
-5.17232812e-08,1.84867188e-01
-5.16832812e-08,1.84923438e-01
-5.16432812e-08,1.84881250e-01
-5.16032812e-08,1.84917187e-01
-5.15632812e-08,1.84884375e-01
-5.15232812e-08,1.84915625e-01
-5.14832812e-08,1.84884375e-01
-5.14432812e-08,1.84917187e-01
-5.14032812e-08,1.84882812e-01
-5.13632812e-08,1.84920313e-01
-5.13232812e-08,1.84875000e-01
-5.12832812e-08,1.84934375e-01
-5.12432812e-08,1.84840625e-01
-5.12032812e-08,1.85112500e-01
-5.11632812e-08,1.85350000e-01
-5.11232812e-08,1.85275000e-01
-5.10832812e-08,1.85315625e-01
-5.10432812e-08,1.85289063e-01
-5.10032812e-08,1.85306250e-01
-5.09632812e-08,1.85295313e-01
-5.09232812e-08,1.85301563e-01
-5.08832812e-08,1.85301563e-01
-5.08432812e-08,1.85296875e-01
-5.08032812e-08,1.85307813e-01
-5.07632812e-08,1.85287500e-01
-5.07232812e-08,1.85321875e-01
-5.06832812e-08,1.85253125e-01
-5.06432813e-08,1.85501562e-01
-5.06032812e-08,1.85760938e-01
-5.05632812e-08,1.85662500e-01
-5.05232812e-08,1.85728125e-01
-5.04832812e-08,1.85676563e-01
-5.04432812e-08,1.85720313e-01
-5.04032812e-08,1.85681250e-01
-5.03632813e-08,1.85717188e-01
-5.03232812e-08,1.85682813e-01
-5.02832812e-08,1.85717188e-01
-5.02432812e-08,1.85682813e-01
-5.02032812e-08,1.85717188e-01
-5.01632812e-08,1.85681250e-01
-5.01232812e-08,1.85721875e-01
-5.00832812e-08,1.85673438e-01
-5.00432812e-08,1.85735938e-01
-5.00032812e-08,1.85639063e-01
-4.99632812e-08,1.85912500e-01
-4.99232812e-08,1.86150000e-01
-4.98832812e-08,1.86073437e-01
-4.98432812e-08,1.86117188e-01
-4.98032812e-08,1.86087500e-01
-4.97632812e-08,1.86109375e-01
-4.97232812e-08,1.86092188e-01
-4.96832812e-08,1.86106250e-01
-4.96432812e-08,1.86093750e-01
-4.96032812e-08,1.86104688e-01
-4.95632812e-08,1.86095312e-01
-4.95232812e-08,1.86104688e-01
-4.94832812e-08,1.86095312e-01
-4.94432812e-08,1.86104688e-01
-4.94032812e-08,1.86095312e-01
-4.93632812e-08,1.86104688e-01
-4.93232812e-08,1.86095312e-01
-4.92832812e-08,1.86104688e-01
-4.92432812e-08,1.86095312e-01
-4.92032812e-08,1.86104688e-01
-4.91632812e-08,1.86095312e-01
-4.91232812e-08,1.86104688e-01
-4.90832812e-08,1.86095312e-01
-4.90432812e-08,1.86106250e-01
-4.90032812e-08,1.86093750e-01
-4.89632812e-08,1.86106250e-01
-4.89232812e-08,1.86092188e-01
-4.88832812e-08,1.86107812e-01
-4.88432812e-08,1.86090625e-01
-4.88032812e-08,1.86109375e-01
-4.87632812e-08,1.86089063e-01
-4.87232813e-08,1.86114063e-01
-4.86832812e-08,1.86084375e-01
-4.86432812e-08,1.86118750e-01
-4.86032812e-08,1.86075000e-01
-4.85632812e-08,1.86135938e-01
-4.85232812e-08,1.86039063e-01
-4.84832812e-08,1.86315625e-01
-4.84432813e-08,1.86545313e-01
-4.84032812e-08,1.86481250e-01
-4.83632812e-08,1.86506250e-01
-4.83232812e-08,1.86503125e-01
-4.82832812e-08,1.86484375e-01
-4.82432812e-08,1.86543750e-01
-4.82032812e-08,1.86301563e-01
-4.81632813e-08,1.86035937e-01
-4.81232812e-08,1.86139063e-01
-4.80832812e-08,1.86071875e-01
-4.80432812e-08,1.86121875e-01
-4.80032812e-08,1.86081250e-01
-4.79632812e-08,1.86115625e-01
-4.79232812e-08,1.86085938e-01
-4.78832812e-08,1.86112500e-01
-4.78432812e-08,1.86089063e-01
-4.78032812e-08,1.86109375e-01
-4.77632812e-08,1.86090625e-01
-4.77232812e-08,1.86107812e-01
-4.76832812e-08,1.86093750e-01
-4.76432812e-08,1.86106250e-01
-4.76032812e-08,1.86095312e-01
-4.75632812e-08,1.86103125e-01
-4.75232812e-08,1.86100000e-01
-4.74832812e-08,1.86096875e-01
-4.74432812e-08,1.86107812e-01
-4.74032812e-08,1.86082812e-01
-4.73632812e-08,1.86142188e-01
-4.73232812e-08,1.85904687e-01
-4.72832812e-08,1.85632812e-01
-4.72432812e-08,1.85743750e-01
-4.72032812e-08,1.85665625e-01
-4.71632812e-08,1.85731250e-01
-4.71232812e-08,1.85670313e-01
-4.70832812e-08,1.85728125e-01
-4.70432812e-08,1.85670313e-01
-4.70032812e-08,1.85734375e-01
-4.69632812e-08,1.85657813e-01
-4.69232812e-08,1.85765625e-01
-4.68832812e-08,1.85481250e-01
-4.68432812e-08,1.85254688e-01
-4.68032813e-08,1.85321875e-01
-4.67632812e-08,1.85285937e-01
-4.67232812e-08,1.85310937e-01
-4.66832812e-08,1.85290625e-01
-4.66432812e-08,1.85309375e-01
-4.66032812e-08,1.85289063e-01
-4.65632812e-08,1.85314063e-01
-4.65232813e-08,1.85276563e-01
-4.64832812e-08,1.85346875e-01
-4.64432812e-08,1.85100000e-01
-4.64032812e-08,1.84835938e-01
-4.63632812e-08,1.84940625e-01
-4.63232812e-08,1.84868750e-01
-4.62832812e-08,1.84928125e-01
-4.62432813e-08,1.84873438e-01
-4.62032812e-08,1.84925000e-01
-4.61632812e-08,1.84875000e-01
-4.61232812e-08,1.84926563e-01
-4.60832812e-08,1.84871875e-01
-4.60432812e-08,1.84932813e-01
-4.60032812e-08,1.84857812e-01
-4.59632813e-08,1.84967188e-01
-4.59232812e-08,1.84679687e-01
-4.58832812e-08,1.84457813e-01
-4.58432812e-08,1.84518750e-01
-4.58032812e-08,1.84490625e-01
-4.57632812e-08,1.84503125e-01
-4.57232812e-08,1.84500000e-01
-4.56832812e-08,1.84498438e-01
-4.56432812e-08,1.84503125e-01
-4.56032812e-08,1.84495313e-01
-4.55632812e-08,1.84506250e-01
-4.55232812e-08,1.84492188e-01
-4.54832812e-08,1.84509375e-01
-4.54432812e-08,1.84489062e-01
-4.54032812e-08,1.84514063e-01
-4.53632812e-08,1.84482813e-01
-4.53232812e-08,1.84521875e-01
-4.52832812e-08,1.84467188e-01
-4.52432812e-08,1.84557813e-01
-4.52032812e-08,1.84289063e-01
-4.51632812e-08,1.84048437e-01
-4.51232812e-08,1.84126563e-01
-4.50832812e-08,1.84082812e-01
-4.50432812e-08,1.84112500e-01
-4.50032812e-08,1.84090625e-01
-4.49632812e-08,1.84106250e-01
-4.49232812e-08,1.84095312e-01
-4.48832813e-08,1.84103125e-01
-4.48432812e-08,1.84098438e-01
-4.48032812e-08,1.84101563e-01
-4.47632812e-08,1.84100000e-01
-4.47232812e-08,1.84098438e-01
-4.46832812e-08,1.84101563e-01
-4.46432812e-08,1.84096875e-01
-4.46032813e-08,1.84104688e-01
-4.45632812e-08,1.84092188e-01
-4.45232812e-08,1.84110938e-01
-4.44832812e-08,1.84084375e-01
-4.44432812e-08,1.84125000e-01
-4.44032812e-08,1.84050000e-01
-4.43632812e-08,1.84303125e-01
-4.43232813e-08,1.84559375e-01
-4.42832812e-08,1.84464062e-01
-4.42432812e-08,1.84526563e-01
-4.42032812e-08,1.84478125e-01
-4.41632812e-08,1.84518750e-01
-4.41232812e-08,1.84482813e-01
-4.40832812e-08,1.84515625e-01
-4.40432813e-08,1.84485938e-01
-4.40032812e-08,1.84514063e-01
-4.39632812e-08,1.84485938e-01
-4.39232812e-08,1.84514063e-01
-4.38832812e-08,1.84484375e-01
-4.38432812e-08,1.84515625e-01
-4.38032812e-08,1.84482813e-01
-4.37632812e-08,1.84518750e-01
-4.37232812e-08,1.84479688e-01
-4.36832812e-08,1.84523437e-01
-4.36432812e-08,1.84470313e-01
-4.36032812e-08,1.84539063e-01
-4.35632812e-08,1.84435938e-01
-4.35232812e-08,1.84718750e-01
-4.34832812e-08,1.84942188e-01
-4.34432812e-08,1.84884375e-01
-4.34032812e-08,1.84903125e-01
-4.33632812e-08,1.84906250e-01
-4.33232812e-08,1.84881250e-01
-4.32832812e-08,1.84945313e-01
-4.32432812e-08,1.84700000e-01
-4.32032812e-08,1.84439063e-01
-4.31632812e-08,1.84535937e-01
-4.31232812e-08,1.84475000e-01
-4.30832812e-08,1.84520313e-01
-4.30432812e-08,1.84484375e-01
-4.30032812e-08,1.84514063e-01
-4.29632813e-08,1.84489062e-01
-4.29232812e-08,1.84509375e-01
-4.28832812e-08,1.84492188e-01
-4.28432812e-08,1.84504688e-01
-4.28032812e-08,1.84496875e-01
-4.27632812e-08,1.84498438e-01
-4.27232812e-08,1.84506250e-01
-4.26832813e-08,1.84484375e-01
-4.26432812e-08,1.84540625e-01
-4.26032812e-08,1.84306250e-01
-4.25632812e-08,1.84031250e-01
-4.25232812e-08,1.84145313e-01
-4.24832812e-08,1.84062500e-01
-4.24432812e-08,1.84132813e-01
-4.24032813e-08,1.84068750e-01
-4.23632812e-08,1.84131250e-01
-4.23232812e-08,1.84067188e-01
-4.22832812e-08,1.84137500e-01
-4.22432812e-08,1.84054688e-01
-4.22032812e-08,1.84170313e-01
-4.21632812e-08,1.83878125e-01
-4.21232813e-08,1.83659375e-01
-4.20832812e-08,1.83717188e-01
-4.20432812e-08,1.83692187e-01
-4.20032812e-08,1.83703125e-01
-4.19632812e-08,1.83700000e-01
-4.19232812e-08,1.83698438e-01
-4.18832812e-08,1.83703125e-01
-4.18432813e-08,1.83696875e-01
-4.18032812e-08,1.83704688e-01
-4.17632812e-08,1.83695313e-01
-4.17232812e-08,1.83706250e-01
-4.16832812e-08,1.83693750e-01
-4.16432812e-08,1.83706250e-01
-4.16032812e-08,1.83692187e-01
-4.15632812e-08,1.83707813e-01
-4.15232812e-08,1.83692187e-01
-4.14832812e-08,1.83709375e-01
-4.14432812e-08,1.83690625e-01
-4.14032812e-08,1.83709375e-01
-4.13632812e-08,1.83689062e-01
-4.13232812e-08,1.83710938e-01
-4.12832812e-08,1.83689062e-01
-4.12432812e-08,1.83712500e-01
-4.12032812e-08,1.83685938e-01
-4.11632812e-08,1.83714062e-01
-4.11232812e-08,1.83684375e-01
-4.10832812e-08,1.83717188e-01
-4.10432813e-08,1.83679687e-01
-4.10032812e-08,1.83723438e-01
-4.09632812e-08,1.83670313e-01
-4.09232812e-08,1.83739062e-01
-4.08832812e-08,1.83635938e-01
-4.08432812e-08,1.83918750e-01
-4.08032812e-08,1.84142187e-01
-4.07632813e-08,1.84082812e-01
-4.07232812e-08,1.84107812e-01
-4.06832812e-08,1.84100000e-01
-4.06432812e-08,1.84095312e-01
-4.06032812e-08,1.84109375e-01
-4.05632812e-08,1.84082812e-01
-4.05232812e-08,1.84128125e-01
-4.04832813e-08,1.84045313e-01
-4.04432812e-08,1.84307813e-01
-4.04032812e-08,1.84553125e-01
-4.03632812e-08,1.84471875e-01
-4.03232812e-08,1.84517188e-01
-4.02832812e-08,1.84489062e-01
-4.02432812e-08,1.84507813e-01
-4.02032813e-08,1.84496875e-01
-4.01632812e-08,1.84500000e-01
-4.01232812e-08,1.84504688e-01
-4.00832812e-08,1.84489062e-01
-4.00432812e-08,1.84521875e-01
-4.00032812e-08,1.84453125e-01
-3.99632812e-08,1.84700000e-01
-3.99232813e-08,1.84960938e-01
-3.98832812e-08,1.84862500e-01
-3.98432812e-08,1.84926563e-01
-3.98032812e-08,1.84878125e-01
-3.97632812e-08,1.84918750e-01
-3.97232812e-08,1.84884375e-01
-3.96832812e-08,1.84914063e-01
-3.96432813e-08,1.84887500e-01
-3.96032812e-08,1.84912500e-01
-3.95632812e-08,1.84889063e-01
-3.95232812e-08,1.84910938e-01
-3.94832812e-08,1.84890625e-01
-3.94432812e-08,1.84909375e-01
-3.94032813e-08,1.84890625e-01
-3.93632812e-08,1.84907813e-01
-3.93232812e-08,1.84892187e-01
-3.92832812e-08,1.84907813e-01
-3.92432812e-08,1.84892187e-01
-3.92032812e-08,1.84907813e-01
-3.91632812e-08,1.84892187e-01
-3.91232813e-08,1.84907813e-01
-3.90832812e-08,1.84892187e-01
-3.90432812e-08,1.84906250e-01
-3.90032812e-08,1.84893750e-01
-3.89632812e-08,1.84906250e-01
-3.89232812e-08,1.84893750e-01
-3.88832812e-08,1.84906250e-01
-3.88432813e-08,1.84893750e-01
-3.88032812e-08,1.84906250e-01
-3.87632812e-08,1.84893750e-01
-3.87232812e-08,1.84906250e-01
-3.86832812e-08,1.84893750e-01
-3.86432812e-08,1.84906250e-01
-3.86032812e-08,1.84892187e-01
-3.85632813e-08,1.84907813e-01
-3.85232812e-08,1.84892187e-01
-3.84832812e-08,1.84907813e-01
-3.84432812e-08,1.84892187e-01
-3.84032812e-08,1.84907813e-01
-3.83632812e-08,1.84890625e-01
-3.83232812e-08,1.84909375e-01
-3.82832813e-08,1.84890625e-01
-3.82432812e-08,1.84910938e-01
-3.82032812e-08,1.84887500e-01
-3.81632812e-08,1.84914063e-01
-3.81232812e-08,1.84884375e-01
-3.80832812e-08,1.84918750e-01
-3.80432812e-08,1.84876563e-01
-3.80032813e-08,1.84932813e-01
-3.79632812e-08,1.84842188e-01
-3.79232812e-08,1.85110938e-01
-3.78832812e-08,1.85351563e-01
-3.78432812e-08,1.85273437e-01
-3.78032812e-08,1.85317188e-01
-3.77632812e-08,1.85287500e-01
-3.77232813e-08,1.85309375e-01
-3.76832812e-08,1.85292188e-01
-3.76432812e-08,1.85306250e-01
-3.76032812e-08,1.85295313e-01
-3.75632812e-08,1.85303125e-01
-3.75232812e-08,1.85296875e-01
-3.74832813e-08,1.85301563e-01
-3.74432813e-08,1.85298437e-01
-3.74032812e-08,1.85300000e-01
-3.73632812e-08,1.85300000e-01
-3.73232812e-08,1.85300000e-01
-3.72832812e-08,1.85301563e-01
-3.72432812e-08,1.85298437e-01
-3.72032813e-08,1.85303125e-01
-3.71632812e-08,1.85296875e-01
-3.71232812e-08,1.85304688e-01
-3.70832812e-08,1.85293750e-01
-3.70432812e-08,1.85307813e-01
-3.70032812e-08,1.85290625e-01
-3.69632812e-08,1.85312500e-01
-3.69232813e-08,1.85281250e-01
-3.68832812e-08,1.85328125e-01
-3.68432812e-08,1.85246875e-01
-3.68032812e-08,1.85506250e-01
-3.67632812e-08,1.85756250e-01
-3.67232812e-08,1.85667187e-01
-3.66832812e-08,1.85723438e-01
-3.66432813e-08,1.85682813e-01
-3.66032812e-08,1.85714062e-01
-3.65632812e-08,1.85687500e-01
-3.65232812e-08,1.85710938e-01
-3.64832812e-08,1.85690625e-01
-3.64432812e-08,1.85709375e-01
-3.64032812e-08,1.85692187e-01
-3.63632813e-08,1.85707813e-01
-3.63232812e-08,1.85692187e-01
-3.62832812e-08,1.85706250e-01
-3.62432812e-08,1.85693750e-01
-3.62032812e-08,1.85706250e-01
-3.61632812e-08,1.85693750e-01
-3.61232812e-08,1.85704688e-01
-3.60832813e-08,1.85695313e-01
-3.60432812e-08,1.85704688e-01
-3.60032812e-08,1.85695313e-01
-3.59632812e-08,1.85704688e-01
-3.59232812e-08,1.85696875e-01
-3.58832812e-08,1.85703125e-01
-3.58432812e-08,1.85696875e-01
-3.58032813e-08,1.85703125e-01
-3.57632812e-08,1.85696875e-01
-3.57232812e-08,1.85701563e-01
-3.56832812e-08,1.85698438e-01
-3.56432812e-08,1.85701563e-01
-3.56032812e-08,1.85698438e-01
-3.55632813e-08,1.85700000e-01
-3.55232813e-08,1.85700000e-01
-3.54832812e-08,1.85698438e-01
-3.54432812e-08,1.85701563e-01
-3.54032812e-08,1.85696875e-01
-3.53632812e-08,1.85706250e-01
-3.53232812e-08,1.85690625e-01
-3.52832813e-08,1.85714062e-01
-3.52432813e-08,1.85676563e-01
-3.52032812e-08,1.85748438e-01
-3.51632812e-08,1.85498438e-01
-3.51232812e-08,1.85239062e-01
-3.50832812e-08,1.85337500e-01
-3.50432812e-08,1.85271875e-01
-3.50032813e-08,1.85323438e-01
-3.49632812e-08,1.85279688e-01
-3.49232812e-08,1.85318750e-01
-3.48832812e-08,1.85282813e-01
-3.48432812e-08,1.85315625e-01
-3.48032812e-08,1.85284375e-01
-3.47632812e-08,1.85314063e-01
-3.47232813e-08,1.85285937e-01
-3.46832812e-08,1.85314063e-01
-3.46432812e-08,1.85285937e-01
-3.46032812e-08,1.85314063e-01
-3.45632812e-08,1.85285937e-01
-3.45232812e-08,1.85314063e-01
-3.44832812e-08,1.85285937e-01
-3.44432813e-08,1.85314063e-01
-3.44032812e-08,1.85285937e-01
-3.43632812e-08,1.85315625e-01
-3.43232812e-08,1.85284375e-01
-3.42832812e-08,1.85315625e-01
-3.42432812e-08,1.85282813e-01
-3.42032812e-08,1.85318750e-01
-3.41632813e-08,1.85279688e-01
-3.41232812e-08,1.85323438e-01
-3.40832812e-08,1.85271875e-01
-3.40432812e-08,1.85339063e-01
-3.40032812e-08,1.85235938e-01
-3.39632812e-08,1.85517188e-01
-3.39232812e-08,1.85745313e-01
-3.38832813e-08,1.85678125e-01
-3.38432812e-08,1.85712500e-01
-3.38032812e-08,1.85692187e-01
-3.37632812e-08,1.85704688e-01
-3.37232812e-08,1.85698438e-01
-3.36832812e-08,1.85700000e-01
-3.36432813e-08,1.85700000e-01
-3.36032813e-08,1.85698438e-01
-3.35632812e-08,1.85703125e-01
-3.35232812e-08,1.85696875e-01
-3.34832812e-08,1.85703125e-01
-3.34432812e-08,1.85695313e-01
-3.34032812e-08,1.85704688e-01
-3.33632813e-08,1.85695313e-01
-3.33232813e-08,1.85706250e-01
-3.32832812e-08,1.85693750e-01
-3.32432812e-08,1.85706250e-01
-3.32032812e-08,1.85692187e-01
-3.31632812e-08,1.85707813e-01
-3.31232812e-08,1.85692187e-01
-3.30832813e-08,1.85709375e-01
-3.30432813e-08,1.85690625e-01
-3.30032812e-08,1.85710938e-01
-3.29632812e-08,1.85687500e-01
-3.29232812e-08,1.85712500e-01
-3.28832812e-08,1.85684375e-01
-3.28432812e-08,1.85717188e-01
-3.28032813e-08,1.85679687e-01
-3.27632812e-08,1.85725000e-01
-3.27232812e-08,1.85664063e-01
-3.26832812e-08,1.85760938e-01
-3.26432812e-08,1.85485938e-01
-3.26032812e-08,1.85251562e-01
-3.25632812e-08,1.85323438e-01
-3.25232813e-08,1.85285937e-01
-3.24832812e-08,1.85309375e-01
-3.24432812e-08,1.85293750e-01
-3.24032812e-08,1.85303125e-01
-3.23632812e-08,1.85298437e-01
-3.23232812e-08,1.85300000e-01
-3.22832812e-08,1.85301563e-01
-3.22432813e-08,1.85298437e-01
-3.22032812e-08,1.85303125e-01
-3.21632812e-08,1.85295313e-01
-3.21232812e-08,1.85304688e-01
-3.20832812e-08,1.85293750e-01
-3.20432812e-08,1.85307813e-01
-3.20032812e-08,1.85292188e-01
-3.19632813e-08,1.85309375e-01
-3.19232812e-08,1.85287500e-01
-3.18832812e-08,1.85314063e-01
-3.18432812e-08,1.85282813e-01
-3.18032812e-08,1.85323438e-01
-3.17632812e-08,1.85267188e-01
-3.17232813e-08,1.85357812e-01
-3.16832813e-08,1.85089063e-01
-3.16432812e-08,1.84850000e-01
-3.16032812e-08,1.84926563e-01
-3.15632812e-08,1.84884375e-01
-3.15232812e-08,1.84910938e-01
-3.14832812e-08,1.84892187e-01
-3.14432813e-08,1.84904687e-01
-3.14032813e-08,1.84896875e-01
-3.13632812e-08,1.84901563e-01
-3.13232812e-08,1.84900000e-01
-3.12832812e-08,1.84898438e-01
-3.12432812e-08,1.84903125e-01
-3.12032812e-08,1.84895313e-01
-3.11632813e-08,1.84906250e-01
-3.11232813e-08,1.84892187e-01
-3.10832812e-08,1.84910938e-01
-3.10432812e-08,1.84885938e-01
-3.10032812e-08,1.84920313e-01
-3.09632812e-08,1.84870312e-01
-3.09232812e-08,1.84956250e-01
-3.08832813e-08,1.84690625e-01
-3.08432812e-08,1.84446875e-01
-3.08032812e-08,1.84528125e-01
-3.07632812e-08,1.84481250e-01
-3.07232812e-08,1.84512500e-01
-3.06832812e-08,1.84490625e-01
-3.06432812e-08,1.84506250e-01
-3.06032813e-08,1.84496875e-01
-3.05632812e-08,1.84500000e-01
-3.05232812e-08,1.84503125e-01
-3.04832812e-08,1.84493750e-01
-3.04432812e-08,1.84512500e-01
-3.04032812e-08,1.84476562e-01
-3.03632812e-08,1.84548437e-01
-3.03232813e-08,1.84298437e-01
-3.02832812e-08,1.84039063e-01
-3.02432812e-08,1.84135938e-01
-3.02032812e-08,1.84073437e-01
-3.01632812e-08,1.84121875e-01
-3.01232812e-08,1.84081250e-01
-3.00832812e-08,1.84115625e-01
-3.00432813e-08,1.84085938e-01
-3.00032812e-08,1.84112500e-01
-2.99632812e-08,1.84087500e-01
-2.99232812e-08,1.84110938e-01
-2.98832812e-08,1.84089063e-01
-2.98432812e-08,1.84109375e-01
-2.98032813e-08,1.84090625e-01
-2.97632812e-08,1.84109375e-01
-2.97232812e-08,1.84090625e-01
-2.96832812e-08,1.84109375e-01
-2.96432812e-08,1.84092188e-01
-2.96032812e-08,1.84107812e-01
-2.95632812e-08,1.84092188e-01
-2.95232812e-08,1.84107812e-01
-2.94832812e-08,1.84092188e-01
-2.94432812e-08,1.84107812e-01
-2.94032812e-08,1.84092188e-01
-2.93632812e-08,1.84107812e-01
-2.93232812e-08,1.84090625e-01
-2.92832812e-08,1.84109375e-01
-2.92432812e-08,1.84090625e-01
-2.92032812e-08,1.84110938e-01
-2.91632812e-08,1.84089063e-01
-2.91232812e-08,1.84112500e-01
-2.90832812e-08,1.84085938e-01
-2.90432812e-08,1.84117188e-01
-2.90032812e-08,1.84078125e-01
-2.89632812e-08,1.84131250e-01
-2.89232812e-08,1.84043750e-01
-2.88832812e-08,1.84309375e-01
-2.88432812e-08,1.84553125e-01
-2.88032812e-08,1.84470313e-01
-2.87632812e-08,1.84520313e-01
-2.87232812e-08,1.84484375e-01
-2.86832812e-08,1.84512500e-01
-2.86432812e-08,1.84489062e-01
-2.86032812e-08,1.84509375e-01
-2.85632812e-08,1.84492188e-01
-2.85232812e-08,1.84507813e-01
-2.84832812e-08,1.84493750e-01
-2.84432812e-08,1.84506250e-01
-2.84032812e-08,1.84493750e-01
-2.83632812e-08,1.84506250e-01
-2.83232812e-08,1.84493750e-01
-2.82832812e-08,1.84504688e-01
-2.82432812e-08,1.84495313e-01
-2.82032812e-08,1.84504688e-01
-2.81632812e-08,1.84495313e-01
-2.81232812e-08,1.84504688e-01
-2.80832812e-08,1.84495313e-01
-2.80432812e-08,1.84504688e-01
-2.80032812e-08,1.84495313e-01
-2.79632812e-08,1.84504688e-01
-2.79232812e-08,1.84493750e-01
-2.78832812e-08,1.84506250e-01
-2.78432812e-08,1.84493750e-01
-2.78032812e-08,1.84506250e-01
-2.77632812e-08,1.84493750e-01
-2.77232812e-08,1.84506250e-01
-2.76832812e-08,1.84493750e-01
-2.76432812e-08,1.84507813e-01
-2.76032812e-08,1.84492188e-01
-2.75632812e-08,1.84507813e-01
-2.75232812e-08,1.84492188e-01
-2.74832812e-08,1.84509375e-01
-2.74432812e-08,1.84490625e-01
-2.74032812e-08,1.84510937e-01
-2.73632812e-08,1.84489062e-01
-2.73232812e-08,1.84512500e-01
-2.72832812e-08,1.84485938e-01
-2.72432812e-08,1.84517188e-01
-2.72032812e-08,1.84479688e-01
-2.71632812e-08,1.84525000e-01
-2.71232812e-08,1.84464062e-01
-2.70832812e-08,1.84560937e-01
-2.70432812e-08,1.84285937e-01
-2.70032812e-08,1.84053125e-01
-2.69632812e-08,1.84123438e-01
-2.69232812e-08,1.84087500e-01
-2.68832812e-08,1.84106250e-01
-2.68432812e-08,1.84098438e-01
-2.68032812e-08,1.84098438e-01
-2.67632812e-08,1.84106250e-01
-2.67232812e-08,1.84087500e-01
-2.66832812e-08,1.84123438e-01
-2.66432812e-08,1.84051563e-01
-2.66032812e-08,1.84301563e-01
-2.65632812e-08,1.84559375e-01
-2.65232812e-08,1.84464062e-01
-2.64832812e-08,1.84525000e-01
-2.64432812e-08,1.84479688e-01
-2.64032812e-08,1.84517188e-01
-2.63632812e-08,1.84484375e-01
-2.63232812e-08,1.84514063e-01
-2.62832812e-08,1.84487500e-01
-2.62432812e-08,1.84512500e-01
-2.62032812e-08,1.84489062e-01
-2.61632812e-08,1.84510937e-01
-2.61232812e-08,1.84489062e-01
-2.60832812e-08,1.84510937e-01
-2.60432812e-08,1.84487500e-01
-2.60032812e-08,1.84512500e-01
-2.59632812e-08,1.84485938e-01
-2.59232812e-08,1.84517188e-01
-2.58832812e-08,1.84478125e-01
-2.58432812e-08,1.84531250e-01
-2.58032812e-08,1.84445313e-01
-2.57632812e-08,1.84707813e-01
-2.57232812e-08,1.84954687e-01
-2.56832812e-08,1.84868750e-01
-2.56432812e-08,1.84923438e-01
-2.56032812e-08,1.84881250e-01
-2.55632812e-08,1.84915625e-01
-2.55232812e-08,1.84885938e-01
-2.54832812e-08,1.84914063e-01
-2.54432812e-08,1.84885938e-01
-2.54032812e-08,1.84914063e-01
-2.53632812e-08,1.84885938e-01
-2.53232812e-08,1.84914063e-01
-2.52832812e-08,1.84884375e-01
-2.52432812e-08,1.84917187e-01
-2.52032812e-08,1.84879688e-01
-2.51632812e-08,1.84923438e-01
-2.51232812e-08,1.84871875e-01
-2.50832812e-08,1.84939063e-01
-2.50432812e-08,1.84834375e-01
-2.50032813e-08,1.85120312e-01
-2.49632812e-08,1.85339063e-01
-2.49232812e-08,1.85290625e-01
-2.48832812e-08,1.85290625e-01
-2.48432812e-08,1.85339063e-01
-2.48032812e-08,1.85106250e-01
-2.47632812e-08,1.84834375e-01
-2.47232812e-08,1.84940625e-01
-2.46832812e-08,1.84868750e-01
-2.46432812e-08,1.84925000e-01
-2.46032812e-08,1.84878125e-01
-2.45632812e-08,1.84918750e-01
-2.45232812e-08,1.84882812e-01
-2.44832812e-08,1.84917187e-01
-2.44432812e-08,1.84884375e-01
-2.44032812e-08,1.84915625e-01
-2.43632812e-08,1.84884375e-01
-2.43232812e-08,1.84915625e-01
-2.42832812e-08,1.84882812e-01
-2.42432812e-08,1.84918750e-01
-2.42032812e-08,1.84879688e-01
-2.41632812e-08,1.84925000e-01
-2.41232812e-08,1.84865625e-01
-2.40832812e-08,1.84959375e-01
-2.40432813e-08,1.84687500e-01
-2.40032812e-08,1.84450000e-01
-2.39632812e-08,1.84526563e-01
-2.39232812e-08,1.84481250e-01
-2.38832812e-08,1.84514063e-01
-2.38432812e-08,1.84489062e-01
-2.38032812e-08,1.84509375e-01
-2.37632812e-08,1.84492188e-01
-2.37232812e-08,1.84506250e-01
-2.36832812e-08,1.84493750e-01
-2.36432812e-08,1.84506250e-01
-2.36032812e-08,1.84495313e-01
-2.35632812e-08,1.84504688e-01
-2.35232812e-08,1.84495313e-01
-2.34832812e-08,1.84504688e-01
-2.34432812e-08,1.84495313e-01
-2.34032812e-08,1.84504688e-01
-2.33632812e-08,1.84495313e-01
-2.33232812e-08,1.84504688e-01
-2.32832812e-08,1.84495313e-01
-2.32432812e-08,1.84506250e-01
-2.32032812e-08,1.84493750e-01
-2.31632812e-08,1.84506250e-01
-2.31232812e-08,1.84493750e-01
-2.30832813e-08,1.84506250e-01
-2.30432812e-08,1.84492188e-01
-2.30032812e-08,1.84507813e-01
-2.29632812e-08,1.84490625e-01
-2.29232812e-08,1.84509375e-01
-2.28832812e-08,1.84489062e-01
-2.28432812e-08,1.84512500e-01
-2.28032813e-08,1.84485938e-01
-2.27632812e-08,1.84517188e-01
-2.27232812e-08,1.84476562e-01
-2.26832812e-08,1.84532813e-01
-2.26432812e-08,1.84442188e-01
-2.26032812e-08,1.84710938e-01
-2.25632812e-08,1.84950000e-01
-2.25232812e-08,1.84873438e-01
-2.24832812e-08,1.84917187e-01
-2.24432812e-08,1.84887500e-01
-2.24032812e-08,1.84907813e-01
-2.23632812e-08,1.84893750e-01
-2.23232812e-08,1.84904687e-01
-2.22832812e-08,1.84896875e-01
-2.22432812e-08,1.84900000e-01
-2.22032812e-08,1.84901563e-01
-2.21632812e-08,1.84896875e-01
-2.21232813e-08,1.84904687e-01
-2.20832812e-08,1.84893750e-01
-2.20432812e-08,1.84910938e-01
-2.20032812e-08,1.84884375e-01
-2.19632812e-08,1.84925000e-01
-2.19232812e-08,1.84850000e-01
-2.18832812e-08,1.85104688e-01
-2.18432813e-08,1.85357812e-01
-2.18032812e-08,1.85265625e-01
-2.17632812e-08,1.85325000e-01
-2.17232812e-08,1.85281250e-01
-2.16832812e-08,1.85315625e-01
-2.16432812e-08,1.85285937e-01
-2.16032812e-08,1.85312500e-01
-2.15632812e-08,1.85289063e-01
-2.15232812e-08,1.85310937e-01
-2.14832812e-08,1.85290625e-01
-2.14432812e-08,1.85309375e-01
-2.14032812e-08,1.85290625e-01
-2.13632812e-08,1.85307813e-01
-2.13232812e-08,1.85292188e-01
-2.12832812e-08,1.85307813e-01
-2.12432812e-08,1.85292188e-01
-2.12032812e-08,1.85307813e-01
-2.11632813e-08,1.85292188e-01
-2.11232812e-08,1.85307813e-01
-2.10832812e-08,1.85292188e-01
-2.10432812e-08,1.85307813e-01
-2.10032812e-08,1.85292188e-01
-2.09632812e-08,1.85307813e-01
-2.09232812e-08,1.85292188e-01
-2.08832813e-08,1.85309375e-01
-2.08432812e-08,1.85290625e-01
-2.08032812e-08,1.85310937e-01
-2.07632812e-08,1.85289063e-01
-2.07232812e-08,1.85312500e-01
-2.06832812e-08,1.85284375e-01
-2.06432812e-08,1.85320313e-01
-2.06032812e-08,1.85270313e-01
-2.05632812e-08,1.85354688e-01
-2.05232812e-08,1.85092188e-01
-2.04832813e-08,1.84845312e-01
-2.04432812e-08,1.84931250e-01
-2.04032812e-08,1.84878125e-01
-2.03632812e-08,1.84917187e-01
-2.03232812e-08,1.84885938e-01
-2.02832812e-08,1.84912500e-01
-2.02432812e-08,1.84887500e-01
-2.02032813e-08,1.84910938e-01
-2.01632812e-08,1.84889063e-01
-2.01232812e-08,1.84910938e-01
-2.00832812e-08,1.84889063e-01
-2.00432812e-08,1.84912500e-01
-2.00032812e-08,1.84885938e-01
-1.99632812e-08,1.84915625e-01
-1.99232813e-08,1.84881250e-01
-1.98832812e-08,1.84923438e-01
-1.98432812e-08,1.84867188e-01
-1.98032812e-08,1.84957813e-01
-1.97632812e-08,1.84690625e-01
-1.97232812e-08,1.84448438e-01
-1.96832812e-08,1.84528125e-01
-1.96432813e-08,1.84481250e-01
-1.96032812e-08,1.84514063e-01
-1.95632812e-08,1.84489062e-01
-1.95232813e-08,1.84509375e-01
-1.94832812e-08,1.84492188e-01
-1.94432812e-08,1.84507813e-01
-1.94032812e-08,1.84493750e-01
-1.93632812e-08,1.84506250e-01
-1.93232812e-08,1.84493750e-01
-1.92832812e-08,1.84506250e-01
-1.92432813e-08,1.84493750e-01
-1.92032812e-08,1.84506250e-01
-1.91632812e-08,1.84493750e-01
-1.91232812e-08,1.84506250e-01
-1.90832812e-08,1.84492188e-01
-1.90432812e-08,1.84507813e-01
-1.90032812e-08,1.84490625e-01
-1.89632813e-08,1.84512500e-01
-1.89232812e-08,1.84482813e-01
-1.88832812e-08,1.84526563e-01
-1.88432812e-08,1.84450000e-01
-1.88032812e-08,1.84703125e-01
-1.87632812e-08,1.84959375e-01
-1.87232812e-08,1.84864063e-01
-1.86832813e-08,1.84928125e-01
-1.86432812e-08,1.84876563e-01
-1.86032812e-08,1.84921875e-01
-1.85632813e-08,1.84878125e-01
-1.85232812e-08,1.84921875e-01
-1.84832812e-08,1.84878125e-01
-1.84432812e-08,1.84925000e-01
-1.84032812e-08,1.84870312e-01
-1.83632812e-08,1.84939063e-01
-1.83232812e-08,1.84835938e-01
-1.82832813e-08,1.85117188e-01
-1.82432812e-08,1.85345312e-01
-1.82032812e-08,1.85278125e-01
-1.81632812e-08,1.85312500e-01
-1.81232812e-08,1.85293750e-01
-1.80832812e-08,1.85303125e-01
-1.80432812e-08,1.85300000e-01
-1.80032813e-08,1.85298437e-01
-1.79632812e-08,1.85303125e-01
-1.79232812e-08,1.85293750e-01
-1.78832812e-08,1.85307813e-01
-1.78432812e-08,1.85289063e-01
-1.78032812e-08,1.85314063e-01
-1.77632812e-08,1.85279688e-01
-1.77232813e-08,1.85329688e-01
-1.76832812e-08,1.85245313e-01
-1.76432812e-08,1.85509375e-01
-1.76032813e-08,1.85753125e-01
-1.75632812e-08,1.85671875e-01
-1.75232812e-08,1.85718750e-01
-1.74832812e-08,1.85685938e-01
-1.74432813e-08,1.85709375e-01
-1.74032812e-08,1.85692187e-01
-1.73632812e-08,1.85704688e-01
-1.73232813e-08,1.85696875e-01
-1.72832812e-08,1.85701563e-01
-1.72432812e-08,1.85700000e-01
-1.72032812e-08,1.85696875e-01
-1.71632812e-08,1.85704688e-01
-1.71232812e-08,1.85690625e-01
-1.70832812e-08,1.85714062e-01
-1.70432813e-08,1.85676563e-01
-1.70032812e-08,1.85750000e-01
-1.69632812e-08,1.85496875e-01
-1.69232812e-08,1.85240625e-01
-1.68832812e-08,1.85334375e-01
-1.68432812e-08,1.85275000e-01
-1.68032812e-08,1.85320313e-01
-1.67632813e-08,1.85282813e-01
-1.67232812e-08,1.85315625e-01
-1.66832812e-08,1.85285937e-01
-1.66432813e-08,1.85312500e-01
-1.66032812e-08,1.85289063e-01
-1.65632812e-08,1.85310937e-01
-1.65232812e-08,1.85290625e-01
-1.64832813e-08,1.85309375e-01
-1.64432812e-08,1.85292188e-01
-1.64032812e-08,1.85307813e-01
-1.63632813e-08,1.85292188e-01
-1.63232812e-08,1.85307813e-01
-1.62832812e-08,1.85293750e-01
-1.62432812e-08,1.85306250e-01
-1.62032812e-08,1.85293750e-01
-1.61632812e-08,1.85306250e-01
-1.61232812e-08,1.85293750e-01
-1.60832813e-08,1.85306250e-01
-1.60432812e-08,1.85293750e-01
-1.60032812e-08,1.85304688e-01
-1.59632812e-08,1.85295313e-01
-1.59232812e-08,1.85304688e-01
-1.58832812e-08,1.85295313e-01
-1.58432812e-08,1.85304688e-01
-1.58032813e-08,1.85295313e-01
-1.57632812e-08,1.85304688e-01
-1.57232812e-08,1.85295313e-01
-1.56832813e-08,1.85304688e-01
-1.56432812e-08,1.85295313e-01
-1.56032812e-08,1.85304688e-01
-1.55632812e-08,1.85295313e-01
-1.55232813e-08,1.85303125e-01
-1.54832812e-08,1.85296875e-01
-1.54432812e-08,1.85303125e-01
-1.54032813e-08,1.85296875e-01
-1.53632812e-08,1.85303125e-01
-1.53232812e-08,1.85296875e-01
-1.52832812e-08,1.85303125e-01
-1.52432813e-08,1.85296875e-01
-1.52032812e-08,1.85303125e-01
-1.51632812e-08,1.85296875e-01
-1.51232813e-08,1.85303125e-01
-1.50832812e-08,1.85296875e-01
-1.50432812e-08,1.85303125e-01
-1.50032812e-08,1.85296875e-01
-1.49632812e-08,1.85303125e-01
-1.49232812e-08,1.85296875e-01
-1.48832812e-08,1.85303125e-01
-1.48432812e-08,1.85296875e-01
-1.48032812e-08,1.85303125e-01
-1.47632812e-08,1.85296875e-01
-1.47232812e-08,1.85303125e-01
-1.46832812e-08,1.85296875e-01
-1.46432812e-08,1.85303125e-01
-1.46032812e-08,1.85296875e-01
-1.45632812e-08,1.85303125e-01
-1.45232812e-08,1.85296875e-01
-1.44832812e-08,1.85303125e-01
-1.44432812e-08,1.85298437e-01
-1.44032812e-08,1.85303125e-01
-1.43632812e-08,1.85298437e-01
-1.43232812e-08,1.85301563e-01
-1.42832812e-08,1.85298437e-01
-1.42432812e-08,1.85301563e-01
-1.42032812e-08,1.85298437e-01
-1.41632812e-08,1.85301563e-01
-1.41232812e-08,1.85298437e-01
-1.40832812e-08,1.85301563e-01
-1.40432812e-08,1.85298437e-01
-1.40032812e-08,1.85301563e-01
-1.39632812e-08,1.85298437e-01
-1.39232812e-08,1.85301563e-01
-1.38832812e-08,1.85298437e-01
-1.38432812e-08,1.85301563e-01
-1.38032812e-08,1.85298437e-01
-1.37632812e-08,1.85301563e-01
-1.37232812e-08,1.85298437e-01
-1.36832812e-08,1.85301563e-01
-1.36432812e-08,1.85298437e-01
-1.36032812e-08,1.85301563e-01
-1.35632812e-08,1.85298437e-01
-1.35232812e-08,1.85301563e-01
-1.34832812e-08,1.85298437e-01
-1.34432812e-08,1.85301563e-01
-1.34032812e-08,1.85298437e-01
-1.33632812e-08,1.85301563e-01
-1.33232812e-08,1.85298437e-01
-1.32832812e-08,1.85301563e-01
-1.32432812e-08,1.85298437e-01
-1.32032812e-08,1.85301563e-01
-1.31632812e-08,1.85298437e-01
-1.31232812e-08,1.85301563e-01
-1.30832812e-08,1.85298437e-01
-1.30432812e-08,1.85301563e-01
-1.30032812e-08,1.85298437e-01
-1.29632812e-08,1.85301563e-01
-1.29232812e-08,1.85298437e-01
-1.28832812e-08,1.85301563e-01
-1.28432812e-08,1.85298437e-01
-1.28032813e-08,1.85301563e-01
-1.27632812e-08,1.85298437e-01
-1.27232812e-08,1.85301563e-01
-1.26832812e-08,1.85298437e-01
-1.26432812e-08,1.85301563e-01
-1.26032812e-08,1.85298437e-01
-1.25632812e-08,1.85301563e-01
-1.25232812e-08,1.85298437e-01
-1.24832812e-08,1.85300000e-01
-1.24432812e-08,1.85300000e-01
-1.24032812e-08,1.85300000e-01
-1.23632812e-08,1.85298437e-01
-1.23232813e-08,1.85300000e-01
-1.22832812e-08,1.85300000e-01
-1.22432812e-08,1.85300000e-01
-1.22032812e-08,1.85300000e-01
-1.21632812e-08,1.85300000e-01
-1.21232812e-08,1.85300000e-01
-1.20832812e-08,1.85300000e-01
-1.20432812e-08,1.85300000e-01
-1.20032812e-08,1.85300000e-01
-1.19632812e-08,1.85300000e-01
-1.19232812e-08,1.85300000e-01
-1.18832812e-08,1.85300000e-01
-1.18432813e-08,1.85300000e-01
-1.18032812e-08,1.85300000e-01
-1.17632812e-08,1.85300000e-01
-1.17232812e-08,1.85300000e-01
-1.16832812e-08,1.85300000e-01
-1.16432812e-08,1.85300000e-01
-1.16032812e-08,1.85300000e-01
-1.15632812e-08,1.85300000e-01
-1.15232812e-08,1.85300000e-01
-1.14832812e-08,1.85300000e-01
-1.14432812e-08,1.85300000e-01
-1.14032812e-08,1.85300000e-01
-1.13632813e-08,1.85300000e-01
-1.13232812e-08,1.85300000e-01
-1.12832812e-08,1.85300000e-01
-1.12432812e-08,1.85300000e-01
-1.12032812e-08,1.85300000e-01
-1.11632812e-08,1.85300000e-01
-1.11232812e-08,1.85300000e-01
-1.10832812e-08,1.85300000e-01
-1.10432812e-08,1.85300000e-01
-1.10032812e-08,1.85300000e-01
-1.09632812e-08,1.85298437e-01
-1.09232812e-08,1.85301563e-01
-1.08832813e-08,1.85298437e-01
-1.08432812e-08,1.85301563e-01
-1.08032812e-08,1.85298437e-01
-1.07632812e-08,1.85301563e-01
-1.07232812e-08,1.85298437e-01
-1.06832812e-08,1.85301563e-01
-1.06432812e-08,1.85298437e-01
-1.06032812e-08,1.85301563e-01
-1.05632812e-08,1.85296875e-01
-1.05232812e-08,1.85303125e-01
-1.04832812e-08,1.85296875e-01
-1.04432812e-08,1.85303125e-01
-1.04032813e-08,1.85295313e-01
-1.03632812e-08,1.85304688e-01
-1.03232812e-08,1.85293750e-01
-1.02832812e-08,1.85307813e-01
-1.02432812e-08,1.85290625e-01
-1.02032812e-08,1.85312500e-01
-1.01632812e-08,1.85282813e-01
-1.01232813e-08,1.85326563e-01
-1.00832812e-08,1.85250000e-01
-1.00432812e-08,1.85503125e-01
-1.00032812e-08,1.85759375e-01
-9.96328125e-09,1.85662500e-01
-9.92328125e-09,1.85729688e-01
-9.88328125e-09,1.85673438e-01
-9.84328125e-09,1.85725000e-01
-9.80328125e-09,1.85671875e-01
-9.76328125e-09,1.85735938e-01
-9.72328125e-09,1.85640625e-01
-9.68328125e-09,1.85910938e-01
-9.64328125e-09,1.86153125e-01
-9.60328125e-09,1.86070313e-01
-9.56328125e-09,1.86121875e-01
-9.52328125e-09,1.86079688e-01
-9.48328125e-09,1.86120312e-01
-9.44328125e-09,1.86076563e-01
-9.40328125e-09,1.86131250e-01
-9.36328125e-09,1.86045313e-01
-9.32328125e-09,1.86306250e-01
-9.28328125e-09,1.86557813e-01
-9.24328125e-09,1.86465625e-01
-9.20328125e-09,1.86528125e-01
-9.16328125e-09,1.86475000e-01
-9.12328125e-09,1.86525000e-01
-9.08328125e-09,1.86471875e-01
-9.04328125e-09,1.86535937e-01
-9.00328125e-09,1.86439063e-01
-8.96328125e-09,1.86712500e-01
-8.92328125e-09,1.86950000e-01
-8.88328125e-09,1.86873438e-01
-8.84328125e-09,1.86918750e-01
-8.80328125e-09,1.86885938e-01
-8.76328125e-09,1.86910938e-01
-8.72328125e-09,1.86890625e-01
-8.68328125e-09,1.86907812e-01
-8.64328125e-09,1.86892188e-01
-8.60328125e-09,1.86906250e-01
-8.56328125e-09,1.86893750e-01
-8.52328125e-09,1.86906250e-01
-8.48328125e-09,1.86893750e-01
-8.44328125e-09,1.86906250e-01
-8.40328125e-09,1.86893750e-01
-8.36328125e-09,1.86906250e-01
-8.32328125e-09,1.86893750e-01
-8.28328125e-09,1.86906250e-01
-8.24328125e-09,1.86893750e-01
-8.20328125e-09,1.86906250e-01
-8.16328125e-09,1.86893750e-01
-8.12328125e-09,1.86906250e-01
-8.08328125e-09,1.86893750e-01
-8.04328125e-09,1.86906250e-01
-8.00328125e-09,1.86893750e-01
-7.96328125e-09,1.86907812e-01
-7.92328125e-09,1.86892188e-01
-7.88328125e-09,1.86907812e-01
-7.84328125e-09,1.86890625e-01
-7.80328125e-09,1.86909375e-01
-7.76328125e-09,1.86889063e-01
-7.72328125e-09,1.86912500e-01
-7.68328125e-09,1.86885938e-01
-7.64328125e-09,1.86915625e-01
-7.60328125e-09,1.86881250e-01
-7.56328125e-09,1.86925000e-01
-7.52328125e-09,1.86865625e-01
-7.48328125e-09,1.86959375e-01
-7.44328125e-09,1.86685938e-01
-7.40328125e-09,1.86451563e-01
-7.36328125e-09,1.86523438e-01
-7.32328125e-09,1.86487500e-01
-7.28328125e-09,1.86506250e-01
-7.24328125e-09,1.86498438e-01
-7.20328125e-09,1.86496875e-01
-7.16328125e-09,1.86509375e-01
-7.12328125e-09,1.86479688e-01
-7.08328125e-09,1.86545313e-01
-7.04328125e-09,1.86301563e-01
-7.00328125e-09,1.86035937e-01
-6.96328125e-09,1.86140625e-01
-6.92328125e-09,1.86068750e-01
-6.88328125e-09,1.86128125e-01
-6.84328125e-09,1.86073437e-01
-6.80328125e-09,1.86129688e-01
-6.76328125e-09,1.86062500e-01
-6.72328125e-09,1.86159375e-01
-6.68328125e-09,1.85889063e-01
-6.64328125e-09,1.85646875e-01
-6.60328125e-09,1.85731250e-01
-6.56328125e-09,1.85676563e-01
-6.52328125e-09,1.85721875e-01
-6.48328125e-09,1.85678125e-01
-6.44328125e-09,1.85726562e-01
-6.40328125e-09,1.85665625e-01
-6.36328125e-09,1.85759375e-01
-6.32328125e-09,1.85487500e-01
-6.28328125e-09,1.85250000e-01
-6.24328125e-09,1.85325000e-01
-6.20328125e-09,1.85284375e-01
-6.16328125e-09,1.85309375e-01
-6.12328125e-09,1.85295313e-01
-6.08328125e-09,1.85300000e-01
-6.04328125e-09,1.85306250e-01
-6.00328125e-09,1.85282813e-01
-5.96328125e-09,1.85342188e-01
-5.92328125e-09,1.85104688e-01
-5.88328125e-09,1.84832812e-01
-5.84328125e-09,1.84943750e-01
-5.80328125e-09,1.84865625e-01
-5.76328125e-09,1.84929687e-01
-5.72328125e-09,1.84871875e-01
-5.68328125e-09,1.84928125e-01
-5.64328125e-09,1.84870312e-01
-5.60328125e-09,1.84932813e-01
-5.56328125e-09,1.84857812e-01
-5.52328125e-09,1.84965625e-01
-5.48328125e-09,1.84681250e-01
-5.44328125e-09,1.84454688e-01
-5.40328125e-09,1.84521875e-01
-5.36328125e-09,1.84487500e-01
-5.32328125e-09,1.84507813e-01
-5.28328125e-09,1.84493750e-01
-5.24328125e-09,1.84504688e-01
-5.20328125e-09,1.84496875e-01
-5.16328125e-09,1.84501562e-01
-5.12328125e-09,1.84498438e-01
-5.08328125e-09,1.84501562e-01
-5.04328125e-09,1.84498438e-01
-5.00328125e-09,1.84501562e-01
-4.96328125e-09,1.84500000e-01
-4.92328125e-09,1.84500000e-01
-4.88328125e-09,1.84500000e-01
-4.84328125e-09,1.84501562e-01
-4.80328125e-09,1.84498438e-01
-4.76328125e-09,1.84501562e-01
-4.72328125e-09,1.84498438e-01
-4.68328125e-09,1.84501562e-01
-4.64328125e-09,1.84498438e-01
-4.60328125e-09,1.84501562e-01
-4.56328125e-09,1.84496875e-01
-4.52328125e-09,1.84503125e-01
-4.48328125e-09,1.84495313e-01
-4.44328125e-09,1.84504688e-01
-4.40328125e-09,1.84493750e-01
-4.36328125e-09,1.84507813e-01
-4.32328125e-09,1.84490625e-01
-4.28328125e-09,1.84512500e-01
-4.24328125e-09,1.84481250e-01
-4.20328125e-09,1.84528125e-01
-4.16328125e-09,1.84446875e-01
-4.12328125e-09,1.84706250e-01
-4.08328125e-09,1.84956250e-01
-4.04328125e-09,1.84868750e-01
-4.00328125e-09,1.84921875e-01
-3.96328125e-09,1.84884375e-01
-3.92328125e-09,1.84912500e-01
-3.88328125e-09,1.84890625e-01
-3.84328125e-09,1.84904687e-01
-3.80328125e-09,1.84898438e-01
-3.76328125e-09,1.84895313e-01
-3.72328125e-09,1.84914063e-01
-3.68328125e-09,1.84860938e-01
-3.64328125e-09,1.85092188e-01
-3.60328125e-09,1.85370312e-01
-3.56328125e-09,1.85253125e-01
-3.52328125e-09,1.85339063e-01
-3.48328125e-09,1.85265625e-01
-3.44328125e-09,1.85332812e-01
-3.40328125e-09,1.85267188e-01
-3.36328125e-09,1.85334375e-01
-3.32328125e-09,1.85260938e-01
-3.28328125e-09,1.85348438e-01
-3.24328125e-09,1.85228125e-01
-3.20328125e-09,1.85525000e-01
-3.16328125e-09,1.85737500e-01
-3.12328125e-09,1.85685938e-01
-3.08328125e-09,1.85704688e-01
-3.04328125e-09,1.85701563e-01
-3.00328125e-09,1.85695313e-01
-2.96328125e-09,1.85706250e-01
-2.92328125e-09,1.85690625e-01
-2.88328125e-09,1.85710938e-01
-2.84328125e-09,1.85685938e-01
-2.80328125e-09,1.85718750e-01
-2.76328125e-09,1.85676563e-01
-2.72328125e-09,1.85732813e-01
-2.68328125e-09,1.85640625e-01
-2.64328125e-09,1.85912500e-01
-2.60328125e-09,1.86150000e-01
-2.56328125e-09,1.86073437e-01
-2.52328125e-09,1.86115625e-01
-2.48328125e-09,1.86089063e-01
-2.44328125e-09,1.86107812e-01
-2.40328125e-09,1.86093750e-01
-2.36328125e-09,1.86104688e-01
-2.32328125e-09,1.86096875e-01
-2.28328125e-09,1.86101563e-01
-2.24328125e-09,1.86100000e-01
-2.20328125e-09,1.86100000e-01
-2.16328125e-09,1.86100000e-01
-2.12328125e-09,1.86098438e-01
-2.08328125e-09,1.86101563e-01
-2.04328125e-09,1.86096875e-01
-2.00328125e-09,1.86103125e-01
-1.96328125e-09,1.86096875e-01
-1.92328125e-09,1.86104688e-01
-1.88328125e-09,1.86095312e-01
-1.84328125e-09,1.86106250e-01
-1.80328125e-09,1.86093750e-01
-1.76328125e-09,1.86107812e-01
-1.72328125e-09,1.86090625e-01
-1.68328125e-09,1.86110938e-01
-1.64328125e-09,1.86087500e-01
-1.60328125e-09,1.86115625e-01
-1.56328125e-09,1.86078125e-01
-1.52328125e-09,1.86131250e-01
-1.48328125e-09,1.86043750e-01
-1.44328125e-09,1.86309375e-01
-1.40328125e-09,1.86553125e-01
-1.36328125e-09,1.86470313e-01
-1.32328125e-09,1.86518750e-01
-1.28328125e-09,1.86485938e-01
-1.24328125e-09,1.86510938e-01
-1.20328125e-09,1.86490625e-01
-1.16328125e-09,1.86507813e-01
-1.12328125e-09,1.86493750e-01
-1.08328125e-09,1.86504688e-01
-1.04328125e-09,1.86495313e-01
-1.00328125e-09,1.86504688e-01
-9.63281250e-10,1.86496875e-01
-9.23281250e-10,1.86503125e-01
-8.83281250e-10,1.86496875e-01
-8.43281250e-10,1.86501562e-01
-8.03281250e-10,1.86498438e-01
-7.63281250e-10,1.86501562e-01
-7.23281250e-10,1.86498438e-01
-6.83281250e-10,1.86501562e-01
-6.43281250e-10,1.86500000e-01
-6.03281250e-10,1.86500000e-01
-5.63281250e-10,1.86500000e-01
-5.23281250e-10,1.86500000e-01
-4.83281250e-10,1.86500000e-01
-4.43281250e-10,1.86498438e-01
-4.03281250e-10,1.86501562e-01
-3.63281250e-10,1.86498438e-01
-3.23281250e-10,1.86501562e-01
-2.83281250e-10,1.86498438e-01
-2.43281250e-10,1.86503125e-01
-2.03281250e-10,1.86496875e-01
-1.63281250e-10,1.86503125e-01
-1.23281250e-10,1.86495313e-01
-8.32812500e-11,1.86504688e-01
-4.32812500e-11,1.86493750e-01
-3.28125000e-12,1.86506250e-01
3.67187500e-11,1.86492188e-01
7.67187500e-11,1.86509375e-01
1.16718750e-10,1.86489062e-01
1.56718750e-10,1.86514062e-01
1.96718750e-10,1.86479688e-01
2.36718750e-10,1.86529688e-01
2.76718750e-10,1.86445313e-01
3.16718750e-10,1.86707813e-01
3.56718750e-10,1.86954687e-01
3.96718750e-10,1.86868750e-01
4.36718750e-10,1.86921875e-01
4.76718750e-10,1.86884375e-01
5.16718750e-10,1.86912500e-01
5.56718750e-10,1.86889063e-01
5.96718750e-10,1.86909375e-01
6.36718750e-10,1.86892188e-01
6.76718750e-10,1.86907812e-01
7.16718750e-10,1.86893750e-01
7.56718750e-10,1.86906250e-01
7.96718750e-10,1.86895313e-01
8.36718750e-10,1.86904687e-01
8.76718750e-10,1.86895313e-01
9.16718750e-10,1.86904687e-01
9.56718750e-10,1.86896875e-01
9.96718750e-10,1.86903125e-01
1.03671875e-09,1.86896875e-01
1.07671875e-09,1.86903125e-01
1.11671875e-09,1.86896875e-01
1.15671875e-09,1.86903125e-01
1.19671875e-09,1.86898438e-01
1.23671875e-09,1.86901563e-01
1.27671875e-09,1.86898438e-01
1.31671875e-09,1.86901563e-01
1.35671875e-09,1.86898438e-01
1.39671875e-09,1.86901563e-01
1.43671875e-09,1.86898438e-01
1.47671875e-09,1.86900000e-01
1.51671875e-09,1.86900000e-01
1.55671875e-09,1.86900000e-01
1.59671875e-09,1.86900000e-01
1.63671875e-09,1.86900000e-01
1.67671875e-09,1.86901563e-01
1.71671875e-09,1.86898438e-01
1.75671875e-09,1.86901563e-01
1.79671875e-09,1.86898438e-01
1.83671875e-09,1.86903125e-01
1.87671875e-09,1.86896875e-01
1.91671875e-09,1.86904687e-01
1.95671875e-09,1.86895313e-01
1.99671875e-09,1.86906250e-01
2.03671875e-09,1.86892188e-01
2.07671875e-09,1.86909375e-01
2.11671875e-09,1.86887500e-01
2.15671875e-09,1.86918750e-01
2.19671875e-09,1.86871875e-01
2.23671875e-09,1.86953125e-01
2.27671875e-09,1.86693750e-01
2.31671875e-09,1.86443750e-01
2.35671875e-09,1.86532813e-01
2.39671875e-09,1.86476562e-01
2.43671875e-09,1.86517188e-01
2.47671875e-09,1.86485938e-01
2.51671875e-09,1.86512500e-01
2.55671875e-09,1.86489062e-01
2.59671875e-09,1.86509375e-01
2.63671875e-09,1.86490625e-01
2.67671875e-09,1.86507813e-01
2.71671875e-09,1.86492188e-01
2.75671875e-09,1.86506250e-01
2.79671875e-09,1.86493750e-01
2.83671875e-09,1.86506250e-01
2.87671875e-09,1.86495313e-01
2.91671875e-09,1.86504688e-01
2.95671875e-09,1.86495313e-01
2.99671875e-09,1.86503125e-01
3.03671875e-09,1.86496875e-01
3.07671875e-09,1.86503125e-01
3.11671875e-09,1.86498438e-01
3.15671875e-09,1.86501562e-01
3.19671875e-09,1.86498438e-01
3.23671875e-09,1.86500000e-01
3.27671875e-09,1.86501562e-01
3.31671875e-09,1.86498438e-01
3.35671875e-09,1.86503125e-01
3.39671875e-09,1.86493750e-01
3.43671875e-09,1.86509375e-01
3.47671875e-09,1.86485938e-01
3.51671875e-09,1.86523438e-01
3.55671875e-09,1.86451563e-01
3.59671875e-09,1.86701563e-01
3.63671875e-09,1.86960938e-01
3.67671875e-09,1.86864063e-01
3.71671875e-09,1.86926563e-01
3.75671875e-09,1.86878125e-01
3.79671875e-09,1.86918750e-01
3.83671875e-09,1.86882812e-01
3.87671875e-09,1.86915625e-01
3.91671875e-09,1.86885938e-01
3.95671875e-09,1.86914063e-01
3.99671875e-09,1.86887500e-01
4.03671875e-09,1.86912500e-01
4.07671875e-09,1.86887500e-01
4.11671875e-09,1.86912500e-01
4.15671875e-09,1.86889063e-01
4.19671875e-09,1.86910938e-01
4.23671875e-09,1.86889063e-01
4.27671875e-09,1.86910938e-01
4.31671875e-09,1.86889063e-01
4.35671875e-09,1.86910938e-01
4.39671875e-09,1.86889063e-01
4.43671875e-09,1.86910938e-01
4.47671875e-09,1.86889063e-01
4.51671875e-09,1.86910938e-01
4.55671875e-09,1.86889063e-01
4.59671875e-09,1.86912500e-01
4.63671875e-09,1.86887500e-01
4.67671875e-09,1.86912500e-01
4.71671875e-09,1.86885938e-01
4.75671875e-09,1.86914063e-01
4.79671875e-09,1.86884375e-01
4.83671875e-09,1.86917187e-01
4.87671875e-09,1.86879688e-01
4.91671875e-09,1.86925000e-01
4.95671875e-09,1.86867188e-01
4.99671875e-09,1.86957813e-01
5.03671875e-09,1.86690625e-01
5.07671875e-09,1.86446875e-01
5.11671875e-09,1.86531250e-01
5.15671875e-09,1.86475000e-01
5.19671875e-09,1.86525000e-01
5.23671875e-09,1.86468750e-01
5.27671875e-09,1.86553125e-01
5.31671875e-09,1.86296875e-01
5.35671875e-09,1.86039063e-01
5.39671875e-09,1.86140625e-01
5.43671875e-09,1.86065625e-01
5.47671875e-09,1.86134375e-01
5.51671875e-09,1.86059375e-01
5.55671875e-09,1.86164063e-01
5.59671875e-09,1.85884375e-01
5.63671875e-09,1.85651563e-01
5.67671875e-09,1.85726562e-01
5.71671875e-09,1.85681250e-01
5.75671875e-09,1.85715625e-01
5.79671875e-09,1.85684375e-01
5.83671875e-09,1.85718750e-01
5.87671875e-09,1.85673438e-01
5.91671875e-09,1.85750000e-01
5.95671875e-09,1.85496875e-01
5.99671875e-09,1.85239062e-01
6.03671875e-09,1.85337500e-01
6.07671875e-09,1.85271875e-01
6.11671875e-09,1.85325000e-01
6.15671875e-09,1.85278125e-01
6.19671875e-09,1.85320313e-01
6.23671875e-09,1.85279688e-01
6.27671875e-09,1.85320313e-01
6.31671875e-09,1.85279688e-01
6.35671875e-09,1.85321875e-01
6.39671875e-09,1.85278125e-01
6.43671875e-09,1.85323438e-01
6.47671875e-09,1.85273437e-01
6.51671875e-09,1.85332812e-01
6.55671875e-09,1.85257813e-01
6.59671875e-09,1.85367188e-01
6.63671875e-09,1.85079688e-01
6.67671875e-09,1.84857812e-01
6.71671875e-09,1.84918750e-01
6.75671875e-09,1.84890625e-01
6.79671875e-09,1.84903125e-01
6.83671875e-09,1.84900000e-01
6.87671875e-09,1.84898438e-01
6.91671875e-09,1.84903125e-01
6.95671875e-09,1.84895313e-01
6.99671875e-09,1.84906250e-01
7.03671875e-09,1.84892187e-01
7.07671875e-09,1.84909375e-01
7.11671875e-09,1.84890625e-01
7.15671875e-09,1.84910938e-01
7.19671875e-09,1.84887500e-01
7.23671875e-09,1.84914063e-01
7.27671875e-09,1.84884375e-01
7.31671875e-09,1.84917187e-01
7.35671875e-09,1.84879688e-01
7.39671875e-09,1.84925000e-01
7.43671875e-09,1.84870312e-01
7.47671875e-09,1.84940625e-01
7.51671875e-09,1.84832812e-01
7.55671875e-09,1.85121875e-01
7.59671875e-09,1.85339063e-01
7.63671875e-09,1.85287500e-01
7.67671875e-09,1.85300000e-01
7.71671875e-09,1.85309375e-01
7.75671875e-09,1.85276563e-01
7.79671875e-09,1.85350000e-01
7.83671875e-09,1.85095312e-01
7.87671875e-09,1.84843750e-01
7.91671875e-09,1.84931250e-01
7.95671875e-09,1.84879688e-01
7.99671875e-09,1.84915625e-01
8.03671875e-09,1.84889063e-01
8.07671875e-09,1.84907813e-01
8.11671875e-09,1.84893750e-01
8.15671875e-09,1.84904687e-01
8.19671875e-09,1.84896875e-01
8.23671875e-09,1.84901563e-01
8.27671875e-09,1.84900000e-01
8.31671875e-09,1.84898438e-01
8.35671875e-09,1.84903125e-01
8.39671875e-09,1.84895313e-01
8.43671875e-09,1.84906250e-01
8.47671875e-09,1.84890625e-01
8.51671875e-09,1.84912500e-01
8.55671875e-09,1.84881250e-01
8.59671875e-09,1.84928125e-01
8.63671875e-09,1.84846875e-01
8.67671875e-09,1.85107812e-01
8.71671875e-09,1.85354688e-01
8.75671875e-09,1.85270313e-01
8.79671875e-09,1.85320313e-01
8.83671875e-09,1.85284375e-01
8.87671875e-09,1.85312500e-01
8.91671875e-09,1.85290625e-01
8.95671875e-09,1.85307813e-01
8.99671875e-09,1.85293750e-01
9.03671875e-09,1.85304688e-01
9.07671875e-09,1.85295313e-01
9.11671875e-09,1.85303125e-01
9.15671875e-09,1.85296875e-01
9.19671875e-09,1.85301563e-01
9.23671875e-09,1.85298437e-01
9.27671875e-09,1.85300000e-01
9.31671875e-09,1.85300000e-01
9.35671875e-09,1.85298437e-01
9.39671875e-09,1.85301563e-01
9.43671875e-09,1.85296875e-01
9.47671875e-09,1.85304688e-01
9.51671875e-09,1.85293750e-01
9.55671875e-09,1.85307813e-01
9.59671875e-09,1.85290625e-01
9.63671875e-09,1.85312500e-01
9.67671875e-09,1.85281250e-01
9.71671875e-09,1.85328125e-01
9.75671875e-09,1.85246875e-01
9.79671875e-09,1.85506250e-01
9.83671875e-09,1.85754688e-01
9.87671875e-09,1.85668750e-01
9.91671875e-09,1.85721875e-01
9.95671875e-09,1.85682813e-01
9.99671875e-09,1.85714062e-01
1.00367187e-08,1.85689063e-01
1.00767187e-08,1.85709375e-01
1.01167187e-08,1.85692187e-01
1.01567188e-08,1.85707813e-01
1.01967187e-08,1.85693750e-01
1.02367187e-08,1.85706250e-01
1.02767187e-08,1.85695313e-01
1.03167187e-08,1.85704688e-01
1.03567187e-08,1.85695313e-01
1.03967187e-08,1.85703125e-01
1.04367187e-08,1.85696875e-01
1.04767187e-08,1.85703125e-01
1.05167187e-08,1.85696875e-01
1.05567187e-08,1.85703125e-01
1.05967187e-08,1.85698438e-01
1.06367188e-08,1.85701563e-01
1.06767187e-08,1.85698438e-01
1.07167187e-08,1.85701563e-01
1.07567187e-08,1.85698438e-01
1.07967187e-08,1.85701563e-01
1.08367187e-08,1.85700000e-01
1.08767187e-08,1.85700000e-01
1.09167187e-08,1.85700000e-01
1.09567187e-08,1.85700000e-01
1.09967187e-08,1.85700000e-01
1.10367187e-08,1.85700000e-01
1.10767187e-08,1.85701563e-01
1.11167188e-08,1.85698438e-01
1.11567187e-08,1.85701563e-01
1.11967187e-08,1.85698438e-01
1.12367187e-08,1.85701563e-01
1.12767187e-08,1.85696875e-01
1.13167187e-08,1.85703125e-01
1.13567187e-08,1.85696875e-01
1.13967187e-08,1.85703125e-01
1.14367187e-08,1.85695313e-01
1.14767187e-08,1.85704688e-01
1.15167187e-08,1.85695313e-01
1.15567187e-08,1.85706250e-01
1.15967188e-08,1.85693750e-01
1.16367187e-08,1.85706250e-01
1.16767187e-08,1.85692187e-01
1.17167187e-08,1.85709375e-01
1.17567187e-08,1.85689063e-01
1.17967187e-08,1.85712500e-01
1.18367187e-08,1.85685938e-01
1.18767187e-08,1.85717188e-01
1.19167187e-08,1.85676563e-01
1.19567187e-08,1.85732813e-01
1.19967187e-08,1.85642187e-01
1.20367187e-08,1.85912500e-01
1.20767188e-08,1.86150000e-01
1.21167187e-08,1.86075000e-01
1.21567187e-08,1.86115625e-01
1.21967187e-08,1.86090625e-01
1.22367187e-08,1.86106250e-01
1.22767187e-08,1.86096875e-01
1.23167187e-08,1.86100000e-01
1.23567187e-08,1.86101563e-01
1.23967187e-08,1.86095312e-01
1.24367187e-08,1.86109375e-01
1.24767187e-08,1.86085938e-01
1.25167187e-08,1.86125000e-01
1.25567188e-08,1.86050000e-01
1.25967187e-08,1.86304688e-01
1.26367187e-08,1.86557813e-01
1.26767187e-08,1.86465625e-01
1.27167187e-08,1.86523438e-01
1.27567187e-08,1.86481250e-01
1.27967187e-08,1.86515625e-01
1.28367187e-08,1.86487500e-01
1.28767187e-08,1.86510938e-01
1.29167187e-08,1.86490625e-01
1.29567187e-08,1.86507813e-01
1.29967187e-08,1.86492188e-01
1.30367187e-08,1.86506250e-01
1.30767187e-08,1.86493750e-01
1.31167187e-08,1.86504688e-01
1.31567187e-08,1.86495313e-01
1.31967187e-08,1.86503125e-01
1.32367187e-08,1.86496875e-01
1.32767187e-08,1.86503125e-01
1.33167187e-08,1.86498438e-01
1.33567187e-08,1.86501562e-01
1.33967187e-08,1.86500000e-01
1.34367187e-08,1.86500000e-01
1.34767187e-08,1.86501562e-01
1.35167187e-08,1.86496875e-01
1.35567187e-08,1.86503125e-01
1.35967187e-08,1.86493750e-01
1.36367187e-08,1.86507813e-01
1.36767187e-08,1.86489062e-01
1.37167187e-08,1.86517188e-01
1.37567187e-08,1.86473438e-01
1.37967187e-08,1.86551563e-01
1.38367187e-08,1.86295313e-01
1.38767187e-08,1.86042188e-01
1.39167187e-08,1.86132812e-01
1.39567187e-08,1.86076563e-01
1.39967187e-08,1.86118750e-01
1.40367187e-08,1.86084375e-01
1.40767187e-08,1.86112500e-01
1.41167187e-08,1.86089063e-01
1.41567187e-08,1.86109375e-01
1.41967187e-08,1.86090625e-01
1.42367187e-08,1.86107812e-01
1.42767187e-08,1.86093750e-01
1.43167187e-08,1.86106250e-01
1.43567187e-08,1.86095312e-01
1.43967187e-08,1.86104688e-01
1.44367187e-08,1.86096875e-01
1.44767187e-08,1.86103125e-01
1.45167187e-08,1.86098438e-01
1.45567187e-08,1.86100000e-01
1.45967187e-08,1.86100000e-01
1.46367187e-08,1.86098438e-01
1.46767187e-08,1.86104688e-01
1.47167187e-08,1.86092188e-01
1.47567187e-08,1.86112500e-01
1.47967187e-08,1.86076563e-01
1.48367187e-08,1.86148438e-01
1.48767187e-08,1.85898438e-01
1.49167187e-08,1.85639063e-01
1.49567187e-08,1.85737500e-01
1.49967188e-08,1.85671875e-01
1.50367187e-08,1.85723438e-01
1.50767187e-08,1.85679687e-01
1.51167187e-08,1.85717188e-01
1.51567188e-08,1.85684375e-01
1.51967187e-08,1.85714062e-01
1.52367187e-08,1.85685938e-01
1.52767188e-08,1.85712500e-01
1.53167187e-08,1.85687500e-01
1.53567187e-08,1.85712500e-01
1.53967187e-08,1.85689063e-01
1.54367188e-08,1.85710938e-01
1.54767187e-08,1.85689063e-01
1.55167187e-08,1.85710938e-01
1.55567188e-08,1.85689063e-01
1.55967187e-08,1.85710938e-01
1.56367187e-08,1.85690625e-01
1.56767187e-08,1.85709375e-01
1.57167187e-08,1.85690625e-01
1.57567187e-08,1.85709375e-01
1.57967187e-08,1.85690625e-01
1.58367188e-08,1.85709375e-01
1.58767187e-08,1.85690625e-01
1.59167187e-08,1.85709375e-01
1.59567187e-08,1.85690625e-01
1.59967187e-08,1.85709375e-01
1.60367187e-08,1.85690625e-01
1.60767187e-08,1.85709375e-01
1.61167188e-08,1.85690625e-01
1.61567187e-08,1.85709375e-01
1.61967187e-08,1.85690625e-01
1.62367188e-08,1.85709375e-01
1.62767187e-08,1.85690625e-01
1.63167187e-08,1.85709375e-01
1.63567187e-08,1.85690625e-01
1.63967188e-08,1.85709375e-01
1.64367187e-08,1.85690625e-01
1.64767187e-08,1.85709375e-01
1.65167188e-08,1.85689063e-01
1.65567187e-08,1.85710938e-01
1.65967187e-08,1.85689063e-01
1.66367187e-08,1.85710938e-01
1.66767187e-08,1.85689063e-01
1.67167187e-08,1.85712500e-01
1.67567187e-08,1.85687500e-01
1.67967188e-08,1.85712500e-01
1.68367187e-08,1.85685938e-01
1.68767187e-08,1.85714062e-01
1.69167187e-08,1.85684375e-01
1.69567187e-08,1.85717188e-01
1.69967187e-08,1.85681250e-01
1.70367187e-08,1.85720313e-01
1.70767188e-08,1.85675000e-01
1.71167187e-08,1.85729688e-01
1.71567187e-08,1.85660938e-01
1.71967188e-08,1.85765625e-01
1.72367187e-08,1.85481250e-01
1.72767187e-08,1.85257813e-01
1.73167187e-08,1.85317188e-01
1.73567188e-08,1.85292188e-01
1.73967187e-08,1.85300000e-01
1.74367187e-08,1.85304688e-01
1.74767188e-08,1.85289063e-01
1.75167187e-08,1.85317188e-01
1.75567187e-08,1.85271875e-01
1.75967187e-08,1.85354688e-01
1.76367187e-08,1.85090625e-01
1.76767187e-08,1.84848438e-01
1.77167187e-08,1.84926563e-01
1.77567188e-08,1.84884375e-01
1.77967187e-08,1.84906250e-01
1.78367187e-08,1.84901563e-01
1.78767187e-08,1.84887500e-01
1.79167187e-08,1.84939063e-01
1.79567187e-08,1.84707813e-01
1.79967187e-08,1.84429687e-01
1.80367188e-08,1.84546875e-01
1.80767187e-08,1.84462500e-01
1.81167187e-08,1.84534375e-01
1.81567187e-08,1.84465625e-01
1.81967187e-08,1.84535937e-01
1.82367187e-08,1.84456250e-01
1.82767187e-08,1.84567188e-01
1.83167188e-08,1.84279688e-01
1.83567187e-08,1.84056250e-01
1.83967187e-08,1.84120312e-01
1.84367188e-08,1.84089063e-01
1.84767187e-08,1.84107812e-01
1.85167187e-08,1.84095312e-01
1.85567187e-08,1.84103125e-01
1.85967187e-08,1.84098438e-01
1.86367187e-08,1.84101563e-01
1.86767187e-08,1.84100000e-01
1.87167188e-08,1.84100000e-01
1.87567187e-08,1.84100000e-01
1.87967187e-08,1.84100000e-01
1.88367187e-08,1.84101563e-01
1.88767187e-08,1.84098438e-01
1.89167187e-08,1.84101563e-01
1.89567187e-08,1.84098438e-01
1.89967188e-08,1.84101563e-01
1.90367187e-08,1.84098438e-01
1.90767187e-08,1.84101563e-01
1.91167187e-08,1.84098438e-01
1.91567187e-08,1.84101563e-01
1.91967187e-08,1.84096875e-01
1.92367187e-08,1.84103125e-01
1.92767188e-08,1.84096875e-01
1.93167187e-08,1.84103125e-01
1.93567187e-08,1.84096875e-01
1.93967188e-08,1.84103125e-01
1.94367187e-08,1.84096875e-01
1.94767187e-08,1.84104688e-01
1.95167187e-08,1.84095312e-01
1.95567187e-08,1.84104688e-01
1.95967187e-08,1.84095312e-01
1.96367187e-08,1.84106250e-01
1.96767188e-08,1.84093750e-01
1.97167187e-08,1.84107812e-01
1.97567187e-08,1.84090625e-01
1.97967187e-08,1.84110938e-01
1.98367187e-08,1.84087500e-01
1.98767187e-08,1.84115625e-01
1.99167187e-08,1.84078125e-01
1.99567188e-08,1.84131250e-01
1.99967187e-08,1.84043750e-01
2.00367187e-08,1.84309375e-01
2.00767187e-08,1.84551563e-01
2.01167187e-08,1.84471875e-01
2.01567187e-08,1.84517188e-01
2.01967187e-08,1.84489062e-01
2.02367188e-08,1.84506250e-01
2.02767187e-08,1.84498438e-01
2.03167187e-08,1.84496875e-01
2.03567188e-08,1.84514063e-01
2.03967187e-08,1.84460938e-01
2.04367187e-08,1.84692187e-01
2.04767187e-08,1.84971875e-01
2.05167187e-08,1.84851563e-01
2.05567187e-08,1.84942188e-01
2.05967187e-08,1.84857812e-01
2.06367188e-08,1.84946875e-01
2.06767187e-08,1.84829688e-01
2.07167187e-08,1.85120312e-01
2.07567187e-08,1.85343750e-01
2.07967187e-08,1.85276563e-01
2.08367187e-08,1.85317188e-01
2.08767187e-08,1.85282813e-01
2.09167188e-08,1.85323438e-01
2.09567187e-08,1.85254688e-01
2.09967187e-08,1.85495313e-01
2.10367187e-08,1.85768750e-01
2.10767187e-08,1.85651563e-01
2.11167187e-08,1.85742188e-01
2.11567187e-08,1.85656250e-01
2.11967187e-08,1.85751562e-01
2.12367187e-08,1.85625000e-01
2.12767187e-08,1.85928125e-01
2.13167187e-08,1.86134375e-01
2.13567187e-08,1.86090625e-01
2.13967187e-08,1.86098438e-01
2.14367187e-08,1.86109375e-01
2.14767187e-08,1.86082812e-01
2.15167187e-08,1.86129688e-01
2.15567187e-08,1.86045313e-01
2.15967188e-08,1.86309375e-01
2.16367187e-08,1.86551563e-01
2.16767187e-08,1.86473438e-01
2.17167187e-08,1.86515625e-01
2.17567187e-08,1.86490625e-01
2.17967187e-08,1.86506250e-01
2.18367187e-08,1.86498438e-01
2.18767188e-08,1.86498438e-01
2.19167187e-08,1.86506250e-01
2.19567187e-08,1.86487500e-01
2.19967187e-08,1.86521875e-01
2.20367187e-08,1.86451563e-01
2.20767187e-08,1.86701563e-01
2.21167187e-08,1.86959375e-01
2.21567187e-08,1.86864063e-01
2.21967187e-08,1.86926563e-01
2.22367187e-08,1.86879688e-01
2.22767187e-08,1.86917187e-01
2.23167187e-08,1.86884375e-01
2.23567187e-08,1.86914063e-01
2.23967187e-08,1.86887500e-01
2.24367187e-08,1.86910938e-01
2.24767187e-08,1.86889063e-01
2.25167187e-08,1.86909375e-01
2.25567188e-08,1.86890625e-01
2.25967187e-08,1.86909375e-01
2.26367187e-08,1.86890625e-01
2.26767187e-08,1.86907812e-01
2.27167187e-08,1.86892188e-01
2.27567187e-08,1.86907812e-01
2.27967187e-08,1.86892188e-01
2.28367188e-08,1.86907812e-01
2.28767187e-08,1.86892188e-01
2.29167187e-08,1.86907812e-01
2.29567187e-08,1.86893750e-01
2.29967187e-08,1.86906250e-01
2.30367187e-08,1.86893750e-01
2.30767187e-08,1.86906250e-01
2.31167187e-08,1.86893750e-01
2.31567187e-08,1.86906250e-01
2.31967187e-08,1.86893750e-01
2.32367187e-08,1.86906250e-01
2.32767187e-08,1.86893750e-01
2.33167187e-08,1.86906250e-01
2.33567187e-08,1.86892188e-01
2.33967187e-08,1.86907812e-01
2.34367187e-08,1.86892188e-01
2.34767187e-08,1.86907812e-01
2.35167187e-08,1.86892188e-01
2.35567187e-08,1.86907812e-01
2.35967187e-08,1.86890625e-01
2.36367187e-08,1.86909375e-01
2.36767187e-08,1.86890625e-01
2.37167187e-08,1.86910938e-01
2.37567187e-08,1.86887500e-01
2.37967188e-08,1.86914063e-01
2.38367187e-08,1.86884375e-01
2.38767187e-08,1.86918750e-01
2.39167187e-08,1.86876563e-01
2.39567187e-08,1.86932813e-01
2.39967187e-08,1.86842188e-01
2.40367187e-08,1.87110938e-01
2.40767187e-08,1.87351563e-01
2.41167187e-08,1.87273438e-01
2.41567187e-08,1.87317188e-01
2.41967187e-08,1.87287500e-01
2.42367187e-08,1.87309375e-01
2.42767187e-08,1.87292188e-01
2.43167187e-08,1.87306250e-01
2.43567187e-08,1.87295313e-01
2.43967187e-08,1.87304688e-01
2.44367187e-08,1.87296875e-01
2.44767187e-08,1.87303125e-01
2.45167187e-08,1.87298437e-01
2.45567187e-08,1.87301563e-01
2.45967187e-08,1.87298437e-01
2.46367187e-08,1.87301563e-01
2.46767187e-08,1.87300000e-01
2.47167187e-08,1.87300000e-01
2.47567188e-08,1.87300000e-01
2.47967187e-08,1.87300000e-01
2.48367187e-08,1.87301563e-01
2.48767187e-08,1.87298437e-01
2.49167187e-08,1.87301563e-01
2.49567187e-08,1.87296875e-01
2.49967187e-08,1.87303125e-01
2.50367187e-08,1.87295313e-01
2.50767187e-08,1.87304688e-01
2.51167187e-08,1.87293750e-01
2.51567187e-08,1.87307813e-01
2.51967187e-08,1.87289063e-01
2.52367187e-08,1.87317188e-01
2.52767187e-08,1.87273438e-01
2.53167187e-08,1.87350000e-01
2.53567187e-08,1.87096875e-01
2.53967187e-08,1.86840625e-01
2.54367187e-08,1.86935938e-01
2.54767187e-08,1.86873438e-01
2.55167187e-08,1.86921875e-01
2.55567187e-08,1.86879688e-01
2.55967187e-08,1.86918750e-01
2.56367187e-08,1.86881250e-01
2.56767187e-08,1.86918750e-01
2.57167187e-08,1.86878125e-01
2.57567187e-08,1.86925000e-01
2.57967187e-08,1.86865625e-01
2.58367187e-08,1.86957813e-01
2.58767187e-08,1.86689063e-01
2.59167187e-08,1.86446875e-01
2.59567187e-08,1.86529688e-01
2.59967187e-08,1.86478125e-01
2.60367187e-08,1.86518750e-01
2.60767187e-08,1.86481250e-01
2.61167187e-08,1.86521875e-01
2.61567187e-08,1.86470313e-01
2.61967187e-08,1.86553125e-01
2.62367187e-08,1.86295313e-01
2.62767187e-08,1.86040625e-01
2.63167187e-08,1.86137500e-01
2.63567187e-08,1.86070313e-01
2.63967187e-08,1.86128125e-01
2.64367187e-08,1.86071875e-01
2.64767187e-08,1.86131250e-01
2.65167187e-08,1.86059375e-01
2.65567187e-08,1.86164063e-01
2.65967187e-08,1.85882812e-01
2.66367187e-08,1.85654687e-01
2.66767187e-08,1.85721875e-01
2.67167187e-08,1.85689063e-01
2.67567187e-08,1.85706250e-01
2.67967187e-08,1.85698438e-01
2.68367187e-08,1.85698438e-01
2.68767187e-08,1.85704688e-01
2.69167187e-08,1.85692187e-01
2.69567187e-08,1.85714062e-01
2.69967187e-08,1.85675000e-01
2.70367187e-08,1.85750000e-01
2.70767187e-08,1.85496875e-01
2.71167187e-08,1.85240625e-01
2.71567187e-08,1.85334375e-01
2.71967187e-08,1.85275000e-01
2.72367187e-08,1.85320313e-01
2.72767187e-08,1.85282813e-01
2.73167187e-08,1.85315625e-01
2.73567187e-08,1.85285937e-01
2.73967187e-08,1.85312500e-01
2.74367187e-08,1.85289063e-01
2.74767187e-08,1.85310937e-01
2.75167187e-08,1.85289063e-01
2.75567187e-08,1.85309375e-01
2.75967187e-08,1.85290625e-01
2.76367187e-08,1.85309375e-01
2.76767187e-08,1.85290625e-01
2.77167187e-08,1.85309375e-01
2.77567187e-08,1.85292188e-01
2.77967187e-08,1.85307813e-01
2.78367187e-08,1.85292188e-01
2.78767187e-08,1.85307813e-01
2.79167187e-08,1.85292188e-01
2.79567187e-08,1.85307813e-01
2.79967187e-08,1.85292188e-01
2.80367187e-08,1.85307813e-01
2.80767187e-08,1.85292188e-01
2.81167187e-08,1.85309375e-01
2.81567187e-08,1.85290625e-01
2.81967187e-08,1.85309375e-01
2.82367187e-08,1.85290625e-01
2.82767187e-08,1.85309375e-01
2.83167187e-08,1.85290625e-01
2.83567187e-08,1.85310937e-01
2.83967187e-08,1.85289063e-01
2.84367187e-08,1.85312500e-01
2.84767187e-08,1.85287500e-01
2.85167187e-08,1.85314063e-01
2.85567187e-08,1.85282813e-01
2.85967187e-08,1.85320313e-01
2.86367187e-08,1.85275000e-01
2.86767187e-08,1.85334375e-01
2.87167187e-08,1.85240625e-01
2.87567187e-08,1.85512500e-01
2.87967187e-08,1.85750000e-01
2.88367187e-08,1.85673438e-01
2.88767187e-08,1.85717188e-01
2.89167187e-08,1.85689063e-01
2.89567187e-08,1.85707813e-01
2.89967187e-08,1.85693750e-01
2.90367187e-08,1.85704688e-01
2.90767187e-08,1.85696875e-01
2.91167187e-08,1.85703125e-01
2.91567187e-08,1.85698438e-01
2.91967187e-08,1.85701563e-01
2.92367187e-08,1.85698438e-01
2.92767187e-08,1.85700000e-01
2.93167187e-08,1.85700000e-01
2.93567187e-08,1.85700000e-01
2.93967187e-08,1.85700000e-01
2.94367187e-08,1.85698438e-01
2.94767187e-08,1.85701563e-01
2.95167187e-08,1.85698438e-01
2.95567187e-08,1.85701563e-01
2.95967187e-08,1.85698438e-01
2.96367187e-08,1.85703125e-01
2.96767187e-08,1.85696875e-01
2.97167187e-08,1.85703125e-01
2.97567187e-08,1.85696875e-01
2.97967187e-08,1.85704688e-01
2.98367187e-08,1.85695313e-01
2.98767187e-08,1.85704688e-01
2.99167188e-08,1.85695313e-01
2.99567188e-08,1.85706250e-01
2.99967187e-08,1.85693750e-01
3.00367187e-08,1.85707813e-01
3.00767187e-08,1.85692187e-01
3.01167187e-08,1.85709375e-01
3.01567187e-08,1.85689063e-01
3.01967188e-08,1.85712500e-01
3.02367188e-08,1.85684375e-01
3.02767187e-08,1.85721875e-01
3.03167187e-08,1.85668750e-01
3.03567187e-08,1.85756250e-01
3.03967187e-08,1.85490625e-01
3.04367187e-08,1.85246875e-01
3.04767188e-08,1.85329688e-01
3.05167188e-08,1.85279688e-01
3.05567187e-08,1.85314063e-01
3.05967187e-08,1.85289063e-01
3.06367187e-08,1.85309375e-01
3.06767187e-08,1.85292188e-01
3.07167187e-08,1.85306250e-01
3.07567188e-08,1.85293750e-01
3.07967187e-08,1.85304688e-01
3.08367187e-08,1.85295313e-01
3.08767187e-08,1.85304688e-01
3.09167187e-08,1.85296875e-01
3.09567187e-08,1.85303125e-01
3.09967187e-08,1.85296875e-01
3.10367188e-08,1.85303125e-01
3.10767187e-08,1.85298437e-01
3.11167187e-08,1.85301563e-01
3.11567187e-08,1.85298437e-01
3.11967187e-08,1.85301563e-01
3.12367187e-08,1.85298437e-01
3.12767187e-08,1.85301563e-01
3.13167188e-08,1.85298437e-01
3.13567187e-08,1.85300000e-01
3.13967187e-08,1.85300000e-01
3.14367187e-08,1.85300000e-01
3.14767187e-08,1.85300000e-01
3.15167187e-08,1.85300000e-01
3.15567187e-08,1.85300000e-01
3.15967188e-08,1.85300000e-01
3.16367187e-08,1.85300000e-01
3.16767187e-08,1.85298437e-01
3.17167187e-08,1.85301563e-01
3.17567187e-08,1.85298437e-01
3.17967187e-08,1.85301563e-01
3.18367188e-08,1.85298437e-01
3.18767188e-08,1.85301563e-01
3.19167187e-08,1.85296875e-01
3.19567187e-08,1.85303125e-01
3.19967187e-08,1.85296875e-01
3.20367187e-08,1.85304688e-01
3.20767187e-08,1.85295313e-01
3.21167188e-08,1.85306250e-01
3.21567188e-08,1.85292188e-01
3.21967187e-08,1.85309375e-01
3.22367187e-08,1.85287500e-01
3.22767187e-08,1.85317188e-01
3.23167187e-08,1.85273437e-01
3.23567187e-08,1.85351563e-01
3.23967188e-08,1.85095312e-01
3.24367188e-08,1.84842188e-01
3.24767187e-08,1.84934375e-01
3.25167187e-08,1.84873438e-01
3.25567187e-08,1.84921875e-01
3.25967187e-08,1.84881250e-01
3.26367187e-08,1.84918750e-01
3.26767188e-08,1.84881250e-01
3.27167187e-08,1.84918750e-01
3.27567187e-08,1.84878125e-01
3.27967187e-08,1.84926563e-01
3.28367187e-08,1.84865625e-01
3.28767187e-08,1.84959375e-01
3.29167187e-08,1.84687500e-01
3.29567188e-08,1.84448438e-01
3.29967187e-08,1.84528125e-01
3.30367187e-08,1.84481250e-01
3.30767187e-08,1.84514063e-01
3.31167187e-08,1.84489062e-01
3.31567187e-08,1.84509375e-01
3.31967187e-08,1.84492188e-01
3.32367188e-08,1.84507813e-01
3.32767187e-08,1.84493750e-01
3.33167187e-08,1.84506250e-01
3.33567187e-08,1.84493750e-01
3.33967187e-08,1.84504688e-01
3.34367187e-08,1.84495313e-01
3.34767187e-08,1.84504688e-01
3.35167188e-08,1.84495313e-01
3.35567187e-08,1.84504688e-01
3.35967187e-08,1.84495313e-01
3.36367187e-08,1.84504688e-01
3.36767187e-08,1.84495313e-01
3.37167187e-08,1.84504688e-01
3.37567187e-08,1.84495313e-01
3.37967188e-08,1.84504688e-01
3.38367187e-08,1.84493750e-01
3.38767187e-08,1.84506250e-01
3.39167187e-08,1.84493750e-01
3.39567187e-08,1.84506250e-01
3.39967187e-08,1.84493750e-01
3.40367188e-08,1.84507813e-01
3.40767188e-08,1.84492188e-01
3.41167187e-08,1.84507813e-01
3.41567187e-08,1.84490625e-01
3.41967187e-08,1.84509375e-01
3.42367187e-08,1.84489062e-01
3.42767187e-08,1.84512500e-01
3.43167188e-08,1.84485938e-01
3.43567188e-08,1.84517188e-01
3.43967187e-08,1.84476562e-01
3.44367187e-08,1.84532813e-01
3.44767187e-08,1.84442188e-01
3.45167187e-08,1.84710938e-01
3.45567187e-08,1.84951562e-01
3.45967188e-08,1.84871875e-01
3.46367187e-08,1.84918750e-01
3.46767187e-08,1.84887500e-01
3.47167187e-08,1.84909375e-01
3.47567187e-08,1.84892187e-01
3.47967187e-08,1.84906250e-01
3.48367187e-08,1.84895313e-01
3.48767188e-08,1.84904687e-01
3.49167187e-08,1.84896875e-01
3.49567187e-08,1.84903125e-01
3.49967187e-08,1.84898438e-01
3.50367187e-08,1.84901563e-01
3.50767187e-08,1.84900000e-01
3.51167187e-08,1.84900000e-01
3.51567188e-08,1.84900000e-01
3.51967187e-08,1.84898438e-01
3.52367187e-08,1.84901563e-01
3.52767187e-08,1.84898438e-01
3.53167187e-08,1.84903125e-01
3.53567187e-08,1.84896875e-01
3.53967187e-08,1.84903125e-01
3.54367188e-08,1.84895313e-01
3.54767187e-08,1.84906250e-01
3.55167187e-08,1.84892187e-01
3.55567187e-08,1.84909375e-01
3.55967187e-08,1.84889063e-01
3.56367187e-08,1.84914063e-01
3.56767187e-08,1.84881250e-01
3.57167188e-08,1.84929687e-01
3.57567187e-08,1.84845312e-01
3.57967187e-08,1.85107812e-01
3.58367187e-08,1.85354688e-01
3.58767187e-08,1.85268750e-01
3.59167187e-08,1.85321875e-01
3.59567187e-08,1.85282813e-01
3.59967188e-08,1.85314063e-01
3.60367187e-08,1.85289063e-01
3.60767187e-08,1.85309375e-01
3.61167187e-08,1.85292188e-01
3.61567187e-08,1.85307813e-01
3.61967187e-08,1.85293750e-01
3.62367188e-08,1.85306250e-01
3.62767188e-08,1.85293750e-01
3.63167187e-08,1.85304688e-01
3.63567187e-08,1.85295313e-01
3.63967187e-08,1.85304688e-01
3.64367187e-08,1.85296875e-01
3.64767187e-08,1.85303125e-01
3.65167188e-08,1.85296875e-01
3.65567187e-08,1.85303125e-01
3.65967187e-08,1.85296875e-01
3.66367187e-08,1.85301563e-01
3.66767187e-08,1.85298437e-01
3.67167187e-08,1.85301563e-01
3.67567187e-08,1.85298437e-01
3.67967188e-08,1.85301563e-01
3.68367187e-08,1.85300000e-01
3.68767187e-08,1.85300000e-01
3.69167187e-08,1.85300000e-01
3.69567187e-08,1.85300000e-01
3.69967187e-08,1.85301563e-01
3.70367187e-08,1.85298437e-01
3.70767188e-08,1.85301563e-01
3.71167187e-08,1.85296875e-01
3.71567187e-08,1.85303125e-01
3.71967187e-08,1.85295313e-01
3.72367187e-08,1.85306250e-01
3.72767187e-08,1.85290625e-01
3.73167187e-08,1.85310937e-01
3.73567188e-08,1.85282813e-01
3.73967187e-08,1.85326563e-01
3.74367187e-08,1.85248438e-01
3.74767187e-08,1.85504688e-01
3.75167187e-08,1.85757813e-01
3.75567187e-08,1.85665625e-01
3.75967187e-08,1.85725000e-01
3.76367188e-08,1.85679687e-01
3.76767187e-08,1.85717188e-01
3.77167187e-08,1.85684375e-01
3.77567187e-08,1.85714062e-01
3.77967187e-08,1.85687500e-01
3.78367187e-08,1.85712500e-01
3.78767187e-08,1.85689063e-01
3.79167188e-08,1.85710938e-01
3.79567187e-08,1.85689063e-01
3.79967187e-08,1.85710938e-01
3.80367187e-08,1.85689063e-01
3.80767187e-08,1.85710938e-01
3.81167187e-08,1.85687500e-01
3.81567188e-08,1.85712500e-01
3.81967188e-08,1.85685938e-01
3.82367187e-08,1.85715625e-01
3.82767187e-08,1.85681250e-01
3.83167187e-08,1.85723438e-01
3.83567187e-08,1.85667187e-01
3.83967187e-08,1.85757813e-01
3.84367188e-08,1.85489062e-01
3.84767187e-08,1.85248438e-01
3.85167187e-08,1.85328125e-01
3.85567187e-08,1.85281250e-01
3.85967187e-08,1.85314063e-01
3.86367187e-08,1.85287500e-01
3.86767187e-08,1.85309375e-01
3.87167188e-08,1.85290625e-01
3.87567187e-08,1.85307813e-01
3.87967187e-08,1.85292188e-01
3.88367187e-08,1.85307813e-01
3.88767187e-08,1.85292188e-01
3.89167187e-08,1.85306250e-01
3.89567187e-08,1.85293750e-01
3.89967188e-08,1.85307813e-01
3.90367187e-08,1.85292188e-01
3.90767187e-08,1.85307813e-01
3.91167187e-08,1.85290625e-01
3.91567187e-08,1.85309375e-01
3.91967187e-08,1.85289063e-01
3.92367187e-08,1.85312500e-01
3.92767188e-08,1.85284375e-01
3.93167187e-08,1.85321875e-01
3.93567187e-08,1.85268750e-01
3.93967187e-08,1.85356250e-01
3.94367187e-08,1.85090625e-01
3.94767187e-08,1.84846875e-01
3.95167187e-08,1.84929687e-01
3.95567188e-08,1.84879688e-01
3.95967187e-08,1.84915625e-01
3.96367187e-08,1.84887500e-01
3.96767187e-08,1.84910938e-01
3.97167187e-08,1.84890625e-01
3.97567187e-08,1.84907813e-01
3.97967187e-08,1.84893750e-01
3.98367188e-08,1.84906250e-01
3.98767187e-08,1.84893750e-01
3.99167187e-08,1.84904687e-01
3.99567187e-08,1.84895313e-01
3.99967187e-08,1.84904687e-01
4.00367187e-08,1.84896875e-01
4.00767187e-08,1.84903125e-01
4.01167188e-08,1.84896875e-01
4.01567187e-08,1.84903125e-01
4.01967187e-08,1.84896875e-01
4.02367187e-08,1.84903125e-01
4.02767187e-08,1.84896875e-01
4.03167187e-08,1.84901563e-01
4.03567188e-08,1.84898438e-01
4.03967187e-08,1.84901563e-01
4.04367187e-08,1.84898438e-01
4.04767187e-08,1.84901563e-01
4.05167187e-08,1.84898438e-01
4.05567187e-08,1.84901563e-01
4.05967187e-08,1.84898438e-01
4.06367188e-08,1.84900000e-01
4.06767187e-08,1.84900000e-01
4.07167187e-08,1.84900000e-01
4.07567187e-08,1.84900000e-01
4.07967187e-08,1.84900000e-01
4.08367187e-08,1.84900000e-01
4.08767187e-08,1.84900000e-01
4.09167188e-08,1.84901563e-01
4.09567187e-08,1.84898438e-01
4.09967187e-08,1.84901563e-01
4.10367187e-08,1.84898438e-01
4.10767187e-08,1.84903125e-01
4.11167187e-08,1.84896875e-01
4.11567187e-08,1.84903125e-01
4.11967188e-08,1.84895313e-01
4.12367187e-08,1.84904687e-01
4.12767187e-08,1.84893750e-01
4.13167187e-08,1.84907813e-01
4.13567187e-08,1.84890625e-01
4.13967187e-08,1.84910938e-01
4.14367187e-08,1.84885938e-01
4.14767188e-08,1.84918750e-01
4.15167187e-08,1.84870312e-01
4.15567187e-08,1.84954687e-01
4.15967187e-08,1.84692187e-01
4.16367187e-08,1.84445313e-01
4.16767187e-08,1.84531250e-01
4.17167187e-08,1.84479688e-01
4.17567188e-08,1.84515625e-01
4.17967187e-08,1.84487500e-01
4.18367187e-08,1.84510937e-01
4.18767187e-08,1.84492188e-01
4.19167187e-08,1.84506250e-01
4.19567187e-08,1.84493750e-01
4.19967187e-08,1.84504688e-01
4.20367187e-08,1.84496875e-01
4.20767187e-08,1.84501562e-01
4.21167187e-08,1.84500000e-01
4.21567187e-08,1.84498438e-01
4.21967187e-08,1.84504688e-01
4.22367187e-08,1.84492188e-01
4.22767187e-08,1.84512500e-01
4.23167187e-08,1.84478125e-01
4.23567187e-08,1.84548437e-01
4.23967187e-08,1.84298437e-01
4.24367187e-08,1.84039063e-01
4.24767187e-08,1.84137500e-01
4.25167187e-08,1.84071875e-01
4.25567188e-08,1.84123438e-01
4.25967187e-08,1.84079688e-01
4.26367187e-08,1.84117188e-01
4.26767187e-08,1.84084375e-01
4.27167187e-08,1.84114063e-01
4.27567187e-08,1.84085938e-01
4.27967187e-08,1.84112500e-01
4.28367188e-08,1.84087500e-01
4.28767187e-08,1.84112500e-01
4.29167187e-08,1.84089063e-01
4.29567187e-08,1.84110938e-01
4.29967187e-08,1.84089063e-01
4.30367187e-08,1.84110938e-01
4.30767187e-08,1.84089063e-01
4.31167188e-08,1.84109375e-01
4.31567187e-08,1.84090625e-01
4.31967187e-08,1.84109375e-01
4.32367187e-08,1.84090625e-01
4.32767187e-08,1.84109375e-01
4.33167187e-08,1.84090625e-01
4.33567187e-08,1.84109375e-01
4.33967188e-08,1.84090625e-01
4.34367187e-08,1.84109375e-01
4.34767187e-08,1.84090625e-01
4.35167187e-08,1.84109375e-01
4.35567187e-08,1.84090625e-01
4.35967187e-08,1.84109375e-01
4.36367187e-08,1.84090625e-01
4.36767188e-08,1.84109375e-01
4.37167187e-08,1.84090625e-01
4.37567187e-08,1.84109375e-01
4.37967187e-08,1.84090625e-01
4.38367187e-08,1.84109375e-01
4.38767187e-08,1.84090625e-01
4.39167187e-08,1.84109375e-01
4.39567187e-08,1.84090625e-01
4.39967187e-08,1.84109375e-01
4.40367187e-08,1.84090625e-01
4.40767187e-08,1.84109375e-01
4.41167187e-08,1.84090625e-01
4.41567187e-08,1.84109375e-01
4.41967187e-08,1.84090625e-01
4.42367187e-08,1.84109375e-01
4.42767187e-08,1.84090625e-01
4.43167187e-08,1.84109375e-01
4.43567187e-08,1.84090625e-01
4.43967187e-08,1.84109375e-01
4.44367187e-08,1.84090625e-01
4.44767187e-08,1.84110938e-01
4.45167187e-08,1.84089063e-01
4.45567187e-08,1.84110938e-01
4.45967187e-08,1.84089063e-01
4.46367187e-08,1.84110938e-01
4.46767187e-08,1.84089063e-01
4.47167187e-08,1.84112500e-01
4.47567188e-08,1.84087500e-01
4.47967187e-08,1.84112500e-01
4.48367187e-08,1.84085938e-01
4.48767187e-08,1.84114063e-01
4.49167187e-08,1.84084375e-01
4.49567187e-08,1.84115625e-01
4.49967187e-08,1.84082812e-01
4.50367188e-08,1.84118750e-01
4.50767187e-08,1.84079688e-01
4.51167187e-08,1.84125000e-01
4.51567187e-08,1.84070312e-01
4.51967187e-08,1.84139063e-01
4.52367187e-08,1.84035937e-01
4.52767187e-08,1.84317188e-01
4.53167188e-08,1.84543750e-01
4.53567187e-08,1.84479688e-01
4.53967187e-08,1.84509375e-01
4.54367187e-08,1.84495313e-01
4.54767187e-08,1.84501562e-01
4.55167187e-08,1.84501562e-01
4.55567187e-08,1.84496875e-01
4.55967188e-08,1.84506250e-01
4.56367187e-08,1.84492188e-01
4.56767187e-08,1.84510937e-01
4.57167187e-08,1.84487500e-01
4.57567187e-08,1.84517188e-01
4.57967187e-08,1.84478125e-01
4.58367187e-08,1.84532813e-01
4.58767187e-08,1.84442188e-01
4.59167187e-08,1.84710938e-01
4.59567187e-08,1.84950000e-01
4.59967187e-08,1.84873438e-01
4.60367187e-08,1.84917187e-01
4.60767187e-08,1.84889063e-01
4.61167187e-08,1.84907813e-01
4.61567187e-08,1.84895313e-01
4.61967187e-08,1.84903125e-01
4.62367187e-08,1.84898438e-01
4.62767187e-08,1.84900000e-01
4.63167187e-08,1.84901563e-01
4.63567187e-08,1.84896875e-01
4.63967187e-08,1.84904687e-01
4.64367187e-08,1.84893750e-01
4.64767187e-08,1.84907813e-01
4.65167187e-08,1.84890625e-01
4.65567187e-08,1.84914063e-01
4.65967187e-08,1.84881250e-01
4.66367187e-08,1.84928125e-01
4.66767187e-08,1.84845312e-01
4.67167187e-08,1.85107812e-01
4.67567187e-08,1.85354688e-01
4.67967187e-08,1.85268750e-01
4.68367187e-08,1.85320313e-01
4.68767187e-08,1.85284375e-01
4.69167187e-08,1.85312500e-01
4.69567188e-08,1.85289063e-01
4.69967187e-08,1.85309375e-01
4.70367187e-08,1.85292188e-01
4.70767187e-08,1.85306250e-01
4.71167187e-08,1.85293750e-01
4.71567187e-08,1.85304688e-01
4.71967187e-08,1.85295313e-01
4.72367188e-08,1.85303125e-01
4.72767187e-08,1.85296875e-01
4.73167187e-08,1.85303125e-01
4.73567187e-08,1.85298437e-01
4.73967187e-08,1.85301563e-01
4.74367187e-08,1.85298437e-01
4.74767187e-08,1.85301563e-01
4.75167188e-08,1.85300000e-01
4.75567187e-08,1.85300000e-01
4.75967187e-08,1.85300000e-01
4.76367187e-08,1.85300000e-01
4.76767187e-08,1.85300000e-01
4.77167187e-08,1.85298437e-01
4.77567187e-08,1.85301563e-01
4.77967187e-08,1.85298437e-01
4.78367187e-08,1.85303125e-01
4.78767187e-08,1.85296875e-01
4.79167187e-08,1.85303125e-01
4.79567187e-08,1.85295313e-01
4.79967187e-08,1.85304688e-01
4.80367187e-08,1.85293750e-01
4.80767187e-08,1.85307813e-01
4.81167187e-08,1.85289063e-01
4.81567187e-08,1.85314063e-01
4.81967187e-08,1.85281250e-01
4.82367187e-08,1.85328125e-01
4.82767187e-08,1.85246875e-01
4.83167187e-08,1.85506250e-01
4.83567187e-08,1.85756250e-01
4.83967187e-08,1.85668750e-01
4.84367187e-08,1.85721875e-01
4.84767187e-08,1.85682813e-01
4.85167187e-08,1.85714062e-01
4.85567187e-08,1.85687500e-01
4.85967187e-08,1.85710938e-01
4.86367187e-08,1.85690625e-01
4.86767187e-08,1.85709375e-01
4.87167187e-08,1.85692187e-01
4.87567187e-08,1.85707813e-01
4.87967187e-08,1.85692187e-01
4.88367187e-08,1.85706250e-01
4.88767187e-08,1.85693750e-01
4.89167187e-08,1.85706250e-01
4.89567187e-08,1.85693750e-01
4.89967187e-08,1.85706250e-01
4.90367187e-08,1.85693750e-01
4.90767187e-08,1.85706250e-01
4.91167187e-08,1.85693750e-01
4.91567188e-08,1.85706250e-01
4.91967187e-08,1.85693750e-01
4.92367187e-08,1.85706250e-01
4.92767187e-08,1.85693750e-01
4.93167187e-08,1.85706250e-01
4.93567187e-08,1.85693750e-01
4.93967187e-08,1.85706250e-01
4.94367188e-08,1.85693750e-01
4.94767187e-08,1.85706250e-01
4.95167187e-08,1.85693750e-01
4.95567187e-08,1.85706250e-01
4.95967187e-08,1.85692187e-01
4.96367187e-08,1.85707813e-01
4.96767187e-08,1.85692187e-01
4.97167187e-08,1.85709375e-01
4.97567187e-08,1.85690625e-01
4.97967187e-08,1.85710938e-01
4.98367187e-08,1.85687500e-01
4.98767187e-08,1.85715625e-01
4.99167187e-08,1.85681250e-01
4.99567187e-08,1.85723438e-01
4.99967187e-08,1.85665625e-01
5.00367187e-08,1.85759375e-01
5.00767187e-08,1.85487500e-01
5.01167187e-08,1.85251562e-01
5.01567187e-08,1.85323438e-01
5.01967187e-08,1.85287500e-01
5.02367187e-08,1.85304688e-01
5.02767187e-08,1.85303125e-01
5.03167187e-08,1.85285937e-01
5.03567187e-08,1.85339063e-01
5.03967187e-08,1.85107812e-01
5.04367187e-08,1.84829688e-01
5.04767187e-08,1.84946875e-01
5.05167187e-08,1.84859375e-01
5.05567187e-08,1.84939063e-01
5.05967187e-08,1.84854688e-01
5.06367187e-08,1.84967188e-01
5.06767187e-08,1.84681250e-01
5.07167187e-08,1.84454688e-01
5.07567187e-08,1.84525000e-01
5.07967187e-08,1.84482813e-01
5.08367187e-08,1.84515625e-01
5.08767187e-08,1.84484375e-01
5.09167187e-08,1.84518750e-01
5.09567187e-08,1.84473438e-01
5.09967187e-08,1.84551563e-01
5.10367187e-08,1.84296875e-01
5.10767188e-08,1.84040625e-01
5.11167187e-08,1.84135938e-01
5.11567187e-08,1.84073437e-01
5.11967187e-08,1.84121875e-01
5.12367187e-08,1.84079688e-01
5.12767187e-08,1.84117188e-01
5.13167187e-08,1.84082812e-01
5.13567188e-08,1.84115625e-01
5.13967187e-08,1.84084375e-01
5.14367187e-08,1.84115625e-01
5.14767187e-08,1.84084375e-01
5.15167187e-08,1.84115625e-01
5.15567187e-08,1.84084375e-01
5.15967187e-08,1.84115625e-01
5.16367187e-08,1.84082812e-01
5.16767187e-08,1.84117188e-01
5.17167187e-08,1.84081250e-01
5.17567187e-08,1.84120312e-01
5.17967187e-08,1.84078125e-01
5.18367187e-08,1.84125000e-01
5.18767187e-08,1.84068750e-01
5.19167187e-08,1.84140625e-01
5.19567187e-08,1.84034375e-01
5.19967187e-08,1.84320312e-01
5.20367187e-08,1.84542188e-01
5.20767187e-08,1.84482813e-01
5.21167187e-08,1.84507813e-01
5.21567187e-08,1.84498438e-01
5.21967187e-08,1.84496875e-01
5.22367187e-08,1.84506250e-01
5.22767187e-08,1.84490625e-01
5.23167187e-08,1.84514063e-01
5.23567187e-08,1.84479688e-01
5.23967187e-08,1.84531250e-01
5.24367187e-08,1.84443750e-01
5.24767187e-08,1.84710938e-01
5.25167187e-08,1.84951562e-01
5.25567187e-08,1.84873438e-01
5.25967187e-08,1.84915625e-01
5.26367187e-08,1.84890625e-01
5.26767187e-08,1.84904687e-01
5.27167187e-08,1.84901563e-01
5.27567187e-08,1.84892187e-01
5.27967187e-08,1.84917187e-01
5.28367187e-08,1.84856250e-01
5.28767187e-08,1.85096875e-01
5.29167187e-08,1.85365625e-01
5.29567187e-08,1.85256250e-01
5.29967187e-08,1.85334375e-01
5.30367187e-08,1.85268750e-01
5.30767187e-08,1.85331250e-01
5.31167187e-08,1.85265625e-01
5.31567187e-08,1.85342188e-01
5.31967187e-08,1.85234375e-01
5.32367187e-08,1.85517188e-01
5.32767188e-08,1.85745313e-01
5.33167187e-08,1.85678125e-01
5.33567187e-08,1.85712500e-01
5.33967187e-08,1.85692187e-01
5.34367187e-08,1.85704688e-01
5.34767187e-08,1.85696875e-01
5.35167187e-08,1.85701563e-01
5.35567187e-08,1.85701563e-01
5.35967187e-08,1.85696875e-01
5.36367187e-08,1.85706250e-01
5.36767187e-08,1.85687500e-01
5.37167187e-08,1.85721875e-01
5.37567187e-08,1.85654687e-01
5.37967187e-08,1.85898438e-01
5.38367187e-08,1.86164063e-01
5.38767187e-08,1.86059375e-01
5.39167187e-08,1.86131250e-01
5.39567187e-08,1.86071875e-01
5.39967187e-08,1.86125000e-01
5.40367187e-08,1.86075000e-01
5.40767187e-08,1.86123438e-01
5.41167187e-08,1.86075000e-01
5.41567187e-08,1.86126563e-01
5.41967187e-08,1.86071875e-01
5.42367187e-08,1.86132812e-01
5.42767187e-08,1.86056250e-01
5.43167187e-08,1.86168750e-01
5.43567187e-08,1.85878125e-01
5.43967187e-08,1.85659375e-01
5.44367187e-08,1.85717188e-01
5.44767187e-08,1.85693750e-01
5.45167187e-08,1.85701563e-01
5.45567187e-08,1.85701563e-01
5.45967187e-08,1.85695313e-01
5.46367187e-08,1.85707813e-01
5.46767187e-08,1.85689063e-01
5.47167187e-08,1.85714062e-01
5.47567187e-08,1.85682813e-01
5.47967187e-08,1.85723438e-01
5.48367187e-08,1.85665625e-01
5.48767187e-08,1.85759375e-01
5.49167187e-08,1.85485938e-01
5.49567187e-08,1.85251562e-01
5.49967187e-08,1.85323438e-01
5.50367187e-08,1.85287500e-01
5.50767187e-08,1.85306250e-01
5.51167187e-08,1.85296875e-01
5.51567187e-08,1.85298437e-01
5.51967187e-08,1.85304688e-01
5.52367187e-08,1.85290625e-01
5.52767187e-08,1.85315625e-01
5.53167187e-08,1.85273437e-01
5.53567187e-08,1.85351563e-01
5.53967187e-08,1.85095312e-01
5.54367187e-08,1.84843750e-01
5.54767187e-08,1.84931250e-01
5.55167187e-08,1.84878125e-01
5.55567187e-08,1.84917187e-01
5.55967187e-08,1.84887500e-01
5.56367187e-08,1.84910938e-01
5.56767187e-08,1.84890625e-01
5.57167187e-08,1.84907813e-01
5.57567187e-08,1.84893750e-01
5.57967187e-08,1.84904687e-01
5.58367187e-08,1.84895313e-01
5.58767187e-08,1.84903125e-01
5.59167187e-08,1.84896875e-01
5.59567187e-08,1.84901563e-01
5.59967187e-08,1.84900000e-01
5.60367187e-08,1.84900000e-01
5.60767187e-08,1.84901563e-01
5.61167187e-08,1.84898438e-01
5.61567187e-08,1.84903125e-01
5.61967187e-08,1.84895313e-01
5.62367187e-08,1.84906250e-01
5.62767187e-08,1.84892187e-01
5.63167187e-08,1.84910938e-01
5.63567187e-08,1.84884375e-01
5.63967187e-08,1.84926563e-01
5.64367187e-08,1.84850000e-01
5.64767187e-08,1.85103125e-01
5.65167187e-08,1.85359375e-01
5.65567187e-08,1.85264062e-01
5.65967187e-08,1.85328125e-01
5.66367187e-08,1.85276563e-01
5.66767187e-08,1.85323438e-01
5.67167187e-08,1.85273437e-01
5.67567187e-08,1.85332812e-01
5.67967187e-08,1.85243750e-01
5.68367187e-08,1.85507813e-01
5.68767187e-08,1.85756250e-01
5.69167187e-08,1.85665625e-01
5.69567187e-08,1.85728125e-01
5.69967187e-08,1.85675000e-01
5.70367187e-08,1.85726562e-01
5.70767187e-08,1.85670313e-01
5.71167187e-08,1.85739062e-01
5.71567187e-08,1.85637500e-01
5.71967187e-08,1.85915625e-01
5.72367187e-08,1.86146875e-01
5.72767187e-08,1.86078125e-01
5.73167187e-08,1.86112500e-01
5.73567187e-08,1.86092188e-01
5.73967187e-08,1.86103125e-01
5.74367187e-08,1.86100000e-01
5.74767187e-08,1.86098438e-01
5.75167187e-08,1.86104688e-01
5.75567187e-08,1.86092188e-01
5.75967187e-08,1.86110938e-01
5.76367187e-08,1.86082812e-01
5.76767187e-08,1.86128125e-01
5.77167187e-08,1.86046875e-01
5.77567187e-08,1.86307813e-01
5.77967187e-08,1.86554688e-01
5.78367187e-08,1.86470313e-01
5.78767187e-08,1.86520313e-01
5.79167187e-08,1.86485938e-01
5.79567187e-08,1.86510938e-01
5.79967187e-08,1.86492188e-01
5.80367187e-08,1.86504688e-01
5.80767187e-08,1.86496875e-01
5.81167187e-08,1.86500000e-01
5.81567187e-08,1.86503125e-01
5.81967187e-08,1.86493750e-01
5.82367187e-08,1.86512500e-01
5.82767187e-08,1.86478125e-01
5.83167187e-08,1.86548437e-01
5.83567187e-08,1.86298437e-01
5.83967187e-08,1.86039063e-01
5.84367187e-08,1.86135938e-01
5.84767187e-08,1.86073437e-01
5.85167187e-08,1.86121875e-01
5.85567187e-08,1.86082812e-01
5.85967187e-08,1.86115625e-01
5.86367187e-08,1.86085938e-01
5.86767187e-08,1.86112500e-01
5.87167187e-08,1.86089063e-01
5.87567187e-08,1.86110938e-01
5.87967187e-08,1.86090625e-01
5.88367187e-08,1.86109375e-01
5.88767187e-08,1.86092188e-01
5.89167187e-08,1.86107812e-01
5.89567187e-08,1.86093750e-01
5.89967187e-08,1.86106250e-01
5.90367187e-08,1.86093750e-01
5.90767187e-08,1.86104688e-01
5.91167187e-08,1.86095312e-01
5.91567187e-08,1.86104688e-01
5.91967187e-08,1.86095312e-01
5.92367187e-08,1.86103125e-01
5.92767187e-08,1.86096875e-01
5.93167187e-08,1.86103125e-01
5.93567187e-08,1.86098438e-01
5.93967187e-08,1.86101563e-01
5.94367187e-08,1.86098438e-01
5.94767187e-08,1.86100000e-01
5.95167187e-08,1.86100000e-01
5.95567187e-08,1.86098438e-01
5.95967187e-08,1.86103125e-01
5.96367187e-08,1.86095312e-01
5.96767187e-08,1.86106250e-01
5.97167187e-08,1.86092188e-01
5.97567187e-08,1.86110938e-01
5.97967188e-08,1.86082812e-01
5.98367187e-08,1.86126563e-01
5.98767187e-08,1.86048437e-01
5.99167187e-08,1.86304688e-01
5.99567187e-08,1.86556250e-01
5.99967187e-08,1.86467188e-01
6.00367187e-08,1.86523438e-01
6.00767188e-08,1.86482813e-01
6.01167187e-08,1.86514062e-01
6.01567187e-08,1.86489062e-01
6.01967187e-08,1.86509375e-01
6.02367187e-08,1.86493750e-01
6.02767187e-08,1.86504688e-01
6.03167187e-08,1.86496875e-01
6.03567188e-08,1.86500000e-01
6.03967187e-08,1.86503125e-01
6.04367187e-08,1.86490625e-01
6.04767187e-08,1.86518750e-01
6.05167187e-08,1.86456250e-01
6.05567187e-08,1.86698438e-01
6.05967187e-08,1.86964063e-01
6.06367188e-08,1.86859375e-01
6.06767187e-08,1.86931250e-01
6.07167187e-08,1.86875000e-01
6.07567187e-08,1.86921875e-01
6.07967187e-08,1.86879688e-01
6.08367188e-08,1.86918750e-01
6.08767187e-08,1.86882812e-01
6.09167188e-08,1.86915625e-01
6.09567187e-08,1.86884375e-01
6.09967187e-08,1.86915625e-01
6.10367187e-08,1.86885938e-01
6.10767187e-08,1.86914063e-01
6.11167188e-08,1.86885938e-01
6.11567187e-08,1.86914063e-01
6.11967188e-08,1.86887500e-01
6.12367187e-08,1.86912500e-01
6.12767187e-08,1.86887500e-01
6.13167187e-08,1.86912500e-01
6.13567187e-08,1.86887500e-01
6.13967188e-08,1.86912500e-01
6.14367187e-08,1.86887500e-01
6.14767188e-08,1.86912500e-01
6.15167187e-08,1.86887500e-01
6.15567187e-08,1.86912500e-01
6.15967187e-08,1.86887500e-01
6.16367187e-08,1.86912500e-01
6.16767188e-08,1.86887500e-01
6.17167187e-08,1.86912500e-01
6.17567188e-08,1.86887500e-01
6.17967187e-08,1.86912500e-01
6.18367187e-08,1.86887500e-01
6.18767187e-08,1.86912500e-01
6.19167187e-08,1.86887500e-01
6.19567188e-08,1.86914063e-01
6.19967187e-08,1.86885938e-01
6.20367188e-08,1.86914063e-01
6.20767187e-08,1.86884375e-01
6.21167187e-08,1.86915625e-01
6.21567187e-08,1.86882812e-01
6.21967187e-08,1.86917187e-01
6.22367188e-08,1.86881250e-01
6.22767187e-08,1.86921875e-01
6.23167188e-08,1.86875000e-01
6.23567187e-08,1.86929687e-01
6.23967187e-08,1.86860938e-01
6.24367187e-08,1.86965625e-01
6.24767187e-08,1.86681250e-01
6.25167188e-08,1.86456250e-01
6.25567187e-08,1.86518750e-01
6.25967188e-08,1.86490625e-01
6.26367187e-08,1.86503125e-01
6.26767187e-08,1.86500000e-01
6.27167187e-08,1.86496875e-01
6.27567187e-08,1.86506250e-01
6.27967188e-08,1.86489062e-01
6.28367187e-08,1.86517188e-01
6.28767187e-08,1.86473438e-01
6.29167187e-08,1.86551563e-01
6.29567187e-08,1.86295313e-01
6.29967187e-08,1.86043750e-01
6.30367187e-08,1.86132812e-01
6.30767188e-08,1.86076563e-01
6.31167187e-08,1.86118750e-01
6.31567187e-08,1.86082812e-01
6.31967187e-08,1.86115625e-01
6.32367187e-08,1.86084375e-01
6.32767187e-08,1.86115625e-01
6.33167187e-08,1.86081250e-01
6.33567188e-08,1.86121875e-01
6.33967187e-08,1.86068750e-01
6.34367187e-08,1.86154687e-01
6.34767187e-08,1.85892188e-01
6.35167187e-08,1.85645312e-01
6.35567187e-08,1.85731250e-01
6.35967187e-08,1.85676563e-01
6.36367188e-08,1.85718750e-01
6.36767187e-08,1.85684375e-01
6.37167187e-08,1.85715625e-01
6.37567187e-08,1.85685938e-01
6.37967187e-08,1.85714062e-01
6.38367187e-08,1.85685938e-01
6.38767187e-08,1.85714062e-01
6.39167188e-08,1.85684375e-01
6.39567187e-08,1.85717188e-01
6.39967187e-08,1.85679687e-01
6.40367187e-08,1.85725000e-01
6.40767187e-08,1.85665625e-01
6.41167187e-08,1.85759375e-01
6.41567187e-08,1.85487500e-01
6.41967188e-08,1.85250000e-01
6.42367187e-08,1.85326563e-01
6.42767187e-08,1.85282813e-01
6.43167187e-08,1.85312500e-01
6.43567187e-08,1.85290625e-01
6.43967187e-08,1.85307813e-01
6.44367187e-08,1.85293750e-01
6.44767188e-08,1.85306250e-01
6.45167187e-08,1.85293750e-01
6.45567187e-08,1.85304688e-01
6.45967187e-08,1.85295313e-01
6.46367187e-08,1.85304688e-01
6.46767187e-08,1.85295313e-01
6.47167187e-08,1.85304688e-01
6.47567188e-08,1.85293750e-01
6.47967187e-08,1.85306250e-01
6.48367187e-08,1.85292188e-01
6.48767187e-08,1.85309375e-01
6.49167187e-08,1.85287500e-01
6.49567187e-08,1.85317188e-01
6.49967187e-08,1.85273437e-01
6.50367188e-08,1.85351563e-01
6.50767187e-08,1.85095312e-01
6.51167187e-08,1.84842188e-01
6.51567187e-08,1.84934375e-01
6.51967187e-08,1.84875000e-01
6.52367188e-08,1.84920313e-01
6.52767187e-08,1.84881250e-01
6.53167188e-08,1.84917187e-01
6.53567187e-08,1.84884375e-01
6.53967187e-08,1.84914063e-01
6.54367187e-08,1.84885938e-01
6.54767187e-08,1.84914063e-01
6.55167188e-08,1.84885938e-01
6.55567187e-08,1.84914063e-01
6.55967188e-08,1.84885938e-01
6.56367187e-08,1.84915625e-01
6.56767187e-08,1.84884375e-01
6.57167187e-08,1.84917187e-01
6.57567187e-08,1.84881250e-01
6.57967188e-08,1.84920313e-01
6.58367187e-08,1.84876563e-01
6.58767188e-08,1.84928125e-01
6.59167187e-08,1.84862500e-01
6.59567187e-08,1.84962500e-01
6.59967187e-08,1.84684375e-01
6.60367187e-08,1.84453125e-01
6.60767188e-08,1.84521875e-01
6.61167187e-08,1.84487500e-01
6.61567188e-08,1.84507813e-01
6.61967187e-08,1.84495313e-01
6.62367187e-08,1.84503125e-01
6.62767187e-08,1.84500000e-01
6.63167187e-08,1.84500000e-01
6.63567188e-08,1.84501562e-01
6.63967187e-08,1.84496875e-01
6.64367188e-08,1.84503125e-01
6.64767187e-08,1.84495313e-01
6.65167187e-08,1.84504688e-01
6.65567187e-08,1.84493750e-01
6.65967187e-08,1.84507813e-01
6.66367188e-08,1.84492188e-01
6.66767187e-08,1.84509375e-01
6.67167187e-08,1.84489062e-01
6.67567187e-08,1.84512500e-01
6.67967187e-08,1.84484375e-01
6.68367187e-08,1.84518750e-01
6.68767187e-08,1.84476562e-01
6.69167188e-08,1.84534375e-01
6.69567187e-08,1.84440625e-01
6.69967187e-08,1.84712500e-01
6.70367187e-08,1.84948438e-01
6.70767187e-08,1.84875000e-01
6.71167187e-08,1.84914063e-01
6.71567187e-08,1.84890625e-01
6.71967188e-08,1.84904687e-01
6.72367187e-08,1.84898438e-01
6.72767187e-08,1.84898438e-01
6.73167187e-08,1.84903125e-01
6.73567187e-08,1.84893750e-01
6.73967187e-08,1.84910938e-01
6.74367187e-08,1.84882812e-01
6.74767188e-08,1.84926563e-01
6.75167187e-08,1.84846875e-01
6.75567187e-08,1.85106250e-01
6.75967187e-08,1.85354688e-01
6.76367187e-08,1.85270313e-01
6.76767187e-08,1.85320313e-01
6.77167187e-08,1.85285937e-01
6.77567188e-08,1.85309375e-01
6.77967187e-08,1.85293750e-01
6.78367187e-08,1.85303125e-01
6.78767187e-08,1.85301563e-01
6.79167187e-08,1.85292188e-01
6.79567187e-08,1.85317188e-01
6.79967187e-08,1.85257813e-01
6.80367188e-08,1.85496875e-01
6.80767187e-08,1.85765625e-01
6.81167187e-08,1.85657813e-01
6.81567187e-08,1.85732813e-01
6.81967187e-08,1.85671875e-01
6.82367187e-08,1.85725000e-01
6.82767187e-08,1.85676563e-01
6.83167188e-08,1.85721875e-01
6.83567187e-08,1.85678125e-01
6.83967187e-08,1.85721875e-01
6.84367187e-08,1.85676563e-01
6.84767187e-08,1.85726562e-01
6.85167187e-08,1.85668750e-01
6.85567187e-08,1.85739062e-01
6.85967188e-08,1.85635938e-01
6.86367187e-08,1.85917187e-01
6.86767187e-08,1.86145312e-01
6.87167187e-08,1.86078125e-01
6.87567187e-08,1.86112500e-01
6.87967187e-08,1.86092188e-01
6.88367187e-08,1.86106250e-01
6.88767188e-08,1.86096875e-01
6.89167187e-08,1.86103125e-01
6.89567187e-08,1.86098438e-01
6.89967187e-08,1.86100000e-01
6.90367187e-08,1.86100000e-01
6.90767187e-08,1.86100000e-01
6.91167187e-08,1.86100000e-01
6.91567188e-08,1.86098438e-01
6.91967187e-08,1.86101563e-01
6.92367187e-08,1.86098438e-01
6.92767187e-08,1.86101563e-01
6.93167187e-08,1.86098438e-01
6.93567187e-08,1.86101563e-01
6.93967187e-08,1.86098438e-01
6.94367188e-08,1.86101563e-01
6.94767187e-08,1.86098438e-01
6.95167187e-08,1.86101563e-01
6.95567187e-08,1.86096875e-01
6.95967187e-08,1.86103125e-01
6.96367188e-08,1.86096875e-01
6.96767187e-08,1.86103125e-01
6.97167188e-08,1.86096875e-01
6.97567187e-08,1.86103125e-01
6.97967187e-08,1.86096875e-01
6.98367187e-08,1.86103125e-01
6.98767187e-08,1.86096875e-01
6.99167188e-08,1.86103125e-01
6.99567187e-08,1.86096875e-01
6.99967188e-08,1.86104688e-01
7.00367187e-08,1.86095312e-01
7.00767187e-08,1.86104688e-01
7.01167187e-08,1.86095312e-01
7.01567187e-08,1.86104688e-01
7.01967188e-08,1.86093750e-01
7.02367187e-08,1.86106250e-01
7.02767188e-08,1.86092188e-01
7.03167187e-08,1.86107812e-01
7.03567187e-08,1.86090625e-01
7.03967187e-08,1.86110938e-01
7.04367187e-08,1.86085938e-01
7.04767188e-08,1.86118750e-01
7.05167187e-08,1.86071875e-01
7.05567187e-08,1.86153125e-01
7.05967187e-08,1.85893750e-01
7.06367187e-08,1.85643750e-01
7.06767187e-08,1.85732813e-01
7.07167187e-08,1.85675000e-01
7.07567188e-08,1.85720313e-01
7.07967187e-08,1.85681250e-01
7.08367187e-08,1.85718750e-01
7.08767187e-08,1.85679687e-01
7.09167187e-08,1.85723438e-01
7.09567187e-08,1.85667187e-01
7.09967187e-08,1.85756250e-01
7.10367188e-08,1.85490625e-01
7.10767187e-08,1.85245313e-01
7.11167187e-08,1.85331250e-01
7.11567187e-08,1.85276563e-01
7.11967187e-08,1.85318750e-01
7.12367187e-08,1.85284375e-01
7.12767187e-08,1.85315625e-01
7.13167188e-08,1.85285937e-01
7.13567187e-08,1.85314063e-01
7.13967187e-08,1.85284375e-01
7.14367187e-08,1.85315625e-01
7.14767187e-08,1.85282813e-01
7.15167187e-08,1.85318750e-01
7.15567187e-08,1.85276563e-01
7.15967188e-08,1.85328125e-01
7.16367187e-08,1.85260938e-01
7.16767187e-08,1.85364063e-01
7.17167187e-08,1.85081250e-01
7.17567187e-08,1.84857812e-01
7.17967187e-08,1.84917187e-01
7.18367187e-08,1.84895313e-01
7.18767188e-08,1.84895313e-01
7.19167187e-08,1.84917187e-01
7.19567187e-08,1.84854688e-01
7.19967187e-08,1.85098438e-01
7.20367187e-08,1.85362500e-01
7.20767187e-08,1.85262500e-01
7.21167187e-08,1.85326563e-01
7.21567188e-08,1.85278125e-01
7.21967187e-08,1.85318750e-01
7.22367187e-08,1.85284375e-01
7.22767187e-08,1.85314063e-01
7.23167187e-08,1.85287500e-01
7.23567187e-08,1.85310937e-01
7.23967187e-08,1.85289063e-01
7.24367188e-08,1.85309375e-01
7.24767187e-08,1.85290625e-01
7.25167187e-08,1.85307813e-01
7.25567187e-08,1.85292188e-01
7.25967187e-08,1.85307813e-01
7.26367187e-08,1.85292188e-01
7.26767187e-08,1.85306250e-01
7.27167188e-08,1.85293750e-01
7.27567187e-08,1.85306250e-01
7.27967187e-08,1.85293750e-01
7.28367187e-08,1.85306250e-01
7.28767187e-08,1.85295313e-01
7.29167187e-08,1.85304688e-01
7.29567187e-08,1.85295313e-01
7.29967188e-08,1.85304688e-01
7.30367187e-08,1.85295313e-01
7.30767187e-08,1.85303125e-01
7.31167187e-08,1.85296875e-01
7.31567187e-08,1.85303125e-01
7.31967187e-08,1.85296875e-01
7.32367187e-08,1.85303125e-01
7.32767188e-08,1.85298437e-01
7.33167187e-08,1.85301563e-01
7.33567187e-08,1.85298437e-01
7.33967187e-08,1.85300000e-01
7.34367187e-08,1.85300000e-01
7.34767187e-08,1.85298437e-01
7.35167187e-08,1.85303125e-01
7.35567188e-08,1.85295313e-01
7.35967187e-08,1.85306250e-01
7.36367187e-08,1.85290625e-01
7.36767187e-08,1.85315625e-01
7.37167187e-08,1.85275000e-01
7.37567188e-08,1.85350000e-01
7.37967187e-08,1.85096875e-01
7.38367188e-08,1.84842188e-01
7.38767187e-08,1.84934375e-01
7.39167187e-08,1.84876563e-01
7.39567187e-08,1.84917187e-01
7.39967187e-08,1.84887500e-01
7.40367188e-08,1.84907813e-01
7.40767187e-08,1.84898438e-01
7.41167188e-08,1.84892187e-01
7.41567187e-08,1.84932813e-01
7.41967187e-08,1.84714062e-01
7.42367187e-08,1.84423438e-01
7.42767187e-08,1.84553125e-01
7.43167188e-08,1.84454688e-01
7.43567187e-08,1.84542188e-01
7.43967187e-08,1.84456250e-01
7.44367187e-08,1.84545313e-01
7.44767187e-08,1.84445313e-01
7.45167187e-08,1.84578125e-01
7.45567187e-08,1.84268750e-01
7.45967188e-08,1.84068750e-01
7.46367187e-08,1.84107812e-01
7.46767187e-08,1.84101563e-01
7.47167187e-08,1.84092188e-01
7.47567187e-08,1.84110938e-01
7.47967187e-08,1.84085938e-01
7.48367187e-08,1.84117188e-01
7.48767188e-08,1.84078125e-01
7.49167187e-08,1.84126563e-01
7.49567187e-08,1.84062500e-01
7.49967187e-08,1.84162500e-01
7.50367187e-08,1.83882813e-01
7.50767187e-08,1.83654687e-01
7.51167187e-08,1.83720313e-01
7.51567188e-08,1.83689062e-01
7.51967187e-08,1.83706250e-01
7.52367187e-08,1.83696875e-01
7.52767187e-08,1.83700000e-01
7.53167187e-08,1.83701562e-01
7.53567187e-08,1.83696875e-01
7.53967187e-08,1.83704688e-01
7.54367188e-08,1.83693750e-01
7.54767187e-08,1.83707813e-01
7.55167187e-08,1.83690625e-01
7.55567187e-08,1.83710938e-01
7.55967187e-08,1.83687500e-01
7.56367187e-08,1.83714062e-01
7.56767187e-08,1.83684375e-01
7.57167188e-08,1.83720313e-01
7.57567187e-08,1.83675000e-01
7.57967187e-08,1.83735938e-01
7.58367187e-08,1.83639063e-01
7.58767187e-08,1.83914063e-01
7.59167187e-08,1.84148438e-01
7.59567187e-08,1.84076563e-01
7.59967188e-08,1.84114063e-01
7.60367187e-08,1.84092188e-01
7.60767187e-08,1.84104688e-01
7.61167187e-08,1.84098438e-01
7.61567187e-08,1.84100000e-01
7.61967187e-08,1.84101563e-01
7.62367187e-08,1.84096875e-01
7.62767188e-08,1.84104688e-01
7.63167187e-08,1.84092188e-01
7.63567187e-08,1.84109375e-01
7.63967187e-08,1.84087500e-01
7.64367187e-08,1.84115625e-01
7.64767187e-08,1.84079688e-01
7.65167187e-08,1.84131250e-01
7.65567188e-08,1.84043750e-01
7.65967187e-08,1.84309375e-01
7.66367187e-08,1.84551563e-01
7.66767187e-08,1.84471875e-01
7.67167187e-08,1.84518750e-01
7.67567187e-08,1.84487500e-01
7.67967187e-08,1.84509375e-01
7.68367188e-08,1.84493750e-01
7.68767187e-08,1.84504688e-01
7.69167187e-08,1.84496875e-01
7.69567187e-08,1.84501562e-01
7.69967187e-08,1.84500000e-01
7.70367187e-08,1.84500000e-01
7.70767187e-08,1.84501562e-01
7.71167188e-08,1.84496875e-01
7.71567187e-08,1.84503125e-01
7.71967187e-08,1.84495313e-01
7.72367187e-08,1.84506250e-01
7.72767187e-08,1.84492188e-01
7.73167187e-08,1.84509375e-01
7.73567187e-08,1.84487500e-01
7.73967188e-08,1.84515625e-01
7.74367187e-08,1.84478125e-01
7.74767187e-08,1.84531250e-01
7.75167187e-08,1.84442188e-01
7.75567187e-08,1.84710938e-01
7.75967187e-08,1.84950000e-01
7.76367187e-08,1.84875000e-01
7.76767188e-08,1.84915625e-01
7.77167187e-08,1.84890625e-01
7.77567187e-08,1.84903125e-01
7.77967187e-08,1.84901563e-01
7.78367187e-08,1.84892187e-01
7.78767187e-08,1.84918750e-01
7.79167187e-08,1.84856250e-01
7.79567188e-08,1.85096875e-01
7.79967187e-08,1.85365625e-01
7.80367187e-08,1.85257813e-01
7.80767187e-08,1.85334375e-01
7.81167187e-08,1.85265625e-01
7.81567188e-08,1.85339063e-01
7.81967187e-08,1.85240625e-01
7.82367187e-08,1.85507813e-01
7.82767187e-08,1.85757813e-01
7.83167187e-08,1.85659375e-01
7.83567187e-08,1.85743750e-01
7.83967187e-08,1.85635938e-01
7.84367188e-08,1.85915625e-01
7.84767187e-08,1.86145312e-01
7.85167187e-08,1.86079688e-01
7.85567187e-08,1.86107812e-01
7.85967187e-08,1.86106250e-01
7.86367187e-08,1.86067188e-01
7.86767187e-08,1.86285937e-01
7.87167188e-08,1.86576563e-01
7.87567187e-08,1.86446875e-01
7.87967187e-08,1.86546875e-01
7.88367187e-08,1.86453125e-01
7.88767187e-08,1.86553125e-01
7.89167187e-08,1.86425000e-01
7.89567187e-08,1.86726562e-01
7.89967188e-08,1.86935938e-01
7.90367187e-08,1.86885938e-01
7.90767187e-08,1.86904687e-01
7.91167187e-08,1.86900000e-01
7.91567187e-08,1.86896875e-01
7.91967187e-08,1.86906250e-01
7.92367187e-08,1.86892188e-01
7.92767188e-08,1.86909375e-01
7.93167187e-08,1.86887500e-01
7.93567187e-08,1.86915625e-01
7.93967187e-08,1.86879688e-01
7.94367187e-08,1.86931250e-01
7.94767187e-08,1.86843750e-01
7.95167187e-08,1.87109375e-01
7.95567188e-08,1.87353125e-01
7.95967187e-08,1.87270313e-01
7.96367187e-08,1.87320313e-01
7.96767187e-08,1.87284375e-01
7.97167187e-08,1.87312500e-01
7.97567187e-08,1.87290625e-01
7.97967187e-08,1.87307813e-01
7.98367188e-08,1.87292188e-01
7.98767187e-08,1.87306250e-01
7.99167187e-08,1.87293750e-01
7.99567187e-08,1.87304688e-01
7.99967187e-08,1.87295313e-01
8.00367187e-08,1.87304688e-01
8.00767187e-08,1.87295313e-01
8.01167188e-08,1.87303125e-01
8.01567187e-08,1.87296875e-01
8.01967187e-08,1.87303125e-01
8.02367187e-08,1.87296875e-01
8.02767187e-08,1.87301563e-01
8.03167187e-08,1.87298437e-01
8.03567187e-08,1.87301563e-01
8.03967188e-08,1.87300000e-01
8.04367187e-08,1.87300000e-01
8.04767187e-08,1.87301563e-01
8.05167187e-08,1.87296875e-01
8.05567187e-08,1.87306250e-01
8.05967187e-08,1.87289063e-01
8.06367187e-08,1.87320313e-01
8.06767188e-08,1.87254688e-01
8.07167187e-08,1.87496875e-01
8.07567187e-08,1.87765625e-01
8.07967187e-08,1.87657813e-01
8.08367187e-08,1.87734375e-01
8.08767187e-08,1.87668750e-01
8.09167187e-08,1.87729688e-01
8.09567188e-08,1.87670313e-01
8.09967187e-08,1.87731250e-01
8.10367187e-08,1.87664063e-01
8.10767187e-08,1.87745313e-01
8.11167187e-08,1.87629688e-01
8.11567187e-08,1.87921875e-01
8.11967187e-08,1.88139063e-01
8.12367188e-08,1.88084375e-01
8.12767187e-08,1.88106250e-01
8.13167187e-08,1.88100000e-01
8.13567187e-08,1.88096875e-01
8.13967187e-08,1.88107812e-01
8.14367187e-08,1.88089063e-01
8.14767187e-08,1.88115625e-01
8.15167188e-08,1.88079688e-01
8.15567187e-08,1.88131250e-01
8.15967187e-08,1.88043750e-01
8.16367187e-08,1.88309375e-01
8.16767187e-08,1.88551563e-01
8.17167187e-08,1.88471875e-01
8.17567187e-08,1.88517188e-01
8.17967188e-08,1.88487500e-01
8.18367187e-08,1.88509375e-01
8.18767187e-08,1.88493750e-01
8.19167187e-08,1.88504688e-01
8.19567187e-08,1.88496875e-01
8.19967187e-08,1.88501562e-01
8.20367187e-08,1.88500000e-01
8.20767187e-08,1.88500000e-01
8.21167187e-08,1.88501562e-01
8.21567187e-08,1.88496875e-01
8.21967187e-08,1.88503125e-01
8.22367187e-08,1.88495313e-01
8.22767187e-08,1.88506250e-01
8.23167187e-08,1.88492188e-01
8.23567187e-08,1.88510938e-01
8.23967187e-08,1.88485938e-01
8.24367187e-08,1.88518750e-01
8.24767187e-08,1.88471875e-01
8.25167187e-08,1.88553125e-01
8.25567188e-08,1.88293750e-01
8.25967187e-08,1.88043750e-01
8.26367187e-08,1.88131250e-01
8.26767187e-08,1.88078125e-01
8.27167187e-08,1.88117188e-01
8.27567187e-08,1.88084375e-01
8.27967187e-08,1.88114063e-01
8.28367188e-08,1.88087500e-01
8.28767187e-08,1.88114063e-01
8.29167187e-08,1.88084375e-01
8.29567187e-08,1.88118750e-01
8.29967187e-08,1.88073437e-01
8.30367187e-08,1.88150000e-01
8.30767187e-08,1.87898438e-01
8.31167188e-08,1.87639063e-01
8.31567187e-08,1.87739062e-01
8.31967187e-08,1.87667187e-01
8.32367187e-08,1.87731250e-01
8.32767187e-08,1.87668750e-01
8.33167187e-08,1.87735938e-01
8.33567187e-08,1.87654688e-01
8.33967188e-08,1.87768750e-01
8.34367187e-08,1.87476562e-01
8.34767187e-08,1.87260938e-01
8.35167187e-08,1.87312500e-01
8.35567187e-08,1.87298437e-01
8.35967187e-08,1.87293750e-01
8.36367187e-08,1.87315625e-01
8.36767188e-08,1.87271875e-01
8.37167187e-08,1.87354688e-01
8.37567187e-08,1.87090625e-01
8.37967187e-08,1.86850000e-01
8.38367187e-08,1.86925000e-01
8.38767187e-08,1.86887500e-01
8.39167187e-08,1.86903125e-01
8.39567188e-08,1.86904687e-01
8.39967187e-08,1.86882812e-01
8.40367187e-08,1.86945313e-01
8.40767187e-08,1.86700000e-01
8.41167187e-08,1.86439063e-01
8.41567187e-08,1.86534375e-01
8.41967187e-08,1.86478125e-01
8.42367188e-08,1.86514062e-01
8.42767187e-08,1.86495313e-01
8.43167187e-08,1.86493750e-01
8.43567187e-08,1.86532813e-01
8.43967187e-08,1.86312500e-01
8.44367187e-08,1.86025000e-01
8.44767187e-08,1.86150000e-01
8.45167188e-08,1.86059375e-01
8.45567187e-08,1.86135938e-01
8.45967187e-08,1.86067188e-01
8.46367187e-08,1.86131250e-01
8.46767187e-08,1.86068750e-01
8.47167187e-08,1.86131250e-01
8.47567187e-08,1.86065625e-01
8.47967188e-08,1.86137500e-01
8.48367187e-08,1.86053125e-01
8.48767187e-08,1.86171875e-01
8.49167187e-08,1.85876563e-01
8.49567187e-08,1.85660938e-01
8.49967187e-08,1.85715625e-01
8.50367187e-08,1.85693750e-01
8.50767188e-08,1.85701563e-01
8.51167187e-08,1.85701563e-01
8.51567187e-08,1.85696875e-01
8.51967187e-08,1.85704688e-01
8.52367187e-08,1.85693750e-01
8.52767187e-08,1.85707813e-01
8.53167187e-08,1.85692187e-01
8.53567188e-08,1.85709375e-01
8.53967187e-08,1.85689063e-01
8.54367187e-08,1.85712500e-01
8.54767187e-08,1.85685938e-01
8.55167187e-08,1.85715625e-01
8.55567187e-08,1.85681250e-01
8.55967187e-08,1.85725000e-01
8.56367187e-08,1.85665625e-01
8.56767187e-08,1.85759375e-01
8.57167187e-08,1.85487500e-01
8.57567187e-08,1.85250000e-01
8.57967187e-08,1.85325000e-01
8.58367187e-08,1.85284375e-01
8.58767187e-08,1.85310937e-01
8.59167187e-08,1.85292188e-01
8.59567187e-08,1.85304688e-01
8.59967187e-08,1.85296875e-01
8.60367187e-08,1.85301563e-01
8.60767187e-08,1.85300000e-01
8.61167187e-08,1.85298437e-01
8.61567187e-08,1.85303125e-01
8.61967187e-08,1.85295313e-01
8.62367187e-08,1.85307813e-01
8.62767187e-08,1.85289063e-01
8.63167187e-08,1.85315625e-01
8.63567187e-08,1.85273437e-01
8.63967187e-08,1.85351563e-01
8.64367187e-08,1.85095312e-01
8.64767187e-08,1.84842188e-01
8.65167187e-08,1.84934375e-01
8.65567187e-08,1.84875000e-01
8.65967187e-08,1.84918750e-01
8.66367187e-08,1.84884375e-01
8.66767188e-08,1.84914063e-01
8.67167187e-08,1.84887500e-01
8.67567187e-08,1.84910938e-01
8.67967187e-08,1.84889063e-01
8.68367187e-08,1.84909375e-01
8.68767187e-08,1.84890625e-01
8.69167187e-08,1.84909375e-01
8.69567188e-08,1.84890625e-01
8.69967187e-08,1.84907813e-01
8.70367187e-08,1.84892187e-01
8.70767187e-08,1.84907813e-01
8.71167187e-08,1.84892187e-01
8.71567187e-08,1.84907813e-01
8.71967187e-08,1.84892187e-01
8.72367188e-08,1.84907813e-01
8.72767187e-08,1.84892187e-01
8.73167187e-08,1.84907813e-01
8.73567187e-08,1.84892187e-01
8.73967187e-08,1.84907813e-01
8.74367187e-08,1.84892187e-01
8.74767187e-08,1.84907813e-01
8.75167188e-08,1.84892187e-01
8.75567187e-08,1.84907813e-01
8.75967187e-08,1.84890625e-01
8.76367187e-08,1.84909375e-01
8.76767187e-08,1.84890625e-01
8.77167187e-08,1.84909375e-01
8.77567187e-08,1.84889063e-01
8.77967188e-08,1.84910938e-01
8.78367187e-08,1.84889063e-01
8.78767187e-08,1.84912500e-01
8.79167187e-08,1.84885938e-01
8.79567187e-08,1.84915625e-01
8.79967187e-08,1.84882812e-01
8.80367187e-08,1.84920313e-01
8.80767188e-08,1.84873438e-01
8.81167187e-08,1.84935938e-01
8.81567187e-08,1.84839063e-01
8.81967187e-08,1.85114063e-01
8.82367187e-08,1.85348438e-01
8.82767187e-08,1.85276563e-01
8.83167187e-08,1.85314063e-01
8.83567188e-08,1.85292188e-01
8.83967187e-08,1.85304688e-01
8.84367187e-08,1.85298437e-01
8.84767187e-08,1.85300000e-01
8.85167187e-08,1.85303125e-01
8.85567187e-08,1.85293750e-01
8.85967187e-08,1.85309375e-01
8.86367188e-08,1.85284375e-01
8.86767187e-08,1.85325000e-01
8.87167187e-08,1.85250000e-01
8.87567187e-08,1.85503125e-01
8.87967187e-08,1.85759375e-01
8.88367187e-08,1.85665625e-01
8.88767187e-08,1.85725000e-01
8.89167188e-08,1.85679687e-01
8.89567187e-08,1.85718750e-01
8.89967187e-08,1.85682813e-01
8.90367187e-08,1.85715625e-01
8.90767187e-08,1.85684375e-01
8.91167187e-08,1.85715625e-01
8.91567187e-08,1.85682813e-01
8.91967188e-08,1.85718750e-01
8.92367187e-08,1.85676563e-01
8.92767187e-08,1.85732813e-01
8.93167187e-08,1.85643750e-01
8.93567187e-08,1.85909375e-01
8.93967187e-08,1.86153125e-01
8.94367187e-08,1.86070313e-01
8.94767187e-08,1.86121875e-01
8.95167187e-08,1.86082812e-01
8.95567187e-08,1.86115625e-01
8.95967187e-08,1.86085938e-01
8.96367187e-08,1.86114063e-01
8.96767187e-08,1.86085938e-01
8.97167187e-08,1.86114063e-01
8.97567187e-08,1.86084375e-01
8.97967187e-08,1.86118750e-01
8.98367187e-08,1.86076563e-01
8.98767187e-08,1.86132812e-01
8.99167187e-08,1.86043750e-01
8.99567187e-08,1.86309375e-01
8.99967187e-08,1.86553125e-01
9.00367187e-08,1.86470313e-01
9.00767187e-08,1.86520313e-01
9.01167187e-08,1.86484375e-01
9.01567187e-08,1.86512500e-01
9.01967187e-08,1.86489062e-01
9.02367187e-08,1.86510938e-01
9.02767187e-08,1.86489062e-01
9.03167187e-08,1.86510938e-01
9.03567187e-08,1.86489062e-01
9.03967187e-08,1.86510938e-01
9.04367187e-08,1.86487500e-01
9.04767187e-08,1.86515625e-01
9.05167187e-08,1.86479688e-01
9.05567187e-08,1.86529688e-01
9.05967187e-08,1.86446875e-01
9.06367187e-08,1.86706250e-01
9.06767187e-08,1.86956250e-01
9.07167187e-08,1.86867188e-01
9.07567187e-08,1.86923438e-01
9.07967187e-08,1.86881250e-01
9.08367187e-08,1.86917187e-01
9.08767187e-08,1.86884375e-01
9.09167187e-08,1.86914063e-01
9.09567187e-08,1.86887500e-01
9.09967187e-08,1.86912500e-01
9.10367187e-08,1.86887500e-01
9.10767188e-08,1.86912500e-01
9.11167187e-08,1.86885938e-01
9.11567187e-08,1.86914063e-01
9.11967187e-08,1.86884375e-01
9.12367187e-08,1.86915625e-01
9.12767187e-08,1.86881250e-01
9.13167187e-08,1.86921875e-01
9.13567188e-08,1.86873438e-01
9.13967187e-08,1.86935938e-01
9.14367187e-08,1.86839063e-01
9.14767187e-08,1.87114063e-01
9.15167187e-08,1.87348438e-01
9.15567187e-08,1.87276563e-01
9.15967187e-08,1.87314063e-01
9.16367188e-08,1.87290625e-01
9.16767187e-08,1.87306250e-01
9.17167187e-08,1.87295313e-01
9.17567187e-08,1.87301563e-01
9.17967187e-08,1.87298437e-01
9.18367187e-08,1.87300000e-01
9.18767187e-08,1.87301563e-01
9.19167188e-08,1.87296875e-01
9.19567187e-08,1.87304688e-01
9.19967187e-08,1.87295313e-01
9.20367187e-08,1.87307813e-01
9.20767187e-08,1.87290625e-01
9.21167187e-08,1.87312500e-01
9.21567187e-08,1.87282813e-01
9.21967188e-08,1.87328125e-01
9.22367187e-08,1.87246875e-01
9.22767187e-08,1.87504688e-01
9.23167187e-08,1.87756250e-01
9.23567187e-08,1.87667187e-01
9.23967187e-08,1.87723438e-01
9.24367187e-08,1.87681250e-01
9.24767188e-08,1.87717187e-01
9.25167187e-08,1.87684375e-01
9.25567187e-08,1.87714063e-01
9.25967187e-08,1.87685938e-01
9.26367187e-08,1.87714063e-01
9.26767187e-08,1.87684375e-01
9.27167187e-08,1.87718750e-01
9.27567188e-08,1.87676563e-01
9.27967187e-08,1.87731250e-01
9.28367187e-08,1.87643750e-01
9.28767187e-08,1.87909375e-01
9.29167187e-08,1.88153125e-01
9.29567187e-08,1.88070313e-01
9.29967187e-08,1.88121875e-01
9.30367188e-08,1.88082813e-01
9.30767187e-08,1.88114063e-01
9.31167187e-08,1.88087500e-01
9.31567187e-08,1.88110938e-01
9.31967187e-08,1.88089063e-01
9.32367187e-08,1.88109375e-01
9.32767187e-08,1.88090625e-01
9.33167187e-08,1.88109375e-01
9.33567187e-08,1.88090625e-01
9.33967187e-08,1.88109375e-01
9.34367187e-08,1.88090625e-01
9.34767187e-08,1.88109375e-01
9.35167187e-08,1.88090625e-01
9.35567187e-08,1.88109375e-01
9.35967187e-08,1.88090625e-01
9.36367187e-08,1.88109375e-01
9.36767187e-08,1.88089063e-01
9.37167187e-08,1.88110938e-01
9.37567187e-08,1.88089063e-01
9.37967187e-08,1.88112500e-01
9.38367187e-08,1.88087500e-01
9.38767187e-08,1.88114063e-01
9.39167187e-08,1.88085937e-01
9.39567187e-08,1.88115625e-01
9.39967187e-08,1.88082813e-01
9.40367187e-08,1.88120312e-01
9.40767187e-08,1.88076563e-01
9.41167187e-08,1.88129688e-01
9.41567187e-08,1.88060937e-01
9.41967187e-08,1.88164063e-01
9.42367187e-08,1.87881250e-01
9.42767187e-08,1.87656250e-01
9.43167187e-08,1.87718750e-01
9.43567187e-08,1.87692187e-01
9.43967187e-08,1.87701563e-01
9.44367187e-08,1.87703125e-01
9.44767187e-08,1.87690625e-01
9.45167187e-08,1.87715625e-01
9.45567187e-08,1.87673438e-01
9.45967187e-08,1.87751562e-01
9.46367187e-08,1.87493750e-01
9.46767187e-08,1.87245313e-01
9.47167187e-08,1.87331250e-01
9.47567187e-08,1.87279688e-01
9.47967187e-08,1.87315625e-01
9.48367187e-08,1.87287500e-01
9.48767187e-08,1.87309375e-01
9.49167187e-08,1.87292188e-01
9.49567187e-08,1.87306250e-01
9.49967187e-08,1.87295313e-01
9.50367187e-08,1.87304688e-01
9.50767187e-08,1.87296875e-01
9.51167187e-08,1.87303125e-01
9.51567187e-08,1.87298437e-01
9.51967187e-08,1.87301563e-01
9.52367187e-08,1.87300000e-01
9.52767187e-08,1.87300000e-01
9.53167187e-08,1.87301563e-01
9.53567187e-08,1.87298437e-01
9.53967187e-08,1.87301563e-01
9.54367187e-08,1.87296875e-01
9.54767188e-08,1.87303125e-01
9.55167187e-08,1.87295313e-01
9.55567187e-08,1.87304688e-01
9.55967187e-08,1.87293750e-01
9.56367187e-08,1.87306250e-01
9.56767187e-08,1.87292188e-01
9.57167187e-08,1.87309375e-01
9.57567188e-08,1.87289063e-01
9.57967187e-08,1.87314063e-01
9.58367187e-08,1.87282813e-01
9.58767187e-08,1.87321875e-01
9.59167187e-08,1.87267188e-01
9.59567187e-08,1.87357812e-01
9.59967187e-08,1.87089063e-01
9.60367188e-08,1.86848438e-01
9.60767187e-08,1.86926563e-01
9.61167187e-08,1.86882812e-01
9.61567187e-08,1.86910938e-01
9.61967187e-08,1.86892188e-01
9.62367187e-08,1.86904687e-01
9.62767187e-08,1.86898438e-01
9.63167188e-08,1.86900000e-01
9.63567187e-08,1.86903125e-01
9.63967187e-08,1.86892188e-01
9.64367187e-08,1.86912500e-01
9.64767187e-08,1.86878125e-01
9.65167187e-08,1.86948438e-01
9.65567187e-08,1.86700000e-01
9.65967188e-08,1.86437500e-01
9.66367187e-08,1.86539063e-01
9.66767187e-08,1.86470313e-01
9.67167187e-08,1.86526562e-01
9.67567187e-08,1.86473438e-01
9.67967187e-08,1.86528125e-01
9.68367187e-08,1.86464062e-01
9.68767188e-08,1.86559375e-01
9.69167187e-08,1.86289063e-01
9.69567187e-08,1.86046875e-01
9.69967187e-08,1.86131250e-01
9.70367187e-08,1.86076563e-01
9.70767187e-08,1.86120312e-01
9.71167187e-08,1.86081250e-01
9.71567187e-08,1.86120312e-01
9.71967187e-08,1.86078125e-01
9.72367187e-08,1.86126563e-01
9.72767187e-08,1.86064063e-01
9.73167187e-08,1.86160938e-01
9.73567187e-08,1.85885938e-01
9.73967187e-08,1.85651563e-01
9.74367187e-08,1.85725000e-01
9.74767187e-08,1.85685938e-01
9.75167187e-08,1.85709375e-01
9.75567187e-08,1.85693750e-01
9.75967187e-08,1.85703125e-01
9.76367187e-08,1.85700000e-01
9.76767187e-08,1.85698438e-01
9.77167187e-08,1.85704688e-01
9.77567187e-08,1.85692187e-01
9.77967187e-08,1.85710938e-01
9.78367187e-08,1.85682813e-01
9.78767187e-08,1.85726562e-01
9.79167187e-08,1.85646875e-01
9.79567187e-08,1.85906250e-01
9.79967187e-08,1.86154687e-01
9.80367187e-08,1.86068750e-01
9.80767187e-08,1.86120312e-01
9.81167187e-08,1.86084375e-01
9.81567187e-08,1.86110938e-01
9.81967187e-08,1.86092188e-01
9.82367187e-08,1.86106250e-01
9.82767187e-08,1.86096875e-01
9.83167187e-08,1.86100000e-01
9.83567187e-08,1.86103125e-01
9.83967187e-08,1.86090625e-01
9.84367187e-08,1.86118750e-01
9.84767187e-08,1.86056250e-01
9.85167187e-08,1.86296875e-01
9.85567187e-08,1.86564063e-01
9.85967187e-08,1.86459375e-01
9.86367187e-08,1.86531250e-01
9.86767187e-08,1.86473438e-01
9.87167187e-08,1.86525000e-01
9.87567187e-08,1.86476562e-01
9.87967187e-08,1.86523438e-01
9.88367187e-08,1.86476562e-01
9.88767187e-08,1.86526562e-01
9.89167187e-08,1.86470313e-01
9.89567187e-08,1.86539063e-01
9.89967187e-08,1.86437500e-01
9.90367187e-08,1.86715625e-01
9.90767187e-08,1.86946875e-01
9.91167187e-08,1.86876563e-01
9.91567187e-08,1.86915625e-01
9.91967187e-08,1.86889063e-01
9.92367187e-08,1.86907812e-01
9.92767187e-08,1.86893750e-01
9.93167187e-08,1.86904687e-01
9.93567187e-08,1.86895313e-01
9.93967187e-08,1.86904687e-01
9.94367187e-08,1.86896875e-01
9.94767187e-08,1.86903125e-01
9.95167187e-08,1.86896875e-01
9.95567187e-08,1.86903125e-01
9.95967188e-08,1.86896875e-01
9.96367187e-08,1.86903125e-01
9.96767187e-08,1.86896875e-01
9.97167187e-08,1.86903125e-01
9.97567187e-08,1.86896875e-01
9.97967187e-08,1.86903125e-01
9.98367187e-08,1.86896875e-01
9.98767188e-08,1.86904687e-01
9.99167187e-08,1.86895313e-01
9.99567187e-08,1.86904687e-01
9.99967187e-08,1.86895313e-01
1.00036719e-07,1.86906250e-01
1.00076719e-07,1.86893750e-01
1.00116719e-07,1.86906250e-01
1.00156719e-07,1.86892188e-01
1.00196719e-07,1.86907812e-01
1.00236719e-07,1.86890625e-01
1.00276719e-07,1.86910938e-01
1.00316719e-07,1.86887500e-01
1.00356719e-07,1.86914063e-01
1.00396719e-07,1.86881250e-01
1.00436719e-07,1.86923438e-01
1.00476719e-07,1.86867188e-01
1.00516719e-07,1.86959375e-01
1.00556719e-07,1.86687500e-01
1.00596719e-07,1.86450000e-01
1.00636719e-07,1.86525000e-01
1.00676719e-07,1.86485938e-01
1.00716719e-07,1.86509375e-01
1.00756719e-07,1.86495313e-01
1.00796719e-07,1.86501562e-01
1.00836719e-07,1.86503125e-01
1.00876719e-07,1.86493750e-01
1.00916719e-07,1.86512500e-01
1.00956719e-07,1.86476562e-01
1.00996719e-07,1.86548437e-01
1.01036719e-07,1.86296875e-01
1.01076719e-07,1.86040625e-01
1.01116719e-07,1.86134375e-01
1.01156719e-07,1.86075000e-01
1.01196719e-07,1.86120312e-01
1.01236719e-07,1.86082812e-01
1.01276719e-07,1.86114063e-01
1.01316719e-07,1.86087500e-01
1.01356719e-07,1.86110938e-01
1.01396719e-07,1.86090625e-01
1.01436719e-07,1.86109375e-01
1.01476719e-07,1.86092188e-01
1.01516719e-07,1.86107812e-01
1.01556719e-07,1.86092188e-01
1.01596719e-07,1.86106250e-01
1.01636719e-07,1.86093750e-01
1.01676719e-07,1.86106250e-01
1.01716719e-07,1.86095312e-01
1.01756719e-07,1.86104688e-01
1.01796719e-07,1.86095312e-01
1.01836719e-07,1.86104688e-01
1.01876719e-07,1.86096875e-01
1.01916719e-07,1.86103125e-01
1.01956719e-07,1.86096875e-01
1.01996719e-07,1.86103125e-01
1.02036719e-07,1.86098438e-01
1.02076719e-07,1.86101563e-01
1.02116719e-07,1.86098438e-01
1.02156719e-07,1.86100000e-01
1.02196719e-07,1.86100000e-01
1.02236719e-07,1.86100000e-01
1.02276719e-07,1.86101563e-01
1.02316719e-07,1.86098438e-01
1.02356719e-07,1.86103125e-01
1.02396719e-07,1.86095312e-01
1.02436719e-07,1.86106250e-01
1.02476719e-07,1.86092188e-01
1.02516719e-07,1.86110938e-01
1.02556719e-07,1.86084375e-01
1.02596719e-07,1.86125000e-01
1.02636719e-07,1.86050000e-01
1.02676719e-07,1.86303125e-01
1.02716719e-07,1.86557813e-01
1.02756719e-07,1.86465625e-01
1.02796719e-07,1.86525000e-01
1.02836719e-07,1.86479688e-01
1.02876719e-07,1.86517188e-01
1.02916719e-07,1.86484375e-01
1.02956719e-07,1.86514062e-01
1.02996719e-07,1.86487500e-01
1.03036719e-07,1.86512500e-01
1.03076719e-07,1.86487500e-01
1.03116719e-07,1.86512500e-01
1.03156719e-07,1.86487500e-01
1.03196719e-07,1.86512500e-01
1.03236719e-07,1.86487500e-01
1.03276719e-07,1.86514062e-01
1.03316719e-07,1.86484375e-01
1.03356719e-07,1.86517188e-01
1.03396719e-07,1.86478125e-01
1.03436719e-07,1.86531250e-01
1.03476719e-07,1.86443750e-01
1.03516719e-07,1.86707813e-01
1.03556719e-07,1.86954687e-01
1.03596719e-07,1.86868750e-01
1.03636719e-07,1.86921875e-01
1.03676719e-07,1.86882812e-01
1.03716719e-07,1.86915625e-01
1.03756719e-07,1.86885938e-01
1.03796719e-07,1.86914063e-01
1.03836719e-07,1.86885938e-01
1.03876719e-07,1.86914063e-01
1.03916719e-07,1.86885938e-01
1.03956719e-07,1.86915625e-01
1.03996719e-07,1.86881250e-01
1.04036719e-07,1.86921875e-01
1.04076719e-07,1.86873438e-01
1.04116719e-07,1.86935938e-01
1.04156719e-07,1.86837500e-01
1.04196719e-07,1.87115625e-01
1.04236719e-07,1.87345312e-01
1.04276719e-07,1.87278125e-01
1.04316719e-07,1.87310937e-01
1.04356719e-07,1.87295313e-01
1.04396719e-07,1.87298437e-01
1.04436719e-07,1.87306250e-01
1.04476719e-07,1.87285937e-01
1.04516719e-07,1.87325000e-01
1.04556719e-07,1.87250000e-01
1.04596719e-07,1.87504688e-01
1.04636719e-07,1.87756250e-01
1.04676719e-07,1.87668750e-01
1.04716719e-07,1.87720313e-01
1.04756719e-07,1.87685938e-01
1.04796719e-07,1.87707813e-01
1.04836719e-07,1.87696875e-01
1.04876719e-07,1.87695313e-01
1.04916719e-07,1.87715625e-01
1.04956719e-07,1.87659375e-01
1.04996719e-07,1.87895312e-01
1.05036719e-07,1.88167187e-01
1.05076719e-07,1.88057813e-01
1.05116719e-07,1.88132812e-01
1.05156719e-07,1.88073437e-01
1.05196719e-07,1.88123438e-01
1.05236719e-07,1.88078125e-01
1.05276719e-07,1.88120312e-01
1.05316719e-07,1.88081250e-01
1.05356719e-07,1.88117188e-01
1.05396719e-07,1.88084375e-01
1.05436719e-07,1.88115625e-01
1.05476719e-07,1.88084375e-01
1.05516719e-07,1.88114063e-01
1.05556719e-07,1.88085937e-01
1.05596719e-07,1.88114063e-01
1.05636719e-07,1.88085937e-01
1.05676719e-07,1.88112500e-01
1.05716719e-07,1.88087500e-01
1.05756719e-07,1.88112500e-01
1.05796719e-07,1.88087500e-01
1.05836719e-07,1.88112500e-01
1.05876719e-07,1.88087500e-01
1.05916719e-07,1.88112500e-01
1.05956719e-07,1.88087500e-01
1.05996719e-07,1.88112500e-01
1.06036719e-07,1.88087500e-01
1.06076719e-07,1.88112500e-01
1.06116719e-07,1.88087500e-01
1.06156719e-07,1.88112500e-01
1.06196719e-07,1.88087500e-01
1.06236719e-07,1.88112500e-01
1.06276719e-07,1.88087500e-01
1.06316719e-07,1.88114063e-01
1.06356719e-07,1.88085937e-01
1.06396719e-07,1.88114063e-01
1.06436719e-07,1.88085937e-01
1.06476719e-07,1.88115625e-01
1.06516719e-07,1.88084375e-01
1.06556719e-07,1.88117188e-01
1.06596719e-07,1.88081250e-01
1.06636719e-07,1.88120312e-01
1.06676719e-07,1.88076563e-01
1.06716719e-07,1.88129688e-01
1.06756719e-07,1.88060937e-01
1.06796719e-07,1.88164063e-01
1.06836719e-07,1.87882812e-01
1.06876719e-07,1.87654688e-01
1.06916719e-07,1.87720313e-01
1.06956719e-07,1.87689063e-01
1.06996719e-07,1.87706250e-01
1.07036719e-07,1.87696875e-01
1.07076719e-07,1.87700000e-01
1.07116719e-07,1.87701563e-01
1.07156719e-07,1.87696875e-01
1.07196719e-07,1.87706250e-01
1.07236719e-07,1.87692187e-01
1.07276719e-07,1.87709375e-01
1.07316719e-07,1.87687500e-01
1.07356719e-07,1.87715625e-01
1.07396719e-07,1.87679687e-01
1.07436719e-07,1.87731250e-01
1.07476719e-07,1.87643750e-01
1.07516719e-07,1.87909375e-01
1.07556719e-07,1.88153125e-01
1.07596719e-07,1.88071875e-01
1.07636719e-07,1.88118750e-01
1.07676719e-07,1.88085937e-01
1.07716719e-07,1.88110938e-01
1.07756719e-07,1.88090625e-01
1.07796719e-07,1.88107812e-01
1.07836719e-07,1.88093750e-01
1.07876719e-07,1.88104688e-01
1.07916719e-07,1.88095313e-01
1.07956719e-07,1.88103125e-01
1.07996719e-07,1.88096875e-01
1.08036719e-07,1.88103125e-01
1.08076719e-07,1.88098437e-01
1.08116719e-07,1.88101563e-01
1.08156719e-07,1.88098437e-01
1.08196719e-07,1.88101563e-01
1.08236719e-07,1.88100000e-01
1.08276719e-07,1.88100000e-01
1.08316719e-07,1.88100000e-01
1.08356719e-07,1.88100000e-01
1.08396719e-07,1.88100000e-01
1.08436719e-07,1.88100000e-01
1.08476719e-07,1.88101563e-01
1.08516719e-07,1.88098437e-01
1.08556719e-07,1.88101563e-01
1.08596719e-07,1.88098437e-01
1.08636719e-07,1.88101563e-01
1.08676719e-07,1.88096875e-01
1.08716719e-07,1.88103125e-01
1.08756719e-07,1.88096875e-01
1.08796719e-07,1.88104688e-01
1.08836719e-07,1.88095313e-01
1.08876719e-07,1.88106250e-01
1.08916719e-07,1.88092188e-01
1.08956719e-07,1.88109375e-01
1.08996719e-07,1.88087500e-01
1.09036719e-07,1.88117188e-01
1.09076719e-07,1.88073437e-01
1.09116719e-07,1.88150000e-01
1.09156719e-07,1.87896875e-01
1.09196719e-07,1.87639063e-01
1.09236719e-07,1.87739062e-01
1.09276719e-07,1.87668750e-01
1.09316719e-07,1.87731250e-01
1.09356719e-07,1.87662500e-01
1.09396719e-07,1.87759375e-01
1.09436719e-07,1.87489062e-01
1.09476719e-07,1.87245313e-01
1.09516719e-07,1.87332813e-01
1.09556719e-07,1.87273438e-01
1.09596719e-07,1.87326563e-01
1.09636719e-07,1.87265625e-01
1.09676719e-07,1.87356250e-01
1.09716719e-07,1.87093750e-01
1.09756719e-07,1.86840625e-01
1.09796719e-07,1.86940625e-01
1.09836719e-07,1.86859375e-01
1.09876719e-07,1.86959375e-01
1.09916719e-07,1.86692187e-01
1.09956719e-07,1.86442187e-01
1.09996719e-07,1.86537500e-01
1.10036719e-07,1.86467188e-01
1.10076719e-07,1.86532813e-01
1.10116719e-07,1.86459375e-01
1.10156719e-07,1.86565625e-01
1.10196719e-07,1.86281250e-01
1.10236719e-07,1.86056250e-01
1.10276719e-07,1.86118750e-01
1.10316719e-07,1.86092188e-01
1.10356719e-07,1.86100000e-01
1.10396719e-07,1.86107812e-01
1.10436719e-07,1.86081250e-01
1.10476719e-07,1.86145312e-01
1.10516719e-07,1.85901563e-01
1.10556719e-07,1.85637500e-01
1.10596719e-07,1.85739062e-01
1.10636719e-07,1.85671875e-01
1.10676719e-07,1.85723438e-01
1.10716719e-07,1.85679687e-01
1.10756719e-07,1.85718750e-01
1.10796719e-07,1.85684375e-01
1.10836719e-07,1.85715625e-01
1.10876719e-07,1.85685938e-01
1.10916719e-07,1.85714062e-01
1.10956719e-07,1.85687500e-01
1.10996719e-07,1.85712500e-01
1.11036719e-07,1.85687500e-01
1.11076719e-07,1.85712500e-01
1.11116719e-07,1.85689063e-01
1.11156719e-07,1.85710938e-01
1.11196719e-07,1.85689063e-01
1.11236719e-07,1.85710938e-01
1.11276719e-07,1.85689063e-01
1.11316719e-07,1.85710938e-01
1.11356719e-07,1.85689063e-01
1.11396719e-07,1.85710938e-01
1.11436719e-07,1.85687500e-01
1.11476719e-07,1.85712500e-01
1.11516719e-07,1.85687500e-01
1.11556719e-07,1.85712500e-01
1.11596719e-07,1.85685938e-01
1.11636719e-07,1.85714062e-01
1.11676719e-07,1.85684375e-01
1.11716719e-07,1.85717188e-01
1.11756719e-07,1.85681250e-01
1.11796719e-07,1.85721875e-01
1.11836719e-07,1.85673438e-01
1.11876719e-07,1.85737500e-01
1.11916719e-07,1.85639063e-01
1.11956719e-07,1.85914063e-01
1.11996719e-07,1.86146875e-01
1.12036719e-07,1.86076563e-01
1.12076719e-07,1.86114063e-01
1.12116719e-07,1.86090625e-01
1.12156719e-07,1.86106250e-01
1.12196719e-07,1.86095312e-01
1.12236719e-07,1.86103125e-01
1.12276719e-07,1.86098438e-01
1.12316719e-07,1.86100000e-01
1.12356719e-07,1.86100000e-01
1.12396719e-07,1.86098438e-01
1.12436719e-07,1.86101563e-01
1.12476719e-07,1.86098438e-01
1.12516719e-07,1.86103125e-01
1.12556719e-07,1.86096875e-01
1.12596719e-07,1.86103125e-01
1.12636719e-07,1.86095312e-01
1.12676719e-07,1.86104688e-01
1.12716719e-07,1.86095312e-01
1.12756719e-07,1.86104688e-01
1.12796719e-07,1.86093750e-01
1.12836719e-07,1.86106250e-01
1.12876719e-07,1.86093750e-01
1.12916719e-07,1.86107812e-01
1.12956719e-07,1.86092188e-01
1.12996719e-07,1.86107812e-01
1.13036719e-07,1.86090625e-01
1.13076719e-07,1.86109375e-01
1.13116719e-07,1.86089063e-01
1.13156719e-07,1.86112500e-01
1.13196719e-07,1.86085938e-01
1.13236719e-07,1.86115625e-01
1.13276719e-07,1.86082812e-01
1.13316719e-07,1.86120312e-01
1.13356719e-07,1.86073437e-01
1.13396719e-07,1.86135938e-01
1.13436719e-07,1.86039063e-01
1.13476719e-07,1.86315625e-01
1.13516719e-07,1.86546875e-01
1.13556719e-07,1.86478125e-01
1.13596719e-07,1.86512500e-01
1.13636719e-07,1.86493750e-01
1.13676719e-07,1.86503125e-01
1.13716719e-07,1.86500000e-01
1.13756719e-07,1.86496875e-01
1.13796719e-07,1.86506250e-01
1.13836719e-07,1.86490625e-01
1.13876719e-07,1.86512500e-01
1.13916719e-07,1.86481250e-01
1.13956719e-07,1.86529688e-01
1.13996719e-07,1.86445313e-01
1.14036719e-07,1.86709375e-01
1.14076719e-07,1.86953125e-01
1.14116719e-07,1.86871875e-01
1.14156719e-07,1.86917187e-01
1.14196719e-07,1.86889063e-01
1.14236719e-07,1.86906250e-01
1.14276719e-07,1.86896875e-01
1.14316719e-07,1.86900000e-01
1.14356719e-07,1.86904687e-01
1.14396719e-07,1.86889063e-01
1.14436719e-07,1.86921875e-01
1.14476719e-07,1.86853125e-01
1.14516719e-07,1.87101563e-01
1.14556719e-07,1.87360938e-01
1.14596719e-07,1.87264062e-01
1.14636719e-07,1.87326563e-01
1.14676719e-07,1.87278125e-01
1.14716719e-07,1.87318750e-01
1.14756719e-07,1.87284375e-01
1.14796719e-07,1.87314063e-01
1.14836719e-07,1.87287500e-01
1.14876719e-07,1.87310937e-01
1.14916719e-07,1.87289063e-01
1.14956719e-07,1.87309375e-01
1.14996719e-07,1.87290625e-01
1.15036719e-07,1.87307813e-01
1.15076719e-07,1.87292188e-01
1.15116719e-07,1.87307813e-01
1.15156719e-07,1.87292188e-01
1.15196719e-07,1.87306250e-01
1.15236719e-07,1.87293750e-01
1.15276719e-07,1.87306250e-01
1.15316719e-07,1.87295313e-01
1.15356719e-07,1.87304688e-01
1.15396719e-07,1.87295313e-01
1.15436719e-07,1.87304688e-01
1.15476719e-07,1.87295313e-01
1.15516719e-07,1.87303125e-01
1.15556719e-07,1.87296875e-01
1.15596719e-07,1.87303125e-01
1.15636719e-07,1.87298437e-01
1.15676719e-07,1.87301563e-01
1.15716719e-07,1.87298437e-01
1.15756719e-07,1.87300000e-01
1.15796719e-07,1.87300000e-01
1.15836719e-07,1.87298437e-01
1.15876719e-07,1.87304688e-01
1.15916719e-07,1.87292188e-01
1.15956719e-07,1.87312500e-01
1.15996719e-07,1.87278125e-01
1.16036719e-07,1.87345312e-01
1.16076719e-07,1.87101563e-01
1.16116719e-07,1.86835937e-01
1.16156719e-07,1.86940625e-01
1.16196719e-07,1.86867188e-01
1.16236719e-07,1.86928125e-01
1.16276719e-07,1.86873438e-01
1.16316719e-07,1.86926563e-01
1.16356719e-07,1.86871875e-01
1.16396719e-07,1.86932813e-01
1.16436719e-07,1.86859375e-01
1.16476719e-07,1.86965625e-01
1.16516719e-07,1.86682813e-01
1.16556719e-07,1.86454687e-01
1.16596719e-07,1.86521875e-01
1.16636719e-07,1.86487500e-01
1.16676719e-07,1.86507813e-01
1.16716719e-07,1.86495313e-01
1.16756719e-07,1.86503125e-01
1.16796719e-07,1.86496875e-01
1.16836719e-07,1.86501562e-01
1.16876719e-07,1.86500000e-01
1.16916719e-07,1.86500000e-01
1.16956719e-07,1.86500000e-01
1.16996719e-07,1.86500000e-01
1.17036719e-07,1.86500000e-01
1.17076719e-07,1.86498438e-01
1.17116719e-07,1.86501562e-01
1.17156719e-07,1.86498438e-01
1.17196719e-07,1.86501562e-01
1.17236719e-07,1.86498438e-01
1.17276719e-07,1.86501562e-01
1.17316719e-07,1.86498438e-01
1.17356719e-07,1.86501562e-01
1.17396719e-07,1.86498438e-01
1.17436719e-07,1.86501562e-01
1.17476719e-07,1.86498438e-01
1.17516719e-07,1.86501562e-01
1.17556719e-07,1.86498438e-01
1.17596719e-07,1.86503125e-01
1.17636719e-07,1.86496875e-01
1.17676719e-07,1.86503125e-01
1.17716719e-07,1.86496875e-01
1.17756719e-07,1.86503125e-01
1.17796719e-07,1.86496875e-01
1.17836719e-07,1.86503125e-01
1.17876719e-07,1.86496875e-01
1.17916719e-07,1.86503125e-01
1.17956719e-07,1.86496875e-01
1.17996719e-07,1.86503125e-01
1.18036719e-07,1.86496875e-01
1.18076719e-07,1.86503125e-01
1.18116719e-07,1.86496875e-01
1.18156719e-07,1.86504688e-01
1.18196719e-07,1.86495313e-01
1.18236719e-07,1.86504688e-01
1.18276719e-07,1.86495313e-01
1.18316719e-07,1.86504688e-01
1.18356719e-07,1.86495313e-01
1.18396719e-07,1.86506250e-01
1.18436719e-07,1.86493750e-01
1.18476719e-07,1.86506250e-01
1.18516719e-07,1.86492188e-01
1.18556719e-07,1.86509375e-01
1.18596719e-07,1.86489062e-01
1.18636719e-07,1.86512500e-01
1.18676719e-07,1.86484375e-01
1.18716719e-07,1.86520313e-01
1.18756719e-07,1.86470313e-01
1.18796719e-07,1.86554688e-01
1.18836719e-07,1.86292188e-01
1.18876719e-07,1.86045313e-01
1.18916719e-07,1.86129688e-01
1.18956719e-07,1.86078125e-01
1.18996719e-07,1.86115625e-01
1.19036719e-07,1.86087500e-01
1.19076719e-07,1.86110938e-01
1.19116719e-07,1.86090625e-01
1.19156719e-07,1.86109375e-01
1.19196719e-07,1.86092188e-01
1.19236719e-07,1.86107812e-01
1.19276719e-07,1.86093750e-01
1.19316719e-07,1.86106250e-01
1.19356719e-07,1.86093750e-01
1.19396719e-07,1.86106250e-01
1.19436719e-07,1.86093750e-01
1.19476719e-07,1.86104688e-01
1.19516719e-07,1.86095312e-01
1.19556719e-07,1.86104688e-01
1.19596719e-07,1.86095312e-01
1.19636719e-07,1.86104688e-01
1.19676719e-07,1.86095312e-01
1.19716719e-07,1.86104688e-01
1.19756719e-07,1.86095312e-01
1.19796719e-07,1.86104688e-01
1.19836719e-07,1.86095312e-01
1.19876719e-07,1.86104688e-01
1.19916719e-07,1.86095312e-01
1.19956719e-07,1.86104688e-01
1.19996719e-07,1.86095312e-01
1.20036719e-07,1.86104688e-01
1.20076719e-07,1.86095312e-01
1.20116719e-07,1.86106250e-01
1.20156719e-07,1.86093750e-01
1.20196719e-07,1.86106250e-01
1.20236719e-07,1.86093750e-01
1.20276719e-07,1.86106250e-01
1.20316719e-07,1.86092188e-01
1.20356719e-07,1.86107812e-01
1.20396719e-07,1.86092188e-01
1.20436719e-07,1.86109375e-01
1.20476719e-07,1.86089063e-01
1.20516719e-07,1.86112500e-01
1.20556719e-07,1.86085938e-01
1.20596719e-07,1.86117188e-01
1.20636719e-07,1.86078125e-01
1.20676719e-07,1.86131250e-01
1.20716719e-07,1.86043750e-01
1.20756719e-07,1.86309375e-01
1.20796719e-07,1.86553125e-01
1.20836719e-07,1.86471875e-01
1.20876719e-07,1.86518750e-01
1.20916719e-07,1.86485938e-01
1.20956719e-07,1.86510938e-01
1.20996719e-07,1.86490625e-01
1.21036719e-07,1.86507813e-01
1.21076719e-07,1.86493750e-01
1.21116719e-07,1.86506250e-01
1.21156719e-07,1.86495313e-01
1.21196719e-07,1.86504688e-01
1.21236719e-07,1.86495313e-01
1.21276719e-07,1.86503125e-01
1.21316719e-07,1.86496875e-01
1.21356719e-07,1.86503125e-01
1.21396719e-07,1.86496875e-01
1.21436719e-07,1.86503125e-01
1.21476719e-07,1.86498438e-01
1.21516719e-07,1.86501562e-01
1.21556719e-07,1.86498438e-01
1.21596719e-07,1.86501562e-01
1.21636719e-07,1.86498438e-01
1.21676719e-07,1.86501562e-01
1.21716719e-07,1.86498438e-01
1.21756719e-07,1.86501562e-01
1.21796719e-07,1.86498438e-01
1.21836719e-07,1.86501562e-01
1.21876719e-07,1.86500000e-01
1.21916719e-07,1.86500000e-01
1.21956719e-07,1.86500000e-01
1.21996719e-07,1.86500000e-01
1.22036719e-07,1.86500000e-01
1.22076719e-07,1.86500000e-01
1.22116719e-07,1.86500000e-01
1.22156719e-07,1.86500000e-01
1.22196719e-07,1.86500000e-01
1.22236719e-07,1.86498438e-01
1.22276719e-07,1.86501562e-01
1.22316719e-07,1.86498438e-01
1.22356719e-07,1.86501562e-01
1.22396719e-07,1.86498438e-01
1.22436719e-07,1.86501562e-01
1.22476719e-07,1.86496875e-01
1.22516719e-07,1.86503125e-01
1.22556719e-07,1.86495313e-01
1.22596719e-07,1.86504688e-01
1.22636719e-07,1.86493750e-01
1.22676719e-07,1.86507813e-01
1.22716719e-07,1.86489062e-01
1.22756719e-07,1.86515625e-01
1.22796719e-07,1.86475000e-01
1.22836719e-07,1.86550000e-01
1.22876719e-07,1.86296875e-01
1.22916719e-07,1.86040625e-01
1.22956719e-07,1.86135938e-01
1.22996719e-07,1.86073437e-01
1.23036719e-07,1.86121875e-01
1.23076719e-07,1.86079688e-01
1.23116719e-07,1.86118750e-01
1.23156719e-07,1.86081250e-01
1.23196719e-07,1.86118750e-01
1.23236719e-07,1.86081250e-01
1.23276719e-07,1.86120312e-01
1.23316719e-07,1.86076563e-01
1.23356719e-07,1.86128125e-01
1.23396719e-07,1.86062500e-01
1.23436719e-07,1.86162500e-01
1.23476719e-07,1.85884375e-01
1.23516719e-07,1.85653125e-01
1.23556719e-07,1.85723438e-01
1.23596719e-07,1.85685938e-01
1.23636719e-07,1.85707813e-01
1.23676719e-07,1.85695313e-01
1.23716719e-07,1.85701563e-01
1.23756719e-07,1.85700000e-01
1.23796719e-07,1.85696875e-01
1.23836719e-07,1.85704688e-01
1.23876719e-07,1.85690625e-01
1.23916719e-07,1.85714062e-01
1.23956719e-07,1.85676563e-01
1.23996719e-07,1.85748438e-01
1.24036719e-07,1.85496875e-01
1.24076719e-07,1.85240625e-01
1.24116719e-07,1.85335938e-01
1.24156719e-07,1.85273437e-01
1.24196719e-07,1.85321875e-01
1.24236719e-07,1.85281250e-01
1.24276719e-07,1.85317188e-01
1.24316719e-07,1.85284375e-01
1.24356719e-07,1.85314063e-01
1.24396719e-07,1.85285937e-01
1.24436719e-07,1.85314063e-01
1.24476719e-07,1.85287500e-01
1.24516719e-07,1.85312500e-01
1.24556719e-07,1.85287500e-01
1.24596719e-07,1.85312500e-01
1.24636719e-07,1.85287500e-01
1.24676719e-07,1.85314063e-01
1.24716719e-07,1.85285937e-01
1.24756719e-07,1.85315625e-01
1.24796719e-07,1.85284375e-01
1.24836719e-07,1.85317188e-01
1.24876719e-07,1.85279688e-01
1.24916719e-07,1.85323438e-01
1.24956719e-07,1.85271875e-01
1.24996719e-07,1.85337500e-01
1.25036719e-07,1.85237500e-01
1.25076719e-07,1.85515625e-01
1.25116719e-07,1.85745313e-01
1.25156719e-07,1.85678125e-01
1.25196719e-07,1.85712500e-01
1.25236719e-07,1.85693750e-01
1.25276719e-07,1.85703125e-01
1.25316719e-07,1.85700000e-01
1.25356719e-07,1.85696875e-01
1.25396719e-07,1.85704688e-01
1.25436719e-07,1.85692187e-01
1.25476719e-07,1.85710938e-01
1.25516719e-07,1.85682813e-01
1.25556719e-07,1.85728125e-01
1.25596719e-07,1.85646875e-01
1.25636719e-07,1.85906250e-01
1.25676719e-07,1.86156250e-01
1.25716719e-07,1.86068750e-01
1.25756719e-07,1.86121875e-01
1.25796719e-07,1.86082812e-01
1.25836719e-07,1.86114063e-01
1.25876719e-07,1.86089063e-01
1.25916719e-07,1.86109375e-01
1.25956719e-07,1.86090625e-01
1.25996719e-07,1.86107812e-01
1.26036719e-07,1.86093750e-01
1.26076719e-07,1.86106250e-01
1.26116719e-07,1.86093750e-01
1.26156719e-07,1.86104688e-01
1.26196719e-07,1.86095312e-01
1.26236719e-07,1.86104688e-01
1.26276719e-07,1.86095312e-01
1.26316719e-07,1.86103125e-01
1.26356719e-07,1.86096875e-01
1.26396719e-07,1.86103125e-01
1.26436719e-07,1.86096875e-01
1.26476719e-07,1.86103125e-01
1.26516719e-07,1.86096875e-01
1.26556719e-07,1.86103125e-01
1.26596719e-07,1.86098438e-01
1.26636719e-07,1.86101563e-01
1.26676719e-07,1.86098438e-01
1.26716719e-07,1.86101563e-01
1.26756719e-07,1.86098438e-01
1.26796719e-07,1.86101563e-01
1.26836719e-07,1.86098438e-01
1.26876719e-07,1.86101563e-01
1.26916719e-07,1.86098438e-01
1.26956719e-07,1.86101563e-01
1.26996719e-07,1.86098438e-01
1.27036719e-07,1.86100000e-01
1.27076719e-07,1.86100000e-01
1.27116719e-07,1.86100000e-01
1.27156719e-07,1.86100000e-01
1.27196719e-07,1.86100000e-01
1.27236719e-07,1.86100000e-01
1.27276719e-07,1.86100000e-01
1.27316719e-07,1.86100000e-01
1.27356719e-07,1.86100000e-01
1.27396719e-07,1.86100000e-01
1.27436719e-07,1.86100000e-01
1.27476719e-07,1.86100000e-01
1.27516719e-07,1.86098438e-01
1.27556719e-07,1.86101563e-01
1.27596719e-07,1.86098438e-01
1.27636719e-07,1.86101563e-01
1.27676719e-07,1.86098438e-01
1.27716719e-07,1.86101563e-01
1.27756719e-07,1.86098438e-01
1.27796719e-07,1.86101563e-01
1.27836719e-07,1.86096875e-01
1.27876719e-07,1.86103125e-01
1.27916719e-07,1.86096875e-01
1.27956719e-07,1.86103125e-01
1.27996719e-07,1.86095312e-01
1.28036719e-07,1.86104688e-01
1.28076719e-07,1.86093750e-01
1.28116719e-07,1.86106250e-01
1.28156719e-07,1.86092188e-01
1.28196719e-07,1.86109375e-01
1.28236719e-07,1.86089063e-01
1.28276719e-07,1.86114063e-01
1.28316719e-07,1.86081250e-01
1.28356719e-07,1.86129688e-01
1.28396719e-07,1.86045313e-01
1.28436719e-07,1.86307813e-01
1.28476719e-07,1.86554688e-01
1.28516719e-07,1.86468750e-01
1.28556719e-07,1.86521875e-01
1.28596719e-07,1.86482813e-01
1.28636719e-07,1.86514062e-01
1.28676719e-07,1.86487500e-01
1.28716719e-07,1.86510938e-01
1.28756719e-07,1.86490625e-01
1.28796719e-07,1.86507813e-01
1.28836719e-07,1.86492188e-01
1.28876719e-07,1.86507813e-01
1.28916719e-07,1.86493750e-01
1.28956719e-07,1.86506250e-01
1.28996719e-07,1.86493750e-01
1.29036719e-07,1.86506250e-01
1.29076719e-07,1.86495313e-01
1.29116719e-07,1.86504688e-01
1.29156719e-07,1.86495313e-01
1.29196719e-07,1.86504688e-01
1.29236719e-07,1.86495313e-01
1.29276719e-07,1.86504688e-01
1.29316719e-07,1.86495313e-01
1.29356719e-07,1.86504688e-01
1.29396719e-07,1.86495313e-01
1.29436719e-07,1.86503125e-01
1.29476719e-07,1.86496875e-01
1.29516719e-07,1.86503125e-01
1.29556719e-07,1.86496875e-01
1.29596719e-07,1.86503125e-01
1.29636719e-07,1.86496875e-01
1.29676719e-07,1.86503125e-01
1.29716719e-07,1.86496875e-01
1.29756719e-07,1.86503125e-01
1.29796719e-07,1.86496875e-01
1.29836719e-07,1.86503125e-01
1.29876719e-07,1.86496875e-01
1.29916719e-07,1.86503125e-01
1.29956719e-07,1.86496875e-01
1.29996719e-07,1.86503125e-01
1.30036719e-07,1.86496875e-01
1.30076719e-07,1.86503125e-01
1.30116719e-07,1.86496875e-01
1.30156719e-07,1.86504688e-01
1.30196719e-07,1.86495313e-01
1.30236719e-07,1.86504688e-01
1.30276719e-07,1.86495313e-01
1.30316719e-07,1.86504688e-01
1.30356719e-07,1.86495313e-01
1.30396719e-07,1.86506250e-01
1.30436719e-07,1.86493750e-01
1.30476719e-07,1.86507813e-01
1.30516719e-07,1.86492188e-01
1.30556719e-07,1.86509375e-01
1.30596719e-07,1.86489062e-01
1.30636719e-07,1.86514062e-01
1.30676719e-07,1.86481250e-01
1.30716719e-07,1.86528125e-01
1.30756719e-07,1.86446875e-01
1.30796719e-07,1.86706250e-01
1.30836719e-07,1.86956250e-01
1.30876719e-07,1.86867188e-01
1.30916719e-07,1.86923438e-01
1.30956719e-07,1.86881250e-01
1.30996719e-07,1.86917187e-01
1.31036719e-07,1.86884375e-01
1.31076719e-07,1.86914063e-01
1.31116719e-07,1.86885938e-01
1.31156719e-07,1.86914063e-01
1.31196719e-07,1.86885938e-01
1.31236719e-07,1.86915625e-01
1.31276719e-07,1.86882812e-01
1.31316719e-07,1.86920313e-01
1.31356719e-07,1.86875000e-01
1.31396719e-07,1.86934375e-01
1.31436719e-07,1.86842188e-01
1.31476719e-07,1.87110938e-01
1.31516719e-07,1.87351563e-01
1.31556719e-07,1.87271875e-01
1.31596719e-07,1.87318750e-01
1.31636719e-07,1.87285937e-01
1.31676719e-07,1.87310937e-01
1.31716719e-07,1.87292188e-01
1.31756719e-07,1.87307813e-01
1.31796719e-07,1.87293750e-01
1.31836719e-07,1.87304688e-01
1.31876719e-07,1.87295313e-01
1.31916719e-07,1.87304688e-01
1.31956719e-07,1.87296875e-01
1.31996719e-07,1.87303125e-01
1.32036719e-07,1.87296875e-01
1.32076719e-07,1.87303125e-01
1.32116719e-07,1.87296875e-01
1.32156719e-07,1.87301563e-01
1.32196719e-07,1.87298437e-01
1.32236719e-07,1.87301563e-01
1.32276719e-07,1.87298437e-01
1.32316719e-07,1.87301563e-01
1.32356719e-07,1.87298437e-01
1.32396719e-07,1.87301563e-01
1.32436719e-07,1.87298437e-01
1.32476719e-07,1.87301563e-01
1.32516719e-07,1.87298437e-01
1.32556719e-07,1.87301563e-01
1.32596719e-07,1.87298437e-01
1.32636719e-07,1.87301563e-01
1.32676719e-07,1.87298437e-01
1.32716719e-07,1.87301563e-01
1.32756719e-07,1.87300000e-01
1.32796719e-07,1.87300000e-01
1.32836719e-07,1.87300000e-01
1.32876719e-07,1.87300000e-01
1.32916719e-07,1.87300000e-01
1.32956719e-07,1.87300000e-01
1.32996719e-07,1.87300000e-01
1.33036719e-07,1.87300000e-01
1.33076719e-07,1.87300000e-01
1.33116719e-07,1.87300000e-01
1.33156719e-07,1.87300000e-01
1.33196719e-07,1.87300000e-01
1.33236719e-07,1.87300000e-01
1.33276719e-07,1.87300000e-01
1.33316719e-07,1.87300000e-01
1.33356719e-07,1.87300000e-01
1.33396719e-07,1.87300000e-01
1.33436719e-07,1.87300000e-01
1.33476719e-07,1.87300000e-01
1.33516719e-07,1.87300000e-01
1.33556719e-07,1.87300000e-01
1.33596719e-07,1.87298437e-01
1.33636719e-07,1.87301563e-01
1.33676719e-07,1.87298437e-01
1.33716719e-07,1.87301563e-01
1.33756719e-07,1.87298437e-01
1.33796719e-07,1.87301563e-01
1.33836719e-07,1.87298437e-01
1.33876719e-07,1.87301563e-01
1.33916719e-07,1.87298437e-01
1.33956719e-07,1.87301563e-01
1.33996719e-07,1.87298437e-01
1.34036719e-07,1.87301563e-01
1.34076719e-07,1.87296875e-01
1.34116719e-07,1.87303125e-01
1.34156719e-07,1.87296875e-01
1.34196719e-07,1.87303125e-01
1.34236719e-07,1.87296875e-01
1.34276719e-07,1.87303125e-01
1.34316719e-07,1.87295313e-01
1.34356719e-07,1.87304688e-01
1.34396719e-07,1.87295313e-01
1.34436719e-07,1.87306250e-01
1.34476719e-07,1.87293750e-01
1.34516719e-07,1.87306250e-01
1.34556719e-07,1.87292188e-01
1.34596719e-07,1.87309375e-01
1.34636719e-07,1.87289063e-01
1.34676719e-07,1.87312500e-01
1.34716719e-07,1.87284375e-01
1.34756719e-07,1.87321875e-01
1.34796719e-07,1.87268750e-01
1.34836719e-07,1.87356250e-01
1.34876719e-07,1.87090625e-01
1.34916719e-07,1.86846875e-01
1.34956719e-07,1.86928125e-01
1.34996719e-07,1.86881250e-01
1.35036719e-07,1.86914063e-01
1.35076719e-07,1.86889063e-01
1.35116719e-07,1.86907812e-01
1.35156719e-07,1.86893750e-01
1.35196719e-07,1.86904687e-01
1.35236719e-07,1.86896875e-01
1.35276719e-07,1.86901563e-01
1.35316719e-07,1.86900000e-01
1.35356719e-07,1.86896875e-01
1.35396719e-07,1.86904687e-01
1.35436719e-07,1.86892188e-01
1.35476719e-07,1.86914063e-01
1.35516719e-07,1.86876563e-01
1.35556719e-07,1.86948438e-01
1.35596719e-07,1.86698438e-01
1.35636719e-07,1.86439063e-01
1.35676719e-07,1.86535937e-01
1.35716719e-07,1.86473438e-01
1.35756719e-07,1.86521875e-01
1.35796719e-07,1.86481250e-01
1.35836719e-07,1.86517188e-01
1.35876719e-07,1.86484375e-01
1.35916719e-07,1.86514062e-01
1.35956719e-07,1.86487500e-01
1.35996719e-07,1.86512500e-01
1.36036719e-07,1.86489062e-01
1.36076719e-07,1.86510938e-01
1.36116719e-07,1.86489062e-01
1.36156719e-07,1.86510938e-01
1.36196719e-07,1.86490625e-01
1.36236719e-07,1.86509375e-01
1.36276719e-07,1.86490625e-01
1.36316719e-07,1.86509375e-01
1.36356719e-07,1.86490625e-01
1.36396719e-07,1.86509375e-01
1.36436719e-07,1.86490625e-01
1.36476719e-07,1.86509375e-01
1.36516719e-07,1.86490625e-01
1.36556719e-07,1.86509375e-01
1.36596719e-07,1.86490625e-01
1.36636719e-07,1.86509375e-01
1.36676719e-07,1.86490625e-01
1.36716719e-07,1.86509375e-01
1.36756719e-07,1.86490625e-01
1.36796719e-07,1.86509375e-01
1.36836719e-07,1.86490625e-01
1.36876719e-07,1.86509375e-01
1.36916719e-07,1.86490625e-01
1.36956719e-07,1.86510938e-01
1.36996719e-07,1.86489062e-01
1.37036719e-07,1.86510938e-01
1.37076719e-07,1.86489062e-01
1.37116719e-07,1.86512500e-01
1.37156719e-07,1.86487500e-01
1.37196719e-07,1.86514062e-01
1.37236719e-07,1.86484375e-01
1.37276719e-07,1.86517188e-01
1.37316719e-07,1.86479688e-01
1.37356719e-07,1.86526562e-01
1.37396719e-07,1.86464062e-01
1.37436719e-07,1.86560937e-01
1.37476719e-07,1.86285937e-01
1.37516719e-07,1.86051563e-01
1.37556719e-07,1.86125000e-01
1.37596719e-07,1.86084375e-01
1.37636719e-07,1.86110938e-01
1.37676719e-07,1.86092188e-01
1.37716719e-07,1.86106250e-01
1.37756719e-07,1.86096875e-01
1.37796719e-07,1.86103125e-01
1.37836719e-07,1.86098438e-01
1.37876719e-07,1.86101563e-01
1.37916719e-07,1.86100000e-01
1.37956719e-07,1.86100000e-01
1.37996719e-07,1.86100000e-01
1.38036719e-07,1.86098438e-01
1.38076719e-07,1.86101563e-01
1.38116719e-07,1.86098438e-01
1.38156719e-07,1.86101563e-01
1.38196719e-07,1.86098438e-01
1.38236719e-07,1.86103125e-01
1.38276719e-07,1.86096875e-01
1.38316719e-07,1.86103125e-01
1.38356719e-07,1.86096875e-01
1.38396719e-07,1.86103125e-01
1.38436719e-07,1.86096875e-01
1.38476719e-07,1.86104688e-01
1.38516719e-07,1.86095312e-01
1.38556719e-07,1.86104688e-01
1.38596719e-07,1.86095312e-01
1.38636719e-07,1.86104688e-01
1.38676719e-07,1.86095312e-01
1.38716719e-07,1.86106250e-01
1.38756719e-07,1.86093750e-01
1.38796719e-07,1.86106250e-01
1.38836719e-07,1.86093750e-01
1.38876719e-07,1.86107812e-01
1.38916719e-07,1.86092188e-01
1.38956719e-07,1.86107812e-01
1.38996719e-07,1.86090625e-01
1.39036719e-07,1.86109375e-01
1.39076719e-07,1.86089063e-01
1.39116719e-07,1.86112500e-01
1.39156719e-07,1.86085938e-01
1.39196719e-07,1.86115625e-01
1.39236719e-07,1.86082812e-01
1.39276719e-07,1.86121875e-01
1.39316719e-07,1.86073437e-01
1.39356719e-07,1.86137500e-01
1.39396719e-07,1.86037500e-01
1.39436719e-07,1.86317188e-01
1.39476719e-07,1.86545313e-01
1.39516719e-07,1.86481250e-01
1.39556719e-07,1.86507813e-01
1.39596719e-07,1.86500000e-01
1.39636719e-07,1.86492188e-01
1.39676719e-07,1.86518750e-01
1.39716719e-07,1.86454687e-01
1.39756719e-07,1.86698438e-01
1.39796719e-07,1.86964063e-01
1.39836719e-07,1.86859375e-01
1.39876719e-07,1.86932813e-01
1.39916719e-07,1.86868750e-01
1.39956719e-07,1.86937500e-01
1.39996719e-07,1.86842188e-01
1.40036719e-07,1.87107812e-01
1.40076719e-07,1.87357812e-01
1.40116719e-07,1.87262500e-01
1.40156719e-07,1.87332813e-01
1.40196719e-07,1.87265625e-01
1.40236719e-07,1.87342188e-01
1.40276719e-07,1.87232813e-01
1.40316719e-07,1.87521875e-01
1.40356719e-07,1.87739062e-01
1.40396719e-07,1.87687500e-01
1.40436719e-07,1.87698438e-01
1.40476719e-07,1.87717187e-01
1.40516719e-07,1.87654688e-01
1.40556719e-07,1.87900000e-01
1.40596719e-07,1.88159375e-01
1.40636719e-07,1.88067188e-01
1.40676719e-07,1.88121875e-01
1.40716719e-07,1.88087500e-01
1.40756719e-07,1.88104688e-01
1.40796719e-07,1.88107812e-01
1.40836719e-07,1.88065625e-01
1.40876719e-07,1.88287500e-01
1.40916719e-07,1.88573437e-01
1.40956719e-07,1.88450000e-01
1.40996719e-07,1.88540625e-01
1.41036719e-07,1.88464063e-01
1.41076719e-07,1.88534375e-01
1.41116719e-07,1.88465625e-01
1.41156719e-07,1.88534375e-01
1.41196719e-07,1.88460938e-01
1.41236719e-07,1.88546875e-01
1.41276719e-07,1.88429687e-01
1.41316719e-07,1.88723438e-01
1.41356719e-07,1.88940625e-01
1.41396719e-07,1.88882812e-01
1.41436719e-07,1.88907812e-01
1.41476719e-07,1.88896875e-01
1.41516719e-07,1.88901563e-01
1.41556719e-07,1.88901563e-01
1.41596719e-07,1.88898438e-01
1.41636719e-07,1.88903125e-01
1.41676719e-07,1.88896875e-01
1.41716719e-07,1.88903125e-01
1.41756719e-07,1.88895312e-01
1.41796719e-07,1.88904688e-01
1.41836719e-07,1.88895312e-01
1.41876719e-07,1.88904688e-01
1.41916719e-07,1.88895312e-01
1.41956719e-07,1.88904688e-01
1.41996719e-07,1.88895312e-01
1.42036719e-07,1.88904688e-01
1.42076719e-07,1.88895312e-01
1.42116719e-07,1.88904688e-01
1.42156719e-07,1.88893750e-01
1.42196719e-07,1.88906250e-01
1.42236719e-07,1.88893750e-01
1.42276719e-07,1.88906250e-01
1.42316719e-07,1.88893750e-01
1.42356719e-07,1.88906250e-01
1.42396719e-07,1.88893750e-01
1.42436719e-07,1.88906250e-01
1.42476719e-07,1.88893750e-01
1.42516719e-07,1.88906250e-01
1.42556719e-07,1.88893750e-01
1.42596719e-07,1.88906250e-01
1.42636719e-07,1.88893750e-01
1.42676719e-07,1.88906250e-01
1.42716719e-07,1.88893750e-01
1.42756719e-07,1.88906250e-01
1.42796719e-07,1.88893750e-01
1.42836719e-07,1.88906250e-01
1.42876719e-07,1.88893750e-01
1.42916719e-07,1.88906250e-01
1.42956719e-07,1.88892188e-01
1.42996719e-07,1.88907812e-01
1.43036719e-07,1.88892188e-01
1.43076719e-07,1.88907812e-01
1.43116719e-07,1.88892188e-01
1.43156719e-07,1.88907812e-01
1.43196719e-07,1.88892188e-01
1.43236719e-07,1.88909375e-01
1.43276719e-07,1.88890625e-01
1.43316719e-07,1.88909375e-01
1.43356719e-07,1.88890625e-01
1.43396719e-07,1.88910938e-01
1.43436719e-07,1.88889063e-01
1.43476719e-07,1.88912500e-01
1.43516719e-07,1.88887500e-01
1.43556719e-07,1.88914063e-01
1.43596719e-07,1.88884375e-01
1.43636719e-07,1.88917188e-01
1.43676719e-07,1.88879688e-01
1.43716719e-07,1.88926563e-01
1.43756719e-07,1.88864063e-01
1.43796719e-07,1.88960938e-01
1.43836719e-07,1.88685938e-01
1.43876719e-07,1.88451563e-01
1.43916719e-07,1.88523438e-01
1.43956719e-07,1.88485938e-01
1.43996719e-07,1.88507813e-01
1.44036719e-07,1.88495313e-01
1.44076719e-07,1.88503125e-01
1.44116719e-07,1.88500000e-01
1.44156719e-07,1.88498438e-01
1.44196719e-07,1.88503125e-01
1.44236719e-07,1.88495313e-01
1.44276719e-07,1.88507813e-01
1.44316719e-07,1.88489062e-01
1.44356719e-07,1.88517188e-01
1.44396719e-07,1.88473438e-01
1.44436719e-07,1.88551563e-01
1.44476719e-07,1.88295313e-01
1.44516719e-07,1.88042188e-01
1.44556719e-07,1.88134375e-01
1.44596719e-07,1.88075000e-01
1.44636719e-07,1.88120312e-01
1.44676719e-07,1.88082813e-01
1.44716719e-07,1.88115625e-01
1.44756719e-07,1.88085937e-01
1.44796719e-07,1.88114063e-01
1.44836719e-07,1.88085937e-01
1.44876719e-07,1.88115625e-01
1.44916719e-07,1.88081250e-01
1.44956719e-07,1.88121875e-01
1.44996719e-07,1.88068750e-01
1.45036719e-07,1.88156250e-01
1.45076719e-07,1.87890625e-01
1.45116719e-07,1.87645312e-01
1.45156719e-07,1.87731250e-01
1.45196719e-07,1.87678125e-01
1.45236719e-07,1.87717187e-01
1.45276719e-07,1.87685938e-01
1.45316719e-07,1.87712500e-01
1.45356719e-07,1.87687500e-01
1.45396719e-07,1.87712500e-01
1.45436719e-07,1.87689063e-01
1.45476719e-07,1.87710938e-01
1.45516719e-07,1.87689063e-01
1.45556719e-07,1.87712500e-01
1.45596719e-07,1.87687500e-01
1.45636719e-07,1.87714063e-01
1.45676719e-07,1.87684375e-01
1.45716719e-07,1.87717187e-01
1.45756719e-07,1.87679687e-01
1.45796719e-07,1.87725000e-01
1.45836719e-07,1.87665625e-01
1.45876719e-07,1.87759375e-01
1.45916719e-07,1.87487500e-01
1.45956719e-07,1.87250000e-01
1.45996719e-07,1.87325000e-01
1.46036719e-07,1.87284375e-01
1.46076719e-07,1.87310937e-01
1.46116719e-07,1.87292188e-01
1.46156719e-07,1.87304688e-01
1.46196719e-07,1.87296875e-01
1.46236719e-07,1.87303125e-01
1.46276719e-07,1.87298437e-01
1.46316719e-07,1.87300000e-01
1.46356719e-07,1.87301563e-01
1.46396719e-07,1.87298437e-01
1.46436719e-07,1.87303125e-01
1.46476719e-07,1.87296875e-01
1.46516719e-07,1.87304688e-01
1.46556719e-07,1.87293750e-01
1.46596719e-07,1.87307813e-01
1.46636719e-07,1.87289063e-01
1.46676719e-07,1.87314063e-01
1.46716719e-07,1.87281250e-01
1.46756719e-07,1.87328125e-01
1.46796719e-07,1.87246875e-01
1.46836719e-07,1.87506250e-01
1.46876719e-07,1.87754688e-01
1.46916719e-07,1.87668750e-01
1.46956719e-07,1.87721875e-01
1.46996719e-07,1.87682813e-01
1.47036719e-07,1.87714063e-01
1.47076719e-07,1.87689063e-01
1.47116719e-07,1.87709375e-01
1.47156719e-07,1.87690625e-01
1.47196719e-07,1.87707813e-01
1.47236719e-07,1.87693750e-01
1.47276719e-07,1.87706250e-01
1.47316719e-07,1.87693750e-01
1.47356719e-07,1.87704687e-01
1.47396719e-07,1.87695313e-01
1.47436719e-07,1.87704687e-01
1.47476719e-07,1.87695313e-01
1.47516719e-07,1.87703125e-01
1.47556719e-07,1.87696875e-01
1.47596719e-07,1.87703125e-01
1.47636719e-07,1.87696875e-01
1.47676719e-07,1.87703125e-01
1.47716719e-07,1.87696875e-01
1.47756719e-07,1.87703125e-01
1.47796719e-07,1.87698438e-01
1.47836719e-07,1.87701563e-01
1.47876719e-07,1.87698438e-01
1.47916719e-07,1.87701563e-01
1.47956719e-07,1.87698438e-01
1.47996719e-07,1.87701563e-01
1.48036719e-07,1.87698438e-01
1.48076719e-07,1.87701563e-01
1.48116719e-07,1.87698438e-01
1.48156719e-07,1.87701563e-01
1.48196719e-07,1.87700000e-01
1.48236719e-07,1.87700000e-01
1.48276719e-07,1.87700000e-01
1.48316719e-07,1.87700000e-01
1.48356719e-07,1.87700000e-01
1.48396719e-07,1.87700000e-01
1.48436719e-07,1.87700000e-01
1.48476719e-07,1.87700000e-01
1.48516719e-07,1.87700000e-01
1.48556719e-07,1.87698438e-01
1.48596719e-07,1.87701563e-01
1.48636719e-07,1.87698438e-01
1.48676719e-07,1.87701563e-01
1.48716719e-07,1.87698438e-01
1.48756719e-07,1.87703125e-01
1.48796719e-07,1.87696875e-01
1.48836719e-07,1.87703125e-01
1.48876719e-07,1.87695313e-01
1.48916719e-07,1.87704687e-01
1.48956719e-07,1.87693750e-01
1.48996719e-07,1.87706250e-01
1.49036719e-07,1.87692187e-01
1.49076719e-07,1.87710938e-01
1.49116719e-07,1.87685938e-01
1.49156719e-07,1.87718750e-01
1.49196719e-07,1.87671875e-01
1.49236719e-07,1.87753125e-01
1.49276719e-07,1.87493750e-01
1.49316719e-07,1.87243750e-01
1.49356719e-07,1.87332813e-01
1.49396719e-07,1.87276563e-01
1.49436719e-07,1.87317188e-01
1.49476719e-07,1.87285937e-01
1.49516719e-07,1.87312500e-01
1.49556719e-07,1.87289063e-01
1.49596719e-07,1.87309375e-01
1.49636719e-07,1.87290625e-01
1.49676719e-07,1.87307813e-01
1.49716719e-07,1.87292188e-01
1.49756719e-07,1.87307813e-01
1.49796719e-07,1.87293750e-01
1.49836719e-07,1.87306250e-01
1.49876719e-07,1.87293750e-01
1.49916719e-07,1.87306250e-01
1.49956719e-07,1.87293750e-01
1.49996719e-07,1.87306250e-01
1.50036719e-07,1.87293750e-01
1.50076719e-07,1.87306250e-01
1.50116719e-07,1.87295313e-01
1.50156719e-07,1.87304688e-01
1.50196719e-07,1.87295313e-01
1.50236719e-07,1.87304688e-01
1.50276719e-07,1.87295313e-01
1.50316719e-07,1.87304688e-01
1.50356719e-07,1.87295313e-01
1.50396719e-07,1.87304688e-01
1.50436719e-07,1.87295313e-01
1.50476719e-07,1.87304688e-01
1.50516719e-07,1.87295313e-01
1.50556719e-07,1.87304688e-01
1.50596719e-07,1.87295313e-01
1.50636719e-07,1.87304688e-01
1.50676719e-07,1.87295313e-01
1.50716719e-07,1.87304688e-01
1.50756719e-07,1.87295313e-01
1.50796719e-07,1.87304688e-01
1.50836719e-07,1.87295313e-01
1.50876719e-07,1.87304688e-01
1.50916719e-07,1.87295313e-01
1.50956719e-07,1.87306250e-01
1.50996719e-07,1.87293750e-01
1.51036719e-07,1.87306250e-01
1.51076719e-07,1.87293750e-01
1.51116719e-07,1.87306250e-01
1.51156719e-07,1.87293750e-01
1.51196719e-07,1.87306250e-01
1.51236719e-07,1.87292188e-01
1.51276719e-07,1.87307813e-01
1.51316719e-07,1.87292188e-01
1.51356719e-07,1.87309375e-01
1.51396719e-07,1.87290625e-01
1.51436719e-07,1.87310937e-01
1.51476719e-07,1.87287500e-01
1.51516719e-07,1.87315625e-01
1.51556719e-07,1.87281250e-01
1.51596719e-07,1.87323437e-01
1.51636719e-07,1.87267188e-01
1.51676719e-07,1.87357812e-01
1.51716719e-07,1.87089063e-01
1.51756719e-07,1.86848438e-01
1.51796719e-07,1.86926563e-01
1.51836719e-07,1.86882812e-01
1.51876719e-07,1.86912500e-01
1.51916719e-07,1.86890625e-01
1.51956719e-07,1.86907812e-01
1.51996719e-07,1.86895313e-01
1.52036719e-07,1.86903125e-01
1.52076719e-07,1.86896875e-01
1.52116719e-07,1.86901563e-01
1.52156719e-07,1.86900000e-01
1.52196719e-07,1.86898438e-01
1.52236719e-07,1.86903125e-01
1.52276719e-07,1.86895313e-01
1.52316719e-07,1.86906250e-01
1.52356719e-07,1.86890625e-01
1.52396719e-07,1.86915625e-01
1.52436719e-07,1.86875000e-01
1.52476719e-07,1.86950000e-01
1.52516719e-07,1.86696875e-01
1.52556719e-07,1.86440625e-01
1.52596719e-07,1.86535937e-01
1.52636719e-07,1.86473438e-01
1.52676719e-07,1.86521875e-01
1.52716719e-07,1.86481250e-01
1.52756719e-07,1.86517188e-01
1.52796719e-07,1.86484375e-01
1.52836719e-07,1.86514062e-01
1.52876719e-07,1.86485938e-01
1.52916719e-07,1.86514062e-01
1.52956719e-07,1.86487500e-01
1.52996719e-07,1.86512500e-01
1.53036719e-07,1.86485938e-01
1.53076719e-07,1.86514062e-01
1.53116719e-07,1.86485938e-01
1.53156719e-07,1.86515625e-01
1.53196719e-07,1.86482813e-01
1.53236719e-07,1.86520313e-01
1.53276719e-07,1.86475000e-01
1.53316719e-07,1.86534375e-01
1.53356719e-07,1.86440625e-01
1.53396719e-07,1.86712500e-01
1.53436719e-07,1.86950000e-01
1.53476719e-07,1.86873438e-01
1.53516719e-07,1.86917187e-01
1.53556719e-07,1.86887500e-01
1.53596719e-07,1.86909375e-01
1.53636719e-07,1.86892188e-01
1.53676719e-07,1.86906250e-01
1.53716719e-07,1.86895313e-01
1.53756719e-07,1.86904687e-01
1.53796719e-07,1.86895313e-01
1.53836719e-07,1.86903125e-01
1.53876719e-07,1.86896875e-01
1.53916719e-07,1.86903125e-01
1.53956719e-07,1.86896875e-01
1.53996719e-07,1.86903125e-01
1.54036719e-07,1.86896875e-01
1.54076719e-07,1.86903125e-01
1.54116719e-07,1.86896875e-01
1.54156719e-07,1.86903125e-01
1.54196719e-07,1.86896875e-01
1.54236719e-07,1.86904687e-01
1.54276719e-07,1.86895313e-01
1.54316719e-07,1.86906250e-01
1.54356719e-07,1.86893750e-01
1.54396719e-07,1.86907812e-01
1.54436719e-07,1.86890625e-01
1.54476719e-07,1.86912500e-01
1.54516719e-07,1.86881250e-01
1.54556719e-07,1.86928125e-01
1.54596719e-07,1.86848438e-01
1.54636719e-07,1.87104688e-01
1.54676719e-07,1.87356250e-01
1.54716719e-07,1.87267188e-01
1.54756719e-07,1.87323437e-01
1.54796719e-07,1.87281250e-01
1.54836719e-07,1.87315625e-01
1.54876719e-07,1.87285937e-01
1.54916719e-07,1.87312500e-01
1.54956719e-07,1.87289063e-01
1.54996719e-07,1.87310937e-01
1.55036719e-07,1.87290625e-01
1.55076719e-07,1.87309375e-01
1.55116719e-07,1.87292188e-01
1.55156719e-07,1.87307813e-01
1.55196719e-07,1.87293750e-01
1.55236719e-07,1.87304688e-01
1.55276719e-07,1.87296875e-01
1.55316719e-07,1.87300000e-01
1.55356719e-07,1.87304688e-01
1.55396719e-07,1.87287500e-01
1.55436719e-07,1.87337500e-01
1.55476719e-07,1.87110938e-01
1.55516719e-07,1.86825000e-01
1.55556719e-07,1.86951563e-01
1.55596719e-07,1.86854688e-01
1.55636719e-07,1.86942187e-01
1.55676719e-07,1.86856250e-01
1.55716719e-07,1.86946875e-01
1.55756719e-07,1.86843750e-01
1.55796719e-07,1.86982813e-01
1.55836719e-07,1.86664063e-01
1.55876719e-07,1.86476562e-01
1.55916719e-07,1.86496875e-01
1.55956719e-07,1.86517188e-01
1.55996719e-07,1.86467188e-01
1.56036719e-07,1.86562500e-01
1.56076719e-07,1.86281250e-01
1.56116719e-07,1.86059375e-01
1.56156719e-07,1.86110938e-01
1.56196719e-07,1.86104688e-01
1.56236719e-07,1.86079688e-01
1.56276719e-07,1.86148438e-01
1.56316719e-07,1.85893750e-01
1.56356719e-07,1.85646875e-01
1.56396719e-07,1.85725000e-01
1.56436719e-07,1.85689063e-01
1.56476719e-07,1.85695313e-01
1.56516719e-07,1.85732813e-01
1.56556719e-07,1.85512500e-01
1.56596719e-07,1.85225000e-01
1.56636719e-07,1.85351563e-01
1.56676719e-07,1.85256250e-01
1.56716719e-07,1.85342188e-01
1.56756719e-07,1.85251562e-01
1.56796719e-07,1.85370312e-01
1.56836719e-07,1.85079688e-01
1.56876719e-07,1.84856250e-01
1.56916719e-07,1.84920313e-01
1.56956719e-07,1.84887500e-01
1.56996719e-07,1.84909375e-01
1.57036719e-07,1.84892187e-01
1.57076719e-07,1.84906250e-01
1.57116719e-07,1.84893750e-01
1.57156719e-07,1.84904687e-01
1.57196719e-07,1.84893750e-01
1.57236719e-07,1.84906250e-01
1.57276719e-07,1.84893750e-01
1.57316719e-07,1.84906250e-01
1.57356719e-07,1.84892187e-01
1.57396719e-07,1.84907813e-01
1.57436719e-07,1.84890625e-01
1.57476719e-07,1.84910938e-01
1.57516719e-07,1.84885938e-01
1.57556719e-07,1.84917187e-01
1.57596719e-07,1.84878125e-01
1.57636719e-07,1.84932813e-01
1.57676719e-07,1.84842188e-01
1.57716719e-07,1.85110938e-01
1.57756719e-07,1.85350000e-01
1.57796719e-07,1.85273437e-01
1.57836719e-07,1.85315625e-01
1.57876719e-07,1.85290625e-01
1.57916719e-07,1.85306250e-01
1.57956719e-07,1.85298437e-01
1.57996719e-07,1.85298437e-01
1.58036719e-07,1.85306250e-01
1.58076719e-07,1.85289063e-01
1.58116719e-07,1.85321875e-01
1.58156719e-07,1.85251562e-01
1.58196719e-07,1.85501562e-01
1.58236719e-07,1.85760938e-01
1.58276719e-07,1.85664063e-01
1.58316719e-07,1.85726562e-01
1.58356719e-07,1.85678125e-01
1.58396719e-07,1.85717188e-01
1.58436719e-07,1.85684375e-01
1.58476719e-07,1.85714062e-01
1.58516719e-07,1.85687500e-01
1.58556719e-07,1.85710938e-01
1.58596719e-07,1.85689063e-01
1.58636719e-07,1.85709375e-01
1.58676719e-07,1.85690625e-01
1.58716719e-07,1.85707813e-01
1.58756719e-07,1.85692187e-01
1.58796719e-07,1.85707813e-01
1.58836719e-07,1.85693750e-01
1.58876719e-07,1.85706250e-01
1.58916719e-07,1.85693750e-01
1.58956719e-07,1.85704688e-01
1.58996719e-07,1.85695313e-01
1.59036719e-07,1.85703125e-01
1.59076719e-07,1.85696875e-01
1.59116719e-07,1.85701563e-01
1.59156719e-07,1.85698438e-01
1.59196719e-07,1.85700000e-01
1.59236719e-07,1.85701563e-01
1.59276719e-07,1.85695313e-01
1.59316719e-07,1.85709375e-01
1.59356719e-07,1.85681250e-01
1.59396719e-07,1.85743750e-01
1.59436719e-07,1.85503125e-01
1.59476719e-07,1.85234375e-01
1.59516719e-07,1.85342188e-01
1.59556719e-07,1.85265625e-01
1.59596719e-07,1.85329688e-01
1.59636719e-07,1.85271875e-01
1.59676719e-07,1.85328125e-01
1.59716719e-07,1.85271875e-01
1.59756719e-07,1.85329688e-01
1.59796719e-07,1.85265625e-01
1.59836719e-07,1.85343750e-01
1.59876719e-07,1.85232813e-01
1.59916719e-07,1.85520313e-01
1.59956719e-07,1.85742188e-01
1.59996719e-07,1.85681250e-01
1.60036719e-07,1.85709375e-01
1.60076719e-07,1.85696875e-01
1.60116719e-07,1.85700000e-01
1.60156719e-07,1.85701563e-01
1.60196719e-07,1.85695313e-01
1.60236719e-07,1.85706250e-01
1.60276719e-07,1.85692187e-01
1.60316719e-07,1.85709375e-01
1.60356719e-07,1.85687500e-01
1.60396719e-07,1.85715625e-01
1.60436719e-07,1.85679687e-01
1.60476719e-07,1.85731250e-01
1.60516719e-07,1.85643750e-01
1.60556719e-07,1.85909375e-01
1.60596719e-07,1.86153125e-01
1.60636719e-07,1.86070313e-01
1.60676719e-07,1.86120312e-01
1.60716719e-07,1.86085938e-01
1.60756719e-07,1.86110938e-01
1.60796719e-07,1.86090625e-01
1.60836719e-07,1.86107812e-01
1.60876719e-07,1.86093750e-01
1.60916719e-07,1.86106250e-01
1.60956719e-07,1.86095312e-01
1.60996719e-07,1.86104688e-01
1.61036719e-07,1.86095312e-01
1.61076719e-07,1.86103125e-01
1.61116719e-07,1.86096875e-01
1.61156719e-07,1.86103125e-01
1.61196719e-07,1.86096875e-01
1.61236719e-07,1.86103125e-01
1.61276719e-07,1.86096875e-01
1.61316719e-07,1.86101563e-01
1.61356719e-07,1.86098438e-01
1.61396719e-07,1.86101563e-01
1.61436719e-07,1.86098438e-01
1.61476719e-07,1.86101563e-01
1.61516719e-07,1.86098438e-01
1.61556719e-07,1.86101563e-01
1.61596719e-07,1.86098438e-01
1.61636719e-07,1.86101563e-01
1.61676719e-07,1.86098438e-01
1.61716719e-07,1.86101563e-01
1.61756719e-07,1.86098438e-01
1.61796719e-07,1.86100000e-01
1.61836719e-07,1.86100000e-01
1.61876719e-07,1.86100000e-01
1.61916719e-07,1.86100000e-01
1.61956719e-07,1.86100000e-01
1.61996719e-07,1.86100000e-01
1.62036719e-07,1.86100000e-01
1.62076719e-07,1.86100000e-01
1.62116719e-07,1.86100000e-01
1.62156719e-07,1.86100000e-01
1.62196719e-07,1.86100000e-01
1.62236719e-07,1.86101563e-01
1.62276719e-07,1.86098438e-01
1.62316719e-07,1.86101563e-01
1.62356719e-07,1.86098438e-01
1.62396719e-07,1.86101563e-01
1.62436719e-07,1.86096875e-01
1.62476719e-07,1.86103125e-01
1.62516719e-07,1.86095312e-01
1.62556719e-07,1.86106250e-01
1.62596719e-07,1.86092188e-01
1.62636719e-07,1.86110938e-01
1.62676719e-07,1.86084375e-01
1.62716719e-07,1.86125000e-01
1.62756719e-07,1.86050000e-01
1.62796719e-07,1.86303125e-01
1.62836719e-07,1.86559375e-01
1.62876719e-07,1.86464062e-01
1.62916719e-07,1.86526562e-01
1.62956719e-07,1.86476562e-01
1.62996719e-07,1.86520313e-01
1.63036719e-07,1.86481250e-01
1.63076719e-07,1.86517188e-01
1.63116719e-07,1.86482813e-01
1.63156719e-07,1.86517188e-01
1.63196719e-07,1.86481250e-01
1.63236719e-07,1.86518750e-01
1.63276719e-07,1.86479688e-01
1.63316719e-07,1.86523438e-01
1.63356719e-07,1.86471875e-01
1.63396719e-07,1.86537500e-01
1.63436719e-07,1.86437500e-01
1.63476719e-07,1.86715625e-01
1.63516719e-07,1.86946875e-01
1.63556719e-07,1.86878125e-01
1.63596719e-07,1.86912500e-01
1.63636719e-07,1.86892188e-01
1.63676719e-07,1.86904687e-01
1.63716719e-07,1.86896875e-01
1.63756719e-07,1.86900000e-01
1.63796719e-07,1.86901563e-01
1.63836719e-07,1.86898438e-01
1.63876719e-07,1.86903125e-01
1.63916719e-07,1.86895313e-01
1.63956719e-07,1.86906250e-01
1.63996719e-07,1.86892188e-01
1.64036719e-07,1.86910938e-01
1.64076719e-07,1.86885938e-01
1.64116719e-07,1.86918750e-01
1.64156719e-07,1.86870312e-01
1.64196719e-07,1.86954687e-01
1.64236719e-07,1.86692187e-01
1.64276719e-07,1.86445313e-01
1.64316719e-07,1.86531250e-01
1.64356719e-07,1.86478125e-01
1.64396719e-07,1.86515625e-01
1.64436719e-07,1.86487500e-01
1.64476719e-07,1.86510938e-01
1.64516719e-07,1.86490625e-01
1.64556719e-07,1.86507813e-01
1.64596719e-07,1.86492188e-01
1.64636719e-07,1.86506250e-01
1.64676719e-07,1.86493750e-01
1.64716719e-07,1.86504688e-01
1.64756719e-07,1.86495313e-01
1.64796719e-07,1.86504688e-01
1.64836719e-07,1.86496875e-01
1.64876719e-07,1.86503125e-01
1.64916719e-07,1.86496875e-01
1.64956719e-07,1.86503125e-01
1.64996719e-07,1.86496875e-01
1.65036719e-07,1.86501562e-01
1.65076719e-07,1.86498438e-01
1.65116719e-07,1.86501562e-01
1.65156719e-07,1.86498438e-01
1.65196719e-07,1.86501562e-01
1.65236719e-07,1.86498438e-01
1.65276719e-07,1.86501562e-01
1.65316719e-07,1.86500000e-01
1.65356719e-07,1.86500000e-01
1.65396719e-07,1.86500000e-01
1.65436719e-07,1.86500000e-01
1.65476719e-07,1.86500000e-01
1.65516719e-07,1.86500000e-01
1.65556719e-07,1.86501562e-01
1.65596719e-07,1.86498438e-01
1.65636719e-07,1.86501562e-01
1.65676719e-07,1.86498438e-01
1.65716719e-07,1.86503125e-01
1.65756719e-07,1.86496875e-01
1.65796719e-07,1.86503125e-01
1.65836719e-07,1.86495313e-01
1.65876719e-07,1.86504688e-01
1.65916719e-07,1.86493750e-01
1.65956719e-07,1.86507813e-01
1.65996719e-07,1.86490625e-01
1.66036719e-07,1.86512500e-01
1.66076719e-07,1.86481250e-01
1.66116719e-07,1.86528125e-01
1.66156719e-07,1.86446875e-01
1.66196719e-07,1.86706250e-01
1.66236719e-07,1.86956250e-01
1.66276719e-07,1.86867188e-01
1.66316719e-07,1.86923438e-01
1.66356719e-07,1.86881250e-01
1.66396719e-07,1.86915625e-01
1.66436719e-07,1.86887500e-01
1.66476719e-07,1.86912500e-01
1.66516719e-07,1.86889063e-01
1.66556719e-07,1.86909375e-01
1.66596719e-07,1.86890625e-01
1.66636719e-07,1.86909375e-01
1.66676719e-07,1.86890625e-01
1.66716719e-07,1.86907812e-01
1.66756719e-07,1.86892188e-01
1.66796719e-07,1.86907812e-01
1.66836719e-07,1.86892188e-01
1.66876719e-07,1.86909375e-01
1.66916719e-07,1.86890625e-01
1.66956719e-07,1.86909375e-01
1.66996719e-07,1.86889063e-01
1.67036719e-07,1.86912500e-01
1.67076719e-07,1.86884375e-01
1.67116719e-07,1.86920313e-01
1.67156719e-07,1.86871875e-01
1.67196719e-07,1.86953125e-01
1.67236719e-07,1.86693750e-01
1.67276719e-07,1.86442187e-01
1.67316719e-07,1.86534375e-01
1.67356719e-07,1.86473438e-01
1.67396719e-07,1.86521875e-01
1.67436719e-07,1.86478125e-01
1.67476719e-07,1.86521875e-01
1.67516719e-07,1.86476562e-01
1.67556719e-07,1.86528125e-01
1.67596719e-07,1.86464062e-01
1.67636719e-07,1.86560937e-01
1.67676719e-07,1.86285937e-01
1.67716719e-07,1.86051563e-01
1.67756719e-07,1.86123438e-01
1.67796719e-07,1.86085938e-01
1.67836719e-07,1.86109375e-01
1.67876719e-07,1.86095312e-01
1.67916719e-07,1.86101563e-01
1.67956719e-07,1.86101563e-01
1.67996719e-07,1.86095312e-01
1.68036719e-07,1.86110938e-01
1.68076719e-07,1.86078125e-01
1.68116719e-07,1.86146875e-01
1.68156719e-07,1.85900000e-01
1.68196719e-07,1.85637500e-01
1.68236719e-07,1.85739062e-01
1.68276719e-07,1.85671875e-01
1.68316719e-07,1.85723438e-01
1.68356719e-07,1.85679687e-01
1.68396719e-07,1.85718750e-01
1.68436719e-07,1.85682813e-01
1.68476719e-07,1.85717188e-01
1.68516719e-07,1.85682813e-01
1.68556719e-07,1.85715625e-01
1.68596719e-07,1.85684375e-01
1.68636719e-07,1.85715625e-01
1.68676719e-07,1.85682813e-01
1.68716719e-07,1.85718750e-01
1.68756719e-07,1.85679687e-01
1.68796719e-07,1.85721875e-01
1.68836719e-07,1.85673438e-01
1.68876719e-07,1.85735938e-01
1.68916719e-07,1.85639063e-01
1.68956719e-07,1.85912500e-01
1.68996719e-07,1.86150000e-01
1.69036719e-07,1.86073437e-01
1.69076719e-07,1.86117188e-01
1.69116719e-07,1.86085938e-01
1.69156719e-07,1.86112500e-01
1.69196719e-07,1.86089063e-01
1.69236719e-07,1.86112500e-01
1.69276719e-07,1.86082812e-01
1.69316719e-07,1.86125000e-01
1.69356719e-07,1.86051563e-01
1.69396719e-07,1.86300000e-01
1.69436719e-07,1.86564063e-01
1.69476719e-07,1.86459375e-01
1.69516719e-07,1.86534375e-01
1.69556719e-07,1.86468750e-01
1.69596719e-07,1.86532813e-01
1.69636719e-07,1.86464062e-01
1.69676719e-07,1.86543750e-01
1.69716719e-07,1.86431250e-01
1.69756719e-07,1.86721875e-01
1.69796719e-07,1.86940625e-01
1.69836719e-07,1.86884375e-01
1.69876719e-07,1.86906250e-01
1.69916719e-07,1.86900000e-01
1.69956719e-07,1.86895313e-01
1.69996719e-07,1.86909375e-01
1.70036719e-07,1.86884375e-01
1.70076719e-07,1.86926563e-01
1.70116719e-07,1.86848438e-01
1.70156719e-07,1.87106250e-01
1.70196719e-07,1.87356250e-01
1.70236719e-07,1.87268750e-01
1.70276719e-07,1.87321875e-01
1.70316719e-07,1.87282813e-01
1.70356719e-07,1.87314063e-01
1.70396719e-07,1.87289063e-01
1.70436719e-07,1.87309375e-01
1.70476719e-07,1.87292188e-01
1.70516719e-07,1.87307813e-01
1.70556719e-07,1.87293750e-01
1.70596719e-07,1.87306250e-01
1.70636719e-07,1.87293750e-01
1.70676719e-07,1.87304688e-01
1.70716719e-07,1.87295313e-01
1.70756719e-07,1.87304688e-01
1.70796719e-07,1.87295313e-01
1.70836719e-07,1.87303125e-01
1.70876719e-07,1.87296875e-01
1.70916719e-07,1.87303125e-01
1.70956719e-07,1.87296875e-01
1.70996719e-07,1.87303125e-01
1.71036719e-07,1.87296875e-01
1.71076719e-07,1.87303125e-01
1.71116719e-07,1.87296875e-01
1.71156719e-07,1.87303125e-01
1.71196719e-07,1.87298437e-01
1.71236719e-07,1.87301563e-01
1.71276719e-07,1.87298437e-01
1.71316719e-07,1.87301563e-01
1.71356719e-07,1.87298437e-01
1.71396719e-07,1.87301563e-01
1.71436719e-07,1.87298437e-01
1.71476719e-07,1.87301563e-01
1.71516719e-07,1.87298437e-01
1.71556719e-07,1.87301563e-01
1.71596719e-07,1.87298437e-01
1.71636719e-07,1.87301563e-01
1.71676719e-07,1.87298437e-01
1.71716719e-07,1.87301563e-01
1.71756719e-07,1.87298437e-01
1.71796719e-07,1.87301563e-01
1.71836719e-07,1.87298437e-01
1.71876719e-07,1.87301563e-01
1.71916719e-07,1.87300000e-01
1.71956719e-07,1.87300000e-01
1.71996719e-07,1.87300000e-01
1.72036719e-07,1.87300000e-01
1.72076719e-07,1.87300000e-01
1.72116719e-07,1.87300000e-01
1.72156719e-07,1.87300000e-01
1.72196719e-07,1.87300000e-01
1.72236719e-07,1.87300000e-01
1.72276719e-07,1.87300000e-01
1.72316719e-07,1.87300000e-01
1.72356719e-07,1.87300000e-01
1.72396719e-07,1.87300000e-01
1.72436719e-07,1.87298437e-01
1.72476719e-07,1.87301563e-01
1.72516719e-07,1.87298437e-01
1.72556719e-07,1.87301563e-01
1.72596719e-07,1.87296875e-01
1.72636719e-07,1.87304688e-01
1.72676719e-07,1.87295313e-01
1.72716719e-07,1.87306250e-01
1.72756719e-07,1.87290625e-01
1.72796719e-07,1.87314063e-01
1.72836719e-07,1.87276563e-01
1.72876719e-07,1.87348438e-01
1.72916719e-07,1.87100000e-01
1.72956719e-07,1.86837500e-01
1.72996719e-07,1.86939063e-01
1.73036719e-07,1.86868750e-01
1.73076719e-07,1.86928125e-01
1.73116719e-07,1.86873438e-01
1.73156719e-07,1.86928125e-01
1.73196719e-07,1.86868750e-01
1.73236719e-07,1.86940625e-01
1.73276719e-07,1.86835937e-01
1.73316719e-07,1.87117188e-01
1.73356719e-07,1.87345312e-01
1.73396719e-07,1.87278125e-01
1.73436719e-07,1.87312500e-01
1.73476719e-07,1.87292188e-01
1.73516719e-07,1.87306250e-01
1.73556719e-07,1.87296875e-01
1.73596719e-07,1.87301563e-01
1.73636719e-07,1.87298437e-01
1.73676719e-07,1.87300000e-01
1.73716719e-07,1.87301563e-01
1.73756719e-07,1.87298437e-01
1.73796719e-07,1.87301563e-01
1.73836719e-07,1.87296875e-01
1.73876719e-07,1.87303125e-01
1.73916719e-07,1.87295313e-01
1.73956719e-07,1.87306250e-01
1.73996719e-07,1.87293750e-01
1.74036719e-07,1.87307813e-01
1.74076719e-07,1.87289063e-01
1.74116719e-07,1.87314063e-01
1.74156719e-07,1.87281250e-01
1.74196719e-07,1.87328125e-01
1.74236719e-07,1.87246875e-01
1.74276719e-07,1.87506250e-01
1.74316719e-07,1.87756250e-01
1.74356719e-07,1.87668750e-01
1.74396719e-07,1.87721875e-01
1.74436719e-07,1.87682813e-01
1.74476719e-07,1.87714063e-01
1.74516719e-07,1.87687500e-01
1.74556719e-07,1.87710938e-01
1.74596719e-07,1.87690625e-01
1.74636719e-07,1.87709375e-01
1.74676719e-07,1.87692187e-01
1.74716719e-07,1.87707813e-01
1.74756719e-07,1.87692187e-01
1.74796719e-07,1.87707813e-01
1.74836719e-07,1.87692187e-01
1.74876719e-07,1.87706250e-01
1.74916719e-07,1.87693750e-01
1.74956719e-07,1.87706250e-01
1.74996719e-07,1.87693750e-01
1.75036719e-07,1.87706250e-01
1.75076719e-07,1.87693750e-01
1.75116719e-07,1.87707813e-01
1.75156719e-07,1.87692187e-01
1.75196719e-07,1.87707813e-01
1.75236719e-07,1.87690625e-01
1.75276719e-07,1.87709375e-01
1.75316719e-07,1.87689063e-01
1.75356719e-07,1.87712500e-01
1.75396719e-07,1.87684375e-01
1.75436719e-07,1.87720313e-01
1.75476719e-07,1.87670313e-01
1.75516719e-07,1.87754688e-01
1.75556719e-07,1.87492188e-01
1.75596719e-07,1.87243750e-01
1.75636719e-07,1.87332813e-01
1.75676719e-07,1.87276563e-01
1.75716719e-07,1.87318750e-01
1.75756719e-07,1.87284375e-01
1.75796719e-07,1.87315625e-01
1.75836719e-07,1.87285937e-01
1.75876719e-07,1.87314063e-01
1.75916719e-07,1.87284375e-01
1.75956719e-07,1.87317188e-01
1.75996719e-07,1.87281250e-01
1.76036719e-07,1.87323437e-01
1.76076719e-07,1.87267188e-01
1.76116719e-07,1.87357812e-01
1.76156719e-07,1.87089063e-01
1.76196719e-07,1.86848438e-01
1.76236719e-07,1.86928125e-01
1.76276719e-07,1.86881250e-01
1.76316719e-07,1.86914063e-01
1.76356719e-07,1.86887500e-01
1.76396719e-07,1.86909375e-01
1.76436719e-07,1.86892188e-01
1.76476719e-07,1.86907812e-01
1.76516719e-07,1.86893750e-01
1.76556719e-07,1.86906250e-01
1.76596719e-07,1.86893750e-01
1.76636719e-07,1.86904687e-01
1.76676719e-07,1.86895313e-01
1.76716719e-07,1.86904687e-01
1.76756719e-07,1.86895313e-01
1.76796719e-07,1.86904687e-01
1.76836719e-07,1.86895313e-01
1.76876719e-07,1.86904687e-01
1.76916719e-07,1.86895313e-01
1.76956719e-07,1.86903125e-01
1.76996719e-07,1.86896875e-01
1.77036719e-07,1.86903125e-01
1.77076719e-07,1.86896875e-01
1.77116719e-07,1.86903125e-01
1.77156719e-07,1.86896875e-01
1.77196719e-07,1.86903125e-01
1.77236719e-07,1.86896875e-01
1.77276719e-07,1.86903125e-01
1.77316719e-07,1.86896875e-01
1.77356719e-07,1.86903125e-01
1.77396719e-07,1.86896875e-01
1.77436719e-07,1.86903125e-01
1.77476719e-07,1.86896875e-01
1.77516719e-07,1.86903125e-01
1.77556719e-07,1.86896875e-01
1.77596719e-07,1.86903125e-01
1.77636719e-07,1.86896875e-01
1.77676719e-07,1.86903125e-01
1.77716719e-07,1.86895313e-01
1.77756719e-07,1.86904687e-01
1.77796719e-07,1.86895313e-01
1.77836719e-07,1.86904687e-01
1.77876719e-07,1.86895313e-01
1.77916719e-07,1.86904687e-01
1.77956719e-07,1.86895313e-01
1.77996719e-07,1.86904687e-01
1.78036719e-07,1.86895313e-01
1.78076719e-07,1.86904687e-01
1.78116719e-07,1.86895313e-01
1.78156719e-07,1.86906250e-01
1.78196719e-07,1.86893750e-01
1.78236719e-07,1.86906250e-01
1.78276719e-07,1.86893750e-01
1.78316719e-07,1.86906250e-01
1.78356719e-07,1.86892188e-01
1.78396719e-07,1.86907812e-01
1.78436719e-07,1.86892188e-01
1.78476719e-07,1.86909375e-01
1.78516719e-07,1.86889063e-01
1.78556719e-07,1.86910938e-01
1.78596719e-07,1.86887500e-01
1.78636719e-07,1.86915625e-01
1.78676719e-07,1.86881250e-01
1.78716719e-07,1.86923438e-01
1.78756719e-07,1.86865625e-01
1.78796719e-07,1.86959375e-01
1.78836719e-07,1.86687500e-01
1.78876719e-07,1.86451563e-01
1.78916719e-07,1.86525000e-01
1.78956719e-07,1.86485938e-01
1.78996719e-07,1.86507813e-01
1.79036719e-07,1.86496875e-01
1.79076719e-07,1.86500000e-01
1.79116719e-07,1.86504688e-01
1.79156719e-07,1.86489062e-01
1.79196719e-07,1.86521875e-01
1.79236719e-07,1.86453125e-01
1.79276719e-07,1.86700000e-01
1.79316719e-07,1.86960938e-01
1.79356719e-07,1.86862500e-01
1.79396719e-07,1.86928125e-01
1.79436719e-07,1.86876563e-01
1.79476719e-07,1.86920313e-01
1.79516719e-07,1.86882812e-01
1.79556719e-07,1.86915625e-01
1.79596719e-07,1.86884375e-01
1.79636719e-07,1.86914063e-01
1.79676719e-07,1.86885938e-01
1.79716719e-07,1.86914063e-01
1.79756719e-07,1.86885938e-01
1.79796719e-07,1.86914063e-01
1.79836719e-07,1.86885938e-01
1.79876719e-07,1.86914063e-01
1.79916719e-07,1.86884375e-01
1.79956719e-07,1.86917187e-01
1.79996719e-07,1.86881250e-01
1.80036719e-07,1.86920313e-01
1.80076719e-07,1.86873438e-01
1.80116719e-07,1.86935938e-01
1.80156719e-07,1.86840625e-01
1.80196719e-07,1.87112500e-01
1.80236719e-07,1.87350000e-01
1.80276719e-07,1.87275000e-01
1.80316719e-07,1.87317188e-01
1.80356719e-07,1.87289063e-01
1.80396719e-07,1.87309375e-01
1.80436719e-07,1.87293750e-01
1.80476719e-07,1.87304688e-01
1.80516719e-07,1.87295313e-01
1.80556719e-07,1.87303125e-01
1.80596719e-07,1.87296875e-01
1.80636719e-07,1.87303125e-01
1.80676719e-07,1.87298437e-01
1.80716719e-07,1.87301563e-01
1.80756719e-07,1.87298437e-01
1.80796719e-07,1.87301563e-01
1.80836719e-07,1.87298437e-01
1.80876719e-07,1.87300000e-01
1.80916719e-07,1.87300000e-01
1.80956719e-07,1.87300000e-01
1.80996719e-07,1.87300000e-01
1.81036719e-07,1.87300000e-01
1.81076719e-07,1.87300000e-01
1.81116719e-07,1.87300000e-01
1.81156719e-07,1.87300000e-01
1.81196719e-07,1.87300000e-01
1.81236719e-07,1.87300000e-01
1.81276719e-07,1.87300000e-01
1.81316719e-07,1.87300000e-01
1.81356719e-07,1.87298437e-01
1.81396719e-07,1.87301563e-01
1.81436719e-07,1.87298437e-01
1.81476719e-07,1.87301563e-01
1.81516719e-07,1.87298437e-01
1.81556719e-07,1.87301563e-01
1.81596719e-07,1.87298437e-01
1.81636719e-07,1.87301563e-01
1.81676719e-07,1.87298437e-01
1.81716719e-07,1.87301563e-01
1.81756719e-07,1.87296875e-01
1.81796719e-07,1.87303125e-01
1.81836719e-07,1.87296875e-01
1.81876719e-07,1.87303125e-01
1.81916719e-07,1.87295313e-01
1.81956719e-07,1.87304688e-01
1.81996719e-07,1.87295313e-01
1.82036719e-07,1.87306250e-01
1.82076719e-07,1.87292188e-01
1.82116719e-07,1.87309375e-01
1.82156719e-07,1.87287500e-01
1.82196719e-07,1.87317188e-01
1.82236719e-07,1.87273438e-01
1.82276719e-07,1.87351563e-01
1.82316719e-07,1.87095312e-01
1.82356719e-07,1.86842188e-01
1.82396719e-07,1.86934375e-01
1.82436719e-07,1.86875000e-01
1.82476719e-07,1.86920313e-01
1.82516719e-07,1.86882812e-01
1.82556719e-07,1.86915625e-01
1.82596719e-07,1.86884375e-01
1.82636719e-07,1.86915625e-01
1.82676719e-07,1.86884375e-01
1.82716719e-07,1.86915625e-01
1.82756719e-07,1.86884375e-01
1.82796719e-07,1.86918750e-01
1.82836719e-07,1.86879688e-01
1.82876719e-07,1.86925000e-01
1.82916719e-07,1.86865625e-01
1.82956719e-07,1.86959375e-01
1.82996719e-07,1.86687500e-01
1.83036719e-07,1.86450000e-01
1.83076719e-07,1.86526562e-01
1.83116719e-07,1.86482813e-01
1.83156719e-07,1.86512500e-01
1.83196719e-07,1.86490625e-01
1.83236719e-07,1.86507813e-01
1.83276719e-07,1.86493750e-01
1.83316719e-07,1.86504688e-01
1.83356719e-07,1.86495313e-01
1.83396719e-07,1.86503125e-01
1.83436719e-07,1.86496875e-01
1.83476719e-07,1.86503125e-01
1.83516719e-07,1.86498438e-01
1.83556719e-07,1.86501562e-01
1.83596719e-07,1.86498438e-01
1.83636719e-07,1.86501562e-01
1.83676719e-07,1.86498438e-01
1.83716719e-07,1.86501562e-01
1.83756719e-07,1.86498438e-01
1.83796719e-07,1.86500000e-01
1.83836719e-07,1.86500000e-01
1.83876719e-07,1.86500000e-01
1.83916719e-07,1.86500000e-01
1.83956719e-07,1.86500000e-01
1.83996719e-07,1.86500000e-01
1.84036719e-07,1.86500000e-01
1.84076719e-07,1.86500000e-01
1.84116719e-07,1.86500000e-01
1.84156719e-07,1.86500000e-01
1.84196719e-07,1.86498438e-01
1.84236719e-07,1.86501562e-01
1.84276719e-07,1.86498438e-01
1.84316719e-07,1.86501562e-01
1.84356719e-07,1.86498438e-01
1.84396719e-07,1.86501562e-01
1.84436719e-07,1.86496875e-01
1.84476719e-07,1.86503125e-01
1.84516719e-07,1.86496875e-01
1.84556719e-07,1.86503125e-01
1.84596719e-07,1.86495313e-01
1.84636719e-07,1.86504688e-01
1.84676719e-07,1.86493750e-01
1.84716719e-07,1.86506250e-01
1.84756719e-07,1.86492188e-01
1.84796719e-07,1.86510938e-01
1.84836719e-07,1.86485938e-01
1.84876719e-07,1.86518750e-01
1.84916719e-07,1.86471875e-01
1.84956719e-07,1.86553125e-01
1.84996719e-07,1.86293750e-01
1.85036719e-07,1.86043750e-01
1.85076719e-07,1.86132812e-01
1.85116719e-07,1.86076563e-01
1.85156719e-07,1.86117188e-01
1.85196719e-07,1.86085938e-01
1.85236719e-07,1.86112500e-01
1.85276719e-07,1.86089063e-01
1.85316719e-07,1.86109375e-01
1.85356719e-07,1.86090625e-01
1.85396719e-07,1.86107812e-01
1.85436719e-07,1.86092188e-01
1.85476719e-07,1.86107812e-01
1.85516719e-07,1.86092188e-01
1.85556719e-07,1.86106250e-01
1.85596719e-07,1.86093750e-01
1.85636719e-07,1.86106250e-01
1.85676719e-07,1.86093750e-01
1.85716719e-07,1.86106250e-01
1.85756719e-07,1.86095312e-01
1.85796719e-07,1.86104688e-01
1.85836719e-07,1.86095312e-01
1.85876719e-07,1.86104688e-01
1.85916719e-07,1.86095312e-01
1.85956719e-07,1.86104688e-01
1.85996719e-07,1.86095312e-01
1.86036719e-07,1.86104688e-01
1.86076719e-07,1.86096875e-01
1.86116719e-07,1.86103125e-01
1.86156719e-07,1.86096875e-01
1.86196719e-07,1.86103125e-01
1.86236719e-07,1.86098438e-01
1.86276719e-07,1.86101563e-01
1.86316719e-07,1.86100000e-01
1.86356719e-07,1.86098438e-01
1.86396719e-07,1.86104688e-01
1.86436719e-07,1.86090625e-01
1.86476719e-07,1.86118750e-01
1.86516719e-07,1.86057813e-01
1.86556719e-07,1.86295313e-01
1.86596719e-07,1.86568750e-01
1.86636719e-07,1.86453125e-01
1.86676719e-07,1.86539063e-01
1.86716719e-07,1.86464062e-01
1.86756719e-07,1.86535937e-01
1.86796719e-07,1.86460938e-01
1.86836719e-07,1.86548437e-01
1.86876719e-07,1.86428125e-01
1.86916719e-07,1.86725000e-01
1.86956719e-07,1.86937500e-01
1.86996719e-07,1.86887500e-01
1.87036719e-07,1.86903125e-01
1.87076719e-07,1.86903125e-01
1.87116719e-07,1.86892188e-01
1.87156719e-07,1.86912500e-01
1.87196719e-07,1.86879688e-01
1.87236719e-07,1.86929687e-01
1.87276719e-07,1.86843750e-01
1.87316719e-07,1.87109375e-01
1.87356719e-07,1.87351563e-01
1.87396719e-07,1.87271875e-01
1.87436719e-07,1.87318750e-01
1.87476719e-07,1.87287500e-01
1.87516719e-07,1.87309375e-01
1.87556719e-07,1.87292188e-01
1.87596719e-07,1.87304688e-01
1.87636719e-07,1.87296875e-01
1.87676719e-07,1.87303125e-01
1.87716719e-07,1.87298437e-01
1.87756719e-07,1.87300000e-01
1.87796719e-07,1.87300000e-01
1.87836719e-07,1.87298437e-01
1.87876719e-07,1.87301563e-01
1.87916719e-07,1.87296875e-01
1.87956719e-07,1.87303125e-01
1.87996719e-07,1.87295313e-01
1.88036719e-07,1.87306250e-01
1.88076719e-07,1.87292188e-01
1.88116719e-07,1.87310937e-01
1.88156719e-07,1.87285937e-01
1.88196719e-07,1.87318750e-01
1.88236719e-07,1.87271875e-01
1.88276719e-07,1.87353125e-01
1.88316719e-07,1.87093750e-01
1.88356719e-07,1.86845312e-01
1.88396719e-07,1.86931250e-01
1.88436719e-07,1.86878125e-01
1.88476719e-07,1.86917187e-01
1.88516719e-07,1.86885938e-01
1.88556719e-07,1.86910938e-01
1.88596719e-07,1.86890625e-01
1.88636719e-07,1.86909375e-01
1.88676719e-07,1.86892188e-01
1.88716719e-07,1.86907812e-01
1.88756719e-07,1.86893750e-01
1.88796719e-07,1.86906250e-01
1.88836719e-07,1.86893750e-01
1.88876719e-07,1.86904687e-01
1.88916719e-07,1.86895313e-01
1.88956719e-07,1.86904687e-01
1.88996719e-07,1.86895313e-01
1.89036719e-07,1.86904687e-01
1.89076719e-07,1.86896875e-01
1.89116719e-07,1.86903125e-01
1.89156719e-07,1.86896875e-01
1.89196719e-07,1.86903125e-01
1.89236719e-07,1.86896875e-01
1.89276719e-07,1.86903125e-01
1.89316719e-07,1.86896875e-01
1.89356719e-07,1.86903125e-01
1.89396719e-07,1.86896875e-01
1.89436719e-07,1.86903125e-01
1.89476719e-07,1.86898438e-01
1.89516719e-07,1.86901563e-01
1.89556719e-07,1.86898438e-01
1.89596719e-07,1.86901563e-01
1.89636719e-07,1.86898438e-01
1.89676719e-07,1.86901563e-01
1.89716719e-07,1.86898438e-01
1.89756719e-07,1.86901563e-01
1.89796719e-07,1.86898438e-01
1.89836719e-07,1.86901563e-01
1.89876719e-07,1.86898438e-01
1.89916719e-07,1.86901563e-01
1.89956719e-07,1.86898438e-01
1.89996719e-07,1.86901563e-01
1.90036719e-07,1.86898438e-01
1.90076719e-07,1.86901563e-01
1.90116719e-07,1.86898438e-01
1.90156719e-07,1.86901563e-01
1.90196719e-07,1.86898438e-01
1.90236719e-07,1.86901563e-01
1.90276719e-07,1.86898438e-01
1.90316719e-07,1.86901563e-01
1.90356719e-07,1.86900000e-01
1.90396719e-07,1.86900000e-01
1.90436719e-07,1.86900000e-01
1.90476719e-07,1.86900000e-01
1.90516719e-07,1.86900000e-01
1.90556719e-07,1.86900000e-01
1.90596719e-07,1.86900000e-01
1.90636719e-07,1.86900000e-01
1.90676719e-07,1.86900000e-01
1.90716719e-07,1.86900000e-01
1.90756719e-07,1.86900000e-01
1.90796719e-07,1.86900000e-01
1.90836719e-07,1.86900000e-01
1.90876719e-07,1.86900000e-01
1.90916719e-07,1.86900000e-01
1.90956719e-07,1.86900000e-01
1.90996719e-07,1.86900000e-01
1.91036719e-07,1.86900000e-01
1.91076719e-07,1.86900000e-01
1.91116719e-07,1.86900000e-01
1.91156719e-07,1.86900000e-01
1.91196719e-07,1.86900000e-01
1.91236719e-07,1.86900000e-01
1.91276719e-07,1.86900000e-01
1.91316719e-07,1.86901563e-01
1.91356719e-07,1.86898438e-01
1.91396719e-07,1.86901563e-01
1.91436719e-07,1.86898438e-01
1.91476719e-07,1.86901563e-01
1.91516719e-07,1.86898438e-01
1.91556719e-07,1.86901563e-01
1.91596719e-07,1.86898438e-01
1.91636719e-07,1.86901563e-01
1.91676719e-07,1.86896875e-01
1.91716719e-07,1.86903125e-01
1.91756719e-07,1.86896875e-01
1.91796719e-07,1.86903125e-01
1.91836719e-07,1.86895313e-01
1.91876719e-07,1.86904687e-01
1.91916719e-07,1.86893750e-01
1.91956719e-07,1.86907812e-01
1.91996719e-07,1.86892188e-01
1.92036719e-07,1.86910938e-01
1.92076719e-07,1.86885938e-01
1.92116719e-07,1.86918750e-01
1.92156719e-07,1.86871875e-01
1.92196719e-07,1.86953125e-01
1.92236719e-07,1.86693750e-01
1.92276719e-07,1.86443750e-01
1.92316719e-07,1.86532813e-01
1.92356719e-07,1.86476562e-01
1.92396719e-07,1.86517188e-01
1.92436719e-07,1.86484375e-01
1.92476719e-07,1.86512500e-01
1.92516719e-07,1.86489062e-01
1.92556719e-07,1.86510938e-01
1.92596719e-07,1.86490625e-01
1.92636719e-07,1.86509375e-01
1.92676719e-07,1.86492188e-01
1.92716719e-07,1.86507813e-01
1.92756719e-07,1.86492188e-01
1.92796719e-07,1.86507813e-01
1.92836719e-07,1.86492188e-01
1.92876719e-07,1.86506250e-01
1.92916719e-07,1.86493750e-01
1.92956719e-07,1.86506250e-01
1.92996719e-07,1.86493750e-01
1.93036719e-07,1.86506250e-01
1.93076719e-07,1.86493750e-01
1.93116719e-07,1.86506250e-01
1.93156719e-07,1.86493750e-01
1.93196719e-07,1.86506250e-01
1.93236719e-07,1.86493750e-01
1.93276719e-07,1.86506250e-01
1.93316719e-07,1.86493750e-01
1.93356719e-07,1.86506250e-01
1.93396719e-07,1.86493750e-01
1.93436719e-07,1.86506250e-01
1.93476719e-07,1.86492188e-01
1.93516719e-07,1.86507813e-01
1.93556719e-07,1.86492188e-01
1.93596719e-07,1.86507813e-01
1.93636719e-07,1.86492188e-01
1.93676719e-07,1.86509375e-01
1.93716719e-07,1.86490625e-01
1.93756719e-07,1.86509375e-01
1.93796719e-07,1.86489062e-01
1.93836719e-07,1.86510938e-01
1.93876719e-07,1.86487500e-01
1.93916719e-07,1.86514062e-01
1.93956719e-07,1.86482813e-01
1.93996719e-07,1.86520313e-01
1.94036719e-07,1.86475000e-01
1.94076719e-07,1.86535937e-01
1.94116719e-07,1.86439063e-01
1.94156719e-07,1.86714062e-01
1.94196719e-07,1.86948438e-01
1.94236719e-07,1.86876563e-01
1.94276719e-07,1.86912500e-01
1.94316719e-07,1.86893750e-01
1.94356719e-07,1.86901563e-01
1.94396719e-07,1.86903125e-01
1.94436719e-07,1.86890625e-01
1.94476719e-07,1.86918750e-01
1.94516719e-07,1.86856250e-01
1.94556719e-07,1.87096875e-01
1.94596719e-07,1.87365625e-01
1.94636719e-07,1.87256250e-01
1.94676719e-07,1.87335937e-01
1.94716719e-07,1.87264062e-01
1.94756719e-07,1.87340625e-01
1.94796719e-07,1.87237500e-01
1.94836719e-07,1.87514062e-01
1.94876719e-07,1.87751562e-01
1.94916719e-07,1.87668750e-01
1.94956719e-07,1.87725000e-01
1.94996719e-07,1.87675000e-01
1.95036719e-07,1.87732813e-01
1.95076719e-07,1.87645312e-01
1.95116719e-07,1.87907812e-01
1.95156719e-07,1.88156250e-01
1.95196719e-07,1.88067188e-01
1.95236719e-07,1.88125000e-01
1.95276719e-07,1.88078125e-01
1.95316719e-07,1.88120312e-01
1.95356719e-07,1.88079688e-01
1.95396719e-07,1.88121875e-01
1.95436719e-07,1.88075000e-01
1.95476719e-07,1.88134375e-01
1.95516719e-07,1.88042188e-01
1.95556719e-07,1.88310937e-01
1.95596719e-07,1.88551563e-01
1.95636719e-07,1.88470313e-01
1.95676719e-07,1.88520313e-01
1.95716719e-07,1.88484375e-01
1.95756719e-07,1.88514062e-01
1.95796719e-07,1.88487500e-01
1.95836719e-07,1.88512500e-01
1.95876719e-07,1.88487500e-01
1.95916719e-07,1.88512500e-01
1.95956719e-07,1.88485938e-01
1.95996719e-07,1.88515625e-01
1.96036719e-07,1.88481250e-01
1.96076719e-07,1.88523438e-01
1.96116719e-07,1.88467188e-01
1.96156719e-07,1.88557813e-01
1.96196719e-07,1.88289062e-01
1.96236719e-07,1.88048437e-01
1.96276719e-07,1.88128125e-01
1.96316719e-07,1.88081250e-01
1.96356719e-07,1.88112500e-01
1.96396719e-07,1.88090625e-01
1.96436719e-07,1.88106250e-01
1.96476719e-07,1.88095313e-01
1.96516719e-07,1.88101563e-01
1.96556719e-07,1.88101563e-01
1.96596719e-07,1.88095313e-01
1.96636719e-07,1.88109375e-01
1.96676719e-07,1.88081250e-01
1.96716719e-07,1.88143750e-01
1.96756719e-07,1.87903125e-01
1.96796719e-07,1.87634375e-01
1.96836719e-07,1.87742188e-01
1.96876719e-07,1.87667187e-01
1.96916719e-07,1.87728125e-01
1.96956719e-07,1.87673438e-01
1.96996719e-07,1.87725000e-01
1.97036719e-07,1.87675000e-01
1.97076719e-07,1.87725000e-01
1.97116719e-07,1.87671875e-01
1.97156719e-07,1.87732813e-01
1.97196719e-07,1.87657813e-01
1.97236719e-07,1.87765625e-01
1.97276719e-07,1.87481250e-01
1.97316719e-07,1.87256250e-01
1.97356719e-07,1.87320313e-01
1.97396719e-07,1.87289063e-01
1.97436719e-07,1.87306250e-01
1.97476719e-07,1.87296875e-01
1.97516719e-07,1.87300000e-01
1.97556719e-07,1.87301563e-01
1.97596719e-07,1.87296875e-01
1.97636719e-07,1.87304688e-01
1.97676719e-07,1.87293750e-01
1.97716719e-07,1.87309375e-01
1.97756719e-07,1.87287500e-01
1.97796719e-07,1.87317188e-01
1.97836719e-07,1.87273438e-01
1.97876719e-07,1.87351563e-01
1.97916719e-07,1.87095312e-01
1.97956719e-07,1.86842188e-01
1.97996719e-07,1.86934375e-01
1.98036719e-07,1.86873438e-01
1.98076719e-07,1.86921875e-01
1.98116719e-07,1.86881250e-01
1.98156719e-07,1.86918750e-01
1.98196719e-07,1.86881250e-01
1.98236719e-07,1.86920313e-01
1.98276719e-07,1.86878125e-01
1.98316719e-07,1.86926563e-01
1.98356719e-07,1.86864063e-01
1.98396719e-07,1.86959375e-01
1.98436719e-07,1.86687500e-01
1.98476719e-07,1.86450000e-01
1.98516719e-07,1.86525000e-01
1.98556719e-07,1.86484375e-01
1.98596719e-07,1.86510938e-01
1.98636719e-07,1.86492188e-01
1.98676719e-07,1.86504688e-01
1.98716719e-07,1.86498438e-01
1.98756719e-07,1.86500000e-01
1.98796719e-07,1.86503125e-01
1.98836719e-07,1.86493750e-01
1.98876719e-07,1.86512500e-01
1.98916719e-07,1.86478125e-01
1.98956719e-07,1.86546875e-01
1.98996719e-07,1.86300000e-01
1.99036719e-07,1.86037500e-01
1.99076719e-07,1.86137500e-01
1.99116719e-07,1.86071875e-01
1.99156719e-07,1.86123438e-01
1.99196719e-07,1.86079688e-01
1.99236719e-07,1.86118750e-01
1.99276719e-07,1.86082812e-01
1.99316719e-07,1.86115625e-01
1.99356719e-07,1.86084375e-01
1.99396719e-07,1.86114063e-01
1.99436719e-07,1.86085938e-01
1.99476719e-07,1.86114063e-01
1.99516719e-07,1.86085938e-01
1.99556719e-07,1.86114063e-01
1.99596719e-07,1.86085938e-01
1.99636719e-07,1.86114063e-01
1.99676719e-07,1.86085938e-01
1.99716719e-07,1.86114063e-01
1.99756719e-07,1.86085938e-01
1.99796719e-07,1.86114063e-01
1.99836719e-07,1.86085938e-01
1.99876719e-07,1.86114063e-01
1.99916719e-07,1.86085938e-01
1.99956719e-07,1.86114063e-01
1.99996719e-07,1.86085938e-01
2.00036719e-07,1.86115625e-01
2.00076719e-07,1.86084375e-01
2.00116719e-07,1.86115625e-01
2.00156719e-07,1.86084375e-01
2.00196719e-07,1.86117188e-01
2.00236719e-07,1.86082812e-01
2.00276719e-07,1.86118750e-01
2.00316719e-07,1.86081250e-01
2.00356719e-07,1.86120312e-01
2.00396719e-07,1.86078125e-01
2.00436719e-07,1.86123438e-01
2.00476719e-07,1.86073437e-01
2.00516719e-07,1.86129688e-01
2.00556719e-07,1.86064063e-01
2.00596719e-07,1.86145312e-01
2.00636719e-07,1.86028125e-01
2.00676719e-07,1.86325000e-01
2.00716719e-07,1.86535937e-01
2.00756719e-07,1.86489062e-01
2.00796719e-07,1.86500000e-01
2.00836719e-07,1.86507813e-01
2.00876719e-07,1.86485938e-01
2.00916719e-07,1.86518750e-01
2.00956719e-07,1.86473438e-01
2.00996719e-07,1.86537500e-01
2.01036719e-07,1.86434375e-01
2.01076719e-07,1.86720313e-01
2.01116719e-07,1.86940625e-01
2.01156719e-07,1.86885938e-01
2.01196719e-07,1.86901563e-01
2.01236719e-07,1.86907812e-01
2.01276719e-07,1.86882812e-01
2.01316719e-07,1.86929687e-01
2.01356719e-07,1.86842188e-01
2.01396719e-07,1.87112500e-01
2.01436719e-07,1.87346875e-01
2.01476719e-07,1.87279688e-01
2.01516719e-07,1.87307813e-01
2.01556719e-07,1.87301563e-01
2.01596719e-07,1.87289063e-01
2.01636719e-07,1.87323437e-01
2.01676719e-07,1.87248438e-01
2.01716719e-07,1.87506250e-01
2.01756719e-07,1.87753125e-01
2.01796719e-07,1.87673438e-01
2.01836719e-07,1.87714063e-01
2.01876719e-07,1.87695313e-01
2.01916719e-07,1.87695313e-01
2.01956719e-07,1.87717187e-01
2.01996719e-07,1.87654688e-01
2.02036719e-07,1.87900000e-01
2.02076719e-07,1.88160938e-01
2.02116719e-07,1.88065625e-01
2.02156719e-07,1.88123438e-01
2.02196719e-07,1.88084375e-01
2.02236719e-07,1.88109375e-01
2.02276719e-07,1.88095313e-01
2.02316719e-07,1.88096875e-01
2.02356719e-07,1.88114063e-01
2.02396719e-07,1.88059375e-01
2.02436719e-07,1.88295313e-01
2.02476719e-07,1.88567188e-01
2.02516719e-07,1.88457813e-01
2.02556719e-07,1.88531250e-01
2.02596719e-07,1.88473438e-01
2.02636719e-07,1.88521875e-01
2.02676719e-07,1.88479687e-01
2.02716719e-07,1.88517188e-01
2.02756719e-07,1.88484375e-01
2.02796719e-07,1.88514062e-01
2.02836719e-07,1.88485938e-01
2.02876719e-07,1.88512500e-01
2.02916719e-07,1.88489062e-01
2.02956719e-07,1.88510938e-01
2.02996719e-07,1.88490625e-01
2.03036719e-07,1.88509375e-01
2.03076719e-07,1.88492188e-01
2.03116719e-07,1.88507813e-01
2.03156719e-07,1.88492188e-01
2.03196719e-07,1.88506250e-01
2.03236719e-07,1.88493750e-01
2.03276719e-07,1.88504688e-01
2.03316719e-07,1.88495313e-01
2.03356719e-07,1.88503125e-01
2.03396719e-07,1.88496875e-01
2.03436719e-07,1.88501562e-01
2.03476719e-07,1.88500000e-01
2.03516719e-07,1.88500000e-01
2.03556719e-07,1.88501562e-01
2.03596719e-07,1.88495313e-01
2.03636719e-07,1.88506250e-01
2.03676719e-07,1.88489062e-01
2.03716719e-07,1.88515625e-01
2.03756719e-07,1.88473438e-01
2.03796719e-07,1.88551563e-01
2.03836719e-07,1.88295313e-01
2.03876719e-07,1.88043750e-01
2.03916719e-07,1.88131250e-01
2.03956719e-07,1.88079688e-01
2.03996719e-07,1.88114063e-01
2.04036719e-07,1.88092188e-01
2.04076719e-07,1.88103125e-01
2.04116719e-07,1.88104688e-01
2.04156719e-07,1.88084375e-01
2.04196719e-07,1.88142188e-01
2.04236719e-07,1.87904688e-01
2.04276719e-07,1.87635938e-01
2.04316719e-07,1.87739062e-01
2.04356719e-07,1.87671875e-01
2.04396719e-07,1.87720313e-01
2.04436719e-07,1.87687500e-01
2.04476719e-07,1.87700000e-01
2.04516719e-07,1.87725000e-01
2.04556719e-07,1.87520313e-01
2.04596719e-07,1.87217187e-01
2.04636719e-07,1.87359375e-01
2.04676719e-07,1.87248438e-01
2.04716719e-07,1.87348438e-01
2.04756719e-07,1.87253125e-01
2.04796719e-07,1.87350000e-01
2.04836719e-07,1.87242188e-01
2.04876719e-07,1.87382812e-01
2.04916719e-07,1.87065625e-01
2.04956719e-07,1.86871875e-01
2.04996719e-07,1.86904687e-01
2.05036719e-07,1.86904687e-01
2.05076719e-07,1.86890625e-01
2.05116719e-07,1.86914063e-01
2.05156719e-07,1.86882812e-01
2.05196719e-07,1.86920313e-01
2.05236719e-07,1.86876563e-01
2.05276719e-07,1.86929687e-01
2.05316719e-07,1.86860938e-01
2.05356719e-07,1.86964063e-01
2.05396719e-07,1.86682813e-01
2.05436719e-07,1.86456250e-01
2.05476719e-07,1.86520313e-01
2.05516719e-07,1.86489062e-01
2.05556719e-07,1.86506250e-01
2.05596719e-07,1.86496875e-01
2.05636719e-07,1.86500000e-01
2.05676719e-07,1.86501562e-01
2.05716719e-07,1.86496875e-01
2.05756719e-07,1.86503125e-01
2.05796719e-07,1.86495313e-01
2.05836719e-07,1.86504688e-01
2.05876719e-07,1.86495313e-01
2.05916719e-07,1.86506250e-01
2.05956719e-07,1.86493750e-01
2.05996719e-07,1.86506250e-01
2.06036719e-07,1.86492188e-01
2.06076719e-07,1.86507813e-01
2.06116719e-07,1.86492188e-01
2.06156719e-07,1.86507813e-01
2.06196719e-07,1.86490625e-01
2.06236719e-07,1.86509375e-01
2.06276719e-07,1.86490625e-01
2.06316719e-07,1.86510938e-01
2.06356719e-07,1.86489062e-01
2.06396719e-07,1.86510938e-01
2.06436719e-07,1.86487500e-01
2.06476719e-07,1.86512500e-01
2.06516719e-07,1.86485938e-01
2.06556719e-07,1.86515625e-01
2.06596719e-07,1.86482813e-01
2.06636719e-07,1.86518750e-01
2.06676719e-07,1.86478125e-01
2.06716719e-07,1.86528125e-01
2.06756719e-07,1.86462500e-01
2.06796719e-07,1.86562500e-01
2.06836719e-07,1.86284375e-01
2.06876719e-07,1.86053125e-01
2.06916719e-07,1.86121875e-01
2.06956719e-07,1.86087500e-01
2.06996719e-07,1.86107812e-01
2.07036719e-07,1.86095312e-01
2.07076719e-07,1.86101563e-01
2.07116719e-07,1.86100000e-01
2.07156719e-07,1.86098438e-01
2.07196719e-07,1.86101563e-01
2.07236719e-07,1.86096875e-01
2.07276719e-07,1.86104688e-01
2.07316719e-07,1.86095312e-01
2.07356719e-07,1.86106250e-01
2.07396719e-07,1.86093750e-01
2.07436719e-07,1.86107812e-01
2.07476719e-07,1.86090625e-01
2.07516719e-07,1.86109375e-01
2.07556719e-07,1.86089063e-01
2.07596719e-07,1.86112500e-01
2.07636719e-07,1.86084375e-01
2.07676719e-07,1.86118750e-01
2.07716719e-07,1.86075000e-01
2.07756719e-07,1.86134375e-01
2.07796719e-07,1.86040625e-01
2.07836719e-07,1.86312500e-01
2.07876719e-07,1.86548437e-01
2.07916719e-07,1.86475000e-01
2.07956719e-07,1.86514062e-01
2.07996719e-07,1.86490625e-01
2.08036719e-07,1.86506250e-01
2.08076719e-07,1.86496875e-01
2.08116719e-07,1.86501562e-01
2.08156719e-07,1.86501562e-01
2.08196719e-07,1.86496875e-01
2.08236719e-07,1.86506250e-01
2.08276719e-07,1.86492188e-01
2.08316719e-07,1.86512500e-01
2.08356719e-07,1.86482813e-01
2.08396719e-07,1.86528125e-01
2.08436719e-07,1.86446875e-01
2.08476719e-07,1.86706250e-01
2.08516719e-07,1.86956250e-01
2.08556719e-07,1.86868750e-01
2.08596719e-07,1.86921875e-01
2.08636719e-07,1.86882812e-01
2.08676719e-07,1.86914063e-01
2.08716719e-07,1.86889063e-01
2.08756719e-07,1.86909375e-01
2.08796719e-07,1.86890625e-01
2.08836719e-07,1.86907812e-01
2.08876719e-07,1.86893750e-01
2.08916719e-07,1.86906250e-01
2.08956719e-07,1.86893750e-01
2.08996719e-07,1.86904687e-01
2.09036719e-07,1.86895313e-01
2.09076719e-07,1.86904687e-01
2.09116719e-07,1.86895313e-01
2.09156719e-07,1.86903125e-01
2.09196719e-07,1.86896875e-01
2.09236719e-07,1.86903125e-01
2.09276719e-07,1.86896875e-01
2.09316719e-07,1.86903125e-01
2.09356719e-07,1.86896875e-01
2.09396719e-07,1.86901563e-01
2.09436719e-07,1.86898438e-01
2.09476719e-07,1.86901563e-01
2.09516719e-07,1.86898438e-01
2.09556719e-07,1.86901563e-01
2.09596719e-07,1.86898438e-01
2.09636719e-07,1.86901563e-01
2.09676719e-07,1.86898438e-01
2.09716719e-07,1.86901563e-01
2.09756719e-07,1.86898438e-01
2.09796719e-07,1.86901563e-01
2.09836719e-07,1.86898438e-01
2.09876719e-07,1.86901563e-01
2.09916719e-07,1.86900000e-01
2.09956719e-07,1.86900000e-01
2.09996719e-07,1.86900000e-01
2.10036719e-07,1.86900000e-01
2.10076719e-07,1.86900000e-01
2.10116719e-07,1.86900000e-01
2.10156719e-07,1.86900000e-01
2.10196719e-07,1.86900000e-01
2.10236719e-07,1.86900000e-01
2.10276719e-07,1.86900000e-01
2.10316719e-07,1.86900000e-01
2.10356719e-07,1.86900000e-01
2.10396719e-07,1.86900000e-01
2.10436719e-07,1.86900000e-01
2.10476719e-07,1.86900000e-01
2.10516719e-07,1.86900000e-01
2.10556719e-07,1.86900000e-01
2.10596719e-07,1.86900000e-01
2.10636719e-07,1.86900000e-01
2.10676719e-07,1.86900000e-01
2.10716719e-07,1.86900000e-01
2.10756719e-07,1.86900000e-01
2.10796719e-07,1.86900000e-01
2.10836719e-07,1.86900000e-01
2.10876719e-07,1.86900000e-01
2.10916719e-07,1.86900000e-01
2.10956719e-07,1.86900000e-01
2.10996719e-07,1.86900000e-01
2.11036719e-07,1.86900000e-01
2.11076719e-07,1.86898438e-01
2.11116719e-07,1.86901563e-01
2.11156719e-07,1.86898438e-01
2.11196719e-07,1.86901563e-01
2.11236719e-07,1.86898438e-01
2.11276719e-07,1.86901563e-01
2.11316719e-07,1.86898438e-01
2.11356719e-07,1.86901563e-01
2.11396719e-07,1.86898438e-01
2.11436719e-07,1.86901563e-01
2.11476719e-07,1.86898438e-01
2.11516719e-07,1.86901563e-01
2.11556719e-07,1.86898438e-01
2.11596719e-07,1.86901563e-01
2.11636719e-07,1.86898438e-01
2.11676719e-07,1.86901563e-01
2.11716719e-07,1.86898438e-01
2.11756719e-07,1.86901563e-01
2.11796719e-07,1.86898438e-01
2.11836719e-07,1.86901563e-01
2.11876719e-07,1.86898438e-01
2.11916719e-07,1.86901563e-01
2.11956719e-07,1.86898438e-01
2.11996719e-07,1.86901563e-01
2.12036719e-07,1.86898438e-01
2.12076719e-07,1.86901563e-01
2.12116719e-07,1.86900000e-01
2.12156719e-07,1.86900000e-01
2.12196719e-07,1.86900000e-01
2.12236719e-07,1.86900000e-01
2.12276719e-07,1.86900000e-01
2.12316719e-07,1.86900000e-01
2.12356719e-07,1.86900000e-01
2.12396719e-07,1.86900000e-01
2.12436719e-07,1.86901563e-01
2.12476719e-07,1.86898438e-01
2.12516719e-07,1.86901563e-01
2.12556719e-07,1.86896875e-01
2.12596719e-07,1.86904687e-01
2.12636719e-07,1.86893750e-01
2.12676719e-07,1.86909375e-01
2.12716719e-07,1.86885938e-01
2.12756719e-07,1.86923438e-01
2.12796719e-07,1.86851563e-01
2.12836719e-07,1.87101563e-01
2.12876719e-07,1.87362500e-01
2.12916719e-07,1.87260938e-01
2.12956719e-07,1.87329688e-01
2.12996719e-07,1.87275000e-01
2.13036719e-07,1.87323437e-01
2.13076719e-07,1.87278125e-01
2.13116719e-07,1.87320313e-01
2.13156719e-07,1.87279688e-01
2.13196719e-07,1.87321875e-01
2.13236719e-07,1.87276563e-01
2.13276719e-07,1.87326563e-01
2.13316719e-07,1.87268750e-01
2.13356719e-07,1.87340625e-01
2.13396719e-07,1.87235938e-01
2.13436719e-07,1.87517188e-01
2.13476719e-07,1.87745313e-01
2.13516719e-07,1.87679687e-01
2.13556719e-07,1.87710938e-01
2.13596719e-07,1.87693750e-01
2.13636719e-07,1.87703125e-01
2.13676719e-07,1.87698438e-01
2.13716719e-07,1.87700000e-01
2.13756719e-07,1.87701563e-01
2.13796719e-07,1.87696875e-01
2.13836719e-07,1.87703125e-01
2.13876719e-07,1.87695313e-01
2.13916719e-07,1.87704687e-01
2.13956719e-07,1.87693750e-01
2.13996719e-07,1.87706250e-01
2.14036719e-07,1.87692187e-01
2.14076719e-07,1.87709375e-01
2.14116719e-07,1.87689063e-01
2.14156719e-07,1.87712500e-01
2.14196719e-07,1.87685938e-01
2.14236719e-07,1.87717187e-01
2.14276719e-07,1.87676563e-01
2.14316719e-07,1.87732813e-01
2.14356719e-07,1.87642188e-01
2.14396719e-07,1.87910938e-01
2.14436719e-07,1.88151563e-01
2.14476719e-07,1.88073437e-01
2.14516719e-07,1.88117188e-01
2.14556719e-07,1.88087500e-01
2.14596719e-07,1.88109375e-01
2.14636719e-07,1.88093750e-01
2.14676719e-07,1.88104688e-01
2.14716719e-07,1.88095313e-01
2.14756719e-07,1.88103125e-01
2.14796719e-07,1.88098437e-01
2.14836719e-07,1.88101563e-01
2.14876719e-07,1.88100000e-01
2.14916719e-07,1.88100000e-01
2.14956719e-07,1.88100000e-01
2.14996719e-07,1.88098437e-01
2.15036719e-07,1.88101563e-01
2.15076719e-07,1.88098437e-01
2.15116719e-07,1.88103125e-01
2.15156719e-07,1.88096875e-01
2.15196719e-07,1.88103125e-01
2.15236719e-07,1.88095313e-01
2.15276719e-07,1.88104688e-01
2.15316719e-07,1.88095313e-01
2.15356719e-07,1.88106250e-01
2.15396719e-07,1.88093750e-01
2.15436719e-07,1.88107812e-01
2.15476719e-07,1.88092188e-01
2.15516719e-07,1.88109375e-01
2.15556719e-07,1.88089063e-01
2.15596719e-07,1.88112500e-01
2.15636719e-07,1.88085937e-01
2.15676719e-07,1.88117188e-01
2.15716719e-07,1.88076563e-01
2.15756719e-07,1.88132812e-01
2.15796719e-07,1.88042188e-01
2.15836719e-07,1.88310937e-01
2.15876719e-07,1.88550000e-01
2.15916719e-07,1.88473438e-01
2.15956719e-07,1.88517188e-01
2.15996719e-07,1.88489062e-01
2.16036719e-07,1.88507813e-01
2.16076719e-07,1.88495313e-01
2.16116719e-07,1.88503125e-01
2.16156719e-07,1.88498438e-01
2.16196719e-07,1.88500000e-01
2.16236719e-07,1.88501562e-01
2.16276719e-07,1.88496875e-01
2.16316719e-07,1.88504688e-01
2.16356719e-07,1.88493750e-01
2.16396719e-07,1.88507813e-01
2.16436719e-07,1.88489062e-01
2.16476719e-07,1.88514062e-01
2.16516719e-07,1.88481250e-01
2.16556719e-07,1.88529688e-01
2.16596719e-07,1.88445313e-01
2.16636719e-07,1.88707813e-01
2.16676719e-07,1.88953125e-01
2.16716719e-07,1.88870312e-01
2.16756719e-07,1.88918750e-01
2.16796719e-07,1.88885938e-01
2.16836719e-07,1.88909375e-01
2.16876719e-07,1.88892188e-01
2.16916719e-07,1.88904688e-01
2.16956719e-07,1.88896875e-01
2.16996719e-07,1.88900000e-01
2.17036719e-07,1.88903125e-01
2.17076719e-07,1.88893750e-01
2.17116719e-07,1.88912500e-01
2.17156719e-07,1.88878125e-01
2.17196719e-07,1.88946875e-01
2.17236719e-07,1.88700000e-01
2.17276719e-07,1.88439063e-01
2.17316719e-07,1.88537500e-01
2.17356719e-07,1.88471875e-01
2.17396719e-07,1.88523438e-01
2.17436719e-07,1.88479687e-01
2.17476719e-07,1.88518750e-01
2.17516719e-07,1.88482813e-01
2.17556719e-07,1.88517188e-01
2.17596719e-07,1.88482813e-01
2.17636719e-07,1.88518750e-01
2.17676719e-07,1.88479687e-01
2.17716719e-07,1.88525000e-01
2.17756719e-07,1.88467188e-01
2.17796719e-07,1.88557813e-01
2.17836719e-07,1.88290625e-01
2.17876719e-07,1.88046875e-01
2.17916719e-07,1.88131250e-01
2.17956719e-07,1.88076563e-01
2.17996719e-07,1.88118750e-01
2.18036719e-07,1.88081250e-01
2.18076719e-07,1.88118750e-01
2.18116719e-07,1.88079688e-01
2.18156719e-07,1.88125000e-01
2.18196719e-07,1.88065625e-01
2.18236719e-07,1.88157813e-01
2.18276719e-07,1.87889063e-01
2.18316719e-07,1.87648438e-01
2.18356719e-07,1.87726562e-01
2.18396719e-07,1.87682813e-01
2.18436719e-07,1.87712500e-01
2.18476719e-07,1.87690625e-01
2.18516719e-07,1.87706250e-01
2.18556719e-07,1.87695313e-01
2.18596719e-07,1.87703125e-01
2.18636719e-07,1.87698438e-01
2.18676719e-07,1.87698438e-01
2.18716719e-07,1.87703125e-01
2.18756719e-07,1.87693750e-01
2.18796719e-07,1.87712500e-01
2.18836719e-07,1.87678125e-01
2.18876719e-07,1.87746875e-01
2.18916719e-07,1.87500000e-01
2.18956719e-07,1.87237500e-01
2.18996719e-07,1.87337500e-01
2.19036719e-07,1.87271875e-01
2.19076719e-07,1.87323437e-01
2.19116719e-07,1.87278125e-01
2.19156719e-07,1.87318750e-01
2.19196719e-07,1.87281250e-01
2.19236719e-07,1.87318750e-01
2.19276719e-07,1.87281250e-01
2.19316719e-07,1.87318750e-01
2.19356719e-07,1.87279688e-01
2.19396719e-07,1.87321875e-01
2.19436719e-07,1.87273438e-01
2.19476719e-07,1.87335937e-01
2.19516719e-07,1.87239062e-01
2.19556719e-07,1.87512500e-01
2.19596719e-07,1.87750000e-01
2.19636719e-07,1.87673438e-01
2.19676719e-07,1.87717187e-01
2.19716719e-07,1.87687500e-01
2.19756719e-07,1.87710938e-01
2.19796719e-07,1.87690625e-01
2.19836719e-07,1.87707813e-01
2.19876719e-07,1.87692187e-01
2.19916719e-07,1.87707813e-01
2.19956719e-07,1.87692187e-01
2.19996719e-07,1.87707813e-01
2.20036719e-07,1.87692187e-01
2.20076719e-07,1.87709375e-01
2.20116719e-07,1.87689063e-01
2.20156719e-07,1.87712500e-01
2.20196719e-07,1.87684375e-01
2.20236719e-07,1.87720313e-01
2.20276719e-07,1.87670313e-01
2.20316719e-07,1.87754688e-01
2.20356719e-07,1.87492188e-01
2.20396719e-07,1.87245313e-01
2.20436719e-07,1.87329688e-01
2.20476719e-07,1.87279688e-01
2.20516719e-07,1.87315625e-01
2.20556719e-07,1.87287500e-01
2.20596719e-07,1.87309375e-01
2.20636719e-07,1.87292188e-01
2.20676719e-07,1.87306250e-01
2.20716719e-07,1.87295313e-01
2.20756719e-07,1.87303125e-01
2.20796719e-07,1.87300000e-01
2.20836719e-07,1.87296875e-01
2.20876719e-07,1.87307813e-01
2.20916719e-07,1.87281250e-01
2.20956719e-07,1.87342188e-01
2.20996719e-07,1.87104688e-01
2.21036719e-07,1.86832813e-01
2.21076719e-07,1.86943750e-01
2.21116719e-07,1.86864063e-01
2.21156719e-07,1.86931250e-01
2.21196719e-07,1.86870312e-01
2.21236719e-07,1.86929687e-01
2.21276719e-07,1.86868750e-01
2.21316719e-07,1.86935938e-01
2.21356719e-07,1.86854688e-01
2.21396719e-07,1.86968750e-01
2.21436719e-07,1.86678125e-01
2.21476719e-07,1.86459375e-01
2.21516719e-07,1.86515625e-01
2.21556719e-07,1.86493750e-01
2.21596719e-07,1.86500000e-01
2.21636719e-07,1.86504688e-01
2.21676719e-07,1.86490625e-01
2.21716719e-07,1.86515625e-01
2.21756719e-07,1.86475000e-01
2.21796719e-07,1.86550000e-01
2.21836719e-07,1.86296875e-01
2.21876719e-07,1.86042188e-01
2.21916719e-07,1.86134375e-01
2.21956719e-07,1.86075000e-01
2.21996719e-07,1.86121875e-01
2.22036719e-07,1.86081250e-01
2.22076719e-07,1.86117188e-01
2.22116719e-07,1.86082812e-01
2.22156719e-07,1.86118750e-01
2.22196719e-07,1.86079688e-01
2.22236719e-07,1.86125000e-01
2.22276719e-07,1.86065625e-01
2.22316719e-07,1.86159375e-01
2.22356719e-07,1.85889063e-01
2.22396719e-07,1.85648438e-01
2.22436719e-07,1.85728125e-01
2.22476719e-07,1.85681250e-01
2.22516719e-07,1.85714062e-01
2.22556719e-07,1.85689063e-01
2.22596719e-07,1.85709375e-01
2.22636719e-07,1.85692187e-01
2.22676719e-07,1.85706250e-01
2.22716719e-07,1.85693750e-01
2.22756719e-07,1.85704688e-01
2.22796719e-07,1.85695313e-01
2.22836719e-07,1.85704688e-01
2.22876719e-07,1.85696875e-01
2.22916719e-07,1.85703125e-01
2.22956719e-07,1.85696875e-01
2.22996719e-07,1.85703125e-01
2.23036719e-07,1.85698438e-01
2.23076719e-07,1.85701563e-01
2.23116719e-07,1.85698438e-01
2.23156719e-07,1.85700000e-01
2.23196719e-07,1.85700000e-01
2.23236719e-07,1.85698438e-01
2.23276719e-07,1.85703125e-01
2.23316719e-07,1.85695313e-01
2.23356719e-07,1.85707813e-01
2.23396719e-07,1.85687500e-01
2.23436719e-07,1.85721875e-01
2.23476719e-07,1.85653125e-01
2.23516719e-07,1.85898438e-01
2.23556719e-07,1.86164063e-01
2.23596719e-07,1.86059375e-01
2.23636719e-07,1.86131250e-01
2.23676719e-07,1.86071875e-01
2.23716719e-07,1.86125000e-01
2.23756719e-07,1.86075000e-01
2.23796719e-07,1.86125000e-01
2.23836719e-07,1.86073437e-01
2.23876719e-07,1.86128125e-01
2.23916719e-07,1.86067188e-01
2.23956719e-07,1.86142188e-01
2.23996719e-07,1.86032813e-01
2.24036719e-07,1.86320313e-01
2.24076719e-07,1.86542188e-01
2.24116719e-07,1.86482813e-01
2.24156719e-07,1.86507813e-01
2.24196719e-07,1.86498438e-01
2.24236719e-07,1.86496875e-01
2.24276719e-07,1.86507813e-01
2.24316719e-07,1.86485938e-01
2.24356719e-07,1.86523438e-01
2.24396719e-07,1.86450000e-01
2.24436719e-07,1.86703125e-01
2.24476719e-07,1.86959375e-01
2.24516719e-07,1.86862500e-01
2.24556719e-07,1.86928125e-01
2.24596719e-07,1.86875000e-01
2.24636719e-07,1.86925000e-01
2.24676719e-07,1.86873438e-01
2.24716719e-07,1.86934375e-01
2.24756719e-07,1.86842188e-01
2.24796719e-07,1.87109375e-01
2.24836719e-07,1.87353125e-01
2.24876719e-07,1.87268750e-01
2.24916719e-07,1.87323437e-01
2.24956719e-07,1.87279688e-01
2.24996719e-07,1.87318750e-01
2.25036719e-07,1.87281250e-01
2.25076719e-07,1.87320313e-01
2.25116719e-07,1.87275000e-01
2.25156719e-07,1.87334375e-01
2.25196719e-07,1.87242188e-01
2.25236719e-07,1.87510938e-01
2.25276719e-07,1.87751562e-01
2.25316719e-07,1.87671875e-01
2.25356719e-07,1.87718750e-01
2.25396719e-07,1.87685938e-01
2.25436719e-07,1.87710938e-01
2.25476719e-07,1.87690625e-01
2.25516719e-07,1.87707813e-01
2.25556719e-07,1.87692187e-01
2.25596719e-07,1.87706250e-01
2.25636719e-07,1.87693750e-01
2.25676719e-07,1.87706250e-01
2.25716719e-07,1.87695313e-01
2.25756719e-07,1.87704687e-01
2.25796719e-07,1.87695313e-01
2.25836719e-07,1.87704687e-01
2.25876719e-07,1.87695313e-01
2.25916719e-07,1.87704687e-01
2.25956719e-07,1.87695313e-01
2.25996719e-07,1.87704687e-01
2.26036719e-07,1.87695313e-01
2.26076719e-07,1.87704687e-01
2.26116719e-07,1.87695313e-01
2.26156719e-07,1.87706250e-01
2.26196719e-07,1.87693750e-01
2.26236719e-07,1.87707813e-01
2.26276719e-07,1.87692187e-01
2.26316719e-07,1.87709375e-01
2.26356719e-07,1.87689063e-01
2.26396719e-07,1.87714063e-01
2.26436719e-07,1.87681250e-01
2.26476719e-07,1.87728125e-01
2.26516719e-07,1.87646875e-01
2.26556719e-07,1.87906250e-01
2.26596719e-07,1.88156250e-01
2.26636719e-07,1.88068750e-01
2.26676719e-07,1.88123438e-01
2.26716719e-07,1.88082813e-01
2.26756719e-07,1.88115625e-01
2.26796719e-07,1.88087500e-01
2.26836719e-07,1.88112500e-01
2.26876719e-07,1.88089063e-01
2.26916719e-07,1.88109375e-01
2.26956719e-07,1.88090625e-01
2.26996719e-07,1.88109375e-01
2.27036719e-07,1.88090625e-01
2.27076719e-07,1.88109375e-01
2.27116719e-07,1.88092188e-01
2.27156719e-07,1.88107812e-01
2.27196719e-07,1.88092188e-01
2.27236719e-07,1.88107812e-01
2.27276719e-07,1.88092188e-01
2.27316719e-07,1.88109375e-01
2.27356719e-07,1.88090625e-01
2.27396719e-07,1.88109375e-01
2.27436719e-07,1.88090625e-01
2.27476719e-07,1.88109375e-01
2.27516719e-07,1.88090625e-01
2.27556719e-07,1.88110938e-01
2.27596719e-07,1.88089063e-01
2.27636719e-07,1.88112500e-01
2.27676719e-07,1.88087500e-01
2.27716719e-07,1.88114063e-01
2.27756719e-07,1.88084375e-01
2.27796719e-07,1.88118750e-01
2.27836719e-07,1.88078125e-01
2.27876719e-07,1.88126563e-01
2.27916719e-07,1.88062500e-01
2.27956719e-07,1.88162500e-01
2.27996719e-07,1.87884375e-01
2.28036719e-07,1.87653125e-01
2.28076719e-07,1.87721875e-01
2.28116719e-07,1.87689063e-01
2.28156719e-07,1.87706250e-01
2.28196719e-07,1.87698438e-01
2.28236719e-07,1.87698438e-01
2.28276719e-07,1.87706250e-01
2.28316719e-07,1.87689063e-01
2.28356719e-07,1.87715625e-01
2.28396719e-07,1.87673438e-01
2.28436719e-07,1.87753125e-01
2.28476719e-07,1.87493750e-01
2.28516719e-07,1.87245313e-01
2.28556719e-07,1.87329688e-01
2.28596719e-07,1.87279688e-01
2.28636719e-07,1.87314063e-01
2.28676719e-07,1.87290625e-01
2.28716719e-07,1.87306250e-01
2.28756719e-07,1.87296875e-01
2.28796719e-07,1.87298437e-01
2.28836719e-07,1.87307813e-01
2.28876719e-07,1.87282813e-01
2.28916719e-07,1.87342188e-01
2.28956719e-07,1.87103125e-01
2.28996719e-07,1.86834375e-01
2.29036719e-07,1.86942187e-01
2.29076719e-07,1.86867188e-01
2.29116719e-07,1.86928125e-01
2.29156719e-07,1.86873438e-01
2.29196719e-07,1.86925000e-01
2.29236719e-07,1.86875000e-01
2.29276719e-07,1.86925000e-01
2.29316719e-07,1.86873438e-01
2.29356719e-07,1.86931250e-01
2.29396719e-07,1.86860938e-01
2.29436719e-07,1.86964063e-01
2.29476719e-07,1.86684375e-01
2.29516719e-07,1.86453125e-01
2.29556719e-07,1.86523438e-01
2.29596719e-07,1.86484375e-01
2.29636719e-07,1.86510938e-01
2.29676719e-07,1.86490625e-01
2.29716719e-07,1.86507813e-01
2.29756719e-07,1.86492188e-01
2.29796719e-07,1.86509375e-01
2.29836719e-07,1.86489062e-01
2.29876719e-07,1.86515625e-01
2.29916719e-07,1.86476562e-01
2.29956719e-07,1.86548437e-01
2.29996719e-07,1.86300000e-01
2.30036719e-07,1.86037500e-01
2.30076719e-07,1.86139063e-01
2.30116719e-07,1.86068750e-01
2.30156719e-07,1.86128125e-01
2.30196719e-07,1.86073437e-01
2.30236719e-07,1.86126563e-01
2.30276719e-07,1.86071875e-01
2.30316719e-07,1.86132812e-01
2.30356719e-07,1.86057813e-01
2.30396719e-07,1.86165625e-01
2.30436719e-07,1.85881250e-01
2.30476719e-07,1.85656250e-01
2.30516719e-07,1.85720313e-01
2.30556719e-07,1.85689063e-01
2.30596719e-07,1.85704688e-01
2.30636719e-07,1.85698438e-01
2.30676719e-07,1.85700000e-01
2.30716719e-07,1.85703125e-01
2.30756719e-07,1.85695313e-01
2.30796719e-07,1.85707813e-01
2.30836719e-07,1.85689063e-01
2.30876719e-07,1.85717188e-01
2.30916719e-07,1.85673438e-01
2.30956719e-07,1.85751562e-01
2.30996719e-07,1.85495313e-01
2.31036719e-07,1.85242188e-01
2.31076719e-07,1.85334375e-01
2.31116719e-07,1.85275000e-01
2.31156719e-07,1.85320313e-01
2.31196719e-07,1.85281250e-01
2.31236719e-07,1.85317188e-01
2.31276719e-07,1.85282813e-01
2.31316719e-07,1.85317188e-01
2.31356719e-07,1.85281250e-01
2.31396719e-07,1.85320313e-01
2.31436719e-07,1.85275000e-01
2.31476719e-07,1.85334375e-01
2.31516719e-07,1.85240625e-01
2.31556719e-07,1.85512500e-01
2.31596719e-07,1.85750000e-01
2.31636719e-07,1.85673438e-01
2.31676719e-07,1.85717188e-01
2.31716719e-07,1.85687500e-01
2.31756719e-07,1.85709375e-01
2.31796719e-07,1.85693750e-01
2.31836719e-07,1.85704688e-01
2.31876719e-07,1.85698438e-01
2.31916719e-07,1.85700000e-01
2.31956719e-07,1.85703125e-01
2.31996719e-07,1.85690625e-01
2.32036719e-07,1.85718750e-01
2.32076719e-07,1.85656250e-01
2.32116719e-07,1.85895313e-01
2.32156719e-07,1.86167187e-01
2.32196719e-07,1.86056250e-01
2.32236719e-07,1.86134375e-01
2.32276719e-07,1.86068750e-01
2.32316719e-07,1.86129688e-01
2.32356719e-07,1.86070313e-01
2.32396719e-07,1.86131250e-01
2.32436719e-07,1.86064063e-01
2.32476719e-07,1.86145312e-01
2.32516719e-07,1.86031250e-01
2.32556719e-07,1.86321875e-01
2.32596719e-07,1.86540625e-01
2.32636719e-07,1.86482813e-01
2.32676719e-07,1.86507813e-01
2.32716719e-07,1.86498438e-01
2.32756719e-07,1.86498438e-01
2.32796719e-07,1.86503125e-01
2.32836719e-07,1.86493750e-01
2.32876719e-07,1.86507813e-01
2.32916719e-07,1.86490625e-01
2.32956719e-07,1.86512500e-01
2.32996719e-07,1.86485938e-01
2.33036719e-07,1.86518750e-01
2.33076719e-07,1.86476562e-01
2.33116719e-07,1.86534375e-01
2.33156719e-07,1.86440625e-01
2.33196719e-07,1.86712500e-01
2.33236719e-07,1.86948438e-01
2.33276719e-07,1.86875000e-01
2.33316719e-07,1.86914063e-01
2.33356719e-07,1.86892188e-01
2.33396719e-07,1.86904687e-01
2.33436719e-07,1.86898438e-01
2.33476719e-07,1.86898438e-01
2.33516719e-07,1.86904687e-01
2.33556719e-07,1.86890625e-01
2.33596719e-07,1.86915625e-01
2.33636719e-07,1.86875000e-01
2.33676719e-07,1.86950000e-01
2.33716719e-07,1.86695313e-01
2.33756719e-07,1.86442187e-01
2.33796719e-07,1.86534375e-01
2.33836719e-07,1.86476562e-01
2.33876719e-07,1.86518750e-01
2.33916719e-07,1.86484375e-01
2.33956719e-07,1.86512500e-01
2.33996719e-07,1.86489062e-01
2.34036719e-07,1.86510938e-01
2.34076719e-07,1.86490625e-01
2.34116719e-07,1.86507813e-01
2.34156719e-07,1.86492188e-01
2.34196719e-07,1.86507813e-01
2.34236719e-07,1.86493750e-01
2.34276719e-07,1.86506250e-01
2.34316719e-07,1.86493750e-01
2.34356719e-07,1.86504688e-01
2.34396719e-07,1.86495313e-01
2.34436719e-07,1.86504688e-01
2.34476719e-07,1.86495313e-01
2.34516719e-07,1.86504688e-01
2.34556719e-07,1.86495313e-01
2.34596719e-07,1.86504688e-01
2.34636719e-07,1.86496875e-01
2.34676719e-07,1.86503125e-01
2.34716719e-07,1.86496875e-01
2.34756719e-07,1.86503125e-01
2.34796719e-07,1.86496875e-01
2.34836719e-07,1.86503125e-01
2.34876719e-07,1.86496875e-01
2.34916719e-07,1.86503125e-01
2.34956719e-07,1.86496875e-01
2.34996719e-07,1.86503125e-01
2.35036719e-07,1.86496875e-01
2.35076719e-07,1.86503125e-01
2.35116719e-07,1.86496875e-01
2.35156719e-07,1.86503125e-01
2.35196719e-07,1.86496875e-01
2.35236719e-07,1.86503125e-01
2.35276719e-07,1.86495313e-01
2.35316719e-07,1.86504688e-01
2.35356719e-07,1.86495313e-01
2.35396719e-07,1.86504688e-01
2.35436719e-07,1.86493750e-01
2.35476719e-07,1.86507813e-01
2.35516719e-07,1.86490625e-01
2.35556719e-07,1.86512500e-01
2.35596719e-07,1.86482813e-01
2.35636719e-07,1.86526562e-01
2.35676719e-07,1.86450000e-01
2.35716719e-07,1.86703125e-01
2.35756719e-07,1.86959375e-01
2.35796719e-07,1.86864063e-01
2.35836719e-07,1.86928125e-01
2.35876719e-07,1.86876563e-01
2.35916719e-07,1.86921875e-01
2.35956719e-07,1.86879688e-01
2.35996719e-07,1.86920313e-01
2.36036719e-07,1.86878125e-01
2.36076719e-07,1.86925000e-01
2.36116719e-07,1.86870312e-01
2.36156719e-07,1.86939063e-01
2.36196719e-07,1.86835937e-01
2.36236719e-07,1.87117188e-01
2.36276719e-07,1.87345312e-01
2.36316719e-07,1.87278125e-01
2.36356719e-07,1.87312500e-01
2.36396719e-07,1.87293750e-01
2.36436719e-07,1.87303125e-01
2.36476719e-07,1.87300000e-01
2.36516719e-07,1.87298437e-01
2.36556719e-07,1.87304688e-01
2.36596719e-07,1.87292188e-01
2.36636719e-07,1.87310937e-01
2.36676719e-07,1.87282813e-01
2.36716719e-07,1.87326563e-01
2.36756719e-07,1.87248438e-01
2.36796719e-07,1.87504688e-01
2.36836719e-07,1.87756250e-01
2.36876719e-07,1.87667187e-01
2.36916719e-07,1.87723438e-01
2.36956719e-07,1.87681250e-01
2.36996719e-07,1.87715625e-01
2.37036719e-07,1.87687500e-01
2.37076719e-07,1.87710938e-01
2.37116719e-07,1.87689063e-01
2.37156719e-07,1.87709375e-01
2.37196719e-07,1.87690625e-01
2.37236719e-07,1.87707813e-01
2.37276719e-07,1.87692187e-01
2.37316719e-07,1.87707813e-01
2.37356719e-07,1.87692187e-01
2.37396719e-07,1.87707813e-01
2.37436719e-07,1.87692187e-01
2.37476719e-07,1.87707813e-01
2.37516719e-07,1.87692187e-01
2.37556719e-07,1.87709375e-01
2.37596719e-07,1.87690625e-01
2.37636719e-07,1.87710938e-01
2.37676719e-07,1.87685938e-01
2.37716719e-07,1.87718750e-01
2.37756719e-07,1.87671875e-01
2.37796719e-07,1.87751562e-01
2.37836719e-07,1.87495313e-01
2.37876719e-07,1.87240625e-01
2.37916719e-07,1.87335937e-01
2.37956719e-07,1.87271875e-01
2.37996719e-07,1.87325000e-01
2.38036719e-07,1.87276563e-01
2.38076719e-07,1.87323437e-01
2.38116719e-07,1.87275000e-01
2.38156719e-07,1.87329688e-01
2.38196719e-07,1.87260938e-01
2.38236719e-07,1.87362500e-01
2.38276719e-07,1.87084375e-01
2.38316719e-07,1.86854688e-01
2.38356719e-07,1.86921875e-01
2.38396719e-07,1.86887500e-01
2.38436719e-07,1.86907812e-01
2.38476719e-07,1.86896875e-01
2.38516719e-07,1.86900000e-01
2.38556719e-07,1.86901563e-01
2.38596719e-07,1.86895313e-01
2.38636719e-07,1.86907812e-01
2.38676719e-07,1.86889063e-01
2.38716719e-07,1.86917187e-01
2.38756719e-07,1.86873438e-01
2.38796719e-07,1.86953125e-01
2.38836719e-07,1.86693750e-01
2.38876719e-07,1.86443750e-01
2.38916719e-07,1.86531250e-01
2.38956719e-07,1.86478125e-01
2.38996719e-07,1.86515625e-01
2.39036719e-07,1.86487500e-01
2.39076719e-07,1.86509375e-01
2.39116719e-07,1.86493750e-01
2.39156719e-07,1.86504688e-01
2.39196719e-07,1.86498438e-01
2.39236719e-07,1.86500000e-01
2.39276719e-07,1.86504688e-01
2.39316719e-07,1.86490625e-01
2.39356719e-07,1.86520313e-01
2.39396719e-07,1.86454687e-01
2.39436719e-07,1.86698438e-01
2.39476719e-07,1.86964063e-01
2.39516719e-07,1.86860938e-01
2.39556719e-07,1.86929687e-01
2.39596719e-07,1.86875000e-01
2.39636719e-07,1.86921875e-01
2.39676719e-07,1.86879688e-01
2.39716719e-07,1.86918750e-01
2.39756719e-07,1.86882812e-01
2.39796719e-07,1.86915625e-01
2.39836719e-07,1.86884375e-01
2.39876719e-07,1.86915625e-01
2.39916719e-07,1.86884375e-01
2.39956719e-07,1.86915625e-01
2.39996719e-07,1.86884375e-01
2.40036719e-07,1.86915625e-01
2.40076719e-07,1.86884375e-01
2.40116719e-07,1.86917187e-01
2.40156719e-07,1.86882812e-01
2.40196719e-07,1.86918750e-01
2.40236719e-07,1.86878125e-01
2.40276719e-07,1.86926563e-01
2.40316719e-07,1.86864063e-01
2.40356719e-07,1.86960938e-01
2.40396719e-07,1.86687500e-01
2.40436719e-07,1.86450000e-01
2.40476719e-07,1.86526562e-01
2.40516719e-07,1.86481250e-01
2.40556719e-07,1.86514062e-01
2.40596719e-07,1.86487500e-01
2.40636719e-07,1.86512500e-01
2.40676719e-07,1.86485938e-01
2.40716719e-07,1.86517188e-01
2.40756719e-07,1.86473438e-01
2.40796719e-07,1.86550000e-01
2.40836719e-07,1.86298437e-01
2.40876719e-07,1.86039063e-01
2.40916719e-07,1.86137500e-01
2.40956719e-07,1.86070313e-01
2.40996719e-07,1.86126563e-01
2.41036719e-07,1.86075000e-01
2.41076719e-07,1.86125000e-01
2.41116719e-07,1.86073437e-01
2.41156719e-07,1.86131250e-01
2.41196719e-07,1.86059375e-01
2.41236719e-07,1.86164063e-01
2.41276719e-07,1.85882812e-01
2.41316719e-07,1.85654687e-01
2.41356719e-07,1.85721875e-01
2.41396719e-07,1.85687500e-01
2.41436719e-07,1.85707813e-01
2.41476719e-07,1.85695313e-01
2.41516719e-07,1.85701563e-01
2.41556719e-07,1.85700000e-01
2.41596719e-07,1.85698438e-01
2.41636719e-07,1.85703125e-01
2.41676719e-07,1.85695313e-01
2.41716719e-07,1.85706250e-01
2.41756719e-07,1.85692187e-01
2.41796719e-07,1.85710938e-01
2.41836719e-07,1.85684375e-01
2.41876719e-07,1.85725000e-01
2.41916719e-07,1.85650000e-01
2.41956719e-07,1.85903125e-01
2.41996719e-07,1.86159375e-01
2.42036719e-07,1.86064063e-01
2.42076719e-07,1.86128125e-01
2.42116719e-07,1.86075000e-01
2.42156719e-07,1.86123438e-01
2.42196719e-07,1.86076563e-01
2.42236719e-07,1.86125000e-01
2.42276719e-07,1.86070313e-01
2.42316719e-07,1.86139063e-01
2.42356719e-07,1.86037500e-01
2.42396719e-07,1.86315625e-01
2.42436719e-07,1.86545313e-01
2.42476719e-07,1.86479688e-01
2.42516719e-07,1.86509375e-01
2.42556719e-07,1.86496875e-01
2.42596719e-07,1.86495313e-01
2.42636719e-07,1.86515625e-01
2.42676719e-07,1.86457813e-01
2.42716719e-07,1.86695313e-01
2.42756719e-07,1.86967188e-01
2.42796719e-07,1.86856250e-01
2.42836719e-07,1.86934375e-01
2.42876719e-07,1.86870312e-01
2.42916719e-07,1.86928125e-01
2.42956719e-07,1.86871875e-01
2.42996719e-07,1.86929687e-01
2.43036719e-07,1.86865625e-01
2.43076719e-07,1.86942187e-01
2.43116719e-07,1.86832813e-01
2.43156719e-07,1.87118750e-01
2.43196719e-07,1.87343750e-01
2.43236719e-07,1.87279688e-01
2.43276719e-07,1.87310937e-01
2.43316719e-07,1.87293750e-01
2.43356719e-07,1.87304688e-01
2.43396719e-07,1.87298437e-01
2.43436719e-07,1.87301563e-01
2.43476719e-07,1.87300000e-01
2.43516719e-07,1.87298437e-01
2.43556719e-07,1.87301563e-01
2.43596719e-07,1.87298437e-01
2.43636719e-07,1.87301563e-01
2.43676719e-07,1.87296875e-01
2.43716719e-07,1.87303125e-01
2.43756719e-07,1.87296875e-01
2.43796719e-07,1.87303125e-01
2.43836719e-07,1.87296875e-01
2.43876719e-07,1.87303125e-01
2.43916719e-07,1.87295313e-01
2.43956719e-07,1.87304688e-01
2.43996719e-07,1.87295313e-01
2.44036719e-07,1.87304688e-01
2.44076719e-07,1.87295313e-01
2.44116719e-07,1.87304688e-01
2.44156719e-07,1.87295313e-01
2.44196719e-07,1.87304688e-01
2.44236719e-07,1.87293750e-01
2.44276719e-07,1.87306250e-01
2.44316719e-07,1.87293750e-01
2.44356719e-07,1.87306250e-01
2.44396719e-07,1.87293750e-01
2.44436719e-07,1.87306250e-01
2.44476719e-07,1.87292188e-01
2.44516719e-07,1.87307813e-01
2.44556719e-07,1.87292188e-01
2.44596719e-07,1.87307813e-01
2.44636719e-07,1.87290625e-01
2.44676719e-07,1.87309375e-01
2.44716719e-07,1.87289063e-01
2.44756719e-07,1.87312500e-01
2.44796719e-07,1.87285937e-01
2.44836719e-07,1.87315625e-01
2.44876719e-07,1.87281250e-01
2.44916719e-07,1.87323437e-01
2.44956719e-07,1.87265625e-01
2.44996719e-07,1.87359375e-01
2.45036719e-07,1.87087500e-01
2.45076719e-07,1.86850000e-01
2.45116719e-07,1.86926563e-01
2.45156719e-07,1.86882812e-01
2.45196719e-07,1.86912500e-01
2.45236719e-07,1.86890625e-01
2.45276719e-07,1.86906250e-01
2.45316719e-07,1.86895313e-01
2.45356719e-07,1.86904687e-01
2.45396719e-07,1.86896875e-01
2.45436719e-07,1.86903125e-01
2.45476719e-07,1.86898438e-01
2.45516719e-07,1.86901563e-01
2.45556719e-07,1.86900000e-01
2.45596719e-07,1.86900000e-01
2.45636719e-07,1.86900000e-01
2.45676719e-07,1.86900000e-01
2.45716719e-07,1.86901563e-01
2.45756719e-07,1.86898438e-01
2.45796719e-07,1.86901563e-01
2.45836719e-07,1.86898438e-01
2.45876719e-07,1.86901563e-01
2.45916719e-07,1.86896875e-01
2.45956719e-07,1.86903125e-01
2.45996719e-07,1.86896875e-01
2.46036719e-07,1.86903125e-01
2.46076719e-07,1.86896875e-01
2.46116719e-07,1.86904687e-01
2.46156719e-07,1.86895313e-01
2.46196719e-07,1.86904687e-01
2.46236719e-07,1.86895313e-01
2.46276719e-07,1.86904687e-01
2.46316719e-07,1.86893750e-01
2.46356719e-07,1.86906250e-01
2.46396719e-07,1.86893750e-01
2.46436719e-07,1.86907812e-01
2.46476719e-07,1.86892188e-01
2.46516719e-07,1.86909375e-01
2.46556719e-07,1.86889063e-01
2.46596719e-07,1.86910938e-01
2.46636719e-07,1.86887500e-01
2.46676719e-07,1.86915625e-01
2.46716719e-07,1.86881250e-01
2.46756719e-07,1.86923438e-01
2.46796719e-07,1.86865625e-01
2.46836719e-07,1.86959375e-01
2.46876719e-07,1.86687500e-01
2.46916719e-07,1.86451563e-01
2.46956719e-07,1.86525000e-01
2.46996719e-07,1.86484375e-01
2.47036719e-07,1.86509375e-01
2.47076719e-07,1.86493750e-01
2.47116719e-07,1.86503125e-01
2.47156719e-07,1.86500000e-01
2.47196719e-07,1.86496875e-01
2.47236719e-07,1.86506250e-01
2.47276719e-07,1.86490625e-01
2.47316719e-07,1.86515625e-01
2.47356719e-07,1.86475000e-01
2.47396719e-07,1.86550000e-01
2.47436719e-07,1.86295313e-01
2.47476719e-07,1.86042188e-01
2.47516719e-07,1.86132812e-01
2.47556719e-07,1.86076563e-01
2.47596719e-07,1.86118750e-01
2.47636719e-07,1.86084375e-01
2.47676719e-07,1.86112500e-01
2.47716719e-07,1.86089063e-01
2.47756719e-07,1.86110938e-01
2.47796719e-07,1.86090625e-01
2.47836719e-07,1.86107812e-01
2.47876719e-07,1.86092188e-01
2.47916719e-07,1.86106250e-01
2.47956719e-07,1.86093750e-01
2.47996719e-07,1.86106250e-01
2.48036719e-07,1.86095312e-01
2.48076719e-07,1.86104688e-01
2.48116719e-07,1.86095312e-01
2.48156719e-07,1.86104688e-01
2.48196719e-07,1.86095312e-01
2.48236719e-07,1.86103125e-01
2.48276719e-07,1.86096875e-01
2.48316719e-07,1.86103125e-01
2.48356719e-07,1.86096875e-01
2.48396719e-07,1.86103125e-01
2.48436719e-07,1.86098438e-01
2.48476719e-07,1.86101563e-01
2.48516719e-07,1.86098438e-01
2.48556719e-07,1.86101563e-01
2.48596719e-07,1.86098438e-01
2.48636719e-07,1.86100000e-01
2.48676719e-07,1.86100000e-01
2.48716719e-07,1.86100000e-01
2.48756719e-07,1.86101563e-01
2.48796719e-07,1.86098438e-01
2.48836719e-07,1.86103125e-01
2.48876719e-07,1.86096875e-01
2.48916719e-07,1.86104688e-01
2.48956719e-07,1.86092188e-01
2.48996719e-07,1.86110938e-01
2.49036719e-07,1.86084375e-01
2.49076719e-07,1.86125000e-01
2.49116719e-07,1.86050000e-01
2.49156719e-07,1.86303125e-01
2.49196719e-07,1.86559375e-01
2.49236719e-07,1.86464062e-01
2.49276719e-07,1.86526562e-01
2.49316719e-07,1.86476562e-01
2.49356719e-07,1.86520313e-01
2.49396719e-07,1.86481250e-01
2.49436719e-07,1.86518750e-01
2.49476719e-07,1.86481250e-01
2.49516719e-07,1.86518750e-01
2.49556719e-07,1.86479688e-01
2.49596719e-07,1.86521875e-01
2.49636719e-07,1.86473438e-01
2.49676719e-07,1.86535937e-01
2.49716719e-07,1.86439063e-01
2.49756719e-07,1.86712500e-01
2.49796719e-07,1.86950000e-01
2.49836719e-07,1.86873438e-01
2.49876719e-07,1.86917187e-01
2.49916719e-07,1.86887500e-01
2.49956719e-07,1.86909375e-01
2.49996719e-07,1.86892188e-01
2.50036719e-07,1.86906250e-01
2.50076719e-07,1.86893750e-01
2.50116719e-07,1.86904687e-01
2.50156719e-07,1.86895313e-01
2.50196719e-07,1.86904687e-01
2.50236719e-07,1.86895313e-01
2.50276719e-07,1.86904687e-01
2.50316719e-07,1.86895313e-01
2.50356719e-07,1.86904687e-01
2.50396719e-07,1.86895313e-01
2.50436719e-07,1.86904687e-01
2.50476719e-07,1.86893750e-01
2.50516719e-07,1.86906250e-01
2.50556719e-07,1.86893750e-01
2.50596719e-07,1.86907812e-01
2.50636719e-07,1.86892188e-01
2.50676719e-07,1.86909375e-01
2.50716719e-07,1.86887500e-01
2.50756719e-07,1.86915625e-01
2.50796719e-07,1.86879688e-01
2.50836719e-07,1.86929687e-01
2.50876719e-07,1.86845312e-01
2.50916719e-07,1.87107812e-01
2.50956719e-07,1.87354688e-01
2.50996719e-07,1.87270313e-01
2.51036719e-07,1.87320313e-01
2.51076719e-07,1.87284375e-01
2.51116719e-07,1.87312500e-01
2.51156719e-07,1.87290625e-01
2.51196719e-07,1.87307813e-01
2.51236719e-07,1.87293750e-01
2.51276719e-07,1.87306250e-01
2.51316719e-07,1.87295313e-01
2.51356719e-07,1.87303125e-01
2.51396719e-07,1.87298437e-01
2.51436719e-07,1.87301563e-01
2.51476719e-07,1.87301563e-01
2.51516719e-07,1.87296875e-01
2.51556719e-07,1.87306250e-01
2.51596719e-07,1.87289063e-01
2.51636719e-07,1.87321875e-01
2.51676719e-07,1.87253125e-01
2.51716719e-07,1.87498438e-01
2.51756719e-07,1.87762500e-01
2.51796719e-07,1.87660938e-01
2.51836719e-07,1.87729688e-01
2.51876719e-07,1.87675000e-01
2.51916719e-07,1.87721875e-01
2.51956719e-07,1.87679687e-01
2.51996719e-07,1.87718750e-01
2.52036719e-07,1.87681250e-01
2.52076719e-07,1.87718750e-01
2.52116719e-07,1.87682813e-01
2.52156719e-07,1.87717187e-01
2.52196719e-07,1.87681250e-01
2.52236719e-07,1.87718750e-01
2.52276719e-07,1.87681250e-01
2.52316719e-07,1.87720313e-01
2.52356719e-07,1.87679687e-01
2.52396719e-07,1.87723438e-01
2.52436719e-07,1.87675000e-01
2.52476719e-07,1.87728125e-01
2.52516719e-07,1.87665625e-01
2.52556719e-07,1.87743750e-01
2.52596719e-07,1.87629688e-01
2.52636719e-07,1.87923438e-01
2.52676719e-07,1.88137500e-01
2.52716719e-07,1.88089063e-01
2.52756719e-07,1.88098437e-01
2.52796719e-07,1.88110938e-01
2.52836719e-07,1.88075000e-01
2.52876719e-07,1.88151563e-01
2.52916719e-07,1.87893750e-01
2.52956719e-07,1.87645312e-01
2.52996719e-07,1.87729688e-01
2.53036719e-07,1.87679687e-01
2.53076719e-07,1.87714063e-01
2.53116719e-07,1.87689063e-01
2.53156719e-07,1.87707813e-01
2.53196719e-07,1.87695313e-01
2.53236719e-07,1.87703125e-01
2.53276719e-07,1.87698438e-01
2.53316719e-07,1.87700000e-01
2.53356719e-07,1.87703125e-01
2.53396719e-07,1.87695313e-01
2.53436719e-07,1.87707813e-01
2.53476719e-07,1.87689063e-01
2.53516719e-07,1.87717187e-01
2.53556719e-07,1.87673438e-01
2.53596719e-07,1.87753125e-01
2.53636719e-07,1.87493750e-01
2.53676719e-07,1.87245313e-01
2.53716719e-07,1.87331250e-01
2.53756719e-07,1.87279688e-01
2.53796719e-07,1.87314063e-01
2.53836719e-07,1.87290625e-01
2.53876719e-07,1.87303125e-01
2.53916719e-07,1.87303125e-01
2.53956719e-07,1.87287500e-01
2.53996719e-07,1.87337500e-01
2.54036719e-07,1.87107812e-01
2.54076719e-07,1.86829688e-01
2.54116719e-07,1.86946875e-01
2.54156719e-07,1.86862500e-01
2.54196719e-07,1.86934375e-01
2.54236719e-07,1.86867188e-01
2.54276719e-07,1.86932813e-01
2.54316719e-07,1.86867188e-01
2.54356719e-07,1.86937500e-01
2.54396719e-07,1.86853125e-01
2.54436719e-07,1.86970313e-01
2.54476719e-07,1.86676563e-01
2.54516719e-07,1.86460938e-01
2.54556719e-07,1.86515625e-01
2.54596719e-07,1.86493750e-01
2.54636719e-07,1.86501562e-01
2.54676719e-07,1.86501562e-01
2.54716719e-07,1.86496875e-01
2.54756719e-07,1.86504688e-01
2.54796719e-07,1.86493750e-01
2.54836719e-07,1.86507813e-01
2.54876719e-07,1.86492188e-01
2.54916719e-07,1.86509375e-01
2.54956719e-07,1.86489062e-01
2.54996719e-07,1.86514062e-01
2.55036719e-07,1.86484375e-01
2.55076719e-07,1.86518750e-01
2.55116719e-07,1.86475000e-01
2.55156719e-07,1.86534375e-01
2.55196719e-07,1.86439063e-01
2.55236719e-07,1.86714062e-01
2.55276719e-07,1.86948438e-01
2.55316719e-07,1.86876563e-01
2.55356719e-07,1.86912500e-01
2.55396719e-07,1.86893750e-01
2.55436719e-07,1.86901563e-01
2.55476719e-07,1.86903125e-01
2.55516719e-07,1.86890625e-01
2.55556719e-07,1.86920313e-01
2.55596719e-07,1.86854688e-01
2.55636719e-07,1.87098438e-01
2.55676719e-07,1.87364063e-01
2.55716719e-07,1.87259375e-01
2.55756719e-07,1.87331250e-01
2.55796719e-07,1.87271875e-01
2.55836719e-07,1.87328125e-01
2.55876719e-07,1.87270313e-01
2.55916719e-07,1.87337500e-01
2.55956719e-07,1.87239062e-01
2.55996719e-07,1.87512500e-01
2.56036719e-07,1.87751562e-01
2.56076719e-07,1.87671875e-01
2.56116719e-07,1.87720313e-01
2.56156719e-07,1.87682813e-01
2.56196719e-07,1.87715625e-01
2.56236719e-07,1.87682813e-01
2.56276719e-07,1.87718750e-01
2.56316719e-07,1.87676563e-01
2.56356719e-07,1.87731250e-01
2.56396719e-07,1.87643750e-01
2.56436719e-07,1.87909375e-01
2.56476719e-07,1.88153125e-01
2.56516719e-07,1.88070313e-01
2.56556719e-07,1.88120312e-01
2.56596719e-07,1.88084375e-01
2.56636719e-07,1.88112500e-01
2.56676719e-07,1.88089063e-01
2.56716719e-07,1.88109375e-01
2.56756719e-07,1.88092188e-01
2.56796719e-07,1.88107812e-01
2.56836719e-07,1.88093750e-01
2.56876719e-07,1.88106250e-01
2.56916719e-07,1.88093750e-01
2.56956719e-07,1.88106250e-01
2.56996719e-07,1.88095313e-01
2.57036719e-07,1.88104688e-01
2.57076719e-07,1.88095313e-01
2.57116719e-07,1.88104688e-01
2.57156719e-07,1.88095313e-01
2.57196719e-07,1.88104688e-01
2.57236719e-07,1.88095313e-01
2.57276719e-07,1.88103125e-01
2.57316719e-07,1.88096875e-01
2.57356719e-07,1.88103125e-01
2.57396719e-07,1.88096875e-01
2.57436719e-07,1.88103125e-01
2.57476719e-07,1.88096875e-01
2.57516719e-07,1.88103125e-01
2.57556719e-07,1.88096875e-01
2.57596719e-07,1.88103125e-01
2.57636719e-07,1.88096875e-01
2.57676719e-07,1.88103125e-01
2.57716719e-07,1.88096875e-01
2.57756719e-07,1.88103125e-01
2.57796719e-07,1.88096875e-01
2.57836719e-07,1.88103125e-01
2.57876719e-07,1.88096875e-01
2.57916719e-07,1.88103125e-01
2.57956719e-07,1.88096875e-01
2.57996719e-07,1.88103125e-01
2.58036719e-07,1.88098437e-01
2.58076719e-07,1.88101563e-01
2.58116719e-07,1.88098437e-01
2.58156719e-07,1.88101563e-01
2.58196719e-07,1.88098437e-01
2.58236719e-07,1.88101563e-01
2.58276719e-07,1.88098437e-01
2.58316719e-07,1.88101563e-01
2.58356719e-07,1.88098437e-01
2.58396719e-07,1.88101563e-01
2.58436719e-07,1.88098437e-01
2.58476719e-07,1.88101563e-01
2.58516719e-07,1.88098437e-01
2.58556719e-07,1.88101563e-01
2.58596719e-07,1.88098437e-01
2.58636719e-07,1.88101563e-01
2.58676719e-07,1.88100000e-01
2.58716719e-07,1.88100000e-01
2.58756719e-07,1.88100000e-01
2.58796719e-07,1.88100000e-01
2.58836719e-07,1.88100000e-01
2.58876719e-07,1.88098437e-01
2.58916719e-07,1.88101563e-01
2.58956719e-07,1.88098437e-01
2.58996719e-07,1.88103125e-01
2.59036719e-07,1.88096875e-01
2.59076719e-07,1.88104688e-01
2.59116719e-07,1.88092188e-01
2.59156719e-07,1.88110938e-01
2.59196719e-07,1.88084375e-01
2.59236719e-07,1.88125000e-01
2.59276719e-07,1.88050000e-01
2.59316719e-07,1.88303125e-01
2.59356719e-07,1.88559375e-01
2.59396719e-07,1.88464063e-01
2.59436719e-07,1.88526562e-01
2.59476719e-07,1.88478125e-01
2.59516719e-07,1.88520313e-01
2.59556719e-07,1.88482813e-01
2.59596719e-07,1.88517188e-01
2.59636719e-07,1.88484375e-01
2.59676719e-07,1.88515625e-01
2.59716719e-07,1.88485938e-01
2.59756719e-07,1.88514062e-01
2.59796719e-07,1.88485938e-01
2.59836719e-07,1.88514062e-01
2.59876719e-07,1.88484375e-01
2.59916719e-07,1.88515625e-01
2.59956719e-07,1.88484375e-01
2.59996719e-07,1.88517188e-01
2.60036719e-07,1.88482813e-01
2.60076719e-07,1.88518750e-01
2.60116719e-07,1.88478125e-01
2.60156719e-07,1.88525000e-01
2.60196719e-07,1.88470313e-01
2.60236719e-07,1.88539063e-01
2.60276719e-07,1.88435938e-01
2.60316719e-07,1.88718750e-01
2.60356719e-07,1.88943750e-01
2.60396719e-07,1.88879688e-01
2.60436719e-07,1.88909375e-01
2.60476719e-07,1.88895312e-01
2.60516719e-07,1.88901563e-01
2.60556719e-07,1.88901563e-01
2.60596719e-07,1.88895312e-01
2.60636719e-07,1.88906250e-01
2.60676719e-07,1.88890625e-01
2.60716719e-07,1.88912500e-01
2.60756719e-07,1.88884375e-01
2.60796719e-07,1.88921875e-01
2.60836719e-07,1.88868750e-01
2.60876719e-07,1.88957813e-01
2.60916719e-07,1.88689063e-01
2.60956719e-07,1.88450000e-01
2.60996719e-07,1.88526562e-01
2.61036719e-07,1.88484375e-01
2.61076719e-07,1.88510938e-01
2.61116719e-07,1.88493750e-01
2.61156719e-07,1.88504688e-01
2.61196719e-07,1.88498438e-01
2.61236719e-07,1.88500000e-01
2.61276719e-07,1.88503125e-01
2.61316719e-07,1.88495313e-01
2.61356719e-07,1.88507813e-01
2.61396719e-07,1.88487500e-01
2.61436719e-07,1.88517188e-01
2.61476719e-07,1.88471875e-01
2.61516719e-07,1.88553125e-01
2.61556719e-07,1.88292188e-01
2.61596719e-07,1.88045313e-01
2.61636719e-07,1.88129688e-01
2.61676719e-07,1.88081250e-01
2.61716719e-07,1.88114063e-01
2.61756719e-07,1.88090625e-01
2.61796719e-07,1.88104688e-01
2.61836719e-07,1.88098437e-01
2.61876719e-07,1.88096875e-01
2.61916719e-07,1.88107812e-01
2.61956719e-07,1.88081250e-01
2.61996719e-07,1.88143750e-01
2.62036719e-07,1.87901563e-01
2.62076719e-07,1.87635938e-01
2.62116719e-07,1.87739062e-01
2.62156719e-07,1.87670313e-01
2.62196719e-07,1.87725000e-01
2.62236719e-07,1.87678125e-01
2.62276719e-07,1.87718750e-01
2.62316719e-07,1.87682813e-01
2.62356719e-07,1.87717187e-01
2.62396719e-07,1.87684375e-01
2.62436719e-07,1.87715625e-01
2.62476719e-07,1.87685938e-01
2.62516719e-07,1.87714063e-01
2.62556719e-07,1.87685938e-01
2.62596719e-07,1.87714063e-01
2.62636719e-07,1.87685938e-01
2.62676719e-07,1.87714063e-01
2.62716719e-07,1.87685938e-01
2.62756719e-07,1.87714063e-01
2.62796719e-07,1.87684375e-01
2.62836719e-07,1.87715625e-01
2.62876719e-07,1.87681250e-01
2.62916719e-07,1.87720313e-01
2.62956719e-07,1.87675000e-01
2.62996719e-07,1.87734375e-01
2.63036719e-07,1.87640625e-01
2.63076719e-07,1.87912500e-01
2.63116719e-07,1.88150000e-01
2.63156719e-07,1.88073437e-01
2.63196719e-07,1.88117188e-01
2.63236719e-07,1.88085937e-01
2.63276719e-07,1.88110938e-01
2.63316719e-07,1.88090625e-01
2.63356719e-07,1.88107812e-01
2.63396719e-07,1.88092188e-01
2.63436719e-07,1.88107812e-01
2.63476719e-07,1.88090625e-01
2.63516719e-07,1.88109375e-01
2.63556719e-07,1.88089063e-01
2.63596719e-07,1.88114063e-01
2.63636719e-07,1.88081250e-01
2.63676719e-07,1.88128125e-01
2.63716719e-07,1.88046875e-01
2.63756719e-07,1.88306250e-01
2.63796719e-07,1.88556250e-01
2.63836719e-07,1.88467188e-01
2.63876719e-07,1.88523438e-01
2.63916719e-07,1.88481250e-01
2.63956719e-07,1.88515625e-01
2.63996719e-07,1.88485938e-01
2.64036719e-07,1.88512500e-01
2.64076719e-07,1.88487500e-01
2.64116719e-07,1.88510938e-01
2.64156719e-07,1.88489062e-01
2.64196719e-07,1.88509375e-01
2.64236719e-07,1.88490625e-01
2.64276719e-07,1.88509375e-01
2.64316719e-07,1.88490625e-01
2.64356719e-07,1.88509375e-01
2.64396719e-07,1.88490625e-01
2.64436719e-07,1.88507813e-01
2.64476719e-07,1.88492188e-01
2.64516719e-07,1.88507813e-01
2.64556719e-07,1.88492188e-01
2.64596719e-07,1.88507813e-01
2.64636719e-07,1.88492188e-01
2.64676719e-07,1.88507813e-01
2.64716719e-07,1.88492188e-01
2.64756719e-07,1.88507813e-01
2.64796719e-07,1.88492188e-01
2.64836719e-07,1.88507813e-01
2.64876719e-07,1.88492188e-01
2.64916719e-07,1.88507813e-01
2.64956719e-07,1.88490625e-01
2.64996719e-07,1.88509375e-01
2.65036719e-07,1.88490625e-01
2.65076719e-07,1.88509375e-01
2.65116719e-07,1.88490625e-01
2.65156719e-07,1.88509375e-01
2.65196719e-07,1.88490625e-01
2.65236719e-07,1.88510938e-01
2.65276719e-07,1.88489062e-01
2.65316719e-07,1.88510938e-01
2.65356719e-07,1.88489062e-01
2.65396719e-07,1.88512500e-01
2.65436719e-07,1.88487500e-01
2.65476719e-07,1.88514062e-01
2.65516719e-07,1.88484375e-01
2.65556719e-07,1.88517188e-01
2.65596719e-07,1.88481250e-01
2.65636719e-07,1.88521875e-01
2.65676719e-07,1.88473438e-01
2.65716719e-07,1.88535938e-01
2.65756719e-07,1.88439063e-01
2.65796719e-07,1.88714063e-01
2.65836719e-07,1.88946875e-01
2.65876719e-07,1.88876563e-01
2.65916719e-07,1.88914063e-01
2.65956719e-07,1.88890625e-01
2.65996719e-07,1.88906250e-01
2.66036719e-07,1.88896875e-01
2.66076719e-07,1.88901563e-01
2.66116719e-07,1.88900000e-01
2.66156719e-07,1.88900000e-01
2.66196719e-07,1.88901563e-01
2.66236719e-07,1.88898438e-01
2.66276719e-07,1.88903125e-01
2.66316719e-07,1.88896875e-01
2.66356719e-07,1.88904688e-01
2.66396719e-07,1.88895312e-01
2.66436719e-07,1.88904688e-01
2.66476719e-07,1.88893750e-01
2.66516719e-07,1.88906250e-01
2.66556719e-07,1.88893750e-01
2.66596719e-07,1.88907812e-01
2.66636719e-07,1.88892188e-01
2.66676719e-07,1.88909375e-01
2.66716719e-07,1.88890625e-01
2.66756719e-07,1.88910938e-01
2.66796719e-07,1.88887500e-01
2.66836719e-07,1.88914063e-01
2.66876719e-07,1.88884375e-01
2.66916719e-07,1.88917188e-01
2.66956719e-07,1.88878125e-01
2.66996719e-07,1.88926563e-01
2.67036719e-07,1.88862500e-01
2.67076719e-07,1.88962500e-01
2.67116719e-07,1.88684375e-01
2.67156719e-07,1.88454687e-01
2.67196719e-07,1.88520313e-01
2.67236719e-07,1.88489062e-01
2.67276719e-07,1.88504688e-01
2.67316719e-07,1.88500000e-01
2.67356719e-07,1.88496875e-01
2.67396719e-07,1.88507813e-01
2.67436719e-07,1.88487500e-01
2.67476719e-07,1.88518750e-01
2.67516719e-07,1.88470313e-01
2.67556719e-07,1.88554688e-01
2.67596719e-07,1.88290625e-01
2.67636719e-07,1.88048437e-01
2.67676719e-07,1.88126563e-01
2.67716719e-07,1.88084375e-01
2.67756719e-07,1.88109375e-01
2.67796719e-07,1.88096875e-01
2.67836719e-07,1.88098437e-01
2.67876719e-07,1.88107812e-01
2.67916719e-07,1.88081250e-01
2.67956719e-07,1.88145312e-01
2.67996719e-07,1.87901563e-01
2.68036719e-07,1.87637500e-01
2.68076719e-07,1.87737500e-01
2.68116719e-07,1.87671875e-01
2.68156719e-07,1.87721875e-01
2.68196719e-07,1.87681250e-01
2.68236719e-07,1.87717187e-01
2.68276719e-07,1.87685938e-01
2.68316719e-07,1.87714063e-01
2.68356719e-07,1.87687500e-01
2.68396719e-07,1.87710938e-01
2.68436719e-07,1.87689063e-01
2.68476719e-07,1.87709375e-01
2.68516719e-07,1.87690625e-01
2.68556719e-07,1.87709375e-01
2.68596719e-07,1.87692187e-01
2.68636719e-07,1.87707813e-01
2.68676719e-07,1.87692187e-01
2.68716719e-07,1.87707813e-01
2.68756719e-07,1.87693750e-01
2.68796719e-07,1.87706250e-01
2.68836719e-07,1.87693750e-01
2.68876719e-07,1.87706250e-01
2.68916719e-07,1.87693750e-01
2.68956719e-07,1.87706250e-01
2.68996719e-07,1.87695313e-01
2.69036719e-07,1.87704687e-01
2.69076719e-07,1.87695313e-01
2.69116719e-07,1.87704687e-01
2.69156719e-07,1.87695313e-01
2.69196719e-07,1.87704687e-01
2.69236719e-07,1.87695313e-01
2.69276719e-07,1.87704687e-01
2.69316719e-07,1.87695313e-01
2.69356719e-07,1.87704687e-01
2.69396719e-07,1.87695313e-01
2.69436719e-07,1.87703125e-01
2.69476719e-07,1.87696875e-01
2.69516719e-07,1.87703125e-01
2.69556719e-07,1.87696875e-01
2.69596719e-07,1.87703125e-01
2.69636719e-07,1.87696875e-01
2.69676719e-07,1.87703125e-01
2.69716719e-07,1.87696875e-01
2.69756719e-07,1.87703125e-01
2.69796719e-07,1.87696875e-01
2.69836719e-07,1.87703125e-01
2.69876719e-07,1.87696875e-01
2.69916719e-07,1.87703125e-01
2.69956719e-07,1.87696875e-01
2.69996719e-07,1.87703125e-01
2.70036719e-07,1.87696875e-01
2.70076719e-07,1.87703125e-01
2.70116719e-07,1.87696875e-01
2.70156719e-07,1.87703125e-01
2.70196719e-07,1.87698438e-01
2.70236719e-07,1.87701563e-01
2.70276719e-07,1.87698438e-01
2.70316719e-07,1.87701563e-01
2.70356719e-07,1.87698438e-01
2.70396719e-07,1.87701563e-01
2.70436719e-07,1.87698438e-01
2.70476719e-07,1.87701563e-01
2.70516719e-07,1.87698438e-01
2.70556719e-07,1.87701563e-01
2.70596719e-07,1.87698438e-01
2.70636719e-07,1.87701563e-01
2.70676719e-07,1.87698438e-01
2.70716719e-07,1.87701563e-01
2.70756719e-07,1.87698438e-01
2.70796719e-07,1.87701563e-01
2.70836719e-07,1.87698438e-01
2.70876719e-07,1.87701563e-01
2.70916719e-07,1.87698438e-01
2.70956719e-07,1.87700000e-01
2.70996719e-07,1.87700000e-01
2.71036719e-07,1.87700000e-01
2.71076719e-07,1.87700000e-01
2.71116719e-07,1.87700000e-01
2.71156719e-07,1.87700000e-01
2.71196719e-07,1.87700000e-01
2.71236719e-07,1.87700000e-01
2.71276719e-07,1.87700000e-01
2.71316719e-07,1.87700000e-01
2.71356719e-07,1.87698438e-01
2.71396719e-07,1.87701563e-01
2.71436719e-07,1.87698438e-01
2.71476719e-07,1.87701563e-01
2.71516719e-07,1.87698438e-01
2.71556719e-07,1.87703125e-01
2.71596719e-07,1.87696875e-01
2.71636719e-07,1.87704687e-01
2.71676719e-07,1.87695313e-01
2.71716719e-07,1.87706250e-01
2.71756719e-07,1.87692187e-01
2.71796719e-07,1.87709375e-01
2.71836719e-07,1.87687500e-01
2.71876719e-07,1.87717187e-01
2.71916719e-07,1.87673438e-01
2.71956719e-07,1.87751562e-01
2.71996719e-07,1.87495313e-01
2.72036719e-07,1.87242188e-01
2.72076719e-07,1.87332813e-01
2.72116719e-07,1.87276563e-01
2.72156719e-07,1.87318750e-01
2.72196719e-07,1.87284375e-01
2.72236719e-07,1.87314063e-01
2.72276719e-07,1.87287500e-01
2.72316719e-07,1.87310937e-01
2.72356719e-07,1.87289063e-01
2.72396719e-07,1.87310937e-01
2.72436719e-07,1.87290625e-01
2.72476719e-07,1.87309375e-01
2.72516719e-07,1.87290625e-01
2.72556719e-07,1.87309375e-01
2.72596719e-07,1.87290625e-01
2.72636719e-07,1.87309375e-01
2.72676719e-07,1.87290625e-01
2.72716719e-07,1.87309375e-01
2.72756719e-07,1.87290625e-01
2.72796719e-07,1.87309375e-01
2.72836719e-07,1.87290625e-01
2.72876719e-07,1.87309375e-01
2.72916719e-07,1.87290625e-01
2.72956719e-07,1.87310937e-01
2.72996719e-07,1.87289063e-01
2.73036719e-07,1.87312500e-01
2.73076719e-07,1.87284375e-01
2.73116719e-07,1.87317188e-01
2.73156719e-07,1.87276563e-01
2.73196719e-07,1.87332813e-01
2.73236719e-07,1.87243750e-01
2.73276719e-07,1.87509375e-01
2.73316719e-07,1.87753125e-01
2.73356719e-07,1.87670313e-01
2.73396719e-07,1.87720313e-01
2.73436719e-07,1.87684375e-01
2.73476719e-07,1.87714063e-01
2.73516719e-07,1.87687500e-01
2.73556719e-07,1.87710938e-01
2.73596719e-07,1.87689063e-01
2.73636719e-07,1.87712500e-01
2.73676719e-07,1.87687500e-01
2.73716719e-07,1.87715625e-01
2.73756719e-07,1.87679687e-01
2.73796719e-07,1.87729688e-01
2.73836719e-07,1.87646875e-01
2.73876719e-07,1.87906250e-01
2.73916719e-07,1.88156250e-01
2.73956719e-07,1.88067188e-01
2.73996719e-07,1.88123438e-01
2.74036719e-07,1.88081250e-01
2.74076719e-07,1.88117188e-01
2.74116719e-07,1.88084375e-01
2.74156719e-07,1.88114063e-01
2.74196719e-07,1.88085937e-01
2.74236719e-07,1.88114063e-01
2.74276719e-07,1.88085937e-01
2.74316719e-07,1.88115625e-01
2.74356719e-07,1.88084375e-01
2.74396719e-07,1.88117188e-01
2.74436719e-07,1.88079688e-01
2.74476719e-07,1.88125000e-01
2.74516719e-07,1.88065625e-01
2.74556719e-07,1.88159375e-01
2.74596719e-07,1.87887500e-01
2.74636719e-07,1.87650000e-01
2.74676719e-07,1.87726562e-01
2.74716719e-07,1.87682813e-01
2.74756719e-07,1.87712500e-01
2.74796719e-07,1.87690625e-01
2.74836719e-07,1.87707813e-01
2.74876719e-07,1.87693750e-01
2.74916719e-07,1.87704687e-01
2.74956719e-07,1.87696875e-01
2.74996719e-07,1.87703125e-01
2.75036719e-07,1.87696875e-01
2.75076719e-07,1.87701563e-01
2.75116719e-07,1.87698438e-01
2.75156719e-07,1.87701563e-01
2.75196719e-07,1.87698438e-01
2.75236719e-07,1.87701563e-01
2.75276719e-07,1.87698438e-01
2.75316719e-07,1.87700000e-01
2.75356719e-07,1.87700000e-01
2.75396719e-07,1.87700000e-01
2.75436719e-07,1.87700000e-01
2.75476719e-07,1.87700000e-01
2.75516719e-07,1.87700000e-01
2.75556719e-07,1.87700000e-01
2.75596719e-07,1.87700000e-01
2.75636719e-07,1.87700000e-01
2.75676719e-07,1.87700000e-01
2.75716719e-07,1.87700000e-01
2.75756719e-07,1.87700000e-01
2.75796719e-07,1.87698438e-01
2.75836719e-07,1.87701563e-01
2.75876719e-07,1.87698438e-01
2.75916719e-07,1.87701563e-01
2.75956719e-07,1.87698438e-01
2.75996719e-07,1.87701563e-01
2.76036719e-07,1.87698438e-01
2.76076719e-07,1.87701563e-01
2.76116719e-07,1.87698438e-01
2.76156719e-07,1.87701563e-01
2.76196719e-07,1.87698438e-01
2.76236719e-07,1.87701563e-01
2.76276719e-07,1.87698438e-01
2.76316719e-07,1.87701563e-01
2.76356719e-07,1.87698438e-01
2.76396719e-07,1.87701563e-01
2.76436719e-07,1.87698438e-01
2.76476719e-07,1.87701563e-01
2.76516719e-07,1.87698438e-01
2.76556719e-07,1.87701563e-01
2.76596719e-07,1.87696875e-01
2.76636719e-07,1.87703125e-01
2.76676719e-07,1.87696875e-01
2.76716719e-07,1.87703125e-01
2.76756719e-07,1.87696875e-01
2.76796719e-07,1.87703125e-01
2.76836719e-07,1.87696875e-01
2.76876719e-07,1.87703125e-01
2.76916719e-07,1.87696875e-01
2.76956719e-07,1.87703125e-01
2.76996719e-07,1.87696875e-01
2.77036719e-07,1.87704687e-01
2.77076719e-07,1.87695313e-01
2.77116719e-07,1.87704687e-01
2.77156719e-07,1.87695313e-01
2.77196719e-07,1.87704687e-01
2.77236719e-07,1.87693750e-01
2.77276719e-07,1.87706250e-01
2.77316719e-07,1.87693750e-01
2.77356719e-07,1.87706250e-01
2.77396719e-07,1.87692187e-01
2.77436719e-07,1.87707813e-01
2.77476719e-07,1.87690625e-01
2.77516719e-07,1.87710938e-01
2.77556719e-07,1.87687500e-01
2.77596719e-07,1.87714063e-01
2.77636719e-07,1.87682813e-01
2.77676719e-07,1.87723438e-01
2.77716719e-07,1.87667187e-01
2.77756719e-07,1.87757813e-01
2.77796719e-07,1.87489062e-01
2.77836719e-07,1.87248438e-01
2.77876719e-07,1.87326563e-01
2.77916719e-07,1.87282813e-01
2.77956719e-07,1.87312500e-01
2.77996719e-07,1.87290625e-01
2.78036719e-07,1.87306250e-01
2.78076719e-07,1.87295313e-01
2.78116719e-07,1.87303125e-01
2.78156719e-07,1.87298437e-01
2.78196719e-07,1.87300000e-01
2.78236719e-07,1.87301563e-01
2.78276719e-07,1.87298437e-01
2.78316719e-07,1.87303125e-01
2.78356719e-07,1.87293750e-01
2.78396719e-07,1.87307813e-01
2.78436719e-07,1.87289063e-01
2.78476719e-07,1.87317188e-01
2.78516719e-07,1.87273438e-01
2.78556719e-07,1.87351563e-01
2.78596719e-07,1.87095312e-01
2.78636719e-07,1.86843750e-01
2.78676719e-07,1.86932813e-01
2.78716719e-07,1.86876563e-01
2.78756719e-07,1.86917187e-01
2.78796719e-07,1.86885938e-01
2.78836719e-07,1.86912500e-01
2.78876719e-07,1.86889063e-01
2.78916719e-07,1.86909375e-01
2.78956719e-07,1.86892188e-01
2.78996719e-07,1.86906250e-01
2.79036719e-07,1.86893750e-01
2.79076719e-07,1.86904687e-01
2.79116719e-07,1.86896875e-01
2.79156719e-07,1.86903125e-01
2.79196719e-07,1.86898438e-01
2.79236719e-07,1.86900000e-01
2.79276719e-07,1.86901563e-01
2.79316719e-07,1.86896875e-01
2.79356719e-07,1.86907812e-01
2.79396719e-07,1.86887500e-01
2.79436719e-07,1.86921875e-01
2.79476719e-07,1.86853125e-01
2.79516719e-07,1.87100000e-01
2.79556719e-07,1.87362500e-01
2.79596719e-07,1.87262500e-01
2.79636719e-07,1.87328125e-01
2.79676719e-07,1.87276563e-01
2.79716719e-07,1.87320313e-01
2.79756719e-07,1.87281250e-01
2.79796719e-07,1.87317188e-01
2.79836719e-07,1.87284375e-01
2.79876719e-07,1.87315625e-01
2.79916719e-07,1.87285937e-01
2.79956719e-07,1.87314063e-01
2.79996719e-07,1.87285937e-01
2.80036719e-07,1.87314063e-01
2.80076719e-07,1.87287500e-01
2.80116719e-07,1.87312500e-01
2.80156719e-07,1.87287500e-01
2.80196719e-07,1.87312500e-01
2.80236719e-07,1.87287500e-01
2.80276719e-07,1.87312500e-01
2.80316719e-07,1.87287500e-01
2.80356719e-07,1.87312500e-01
2.80396719e-07,1.87285937e-01
2.80436719e-07,1.87314063e-01
2.80476719e-07,1.87285937e-01
2.80516719e-07,1.87314063e-01
2.80556719e-07,1.87284375e-01
2.80596719e-07,1.87315625e-01
2.80636719e-07,1.87282813e-01
2.80676719e-07,1.87318750e-01
2.80716719e-07,1.87279688e-01
2.80756719e-07,1.87323437e-01
2.80796719e-07,1.87270313e-01
2.80836719e-07,1.87339063e-01
2.80876719e-07,1.87235938e-01
2.80916719e-07,1.87517188e-01
2.80956719e-07,1.87745313e-01
2.80996719e-07,1.87678125e-01
2.81036719e-07,1.87710938e-01
2.81076719e-07,1.87693750e-01
2.81116719e-07,1.87703125e-01
2.81156719e-07,1.87698438e-01
2.81196719e-07,1.87698438e-01
2.81236719e-07,1.87703125e-01
2.81276719e-07,1.87696875e-01
2.81316719e-07,1.87704687e-01
2.81356719e-07,1.87693750e-01
2.81396719e-07,1.87707813e-01
2.81436719e-07,1.87690625e-01
2.81476719e-07,1.87710938e-01
2.81516719e-07,1.87687500e-01
2.81556719e-07,1.87717187e-01
2.81596719e-07,1.87678125e-01
2.81636719e-07,1.87731250e-01
2.81676719e-07,1.87643750e-01
2.81716719e-07,1.87909375e-01
2.81756719e-07,1.88151563e-01
2.81796719e-07,1.88071875e-01
2.81836719e-07,1.88118750e-01
2.81876719e-07,1.88085937e-01
2.81916719e-07,1.88110938e-01
2.81956719e-07,1.88092188e-01
2.81996719e-07,1.88106250e-01
2.82036719e-07,1.88095313e-01
2.82076719e-07,1.88104688e-01
2.82116719e-07,1.88096875e-01
2.82156719e-07,1.88103125e-01
2.82196719e-07,1.88098437e-01
2.82236719e-07,1.88101563e-01
2.82276719e-07,1.88098437e-01
2.82316719e-07,1.88100000e-01
2.82356719e-07,1.88100000e-01
2.82396719e-07,1.88100000e-01
2.82436719e-07,1.88100000e-01
2.82476719e-07,1.88100000e-01
2.82516719e-07,1.88101563e-01
2.82556719e-07,1.88098437e-01
2.82596719e-07,1.88101563e-01
2.82636719e-07,1.88098437e-01
2.82676719e-07,1.88101563e-01
2.82716719e-07,1.88096875e-01
2.82756719e-07,1.88103125e-01
2.82796719e-07,1.88096875e-01
2.82836719e-07,1.88103125e-01
2.82876719e-07,1.88095313e-01
2.82916719e-07,1.88104688e-01
2.82956719e-07,1.88095313e-01
2.82996719e-07,1.88106250e-01
2.83036719e-07,1.88092188e-01
2.83076719e-07,1.88107812e-01
2.83116719e-07,1.88090625e-01
2.83156719e-07,1.88112500e-01
2.83196719e-07,1.88084375e-01
2.83236719e-07,1.88120312e-01
2.83276719e-07,1.88070313e-01
2.83316719e-07,1.88154688e-01
2.83356719e-07,1.87892188e-01
2.83396719e-07,1.87645312e-01
2.83436719e-07,1.87729688e-01
2.83476719e-07,1.87678125e-01
2.83516719e-07,1.87715625e-01
2.83556719e-07,1.87687500e-01
2.83596719e-07,1.87710938e-01
2.83636719e-07,1.87690625e-01
2.83676719e-07,1.87709375e-01
2.83716719e-07,1.87692187e-01
2.83756719e-07,1.87707813e-01
2.83796719e-07,1.87693750e-01
2.83836719e-07,1.87706250e-01
2.83876719e-07,1.87693750e-01
2.83916719e-07,1.87706250e-01
2.83956719e-07,1.87693750e-01
2.83996719e-07,1.87704687e-01
2.84036719e-07,1.87693750e-01
2.84076719e-07,1.87706250e-01
2.84116719e-07,1.87693750e-01
2.84156719e-07,1.87706250e-01
2.84196719e-07,1.87693750e-01
2.84236719e-07,1.87706250e-01
2.84276719e-07,1.87693750e-01
2.84316719e-07,1.87707813e-01
2.84356719e-07,1.87690625e-01
2.84396719e-07,1.87709375e-01
2.84436719e-07,1.87687500e-01
2.84476719e-07,1.87714063e-01
2.84516719e-07,1.87679687e-01
2.84556719e-07,1.87729688e-01
2.84596719e-07,1.87645312e-01
2.84636719e-07,1.87906250e-01
2.84676719e-07,1.88154688e-01
2.84716719e-07,1.88068750e-01
2.84756719e-07,1.88121875e-01
2.84796719e-07,1.88082813e-01
2.84836719e-07,1.88114063e-01
2.84876719e-07,1.88087500e-01
2.84916719e-07,1.88110938e-01
2.84956719e-07,1.88089063e-01
2.84996719e-07,1.88109375e-01
2.85036719e-07,1.88090625e-01
2.85076719e-07,1.88109375e-01
2.85116719e-07,1.88092188e-01
2.85156719e-07,1.88107812e-01
2.85196719e-07,1.88092188e-01
2.85236719e-07,1.88107812e-01
2.85276719e-07,1.88092188e-01
2.85316719e-07,1.88107812e-01
2.85356719e-07,1.88092188e-01
2.85396719e-07,1.88107812e-01
2.85436719e-07,1.88092188e-01
2.85476719e-07,1.88107812e-01
2.85516719e-07,1.88092188e-01
2.85556719e-07,1.88107812e-01
2.85596719e-07,1.88092188e-01
2.85636719e-07,1.88107812e-01
2.85676719e-07,1.88092188e-01
2.85716719e-07,1.88107812e-01
2.85756719e-07,1.88092188e-01
2.85796719e-07,1.88107812e-01
2.85836719e-07,1.88090625e-01
2.85876719e-07,1.88109375e-01
2.85916719e-07,1.88090625e-01
2.85956719e-07,1.88109375e-01
2.85996719e-07,1.88090625e-01
2.86036719e-07,1.88110938e-01
2.86076719e-07,1.88089063e-01
2.86116719e-07,1.88110938e-01
2.86156719e-07,1.88089063e-01
2.86196719e-07,1.88112500e-01
2.86236719e-07,1.88087500e-01
2.86276719e-07,1.88114063e-01
2.86316719e-07,1.88084375e-01
2.86356719e-07,1.88115625e-01
2.86396719e-07,1.88081250e-01
2.86436719e-07,1.88120312e-01
2.86476719e-07,1.88076563e-01
2.86516719e-07,1.88129688e-01
2.86556719e-07,1.88060937e-01
2.86596719e-07,1.88164063e-01
2.86636719e-07,1.87881250e-01
2.86676719e-07,1.87656250e-01
2.86716719e-07,1.87718750e-01
2.86756719e-07,1.87690625e-01
2.86796719e-07,1.87703125e-01
2.86836719e-07,1.87700000e-01
2.86876719e-07,1.87696875e-01
2.86916719e-07,1.87706250e-01
2.86956719e-07,1.87690625e-01
2.86996719e-07,1.87712500e-01
2.87036719e-07,1.87682813e-01
2.87076719e-07,1.87723438e-01
2.87116719e-07,1.87665625e-01
2.87156719e-07,1.87759375e-01
2.87196719e-07,1.87485938e-01
2.87236719e-07,1.87253125e-01
2.87276719e-07,1.87321875e-01
2.87316719e-07,1.87289063e-01
2.87356719e-07,1.87304688e-01
2.87396719e-07,1.87301563e-01
2.87436719e-07,1.87293750e-01
2.87476719e-07,1.87314063e-01
2.87516719e-07,1.87275000e-01
2.87556719e-07,1.87351563e-01
2.87596719e-07,1.87095312e-01
2.87636719e-07,1.86843750e-01
2.87676719e-07,1.86931250e-01
2.87716719e-07,1.86879688e-01
2.87756719e-07,1.86914063e-01
2.87796719e-07,1.86890625e-01
2.87836719e-07,1.86904687e-01
2.87876719e-07,1.86898438e-01
2.87916719e-07,1.86896875e-01
2.87956719e-07,1.86909375e-01
2.87996719e-07,1.86879688e-01
2.88036719e-07,1.86945313e-01
2.88076719e-07,1.86700000e-01
2.88116719e-07,1.86437500e-01
2.88156719e-07,1.86537500e-01
2.88196719e-07,1.86471875e-01
2.88236719e-07,1.86523438e-01
2.88276719e-07,1.86481250e-01
2.88316719e-07,1.86517188e-01
2.88356719e-07,1.86484375e-01
2.88396719e-07,1.86514062e-01
2.88436719e-07,1.86487500e-01
2.88476719e-07,1.86510938e-01
2.88516719e-07,1.86489062e-01
2.88556719e-07,1.86509375e-01
2.88596719e-07,1.86490625e-01
2.88636719e-07,1.86509375e-01
2.88676719e-07,1.86492188e-01
2.88716719e-07,1.86507813e-01
2.88756719e-07,1.86492188e-01
2.88796719e-07,1.86507813e-01
2.88836719e-07,1.86493750e-01
2.88876719e-07,1.86506250e-01
2.88916719e-07,1.86493750e-01
2.88956719e-07,1.86506250e-01
2.88996719e-07,1.86495313e-01
2.89036719e-07,1.86504688e-01
2.89076719e-07,1.86495313e-01
2.89116719e-07,1.86504688e-01
2.89156719e-07,1.86495313e-01
2.89196719e-07,1.86504688e-01
2.89236719e-07,1.86495313e-01
2.89276719e-07,1.86503125e-01
2.89316719e-07,1.86496875e-01
2.89356719e-07,1.86503125e-01
2.89396719e-07,1.86496875e-01
2.89436719e-07,1.86503125e-01
2.89476719e-07,1.86496875e-01
2.89516719e-07,1.86501562e-01
2.89556719e-07,1.86498438e-01
2.89596719e-07,1.86501562e-01
2.89636719e-07,1.86498438e-01
2.89676719e-07,1.86501562e-01
2.89716719e-07,1.86498438e-01
2.89756719e-07,1.86500000e-01
2.89796719e-07,1.86500000e-01
2.89836719e-07,1.86500000e-01
2.89876719e-07,1.86500000e-01
2.89916719e-07,1.86498438e-01
2.89956719e-07,1.86501562e-01
2.89996719e-07,1.86496875e-01
2.90036719e-07,1.86503125e-01
2.90076719e-07,1.86495313e-01
2.90116719e-07,1.86504688e-01
2.90156719e-07,1.86493750e-01
2.90196719e-07,1.86507813e-01
2.90236719e-07,1.86489062e-01
2.90276719e-07,1.86514062e-01
2.90316719e-07,1.86481250e-01
2.90356719e-07,1.86529688e-01
2.90396719e-07,1.86445313e-01
2.90436719e-07,1.86709375e-01
2.90476719e-07,1.86953125e-01
2.90516719e-07,1.86871875e-01
2.90556719e-07,1.86915625e-01
2.90596719e-07,1.86892188e-01
2.90636719e-07,1.86900000e-01
2.90676719e-07,1.86910938e-01
2.90716719e-07,1.86864063e-01
2.90756719e-07,1.87089063e-01
2.90796719e-07,1.87373438e-01
2.90836719e-07,1.87250000e-01
2.90876719e-07,1.87343750e-01
2.90916719e-07,1.87257813e-01
2.90956719e-07,1.87348438e-01
2.90996719e-07,1.87229688e-01
2.91036719e-07,1.87520313e-01
2.91076719e-07,1.87743750e-01
2.91116719e-07,1.87678125e-01
2.91156719e-07,1.87714063e-01
2.91196719e-07,1.87687500e-01
2.91236719e-07,1.87712500e-01
2.91276719e-07,1.87682813e-01
2.91316719e-07,1.87725000e-01
2.91356719e-07,1.87651563e-01
2.91396719e-07,1.87901563e-01
2.91436719e-07,1.88160938e-01
2.91476719e-07,1.88062500e-01
2.91516719e-07,1.88128125e-01
2.91556719e-07,1.88075000e-01
2.91596719e-07,1.88121875e-01
2.91636719e-07,1.88079688e-01
2.91676719e-07,1.88118750e-01
2.91716719e-07,1.88081250e-01
2.91756719e-07,1.88117188e-01
2.91796719e-07,1.88082813e-01
2.91836719e-07,1.88117188e-01
2.91876719e-07,1.88082813e-01
2.91916719e-07,1.88118750e-01
2.91956719e-07,1.88081250e-01
2.91996719e-07,1.88120312e-01
2.92036719e-07,1.88079688e-01
2.92076719e-07,1.88123438e-01
2.92116719e-07,1.88073437e-01
2.92156719e-07,1.88131250e-01
2.92196719e-07,1.88059375e-01
2.92236719e-07,1.88165625e-01
2.92276719e-07,1.87881250e-01
2.92316719e-07,1.87656250e-01
2.92356719e-07,1.87718750e-01
2.92396719e-07,1.87690625e-01
2.92436719e-07,1.87703125e-01
2.92476719e-07,1.87700000e-01
2.92516719e-07,1.87696875e-01
2.92556719e-07,1.87704687e-01
2.92596719e-07,1.87692187e-01
2.92636719e-07,1.87710938e-01
2.92676719e-07,1.87685938e-01
2.92716719e-07,1.87720313e-01
2.92756719e-07,1.87670313e-01
2.92796719e-07,1.87754688e-01
2.92836719e-07,1.87492188e-01
2.92876719e-07,1.87246875e-01
2.92916719e-07,1.87329688e-01
2.92956719e-07,1.87279688e-01
2.92996719e-07,1.87314063e-01
2.93036719e-07,1.87289063e-01
2.93076719e-07,1.87309375e-01
2.93116719e-07,1.87292188e-01
2.93156719e-07,1.87306250e-01
2.93196719e-07,1.87293750e-01
2.93236719e-07,1.87304688e-01
2.93276719e-07,1.87295313e-01
2.93316719e-07,1.87303125e-01
2.93356719e-07,1.87296875e-01
2.93396719e-07,1.87303125e-01
2.93436719e-07,1.87296875e-01
2.93476719e-07,1.87301563e-01
2.93516719e-07,1.87298437e-01
2.93556719e-07,1.87301563e-01
2.93596719e-07,1.87298437e-01
2.93636719e-07,1.87301563e-01
2.93676719e-07,1.87298437e-01
2.93716719e-07,1.87301563e-01
2.93756719e-07,1.87298437e-01
2.93796719e-07,1.87301563e-01
2.93836719e-07,1.87300000e-01
2.93876719e-07,1.87300000e-01
2.93916719e-07,1.87300000e-01
2.93956719e-07,1.87300000e-01
2.93996719e-07,1.87300000e-01
2.94036719e-07,1.87300000e-01
2.94076719e-07,1.87300000e-01
2.94116719e-07,1.87300000e-01
2.94156719e-07,1.87300000e-01
2.94196719e-07,1.87300000e-01
2.94236719e-07,1.87300000e-01
2.94276719e-07,1.87300000e-01
2.94316719e-07,1.87300000e-01
2.94356719e-07,1.87300000e-01
2.94396719e-07,1.87300000e-01
2.94436719e-07,1.87300000e-01
2.94476719e-07,1.87300000e-01
2.94516719e-07,1.87300000e-01
2.94556719e-07,1.87300000e-01
2.94596719e-07,1.87300000e-01
2.94636719e-07,1.87300000e-01
2.94676719e-07,1.87300000e-01
2.94716719e-07,1.87300000e-01
2.94756719e-07,1.87300000e-01
2.94796719e-07,1.87300000e-01
2.94836719e-07,1.87300000e-01
2.94876719e-07,1.87300000e-01
2.94916719e-07,1.87300000e-01
2.94956719e-07,1.87301563e-01
2.94996719e-07,1.87298437e-01
2.95036719e-07,1.87301563e-01
2.95076719e-07,1.87298437e-01
2.95116719e-07,1.87301563e-01
2.95156719e-07,1.87298437e-01
2.95196719e-07,1.87301563e-01
2.95236719e-07,1.87298437e-01
2.95276719e-07,1.87301563e-01
2.95316719e-07,1.87298437e-01
2.95356719e-07,1.87301563e-01
2.95396719e-07,1.87298437e-01
2.95436719e-07,1.87301563e-01
2.95476719e-07,1.87298437e-01
2.95516719e-07,1.87301563e-01
2.95556719e-07,1.87298437e-01
2.95596719e-07,1.87301563e-01
2.95636719e-07,1.87298437e-01
2.95676719e-07,1.87301563e-01
2.95716719e-07,1.87298437e-01
2.95756719e-07,1.87301563e-01
2.95796719e-07,1.87298437e-01
2.95836719e-07,1.87301563e-01
2.95876719e-07,1.87298437e-01
2.95916719e-07,1.87301563e-01
2.95956719e-07,1.87298437e-01
2.95996719e-07,1.87301563e-01
2.96036719e-07,1.87298437e-01
2.96076719e-07,1.87301563e-01
2.96116719e-07,1.87298437e-01
2.96156719e-07,1.87301563e-01
2.96196719e-07,1.87298437e-01
2.96236719e-07,1.87301563e-01
2.96276719e-07,1.87298437e-01
2.96316719e-07,1.87301563e-01
2.96356719e-07,1.87298437e-01
2.96396719e-07,1.87301563e-01
2.96436719e-07,1.87298437e-01
2.96476719e-07,1.87301563e-01
2.96516719e-07,1.87298437e-01
2.96556719e-07,1.87301563e-01
2.96596719e-07,1.87298437e-01
2.96636719e-07,1.87301563e-01
2.96676719e-07,1.87296875e-01
2.96716719e-07,1.87303125e-01
2.96756719e-07,1.87296875e-01
2.96796719e-07,1.87303125e-01
2.96836719e-07,1.87296875e-01
2.96876719e-07,1.87303125e-01
2.96916719e-07,1.87296875e-01
2.96956719e-07,1.87303125e-01
2.96996719e-07,1.87296875e-01
2.97036719e-07,1.87304688e-01
2.97076719e-07,1.87295313e-01
2.97116719e-07,1.87304688e-01
2.97156719e-07,1.87295313e-01
2.97196719e-07,1.87306250e-01
2.97236719e-07,1.87293750e-01
2.97276719e-07,1.87307813e-01
2.97316719e-07,1.87292188e-01
2.97356719e-07,1.87309375e-01
2.97396719e-07,1.87289063e-01
2.97436719e-07,1.87314063e-01
2.97476719e-07,1.87279688e-01
2.97516719e-07,1.87329688e-01
2.97556719e-07,1.87245313e-01
2.97596719e-07,1.87507813e-01
2.97636719e-07,1.87754688e-01
2.97676719e-07,1.87668750e-01
2.97716719e-07,1.87721875e-01
2.97756719e-07,1.87682813e-01
2.97796719e-07,1.87714063e-01
2.97836719e-07,1.87687500e-01
2.97876719e-07,1.87710938e-01
2.97916719e-07,1.87689063e-01
2.97956719e-07,1.87709375e-01
2.97996719e-07,1.87690625e-01
2.98036719e-07,1.87709375e-01
2.98076719e-07,1.87690625e-01
2.98116719e-07,1.87709375e-01
2.98156719e-07,1.87690625e-01
2.98196719e-07,1.87709375e-01
2.98236719e-07,1.87689063e-01
2.98276719e-07,1.87712500e-01
2.98316719e-07,1.87685938e-01
2.98356719e-07,1.87717187e-01
2.98396719e-07,1.87678125e-01
2.98436719e-07,1.87731250e-01
2.98476719e-07,1.87645312e-01
2.98516719e-07,1.87907812e-01
2.98556719e-07,1.88154688e-01
2.98596719e-07,1.88068750e-01
2.98636719e-07,1.88121875e-01
2.98676719e-07,1.88082813e-01
2.98716719e-07,1.88114063e-01
2.98756719e-07,1.88087500e-01
2.98796719e-07,1.88112500e-01
2.98836719e-07,1.88087500e-01
2.98876719e-07,1.88112500e-01
2.98916719e-07,1.88087500e-01
2.98956719e-07,1.88114063e-01
2.98996719e-07,1.88084375e-01
2.99036719e-07,1.88117188e-01
2.99076719e-07,1.88078125e-01
2.99116719e-07,1.88131250e-01
2.99156719e-07,1.88043750e-01
2.99196719e-07,1.88309375e-01
2.99236719e-07,1.88553125e-01
2.99276719e-07,1.88470313e-01
2.99316719e-07,1.88520313e-01
2.99356719e-07,1.88484375e-01
2.99396719e-07,1.88512500e-01
2.99436719e-07,1.88489062e-01
2.99476719e-07,1.88509375e-01
2.99516719e-07,1.88492188e-01
2.99556719e-07,1.88507813e-01
2.99596719e-07,1.88492188e-01
2.99636719e-07,1.88506250e-01
2.99676719e-07,1.88493750e-01
2.99716719e-07,1.88506250e-01
2.99756719e-07,1.88493750e-01
2.99796719e-07,1.88506250e-01
2.99836719e-07,1.88493750e-01
2.99876719e-07,1.88506250e-01
2.99916719e-07,1.88493750e-01
2.99956719e-07,1.88506250e-01
2.99996719e-07,1.88493750e-01
3.00036719e-07,1.88506250e-01
3.00076719e-07,1.88493750e-01
3.00116719e-07,1.88506250e-01
3.00156719e-07,1.88493750e-01
3.00196719e-07,1.88506250e-01
3.00236719e-07,1.88493750e-01
3.00276719e-07,1.88507813e-01
3.00316719e-07,1.88492188e-01
3.00356719e-07,1.88507813e-01
3.00396719e-07,1.88492188e-01
3.00436719e-07,1.88509375e-01
3.00476719e-07,1.88490625e-01
3.00516719e-07,1.88509375e-01
3.00556719e-07,1.88489062e-01
3.00596719e-07,1.88512500e-01
3.00636719e-07,1.88487500e-01
3.00676719e-07,1.88514062e-01
3.00716719e-07,1.88482813e-01
3.00756719e-07,1.88518750e-01
3.00796719e-07,1.88476562e-01
3.00836719e-07,1.88528125e-01
3.00876719e-07,1.88460938e-01
3.00916719e-07,1.88565625e-01
3.00956719e-07,1.88278125e-01
3.00996719e-07,1.88062500e-01
3.01036719e-07,1.88109375e-01
3.01076719e-07,1.88109375e-01
3.01116719e-07,1.88059375e-01
3.01156719e-07,1.88296875e-01
3.01196719e-07,1.88564063e-01
3.01236719e-07,1.88460938e-01
3.01276719e-07,1.88528125e-01
3.01316719e-07,1.88478125e-01
3.01356719e-07,1.88518750e-01
3.01396719e-07,1.88484375e-01
3.01436719e-07,1.88514062e-01
3.01476719e-07,1.88487500e-01
3.01516719e-07,1.88510938e-01
3.01556719e-07,1.88490625e-01
3.01596719e-07,1.88507813e-01
3.01636719e-07,1.88492188e-01
3.01676719e-07,1.88506250e-01
3.01716719e-07,1.88495313e-01
3.01756719e-07,1.88504688e-01
3.01796719e-07,1.88496875e-01
3.01836719e-07,1.88501562e-01
3.01876719e-07,1.88498438e-01
3.01916719e-07,1.88500000e-01
3.01956719e-07,1.88503125e-01
3.01996719e-07,1.88493750e-01
3.02036719e-07,1.88510938e-01
3.02076719e-07,1.88478125e-01
3.02116719e-07,1.88545313e-01
3.02156719e-07,1.88300000e-01
3.02196719e-07,1.88037500e-01
3.02236719e-07,1.88139063e-01
3.02276719e-07,1.88070313e-01
3.02316719e-07,1.88125000e-01
3.02356719e-07,1.88078125e-01
3.02396719e-07,1.88120312e-01
3.02436719e-07,1.88081250e-01
3.02476719e-07,1.88117188e-01
3.02516719e-07,1.88082813e-01
3.02556719e-07,1.88117188e-01
3.02596719e-07,1.88082813e-01
3.02636719e-07,1.88117188e-01
3.02676719e-07,1.88082813e-01
3.02716719e-07,1.88117188e-01
3.02756719e-07,1.88082813e-01
3.02796719e-07,1.88117188e-01
3.02836719e-07,1.88081250e-01
3.02876719e-07,1.88120312e-01
3.02916719e-07,1.88078125e-01
3.02956719e-07,1.88125000e-01
3.02996719e-07,1.88070313e-01
3.03036719e-07,1.88139063e-01
3.03076719e-07,1.88035937e-01
3.03116719e-07,1.88317188e-01
3.03156719e-07,1.88545313e-01
3.03196719e-07,1.88479687e-01
3.03236719e-07,1.88510938e-01
3.03276719e-07,1.88493750e-01
3.03316719e-07,1.88503125e-01
3.03356719e-07,1.88500000e-01
3.03396719e-07,1.88498438e-01
3.03436719e-07,1.88503125e-01
3.03476719e-07,1.88496875e-01
3.03516719e-07,1.88504688e-01
3.03556719e-07,1.88493750e-01
3.03596719e-07,1.88507813e-01
3.03636719e-07,1.88490625e-01
3.03676719e-07,1.88510938e-01
3.03716719e-07,1.88487500e-01
3.03756719e-07,1.88515625e-01
3.03796719e-07,1.88478125e-01
3.03836719e-07,1.88531250e-01
3.03876719e-07,1.88443750e-01
3.03916719e-07,1.88709375e-01
3.03956719e-07,1.88953125e-01
3.03996719e-07,1.88871875e-01
3.04036719e-07,1.88918750e-01
3.04076719e-07,1.88885938e-01
3.04116719e-07,1.88910938e-01
3.04156719e-07,1.88890625e-01
3.04196719e-07,1.88907812e-01
3.04236719e-07,1.88893750e-01
3.04276719e-07,1.88904688e-01
3.04316719e-07,1.88895312e-01
3.04356719e-07,1.88903125e-01
3.04396719e-07,1.88896875e-01
3.04436719e-07,1.88903125e-01
3.04476719e-07,1.88898438e-01
3.04516719e-07,1.88901563e-01
3.04556719e-07,1.88898438e-01
3.04596719e-07,1.88901563e-01
3.04636719e-07,1.88898438e-01
3.04676719e-07,1.88900000e-01
3.04716719e-07,1.88900000e-01
3.04756719e-07,1.88900000e-01
3.04796719e-07,1.88900000e-01
3.04836719e-07,1.88900000e-01
3.04876719e-07,1.88900000e-01
3.04916719e-07,1.88898438e-01
3.04956719e-07,1.88901563e-01
3.04996719e-07,1.88898438e-01
3.05036719e-07,1.88901563e-01
3.05076719e-07,1.88898438e-01
3.05116719e-07,1.88903125e-01
3.05156719e-07,1.88896875e-01
3.05196719e-07,1.88903125e-01
3.05236719e-07,1.88895312e-01
3.05276719e-07,1.88906250e-01
3.05316719e-07,1.88893750e-01
3.05356719e-07,1.88909375e-01
3.05396719e-07,1.88887500e-01
3.05436719e-07,1.88917188e-01
3.05476719e-07,1.88873438e-01
3.05516719e-07,1.88950000e-01
3.05556719e-07,1.88696875e-01
3.05596719e-07,1.88440625e-01
3.05636719e-07,1.88535938e-01
3.05676719e-07,1.88473438e-01
3.05716719e-07,1.88521875e-01
3.05756719e-07,1.88479687e-01
3.05796719e-07,1.88518750e-01
3.05836719e-07,1.88481250e-01
3.05876719e-07,1.88518750e-01
3.05916719e-07,1.88481250e-01
3.05956719e-07,1.88520313e-01
3.05996719e-07,1.88476562e-01
3.06036719e-07,1.88528125e-01
3.06076719e-07,1.88462500e-01
3.06116719e-07,1.88562500e-01
3.06156719e-07,1.88284375e-01
3.06196719e-07,1.88053125e-01
3.06236719e-07,1.88121875e-01
3.06276719e-07,1.88089063e-01
3.06316719e-07,1.88106250e-01
3.06356719e-07,1.88098437e-01
3.06396719e-07,1.88095313e-01
3.06436719e-07,1.88109375e-01
3.06476719e-07,1.88079688e-01
3.06516719e-07,1.88145312e-01
3.06556719e-07,1.87901563e-01
3.06596719e-07,1.87635938e-01
3.06636719e-07,1.87740625e-01
3.06676719e-07,1.87668750e-01
3.06716719e-07,1.87728125e-01
3.06756719e-07,1.87671875e-01
3.06796719e-07,1.87729688e-01
3.06836719e-07,1.87662500e-01
3.06876719e-07,1.87760938e-01
3.06916719e-07,1.87487500e-01
3.06956719e-07,1.87248438e-01
3.06996719e-07,1.87329688e-01
3.07036719e-07,1.87276563e-01
3.07076719e-07,1.87320313e-01
3.07116719e-07,1.87279688e-01
3.07156719e-07,1.87325000e-01
3.07196719e-07,1.87267188e-01
3.07236719e-07,1.87357812e-01
3.07276719e-07,1.87089063e-01
3.07316719e-07,1.86848438e-01
3.07356719e-07,1.86928125e-01
3.07396719e-07,1.86881250e-01
3.07436719e-07,1.86912500e-01
3.07476719e-07,1.86890625e-01
3.07516719e-07,1.86906250e-01
3.07556719e-07,1.86896875e-01
3.07596719e-07,1.86898438e-01
3.07636719e-07,1.86906250e-01
3.07676719e-07,1.86882812e-01
3.07716719e-07,1.86942187e-01
3.07756719e-07,1.86704688e-01
3.07796719e-07,1.86432813e-01
3.07836719e-07,1.86542188e-01
3.07876719e-07,1.86467188e-01
3.07916719e-07,1.86528125e-01
3.07956719e-07,1.86475000e-01
3.07996719e-07,1.86523438e-01
3.08036719e-07,1.86478125e-01
3.08076719e-07,1.86521875e-01
3.08116719e-07,1.86479688e-01
3.08156719e-07,1.86520313e-01
3.08196719e-07,1.86479688e-01
3.08236719e-07,1.86520313e-01
3.08276719e-07,1.86479688e-01
3.08316719e-07,1.86520313e-01
3.08356719e-07,1.86479688e-01
3.08396719e-07,1.86521875e-01
3.08436719e-07,1.86478125e-01
3.08476719e-07,1.86523438e-01
3.08516719e-07,1.86475000e-01
3.08556719e-07,1.86526562e-01
3.08596719e-07,1.86471875e-01
3.08636719e-07,1.86531250e-01
3.08676719e-07,1.86462500e-01
3.08716719e-07,1.86546875e-01
3.08756719e-07,1.86426563e-01
3.08796719e-07,1.86726562e-01
3.08836719e-07,1.86934375e-01
3.08876719e-07,1.86890625e-01
3.08916719e-07,1.86898438e-01
3.08956719e-07,1.86907812e-01
3.08996719e-07,1.86885938e-01
3.09036719e-07,1.86918750e-01
3.09076719e-07,1.86873438e-01
3.09116719e-07,1.86937500e-01
3.09156719e-07,1.86835937e-01
3.09196719e-07,1.87118750e-01
3.09236719e-07,1.87340625e-01
3.09276719e-07,1.87285937e-01
3.09316719e-07,1.87303125e-01
3.09356719e-07,1.87306250e-01
3.09396719e-07,1.87284375e-01
3.09436719e-07,1.87328125e-01
3.09476719e-07,1.87245313e-01
3.09516719e-07,1.87510938e-01
3.09556719e-07,1.87750000e-01
3.09596719e-07,1.87676563e-01
3.09636719e-07,1.87710938e-01
3.09676719e-07,1.87696875e-01
3.09716719e-07,1.87693750e-01
3.09756719e-07,1.87718750e-01
3.09796719e-07,1.87654688e-01
3.09836719e-07,1.87900000e-01
3.09876719e-07,1.88160938e-01
3.09916719e-07,1.88064063e-01
3.09956719e-07,1.88126563e-01
3.09996719e-07,1.88079688e-01
3.10036719e-07,1.88117188e-01
3.10076719e-07,1.88085937e-01
3.10116719e-07,1.88112500e-01
3.10156719e-07,1.88089063e-01
3.10196719e-07,1.88109375e-01
3.10236719e-07,1.88092188e-01
3.10276719e-07,1.88106250e-01
3.10316719e-07,1.88093750e-01
3.10356719e-07,1.88104688e-01
3.10396719e-07,1.88095313e-01
3.10436719e-07,1.88103125e-01
3.10476719e-07,1.88096875e-01
3.10516719e-07,1.88101563e-01
3.10556719e-07,1.88098437e-01
3.10596719e-07,1.88101563e-01
3.10636719e-07,1.88100000e-01
3.10676719e-07,1.88100000e-01
3.10716719e-07,1.88101563e-01
3.10756719e-07,1.88098437e-01
3.10796719e-07,1.88103125e-01
3.10836719e-07,1.88095313e-01
3.10876719e-07,1.88106250e-01
3.10916719e-07,1.88092188e-01
3.10956719e-07,1.88109375e-01
3.10996719e-07,1.88087500e-01
3.11036719e-07,1.88118750e-01
3.11076719e-07,1.88071875e-01
3.11116719e-07,1.88153125e-01
3.11156719e-07,1.87893750e-01
3.11196719e-07,1.87645312e-01
3.11236719e-07,1.87731250e-01
3.11276719e-07,1.87678125e-01
3.11316719e-07,1.87715625e-01
3.11356719e-07,1.87687500e-01
3.11396719e-07,1.87710938e-01
3.11436719e-07,1.87690625e-01
3.11476719e-07,1.87707813e-01
3.11516719e-07,1.87693750e-01
3.11556719e-07,1.87704687e-01
3.11596719e-07,1.87695313e-01
3.11636719e-07,1.87703125e-01
3.11676719e-07,1.87698438e-01
3.11716719e-07,1.87701563e-01
3.11756719e-07,1.87700000e-01
3.11796719e-07,1.87698438e-01
3.11836719e-07,1.87701563e-01
3.11876719e-07,1.87696875e-01
3.11916719e-07,1.87706250e-01
3.11956719e-07,1.87692187e-01
3.11996719e-07,1.87710938e-01
3.12036719e-07,1.87682813e-01
3.12076719e-07,1.87726562e-01
3.12116719e-07,1.87648438e-01
3.12156719e-07,1.87906250e-01
3.12196719e-07,1.88156250e-01
3.12236719e-07,1.88068750e-01
3.12276719e-07,1.88120312e-01
3.12316719e-07,1.88085937e-01
3.12356719e-07,1.88109375e-01
3.12396719e-07,1.88095313e-01
3.12436719e-07,1.88098437e-01
3.12476719e-07,1.88110938e-01
3.12516719e-07,1.88062500e-01
3.12556719e-07,1.88289062e-01
3.12596719e-07,1.88573437e-01
3.12636719e-07,1.88450000e-01
3.12676719e-07,1.88540625e-01
3.12716719e-07,1.88460938e-01
3.12756719e-07,1.88537500e-01
3.12796719e-07,1.88459375e-01
3.12836719e-07,1.88550000e-01
3.12876719e-07,1.88426563e-01
3.12916719e-07,1.88725000e-01
3.12956719e-07,1.88937500e-01
3.12996719e-07,1.88885938e-01
3.13036719e-07,1.88904688e-01
3.13076719e-07,1.88901563e-01
3.13116719e-07,1.88895312e-01
3.13156719e-07,1.88907812e-01
3.13196719e-07,1.88889063e-01
3.13236719e-07,1.88914063e-01
3.13276719e-07,1.88879688e-01
3.13316719e-07,1.88929687e-01
3.13356719e-07,1.88845313e-01
3.13396719e-07,1.89107812e-01
3.13436719e-07,1.89353125e-01
3.13476719e-07,1.89270313e-01
3.13516719e-07,1.89320313e-01
3.13556719e-07,1.89284375e-01
3.13596719e-07,1.89312500e-01
3.13636719e-07,1.89289062e-01
3.13676719e-07,1.89309375e-01
3.13716719e-07,1.89292188e-01
3.13756719e-07,1.89307813e-01
3.13796719e-07,1.89293750e-01
3.13836719e-07,1.89306250e-01
3.13876719e-07,1.89293750e-01
3.13916719e-07,1.89304688e-01
3.13956719e-07,1.89295313e-01
3.13996719e-07,1.89304688e-01
3.14036719e-07,1.89295313e-01
3.14076719e-07,1.89304688e-01
3.14116719e-07,1.89295313e-01
3.14156719e-07,1.89304688e-01
3.14196719e-07,1.89295313e-01
3.14236719e-07,1.89304688e-01
3.14276719e-07,1.89295313e-01
3.14316719e-07,1.89304688e-01
3.14356719e-07,1.89295313e-01
3.14396719e-07,1.89304688e-01
3.14436719e-07,1.89293750e-01
3.14476719e-07,1.89306250e-01
3.14516719e-07,1.89293750e-01
3.14556719e-07,1.89306250e-01
3.14596719e-07,1.89293750e-01
3.14636719e-07,1.89307813e-01
3.14676719e-07,1.89292188e-01
3.14716719e-07,1.89309375e-01
3.14756719e-07,1.89290625e-01
3.14796719e-07,1.89310937e-01
3.14836719e-07,1.89287500e-01
3.14876719e-07,1.89315625e-01
3.14916719e-07,1.89281250e-01
3.14956719e-07,1.89323437e-01
3.14996719e-07,1.89267188e-01
3.15036719e-07,1.89357813e-01
3.15076719e-07,1.89087500e-01
3.15116719e-07,1.88850000e-01
3.15156719e-07,1.88925000e-01
3.15196719e-07,1.88884375e-01
3.15236719e-07,1.88910938e-01
3.15276719e-07,1.88893750e-01
3.15316719e-07,1.88903125e-01
3.15356719e-07,1.88898438e-01
3.15396719e-07,1.88898438e-01
3.15436719e-07,1.88904688e-01
3.15476719e-07,1.88892188e-01
3.15516719e-07,1.88914063e-01
3.15556719e-07,1.88876563e-01
3.15596719e-07,1.88950000e-01
3.15636719e-07,1.88696875e-01
3.15676719e-07,1.88440625e-01
3.15716719e-07,1.88535938e-01
3.15756719e-07,1.88475000e-01
3.15796719e-07,1.88520313e-01
3.15836719e-07,1.88482813e-01
3.15876719e-07,1.88515625e-01
3.15916719e-07,1.88485938e-01
3.15956719e-07,1.88512500e-01
3.15996719e-07,1.88489062e-01
3.16036719e-07,1.88510938e-01
3.16076719e-07,1.88490625e-01
3.16116719e-07,1.88509375e-01
3.16156719e-07,1.88490625e-01
3.16196719e-07,1.88507813e-01
3.16236719e-07,1.88492188e-01
3.16276719e-07,1.88507813e-01
3.16316719e-07,1.88492188e-01
3.16356719e-07,1.88507813e-01
3.16396719e-07,1.88493750e-01
3.16436719e-07,1.88506250e-01
3.16476719e-07,1.88493750e-01
3.16516719e-07,1.88506250e-01
3.16556719e-07,1.88493750e-01
3.16596719e-07,1.88506250e-01
3.16636719e-07,1.88493750e-01
3.16676719e-07,1.88506250e-01
3.16716719e-07,1.88493750e-01
3.16756719e-07,1.88506250e-01
3.16796719e-07,1.88493750e-01
3.16836719e-07,1.88506250e-01
3.16876719e-07,1.88495313e-01
3.16916719e-07,1.88504688e-01
3.16956719e-07,1.88495313e-01
3.16996719e-07,1.88504688e-01
3.17036719e-07,1.88495313e-01
3.17076719e-07,1.88504688e-01
3.17116719e-07,1.88495313e-01
3.17156719e-07,1.88504688e-01
3.17196719e-07,1.88495313e-01
3.17236719e-07,1.88506250e-01
3.17276719e-07,1.88493750e-01
3.17316719e-07,1.88506250e-01
3.17356719e-07,1.88493750e-01
3.17396719e-07,1.88506250e-01
3.17436719e-07,1.88493750e-01
3.17476719e-07,1.88506250e-01
3.17516719e-07,1.88493750e-01
3.17556719e-07,1.88507813e-01
3.17596719e-07,1.88492188e-01
3.17636719e-07,1.88507813e-01
3.17676719e-07,1.88490625e-01
3.17716719e-07,1.88510938e-01
3.17756719e-07,1.88489062e-01
3.17796719e-07,1.88514062e-01
3.17836719e-07,1.88482813e-01
3.17876719e-07,1.88521875e-01
3.17916719e-07,1.88468750e-01
3.17956719e-07,1.88556250e-01
3.17996719e-07,1.88290625e-01
3.18036719e-07,1.88046875e-01
3.18076719e-07,1.88129688e-01
3.18116719e-07,1.88079688e-01
3.18156719e-07,1.88115625e-01
3.18196719e-07,1.88087500e-01
3.18236719e-07,1.88110938e-01
3.18276719e-07,1.88090625e-01
3.18316719e-07,1.88107812e-01
3.18356719e-07,1.88092188e-01
3.18396719e-07,1.88107812e-01
3.18436719e-07,1.88093750e-01
3.18476719e-07,1.88106250e-01
3.18516719e-07,1.88093750e-01
3.18556719e-07,1.88106250e-01
3.18596719e-07,1.88093750e-01
3.18636719e-07,1.88106250e-01
3.18676719e-07,1.88093750e-01
3.18716719e-07,1.88106250e-01
3.18756719e-07,1.88093750e-01
3.18796719e-07,1.88107812e-01
3.18836719e-07,1.88092188e-01
3.18876719e-07,1.88107812e-01
3.18916719e-07,1.88090625e-01
3.18956719e-07,1.88110938e-01
3.18996719e-07,1.88089063e-01
3.19036719e-07,1.88114063e-01
3.19076719e-07,1.88082813e-01
3.19116719e-07,1.88121875e-01
3.19156719e-07,1.88068750e-01
3.19196719e-07,1.88156250e-01
3.19236719e-07,1.87890625e-01
3.19276719e-07,1.87646875e-01
3.19316719e-07,1.87728125e-01
3.19356719e-07,1.87681250e-01
3.19396719e-07,1.87714063e-01
3.19436719e-07,1.87689063e-01
3.19476719e-07,1.87709375e-01
3.19516719e-07,1.87692187e-01
3.19556719e-07,1.87706250e-01
3.19596719e-07,1.87695313e-01
3.19636719e-07,1.87703125e-01
3.19676719e-07,1.87696875e-01
3.19716719e-07,1.87701563e-01
3.19756719e-07,1.87698438e-01
3.19796719e-07,1.87700000e-01
3.19836719e-07,1.87701563e-01
3.19876719e-07,1.87696875e-01
3.19916719e-07,1.87704687e-01
3.19956719e-07,1.87692187e-01
3.19996719e-07,1.87714063e-01
3.20036719e-07,1.87676563e-01
3.20076719e-07,1.87748438e-01
3.20116719e-07,1.87498438e-01
3.20156719e-07,1.87239062e-01
3.20196719e-07,1.87337500e-01
3.20236719e-07,1.87271875e-01
3.20276719e-07,1.87323437e-01
3.20316719e-07,1.87279688e-01
3.20356719e-07,1.87318750e-01
3.20396719e-07,1.87281250e-01
3.20436719e-07,1.87317188e-01
3.20476719e-07,1.87282813e-01
3.20516719e-07,1.87317188e-01
3.20556719e-07,1.87282813e-01
3.20596719e-07,1.87318750e-01
3.20636719e-07,1.87281250e-01
3.20676719e-07,1.87321875e-01
3.20716719e-07,1.87276563e-01
3.20756719e-07,1.87328125e-01
3.20796719e-07,1.87260938e-01
3.20836719e-07,1.87362500e-01
3.20876719e-07,1.87084375e-01
3.20916719e-07,1.86854688e-01
3.20956719e-07,1.86921875e-01
3.20996719e-07,1.86887500e-01
3.21036719e-07,1.86907812e-01
3.21076719e-07,1.86895313e-01
3.21116719e-07,1.86901563e-01
3.21156719e-07,1.86900000e-01
3.21196719e-07,1.86900000e-01
3.21236719e-07,1.86901563e-01
3.21276719e-07,1.86896875e-01
3.21316719e-07,1.86904687e-01
3.21356719e-07,1.86895313e-01
3.21396719e-07,1.86906250e-01
3.21436719e-07,1.86892188e-01
3.21476719e-07,1.86909375e-01
3.21516719e-07,1.86887500e-01
3.21556719e-07,1.86915625e-01
3.21596719e-07,1.86879688e-01
3.21636719e-07,1.86931250e-01
3.21676719e-07,1.86843750e-01
3.21716719e-07,1.87109375e-01
3.21756719e-07,1.87353125e-01
3.21796719e-07,1.87271875e-01
3.21836719e-07,1.87318750e-01
3.21876719e-07,1.87287500e-01
3.21916719e-07,1.87309375e-01
3.21956719e-07,1.87292188e-01
3.21996719e-07,1.87304688e-01
3.22036719e-07,1.87296875e-01
3.22076719e-07,1.87300000e-01
3.22116719e-07,1.87301563e-01
3.22156719e-07,1.87295313e-01
3.22196719e-07,1.87307813e-01
3.22236719e-07,1.87285937e-01
3.22276719e-07,1.87323437e-01
3.22316719e-07,1.87251562e-01
3.22356719e-07,1.87503125e-01
3.22396719e-07,1.87759375e-01
3.22436719e-07,1.87665625e-01
3.22476719e-07,1.87725000e-01
3.22516719e-07,1.87681250e-01
3.22556719e-07,1.87714063e-01
3.22596719e-07,1.87690625e-01
3.22636719e-07,1.87703125e-01
3.22676719e-07,1.87707813e-01
3.22716719e-07,1.87667187e-01
3.22756719e-07,1.87884375e-01
3.22796719e-07,1.88178125e-01
3.22836719e-07,1.88045313e-01
3.22876719e-07,1.88146875e-01
3.22916719e-07,1.88056250e-01
3.22956719e-07,1.88145312e-01
3.22996719e-07,1.88051563e-01
3.23036719e-07,1.88156250e-01
3.23076719e-07,1.88018750e-01
3.23116719e-07,1.88334375e-01
3.23156719e-07,1.88526562e-01
3.23196719e-07,1.88498438e-01
3.23236719e-07,1.88490625e-01
3.23276719e-07,1.88517188e-01
3.23316719e-07,1.88475000e-01
3.23356719e-07,1.88537500e-01
3.23396719e-07,1.88435938e-01
3.23436719e-07,1.88718750e-01
3.23476719e-07,1.88940625e-01
3.23516719e-07,1.88884375e-01
3.23556719e-07,1.88903125e-01
3.23596719e-07,1.88904688e-01
3.23636719e-07,1.88885938e-01
3.23676719e-07,1.88926563e-01
3.23716719e-07,1.88846875e-01
3.23756719e-07,1.89107812e-01
3.23796719e-07,1.89353125e-01
3.23836719e-07,1.89271875e-01
3.23876719e-07,1.89317188e-01
3.23916719e-07,1.89289062e-01
3.23956719e-07,1.89306250e-01
3.23996719e-07,1.89298437e-01
3.24036719e-07,1.89298437e-01
3.24076719e-07,1.89306250e-01
3.24116719e-07,1.89287500e-01
3.24156719e-07,1.89323437e-01
3.24196719e-07,1.89250000e-01
3.24236719e-07,1.89503125e-01
3.24276719e-07,1.89757813e-01
3.24316719e-07,1.89665625e-01
3.24356719e-07,1.89723438e-01
3.24396719e-07,1.89681250e-01
3.24436719e-07,1.89715625e-01
3.24476719e-07,1.89687500e-01
3.24516719e-07,1.89710938e-01
3.24556719e-07,1.89690625e-01
3.24596719e-07,1.89707813e-01
3.24636719e-07,1.89693750e-01
3.24676719e-07,1.89704687e-01
3.24716719e-07,1.89696875e-01
3.24756719e-07,1.89703125e-01
3.24796719e-07,1.89698438e-01
3.24836719e-07,1.89700000e-01
3.24876719e-07,1.89701563e-01
3.24916719e-07,1.89696875e-01
3.24956719e-07,1.89706250e-01
3.24996719e-07,1.89690625e-01
3.25036719e-07,1.89715625e-01
3.25076719e-07,1.89675000e-01
3.25116719e-07,1.89750000e-01
3.25156719e-07,1.89496875e-01
3.25196719e-07,1.89242188e-01
3.25236719e-07,1.89334375e-01
3.25276719e-07,1.89275000e-01
3.25316719e-07,1.89318750e-01
3.25356719e-07,1.89284375e-01
3.25396719e-07,1.89312500e-01
3.25436719e-07,1.89289062e-01
3.25476719e-07,1.89309375e-01
3.25516719e-07,1.89292188e-01
3.25556719e-07,1.89306250e-01
3.25596719e-07,1.89295313e-01
3.25636719e-07,1.89303125e-01
3.25676719e-07,1.89300000e-01
3.25716719e-07,1.89296875e-01
3.25756719e-07,1.89307813e-01
3.25796719e-07,1.89282813e-01
3.25836719e-07,1.89342188e-01
3.25876719e-07,1.89104688e-01
3.25916719e-07,1.88832813e-01
3.25956719e-07,1.88943750e-01
3.25996719e-07,1.88865625e-01
3.26036719e-07,1.88931250e-01
3.26076719e-07,1.88871875e-01
3.26116719e-07,1.88928125e-01
3.26156719e-07,1.88870312e-01
3.26196719e-07,1.88932813e-01
3.26236719e-07,1.88857812e-01
3.26276719e-07,1.88965625e-01
3.26316719e-07,1.88682813e-01
3.26356719e-07,1.88454687e-01
3.26396719e-07,1.88523438e-01
3.26436719e-07,1.88485938e-01
3.26476719e-07,1.88510938e-01
3.26516719e-07,1.88490625e-01
3.26556719e-07,1.88509375e-01
3.26596719e-07,1.88489062e-01
3.26636719e-07,1.88515625e-01
3.26676719e-07,1.88476562e-01
3.26716719e-07,1.88548437e-01
3.26756719e-07,1.88300000e-01
3.26796719e-07,1.88037500e-01
3.26836719e-07,1.88139063e-01
3.26876719e-07,1.88068750e-01
3.26916719e-07,1.88126563e-01
3.26956719e-07,1.88075000e-01
3.26996719e-07,1.88123438e-01
3.27036719e-07,1.88076563e-01
3.27076719e-07,1.88125000e-01
3.27116719e-07,1.88073437e-01
3.27156719e-07,1.88131250e-01
3.27196719e-07,1.88059375e-01
3.27236719e-07,1.88165625e-01
3.27276719e-07,1.87881250e-01
3.27316719e-07,1.87654688e-01
3.27356719e-07,1.87720313e-01
3.27396719e-07,1.87687500e-01
3.27436719e-07,1.87707813e-01
3.27476719e-07,1.87695313e-01
3.27516719e-07,1.87701563e-01
3.27556719e-07,1.87698438e-01
3.27596719e-07,1.87700000e-01
3.27636719e-07,1.87701563e-01
3.27676719e-07,1.87698438e-01
3.27716719e-07,1.87701563e-01
3.27756719e-07,1.87696875e-01
3.27796719e-07,1.87703125e-01
3.27836719e-07,1.87696875e-01
3.27876719e-07,1.87703125e-01
3.27916719e-07,1.87696875e-01
3.27956719e-07,1.87703125e-01
3.27996719e-07,1.87695313e-01
3.28036719e-07,1.87704687e-01
3.28076719e-07,1.87695313e-01
3.28116719e-07,1.87704687e-01
3.28156719e-07,1.87695313e-01
3.28196719e-07,1.87704687e-01
3.28236719e-07,1.87695313e-01
3.28276719e-07,1.87704687e-01
3.28316719e-07,1.87695313e-01
3.28356719e-07,1.87704687e-01
3.28396719e-07,1.87695313e-01
3.28436719e-07,1.87706250e-01
3.28476719e-07,1.87693750e-01
3.28516719e-07,1.87706250e-01
3.28556719e-07,1.87693750e-01
3.28596719e-07,1.87706250e-01
3.28636719e-07,1.87693750e-01
3.28676719e-07,1.87706250e-01
3.28716719e-07,1.87693750e-01
3.28756719e-07,1.87706250e-01
3.28796719e-07,1.87692187e-01
3.28836719e-07,1.87707813e-01
3.28876719e-07,1.87692187e-01
3.28916719e-07,1.87707813e-01
3.28956719e-07,1.87692187e-01
3.28996719e-07,1.87709375e-01
3.29036719e-07,1.87690625e-01
3.29076719e-07,1.87709375e-01
3.29116719e-07,1.87689063e-01
3.29156719e-07,1.87712500e-01
3.29196719e-07,1.87687500e-01
3.29236719e-07,1.87714063e-01
3.29276719e-07,1.87682813e-01
3.29316719e-07,1.87720313e-01
3.29356719e-07,1.87675000e-01
3.29396719e-07,1.87734375e-01
3.29436719e-07,1.87640625e-01
3.29476719e-07,1.87912500e-01
3.29516719e-07,1.88150000e-01
3.29556719e-07,1.88075000e-01
3.29596719e-07,1.88115625e-01
3.29636719e-07,1.88089063e-01
3.29676719e-07,1.88107812e-01
3.29716719e-07,1.88093750e-01
3.29756719e-07,1.88104688e-01
3.29796719e-07,1.88096875e-01
3.29836719e-07,1.88101563e-01
3.29876719e-07,1.88098437e-01
3.29916719e-07,1.88100000e-01
3.29956719e-07,1.88100000e-01
3.29996719e-07,1.88100000e-01
3.30036719e-07,1.88100000e-01
3.30076719e-07,1.88098437e-01
3.30116719e-07,1.88101563e-01
3.30156719e-07,1.88098437e-01
3.30196719e-07,1.88101563e-01
3.30236719e-07,1.88096875e-01
3.30276719e-07,1.88103125e-01
3.30316719e-07,1.88096875e-01
3.30356719e-07,1.88103125e-01
3.30396719e-07,1.88096875e-01
3.30436719e-07,1.88104688e-01
3.30476719e-07,1.88095313e-01
3.30516719e-07,1.88104688e-01
3.30556719e-07,1.88095313e-01
3.30596719e-07,1.88106250e-01
3.30636719e-07,1.88093750e-01
3.30676719e-07,1.88106250e-01
3.30716719e-07,1.88093750e-01
3.30756719e-07,1.88107812e-01
3.30796719e-07,1.88092188e-01
3.30836719e-07,1.88109375e-01
3.30876719e-07,1.88090625e-01
3.30916719e-07,1.88110938e-01
3.30956719e-07,1.88089063e-01
3.30996719e-07,1.88112500e-01
3.31036719e-07,1.88085937e-01
3.31076719e-07,1.88117188e-01
3.31116719e-07,1.88079688e-01
3.31156719e-07,1.88125000e-01
3.31196719e-07,1.88064063e-01
3.31236719e-07,1.88160938e-01
3.31276719e-07,1.87885938e-01
3.31316719e-07,1.87651563e-01
3.31356719e-07,1.87723438e-01
3.31396719e-07,1.87685938e-01
3.31436719e-07,1.87707813e-01
3.31476719e-07,1.87695313e-01
3.31516719e-07,1.87701563e-01
3.31556719e-07,1.87700000e-01
3.31596719e-07,1.87698438e-01
3.31636719e-07,1.87704687e-01
3.31676719e-07,1.87693750e-01
3.31716719e-07,1.87707813e-01
3.31756719e-07,1.87689063e-01
3.31796719e-07,1.87715625e-01
3.31836719e-07,1.87679687e-01
3.31876719e-07,1.87731250e-01
3.31916719e-07,1.87643750e-01
3.31956719e-07,1.87910938e-01
3.31996719e-07,1.88151563e-01
3.32036719e-07,1.88073437e-01
3.32076719e-07,1.88115625e-01
3.32116719e-07,1.88090625e-01
3.32156719e-07,1.88104688e-01
3.32196719e-07,1.88098437e-01
3.32236719e-07,1.88096875e-01
3.32276719e-07,1.88107812e-01
3.32316719e-07,1.88085937e-01
3.32356719e-07,1.88125000e-01
3.32396719e-07,1.88050000e-01
3.32436719e-07,1.88304688e-01
3.32476719e-07,1.88556250e-01
3.32516719e-07,1.88470313e-01
3.32556719e-07,1.88518750e-01
3.32596719e-07,1.88489062e-01
3.32636719e-07,1.88503125e-01
3.32676719e-07,1.88509375e-01
3.32716719e-07,1.88465625e-01
3.32756719e-07,1.88689063e-01
3.32796719e-07,1.88973438e-01
3.32836719e-07,1.88850000e-01
3.32876719e-07,1.88940625e-01
3.32916719e-07,1.88862500e-01
3.32956719e-07,1.88937500e-01
3.32996719e-07,1.88860938e-01
3.33036719e-07,1.88946875e-01
3.33076719e-07,1.88829688e-01
3.33116719e-07,1.89121875e-01
3.33156719e-07,1.89340625e-01
3.33196719e-07,1.89282813e-01
3.33236719e-07,1.89309375e-01
3.33276719e-07,1.89295313e-01
3.33316719e-07,1.89303125e-01
3.33356719e-07,1.89298437e-01
3.33396719e-07,1.89300000e-01
3.33436719e-07,1.89300000e-01
3.33476719e-07,1.89298437e-01
3.33516719e-07,1.89301563e-01
3.33556719e-07,1.89298437e-01
3.33596719e-07,1.89301563e-01
3.33636719e-07,1.89298437e-01
3.33676719e-07,1.89301563e-01
3.33716719e-07,1.89298437e-01
3.33756719e-07,1.89301563e-01
3.33796719e-07,1.89298437e-01
3.33836719e-07,1.89301563e-01
3.33876719e-07,1.89300000e-01
3.33916719e-07,1.89300000e-01
3.33956719e-07,1.89300000e-01
3.33996719e-07,1.89298437e-01
3.34036719e-07,1.89301563e-01
3.34076719e-07,1.89298437e-01
3.34116719e-07,1.89303125e-01
3.34156719e-07,1.89295313e-01
3.34196719e-07,1.89306250e-01
3.34236719e-07,1.89290625e-01
3.34276719e-07,1.89314063e-01
3.34316719e-07,1.89276562e-01
3.34356719e-07,1.89348437e-01
3.34396719e-07,1.89098437e-01
3.34436719e-07,1.88839063e-01
3.34476719e-07,1.88937500e-01
3.34516719e-07,1.88871875e-01
3.34556719e-07,1.88923438e-01
3.34596719e-07,1.88879688e-01
3.34636719e-07,1.88918750e-01
3.34676719e-07,1.88882812e-01
3.34716719e-07,1.88917188e-01
3.34756719e-07,1.88882812e-01
3.34796719e-07,1.88917188e-01
3.34836719e-07,1.88881250e-01
3.34876719e-07,1.88920313e-01
3.34916719e-07,1.88878125e-01
3.34956719e-07,1.88926563e-01
3.34996719e-07,1.88864063e-01
3.35036719e-07,1.88960938e-01
3.35076719e-07,1.88685938e-01
3.35116719e-07,1.88450000e-01
3.35156719e-07,1.88526562e-01
3.35196719e-07,1.88482813e-01
3.35236719e-07,1.88512500e-01
3.35276719e-07,1.88490625e-01
3.35316719e-07,1.88507813e-01
3.35356719e-07,1.88492188e-01
3.35396719e-07,1.88506250e-01
3.35436719e-07,1.88493750e-01
3.35476719e-07,1.88506250e-01
3.35516719e-07,1.88493750e-01
3.35556719e-07,1.88507813e-01
3.35596719e-07,1.88490625e-01
3.35636719e-07,1.88510938e-01
3.35676719e-07,1.88487500e-01
3.35716719e-07,1.88517188e-01
3.35756719e-07,1.88471875e-01
3.35796719e-07,1.88551563e-01
3.35836719e-07,1.88295313e-01
3.35876719e-07,1.88042188e-01
3.35916719e-07,1.88134375e-01
3.35956719e-07,1.88075000e-01
3.35996719e-07,1.88120312e-01
