Model,MSO66B
Label,
Waveform Type,ANALOG
Horizontal Units,s
Sample Interval,4.00000000e-11
Record Length,10000
Zero Index,1599.08593750
Vertical Units,A
ANALOG_Thumbnail,
yOffset,1.84500000e-01
yPosition,8.40000000e-01

Labels,
TIME,CH1
-6.39634375e-08,1.93307813e-01
-6.39234375e-08,1.93292188e-01
-6.38834375e-08,1.93307813e-01
-6.38434375e-08,1.93292188e-01
-6.38034375e-08,1.93306250e-01
-6.37634375e-08,1.93293750e-01
-6.37234375e-08,1.93306250e-01
-6.36834375e-08,1.93292188e-01
-6.36434375e-08,1.93307813e-01
-6.36034375e-08,1.93292188e-01
-6.35634375e-08,1.93307813e-01
-6.35234375e-08,1.93292188e-01
-6.34834375e-08,1.93307813e-01
-6.34434375e-08,1.93290625e-01
-6.34034375e-08,1.93309375e-01
-6.33634375e-08,1.93289062e-01
-6.33234375e-08,1.93310938e-01
-6.32834375e-08,1.93287500e-01
-6.32434375e-08,1.93315625e-01
-6.32034375e-08,1.93281250e-01
-6.31634375e-08,1.93323438e-01
-6.31234375e-08,1.93267187e-01
-6.30834375e-08,1.93357813e-01
-6.30434375e-08,1.93089063e-01
-6.30034375e-08,1.92848437e-01
-6.29634375e-08,1.92928125e-01
-6.29234375e-08,1.92881250e-01
-6.28834375e-08,1.92914063e-01
-6.28434375e-08,1.92889063e-01
-6.28034375e-08,1.92907812e-01
-6.27634375e-08,1.92893750e-01
-6.27234375e-08,1.92906250e-01
-6.26834375e-08,1.92895312e-01
-6.26434375e-08,1.92904688e-01
-6.26034375e-08,1.92896875e-01
-6.25634375e-08,1.92903125e-01
-6.25234375e-08,1.92896875e-01
-6.24834375e-08,1.92901563e-01
-6.24434375e-08,1.92898438e-01
-6.24034375e-08,1.92901563e-01
-6.23634375e-08,1.92898438e-01
-6.23234375e-08,1.92901563e-01
-6.22834375e-08,1.92900000e-01
-6.22434375e-08,1.92900000e-01
-6.22034375e-08,1.92900000e-01
-6.21634375e-08,1.92900000e-01
-6.21234375e-08,1.92900000e-01
-6.20834375e-08,1.92900000e-01
-6.20434375e-08,1.92900000e-01
-6.20034375e-08,1.92900000e-01
-6.19634375e-08,1.92901563e-01
-6.19234375e-08,1.92898438e-01
-6.18834375e-08,1.92901563e-01
-6.18434375e-08,1.92898438e-01
-6.18034375e-08,1.92901563e-01
-6.17634375e-08,1.92898438e-01
-6.17234375e-08,1.92901563e-01
-6.16834375e-08,1.92896875e-01
-6.16434375e-08,1.92903125e-01
-6.16034375e-08,1.92896875e-01
-6.15634375e-08,1.92903125e-01
-6.15234375e-08,1.92896875e-01
-6.14834375e-08,1.92904688e-01
-6.14434375e-08,1.92895312e-01
-6.14034375e-08,1.92904688e-01
-6.13634375e-08,1.92893750e-01
-6.13234375e-08,1.92906250e-01
-6.12834375e-08,1.92892188e-01
-6.12434375e-08,1.92907812e-01
-6.12034375e-08,1.92890625e-01
-6.11634375e-08,1.92910938e-01
-6.11234375e-08,1.92887500e-01
-6.10834375e-08,1.92914063e-01
-6.10434375e-08,1.92881250e-01
-6.10034375e-08,1.92923438e-01
-6.09634375e-08,1.92865625e-01
-6.09234375e-08,1.92959375e-01
-6.08834375e-08,1.92687500e-01
-6.08434375e-08,1.92451563e-01
-6.08034375e-08,1.92523438e-01
-6.07634375e-08,1.92487500e-01
-6.07234375e-08,1.92506250e-01
-6.06834375e-08,1.92498438e-01
-6.06434375e-08,1.92495313e-01
-6.06034375e-08,1.92510938e-01
-6.05634375e-08,1.92478125e-01
-6.05234375e-08,1.92548438e-01
-6.04834375e-08,1.92296875e-01
-6.04434375e-08,1.92042188e-01
-6.04034375e-08,1.92132812e-01
-6.03634375e-08,1.92079688e-01
-6.03234375e-08,1.92112500e-01
-6.02834375e-08,1.92095313e-01
-6.02434375e-08,1.92092188e-01
-6.02034375e-08,1.92132812e-01
-6.01634375e-08,1.91912500e-01
-6.01234375e-08,1.91625000e-01
-6.00834375e-08,1.91751563e-01
-6.00434375e-08,1.91657812e-01
-6.00034375e-08,1.91737500e-01
-5.99634375e-08,1.91664063e-01
-5.99234375e-08,1.91734375e-01
-5.98834375e-08,1.91664063e-01
-5.98434375e-08,1.91740625e-01
-5.98034375e-08,1.91651563e-01
-5.97634375e-08,1.91773438e-01
-5.97234375e-08,1.91475000e-01
-5.96834375e-08,1.91262500e-01
-5.96434375e-08,1.91314062e-01
-5.96034375e-08,1.91295313e-01
-5.95634375e-08,1.91300000e-01
-5.95234375e-08,1.91304688e-01
-5.94834375e-08,1.91293750e-01
-5.94434375e-08,1.91307813e-01
-5.94034375e-08,1.91290625e-01
-5.93634375e-08,1.91312500e-01
-5.93234375e-08,1.91285938e-01
-5.92834375e-08,1.91317188e-01
-5.92434375e-08,1.91276562e-01
-5.92034375e-08,1.91332813e-01
-5.91634375e-08,1.91242187e-01
-5.91234375e-08,1.91510938e-01
-5.90834375e-08,1.91751563e-01
-5.90434375e-08,1.91671875e-01
-5.90034375e-08,1.91720313e-01
-5.89634375e-08,1.91684375e-01
-5.89234375e-08,1.91714063e-01
-5.88834375e-08,1.91687500e-01
-5.88434375e-08,1.91714063e-01
-5.88034375e-08,1.91682813e-01
-5.87634375e-08,1.91726563e-01
-5.87234375e-08,1.91650000e-01
-5.86834375e-08,1.91901563e-01
-5.86434375e-08,1.92162500e-01
-5.86034375e-08,1.92059375e-01
-5.85634375e-08,1.92132812e-01
-5.85234375e-08,1.92068750e-01
-5.84834375e-08,1.92131250e-01
-5.84434375e-08,1.92065625e-01
-5.84034375e-08,1.92143750e-01
-5.83634375e-08,1.92031250e-01
-5.83234375e-08,1.92320313e-01
-5.82834375e-08,1.92542188e-01
-5.82434375e-08,1.92482813e-01
-5.82034375e-08,1.92507813e-01
-5.81634375e-08,1.92496875e-01
-5.81234375e-08,1.92498438e-01
-5.80834375e-08,1.92503125e-01
-5.80434375e-08,1.92493750e-01
-5.80034375e-08,1.92509375e-01
-5.79634375e-08,1.92487500e-01
-5.79234375e-08,1.92515625e-01
-5.78834375e-08,1.92478125e-01
-5.78434375e-08,1.92532813e-01
-5.78034375e-08,1.92442188e-01
-5.77634375e-08,1.92710938e-01
-5.77234375e-08,1.92950000e-01
-5.76834375e-08,1.92875000e-01
-5.76434375e-08,1.92914063e-01
-5.76034375e-08,1.92892188e-01
-5.75634375e-08,1.92903125e-01
-5.75234375e-08,1.92900000e-01
-5.74834375e-08,1.92895312e-01
-5.74434375e-08,1.92910938e-01
-5.74034375e-08,1.92878125e-01
-5.73634375e-08,1.92946875e-01
-5.73234375e-08,1.92698438e-01
-5.72834375e-08,1.92439063e-01
-5.72434375e-08,1.92535938e-01
-5.72034375e-08,1.92473438e-01
-5.71634375e-08,1.92520313e-01
-5.71234375e-08,1.92482813e-01
-5.70834375e-08,1.92515625e-01
-5.70434375e-08,1.92485938e-01
-5.70034375e-08,1.92512500e-01
-5.69634375e-08,1.92489063e-01
-5.69234375e-08,1.92510938e-01
-5.68834375e-08,1.92490625e-01
-5.68434375e-08,1.92509375e-01
-5.68034375e-08,1.92492188e-01
-5.67634375e-08,1.92507813e-01
-5.67234375e-08,1.92492188e-01
-5.66834375e-08,1.92507813e-01
-5.66434375e-08,1.92493750e-01
-5.66034375e-08,1.92506250e-01
-5.65634375e-08,1.92493750e-01
-5.65234375e-08,1.92506250e-01
-5.64834375e-08,1.92493750e-01
-5.64434375e-08,1.92506250e-01
-5.64034375e-08,1.92493750e-01
-5.63634375e-08,1.92504687e-01
-5.63234375e-08,1.92495313e-01
-5.62834375e-08,1.92504687e-01
-5.62434375e-08,1.92495313e-01
-5.62034375e-08,1.92504687e-01
-5.61634375e-08,1.92495313e-01
-5.61234375e-08,1.92504687e-01
-5.60834375e-08,1.92495313e-01
-5.60434375e-08,1.92504687e-01
-5.60034375e-08,1.92495313e-01
-5.59634375e-08,1.92504687e-01
-5.59234375e-08,1.92495313e-01
-5.58834375e-08,1.92504687e-01
-5.58434375e-08,1.92495313e-01
-5.58034375e-08,1.92504687e-01
-5.57634375e-08,1.92496875e-01
-5.57234375e-08,1.92503125e-01
-5.56834375e-08,1.92496875e-01
-5.56434375e-08,1.92503125e-01
-5.56034375e-08,1.92496875e-01
-5.55634375e-08,1.92503125e-01
-5.55234375e-08,1.92496875e-01
-5.54834375e-08,1.92503125e-01
-5.54434375e-08,1.92496875e-01
-5.54034375e-08,1.92503125e-01
-5.53634375e-08,1.92496875e-01
-5.53234375e-08,1.92503125e-01
-5.52834375e-08,1.92496875e-01
-5.52434375e-08,1.92503125e-01
-5.52034375e-08,1.92496875e-01
-5.51634375e-08,1.92503125e-01
-5.51234375e-08,1.92496875e-01
-5.50834375e-08,1.92503125e-01
-5.50434375e-08,1.92496875e-01
-5.50034375e-08,1.92503125e-01
-5.49634375e-08,1.92496875e-01
-5.49234375e-08,1.92503125e-01
-5.48834375e-08,1.92496875e-01
-5.48434375e-08,1.92503125e-01
-5.48034375e-08,1.92496875e-01
-5.47634375e-08,1.92503125e-01
-5.47234375e-08,1.92496875e-01
-5.46834375e-08,1.92503125e-01
-5.46434375e-08,1.92496875e-01
-5.46034375e-08,1.92503125e-01
-5.45634375e-08,1.92496875e-01
-5.45234375e-08,1.92503125e-01
-5.44834375e-08,1.92496875e-01
-5.44434375e-08,1.92503125e-01
-5.44034375e-08,1.92496875e-01
-5.43634375e-08,1.92503125e-01
-5.43234375e-08,1.92496875e-01
-5.42834375e-08,1.92503125e-01
-5.42434375e-08,1.92496875e-01
-5.42034375e-08,1.92503125e-01
-5.41634375e-08,1.92496875e-01
-5.41234375e-08,1.92503125e-01
-5.40834375e-08,1.92496875e-01
-5.40434375e-08,1.92503125e-01
-5.40034375e-08,1.92496875e-01
-5.39634375e-08,1.92503125e-01
-5.39234375e-08,1.92495313e-01
-5.38834375e-08,1.92504687e-01
-5.38434375e-08,1.92495313e-01
-5.38034375e-08,1.92504687e-01
-5.37634375e-08,1.92495313e-01
-5.37234375e-08,1.92504687e-01
-5.36834375e-08,1.92495313e-01
-5.36434375e-08,1.92504687e-01
-5.36034375e-08,1.92495313e-01
-5.35634375e-08,1.92504687e-01
-5.35234375e-08,1.92495313e-01
-5.34834375e-08,1.92504687e-01
-5.34434375e-08,1.92493750e-01
-5.34034375e-08,1.92506250e-01
-5.33634375e-08,1.92493750e-01
-5.33234375e-08,1.92506250e-01
-5.32834375e-08,1.92493750e-01
-5.32434375e-08,1.92507813e-01
-5.32034375e-08,1.92492188e-01
-5.31634375e-08,1.92509375e-01
-5.31234375e-08,1.92490625e-01
-5.30834375e-08,1.92510938e-01
-5.30434375e-08,1.92487500e-01
-5.30034375e-08,1.92514062e-01
-5.29634375e-08,1.92482813e-01
-5.29234375e-08,1.92521875e-01
-5.28834375e-08,1.92468750e-01
-5.28434375e-08,1.92556250e-01
-5.28034375e-08,1.92290625e-01
-5.27634375e-08,1.92048438e-01
-5.27234375e-08,1.92128125e-01
-5.26834375e-08,1.92081250e-01
-5.26434375e-08,1.92114063e-01
-5.26034375e-08,1.92089063e-01
-5.25634375e-08,1.92109375e-01
-5.25234375e-08,1.92092188e-01
-5.24834375e-08,1.92106250e-01
-5.24434375e-08,1.92095313e-01
-5.24034375e-08,1.92104688e-01
-5.23634375e-08,1.92095313e-01
-5.23234375e-08,1.92103125e-01
-5.22834375e-08,1.92096875e-01
-5.22434375e-08,1.92103125e-01
-5.22034375e-08,1.92096875e-01
-5.21634375e-08,1.92101563e-01
-5.21234375e-08,1.92098437e-01
-5.20834375e-08,1.92101563e-01
-5.20434375e-08,1.92098437e-01
-5.20034375e-08,1.92101563e-01
-5.19634375e-08,1.92098437e-01
-5.19234375e-08,1.92101563e-01
-5.18834375e-08,1.92098437e-01
-5.18434375e-08,1.92101563e-01
-5.18034375e-08,1.92100000e-01
-5.17634375e-08,1.92100000e-01
-5.17234375e-08,1.92100000e-01
-5.16834375e-08,1.92100000e-01
-5.16434375e-08,1.92100000e-01
-5.16034375e-08,1.92100000e-01
-5.15634375e-08,1.92100000e-01
-5.15234375e-08,1.92100000e-01
-5.14834375e-08,1.92100000e-01
-5.14434375e-08,1.92100000e-01
-5.14034375e-08,1.92100000e-01
-5.13634375e-08,1.92100000e-01
-5.13234375e-08,1.92100000e-01
-5.12834375e-08,1.92100000e-01
-5.12434375e-08,1.92100000e-01
-5.12034375e-08,1.92100000e-01
-5.11634375e-08,1.92101563e-01
-5.11234375e-08,1.92098437e-01
-5.10834375e-08,1.92101563e-01
-5.10434375e-08,1.92098437e-01
-5.10034375e-08,1.92101563e-01
-5.09634375e-08,1.92098437e-01
-5.09234375e-08,1.92101563e-01
-5.08834375e-08,1.92098437e-01
-5.08434375e-08,1.92101563e-01
-5.08034375e-08,1.92098437e-01
-5.07634375e-08,1.92101563e-01
-5.07234375e-08,1.92098437e-01
-5.06834375e-08,1.92101563e-01
-5.06434375e-08,1.92096875e-01
-5.06034375e-08,1.92103125e-01
-5.05634375e-08,1.92096875e-01
-5.05234375e-08,1.92103125e-01
-5.04834375e-08,1.92096875e-01
-5.04434375e-08,1.92104688e-01
-5.04034375e-08,1.92095313e-01
-5.03634375e-08,1.92104688e-01
-5.03234375e-08,1.92095313e-01
-5.02834375e-08,1.92106250e-01
-5.02434375e-08,1.92093750e-01
-5.02034375e-08,1.92107813e-01
-5.01634375e-08,1.92090625e-01
-5.01234375e-08,1.92110937e-01
-5.00834375e-08,1.92085937e-01
-5.00434375e-08,1.92120313e-01
-5.00034375e-08,1.92070313e-01
-4.99634375e-08,1.92154688e-01
-4.99234375e-08,1.91892188e-01
-4.98834375e-08,1.91645312e-01
-4.98434375e-08,1.91731250e-01
-4.98034375e-08,1.91678125e-01
-4.97634375e-08,1.91717187e-01
-4.97234375e-08,1.91685938e-01
-4.96834375e-08,1.91710938e-01
-4.96434375e-08,1.91689063e-01
-4.96034375e-08,1.91709375e-01
-4.95634375e-08,1.91692187e-01
-4.95234375e-08,1.91707813e-01
-4.94834375e-08,1.91692187e-01
-4.94434375e-08,1.91706250e-01
-4.94034375e-08,1.91693750e-01
-4.93634375e-08,1.91706250e-01
-4.93234375e-08,1.91693750e-01
-4.92834375e-08,1.91706250e-01
-4.92434375e-08,1.91695313e-01
-4.92034375e-08,1.91704687e-01
-4.91634375e-08,1.91695313e-01
-4.91234375e-08,1.91704687e-01
-4.90834375e-08,1.91695313e-01
-4.90434375e-08,1.91704687e-01
-4.90034375e-08,1.91695313e-01
-4.89634375e-08,1.91704687e-01
-4.89234375e-08,1.91695313e-01
-4.88834375e-08,1.91704687e-01
-4.88434375e-08,1.91695313e-01
-4.88034375e-08,1.91704687e-01
-4.87634375e-08,1.91695313e-01
-4.87234375e-08,1.91704687e-01
-4.86834375e-08,1.91695313e-01
-4.86434375e-08,1.91706250e-01
-4.86034375e-08,1.91693750e-01
-4.85634375e-08,1.91706250e-01
-4.85234375e-08,1.91693750e-01
-4.84834375e-08,1.91706250e-01
-4.84434375e-08,1.91692187e-01
-4.84034375e-08,1.91707813e-01
-4.83634375e-08,1.91692187e-01
-4.83234375e-08,1.91709375e-01
-4.82834375e-08,1.91689063e-01
-4.82434375e-08,1.91712500e-01
-4.82034375e-08,1.91685938e-01
-4.81634375e-08,1.91717187e-01
-4.81234375e-08,1.91678125e-01
-4.80834375e-08,1.91732813e-01
-4.80434375e-08,1.91642188e-01
-4.80034375e-08,1.91910938e-01
-4.79634375e-08,1.92151563e-01
-4.79234375e-08,1.92071875e-01
-4.78834375e-08,1.92118750e-01
-4.78434375e-08,1.92087500e-01
-4.78034375e-08,1.92109375e-01
-4.77634375e-08,1.92092188e-01
-4.77234375e-08,1.92106250e-01
-4.76834375e-08,1.92095313e-01
-4.76434375e-08,1.92103125e-01
-4.76034375e-08,1.92098437e-01
-4.75634375e-08,1.92100000e-01
-4.75234375e-08,1.92103125e-01
-4.74834375e-08,1.92095313e-01
-4.74434375e-08,1.92107813e-01
-4.74034375e-08,1.92087500e-01
-4.73634375e-08,1.92123437e-01
-4.73234375e-08,1.92051562e-01
-4.72834375e-08,1.92301563e-01
-4.72434375e-08,1.92560938e-01
-4.72034375e-08,1.92462500e-01
-4.71634375e-08,1.92528125e-01
-4.71234375e-08,1.92476563e-01
-4.70834375e-08,1.92520313e-01
-4.70434375e-08,1.92482813e-01
-4.70034375e-08,1.92517188e-01
-4.69634375e-08,1.92484375e-01
-4.69234375e-08,1.92515625e-01
-4.68834375e-08,1.92485938e-01
-4.68434375e-08,1.92514062e-01
-4.68034375e-08,1.92485938e-01
-4.67634375e-08,1.92514062e-01
-4.67234375e-08,1.92485938e-01
-4.66834375e-08,1.92514062e-01
-4.66434375e-08,1.92485938e-01
-4.66034375e-08,1.92514062e-01
-4.65634375e-08,1.92485938e-01
-4.65234375e-08,1.92514062e-01
-4.64834375e-08,1.92484375e-01
-4.64434375e-08,1.92515625e-01
-4.64034375e-08,1.92482813e-01
-4.63634375e-08,1.92518750e-01
-4.63234375e-08,1.92479687e-01
-4.62834375e-08,1.92521875e-01
-4.62434375e-08,1.92475000e-01
-4.62034375e-08,1.92531250e-01
-4.61634375e-08,1.92459375e-01
-4.61234375e-08,1.92565625e-01
-4.60834375e-08,1.92279688e-01
-4.60434375e-08,1.92057813e-01
-4.60034375e-08,1.92117188e-01
-4.59634375e-08,1.92092188e-01
-4.59234375e-08,1.92101563e-01
-4.58834375e-08,1.92103125e-01
-4.58434375e-08,1.92093750e-01
-4.58034375e-08,1.92110937e-01
-4.57634375e-08,1.92085937e-01
-4.57234375e-08,1.92120313e-01
-4.56834375e-08,1.92068750e-01
-4.56434375e-08,1.92157812e-01
-4.56034375e-08,1.91887500e-01
-4.55634375e-08,1.91650000e-01
-4.55234375e-08,1.91725000e-01
-4.54834375e-08,1.91685938e-01
-4.54434375e-08,1.91706250e-01
-4.54034375e-08,1.91698438e-01
-4.53634375e-08,1.91695313e-01
-4.53234375e-08,1.91710938e-01
-4.52834375e-08,1.91678125e-01
-4.52434375e-08,1.91746875e-01
-4.52034375e-08,1.91498438e-01
-4.51634375e-08,1.91240625e-01
-4.51234375e-08,1.91335937e-01
-4.50834375e-08,1.91275000e-01
-4.50434375e-08,1.91320313e-01
-4.50034375e-08,1.91282813e-01
-4.49634375e-08,1.91314062e-01
-4.49234375e-08,1.91287500e-01
-4.48834375e-08,1.91310938e-01
-4.48434375e-08,1.91290625e-01
-4.48034375e-08,1.91309375e-01
-4.47634375e-08,1.91292188e-01
-4.47234375e-08,1.91306250e-01
-4.46834375e-08,1.91293750e-01
-4.46434375e-08,1.91304688e-01
-4.46034375e-08,1.91295313e-01
-4.45634375e-08,1.91304688e-01
-4.45234375e-08,1.91296875e-01
-4.44834375e-08,1.91303125e-01
-4.44434375e-08,1.91298438e-01
-4.44034375e-08,1.91301563e-01
-4.43634375e-08,1.91300000e-01
-4.43234375e-08,1.91298438e-01
-4.42834375e-08,1.91303125e-01
-4.42434375e-08,1.91295313e-01
-4.42034375e-08,1.91307813e-01
-4.41634375e-08,1.91285938e-01
-4.41234375e-08,1.91323437e-01
-4.40834375e-08,1.91251562e-01
-4.40434375e-08,1.91501562e-01
-4.40034375e-08,1.91760938e-01
-4.39634375e-08,1.91662500e-01
-4.39234375e-08,1.91728125e-01
-4.38834375e-08,1.91676563e-01
-4.38434375e-08,1.91720313e-01
-4.38034375e-08,1.91681250e-01
-4.37634375e-08,1.91718750e-01
-4.37234375e-08,1.91682813e-01
-4.36834375e-08,1.91717187e-01
-4.36434375e-08,1.91682813e-01
-4.36034375e-08,1.91718750e-01
-4.35634375e-08,1.91679688e-01
-4.35234375e-08,1.91721875e-01
-4.34834375e-08,1.91673438e-01
-4.34434375e-08,1.91735938e-01
-4.34034375e-08,1.91639063e-01
-4.33634375e-08,1.91914063e-01
-4.33234375e-08,1.92148438e-01
-4.32834375e-08,1.92075000e-01
-4.32434375e-08,1.92115625e-01
-4.32034375e-08,1.92089063e-01
-4.31634375e-08,1.92109375e-01
-4.31234375e-08,1.92092188e-01
-4.30834375e-08,1.92106250e-01
-4.30434375e-08,1.92095313e-01
-4.30034375e-08,1.92104688e-01
-4.29634375e-08,1.92095313e-01
-4.29234375e-08,1.92104688e-01
-4.28834375e-08,1.92095313e-01
-4.28434375e-08,1.92104688e-01
-4.28034375e-08,1.92095313e-01
-4.27634375e-08,1.92104688e-01
-4.27234375e-08,1.92095313e-01
-4.26834375e-08,1.92106250e-01
-4.26434375e-08,1.92093750e-01
-4.26034375e-08,1.92107813e-01
-4.25634375e-08,1.92090625e-01
-4.25234375e-08,1.92112500e-01
-4.24834375e-08,1.92082813e-01
-4.24434375e-08,1.92128125e-01
-4.24034375e-08,1.92048438e-01
-4.23634375e-08,1.92304688e-01
-4.23234375e-08,1.92557813e-01
-4.22834375e-08,1.92467187e-01
-4.22434375e-08,1.92523438e-01
-4.22034375e-08,1.92481250e-01
-4.21634375e-08,1.92517188e-01
-4.21234375e-08,1.92485938e-01
-4.20834375e-08,1.92514062e-01
-4.20434375e-08,1.92487500e-01
-4.20034375e-08,1.92510938e-01
-4.19634375e-08,1.92489063e-01
-4.19234375e-08,1.92510938e-01
-4.18834375e-08,1.92489063e-01
-4.18434375e-08,1.92510938e-01
-4.18034375e-08,1.92489063e-01
-4.17634375e-08,1.92510938e-01
-4.17234375e-08,1.92489063e-01
-4.16834375e-08,1.92512500e-01
-4.16434375e-08,1.92487500e-01
-4.16034375e-08,1.92514062e-01
-4.15634375e-08,1.92484375e-01
-4.15234375e-08,1.92518750e-01
-4.14834375e-08,1.92476563e-01
-4.14434375e-08,1.92532813e-01
-4.14034375e-08,1.92442188e-01
-4.13634375e-08,1.92710938e-01
-4.13234375e-08,1.92951563e-01
-4.12834375e-08,1.92871875e-01
-4.12434375e-08,1.92918750e-01
-4.12034375e-08,1.92884375e-01
-4.11634375e-08,1.92912500e-01
-4.11234375e-08,1.92889063e-01
-4.10834375e-08,1.92909375e-01
-4.10434375e-08,1.92890625e-01
-4.10034375e-08,1.92909375e-01
-4.09634375e-08,1.92890625e-01
-4.09234375e-08,1.92910938e-01
-4.08834375e-08,1.92887500e-01
-4.08434375e-08,1.92914063e-01
-4.08034375e-08,1.92881250e-01
-4.07634375e-08,1.92928125e-01
-4.07234375e-08,1.92846875e-01
-4.06834375e-08,1.93106250e-01
-4.06434375e-08,1.93356250e-01
-4.06034375e-08,1.93267187e-01
-4.05634375e-08,1.93325000e-01
-4.05234375e-08,1.93279688e-01
-4.04834375e-08,1.93317188e-01
-4.04434375e-08,1.93284375e-01
-4.04034375e-08,1.93315625e-01
-4.03634375e-08,1.93285938e-01
-4.03234375e-08,1.93314062e-01
-4.02834375e-08,1.93284375e-01
-4.02434375e-08,1.93315625e-01
-4.02034375e-08,1.93281250e-01
-4.01634375e-08,1.93320313e-01
-4.01234375e-08,1.93275000e-01
-4.00834375e-08,1.93334375e-01
-4.00434375e-08,1.93240625e-01
-4.00034375e-08,1.93512500e-01
-3.99634375e-08,1.93750000e-01
-3.99234375e-08,1.93673438e-01
-3.98834375e-08,1.93717187e-01
-3.98434375e-08,1.93687500e-01
-3.98034375e-08,1.93709375e-01
-3.97634375e-08,1.93692188e-01
-3.97234375e-08,1.93706250e-01
-3.96834375e-08,1.93695312e-01
-3.96434375e-08,1.93704688e-01
-3.96034375e-08,1.93696875e-01
-3.95634375e-08,1.93703125e-01
-3.95234375e-08,1.93696875e-01
-3.94834375e-08,1.93703125e-01
-3.94434375e-08,1.93698438e-01
-3.94034375e-08,1.93701563e-01
-3.93634375e-08,1.93698438e-01
-3.93234375e-08,1.93701563e-01
-3.92834375e-08,1.93698438e-01
-3.92434375e-08,1.93701563e-01
-3.92034375e-08,1.93698438e-01
-3.91634375e-08,1.93701563e-01
-3.91234375e-08,1.93698438e-01
-3.90834375e-08,1.93701563e-01
-3.90434375e-08,1.93698438e-01
-3.90034375e-08,1.93701563e-01
-3.89634375e-08,1.93698438e-01
-3.89234375e-08,1.93701563e-01
-3.88834375e-08,1.93698438e-01
-3.88434375e-08,1.93701563e-01
-3.88034375e-08,1.93698438e-01
-3.87634375e-08,1.93701563e-01
-3.87234375e-08,1.93698438e-01
-3.86834375e-08,1.93701563e-01
-3.86434375e-08,1.93698438e-01
-3.86034375e-08,1.93701563e-01
-3.85634375e-08,1.93698438e-01
-3.85234375e-08,1.93701563e-01
-3.84834375e-08,1.93698438e-01
-3.84434375e-08,1.93701563e-01
-3.84034375e-08,1.93698438e-01
-3.83634375e-08,1.93701563e-01
-3.83234375e-08,1.93698438e-01
-3.82834375e-08,1.93701563e-01
-3.82434375e-08,1.93696875e-01
-3.82034375e-08,1.93703125e-01
-3.81634375e-08,1.93696875e-01
-3.81234375e-08,1.93703125e-01
-3.80834375e-08,1.93696875e-01
-3.80434375e-08,1.93704688e-01
-3.80034375e-08,1.93695312e-01
-3.79634375e-08,1.93704688e-01
-3.79234375e-08,1.93693750e-01
-3.78834375e-08,1.93706250e-01
-3.78434375e-08,1.93692188e-01
-3.78034375e-08,1.93709375e-01
-3.77634375e-08,1.93689063e-01
-3.77234375e-08,1.93714063e-01
-3.76834375e-08,1.93679688e-01
-3.76434375e-08,1.93729687e-01
-3.76034375e-08,1.93645312e-01
-3.75634375e-08,1.93907812e-01
-3.75234375e-08,1.94154688e-01
-3.74834375e-08,1.94068750e-01
-3.74434375e-08,1.94121875e-01
-3.74034375e-08,1.94082813e-01
-3.73634375e-08,1.94114063e-01
-3.73234375e-08,1.94089063e-01
-3.72834375e-08,1.94109375e-01
-3.72434375e-08,1.94090625e-01
-3.72034375e-08,1.94107813e-01
-3.71634375e-08,1.94093750e-01
-3.71234375e-08,1.94106250e-01
-3.70834375e-08,1.94093750e-01
-3.70434375e-08,1.94104688e-01
-3.70034375e-08,1.94095313e-01
-3.69634375e-08,1.94104688e-01
-3.69234375e-08,1.94096875e-01
-3.68834375e-08,1.94103125e-01
-3.68434375e-08,1.94096875e-01
-3.68034375e-08,1.94103125e-01
-3.67634375e-08,1.94098437e-01
-3.67234375e-08,1.94101563e-01
-3.66834375e-08,1.94098437e-01
-3.66434375e-08,1.94100000e-01
-3.66034375e-08,1.94100000e-01
-3.65634375e-08,1.94100000e-01
-3.65234375e-08,1.94101563e-01
-3.64834375e-08,1.94096875e-01
-3.64434375e-08,1.94103125e-01
-3.64034375e-08,1.94093750e-01
-3.63634375e-08,1.94107813e-01
-3.63234375e-08,1.94089063e-01
-3.62834375e-08,1.94115625e-01
-3.62434375e-08,1.94073438e-01
-3.62034375e-08,1.94151563e-01
-3.61634375e-08,1.93895312e-01
-3.61234375e-08,1.93643750e-01
-3.60834375e-08,1.93732813e-01
-3.60434375e-08,1.93678125e-01
-3.60034375e-08,1.93715625e-01
-3.59634375e-08,1.93689063e-01
-3.59234375e-08,1.93706250e-01
-3.58834375e-08,1.93700000e-01
-3.58434375e-08,1.93690625e-01
-3.58034375e-08,1.93734375e-01
-3.57634375e-08,1.93512500e-01
-3.57234375e-08,1.93225000e-01
-3.56834375e-08,1.93353125e-01
-3.56434375e-08,1.93253125e-01
-3.56034375e-08,1.93345313e-01
-3.55634375e-08,1.93248438e-01
-3.55234375e-08,1.93373438e-01
-3.54834375e-08,1.93075000e-01
-3.54434375e-08,1.92859375e-01
-3.54034375e-08,1.92918750e-01
-3.53634375e-08,1.92887500e-01
-3.53234375e-08,1.92912500e-01
-3.52834375e-08,1.92881250e-01
-3.52434375e-08,1.92942188e-01
-3.52034375e-08,1.92707813e-01
-3.51634375e-08,1.92428125e-01
-3.51234375e-08,1.92551562e-01
-3.50834375e-08,1.92454687e-01
-3.50434375e-08,1.92546875e-01
-3.50034375e-08,1.92445313e-01
-3.49634375e-08,1.92578125e-01
-3.49234375e-08,1.92270313e-01
-3.48834375e-08,1.92067188e-01
-3.48434375e-08,1.92107813e-01
-3.48034375e-08,1.92103125e-01
-3.47634375e-08,1.92089063e-01
-3.47234375e-08,1.92117188e-01
-3.46834375e-08,1.92070313e-01
-3.46434375e-08,1.92154688e-01
-3.46034375e-08,1.91892188e-01
-3.45634375e-08,1.91646875e-01
-3.45234375e-08,1.91729687e-01
-3.44834375e-08,1.91679688e-01
-3.44434375e-08,1.91717187e-01
-3.44034375e-08,1.91685938e-01
-3.43634375e-08,1.91714063e-01
-3.43234375e-08,1.91684375e-01
-3.42834375e-08,1.91718750e-01
-3.42434375e-08,1.91671875e-01
-3.42034375e-08,1.91751563e-01
-3.41634375e-08,1.91496875e-01
-3.41234375e-08,1.91240625e-01
-3.40834375e-08,1.91335937e-01
-3.40434375e-08,1.91273438e-01
-3.40034375e-08,1.91323437e-01
-3.39634375e-08,1.91279688e-01
-3.39234375e-08,1.91318750e-01
-3.38834375e-08,1.91281250e-01
-3.38434375e-08,1.91317188e-01
-3.38034375e-08,1.91282813e-01
-3.37634375e-08,1.91317188e-01
-3.37234375e-08,1.91282813e-01
-3.36834375e-08,1.91317188e-01
-3.36434375e-08,1.91281250e-01
-3.36034375e-08,1.91318750e-01
-3.35634375e-08,1.91281250e-01
-3.35234375e-08,1.91320313e-01
-3.34834375e-08,1.91279688e-01
-3.34434375e-08,1.91321875e-01
-3.34034375e-08,1.91276562e-01
-3.33634375e-08,1.91325000e-01
-3.33234375e-08,1.91271875e-01
-3.32834375e-08,1.91331250e-01
-3.32434375e-08,1.91262500e-01
-3.32034375e-08,1.91346875e-01
-3.31634375e-08,1.91226563e-01
-3.31234375e-08,1.91526562e-01
-3.30834375e-08,1.91734375e-01
-3.30434375e-08,1.91690625e-01
-3.30034375e-08,1.91698438e-01
-3.29634375e-08,1.91709375e-01
-3.29234375e-08,1.91685938e-01
-3.28834375e-08,1.91720313e-01
-3.28434375e-08,1.91671875e-01
-3.28034375e-08,1.91739063e-01
-3.27634375e-08,1.91632812e-01
-3.27234375e-08,1.91921875e-01
-3.26834375e-08,1.92137500e-01
-3.26434375e-08,1.92089063e-01
-3.26034375e-08,1.92098437e-01
-3.25634375e-08,1.92110937e-01
-3.25234375e-08,1.92079688e-01
-3.24834375e-08,1.92132812e-01
-3.24434375e-08,1.92039062e-01
-3.24034375e-08,1.92317188e-01
-3.23634375e-08,1.92540625e-01
-3.23234375e-08,1.92487500e-01
-3.22834375e-08,1.92496875e-01
-3.22434375e-08,1.92520313e-01
-3.22034375e-08,1.92450000e-01
-3.21634375e-08,1.92707813e-01
-3.21234375e-08,1.92950000e-01
-3.20834375e-08,1.92878125e-01
-3.20434375e-08,1.92904688e-01
-3.20034375e-08,1.92910938e-01
-3.19634375e-08,1.92859375e-01
-3.19234375e-08,1.93098437e-01
-3.18834375e-08,1.93360937e-01
-3.18434375e-08,1.93267187e-01
-3.18034375e-08,1.93317188e-01
-3.17634375e-08,1.93298438e-01
-3.17234375e-08,1.93273438e-01
-3.16834375e-08,1.93482813e-01
-3.16434375e-08,1.93778125e-01
-3.16034375e-08,1.93645312e-01
-3.15634375e-08,1.93745313e-01
-3.15234375e-08,1.93659375e-01
-3.14834375e-08,1.93739063e-01
-3.14434375e-08,1.93659375e-01
-3.14034375e-08,1.93748438e-01
-3.13634375e-08,1.93628125e-01
-3.13234375e-08,1.93923438e-01
-3.12834375e-08,1.94140625e-01
-3.12434375e-08,1.94081250e-01
-3.12034375e-08,1.94109375e-01
-3.11634375e-08,1.94093750e-01
-3.11234375e-08,1.94104688e-01
-3.10834375e-08,1.94096875e-01
-3.10434375e-08,1.94103125e-01
-3.10034375e-08,1.94096875e-01
-3.09634375e-08,1.94103125e-01
-3.09234375e-08,1.94096875e-01
-3.08834375e-08,1.94104688e-01
-3.08434375e-08,1.94093750e-01
-3.08034375e-08,1.94107813e-01
-3.07634375e-08,1.94089063e-01
-3.07234375e-08,1.94115625e-01
-3.06834375e-08,1.94075000e-01
-3.06434375e-08,1.94150000e-01
-3.06034375e-08,1.93898438e-01
-3.05634375e-08,1.93639063e-01
-3.05234375e-08,1.93737500e-01
-3.04834375e-08,1.93670312e-01
-3.04434375e-08,1.93726563e-01
-3.04034375e-08,1.93675000e-01
-3.03634375e-08,1.93728125e-01
-3.03234375e-08,1.93664063e-01
-3.02834375e-08,1.93757813e-01
-3.02434375e-08,1.93490625e-01
-3.02034375e-08,1.93245313e-01
-3.01634375e-08,1.93332813e-01
-3.01234375e-08,1.93275000e-01
-3.00834375e-08,1.93323438e-01
-3.00434375e-08,1.93276562e-01
-3.00034375e-08,1.93328125e-01
-2.99634375e-08,1.93264063e-01
-2.99234375e-08,1.93360937e-01
-2.98834375e-08,1.93085937e-01
-2.98434375e-08,1.92853125e-01
-2.98034375e-08,1.92923438e-01
-2.97634375e-08,1.92887500e-01
-2.97234375e-08,1.92906250e-01
-2.96834375e-08,1.92898438e-01
-2.96434375e-08,1.92896875e-01
-2.96034375e-08,1.92909375e-01
-2.95634375e-08,1.92879688e-01
-2.95234375e-08,1.92945313e-01
-2.94834375e-08,1.92700000e-01
-2.94434375e-08,1.92437500e-01
-2.94034375e-08,1.92537500e-01
-2.93634375e-08,1.92471875e-01
-2.93234375e-08,1.92523438e-01
-2.92834375e-08,1.92479687e-01
-2.92434375e-08,1.92517188e-01
-2.92034375e-08,1.92484375e-01
-2.91634375e-08,1.92514062e-01
-2.91234375e-08,1.92485938e-01
-2.90834375e-08,1.92512500e-01
-2.90434375e-08,1.92487500e-01
-2.90034375e-08,1.92510938e-01
-2.89634375e-08,1.92489063e-01
-2.89234375e-08,1.92510938e-01
-2.88834375e-08,1.92489063e-01
-2.88434375e-08,1.92509375e-01
-2.88034375e-08,1.92490625e-01
-2.87634375e-08,1.92509375e-01
-2.87234375e-08,1.92490625e-01
-2.86834375e-08,1.92509375e-01
-2.86434375e-08,1.92490625e-01
-2.86034375e-08,1.92509375e-01
-2.85634375e-08,1.92490625e-01
-2.85234375e-08,1.92509375e-01
-2.84834375e-08,1.92489063e-01
-2.84434375e-08,1.92510938e-01
-2.84034375e-08,1.92489063e-01
-2.83634375e-08,1.92512500e-01
-2.83234375e-08,1.92485938e-01
-2.82834375e-08,1.92515625e-01
-2.82434375e-08,1.92481250e-01
-2.82034375e-08,1.92523438e-01
-2.81634375e-08,1.92467187e-01
-2.81234375e-08,1.92556250e-01
-2.80834375e-08,1.92290625e-01
-2.80434375e-08,1.92046875e-01
-2.80034375e-08,1.92129688e-01
-2.79634375e-08,1.92079688e-01
-2.79234375e-08,1.92115625e-01
-2.78834375e-08,1.92085937e-01
-2.78434375e-08,1.92112500e-01
-2.78034375e-08,1.92089063e-01
-2.77634375e-08,1.92110937e-01
-2.77234375e-08,1.92089063e-01
-2.76834375e-08,1.92110937e-01
-2.76434375e-08,1.92087500e-01
-2.76034375e-08,1.92114063e-01
-2.75634375e-08,1.92082813e-01
-2.75234375e-08,1.92121875e-01
-2.74834375e-08,1.92068750e-01
-2.74434375e-08,1.92156250e-01
-2.74034375e-08,1.91890625e-01
-2.73634375e-08,1.91646875e-01
-2.73234375e-08,1.91729687e-01
-2.72834375e-08,1.91679688e-01
-2.72434375e-08,1.91715625e-01
-2.72034375e-08,1.91687500e-01
-2.71634375e-08,1.91710938e-01
-2.71234375e-08,1.91690625e-01
-2.70834375e-08,1.91707813e-01
-2.70434375e-08,1.91692187e-01
-2.70034375e-08,1.91706250e-01
-2.69634375e-08,1.91693750e-01
-2.69234375e-08,1.91706250e-01
-2.68834375e-08,1.91695313e-01
-2.68434375e-08,1.91704687e-01
-2.68034375e-08,1.91695313e-01
-2.67634375e-08,1.91704687e-01
-2.67234375e-08,1.91695313e-01
-2.66834375e-08,1.91704687e-01
-2.66434375e-08,1.91696875e-01
-2.66034375e-08,1.91703125e-01
-2.65634375e-08,1.91696875e-01
-2.65234375e-08,1.91703125e-01
-2.64834375e-08,1.91696875e-01
-2.64434375e-08,1.91703125e-01
-2.64034375e-08,1.91696875e-01
-2.63634375e-08,1.91701563e-01
-2.63234375e-08,1.91698438e-01
-2.62834375e-08,1.91701563e-01
-2.62434375e-08,1.91698438e-01
-2.62034375e-08,1.91701563e-01
-2.61634375e-08,1.91700000e-01
-2.61234375e-08,1.91700000e-01
-2.60834375e-08,1.91700000e-01
-2.60434375e-08,1.91698438e-01
-2.60034375e-08,1.91701563e-01
-2.59634375e-08,1.91696875e-01
-2.59234375e-08,1.91704687e-01
-2.58834375e-08,1.91693750e-01
-2.58434375e-08,1.91709375e-01
-2.58034375e-08,1.91685938e-01
-2.57634375e-08,1.91723438e-01
-2.57234375e-08,1.91651563e-01
-2.56834375e-08,1.91901563e-01
-2.56434375e-08,1.92160938e-01
-2.56034375e-08,1.92062500e-01
-2.55634375e-08,1.92128125e-01
-2.55234375e-08,1.92076562e-01
-2.54834375e-08,1.92120313e-01
-2.54434375e-08,1.92081250e-01
-2.54034375e-08,1.92118750e-01
-2.53634375e-08,1.92082813e-01
-2.53234375e-08,1.92117188e-01
-2.52834375e-08,1.92082813e-01
-2.52434375e-08,1.92117188e-01
-2.52034375e-08,1.92081250e-01
-2.51634375e-08,1.92120313e-01
-2.51234375e-08,1.92078125e-01
-2.50834375e-08,1.92125000e-01
-2.50434375e-08,1.92070313e-01
-2.50034375e-08,1.92139063e-01
-2.49634375e-08,1.92035938e-01
-2.49234375e-08,1.92317188e-01
-2.48834375e-08,1.92545313e-01
-2.48434375e-08,1.92479687e-01
-2.48034375e-08,1.92510938e-01
-2.47634375e-08,1.92493750e-01
-2.47234375e-08,1.92503125e-01
-2.46834375e-08,1.92500000e-01
-2.46434375e-08,1.92498438e-01
-2.46034375e-08,1.92503125e-01
-2.45634375e-08,1.92493750e-01
-2.45234375e-08,1.92507813e-01
-2.44834375e-08,1.92489063e-01
-2.44434375e-08,1.92514062e-01
-2.44034375e-08,1.92481250e-01
-2.43634375e-08,1.92529688e-01
-2.43234375e-08,1.92445313e-01
-2.42834375e-08,1.92707813e-01
-2.42434375e-08,1.92954687e-01
-2.42034375e-08,1.92868750e-01
-2.41634375e-08,1.92920312e-01
-2.41234375e-08,1.92884375e-01
-2.40834375e-08,1.92912500e-01
-2.40434375e-08,1.92889063e-01
-2.40034375e-08,1.92909375e-01
-2.39634375e-08,1.92892188e-01
-2.39234375e-08,1.92906250e-01
-2.38834375e-08,1.92893750e-01
-2.38434375e-08,1.92904688e-01
-2.38034375e-08,1.92895312e-01
-2.37634375e-08,1.92904688e-01
-2.37234375e-08,1.92895312e-01
-2.36834375e-08,1.92903125e-01
-2.36434375e-08,1.92896875e-01
-2.36034375e-08,1.92903125e-01
-2.35634375e-08,1.92896875e-01
-2.35234375e-08,1.92901563e-01
-2.34834375e-08,1.92898438e-01
-2.34434375e-08,1.92901563e-01
-2.34034375e-08,1.92898438e-01
-2.33634375e-08,1.92901563e-01
-2.33234375e-08,1.92898438e-01
-2.32834375e-08,1.92900000e-01
-2.32434375e-08,1.92900000e-01
-2.32034375e-08,1.92900000e-01
-2.31634375e-08,1.92900000e-01
-2.31234375e-08,1.92900000e-01
-2.30834375e-08,1.92901563e-01
-2.30434375e-08,1.92898438e-01
-2.30034375e-08,1.92901563e-01
-2.29634375e-08,1.92896875e-01
-2.29234375e-08,1.92903125e-01
-2.28834375e-08,1.92895312e-01
-2.28434375e-08,1.92904688e-01
-2.28034375e-08,1.92893750e-01
-2.27634375e-08,1.92909375e-01
-2.27234375e-08,1.92887500e-01
-2.26834375e-08,1.92917188e-01
-2.26434375e-08,1.92873438e-01
-2.26034375e-08,1.92951563e-01
-2.25634375e-08,1.92695312e-01
-2.25234375e-08,1.92442188e-01
-2.24834375e-08,1.92534375e-01
-2.24434375e-08,1.92475000e-01
-2.24034375e-08,1.92518750e-01
-2.23634375e-08,1.92484375e-01
-2.23234375e-08,1.92514062e-01
-2.22834375e-08,1.92487500e-01
-2.22434375e-08,1.92512500e-01
-2.22034375e-08,1.92489063e-01
-2.21634375e-08,1.92510938e-01
-2.21234375e-08,1.92490625e-01
-2.20834375e-08,1.92509375e-01
-2.20434375e-08,1.92490625e-01
-2.20034375e-08,1.92507813e-01
-2.19634375e-08,1.92492188e-01
-2.19234375e-08,1.92507813e-01
-2.18834375e-08,1.92492188e-01
-2.18434375e-08,1.92507813e-01
-2.18034375e-08,1.92492188e-01
-2.17634375e-08,1.92507813e-01
-2.17234375e-08,1.92492188e-01
-2.16834375e-08,1.92507813e-01
-2.16434375e-08,1.92492188e-01
-2.16034375e-08,1.92507813e-01
-2.15634375e-08,1.92492188e-01
-2.15234375e-08,1.92507813e-01
-2.14834375e-08,1.92492188e-01
-2.14434375e-08,1.92507813e-01
-2.14034375e-08,1.92492188e-01
-2.13634375e-08,1.92507813e-01
-2.13234375e-08,1.92492188e-01
-2.12834375e-08,1.92507813e-01
-2.12434375e-08,1.92492188e-01
-2.12034375e-08,1.92507813e-01
-2.11634375e-08,1.92492188e-01
-2.11234375e-08,1.92507813e-01
-2.10834375e-08,1.92492188e-01
-2.10434375e-08,1.92507813e-01
-2.10034375e-08,1.92492188e-01
-2.09634375e-08,1.92509375e-01
-2.09234375e-08,1.92490625e-01
-2.08834375e-08,1.92509375e-01
-2.08434375e-08,1.92490625e-01
-2.08034375e-08,1.92509375e-01
-2.07634375e-08,1.92489063e-01
-2.07234375e-08,1.92510938e-01
-2.06834375e-08,1.92489063e-01
-2.06434375e-08,1.92512500e-01
-2.06034375e-08,1.92485938e-01
-2.05634375e-08,1.92515625e-01
-2.05234375e-08,1.92482813e-01
-2.04834375e-08,1.92520313e-01
-2.04434375e-08,1.92475000e-01
-2.04034375e-08,1.92534375e-01
-2.03634375e-08,1.92440625e-01
-2.03234375e-08,1.92712500e-01
-2.02834375e-08,1.92948438e-01
-2.02434375e-08,1.92875000e-01
-2.02034375e-08,1.92915625e-01
-2.01634375e-08,1.92889063e-01
-2.01234375e-08,1.92907812e-01
-2.00834375e-08,1.92893750e-01
-2.00434375e-08,1.92904688e-01
-2.00034375e-08,1.92896875e-01
-1.99634375e-08,1.92903125e-01
-1.99234375e-08,1.92898438e-01
-1.98834375e-08,1.92901563e-01
-1.98434375e-08,1.92898438e-01
-1.98034375e-08,1.92901563e-01
-1.97634375e-08,1.92898438e-01
-1.97234375e-08,1.92903125e-01
-1.96834375e-08,1.92896875e-01
-1.96434375e-08,1.92904688e-01
-1.96034375e-08,1.92892188e-01
-1.95634375e-08,1.92910938e-01
-1.95234375e-08,1.92879688e-01
-1.94834375e-08,1.92945313e-01
-1.94434375e-08,1.92703125e-01
-1.94034375e-08,1.92432812e-01
-1.93634375e-08,1.92543750e-01
-1.93234375e-08,1.92464063e-01
-1.92834375e-08,1.92532813e-01
-1.92434375e-08,1.92468750e-01
-1.92034375e-08,1.92532813e-01
-1.91634375e-08,1.92465625e-01
-1.91234375e-08,1.92539062e-01
-1.90834375e-08,1.92451563e-01
-1.90434375e-08,1.92573437e-01
-1.90034375e-08,1.92271875e-01
-1.89634375e-08,1.92067188e-01
-1.89234375e-08,1.92107813e-01
-1.88834375e-08,1.92103125e-01
-1.88434375e-08,1.92087500e-01
-1.88034375e-08,1.92120313e-01
-1.87634375e-08,1.92067188e-01
-1.87234375e-08,1.92159375e-01
-1.86834375e-08,1.91885937e-01
-1.86434375e-08,1.91654688e-01
-1.86034375e-08,1.91720313e-01
-1.85634375e-08,1.91692187e-01
-1.85234375e-08,1.91698438e-01
-1.84834375e-08,1.91709375e-01
-1.84434375e-08,1.91678125e-01
-1.84034375e-08,1.91748438e-01
-1.83634375e-08,1.91496875e-01
-1.83234375e-08,1.91242187e-01
-1.82834375e-08,1.91332813e-01
-1.82434375e-08,1.91276562e-01
-1.82034375e-08,1.91317188e-01
-1.81634375e-08,1.91285938e-01
-1.81234375e-08,1.91310938e-01
-1.80834375e-08,1.91292188e-01
-1.80434375e-08,1.91306250e-01
-1.80034375e-08,1.91295313e-01
-1.79634375e-08,1.91304688e-01
-1.79234375e-08,1.91296875e-01
-1.78834375e-08,1.91301563e-01
-1.78434375e-08,1.91300000e-01
-1.78034375e-08,1.91298438e-01
-1.77634375e-08,1.91301563e-01
-1.77234375e-08,1.91296875e-01
-1.76834375e-08,1.91304688e-01
-1.76434375e-08,1.91293750e-01
-1.76034375e-08,1.91307813e-01
-1.75634375e-08,1.91289062e-01
-1.75234375e-08,1.91315625e-01
-1.74834375e-08,1.91279688e-01
-1.74434375e-08,1.91331250e-01
-1.74034375e-08,1.91243750e-01
-1.73634375e-08,1.91510938e-01
-1.73234375e-08,1.91750000e-01
-1.72834375e-08,1.91675000e-01
-1.72434375e-08,1.91714063e-01
-1.72034375e-08,1.91692187e-01
-1.71634375e-08,1.91703125e-01
-1.71234375e-08,1.91703125e-01
-1.70834375e-08,1.91690625e-01
-1.70434375e-08,1.91720313e-01
-1.70034375e-08,1.91653125e-01
-1.69634375e-08,1.91901563e-01
-1.69234375e-08,1.92159375e-01
-1.68834375e-08,1.92065625e-01
-1.68434375e-08,1.92123437e-01
-1.68034375e-08,1.92082813e-01
-1.67634375e-08,1.92110937e-01
-1.67234375e-08,1.92093750e-01
-1.66834375e-08,1.92100000e-01
-1.66434375e-08,1.92110937e-01
-1.66034375e-08,1.92062500e-01
-1.65634375e-08,1.92290625e-01
-1.65234375e-08,1.92570313e-01
-1.64834375e-08,1.92453125e-01
-1.64434375e-08,1.92537500e-01
-1.64034375e-08,1.92467187e-01
-1.63634375e-08,1.92529688e-01
-1.63234375e-08,1.92471875e-01
-1.62834375e-08,1.92526562e-01
-1.62434375e-08,1.92473438e-01
-1.62034375e-08,1.92526562e-01
-1.61634375e-08,1.92471875e-01
-1.61234375e-08,1.92531250e-01
-1.60834375e-08,1.92464063e-01
-1.60434375e-08,1.92543750e-01
-1.60034375e-08,1.92431250e-01
-1.59634375e-08,1.92721875e-01
-1.59234375e-08,1.92940625e-01
-1.58834375e-08,1.92882813e-01
-1.58434375e-08,1.92907812e-01
-1.58034375e-08,1.92896875e-01
-1.57634375e-08,1.92900000e-01
-1.57234375e-08,1.92903125e-01
-1.56834375e-08,1.92895312e-01
-1.56434375e-08,1.92906250e-01
-1.56034375e-08,1.92892188e-01
-1.55634375e-08,1.92910938e-01
-1.55234375e-08,1.92887500e-01
-1.54834375e-08,1.92915625e-01
-1.54434375e-08,1.92878125e-01
-1.54034375e-08,1.92931250e-01
-1.53634375e-08,1.92843750e-01
-1.53234375e-08,1.93109375e-01
-1.52834375e-08,1.93353125e-01
-1.52434375e-08,1.93270313e-01
-1.52034375e-08,1.93320313e-01
-1.51634375e-08,1.93284375e-01
-1.51234375e-08,1.93312500e-01
-1.50834375e-08,1.93289062e-01
-1.50434375e-08,1.93309375e-01
-1.50034375e-08,1.93292188e-01
-1.49634375e-08,1.93306250e-01
-1.49234375e-08,1.93293750e-01
-1.48834375e-08,1.93306250e-01
-1.48434375e-08,1.93293750e-01
-1.48034375e-08,1.93306250e-01
-1.47634375e-08,1.93293750e-01
-1.47234375e-08,1.93306250e-01
-1.46834375e-08,1.93293750e-01
-1.46434375e-08,1.93307813e-01
-1.46034375e-08,1.93290625e-01
-1.45634375e-08,1.93310938e-01
-1.45234375e-08,1.93285938e-01
-1.44834375e-08,1.93323438e-01
-1.44434375e-08,1.93254688e-01
-1.44034375e-08,1.93495313e-01
-1.43634375e-08,1.93771875e-01
-1.43234375e-08,1.93642188e-01
-1.42834375e-08,1.93773438e-01
-1.42434375e-08,1.93478125e-01
-1.42034375e-08,1.93256250e-01
-1.41634375e-08,1.93321875e-01
-1.41234375e-08,1.93285938e-01
-1.40834375e-08,1.93310938e-01
-1.40434375e-08,1.93290625e-01
-1.40034375e-08,1.93307813e-01
-1.39634375e-08,1.93292188e-01
-1.39234375e-08,1.93306250e-01
-1.38834375e-08,1.93293750e-01
-1.38434375e-08,1.93307813e-01
-1.38034375e-08,1.93292188e-01
-1.37634375e-08,1.93307813e-01
-1.37234375e-08,1.93290625e-01
-1.36834375e-08,1.93310938e-01
-1.36434375e-08,1.93285938e-01
-1.36034375e-08,1.93318750e-01
-1.35634375e-08,1.93271875e-01
-1.35234375e-08,1.93351563e-01
-1.34834375e-08,1.93095313e-01
-1.34434375e-08,1.92842188e-01
-1.34034375e-08,1.92934375e-01
-1.33634375e-08,1.92873438e-01
-1.33234375e-08,1.92923438e-01
-1.32834375e-08,1.92878125e-01
-1.32434375e-08,1.92921875e-01
-1.32034375e-08,1.92876563e-01
-1.31634375e-08,1.92926563e-01
-1.31234375e-08,1.92864063e-01
-1.30834375e-08,1.92959375e-01
-1.30434375e-08,1.92687500e-01
-1.30034375e-08,1.92450000e-01
-1.29634375e-08,1.92526562e-01
-1.29234375e-08,1.92481250e-01
-1.28834375e-08,1.92514062e-01
-1.28434375e-08,1.92489063e-01
-1.28034375e-08,1.92509375e-01
-1.27634375e-08,1.92492188e-01
-1.27234375e-08,1.92506250e-01
-1.26834375e-08,1.92493750e-01
-1.26434375e-08,1.92504687e-01
-1.26034375e-08,1.92495313e-01
-1.25634375e-08,1.92504687e-01
-1.25234375e-08,1.92495313e-01
-1.24834375e-08,1.92503125e-01
-1.24434375e-08,1.92496875e-01
-1.24034375e-08,1.92503125e-01
-1.23634375e-08,1.92498438e-01
-1.23234375e-08,1.92501563e-01
-1.22834375e-08,1.92498438e-01
-1.22434375e-08,1.92500000e-01
-1.22034375e-08,1.92501563e-01
-1.21634375e-08,1.92496875e-01
-1.21234375e-08,1.92504687e-01
-1.20834375e-08,1.92490625e-01
-1.20434375e-08,1.92518750e-01
-1.20034375e-08,1.92457812e-01
-1.19634375e-08,1.92695312e-01
-1.19234375e-08,1.92968750e-01
-1.18834375e-08,1.92854688e-01
-1.18434375e-08,1.92937500e-01
-1.18034375e-08,1.92864063e-01
-1.17634375e-08,1.92935938e-01
-1.17234375e-08,1.92860937e-01
-1.16834375e-08,1.92948438e-01
-1.16434375e-08,1.92826563e-01
-1.16034375e-08,1.93126563e-01
-1.15634375e-08,1.93335937e-01
-1.15234375e-08,1.93289062e-01
-1.14834375e-08,1.93300000e-01
-1.14434375e-08,1.93307813e-01
-1.14034375e-08,1.93284375e-01
-1.13634375e-08,1.93328125e-01
-1.13234375e-08,1.93246875e-01
-1.12834375e-08,1.93507813e-01
-1.12434375e-08,1.93753125e-01
-1.12034375e-08,1.93670312e-01
-1.11634375e-08,1.93720313e-01
-1.11234375e-08,1.93685938e-01
-1.10834375e-08,1.93710938e-01
-1.10434375e-08,1.93692188e-01
-1.10034375e-08,1.93706250e-01
-1.09634375e-08,1.93695312e-01
-1.09234375e-08,1.93704688e-01
-1.08834375e-08,1.93696875e-01
-1.08434375e-08,1.93701563e-01
-1.08034375e-08,1.93698438e-01
-1.07634375e-08,1.93701563e-01
-1.07234375e-08,1.93700000e-01
-1.06834375e-08,1.93700000e-01
-1.06434375e-08,1.93701563e-01
-1.06034375e-08,1.93698438e-01
-1.05634375e-08,1.93701563e-01
-1.05234375e-08,1.93696875e-01
-1.04834375e-08,1.93703125e-01
-1.04434375e-08,1.93696875e-01
-1.04034375e-08,1.93704688e-01
-1.03634375e-08,1.93695312e-01
-1.03234375e-08,1.93704688e-01
-1.02834375e-08,1.93693750e-01
-1.02434375e-08,1.93706250e-01
-1.02034375e-08,1.93692188e-01
-1.01634375e-08,1.93709375e-01
-1.01234375e-08,1.93690625e-01
-1.00834375e-08,1.93710938e-01
-1.00434375e-08,1.93687500e-01
-1.00034375e-08,1.93715625e-01
-9.96343750e-09,1.93681250e-01
-9.92343750e-09,1.93725000e-01
-9.88343750e-09,1.93665625e-01
-9.84343750e-09,1.93759375e-01
-9.80343750e-09,1.93485938e-01
-9.76343750e-09,1.93251563e-01
-9.72343750e-09,1.93323438e-01
-9.68343750e-09,1.93287500e-01
-9.64343750e-09,1.93306250e-01
-9.60343750e-09,1.93296875e-01
-9.56343750e-09,1.93298438e-01
-9.52343750e-09,1.93304688e-01
-9.48343750e-09,1.93290625e-01
-9.44343750e-09,1.93315625e-01
-9.40343750e-09,1.93273438e-01
-9.36343750e-09,1.93351563e-01
-9.32343750e-09,1.93093750e-01
-9.28343750e-09,1.92843750e-01
-9.24343750e-09,1.92931250e-01
-9.20343750e-09,1.92879688e-01
-9.16343750e-09,1.92915625e-01
-9.12343750e-09,1.92889063e-01
-9.08343750e-09,1.92907812e-01
-9.04343750e-09,1.92893750e-01
-9.00343750e-09,1.92903125e-01
-8.96343750e-09,1.92898438e-01
-8.92343750e-09,1.92898438e-01
-8.88343750e-09,1.92904688e-01
-8.84343750e-09,1.92892188e-01
-8.80343750e-09,1.92914063e-01
-8.76343750e-09,1.92876563e-01
-8.72343750e-09,1.92950000e-01
-8.68343750e-09,1.92696875e-01
-8.64343750e-09,1.92442188e-01
-8.60343750e-09,1.92534375e-01
-8.56343750e-09,1.92476563e-01
-8.52343750e-09,1.92518750e-01
-8.48343750e-09,1.92485938e-01
-8.44343750e-09,1.92510938e-01
-8.40343750e-09,1.92490625e-01
-8.36343750e-09,1.92506250e-01
-8.32343750e-09,1.92495313e-01
-8.28343750e-09,1.92501563e-01
-8.24343750e-09,1.92503125e-01
-8.20343750e-09,1.92492188e-01
-8.16343750e-09,1.92518750e-01
-8.12343750e-09,1.92456250e-01
-8.08343750e-09,1.92696875e-01
-8.04343750e-09,1.92965625e-01
-8.00343750e-09,1.92859375e-01
-7.96343750e-09,1.92931250e-01
-7.92343750e-09,1.92873438e-01
-7.88343750e-09,1.92923438e-01
-7.84343750e-09,1.92879688e-01
-7.80343750e-09,1.92918750e-01
-7.76343750e-09,1.92882813e-01
-7.72343750e-09,1.92917188e-01
-7.68343750e-09,1.92884375e-01
-7.64343750e-09,1.92915625e-01
-7.60343750e-09,1.92885937e-01
-7.56343750e-09,1.92914063e-01
-7.52343750e-09,1.92885937e-01
-7.48343750e-09,1.92914063e-01
-7.44343750e-09,1.92885937e-01
-7.40343750e-09,1.92912500e-01
-7.36343750e-09,1.92887500e-01
-7.32343750e-09,1.92912500e-01
-7.28343750e-09,1.92887500e-01
-7.24343750e-09,1.92912500e-01
-7.20343750e-09,1.92887500e-01
-7.16343750e-09,1.92912500e-01
-7.12343750e-09,1.92887500e-01
-7.08343750e-09,1.92912500e-01
-7.04343750e-09,1.92887500e-01
-7.00343750e-09,1.92912500e-01
-6.96343750e-09,1.92885937e-01
-6.92343750e-09,1.92914063e-01
-6.88343750e-09,1.92885937e-01
-6.84343750e-09,1.92914063e-01
-6.80343750e-09,1.92884375e-01
-6.76343750e-09,1.92915625e-01
-6.72343750e-09,1.92882813e-01
-6.68343750e-09,1.92917188e-01
-6.64343750e-09,1.92881250e-01
-6.60343750e-09,1.92921875e-01
-6.56343750e-09,1.92875000e-01
-6.52343750e-09,1.92929688e-01
-6.48343750e-09,1.92859375e-01
-6.44343750e-09,1.92965625e-01
-6.40343750e-09,1.92681250e-01
-6.36343750e-09,1.92456250e-01
-6.32343750e-09,1.92518750e-01
-6.28343750e-09,1.92490625e-01
-6.24343750e-09,1.92503125e-01
-6.20343750e-09,1.92501563e-01
-6.16343750e-09,1.92495313e-01
-6.12343750e-09,1.92507813e-01
-6.08343750e-09,1.92487500e-01
-6.04343750e-09,1.92517188e-01
-6.00343750e-09,1.92471875e-01
-5.96343750e-09,1.92553125e-01
-5.92343750e-09,1.92292188e-01
-5.88343750e-09,1.92045313e-01
-5.84343750e-09,1.92131250e-01
-5.80343750e-09,1.92079688e-01
-5.76343750e-09,1.92115625e-01
-5.72343750e-09,1.92087500e-01
-5.68343750e-09,1.92110937e-01
-5.64343750e-09,1.92092188e-01
-5.60343750e-09,1.92107813e-01
-5.56343750e-09,1.92093750e-01
-5.52343750e-09,1.92104688e-01
-5.48343750e-09,1.92095313e-01
-5.44343750e-09,1.92104688e-01
-5.40343750e-09,1.92096875e-01
-5.36343750e-09,1.92103125e-01
-5.32343750e-09,1.92096875e-01
-5.28343750e-09,1.92101563e-01
-5.24343750e-09,1.92098437e-01
-5.20343750e-09,1.92101563e-01
-5.16343750e-09,1.92100000e-01
-5.12343750e-09,1.92100000e-01
-5.08343750e-09,1.92100000e-01
-5.04343750e-09,1.92098437e-01
-5.00343750e-09,1.92101563e-01
-4.96343750e-09,1.92096875e-01
-4.92343750e-09,1.92104688e-01
-4.88343750e-09,1.92093750e-01
-4.84343750e-09,1.92109375e-01
-4.80343750e-09,1.92085937e-01
-4.76343750e-09,1.92123437e-01
-4.72343750e-09,1.92051562e-01
-4.68343750e-09,1.92301563e-01
-4.64343750e-09,1.92560938e-01
-4.60343750e-09,1.92462500e-01
-4.56343750e-09,1.92528125e-01
-4.52343750e-09,1.92476563e-01
-4.48343750e-09,1.92521875e-01
-4.44343750e-09,1.92479687e-01
-4.40343750e-09,1.92518750e-01
-4.36343750e-09,1.92481250e-01
-4.32343750e-09,1.92518750e-01
-4.28343750e-09,1.92479687e-01
-4.24343750e-09,1.92520313e-01
-4.20343750e-09,1.92478125e-01
-4.16343750e-09,1.92525000e-01
-4.12343750e-09,1.92471875e-01
-4.08343750e-09,1.92532813e-01
-4.04343750e-09,1.92459375e-01
-4.00343750e-09,1.92554688e-01
-3.96343750e-09,1.92410938e-01
-3.92343750e-09,1.92767187e-01
-3.88343750e-09,1.92742187e-01
-3.84343750e-09,1.92418750e-01
-3.80343750e-09,1.92548438e-01
-3.76343750e-09,1.92465625e-01
-3.72343750e-09,1.92526562e-01
-3.68343750e-09,1.92479687e-01
-3.64343750e-09,1.92517188e-01
-3.60343750e-09,1.92484375e-01
-3.56343750e-09,1.92512500e-01
-3.52343750e-09,1.92489063e-01
-3.48343750e-09,1.92510938e-01
-3.44343750e-09,1.92490625e-01
-3.40343750e-09,1.92507813e-01
-3.36343750e-09,1.92492188e-01
-3.32343750e-09,1.92507813e-01
-3.28343750e-09,1.92493750e-01
-3.24343750e-09,1.92506250e-01
-3.20343750e-09,1.92493750e-01
-3.16343750e-09,1.92504687e-01
-3.12343750e-09,1.92495313e-01
-3.08343750e-09,1.92504687e-01
-3.04343750e-09,1.92495313e-01
-3.00343750e-09,1.92504687e-01
-2.96343750e-09,1.92496875e-01
-2.92343750e-09,1.92503125e-01
-2.88343750e-09,1.92496875e-01
-2.84343750e-09,1.92503125e-01
-2.80343750e-09,1.92496875e-01
-2.76343750e-09,1.92503125e-01
-2.72343750e-09,1.92496875e-01
-2.68343750e-09,1.92501563e-01
-2.64343750e-09,1.92498438e-01
-2.60343750e-09,1.92501563e-01
-2.56343750e-09,1.92498438e-01
-2.52343750e-09,1.92501563e-01
-2.48343750e-09,1.92500000e-01
-2.44343750e-09,1.92500000e-01
-2.40343750e-09,1.92500000e-01
-2.36343750e-09,1.92498438e-01
-2.32343750e-09,1.92501563e-01
-2.28343750e-09,1.92496875e-01
-2.24343750e-09,1.92504687e-01
-2.20343750e-09,1.92493750e-01
-2.16343750e-09,1.92509375e-01
-2.12343750e-09,1.92485938e-01
-2.08343750e-09,1.92523438e-01
-2.04343750e-09,1.92451563e-01
-2.00343750e-09,1.92700000e-01
-1.96343750e-09,1.92962500e-01
-1.92343750e-09,1.92860937e-01
-1.88343750e-09,1.92929688e-01
-1.84343750e-09,1.92873438e-01
-1.80343750e-09,1.92925000e-01
-1.76343750e-09,1.92875000e-01
-1.72343750e-09,1.92926563e-01
-1.68343750e-09,1.92870313e-01
-1.64343750e-09,1.92937500e-01
-1.60343750e-09,1.92837500e-01
-1.56343750e-09,1.93114063e-01
-1.52343750e-09,1.93350000e-01
-1.48343750e-09,1.93273438e-01
-1.44343750e-09,1.93318750e-01
-1.40343750e-09,1.93284375e-01
-1.36343750e-09,1.93315625e-01
-1.32343750e-09,1.93281250e-01
-1.28343750e-09,1.93326563e-01
-1.24343750e-09,1.93250000e-01
-1.20343750e-09,1.93501563e-01
-1.16343750e-09,1.93762500e-01
-1.12343750e-09,1.93659375e-01
-1.08343750e-09,1.93732813e-01
-1.04343750e-09,1.93670312e-01
-1.00343750e-09,1.93731250e-01
-9.63437500e-10,1.93665625e-01
-9.23437500e-10,1.93742187e-01
-8.83437500e-10,1.93632813e-01
-8.43437500e-10,1.93920312e-01
-8.03437500e-10,1.94142188e-01
-7.63437500e-10,1.94082813e-01
-7.23437500e-10,1.94106250e-01
-6.83437500e-10,1.94100000e-01
-6.43437500e-10,1.94092188e-01
-6.03437500e-10,1.94118750e-01
-5.63437500e-10,1.94056250e-01
-5.23437500e-10,1.94296875e-01
-4.83437500e-10,1.94567188e-01
-4.43437500e-10,1.94456250e-01
-4.03437500e-10,1.94537500e-01
-3.63437500e-10,1.94462500e-01
-3.23437500e-10,1.94545313e-01
-2.83437500e-10,1.94431250e-01
-2.43437500e-10,1.94720312e-01
-2.03437500e-10,1.94942188e-01
-1.63437500e-10,1.94882813e-01
-1.23437500e-10,1.94903125e-01
-8.34375000e-11,1.94909375e-01
-4.34375000e-11,1.94864063e-01
-3.43750000e-12,1.95089063e-01
3.65625000e-11,1.95375000e-01
7.65625000e-11,1.95246875e-01
1.16562500e-10,1.95346875e-01
1.56562500e-10,1.95253125e-01
1.96562500e-10,1.95354688e-01
2.36562500e-10,1.95221875e-01
2.76562500e-10,1.95531250e-01
3.16562500e-10,1.95729687e-01
3.56562500e-10,1.95696875e-01
3.96562500e-10,1.95689063e-01
4.36562500e-10,1.95725000e-01
4.76562500e-10,1.95646875e-01
5.16562500e-10,1.95907813e-01
5.56562500e-10,1.96153125e-01
5.96562500e-10,1.96073438e-01
6.36562500e-10,1.96114063e-01
6.76562500e-10,1.96093750e-01
7.16562500e-10,1.96098438e-01
7.56562500e-10,1.96114063e-01
7.96562500e-10,1.96060938e-01
8.36562500e-10,1.96293750e-01
8.76562500e-10,1.96568750e-01
9.16562500e-10,1.96454688e-01
9.56562500e-10,1.96535938e-01
9.96562500e-10,1.96468750e-01
1.03656250e-09,1.96529687e-01
1.07656250e-09,1.96471875e-01
1.11656250e-09,1.96529687e-01
1.15656250e-09,1.96465625e-01
1.19656250e-09,1.96542188e-01
1.23656250e-09,1.96434375e-01
1.27656250e-09,1.96718750e-01
1.31656250e-09,1.96943750e-01
1.35656250e-09,1.96879688e-01
1.39656250e-09,1.96912500e-01
1.43656250e-09,1.96892188e-01
1.47656250e-09,1.96904688e-01
1.51656250e-09,1.96896875e-01
1.55656250e-09,1.96901563e-01
1.59656250e-09,1.96900000e-01
1.63656250e-09,1.96900000e-01
1.67656250e-09,1.96900000e-01
1.71656250e-09,1.96898438e-01
1.75656250e-09,1.96901563e-01
1.79656250e-09,1.96898438e-01
1.83656250e-09,1.96901563e-01
1.87656250e-09,1.96896875e-01
1.91656250e-09,1.96903125e-01
1.95656250e-09,1.96896875e-01
1.99656250e-09,1.96903125e-01
2.03656250e-09,1.96895313e-01
2.07656250e-09,1.96904688e-01
2.11656250e-09,1.96895313e-01
2.15656250e-09,1.96906250e-01
2.19656250e-09,1.96893750e-01
2.23656250e-09,1.96907813e-01
2.27656250e-09,1.96890625e-01
2.31656250e-09,1.96910937e-01
2.35656250e-09,1.96885937e-01
2.39656250e-09,1.96918750e-01
2.43656250e-09,1.96871875e-01
2.47656250e-09,1.96953125e-01
2.51656250e-09,1.96693750e-01
2.55656250e-09,1.96443750e-01
2.59656250e-09,1.96532813e-01
2.63656250e-09,1.96476563e-01
2.67656250e-09,1.96518750e-01
2.71656250e-09,1.96484375e-01
2.75656250e-09,1.96514063e-01
2.79656250e-09,1.96487500e-01
2.83656250e-09,1.96512500e-01
2.87656250e-09,1.96487500e-01
2.91656250e-09,1.96512500e-01
2.95656250e-09,1.96485938e-01
2.99656250e-09,1.96515625e-01
3.03656250e-09,1.96482812e-01
3.07656250e-09,1.96521875e-01
3.11656250e-09,1.96468750e-01
3.15656250e-09,1.96556250e-01
3.19656250e-09,1.96292187e-01
3.23656250e-09,1.96045313e-01
3.27656250e-09,1.96131250e-01
3.31656250e-09,1.96078125e-01
3.35656250e-09,1.96118750e-01
3.39656250e-09,1.96084375e-01
3.43656250e-09,1.96114063e-01
3.47656250e-09,1.96085938e-01
3.51656250e-09,1.96114063e-01
3.55656250e-09,1.96085938e-01
3.59656250e-09,1.96115625e-01
3.63656250e-09,1.96081250e-01
3.67656250e-09,1.96123437e-01
3.71656250e-09,1.96067188e-01
3.75656250e-09,1.96157813e-01
3.79656250e-09,1.95890625e-01
3.83656250e-09,1.95646875e-01
3.87656250e-09,1.95728125e-01
3.91656250e-09,1.95681250e-01
3.95656250e-09,1.95714063e-01
3.99656250e-09,1.95687500e-01
4.03656250e-09,1.95709375e-01
4.07656250e-09,1.95692188e-01
4.11656250e-09,1.95707813e-01
4.15656250e-09,1.95693750e-01
4.19656250e-09,1.95706250e-01
4.23656250e-09,1.95693750e-01
4.27656250e-09,1.95704688e-01
4.31656250e-09,1.95695312e-01
4.35656250e-09,1.95704688e-01
4.39656250e-09,1.95695312e-01
4.43656250e-09,1.95704688e-01
4.47656250e-09,1.95695312e-01
4.51656250e-09,1.95704688e-01
4.55656250e-09,1.95695312e-01
4.59656250e-09,1.95704688e-01
4.63656250e-09,1.95695312e-01
4.67656250e-09,1.95704688e-01
4.71656250e-09,1.95695312e-01
4.75656250e-09,1.95704688e-01
4.79656250e-09,1.95695312e-01
4.83656250e-09,1.95704688e-01
4.87656250e-09,1.95695312e-01
4.91656250e-09,1.95704688e-01
4.95656250e-09,1.95693750e-01
4.99656250e-09,1.95706250e-01
5.03656250e-09,1.95693750e-01
5.07656250e-09,1.95707813e-01
5.11656250e-09,1.95690625e-01
5.15656250e-09,1.95710938e-01
5.19656250e-09,1.95685938e-01
5.23656250e-09,1.95718750e-01
5.27656250e-09,1.95671875e-01
5.31656250e-09,1.95751563e-01
5.35656250e-09,1.95495313e-01
5.39656250e-09,1.95242187e-01
5.43656250e-09,1.95334375e-01
5.47656250e-09,1.95273438e-01
5.51656250e-09,1.95321875e-01
5.55656250e-09,1.95279688e-01
5.59656250e-09,1.95320313e-01
5.63656250e-09,1.95278125e-01
5.67656250e-09,1.95325000e-01
5.71656250e-09,1.95265625e-01
5.75656250e-09,1.95357813e-01
5.79656250e-09,1.95090625e-01
5.83656250e-09,1.94846875e-01
5.87656250e-09,1.94931250e-01
5.91656250e-09,1.94876563e-01
5.95656250e-09,1.94920312e-01
5.99656250e-09,1.94879688e-01
6.03656250e-09,1.94921875e-01
6.07656250e-09,1.94870313e-01
6.11656250e-09,1.94953125e-01
6.15656250e-09,1.94695312e-01
6.19656250e-09,1.94440625e-01
6.23656250e-09,1.94535938e-01
6.27656250e-09,1.94470313e-01
6.31656250e-09,1.94526562e-01
6.35656250e-09,1.94473438e-01
6.39656250e-09,1.94531250e-01
6.43656250e-09,1.94460938e-01
6.47656250e-09,1.94564062e-01
6.51656250e-09,1.94282813e-01
6.55656250e-09,1.94054688e-01
6.59656250e-09,1.94121875e-01
6.63656250e-09,1.94089063e-01
6.67656250e-09,1.94106250e-01
6.71656250e-09,1.94098437e-01
6.75656250e-09,1.94096875e-01
6.79656250e-09,1.94109375e-01
6.83656250e-09,1.94079688e-01
6.87656250e-09,1.94145313e-01
6.91656250e-09,1.93901563e-01
6.95656250e-09,1.93635938e-01
6.99656250e-09,1.93740625e-01
7.03656250e-09,1.93668750e-01
7.07656250e-09,1.93726563e-01
7.11656250e-09,1.93675000e-01
7.15656250e-09,1.93725000e-01
7.19656250e-09,1.93673438e-01
7.23656250e-09,1.93729687e-01
7.27656250e-09,1.93662500e-01
7.31656250e-09,1.93762500e-01
7.35656250e-09,1.93485938e-01
7.39656250e-09,1.93251563e-01
7.43656250e-09,1.93326563e-01
7.47656250e-09,1.93281250e-01
7.51656250e-09,1.93314062e-01
7.55656250e-09,1.93287500e-01
7.59656250e-09,1.93312500e-01
7.63656250e-09,1.93285938e-01
7.67656250e-09,1.93318750e-01
7.71656250e-09,1.93271875e-01
7.75656250e-09,1.93351563e-01
7.79656250e-09,1.93096875e-01
7.83656250e-09,1.92840625e-01
7.87656250e-09,1.92935938e-01
7.91656250e-09,1.92871875e-01
7.95656250e-09,1.92923438e-01
7.99656250e-09,1.92878125e-01
8.03656250e-09,1.92920312e-01
8.07656250e-09,1.92879688e-01
8.11656250e-09,1.92921875e-01
8.15656250e-09,1.92875000e-01
8.19656250e-09,1.92928125e-01
8.23656250e-09,1.92862500e-01
8.27656250e-09,1.92962500e-01
8.31656250e-09,1.92684375e-01
8.35656250e-09,1.92453125e-01
8.39656250e-09,1.92523438e-01
8.43656250e-09,1.92485938e-01
8.47656250e-09,1.92509375e-01
8.51656250e-09,1.92493750e-01
8.55656250e-09,1.92504687e-01
8.59656250e-09,1.92496875e-01
8.63656250e-09,1.92501563e-01
8.67656250e-09,1.92498438e-01
8.71656250e-09,1.92500000e-01
8.75656250e-09,1.92500000e-01
8.79656250e-09,1.92498438e-01
8.83656250e-09,1.92501563e-01
8.87656250e-09,1.92498438e-01
8.91656250e-09,1.92501563e-01
8.95656250e-09,1.92496875e-01
8.99656250e-09,1.92503125e-01
9.03656250e-09,1.92496875e-01
9.07656250e-09,1.92504687e-01
9.11656250e-09,1.92495313e-01
9.15656250e-09,1.92506250e-01
9.19656250e-09,1.92493750e-01
9.23656250e-09,1.92507813e-01
9.27656250e-09,1.92492188e-01
9.31656250e-09,1.92509375e-01
9.35656250e-09,1.92487500e-01
9.39656250e-09,1.92515625e-01
9.43656250e-09,1.92479687e-01
9.47656250e-09,1.92529688e-01
9.51656250e-09,1.92445313e-01
9.55656250e-09,1.92707813e-01
9.59656250e-09,1.92954687e-01
9.63656250e-09,1.92870313e-01
9.67656250e-09,1.92920312e-01
9.71656250e-09,1.92884375e-01
9.75656250e-09,1.92912500e-01
9.79656250e-09,1.92889063e-01
9.83656250e-09,1.92909375e-01
9.87656250e-09,1.92892188e-01
9.91656250e-09,1.92906250e-01
9.95656250e-09,1.92893750e-01
9.99656250e-09,1.92906250e-01
1.00365625e-08,1.92895312e-01
1.00765625e-08,1.92904688e-01
1.01165625e-08,1.92895312e-01
1.01565625e-08,1.92904688e-01
1.01965625e-08,1.92896875e-01
1.02365625e-08,1.92903125e-01
1.02765625e-08,1.92896875e-01
1.03165625e-08,1.92903125e-01
1.03565625e-08,1.92896875e-01
1.03965625e-08,1.92903125e-01
1.04365625e-08,1.92896875e-01
1.04765625e-08,1.92903125e-01
1.05165625e-08,1.92896875e-01
1.05565625e-08,1.92901563e-01
1.05965625e-08,1.92898438e-01
1.06365625e-08,1.92901563e-01
1.06765625e-08,1.92898438e-01
1.07165625e-08,1.92901563e-01
1.07565625e-08,1.92898438e-01
1.07965625e-08,1.92901563e-01
1.08365625e-08,1.92898438e-01
1.08765625e-08,1.92901563e-01
1.09165625e-08,1.92898438e-01
1.09565625e-08,1.92901563e-01
1.09965625e-08,1.92898438e-01
1.10365625e-08,1.92901563e-01
1.10765625e-08,1.92898438e-01
1.11165625e-08,1.92901563e-01
1.11565625e-08,1.92898438e-01
1.11965625e-08,1.92901563e-01
1.12365625e-08,1.92898438e-01
1.12765625e-08,1.92901563e-01
1.13165625e-08,1.92898438e-01
1.13565625e-08,1.92901563e-01
1.13965625e-08,1.92898438e-01
1.14365625e-08,1.92901563e-01
1.14765625e-08,1.92898438e-01
1.15165625e-08,1.92900000e-01
1.15565625e-08,1.92900000e-01
1.15965625e-08,1.92900000e-01
1.16365625e-08,1.92900000e-01
1.16765625e-08,1.92900000e-01
1.17165625e-08,1.92900000e-01
1.17565625e-08,1.92900000e-01
1.17965625e-08,1.92900000e-01
1.18365625e-08,1.92900000e-01
1.18765625e-08,1.92900000e-01
1.19165625e-08,1.92900000e-01
1.19565625e-08,1.92900000e-01
1.19965625e-08,1.92900000e-01
1.20365625e-08,1.92900000e-01
1.20765625e-08,1.92900000e-01
1.21165625e-08,1.92900000e-01
1.21565625e-08,1.92900000e-01
1.21965625e-08,1.92900000e-01
1.22365625e-08,1.92900000e-01
1.22765625e-08,1.92900000e-01
1.23165625e-08,1.92900000e-01
1.23565625e-08,1.92900000e-01
1.23965625e-08,1.92900000e-01
1.24365625e-08,1.92900000e-01
1.24765625e-08,1.92898438e-01
1.25165625e-08,1.92901563e-01
1.25565625e-08,1.92898438e-01
1.25965625e-08,1.92901563e-01
1.26365625e-08,1.92898438e-01
1.26765625e-08,1.92901563e-01
1.27165625e-08,1.92898438e-01
1.27565625e-08,1.92901563e-01
1.27965625e-08,1.92898438e-01
1.28365625e-08,1.92901563e-01
1.28765625e-08,1.92896875e-01
1.29165625e-08,1.92903125e-01
1.29565625e-08,1.92896875e-01
1.29965625e-08,1.92903125e-01
1.30365625e-08,1.92895312e-01
1.30765625e-08,1.92904688e-01
1.31165625e-08,1.92893750e-01
1.31565625e-08,1.92907812e-01
1.31965625e-08,1.92892188e-01
1.32365625e-08,1.92910938e-01
1.32765625e-08,1.92885937e-01
1.33165625e-08,1.92918750e-01
1.33565625e-08,1.92871875e-01
1.33965625e-08,1.92953125e-01
1.34365625e-08,1.92693750e-01
1.34765625e-08,1.92443750e-01
1.35165625e-08,1.92531250e-01
1.35565625e-08,1.92478125e-01
1.35965625e-08,1.92517188e-01
1.36365625e-08,1.92485938e-01
1.36765625e-08,1.92512500e-01
1.37165625e-08,1.92489063e-01
1.37565625e-08,1.92509375e-01
1.37965625e-08,1.92490625e-01
1.38365625e-08,1.92507813e-01
1.38765625e-08,1.92492188e-01
1.39165625e-08,1.92507813e-01
1.39565625e-08,1.92492188e-01
1.39965625e-08,1.92506250e-01
1.40365625e-08,1.92493750e-01
1.40765625e-08,1.92506250e-01
1.41165625e-08,1.92493750e-01
1.41565625e-08,1.92506250e-01
1.41965625e-08,1.92493750e-01
1.42365625e-08,1.92506250e-01
1.42765625e-08,1.92493750e-01
1.43165625e-08,1.92506250e-01
1.43565625e-08,1.92493750e-01
1.43965625e-08,1.92504687e-01
1.44365625e-08,1.92495313e-01
1.44765625e-08,1.92504687e-01
1.45165625e-08,1.92495313e-01
1.45565625e-08,1.92504687e-01
1.45965625e-08,1.92495313e-01
1.46365625e-08,1.92504687e-01
1.46765625e-08,1.92495313e-01
1.47165625e-08,1.92504687e-01
1.47565625e-08,1.92495313e-01
1.47965625e-08,1.92504687e-01
1.48365625e-08,1.92495313e-01
1.48765625e-08,1.92506250e-01
1.49165625e-08,1.92493750e-01
1.49565625e-08,1.92506250e-01
1.49965625e-08,1.92493750e-01
1.50365625e-08,1.92506250e-01
1.50765625e-08,1.92493750e-01
1.51165625e-08,1.92506250e-01
1.51565625e-08,1.92493750e-01
1.51965625e-08,1.92506250e-01
1.52365625e-08,1.92493750e-01
1.52765625e-08,1.92507813e-01
1.53165625e-08,1.92492188e-01
1.53565625e-08,1.92507813e-01
1.53965625e-08,1.92490625e-01
1.54365625e-08,1.92509375e-01
1.54765625e-08,1.92489063e-01
1.55165625e-08,1.92510938e-01
1.55565625e-08,1.92487500e-01
1.55965625e-08,1.92515625e-01
1.56365625e-08,1.92481250e-01
1.56765625e-08,1.92523438e-01
1.57165625e-08,1.92467187e-01
1.57565625e-08,1.92557813e-01
1.57965625e-08,1.92289062e-01
1.58365625e-08,1.92048438e-01
1.58765625e-08,1.92128125e-01
1.59165625e-08,1.92081250e-01
1.59565625e-08,1.92114063e-01
1.59965625e-08,1.92089063e-01
1.60365625e-08,1.92107813e-01
1.60765625e-08,1.92093750e-01
1.61165625e-08,1.92106250e-01
1.61565625e-08,1.92095313e-01
1.61965625e-08,1.92104688e-01
1.62365625e-08,1.92096875e-01
1.62765625e-08,1.92103125e-01
1.63165625e-08,1.92096875e-01
1.63565625e-08,1.92101563e-01
1.63965625e-08,1.92098437e-01
1.64365625e-08,1.92101563e-01
1.64765625e-08,1.92098437e-01
1.65165625e-08,1.92101563e-01
1.65565625e-08,1.92098437e-01
1.65965625e-08,1.92100000e-01
1.66365625e-08,1.92100000e-01
1.66765625e-08,1.92100000e-01
1.67165625e-08,1.92100000e-01
1.67565625e-08,1.92100000e-01
1.67965625e-08,1.92100000e-01
1.68365625e-08,1.92100000e-01
1.68765625e-08,1.92100000e-01
1.69165625e-08,1.92100000e-01
1.69565625e-08,1.92100000e-01
1.69965625e-08,1.92100000e-01
1.70365625e-08,1.92101563e-01
1.70765625e-08,1.92098437e-01
1.71165625e-08,1.92101563e-01
1.71565625e-08,1.92098437e-01
1.71965625e-08,1.92101563e-01
1.72365625e-08,1.92098437e-01
1.72765625e-08,1.92101563e-01
1.73165625e-08,1.92098437e-01
1.73565625e-08,1.92101563e-01
1.73965625e-08,1.92098437e-01
1.74365625e-08,1.92103125e-01
1.74765625e-08,1.92096875e-01
1.75165625e-08,1.92103125e-01
1.75565625e-08,1.92096875e-01
1.75965625e-08,1.92103125e-01
1.76365625e-08,1.92096875e-01
1.76765625e-08,1.92104688e-01
1.77165625e-08,1.92095313e-01
1.77565625e-08,1.92106250e-01
1.77965625e-08,1.92093750e-01
1.78365625e-08,1.92107813e-01
1.78765625e-08,1.92090625e-01
1.79165625e-08,1.92110937e-01
1.79565625e-08,1.92085937e-01
1.79965625e-08,1.92118750e-01
1.80365625e-08,1.92071875e-01
1.80765625e-08,1.92153125e-01
1.81165625e-08,1.91893750e-01
1.81565625e-08,1.91643750e-01
1.81965625e-08,1.91732813e-01
1.82365625e-08,1.91676563e-01
1.82765625e-08,1.91718750e-01
1.83165625e-08,1.91684375e-01
1.83565625e-08,1.91714063e-01
1.83965625e-08,1.91687500e-01
1.84365625e-08,1.91712500e-01
1.84765625e-08,1.91687500e-01
1.85165625e-08,1.91710938e-01
1.85565625e-08,1.91687500e-01
1.85965625e-08,1.91712500e-01
1.86365625e-08,1.91685938e-01
1.86765625e-08,1.91715625e-01
1.87165625e-08,1.91682813e-01
1.87565625e-08,1.91723438e-01
1.87965625e-08,1.91668750e-01
1.88365625e-08,1.91756250e-01
1.88765625e-08,1.91490625e-01
1.89165625e-08,1.91246875e-01
1.89565625e-08,1.91329688e-01
1.89965625e-08,1.91279688e-01
1.90365625e-08,1.91315625e-01
1.90765625e-08,1.91287500e-01
1.91165625e-08,1.91310938e-01
1.91565625e-08,1.91290625e-01
1.91965625e-08,1.91309375e-01
1.92365625e-08,1.91292188e-01
1.92765625e-08,1.91307813e-01
1.93165625e-08,1.91292188e-01
1.93565625e-08,1.91307813e-01
1.93965625e-08,1.91293750e-01
1.94365625e-08,1.91306250e-01
1.94765625e-08,1.91293750e-01
1.95165625e-08,1.91306250e-01
1.95565625e-08,1.91292188e-01
1.95965625e-08,1.91307813e-01
1.96365625e-08,1.91292188e-01
1.96765625e-08,1.91307813e-01
1.97165625e-08,1.91292188e-01
1.97565625e-08,1.91307813e-01
1.97965625e-08,1.91290625e-01
1.98365625e-08,1.91309375e-01
1.98765625e-08,1.91289062e-01
1.99165625e-08,1.91312500e-01
1.99565625e-08,1.91287500e-01
1.99965625e-08,1.91314062e-01
2.00365625e-08,1.91282813e-01
2.00765625e-08,1.91320313e-01
2.01165625e-08,1.91273438e-01
2.01565625e-08,1.91335937e-01
2.01965625e-08,1.91237500e-01
2.02365625e-08,1.91515625e-01
2.02765625e-08,1.91745313e-01
2.03165625e-08,1.91681250e-01
2.03565625e-08,1.91707813e-01
2.03965625e-08,1.91700000e-01
2.04365625e-08,1.91690625e-01
2.04765625e-08,1.91720313e-01
2.05165625e-08,1.91651563e-01
2.05565625e-08,1.91903125e-01
2.05965625e-08,1.92156250e-01
2.06365625e-08,1.92070313e-01
2.06765625e-08,1.92115625e-01
2.07165625e-08,1.92098437e-01
2.07565625e-08,1.92075000e-01
2.07965625e-08,1.92278125e-01
2.08365625e-08,1.92584375e-01
2.08765625e-08,1.92435938e-01
2.09165625e-08,1.92564063e-01
2.09565625e-08,1.92418750e-01
2.09965625e-08,1.92729687e-01
2.10365625e-08,1.92935938e-01
2.10765625e-08,1.92881250e-01
2.11165625e-08,1.92918750e-01
2.11565625e-08,1.92862500e-01
2.11965625e-08,1.93084375e-01
2.12365625e-08,1.93382813e-01
2.12765625e-08,1.93232813e-01
2.13165625e-08,1.93368750e-01
2.13565625e-08,1.93207813e-01
2.13965625e-08,1.93546875e-01
2.14365625e-08,1.93710938e-01
2.14765625e-08,1.93723438e-01
2.15165625e-08,1.93640625e-01
2.15565625e-08,1.93920312e-01
2.15965625e-08,1.94134375e-01
2.16365625e-08,1.94101563e-01
2.16765625e-08,1.94062500e-01
2.17165625e-08,1.94300000e-01
2.17565625e-08,1.94554688e-01
2.17965625e-08,1.94479687e-01
2.18365625e-08,1.94485938e-01
2.18765625e-08,1.94671875e-01
2.19165625e-08,1.94989063e-01
2.19565625e-08,1.94832813e-01
2.19965625e-08,1.94965625e-01
2.20365625e-08,1.94817188e-01
2.20765625e-08,1.95129688e-01
2.21165625e-08,1.95337500e-01
2.21565625e-08,1.95279688e-01
2.21965625e-08,1.95320313e-01
2.22365625e-08,1.95259375e-01
2.22765625e-08,1.95489063e-01
2.23165625e-08,1.95778125e-01
2.23565625e-08,1.95640625e-01
2.23965625e-08,1.95760938e-01
2.24365625e-08,1.95618750e-01
2.24765625e-08,1.95932812e-01
2.25165625e-08,1.96129688e-01
2.25565625e-08,1.96093750e-01
2.25965625e-08,1.96095313e-01
2.26365625e-08,1.96110937e-01
2.26765625e-08,1.96081250e-01
2.27165625e-08,1.96129688e-01
2.27565625e-08,1.96043750e-01
2.27965625e-08,1.96310938e-01
2.28365625e-08,1.96551562e-01
2.28765625e-08,1.96473438e-01
2.29165625e-08,1.96517187e-01
2.29565625e-08,1.96487500e-01
2.29965625e-08,1.96507813e-01
2.30365625e-08,1.96493750e-01
2.30765625e-08,1.96504687e-01
2.31165625e-08,1.96496875e-01
2.31565625e-08,1.96501563e-01
2.31965625e-08,1.96500000e-01
2.32365625e-08,1.96498438e-01
2.32765625e-08,1.96501563e-01
2.33165625e-08,1.96496875e-01
2.33565625e-08,1.96504687e-01
2.33965625e-08,1.96495313e-01
2.34365625e-08,1.96506250e-01
2.34765625e-08,1.96490625e-01
2.35165625e-08,1.96510938e-01
2.35565625e-08,1.96485938e-01
2.35965625e-08,1.96520313e-01
2.36365625e-08,1.96470313e-01
2.36765625e-08,1.96554688e-01
2.37165625e-08,1.96290625e-01
2.37565625e-08,1.96046875e-01
2.37965625e-08,1.96128125e-01
2.38365625e-08,1.96081250e-01
2.38765625e-08,1.96112500e-01
2.39165625e-08,1.96092188e-01
2.39565625e-08,1.96104688e-01
2.39965625e-08,1.96098438e-01
2.40365625e-08,1.96096875e-01
2.40765625e-08,1.96107813e-01
2.41165625e-08,1.96081250e-01
2.41565625e-08,1.96143750e-01
2.41965625e-08,1.95903125e-01
2.42365625e-08,1.95634375e-01
2.42765625e-08,1.95742187e-01
2.43165625e-08,1.95667188e-01
2.43565625e-08,1.95728125e-01
2.43965625e-08,1.95673438e-01
2.44365625e-08,1.95726563e-01
2.44765625e-08,1.95671875e-01
2.45165625e-08,1.95731250e-01
2.45565625e-08,1.95660938e-01
2.45965625e-08,1.95764063e-01
2.46365625e-08,1.95484375e-01
2.46765625e-08,1.95253125e-01
2.47165625e-08,1.95325000e-01
2.47565625e-08,1.95284375e-01
2.47965625e-08,1.95312500e-01
2.48365625e-08,1.95289062e-01
2.48765625e-08,1.95309375e-01
2.49165625e-08,1.95290625e-01
2.49565625e-08,1.95310938e-01
2.49965625e-08,1.95285938e-01
2.50365625e-08,1.95317188e-01
2.50765625e-08,1.95273438e-01
2.51165625e-08,1.95351563e-01
2.51565625e-08,1.95096875e-01
2.51965625e-08,1.94840625e-01
2.52365625e-08,1.94935938e-01
2.52765625e-08,1.94873437e-01
2.53165625e-08,1.94921875e-01
2.53565625e-08,1.94879688e-01
2.53965625e-08,1.94918750e-01
2.54365625e-08,1.94881250e-01
2.54765625e-08,1.94920312e-01
2.55165625e-08,1.94878125e-01
2.55565625e-08,1.94926563e-01
2.55965625e-08,1.94865625e-01
2.56365625e-08,1.94959375e-01
2.56765625e-08,1.94689063e-01
2.57165625e-08,1.94448438e-01
2.57565625e-08,1.94529687e-01
2.57965625e-08,1.94478125e-01
2.58365625e-08,1.94517188e-01
2.58765625e-08,1.94484375e-01
2.59165625e-08,1.94517188e-01
2.59565625e-08,1.94481250e-01
2.59965625e-08,1.94521875e-01
2.60365625e-08,1.94468750e-01
2.60765625e-08,1.94556250e-01
2.61165625e-08,1.94290625e-01
2.61565625e-08,1.94046875e-01
2.61965625e-08,1.94129688e-01
2.62365625e-08,1.94079688e-01
2.62765625e-08,1.94114063e-01
2.63165625e-08,1.94089063e-01
2.63565625e-08,1.94107813e-01
2.63965625e-08,1.94095313e-01
2.64365625e-08,1.94100000e-01
2.64765625e-08,1.94104688e-01
2.65165625e-08,1.94085937e-01
2.65565625e-08,1.94139063e-01
2.65965625e-08,1.93907812e-01
2.66365625e-08,1.93629688e-01
2.66765625e-08,1.93746875e-01
2.67165625e-08,1.93662500e-01
2.67565625e-08,1.93732813e-01
2.67965625e-08,1.93668750e-01
2.68365625e-08,1.93729687e-01
2.68765625e-08,1.93668750e-01
2.69165625e-08,1.93731250e-01
2.69565625e-08,1.93665625e-01
2.69965625e-08,1.93739063e-01
2.70365625e-08,1.93651563e-01
2.70765625e-08,1.93773438e-01
2.71165625e-08,1.93473438e-01
2.71565625e-08,1.93264063e-01
2.71965625e-08,1.93310938e-01
2.72365625e-08,1.93298438e-01
2.72765625e-08,1.93295313e-01
2.73165625e-08,1.93307813e-01
2.73565625e-08,1.93287500e-01
2.73965625e-08,1.93315625e-01
2.74365625e-08,1.93279688e-01
2.74765625e-08,1.93325000e-01
2.75165625e-08,1.93264063e-01
2.75565625e-08,1.93362500e-01
2.75965625e-08,1.93084375e-01
2.76365625e-08,1.92854688e-01
2.76765625e-08,1.92920312e-01
2.77165625e-08,1.92890625e-01
2.77565625e-08,1.92903125e-01
2.77965625e-08,1.92900000e-01
2.78365625e-08,1.92895312e-01
2.78765625e-08,1.92907812e-01
2.79165625e-08,1.92887500e-01
2.79565625e-08,1.92918750e-01
2.79965625e-08,1.92870313e-01
2.80365625e-08,1.92956250e-01
2.80765625e-08,1.92690625e-01
2.81165625e-08,1.92448438e-01
2.81565625e-08,1.92526562e-01
2.81965625e-08,1.92484375e-01
2.82365625e-08,1.92509375e-01
2.82765625e-08,1.92493750e-01
2.83165625e-08,1.92501563e-01
2.83565625e-08,1.92501563e-01
2.83965625e-08,1.92493750e-01
2.84365625e-08,1.92512500e-01
2.84765625e-08,1.92476563e-01
2.85165625e-08,1.92548438e-01
2.85565625e-08,1.92296875e-01
2.85965625e-08,1.92040625e-01
2.86365625e-08,1.92134375e-01
2.86765625e-08,1.92075000e-01
2.87165625e-08,1.92120313e-01
2.87565625e-08,1.92084375e-01
2.87965625e-08,1.92114063e-01
2.88365625e-08,1.92087500e-01
2.88765625e-08,1.92110937e-01
2.89165625e-08,1.92090625e-01
2.89565625e-08,1.92107813e-01
2.89965625e-08,1.92092188e-01
2.90365625e-08,1.92106250e-01
2.90765625e-08,1.92093750e-01
2.91165625e-08,1.92106250e-01
2.91565625e-08,1.92095313e-01
2.91965625e-08,1.92104688e-01
2.92365625e-08,1.92096875e-01
2.92765625e-08,1.92103125e-01
2.93165625e-08,1.92098437e-01
2.93565625e-08,1.92101563e-01
2.93965625e-08,1.92100000e-01
2.94365625e-08,1.92098437e-01
2.94765625e-08,1.92103125e-01
2.95165625e-08,1.92095313e-01
2.95565625e-08,1.92107813e-01
2.95965625e-08,1.92087500e-01
2.96365625e-08,1.92121875e-01
2.96765625e-08,1.92053125e-01
2.97165625e-08,1.92300000e-01
2.97565625e-08,1.92562500e-01
2.97965625e-08,1.92460938e-01
2.98365625e-08,1.92529688e-01
2.98765625e-08,1.92473438e-01
2.99165625e-08,1.92523438e-01
2.99565625e-08,1.92478125e-01
2.99965625e-08,1.92521875e-01
3.00365625e-08,1.92476563e-01
3.00765625e-08,1.92525000e-01
3.01165625e-08,1.92470313e-01
3.01565625e-08,1.92539062e-01
3.01965625e-08,1.92437500e-01
3.02365625e-08,1.92715625e-01
3.02765625e-08,1.92946875e-01
3.03165625e-08,1.92876563e-01
3.03565625e-08,1.92914063e-01
3.03965625e-08,1.92890625e-01
3.04365625e-08,1.92906250e-01
3.04765625e-08,1.92895312e-01
3.05165625e-08,1.92903125e-01
3.05565625e-08,1.92896875e-01
3.05965625e-08,1.92901563e-01
3.06365625e-08,1.92898438e-01
3.06765625e-08,1.92901563e-01
3.07165625e-08,1.92898438e-01
3.07565625e-08,1.92901563e-01
3.07965625e-08,1.92900000e-01
3.08365625e-08,1.92900000e-01
3.08765625e-08,1.92900000e-01
3.09165625e-08,1.92900000e-01
3.09565625e-08,1.92900000e-01
3.09965625e-08,1.92900000e-01
3.10365625e-08,1.92900000e-01
3.10765625e-08,1.92900000e-01
3.11165625e-08,1.92900000e-01
3.11565625e-08,1.92900000e-01
3.11965625e-08,1.92900000e-01
3.12365625e-08,1.92900000e-01
3.12765625e-08,1.92900000e-01
3.13165625e-08,1.92900000e-01
3.13565625e-08,1.92900000e-01
3.13965625e-08,1.92900000e-01
3.14365625e-08,1.92900000e-01
3.14765625e-08,1.92900000e-01
3.15165625e-08,1.92900000e-01
3.15565625e-08,1.92900000e-01
3.15965625e-08,1.92898438e-01
3.16365625e-08,1.92901563e-01
3.16765625e-08,1.92898438e-01
3.17165625e-08,1.92901563e-01
3.17565625e-08,1.92898438e-01
3.17965625e-08,1.92901563e-01
3.18365625e-08,1.92896875e-01
3.18765625e-08,1.92903125e-01
3.19165625e-08,1.92896875e-01
3.19565625e-08,1.92904688e-01
3.19965625e-08,1.92895312e-01
3.20365625e-08,1.92906250e-01
3.20765625e-08,1.92892188e-01
3.21165625e-08,1.92909375e-01
3.21565625e-08,1.92887500e-01
3.21965625e-08,1.92917188e-01
3.22365625e-08,1.92873438e-01
3.22765625e-08,1.92951563e-01
3.23165625e-08,1.92695312e-01
3.23565625e-08,1.92442188e-01
3.23965625e-08,1.92534375e-01
3.24365625e-08,1.92475000e-01
3.24765625e-08,1.92520313e-01
3.25165625e-08,1.92482813e-01
3.25565625e-08,1.92514062e-01
3.25965625e-08,1.92485938e-01
3.26365625e-08,1.92512500e-01
3.26765625e-08,1.92489063e-01
3.27165625e-08,1.92510938e-01
3.27565625e-08,1.92489063e-01
3.27965625e-08,1.92510938e-01
3.28365625e-08,1.92489063e-01
3.28765625e-08,1.92510938e-01
3.29165625e-08,1.92489063e-01
3.29565625e-08,1.92510938e-01
3.29965625e-08,1.92489063e-01
3.30365625e-08,1.92510938e-01
3.30765625e-08,1.92489063e-01
3.31165625e-08,1.92510938e-01
3.31565625e-08,1.92487500e-01
3.31965625e-08,1.92512500e-01
3.32365625e-08,1.92485938e-01
3.32765625e-08,1.92515625e-01
3.33165625e-08,1.92482813e-01
3.33565625e-08,1.92520313e-01
3.33965625e-08,1.92475000e-01
3.34365625e-08,1.92535938e-01
3.34765625e-08,1.92439063e-01
3.35165625e-08,1.92714063e-01
3.35565625e-08,1.92948438e-01
3.35965625e-08,1.92875000e-01
3.36365625e-08,1.92914063e-01
3.36765625e-08,1.92890625e-01
3.37165625e-08,1.92906250e-01
3.37565625e-08,1.92896875e-01
3.37965625e-08,1.92901563e-01
3.38365625e-08,1.92900000e-01
3.38765625e-08,1.92898438e-01
3.39165625e-08,1.92904688e-01
3.39565625e-08,1.92893750e-01
3.39965625e-08,1.92909375e-01
3.40365625e-08,1.92884375e-01
3.40765625e-08,1.92925000e-01
3.41165625e-08,1.92850000e-01
3.41565625e-08,1.93103125e-01
3.41965625e-08,1.93359375e-01
3.42365625e-08,1.93264063e-01
3.42765625e-08,1.93326563e-01
3.43165625e-08,1.93276562e-01
3.43565625e-08,1.93320313e-01
3.43965625e-08,1.93281250e-01
3.44365625e-08,1.93318750e-01
3.44765625e-08,1.93279688e-01
3.45165625e-08,1.93321875e-01
3.45565625e-08,1.93273438e-01
3.45965625e-08,1.93335937e-01
3.46365625e-08,1.93240625e-01
3.46765625e-08,1.93512500e-01
3.47165625e-08,1.93750000e-01
3.47565625e-08,1.93673438e-01
3.47965625e-08,1.93717187e-01
3.48365625e-08,1.93685938e-01
3.48765625e-08,1.93710938e-01
3.49165625e-08,1.93690625e-01
3.49565625e-08,1.93707813e-01
3.49965625e-08,1.93693750e-01
3.50365625e-08,1.93706250e-01
3.50765625e-08,1.93693750e-01
3.51165625e-08,1.93706250e-01
3.51565625e-08,1.93695312e-01
3.51965625e-08,1.93704688e-01
3.52365625e-08,1.93695312e-01
3.52765625e-08,1.93704688e-01
3.53165625e-08,1.93695312e-01
3.53565625e-08,1.93704688e-01
3.53965625e-08,1.93693750e-01
3.54365625e-08,1.93706250e-01
3.54765625e-08,1.93693750e-01
3.55165625e-08,1.93706250e-01
3.55565625e-08,1.93692188e-01
3.55965625e-08,1.93707813e-01
3.56365625e-08,1.93692188e-01
3.56765625e-08,1.93709375e-01
3.57165625e-08,1.93689063e-01
3.57565625e-08,1.93712500e-01
3.57965625e-08,1.93684375e-01
3.58365625e-08,1.93721875e-01
3.58765625e-08,1.93668750e-01
3.59165625e-08,1.93756250e-01
3.59565625e-08,1.93490625e-01
3.59965625e-08,1.93246875e-01
3.60365625e-08,1.93329688e-01
3.60765625e-08,1.93279688e-01
3.61165625e-08,1.93315625e-01
3.61565625e-08,1.93287500e-01
3.61965625e-08,1.93309375e-01
3.62365625e-08,1.93292188e-01
3.62765625e-08,1.93307813e-01
3.63165625e-08,1.93293750e-01
3.63565625e-08,1.93306250e-01
3.63965625e-08,1.93295313e-01
3.64365625e-08,1.93304688e-01
3.64765625e-08,1.93295313e-01
3.65165625e-08,1.93304688e-01
3.65565625e-08,1.93296875e-01
3.65965625e-08,1.93303125e-01
3.66365625e-08,1.93296875e-01
3.66765625e-08,1.93303125e-01
3.67165625e-08,1.93296875e-01
3.67565625e-08,1.93301562e-01
3.67965625e-08,1.93298438e-01
3.68365625e-08,1.93301562e-01
3.68765625e-08,1.93298438e-01
3.69165625e-08,1.93301562e-01
3.69565625e-08,1.93298438e-01
3.69965625e-08,1.93301562e-01
3.70365625e-08,1.93300000e-01
3.70765625e-08,1.93300000e-01
3.71165625e-08,1.93300000e-01
3.71565625e-08,1.93300000e-01
3.71965625e-08,1.93300000e-01
3.72365625e-08,1.93298438e-01
3.72765625e-08,1.93301562e-01
3.73165625e-08,1.93298438e-01
3.73565625e-08,1.93303125e-01
3.73965625e-08,1.93296875e-01
3.74365625e-08,1.93304688e-01
3.74765625e-08,1.93293750e-01
3.75165625e-08,1.93307813e-01
3.75565625e-08,1.93289062e-01
3.75965625e-08,1.93317188e-01
3.76365625e-08,1.93273438e-01
3.76765625e-08,1.93351563e-01
3.77165625e-08,1.93095313e-01
3.77565625e-08,1.92842188e-01
3.77965625e-08,1.92934375e-01
3.78365625e-08,1.92875000e-01
3.78765625e-08,1.92920312e-01
3.79165625e-08,1.92882813e-01
3.79565625e-08,1.92915625e-01
3.79965625e-08,1.92885937e-01
3.80365625e-08,1.92914063e-01
3.80765625e-08,1.92887500e-01
3.81165625e-08,1.92912500e-01
3.81565625e-08,1.92887500e-01
3.81965625e-08,1.92912500e-01
3.82365625e-08,1.92889063e-01
3.82765625e-08,1.92912500e-01
3.83165625e-08,1.92887500e-01
3.83565625e-08,1.92912500e-01
3.83965625e-08,1.92887500e-01
3.84365625e-08,1.92914063e-01
3.84765625e-08,1.92884375e-01
3.85165625e-08,1.92917188e-01
3.85565625e-08,1.92879688e-01
3.85965625e-08,1.92925000e-01
3.86365625e-08,1.92865625e-01
3.86765625e-08,1.92959375e-01
3.87165625e-08,1.92689063e-01
3.87565625e-08,1.92448438e-01
3.87965625e-08,1.92526562e-01
3.88365625e-08,1.92481250e-01
3.88765625e-08,1.92514062e-01
3.89165625e-08,1.92489063e-01
3.89565625e-08,1.92509375e-01
3.89965625e-08,1.92492188e-01
3.90365625e-08,1.92507813e-01
3.90765625e-08,1.92492188e-01
3.91165625e-08,1.92507813e-01
3.91565625e-08,1.92490625e-01
3.91965625e-08,1.92510938e-01
3.92365625e-08,1.92487500e-01
3.92765625e-08,1.92517188e-01
3.93165625e-08,1.92473438e-01
3.93565625e-08,1.92551562e-01
3.93965625e-08,1.92296875e-01
3.94365625e-08,1.92040625e-01
3.94765625e-08,1.92135938e-01
3.95165625e-08,1.92073437e-01
3.95565625e-08,1.92121875e-01
3.95965625e-08,1.92079688e-01
3.96365625e-08,1.92118750e-01
3.96765625e-08,1.92081250e-01
3.97165625e-08,1.92118750e-01
3.97565625e-08,1.92081250e-01
3.97965625e-08,1.92120313e-01
3.98365625e-08,1.92076562e-01
3.98765625e-08,1.92128125e-01
3.99165625e-08,1.92062500e-01
3.99565625e-08,1.92162500e-01
3.99965625e-08,1.91884375e-01
4.00365625e-08,1.91653125e-01
4.00765625e-08,1.91723438e-01
4.01165625e-08,1.91685938e-01
4.01565625e-08,1.91709375e-01
4.01965625e-08,1.91693750e-01
4.02365625e-08,1.91704687e-01
4.02765625e-08,1.91696875e-01
4.03165625e-08,1.91701563e-01
4.03565625e-08,1.91700000e-01
4.03965625e-08,1.91700000e-01
4.04365625e-08,1.91701563e-01
4.04765625e-08,1.91698438e-01
4.05165625e-08,1.91701563e-01
4.05565625e-08,1.91696875e-01
4.05965625e-08,1.91703125e-01
4.06365625e-08,1.91696875e-01
4.06765625e-08,1.91703125e-01
4.07165625e-08,1.91695313e-01
4.07565625e-08,1.91704687e-01
4.07965625e-08,1.91695313e-01
4.08365625e-08,1.91706250e-01
4.08765625e-08,1.91693750e-01
4.09165625e-08,1.91707813e-01
4.09565625e-08,1.91692187e-01
4.09965625e-08,1.91709375e-01
4.10365625e-08,1.91689063e-01
4.10765625e-08,1.91712500e-01
4.11165625e-08,1.91685938e-01
4.11565625e-08,1.91717187e-01
4.11965625e-08,1.91678125e-01
4.12365625e-08,1.91732813e-01
4.12765625e-08,1.91642188e-01
4.13165625e-08,1.91910938e-01
4.13565625e-08,1.92151563e-01
4.13965625e-08,1.92071875e-01
4.14365625e-08,1.92117188e-01
4.14765625e-08,1.92087500e-01
4.15165625e-08,1.92109375e-01
4.15565625e-08,1.92092188e-01
4.15965625e-08,1.92106250e-01
4.16365625e-08,1.92095313e-01
4.16765625e-08,1.92103125e-01
4.17165625e-08,1.92098437e-01
4.17565625e-08,1.92101563e-01
4.17965625e-08,1.92100000e-01
4.18365625e-08,1.92098437e-01
4.18765625e-08,1.92101563e-01
4.19165625e-08,1.92096875e-01
4.19565625e-08,1.92104688e-01
4.19965625e-08,1.92093750e-01
4.20365625e-08,1.92107813e-01
4.20765625e-08,1.92090625e-01
4.21165625e-08,1.92112500e-01
4.21565625e-08,1.92082813e-01
4.21965625e-08,1.92128125e-01
4.22365625e-08,1.92046875e-01
4.22765625e-08,1.92306250e-01
4.23165625e-08,1.92556250e-01
4.23565625e-08,1.92468750e-01
4.23965625e-08,1.92521875e-01
4.24365625e-08,1.92482813e-01
4.24765625e-08,1.92514062e-01
4.25165625e-08,1.92487500e-01
4.25565625e-08,1.92510938e-01
4.25965625e-08,1.92490625e-01
4.26365625e-08,1.92507813e-01
4.26765625e-08,1.92492188e-01
4.27165625e-08,1.92506250e-01
4.27565625e-08,1.92493750e-01
4.27965625e-08,1.92506250e-01
4.28365625e-08,1.92495313e-01
4.28765625e-08,1.92504687e-01
4.29165625e-08,1.92495313e-01
4.29565625e-08,1.92503125e-01
4.29965625e-08,1.92496875e-01
4.30365625e-08,1.92503125e-01
4.30765625e-08,1.92496875e-01
4.31165625e-08,1.92501563e-01
4.31565625e-08,1.92498438e-01
4.31965625e-08,1.92501563e-01
4.32365625e-08,1.92498438e-01
4.32765625e-08,1.92500000e-01
4.33165625e-08,1.92500000e-01
4.33565625e-08,1.92500000e-01
4.33965625e-08,1.92501563e-01
4.34365625e-08,1.92498438e-01
4.34765625e-08,1.92503125e-01
4.35165625e-08,1.92496875e-01
4.35565625e-08,1.92504687e-01
4.35965625e-08,1.92492188e-01
4.36365625e-08,1.92510938e-01
4.36765625e-08,1.92484375e-01
4.37165625e-08,1.92525000e-01
4.37565625e-08,1.92450000e-01
4.37965625e-08,1.92703125e-01
4.38365625e-08,1.92959375e-01
4.38765625e-08,1.92865625e-01
4.39165625e-08,1.92925000e-01
4.39565625e-08,1.92879688e-01
4.39965625e-08,1.92917188e-01
4.40365625e-08,1.92884375e-01
4.40765625e-08,1.92914063e-01
4.41165625e-08,1.92887500e-01
4.41565625e-08,1.92912500e-01
4.41965625e-08,1.92889063e-01
4.42365625e-08,1.92910938e-01
4.42765625e-08,1.92889063e-01
4.43165625e-08,1.92910938e-01
4.43565625e-08,1.92889063e-01
4.43965625e-08,1.92909375e-01
4.44365625e-08,1.92890625e-01
4.44765625e-08,1.92909375e-01
4.45165625e-08,1.92890625e-01
4.45565625e-08,1.92909375e-01
4.45965625e-08,1.92890625e-01
4.46365625e-08,1.92909375e-01
4.46765625e-08,1.92890625e-01
4.47165625e-08,1.92909375e-01
4.47565625e-08,1.92889063e-01
4.47965625e-08,1.92910938e-01
4.48365625e-08,1.92889063e-01
4.48765625e-08,1.92910938e-01
4.49165625e-08,1.92889063e-01
4.49565625e-08,1.92912500e-01
4.49965625e-08,1.92887500e-01
4.50365625e-08,1.92914063e-01
4.50765625e-08,1.92884375e-01
4.51165625e-08,1.92917188e-01
4.51565625e-08,1.92881250e-01
4.51965625e-08,1.92921875e-01
4.52365625e-08,1.92873438e-01
4.52765625e-08,1.92937500e-01
4.53165625e-08,1.92837500e-01
4.53565625e-08,1.93115625e-01
4.53965625e-08,1.93346875e-01
4.54365625e-08,1.93278125e-01
4.54765625e-08,1.93312500e-01
4.55165625e-08,1.93292188e-01
4.55565625e-08,1.93303125e-01
4.55965625e-08,1.93298438e-01
4.56365625e-08,1.93298438e-01
4.56765625e-08,1.93304688e-01
4.57165625e-08,1.93293750e-01
4.57565625e-08,1.93310938e-01
4.57965625e-08,1.93284375e-01
4.58365625e-08,1.93325000e-01
4.58765625e-08,1.93250000e-01
4.59165625e-08,1.93503125e-01
4.59565625e-08,1.93759375e-01
4.59965625e-08,1.93664063e-01
4.60365625e-08,1.93726563e-01
4.60765625e-08,1.93676563e-01
4.61165625e-08,1.93723438e-01
4.61565625e-08,1.93675000e-01
4.61965625e-08,1.93732813e-01
4.62365625e-08,1.93645312e-01
4.62765625e-08,1.93906250e-01
4.63165625e-08,1.94159375e-01
4.63565625e-08,1.94062500e-01
4.63965625e-08,1.94132813e-01
4.64365625e-08,1.94065625e-01
4.64765625e-08,1.94140625e-01
4.65165625e-08,1.94034375e-01
4.65565625e-08,1.94317188e-01
4.65965625e-08,1.94545313e-01
4.66365625e-08,1.94479687e-01
4.66765625e-08,1.94509375e-01
4.67165625e-08,1.94498438e-01
4.67565625e-08,1.94493750e-01
4.67965625e-08,1.94517188e-01
4.68365625e-08,1.94457812e-01
4.68765625e-08,1.94695312e-01
4.69165625e-08,1.94967187e-01
4.69565625e-08,1.94856250e-01
4.69965625e-08,1.94934375e-01
4.70365625e-08,1.94868750e-01
4.70765625e-08,1.94931250e-01
4.71165625e-08,1.94867188e-01
4.71565625e-08,1.94940625e-01
4.71965625e-08,1.94835938e-01
4.72365625e-08,1.95117188e-01
4.72765625e-08,1.95346875e-01
4.73165625e-08,1.95276563e-01
4.73565625e-08,1.95315625e-01
4.73965625e-08,1.95289062e-01
4.74365625e-08,1.95309375e-01
4.74765625e-08,1.95292188e-01
4.75165625e-08,1.95307813e-01
4.75565625e-08,1.95292188e-01
4.75965625e-08,1.95309375e-01
4.76365625e-08,1.95289062e-01
4.76765625e-08,1.95314062e-01
4.77165625e-08,1.95281250e-01
4.77565625e-08,1.95328125e-01
4.77965625e-08,1.95248438e-01
4.78365625e-08,1.95504687e-01
4.78765625e-08,1.95757813e-01
4.79165625e-08,1.95667188e-01
4.79565625e-08,1.95725000e-01
4.79965625e-08,1.95679688e-01
4.80365625e-08,1.95717188e-01
4.80765625e-08,1.95685938e-01
4.81165625e-08,1.95714063e-01
4.81565625e-08,1.95687500e-01
4.81965625e-08,1.95712500e-01
4.82365625e-08,1.95689063e-01
4.82765625e-08,1.95710938e-01
4.83165625e-08,1.95689063e-01
4.83565625e-08,1.95710938e-01
4.83965625e-08,1.95689063e-01
4.84365625e-08,1.95710938e-01
4.84765625e-08,1.95689063e-01
4.85165625e-08,1.95710938e-01
4.85565625e-08,1.95689063e-01
4.85965625e-08,1.95710938e-01
4.86365625e-08,1.95689063e-01
4.86765625e-08,1.95710938e-01
4.87165625e-08,1.95687500e-01
4.87565625e-08,1.95712500e-01
4.87965625e-08,1.95685938e-01
4.88365625e-08,1.95714063e-01
4.88765625e-08,1.95684375e-01
4.89165625e-08,1.95718750e-01
4.89565625e-08,1.95678125e-01
4.89965625e-08,1.95726563e-01
4.90365625e-08,1.95664063e-01
4.90765625e-08,1.95760938e-01
4.91165625e-08,1.95485938e-01
4.91565625e-08,1.95251563e-01
4.91965625e-08,1.95323438e-01
4.92365625e-08,1.95285938e-01
4.92765625e-08,1.95309375e-01
4.93165625e-08,1.95293750e-01
4.93565625e-08,1.95303125e-01
4.93965625e-08,1.95298438e-01
4.94365625e-08,1.95300000e-01
4.94765625e-08,1.95300000e-01
4.95165625e-08,1.95298438e-01
4.95565625e-08,1.95303125e-01
4.95965625e-08,1.95295313e-01
4.96365625e-08,1.95306250e-01
4.96765625e-08,1.95292188e-01
4.97165625e-08,1.95309375e-01
4.97565625e-08,1.95287500e-01
4.97965625e-08,1.95317188e-01
4.98365625e-08,1.95271875e-01
4.98765625e-08,1.95353125e-01
4.99165625e-08,1.95095313e-01
4.99565625e-08,1.94842188e-01
4.99965625e-08,1.94934375e-01
5.00365625e-08,1.94875000e-01
5.00765625e-08,1.94920312e-01
5.01165625e-08,1.94881250e-01
5.01565625e-08,1.94918750e-01
5.01965625e-08,1.94881250e-01
5.02365625e-08,1.94921875e-01
5.02765625e-08,1.94868750e-01
5.03165625e-08,1.94954688e-01
5.03565625e-08,1.94693750e-01
5.03965625e-08,1.94440625e-01
5.04365625e-08,1.94537500e-01
5.04765625e-08,1.94468750e-01
5.05165625e-08,1.94531250e-01
5.05565625e-08,1.94462500e-01
5.05965625e-08,1.94560938e-01
5.06365625e-08,1.94289062e-01
5.06765625e-08,1.94046875e-01
5.07165625e-08,1.94131250e-01
5.07565625e-08,1.94075000e-01
5.07965625e-08,1.94125000e-01
5.08365625e-08,1.94068750e-01
5.08765625e-08,1.94153125e-01
5.09165625e-08,1.93896875e-01
5.09565625e-08,1.93637500e-01
5.09965625e-08,1.93740625e-01
5.10365625e-08,1.93664063e-01
5.10765625e-08,1.93735938e-01
5.11165625e-08,1.93656250e-01
5.11565625e-08,1.93767187e-01
5.11965625e-08,1.93479687e-01
5.12365625e-08,1.93257813e-01
5.12765625e-08,1.93318750e-01
5.13165625e-08,1.93292188e-01
5.13565625e-08,1.93301562e-01
5.13965625e-08,1.93303125e-01
5.14365625e-08,1.93292188e-01
5.14765625e-08,1.93314062e-01
5.15165625e-08,1.93275000e-01
5.15565625e-08,1.93350000e-01
5.15965625e-08,1.93095313e-01
5.16365625e-08,1.92842188e-01
5.16765625e-08,1.92932812e-01
5.17165625e-08,1.92876563e-01
5.17565625e-08,1.92918750e-01
5.17965625e-08,1.92884375e-01
5.18365625e-08,1.92912500e-01
5.18765625e-08,1.92889063e-01
5.19165625e-08,1.92909375e-01
5.19565625e-08,1.92892188e-01
5.19965625e-08,1.92907812e-01
5.20365625e-08,1.92893750e-01
5.20765625e-08,1.92906250e-01
5.21165625e-08,1.92895312e-01
5.21565625e-08,1.92904688e-01
5.21965625e-08,1.92895312e-01
5.22365625e-08,1.92903125e-01
5.22765625e-08,1.92896875e-01
5.23165625e-08,1.92901563e-01
5.23565625e-08,1.92898438e-01
5.23965625e-08,1.92900000e-01
5.24365625e-08,1.92900000e-01
5.24765625e-08,1.92898438e-01
5.25165625e-08,1.92903125e-01
5.25565625e-08,1.92893750e-01
5.25965625e-08,1.92909375e-01
5.26365625e-08,1.92885937e-01
5.26765625e-08,1.92923438e-01
5.27165625e-08,1.92851563e-01
5.27565625e-08,1.93101563e-01
5.27965625e-08,1.93360937e-01
5.28365625e-08,1.93262500e-01
5.28765625e-08,1.93328125e-01
5.29165625e-08,1.93276562e-01
5.29565625e-08,1.93320313e-01
5.29965625e-08,1.93281250e-01
5.30365625e-08,1.93317188e-01
5.30765625e-08,1.93284375e-01
5.31165625e-08,1.93315625e-01
5.31565625e-08,1.93284375e-01
5.31965625e-08,1.93315625e-01
5.32365625e-08,1.93284375e-01
5.32765625e-08,1.93315625e-01
5.33165625e-08,1.93282813e-01
5.33565625e-08,1.93317188e-01
5.33965625e-08,1.93279688e-01
5.34365625e-08,1.93321875e-01
5.34765625e-08,1.93273438e-01
5.35165625e-08,1.93337500e-01
5.35565625e-08,1.93239063e-01
5.35965625e-08,1.93514063e-01
5.36365625e-08,1.93748438e-01
5.36765625e-08,1.93675000e-01
5.37165625e-08,1.93715625e-01
5.37565625e-08,1.93689063e-01
5.37965625e-08,1.93707813e-01
5.38365625e-08,1.93695312e-01
5.38765625e-08,1.93704688e-01
5.39165625e-08,1.93696875e-01
5.39565625e-08,1.93701563e-01
5.39965625e-08,1.93698438e-01
5.40365625e-08,1.93701563e-01
5.40765625e-08,1.93700000e-01
5.41165625e-08,1.93700000e-01
5.41565625e-08,1.93700000e-01
5.41965625e-08,1.93700000e-01
5.42365625e-08,1.93700000e-01
5.42765625e-08,1.93700000e-01
5.43165625e-08,1.93701563e-01
5.43565625e-08,1.93698438e-01
5.43965625e-08,1.93701563e-01
5.44365625e-08,1.93698438e-01
5.44765625e-08,1.93701563e-01
5.45165625e-08,1.93698438e-01
5.45565625e-08,1.93701563e-01
5.45965625e-08,1.93698438e-01
5.46365625e-08,1.93701563e-01
5.46765625e-08,1.93696875e-01
5.47165625e-08,1.93703125e-01
5.47565625e-08,1.93696875e-01
5.47965625e-08,1.93703125e-01
5.48365625e-08,1.93696875e-01
5.48765625e-08,1.93703125e-01
5.49165625e-08,1.93695312e-01
5.49565625e-08,1.93704688e-01
5.49965625e-08,1.93695312e-01
5.50365625e-08,1.93706250e-01
5.50765625e-08,1.93693750e-01
5.51165625e-08,1.93707813e-01
5.51565625e-08,1.93689063e-01
5.51965625e-08,1.93712500e-01
5.52365625e-08,1.93681250e-01
5.52765625e-08,1.93728125e-01
5.53165625e-08,1.93648437e-01
5.53565625e-08,1.93904688e-01
5.53965625e-08,1.94157812e-01
5.54365625e-08,1.94065625e-01
5.54765625e-08,1.94125000e-01
5.55165625e-08,1.94079688e-01
5.55565625e-08,1.94117188e-01
5.55965625e-08,1.94082813e-01
5.56365625e-08,1.94115625e-01
5.56765625e-08,1.94084375e-01
5.57165625e-08,1.94115625e-01
5.57565625e-08,1.94084375e-01
5.57965625e-08,1.94117188e-01
5.58365625e-08,1.94081250e-01
5.58765625e-08,1.94121875e-01
5.59165625e-08,1.94073438e-01
5.59565625e-08,1.94137500e-01
5.59965625e-08,1.94037500e-01
5.60365625e-08,1.94315625e-01
5.60765625e-08,1.94545313e-01
5.61165625e-08,1.94479687e-01
5.61565625e-08,1.94509375e-01
5.61965625e-08,1.94498438e-01
5.62365625e-08,1.94495313e-01
5.62765625e-08,1.94515625e-01
5.63165625e-08,1.94457812e-01
5.63565625e-08,1.94695312e-01
5.63965625e-08,1.94967187e-01
5.64365625e-08,1.94854688e-01
5.64765625e-08,1.94937500e-01
5.65165625e-08,1.94862500e-01
5.65565625e-08,1.94942188e-01
5.65965625e-08,1.94835938e-01
5.66365625e-08,1.95115625e-01
5.66765625e-08,1.95350000e-01
5.67165625e-08,1.95271875e-01
5.67565625e-08,1.95323438e-01
5.67965625e-08,1.95276563e-01
5.68365625e-08,1.95329688e-01
5.68765625e-08,1.95246875e-01
5.69165625e-08,1.95503125e-01
5.69565625e-08,1.95760938e-01
5.69965625e-08,1.95660938e-01
5.70365625e-08,1.95732813e-01
5.70765625e-08,1.95667188e-01
5.71165625e-08,1.95739063e-01
5.71565625e-08,1.95637500e-01
5.71965625e-08,1.95912500e-01
5.72365625e-08,1.96151563e-01
5.72765625e-08,1.96071875e-01
5.73165625e-08,1.96120313e-01
5.73565625e-08,1.96082813e-01
5.73965625e-08,1.96117188e-01
5.74365625e-08,1.96082813e-01
5.74765625e-08,1.96118750e-01
5.75165625e-08,1.96076562e-01
5.75565625e-08,1.96132813e-01
5.75965625e-08,1.96042188e-01
5.76365625e-08,1.96310938e-01
5.76765625e-08,1.96551562e-01
5.77165625e-08,1.96473438e-01
5.77565625e-08,1.96515625e-01
5.77965625e-08,1.96490625e-01
5.78365625e-08,1.96503125e-01
5.78765625e-08,1.96503125e-01
5.79165625e-08,1.96485938e-01
5.79565625e-08,1.96539063e-01
5.79965625e-08,1.96307813e-01
5.80365625e-08,1.96029687e-01
5.80765625e-08,1.96145313e-01
5.81165625e-08,1.96062500e-01
5.81565625e-08,1.96132813e-01
5.81965625e-08,1.96070313e-01
5.82365625e-08,1.96129688e-01
5.82765625e-08,1.96071875e-01
5.83165625e-08,1.96129688e-01
5.83565625e-08,1.96067188e-01
5.83965625e-08,1.96135937e-01
5.84365625e-08,1.96054688e-01
5.84765625e-08,1.96170312e-01
5.85165625e-08,1.95876563e-01
5.85565625e-08,1.95660938e-01
5.85965625e-08,1.95715625e-01
5.86365625e-08,1.95695312e-01
5.86765625e-08,1.95700000e-01
5.87165625e-08,1.95703125e-01
5.87565625e-08,1.95693750e-01
5.87965625e-08,1.95709375e-01
5.88365625e-08,1.95689063e-01
5.88765625e-08,1.95714063e-01
5.89165625e-08,1.95681250e-01
5.89565625e-08,1.95723438e-01
5.89965625e-08,1.95665625e-01
5.90365625e-08,1.95759375e-01
5.90765625e-08,1.95485938e-01
5.91165625e-08,1.95253125e-01
5.91565625e-08,1.95321875e-01
5.91965625e-08,1.95287500e-01
5.92365625e-08,1.95304688e-01
5.92765625e-08,1.95301562e-01
5.93165625e-08,1.95292188e-01
5.93565625e-08,1.95318750e-01
5.93965625e-08,1.95256250e-01
5.94365625e-08,1.95498438e-01
5.94765625e-08,1.95764063e-01
5.95165625e-08,1.95659375e-01
5.95565625e-08,1.95731250e-01
5.95965625e-08,1.95671875e-01
5.96365625e-08,1.95725000e-01
5.96765625e-08,1.95675000e-01
5.97165625e-08,1.95726563e-01
5.97565625e-08,1.95668750e-01
5.97965625e-08,1.95740625e-01
5.98365625e-08,1.95635937e-01
5.98765625e-08,1.95917188e-01
5.99165625e-08,1.96145313e-01
5.99565625e-08,1.96079688e-01
5.99965625e-08,1.96109375e-01
6.00365625e-08,1.96096875e-01
6.00765625e-08,1.96095313e-01
6.01165625e-08,1.96115625e-01
6.01565625e-08,1.96059375e-01
6.01965625e-08,1.96293750e-01
6.02365625e-08,1.96568750e-01
6.02765625e-08,1.96454688e-01
6.03165625e-08,1.96537500e-01
6.03565625e-08,1.96465625e-01
6.03965625e-08,1.96534375e-01
6.04365625e-08,1.96462500e-01
6.04765625e-08,1.96545313e-01
6.05165625e-08,1.96431250e-01
6.05565625e-08,1.96721875e-01
6.05965625e-08,1.96940625e-01
6.06365625e-08,1.96882813e-01
6.06765625e-08,1.96907813e-01
6.07165625e-08,1.96896875e-01
6.07565625e-08,1.96900000e-01
6.07965625e-08,1.96901563e-01
6.08365625e-08,1.96896875e-01
6.08765625e-08,1.96904688e-01
6.09165625e-08,1.96893750e-01
6.09565625e-08,1.96907813e-01
6.09965625e-08,1.96890625e-01
6.10365625e-08,1.96910937e-01
6.10765625e-08,1.96887500e-01
6.11165625e-08,1.96915625e-01
6.11565625e-08,1.96881250e-01
6.11965625e-08,1.96925000e-01
6.12365625e-08,1.96865625e-01
6.12765625e-08,1.96960938e-01
6.13165625e-08,1.96685938e-01
6.13565625e-08,1.96453125e-01
6.13965625e-08,1.96521875e-01
6.14365625e-08,1.96490625e-01
6.14765625e-08,1.96501563e-01
6.15165625e-08,1.96506250e-01
6.15565625e-08,1.96482812e-01
6.15965625e-08,1.96542188e-01
6.16365625e-08,1.96303125e-01
6.16765625e-08,1.96034375e-01
6.17165625e-08,1.96143750e-01
6.17565625e-08,1.96064062e-01
6.17965625e-08,1.96134375e-01
6.18365625e-08,1.96060938e-01
6.18765625e-08,1.96160938e-01
6.19165625e-08,1.95889063e-01
6.19565625e-08,1.95645313e-01
6.19965625e-08,1.95732813e-01
6.20365625e-08,1.95671875e-01
6.20765625e-08,1.95729687e-01
6.21165625e-08,1.95662500e-01
6.21565625e-08,1.95760938e-01
6.21965625e-08,1.95485938e-01
6.22365625e-08,1.95251563e-01
6.22765625e-08,1.95323438e-01
6.23165625e-08,1.95287500e-01
6.23565625e-08,1.95304688e-01
6.23965625e-08,1.95303125e-01
6.24365625e-08,1.95285938e-01
6.24765625e-08,1.95340625e-01
6.25165625e-08,1.95106250e-01
6.25565625e-08,1.94831250e-01
6.25965625e-08,1.94943750e-01
6.26365625e-08,1.94865625e-01
6.26765625e-08,1.94929688e-01
6.27165625e-08,1.94871875e-01
6.27565625e-08,1.94926563e-01
6.27965625e-08,1.94873437e-01
6.28365625e-08,1.94926563e-01
6.28765625e-08,1.94870313e-01
6.29165625e-08,1.94934375e-01
6.29565625e-08,1.94857813e-01
6.29965625e-08,1.94967187e-01
6.30365625e-08,1.94679688e-01
6.30765625e-08,1.94457812e-01
6.31165625e-08,1.94518750e-01
6.31565625e-08,1.94490625e-01
6.31965625e-08,1.94504687e-01
6.32365625e-08,1.94498438e-01
6.32765625e-08,1.94500000e-01
6.33165625e-08,1.94501563e-01
6.33565625e-08,1.94496875e-01
6.33965625e-08,1.94504687e-01
6.34365625e-08,1.94493750e-01
6.34765625e-08,1.94507813e-01
6.35165625e-08,1.94490625e-01
6.35565625e-08,1.94512500e-01
6.35965625e-08,1.94484375e-01
6.36365625e-08,1.94520313e-01
6.36765625e-08,1.94468750e-01
6.37165625e-08,1.94556250e-01
6.37565625e-08,1.94290625e-01
6.37965625e-08,1.94046875e-01
6.38365625e-08,1.94129688e-01
6.38765625e-08,1.94081250e-01
6.39165625e-08,1.94114063e-01
6.39565625e-08,1.94089063e-01
6.39965625e-08,1.94109375e-01
6.40365625e-08,1.94093750e-01
6.40765625e-08,1.94104688e-01
6.41165625e-08,1.94095313e-01
6.41565625e-08,1.94103125e-01
6.41965625e-08,1.94098437e-01
6.42365625e-08,1.94100000e-01
6.42765625e-08,1.94101563e-01
6.43165625e-08,1.94096875e-01
6.43565625e-08,1.94104688e-01
6.43965625e-08,1.94092188e-01
6.44365625e-08,1.94112500e-01
6.44765625e-08,1.94076562e-01
6.45165625e-08,1.94148437e-01
6.45565625e-08,1.93900000e-01
6.45965625e-08,1.93639063e-01
6.46365625e-08,1.93737500e-01
6.46765625e-08,1.93671875e-01
6.47165625e-08,1.93723438e-01
6.47565625e-08,1.93679688e-01
6.47965625e-08,1.93718750e-01
6.48365625e-08,1.93681250e-01
6.48765625e-08,1.93717187e-01
6.49165625e-08,1.93682812e-01
6.49565625e-08,1.93717187e-01
6.49965625e-08,1.93682812e-01
6.50365625e-08,1.93718750e-01
6.50765625e-08,1.93679688e-01
6.51165625e-08,1.93723438e-01
6.51565625e-08,1.93671875e-01
6.51965625e-08,1.93737500e-01
6.52365625e-08,1.93639063e-01
6.52765625e-08,1.93914063e-01
6.53165625e-08,1.94148437e-01
6.53565625e-08,1.94075000e-01
6.53965625e-08,1.94115625e-01
6.54365625e-08,1.94089063e-01
6.54765625e-08,1.94109375e-01
6.55165625e-08,1.94092188e-01
6.55565625e-08,1.94107813e-01
6.55965625e-08,1.94092188e-01
6.56365625e-08,1.94110937e-01
6.56765625e-08,1.94085937e-01
6.57165625e-08,1.94123437e-01
6.57565625e-08,1.94053125e-01
6.57965625e-08,1.94298438e-01
6.58365625e-08,1.94565625e-01
6.58765625e-08,1.94456250e-01
6.59165625e-08,1.94535938e-01
6.59565625e-08,1.94467187e-01
6.59965625e-08,1.94534375e-01
6.60365625e-08,1.94462500e-01
6.60765625e-08,1.94545313e-01
6.61165625e-08,1.94429688e-01
6.61565625e-08,1.94723438e-01
6.61965625e-08,1.94939063e-01
6.62365625e-08,1.94885937e-01
6.62765625e-08,1.94904688e-01
6.63165625e-08,1.94901563e-01
6.63565625e-08,1.94893750e-01
6.63965625e-08,1.94912500e-01
6.64365625e-08,1.94881250e-01
6.64765625e-08,1.94928125e-01
6.65165625e-08,1.94845313e-01
6.65565625e-08,1.95107813e-01
6.65965625e-08,1.95353125e-01
6.66365625e-08,1.95270313e-01
6.66765625e-08,1.95318750e-01
6.67165625e-08,1.95285938e-01
6.67565625e-08,1.95310938e-01
6.67965625e-08,1.95292188e-01
6.68365625e-08,1.95306250e-01
6.68765625e-08,1.95295313e-01
6.69165625e-08,1.95303125e-01
6.69565625e-08,1.95296875e-01
6.69965625e-08,1.95301562e-01
6.70365625e-08,1.95300000e-01
6.70765625e-08,1.95300000e-01
6.71165625e-08,1.95301562e-01
6.71565625e-08,1.95298438e-01
6.71965625e-08,1.95303125e-01
6.72365625e-08,1.95296875e-01
6.72765625e-08,1.95304688e-01
6.73165625e-08,1.95293750e-01
6.73565625e-08,1.95306250e-01
6.73965625e-08,1.95290625e-01
6.74365625e-08,1.95310938e-01
6.74765625e-08,1.95285938e-01
6.75165625e-08,1.95320313e-01
6.75565625e-08,1.95270313e-01
6.75965625e-08,1.95354688e-01
6.76365625e-08,1.95092188e-01
6.76765625e-08,1.94845313e-01
6.77165625e-08,1.94929688e-01
6.77565625e-08,1.94879688e-01
6.77965625e-08,1.94915625e-01
6.78365625e-08,1.94887500e-01
6.78765625e-08,1.94909375e-01
6.79165625e-08,1.94892188e-01
6.79565625e-08,1.94907812e-01
6.79965625e-08,1.94893750e-01
6.80365625e-08,1.94904688e-01
6.80765625e-08,1.94895313e-01
6.81165625e-08,1.94903125e-01
6.81565625e-08,1.94896875e-01
6.81965625e-08,1.94903125e-01
6.82365625e-08,1.94898438e-01
6.82765625e-08,1.94901563e-01
6.83165625e-08,1.94900000e-01
6.83565625e-08,1.94900000e-01
6.83965625e-08,1.94900000e-01
6.84365625e-08,1.94898438e-01
6.84765625e-08,1.94901563e-01
6.85165625e-08,1.94896875e-01
6.85565625e-08,1.94903125e-01
6.85965625e-08,1.94895313e-01
6.86365625e-08,1.94904688e-01
6.86765625e-08,1.94893750e-01
6.87165625e-08,1.94907812e-01
6.87565625e-08,1.94889063e-01
6.87965625e-08,1.94914063e-01
6.88365625e-08,1.94879688e-01
6.88765625e-08,1.94929688e-01
6.89165625e-08,1.94845313e-01
6.89565625e-08,1.95109375e-01
6.89965625e-08,1.95353125e-01
6.90365625e-08,1.95271875e-01
6.90765625e-08,1.95317188e-01
6.91165625e-08,1.95289062e-01
6.91565625e-08,1.95306250e-01
6.91965625e-08,1.95298438e-01
6.92365625e-08,1.95293750e-01
6.92765625e-08,1.95315625e-01
6.93165625e-08,1.95257813e-01
6.93565625e-08,1.95495313e-01
6.93965625e-08,1.95765625e-01
6.94365625e-08,1.95657813e-01
6.94765625e-08,1.95732813e-01
6.95165625e-08,1.95671875e-01
6.95565625e-08,1.95725000e-01
6.95965625e-08,1.95676563e-01
6.96365625e-08,1.95721875e-01
6.96765625e-08,1.95679688e-01
6.97165625e-08,1.95720312e-01
6.97565625e-08,1.95679688e-01
6.97965625e-08,1.95721875e-01
6.98365625e-08,1.95676563e-01
6.98765625e-08,1.95725000e-01
6.99165625e-08,1.95670312e-01
6.99565625e-08,1.95739063e-01
6.99965625e-08,1.95635937e-01
7.00365625e-08,1.95917188e-01
7.00765625e-08,1.96145313e-01
7.01165625e-08,1.96078125e-01
7.01565625e-08,1.96112500e-01
7.01965625e-08,1.96092188e-01
7.02365625e-08,1.96106250e-01
7.02765625e-08,1.96096875e-01
7.03165625e-08,1.96101562e-01
7.03565625e-08,1.96098438e-01
7.03965625e-08,1.96100000e-01
7.04365625e-08,1.96100000e-01
7.04765625e-08,1.96100000e-01
7.05165625e-08,1.96100000e-01
7.05565625e-08,1.96098438e-01
7.05965625e-08,1.96101562e-01
7.06365625e-08,1.96098438e-01
7.06765625e-08,1.96101562e-01
7.07165625e-08,1.96098438e-01
7.07565625e-08,1.96101562e-01
7.07965625e-08,1.96098438e-01
7.08365625e-08,1.96101562e-01
7.08765625e-08,1.96098438e-01
7.09165625e-08,1.96101562e-01
7.09565625e-08,1.96098438e-01
7.09965625e-08,1.96101562e-01
7.10365625e-08,1.96098438e-01
7.10765625e-08,1.96101562e-01
7.11165625e-08,1.96098438e-01
7.11565625e-08,1.96101562e-01
7.11965625e-08,1.96098438e-01
7.12365625e-08,1.96101562e-01
7.12765625e-08,1.96098438e-01
7.13165625e-08,1.96100000e-01
7.13565625e-08,1.96100000e-01
7.13965625e-08,1.96100000e-01
7.14365625e-08,1.96101562e-01
7.14765625e-08,1.96096875e-01
7.15165625e-08,1.96106250e-01
7.15565625e-08,1.96090625e-01
7.15965625e-08,1.96118750e-01
7.16365625e-08,1.96057813e-01
7.16765625e-08,1.96293750e-01
7.17165625e-08,1.96570313e-01
7.17565625e-08,1.96450000e-01
7.17965625e-08,1.96546875e-01
7.18365625e-08,1.96448438e-01
7.18765625e-08,1.96573438e-01
7.19165625e-08,1.96275000e-01
7.19565625e-08,1.96060938e-01
7.19965625e-08,1.96115625e-01
7.20365625e-08,1.96093750e-01
7.20765625e-08,1.96101562e-01
7.21165625e-08,1.96101562e-01
7.21565625e-08,1.96095313e-01
7.21965625e-08,1.96107813e-01
7.22365625e-08,1.96087500e-01
7.22765625e-08,1.96117188e-01
7.23165625e-08,1.96073438e-01
7.23565625e-08,1.96151563e-01
7.23965625e-08,1.95895313e-01
7.24365625e-08,1.95642188e-01
7.24765625e-08,1.95735938e-01
7.25165625e-08,1.95671875e-01
7.25565625e-08,1.95728125e-01
7.25965625e-08,1.95667188e-01
7.26365625e-08,1.95753125e-01
7.26765625e-08,1.95496875e-01
7.27165625e-08,1.95235938e-01
7.27565625e-08,1.95346875e-01
7.27965625e-08,1.95251563e-01
7.28365625e-08,1.95370313e-01
7.28765625e-08,1.95076562e-01
7.29165625e-08,1.94864063e-01
7.29565625e-08,1.94904688e-01
7.29965625e-08,1.94926563e-01
7.30365625e-08,1.94718750e-01
7.30765625e-08,1.94418750e-01
7.31165625e-08,1.94560938e-01
7.31565625e-08,1.94439063e-01
7.31965625e-08,1.94581250e-01
7.32365625e-08,1.94268750e-01
7.32765625e-08,1.94068750e-01
7.33165625e-08,1.94107813e-01
7.33565625e-08,1.94104688e-01
7.33965625e-08,1.94082813e-01
7.34365625e-08,1.94143750e-01
7.34765625e-08,1.93903125e-01
7.35165625e-08,1.93634375e-01
7.35565625e-08,1.93743750e-01
7.35965625e-08,1.93662500e-01
7.36365625e-08,1.93735938e-01
7.36765625e-08,1.93656250e-01
7.37165625e-08,1.93765625e-01
7.37565625e-08,1.93482813e-01
7.37965625e-08,1.93253125e-01
7.38365625e-08,1.93323438e-01
7.38765625e-08,1.93285938e-01
7.39165625e-08,1.93309375e-01
7.39565625e-08,1.93292188e-01
7.39965625e-08,1.93306250e-01
7.40365625e-08,1.93295313e-01
7.40765625e-08,1.93303125e-01
7.41165625e-08,1.93296875e-01
7.41565625e-08,1.93303125e-01
7.41965625e-08,1.93298438e-01
7.42365625e-08,1.93301562e-01
7.42765625e-08,1.93298438e-01
7.43165625e-08,1.93301562e-01
7.43565625e-08,1.93298438e-01
7.43965625e-08,1.93301562e-01
7.44365625e-08,1.93300000e-01
7.44765625e-08,1.93300000e-01
7.45165625e-08,1.93300000e-01
7.45565625e-08,1.93300000e-01
7.45965625e-08,1.93300000e-01
7.46365625e-08,1.93300000e-01
7.46765625e-08,1.93300000e-01
7.47165625e-08,1.93300000e-01
7.47565625e-08,1.93300000e-01
7.47965625e-08,1.93300000e-01
7.48365625e-08,1.93301562e-01
7.48765625e-08,1.93298438e-01
7.49165625e-08,1.93301562e-01
7.49565625e-08,1.93298438e-01
7.49965625e-08,1.93301562e-01
7.50365625e-08,1.93298438e-01
7.50765625e-08,1.93301562e-01
7.51165625e-08,1.93296875e-01
7.51565625e-08,1.93303125e-01
7.51965625e-08,1.93296875e-01
7.52365625e-08,1.93303125e-01
7.52765625e-08,1.93295313e-01
7.53165625e-08,1.93304688e-01
7.53565625e-08,1.93295313e-01
7.53965625e-08,1.93306250e-01
7.54365625e-08,1.93293750e-01
7.54765625e-08,1.93307813e-01
7.55165625e-08,1.93290625e-01
7.55565625e-08,1.93312500e-01
7.55965625e-08,1.93284375e-01
7.56365625e-08,1.93320313e-01
7.56765625e-08,1.93270313e-01
7.57165625e-08,1.93356250e-01
7.57565625e-08,1.93090625e-01
7.57965625e-08,1.92846875e-01
7.58365625e-08,1.92929688e-01
7.58765625e-08,1.92881250e-01
7.59165625e-08,1.92914063e-01
7.59565625e-08,1.92890625e-01
7.59965625e-08,1.92907812e-01
7.60365625e-08,1.92895312e-01
7.60765625e-08,1.92901563e-01
7.61165625e-08,1.92900000e-01
7.61565625e-08,1.92895312e-01
7.61965625e-08,1.92909375e-01
7.62365625e-08,1.92879688e-01
7.62765625e-08,1.92945313e-01
7.63165625e-08,1.92701563e-01
7.63565625e-08,1.92435938e-01
7.63965625e-08,1.92540625e-01
7.64365625e-08,1.92468750e-01
7.64765625e-08,1.92525000e-01
7.65165625e-08,1.92476563e-01
7.65565625e-08,1.92520313e-01
7.65965625e-08,1.92479687e-01
7.66365625e-08,1.92518750e-01
7.66765625e-08,1.92481250e-01
7.67165625e-08,1.92518750e-01
7.67565625e-08,1.92481250e-01
7.67965625e-08,1.92518750e-01
7.68365625e-08,1.92479687e-01
7.68765625e-08,1.92521875e-01
7.69165625e-08,1.92475000e-01
7.69565625e-08,1.92529688e-01
7.69965625e-08,1.92460938e-01
7.70365625e-08,1.92562500e-01
7.70765625e-08,1.92284375e-01
7.71165625e-08,1.92053125e-01
7.71565625e-08,1.92123437e-01
7.71965625e-08,1.92085937e-01
7.72365625e-08,1.92109375e-01
7.72765625e-08,1.92093750e-01
7.73165625e-08,1.92104688e-01
7.73565625e-08,1.92096875e-01
7.73965625e-08,1.92103125e-01
7.74365625e-08,1.92098437e-01
7.74765625e-08,1.92101563e-01
7.75165625e-08,1.92098437e-01
7.75565625e-08,1.92100000e-01
7.75965625e-08,1.92100000e-01
7.76365625e-08,1.92100000e-01
7.76765625e-08,1.92100000e-01
7.77165625e-08,1.92101563e-01
7.77565625e-08,1.92098437e-01
7.77965625e-08,1.92101563e-01
7.78365625e-08,1.92098437e-01
7.78765625e-08,1.92103125e-01
7.79165625e-08,1.92095313e-01
7.79565625e-08,1.92104688e-01
7.79965625e-08,1.92092188e-01
7.80365625e-08,1.92110937e-01
7.80765625e-08,1.92084375e-01
7.81165625e-08,1.92125000e-01
7.81565625e-08,1.92050000e-01
7.81965625e-08,1.92303125e-01
7.82365625e-08,1.92557813e-01
7.82765625e-08,1.92467187e-01
7.83165625e-08,1.92521875e-01
7.83565625e-08,1.92484375e-01
7.83965625e-08,1.92507813e-01
7.84365625e-08,1.92503125e-01
7.84765625e-08,1.92471875e-01
7.85165625e-08,1.92679688e-01
7.85565625e-08,1.92982813e-01
7.85965625e-08,1.92839063e-01
7.86365625e-08,1.92956250e-01
7.86765625e-08,1.92843750e-01
7.87165625e-08,1.92964063e-01
7.87565625e-08,1.92812500e-01
7.87965625e-08,1.93140625e-01
7.88365625e-08,1.93320313e-01
7.88765625e-08,1.93306250e-01
7.89165625e-08,1.93279688e-01
7.89565625e-08,1.93334375e-01
7.89965625e-08,1.93237500e-01
7.90365625e-08,1.93518750e-01
7.90765625e-08,1.93742187e-01
7.91165625e-08,1.93684375e-01
7.91565625e-08,1.93703125e-01
7.91965625e-08,1.93704688e-01
7.92365625e-08,1.93687500e-01
7.92765625e-08,1.93725000e-01
7.93165625e-08,1.93648437e-01
7.93565625e-08,1.93906250e-01
7.93965625e-08,1.94154688e-01
7.94365625e-08,1.94068750e-01
7.94765625e-08,1.94120313e-01
7.95165625e-08,1.94085937e-01
7.95565625e-08,1.94110937e-01
7.95965625e-08,1.94090625e-01
7.96365625e-08,1.94106250e-01
7.96765625e-08,1.94095313e-01
7.97165625e-08,1.94104688e-01
7.97565625e-08,1.94096875e-01
7.97965625e-08,1.94101563e-01
7.98365625e-08,1.94098437e-01
7.98765625e-08,1.94101563e-01
7.99165625e-08,1.94100000e-01
7.99565625e-08,1.94100000e-01
7.99965625e-08,1.94101563e-01
8.00365625e-08,1.94098437e-01
8.00765625e-08,1.94101563e-01
8.01165625e-08,1.94098437e-01
8.01565625e-08,1.94103125e-01
8.01965625e-08,1.94096875e-01
8.02365625e-08,1.94103125e-01
8.02765625e-08,1.94095313e-01
8.03165625e-08,1.94104688e-01
8.03565625e-08,1.94095313e-01
8.03965625e-08,1.94106250e-01
8.04365625e-08,1.94093750e-01
8.04765625e-08,1.94106250e-01
8.05165625e-08,1.94092188e-01
8.05565625e-08,1.94107813e-01
8.05965625e-08,1.94090625e-01
8.06365625e-08,1.94110937e-01
8.06765625e-08,1.94087500e-01
8.07165625e-08,1.94114063e-01
8.07565625e-08,1.94084375e-01
8.07965625e-08,1.94118750e-01
8.08365625e-08,1.94075000e-01
8.08765625e-08,1.94134375e-01
8.09165625e-08,1.94040625e-01
8.09565625e-08,1.94312500e-01
8.09965625e-08,1.94548438e-01
8.10365625e-08,1.94475000e-01
8.10765625e-08,1.94514063e-01
8.11165625e-08,1.94490625e-01
8.11565625e-08,1.94506250e-01
8.11965625e-08,1.94496875e-01
8.12365625e-08,1.94500000e-01
8.12765625e-08,1.94503125e-01
8.13165625e-08,1.94495313e-01
8.13565625e-08,1.94509375e-01
8.13965625e-08,1.94485938e-01
8.14365625e-08,1.94523438e-01
8.14765625e-08,1.94451563e-01
8.15165625e-08,1.94701563e-01
8.15565625e-08,1.94960938e-01
8.15965625e-08,1.94862500e-01
8.16365625e-08,1.94928125e-01
8.16765625e-08,1.94875000e-01
8.17165625e-08,1.94925000e-01
8.17565625e-08,1.94871875e-01
8.17965625e-08,1.94934375e-01
8.18365625e-08,1.94842188e-01
8.18765625e-08,1.95109375e-01
8.19165625e-08,1.95354688e-01
8.19565625e-08,1.95268750e-01
8.19965625e-08,1.95323438e-01
8.20365625e-08,1.95279688e-01
8.20765625e-08,1.95318750e-01
8.21165625e-08,1.95279688e-01
8.21565625e-08,1.95321875e-01
8.21965625e-08,1.95273438e-01
8.22365625e-08,1.95335938e-01
8.22765625e-08,1.95240625e-01
8.23165625e-08,1.95512500e-01
8.23565625e-08,1.95750000e-01
8.23965625e-08,1.95675000e-01
8.24365625e-08,1.95715625e-01
8.24765625e-08,1.95689063e-01
8.25165625e-08,1.95707813e-01
8.25565625e-08,1.95693750e-01
8.25965625e-08,1.95704688e-01
8.26365625e-08,1.95696875e-01
8.26765625e-08,1.95703125e-01
8.27165625e-08,1.95698438e-01
8.27565625e-08,1.95701563e-01
8.27965625e-08,1.95700000e-01
8.28365625e-08,1.95700000e-01
8.28765625e-08,1.95700000e-01
8.29165625e-08,1.95698438e-01
8.29565625e-08,1.95701563e-01
8.29965625e-08,1.95698438e-01
8.30365625e-08,1.95703125e-01
8.30765625e-08,1.95696875e-01
8.31165625e-08,1.95703125e-01
8.31565625e-08,1.95696875e-01
8.31965625e-08,1.95704688e-01
8.32365625e-08,1.95695312e-01
8.32765625e-08,1.95704688e-01
8.33165625e-08,1.95693750e-01
8.33565625e-08,1.95706250e-01
8.33965625e-08,1.95692188e-01
8.34365625e-08,1.95707813e-01
8.34765625e-08,1.95690625e-01
8.35165625e-08,1.95709375e-01
8.35565625e-08,1.95689063e-01
8.35965625e-08,1.95712500e-01
8.36365625e-08,1.95685938e-01
8.36765625e-08,1.95717188e-01
8.37165625e-08,1.95679688e-01
8.37565625e-08,1.95725000e-01
8.37965625e-08,1.95664063e-01
8.38365625e-08,1.95760938e-01
8.38765625e-08,1.95485938e-01
8.39165625e-08,1.95253125e-01
8.39565625e-08,1.95321875e-01
8.39965625e-08,1.95287500e-01
8.40365625e-08,1.95306250e-01
8.40765625e-08,1.95298438e-01
8.41165625e-08,1.95298438e-01
8.41565625e-08,1.95306250e-01
8.41965625e-08,1.95289062e-01
8.42365625e-08,1.95317188e-01
8.42765625e-08,1.95271875e-01
8.43165625e-08,1.95353125e-01
8.43565625e-08,1.95092188e-01
8.43965625e-08,1.94845313e-01
8.44365625e-08,1.94929688e-01
8.44765625e-08,1.94881250e-01
8.45165625e-08,1.94912500e-01
8.45565625e-08,1.94892188e-01
8.45965625e-08,1.94904688e-01
8.46365625e-08,1.94900000e-01
8.46765625e-08,1.94896875e-01
8.47165625e-08,1.94909375e-01
8.47565625e-08,1.94879688e-01
8.47965625e-08,1.94946875e-01
8.48365625e-08,1.94700000e-01
8.48765625e-08,1.94439063e-01
8.49165625e-08,1.94537500e-01
8.49565625e-08,1.94471875e-01
8.49965625e-08,1.94521875e-01
8.50365625e-08,1.94481250e-01
8.50765625e-08,1.94517188e-01
8.51165625e-08,1.94485938e-01
8.51565625e-08,1.94512500e-01
8.51965625e-08,1.94487500e-01
8.52365625e-08,1.94510938e-01
8.52765625e-08,1.94489063e-01
8.53165625e-08,1.94509375e-01
8.53565625e-08,1.94490625e-01
8.53965625e-08,1.94509375e-01
8.54365625e-08,1.94492187e-01
8.54765625e-08,1.94507813e-01
8.55165625e-08,1.94492187e-01
8.55565625e-08,1.94506250e-01
8.55965625e-08,1.94493750e-01
8.56365625e-08,1.94506250e-01
8.56765625e-08,1.94493750e-01
8.57165625e-08,1.94506250e-01
8.57565625e-08,1.94493750e-01
8.57965625e-08,1.94504687e-01
8.58365625e-08,1.94495313e-01
8.58765625e-08,1.94504687e-01
8.59165625e-08,1.94495313e-01
8.59565625e-08,1.94504687e-01
8.59965625e-08,1.94495313e-01
8.60365625e-08,1.94504687e-01
8.60765625e-08,1.94495313e-01
8.61165625e-08,1.94503125e-01
8.61565625e-08,1.94496875e-01
8.61965625e-08,1.94503125e-01
8.62365625e-08,1.94496875e-01
8.62765625e-08,1.94503125e-01
8.63165625e-08,1.94496875e-01
8.63565625e-08,1.94503125e-01
8.63965625e-08,1.94496875e-01
8.64365625e-08,1.94503125e-01
8.64765625e-08,1.94496875e-01
8.65165625e-08,1.94501563e-01
8.65565625e-08,1.94498438e-01
8.65965625e-08,1.94501563e-01
8.66365625e-08,1.94498438e-01
8.66765625e-08,1.94501563e-01
8.67165625e-08,1.94498438e-01
8.67565625e-08,1.94501563e-01
8.67965625e-08,1.94498438e-01
8.68365625e-08,1.94501563e-01
8.68765625e-08,1.94498438e-01
8.69165625e-08,1.94500000e-01
8.69565625e-08,1.94500000e-01
8.69965625e-08,1.94500000e-01
8.70365625e-08,1.94500000e-01
8.70765625e-08,1.94500000e-01
8.71165625e-08,1.94500000e-01
8.71565625e-08,1.94500000e-01
8.71965625e-08,1.94500000e-01
8.72365625e-08,1.94498438e-01
8.72765625e-08,1.94501563e-01
8.73165625e-08,1.94498438e-01
8.73565625e-08,1.94501563e-01
8.73965625e-08,1.94496875e-01
8.74365625e-08,1.94503125e-01
8.74765625e-08,1.94496875e-01
8.75165625e-08,1.94504687e-01
8.75565625e-08,1.94493750e-01
8.75965625e-08,1.94506250e-01
8.76365625e-08,1.94492187e-01
8.76765625e-08,1.94510938e-01
8.77165625e-08,1.94485938e-01
8.77565625e-08,1.94518750e-01
8.77965625e-08,1.94471875e-01
8.78365625e-08,1.94553125e-01
8.78765625e-08,1.94293750e-01
8.79165625e-08,1.94043750e-01
8.79565625e-08,1.94131250e-01
8.79965625e-08,1.94078125e-01
8.80365625e-08,1.94117188e-01
8.80765625e-08,1.94085937e-01
8.81165625e-08,1.94112500e-01
8.81565625e-08,1.94089063e-01
8.81965625e-08,1.94109375e-01
8.82365625e-08,1.94090625e-01
8.82765625e-08,1.94107813e-01
8.83165625e-08,1.94092188e-01
8.83565625e-08,1.94106250e-01
8.83965625e-08,1.94093750e-01
8.84365625e-08,1.94106250e-01
8.84765625e-08,1.94095313e-01
8.85165625e-08,1.94104688e-01
8.85565625e-08,1.94095313e-01
8.85965625e-08,1.94104688e-01
8.86365625e-08,1.94095313e-01
8.86765625e-08,1.94103125e-01
8.87165625e-08,1.94096875e-01
8.87565625e-08,1.94103125e-01
8.87965625e-08,1.94096875e-01
8.88365625e-08,1.94101563e-01
8.88765625e-08,1.94098437e-01
8.89165625e-08,1.94101563e-01
8.89565625e-08,1.94098437e-01
8.89965625e-08,1.94100000e-01
8.90365625e-08,1.94100000e-01
8.90765625e-08,1.94098437e-01
8.91165625e-08,1.94103125e-01
8.91565625e-08,1.94095313e-01
8.91965625e-08,1.94107813e-01
8.92365625e-08,1.94087500e-01
8.92765625e-08,1.94121875e-01
8.93165625e-08,1.94053125e-01
8.93565625e-08,1.94300000e-01
8.93965625e-08,1.94562500e-01
8.94365625e-08,1.94460938e-01
8.94765625e-08,1.94531250e-01
8.95165625e-08,1.94473438e-01
8.95565625e-08,1.94525000e-01
8.95965625e-08,1.94476563e-01
8.96365625e-08,1.94523438e-01
8.96765625e-08,1.94475000e-01
8.97165625e-08,1.94526562e-01
8.97565625e-08,1.94468750e-01
8.97965625e-08,1.94540625e-01
8.98365625e-08,1.94434375e-01
8.98765625e-08,1.94717187e-01
8.99165625e-08,1.94945312e-01
8.99565625e-08,1.94879688e-01
8.99965625e-08,1.94910937e-01
9.00365625e-08,1.94893750e-01
9.00765625e-08,1.94903125e-01
9.01165625e-08,1.94898438e-01
9.01565625e-08,1.94900000e-01
9.01965625e-08,1.94901563e-01
9.02365625e-08,1.94896875e-01
9.02765625e-08,1.94904688e-01
9.03165625e-08,1.94893750e-01
9.03565625e-08,1.94907812e-01
9.03965625e-08,1.94889063e-01
9.04365625e-08,1.94914063e-01
9.04765625e-08,1.94881250e-01
9.05165625e-08,1.94928125e-01
9.05565625e-08,1.94846875e-01
9.05965625e-08,1.95107813e-01
9.06365625e-08,1.95354688e-01
9.06765625e-08,1.95268750e-01
9.07165625e-08,1.95321875e-01
9.07565625e-08,1.95282813e-01
9.07965625e-08,1.95314062e-01
9.08365625e-08,1.95289062e-01
9.08765625e-08,1.95309375e-01
9.09165625e-08,1.95290625e-01
9.09565625e-08,1.95307813e-01
9.09965625e-08,1.95292188e-01
9.10365625e-08,1.95306250e-01
9.10765625e-08,1.95293750e-01
9.11165625e-08,1.95306250e-01
9.11565625e-08,1.95293750e-01
9.11965625e-08,1.95304688e-01
9.12365625e-08,1.95295313e-01
9.12765625e-08,1.95304688e-01
9.13165625e-08,1.95295313e-01
9.13565625e-08,1.95304688e-01
9.13965625e-08,1.95295313e-01
9.14365625e-08,1.95304688e-01
9.14765625e-08,1.95295313e-01
9.15165625e-08,1.95304688e-01
9.15565625e-08,1.95295313e-01
9.15965625e-08,1.95304688e-01
9.16365625e-08,1.95295313e-01
9.16765625e-08,1.95304688e-01
9.17165625e-08,1.95295313e-01
9.17565625e-08,1.95304688e-01
9.17965625e-08,1.95295313e-01
9.18365625e-08,1.95304688e-01
9.18765625e-08,1.95295313e-01
9.19165625e-08,1.95303125e-01
9.19565625e-08,1.95295313e-01
9.19965625e-08,1.95304688e-01
9.20365625e-08,1.95295313e-01
9.20765625e-08,1.95303125e-01
9.21165625e-08,1.95295313e-01
9.21565625e-08,1.95304688e-01
9.21965625e-08,1.95295313e-01
9.22365625e-08,1.95304688e-01
9.22765625e-08,1.95295313e-01
9.23165625e-08,1.95304688e-01
9.23565625e-08,1.95295313e-01
9.23965625e-08,1.95304688e-01
9.24365625e-08,1.95295313e-01
9.24765625e-08,1.95304688e-01
9.25165625e-08,1.95295313e-01
9.25565625e-08,1.95304688e-01
9.25965625e-08,1.95295313e-01
9.26365625e-08,1.95304688e-01
9.26765625e-08,1.95295313e-01
9.27165625e-08,1.95304688e-01
9.27565625e-08,1.95295313e-01
9.27965625e-08,1.95304688e-01
9.28365625e-08,1.95295313e-01
9.28765625e-08,1.95304688e-01
9.29165625e-08,1.95293750e-01
9.29565625e-08,1.95306250e-01
9.29965625e-08,1.95293750e-01
9.30365625e-08,1.95306250e-01
9.30765625e-08,1.95293750e-01
9.31165625e-08,1.95306250e-01
9.31565625e-08,1.95293750e-01
9.31965625e-08,1.95306250e-01
9.32365625e-08,1.95292188e-01
9.32765625e-08,1.95307813e-01
9.33165625e-08,1.95292188e-01
9.33565625e-08,1.95307813e-01
9.33965625e-08,1.95292188e-01
9.34365625e-08,1.95309375e-01
9.34765625e-08,1.95290625e-01
9.35165625e-08,1.95309375e-01
9.35565625e-08,1.95289062e-01
9.35965625e-08,1.95310938e-01
9.36365625e-08,1.95287500e-01
9.36765625e-08,1.95314062e-01
9.37165625e-08,1.95284375e-01
9.37565625e-08,1.95317188e-01
9.37965625e-08,1.95279688e-01
9.38365625e-08,1.95326563e-01
9.38765625e-08,1.95264063e-01
9.39165625e-08,1.95360937e-01
9.39565625e-08,1.95085938e-01
9.39965625e-08,1.94853125e-01
9.40365625e-08,1.94923438e-01
9.40765625e-08,1.94885937e-01
9.41165625e-08,1.94907812e-01
9.41565625e-08,1.94895313e-01
9.41965625e-08,1.94901563e-01
9.42365625e-08,1.94900000e-01
9.42765625e-08,1.94898438e-01
9.43165625e-08,1.94903125e-01
9.43565625e-08,1.94895313e-01
9.43965625e-08,1.94906250e-01
9.44365625e-08,1.94890625e-01
9.44765625e-08,1.94910937e-01
9.45165625e-08,1.94885937e-01
9.45565625e-08,1.94920312e-01
9.45965625e-08,1.94870313e-01
9.46365625e-08,1.94956250e-01
9.46765625e-08,1.94690625e-01
9.47165625e-08,1.94446875e-01
9.47565625e-08,1.94528125e-01
9.47965625e-08,1.94481250e-01
9.48365625e-08,1.94514063e-01
9.48765625e-08,1.94489063e-01
9.49165625e-08,1.94507813e-01
9.49565625e-08,1.94493750e-01
9.49965625e-08,1.94504687e-01
9.50365625e-08,1.94496875e-01
9.50765625e-08,1.94501563e-01
9.51165625e-08,1.94498438e-01
9.51565625e-08,1.94500000e-01
9.51965625e-08,1.94500000e-01
9.52365625e-08,1.94498438e-01
9.52765625e-08,1.94503125e-01
9.53165625e-08,1.94496875e-01
9.53565625e-08,1.94504687e-01
9.53965625e-08,1.94493750e-01
9.54365625e-08,1.94507813e-01
9.54765625e-08,1.94489063e-01
9.55165625e-08,1.94514063e-01
9.55565625e-08,1.94481250e-01
9.55965625e-08,1.94529687e-01
9.56365625e-08,1.94445313e-01
9.56765625e-08,1.94707813e-01
9.57165625e-08,1.94954688e-01
9.57565625e-08,1.94870313e-01
9.57965625e-08,1.94920312e-01
9.58365625e-08,1.94884375e-01
9.58765625e-08,1.94910937e-01
9.59165625e-08,1.94890625e-01
9.59565625e-08,1.94907812e-01
9.59965625e-08,1.94893750e-01
9.60365625e-08,1.94904688e-01
9.60765625e-08,1.94896875e-01
9.61165625e-08,1.94903125e-01
9.61565625e-08,1.94898438e-01
9.61965625e-08,1.94900000e-01
9.62365625e-08,1.94900000e-01
9.62765625e-08,1.94898438e-01
9.63165625e-08,1.94903125e-01
9.63565625e-08,1.94895313e-01
9.63965625e-08,1.94906250e-01
9.64365625e-08,1.94890625e-01
9.64765625e-08,1.94912500e-01
9.65165625e-08,1.94882813e-01
9.65565625e-08,1.94928125e-01
9.65965625e-08,1.94846875e-01
9.66365625e-08,1.95106250e-01
9.66765625e-08,1.95356250e-01
9.67165625e-08,1.95268750e-01
9.67565625e-08,1.95321875e-01
9.67965625e-08,1.95284375e-01
9.68365625e-08,1.95312500e-01
9.68765625e-08,1.95290625e-01
9.69165625e-08,1.95307813e-01
9.69565625e-08,1.95293750e-01
9.69965625e-08,1.95304688e-01
9.70365625e-08,1.95296875e-01
9.70765625e-08,1.95301562e-01
9.71165625e-08,1.95300000e-01
9.71565625e-08,1.95296875e-01
9.71965625e-08,1.95306250e-01
9.72365625e-08,1.95287500e-01
9.72765625e-08,1.95321875e-01
9.73165625e-08,1.95253125e-01
9.73565625e-08,1.95500000e-01
9.73965625e-08,1.95760938e-01
9.74365625e-08,1.95662500e-01
9.74765625e-08,1.95728125e-01
9.75165625e-08,1.95676563e-01
9.75565625e-08,1.95718750e-01
9.75965625e-08,1.95682812e-01
9.76365625e-08,1.95715625e-01
9.76765625e-08,1.95685938e-01
9.77165625e-08,1.95714063e-01
9.77565625e-08,1.95687500e-01
9.77965625e-08,1.95712500e-01
9.78365625e-08,1.95687500e-01
9.78765625e-08,1.95710938e-01
9.79165625e-08,1.95689063e-01
9.79565625e-08,1.95710938e-01
9.79965625e-08,1.95689063e-01
9.80365625e-08,1.95710938e-01
9.80765625e-08,1.95689063e-01
9.81165625e-08,1.95710938e-01
9.81565625e-08,1.95689063e-01
9.81965625e-08,1.95712500e-01
9.82365625e-08,1.95687500e-01
9.82765625e-08,1.95712500e-01
9.83165625e-08,1.95685938e-01
9.83565625e-08,1.95715625e-01
9.83965625e-08,1.95681250e-01
9.84365625e-08,1.95723438e-01
9.84765625e-08,1.95667188e-01
9.85165625e-08,1.95757813e-01
9.85565625e-08,1.95489063e-01
9.85965625e-08,1.95248438e-01
9.86365625e-08,1.95328125e-01
9.86765625e-08,1.95279688e-01
9.87165625e-08,1.95315625e-01
9.87565625e-08,1.95287500e-01
9.87965625e-08,1.95310938e-01
9.88365625e-08,1.95289062e-01
9.88765625e-08,1.95310938e-01
9.89165625e-08,1.95289062e-01
9.89565625e-08,1.95310938e-01
9.89965625e-08,1.95287500e-01
9.90365625e-08,1.95314062e-01
9.90765625e-08,1.95284375e-01
9.91165625e-08,1.95320313e-01
9.91565625e-08,1.95268750e-01
9.91965625e-08,1.95354688e-01
9.92365625e-08,1.95092188e-01
9.92765625e-08,1.94845313e-01
9.93165625e-08,1.94929688e-01
9.93565625e-08,1.94878125e-01
9.93965625e-08,1.94915625e-01
9.94365625e-08,1.94885937e-01
9.94765625e-08,1.94910937e-01
9.95165625e-08,1.94890625e-01
9.95565625e-08,1.94909375e-01
9.95965625e-08,1.94892188e-01
9.96365625e-08,1.94907812e-01
9.96765625e-08,1.94893750e-01
9.97165625e-08,1.94906250e-01
9.97565625e-08,1.94893750e-01
9.97965625e-08,1.94906250e-01
9.98365625e-08,1.94895313e-01
9.98765625e-08,1.94904688e-01
9.99165625e-08,1.94895313e-01
9.99565625e-08,1.94904688e-01
9.99965625e-08,1.94895313e-01
1.00036562e-07,1.94904688e-01
1.00076562e-07,1.94895313e-01
1.00116562e-07,1.94903125e-01
1.00156562e-07,1.94896875e-01
1.00196562e-07,1.94903125e-01
1.00236562e-07,1.94896875e-01
1.00276562e-07,1.94903125e-01
1.00316562e-07,1.94896875e-01
1.00356562e-07,1.94903125e-01
1.00396562e-07,1.94896875e-01
1.00436562e-07,1.94903125e-01
1.00476562e-07,1.94896875e-01
1.00516563e-07,1.94903125e-01
1.00556562e-07,1.94896875e-01
1.00596562e-07,1.94903125e-01
1.00636562e-07,1.94896875e-01
1.00676562e-07,1.94901563e-01
1.00716562e-07,1.94898438e-01
1.00756562e-07,1.94901563e-01
1.00796563e-07,1.94898438e-01
1.00836562e-07,1.94901563e-01
1.00876562e-07,1.94898438e-01
1.00916562e-07,1.94901563e-01
1.00956562e-07,1.94898438e-01
1.00996562e-07,1.94901563e-01
1.01036562e-07,1.94898438e-01
1.01076563e-07,1.94901563e-01
1.01116562e-07,1.94898438e-01
1.01156562e-07,1.94901563e-01
1.01196562e-07,1.94900000e-01
1.01236562e-07,1.94900000e-01
1.01276562e-07,1.94900000e-01
1.01316562e-07,1.94900000e-01
1.01356563e-07,1.94900000e-01
1.01396562e-07,1.94900000e-01
1.01436562e-07,1.94901563e-01
1.01476562e-07,1.94898438e-01
1.01516562e-07,1.94901563e-01
1.01556562e-07,1.94898438e-01
1.01596562e-07,1.94903125e-01
1.01636562e-07,1.94896875e-01
1.01676562e-07,1.94904688e-01
1.01716562e-07,1.94893750e-01
1.01756562e-07,1.94907812e-01
1.01796562e-07,1.94890625e-01
1.01836562e-07,1.94912500e-01
1.01876562e-07,1.94882813e-01
1.01916562e-07,1.94926563e-01
1.01956562e-07,1.94848437e-01
1.01996562e-07,1.95104688e-01
1.02036562e-07,1.95357813e-01
1.02076562e-07,1.95267187e-01
1.02116562e-07,1.95323438e-01
1.02156562e-07,1.95281250e-01
1.02196562e-07,1.95315625e-01
1.02236562e-07,1.95285938e-01
1.02276562e-07,1.95312500e-01
1.02316562e-07,1.95289062e-01
1.02356562e-07,1.95310938e-01
1.02396562e-07,1.95290625e-01
1.02436562e-07,1.95309375e-01
1.02476562e-07,1.95290625e-01
1.02516562e-07,1.95307813e-01
1.02556562e-07,1.95292188e-01
1.02596562e-07,1.95307813e-01
1.02636562e-07,1.95292188e-01
1.02676562e-07,1.95307813e-01
1.02716562e-07,1.95292188e-01
1.02756562e-07,1.95307813e-01
1.02796562e-07,1.95293750e-01
1.02836562e-07,1.95306250e-01
1.02876562e-07,1.95293750e-01
1.02916562e-07,1.95306250e-01
1.02956562e-07,1.95293750e-01
1.02996562e-07,1.95306250e-01
1.03036562e-07,1.95293750e-01
1.03076562e-07,1.95306250e-01
1.03116562e-07,1.95293750e-01
1.03156562e-07,1.95306250e-01
1.03196562e-07,1.95293750e-01
1.03236562e-07,1.95306250e-01
1.03276562e-07,1.95293750e-01
1.03316562e-07,1.95306250e-01
1.03356562e-07,1.95293750e-01
1.03396562e-07,1.95306250e-01
1.03436562e-07,1.95293750e-01
1.03476562e-07,1.95306250e-01
1.03516562e-07,1.95293750e-01
1.03556562e-07,1.95306250e-01
1.03596562e-07,1.95293750e-01
1.03636562e-07,1.95306250e-01
1.03676562e-07,1.95293750e-01
1.03716562e-07,1.95306250e-01
1.03756562e-07,1.95292188e-01
1.03796562e-07,1.95307813e-01
1.03836562e-07,1.95292188e-01
1.03876562e-07,1.95307813e-01
1.03916562e-07,1.95292188e-01
1.03956562e-07,1.95307813e-01
1.03996562e-07,1.95290625e-01
1.04036562e-07,1.95309375e-01
1.04076562e-07,1.95290625e-01
1.04116562e-07,1.95310938e-01
1.04156562e-07,1.95287500e-01
1.04196562e-07,1.95314062e-01
1.04236562e-07,1.95284375e-01
1.04276562e-07,1.95318750e-01
1.04316562e-07,1.95276563e-01
1.04356562e-07,1.95332813e-01
1.04396562e-07,1.95242187e-01
1.04436562e-07,1.95510938e-01
1.04476562e-07,1.95751563e-01
1.04516562e-07,1.95673438e-01
1.04556562e-07,1.95717188e-01
1.04596562e-07,1.95687500e-01
1.04636562e-07,1.95709375e-01
1.04676562e-07,1.95692188e-01
1.04716562e-07,1.95706250e-01
1.04756562e-07,1.95695312e-01
1.04796562e-07,1.95704688e-01
1.04836562e-07,1.95696875e-01
1.04876562e-07,1.95703125e-01
1.04916563e-07,1.95696875e-01
1.04956562e-07,1.95701563e-01
1.04996562e-07,1.95698438e-01
1.05036562e-07,1.95701563e-01
1.05076562e-07,1.95698438e-01
1.05116562e-07,1.95701563e-01
1.05156562e-07,1.95700000e-01
1.05196563e-07,1.95700000e-01
1.05236562e-07,1.95700000e-01
1.05276562e-07,1.95700000e-01
1.05316562e-07,1.95700000e-01
1.05356562e-07,1.95700000e-01
1.05396562e-07,1.95700000e-01
1.05436562e-07,1.95700000e-01
1.05476562e-07,1.95700000e-01
1.05516562e-07,1.95700000e-01
1.05556562e-07,1.95701563e-01
1.05596562e-07,1.95698438e-01
1.05636562e-07,1.95701563e-01
1.05676562e-07,1.95698438e-01
1.05716562e-07,1.95701563e-01
1.05756562e-07,1.95698438e-01
1.05796562e-07,1.95701563e-01
1.05836562e-07,1.95696875e-01
1.05876562e-07,1.95703125e-01
1.05916562e-07,1.95696875e-01
1.05956562e-07,1.95703125e-01
1.05996562e-07,1.95695312e-01
1.06036562e-07,1.95704688e-01
1.06076562e-07,1.95693750e-01
1.06116562e-07,1.95707813e-01
1.06156562e-07,1.95690625e-01
1.06196562e-07,1.95712500e-01
1.06236562e-07,1.95682812e-01
1.06276562e-07,1.95726563e-01
1.06316562e-07,1.95648437e-01
1.06356562e-07,1.95903125e-01
1.06396562e-07,1.96159375e-01
1.06436562e-07,1.96064062e-01
1.06476562e-07,1.96126563e-01
1.06516562e-07,1.96078125e-01
1.06556562e-07,1.96120313e-01
1.06596562e-07,1.96081250e-01
1.06636562e-07,1.96118750e-01
1.06676562e-07,1.96079688e-01
1.06716562e-07,1.96123437e-01
1.06756562e-07,1.96073438e-01
1.06796562e-07,1.96135937e-01
1.06836562e-07,1.96039062e-01
1.06876562e-07,1.96314062e-01
1.06916562e-07,1.96550000e-01
1.06956562e-07,1.96475000e-01
1.06996562e-07,1.96517187e-01
1.07036562e-07,1.96489063e-01
1.07076562e-07,1.96509375e-01
1.07116562e-07,1.96493750e-01
1.07156562e-07,1.96506250e-01
1.07196562e-07,1.96495313e-01
1.07236562e-07,1.96503125e-01
1.07276562e-07,1.96496875e-01
1.07316562e-07,1.96503125e-01
1.07356562e-07,1.96498438e-01
1.07396562e-07,1.96501563e-01
1.07436562e-07,1.96498438e-01
1.07476562e-07,1.96501563e-01
1.07516562e-07,1.96498438e-01
1.07556562e-07,1.96500000e-01
1.07596562e-07,1.96500000e-01
1.07636562e-07,1.96500000e-01
1.07676562e-07,1.96500000e-01
1.07716562e-07,1.96500000e-01
1.07756562e-07,1.96501563e-01
1.07796562e-07,1.96498438e-01
1.07836562e-07,1.96501563e-01
1.07876562e-07,1.96498438e-01
1.07916562e-07,1.96501563e-01
1.07956562e-07,1.96496875e-01
1.07996562e-07,1.96503125e-01
1.08036562e-07,1.96495313e-01
1.08076562e-07,1.96504687e-01
1.08116562e-07,1.96493750e-01
1.08156562e-07,1.96506250e-01
1.08196562e-07,1.96492187e-01
1.08236562e-07,1.96510938e-01
1.08276562e-07,1.96485938e-01
1.08316562e-07,1.96518750e-01
1.08356562e-07,1.96470313e-01
1.08396562e-07,1.96554688e-01
1.08436562e-07,1.96292187e-01
1.08476562e-07,1.96045313e-01
1.08516562e-07,1.96129688e-01
1.08556562e-07,1.96079688e-01
1.08596562e-07,1.96114063e-01
1.08636562e-07,1.96089063e-01
1.08676562e-07,1.96107813e-01
1.08716562e-07,1.96095313e-01
1.08756562e-07,1.96100000e-01
1.08796562e-07,1.96104688e-01
1.08836562e-07,1.96084375e-01
1.08876562e-07,1.96140625e-01
1.08916562e-07,1.95906250e-01
1.08956562e-07,1.95631250e-01
1.08996562e-07,1.95746875e-01
1.09036562e-07,1.95662500e-01
1.09076562e-07,1.95732813e-01
1.09116562e-07,1.95668750e-01
1.09156562e-07,1.95731250e-01
1.09196562e-07,1.95665625e-01
1.09236562e-07,1.95737500e-01
1.09276562e-07,1.95653125e-01
1.09316562e-07,1.95771875e-01
1.09356562e-07,1.95476563e-01
1.09396562e-07,1.95262500e-01
1.09436562e-07,1.95314062e-01
1.09476562e-07,1.95295313e-01
1.09516562e-07,1.95298438e-01
1.09556562e-07,1.95306250e-01
1.09596562e-07,1.95289062e-01
1.09636562e-07,1.95317188e-01
1.09676562e-07,1.95273438e-01
1.09716562e-07,1.95351563e-01
1.09756562e-07,1.95095313e-01
1.09796562e-07,1.94842188e-01
1.09836562e-07,1.94934375e-01
1.09876562e-07,1.94875000e-01
1.09916562e-07,1.94921875e-01
1.09956562e-07,1.94878125e-01
1.09996562e-07,1.94925000e-01
1.10036562e-07,1.94868750e-01
1.10076562e-07,1.94954688e-01
1.10116562e-07,1.94693750e-01
1.10156562e-07,1.94442188e-01
1.10196562e-07,1.94534375e-01
1.10236562e-07,1.94473438e-01
1.10276562e-07,1.94525000e-01
1.10316562e-07,1.94475000e-01
1.10356562e-07,1.94528125e-01
1.10396562e-07,1.94464063e-01
1.10436562e-07,1.94559375e-01
1.10476562e-07,1.94287500e-01
1.10516562e-07,1.94048438e-01
1.10556562e-07,1.94129688e-01
1.10596562e-07,1.94078125e-01
1.10636562e-07,1.94118750e-01
1.10676562e-07,1.94081250e-01
1.10716562e-07,1.94121875e-01
1.10756562e-07,1.94070313e-01
1.10796562e-07,1.94153125e-01
1.10836562e-07,1.93895312e-01
1.10876562e-07,1.93642188e-01
1.10916562e-07,1.93735938e-01
1.10956562e-07,1.93673438e-01
1.10996562e-07,1.93723438e-01
1.11036562e-07,1.93679688e-01
1.11076562e-07,1.93720313e-01
1.11116562e-07,1.93679688e-01
1.11156562e-07,1.93720313e-01
1.11196562e-07,1.93679688e-01
1.11236562e-07,1.93721875e-01
1.11276562e-07,1.93676563e-01
1.11316562e-07,1.93725000e-01
1.11356562e-07,1.93670312e-01
1.11396562e-07,1.93734375e-01
1.11436562e-07,1.93654688e-01
1.11476562e-07,1.93771875e-01
1.11516562e-07,1.93473438e-01
1.11556562e-07,1.93268750e-01
1.11596562e-07,1.93303125e-01
1.11636562e-07,1.93315625e-01
1.11676562e-07,1.93253125e-01
1.11716562e-07,1.93503125e-01
1.11756562e-07,1.93757813e-01
1.11796562e-07,1.93668750e-01
1.11836562e-07,1.93721875e-01
1.11876562e-07,1.93684375e-01
1.11916562e-07,1.93710938e-01
1.11956562e-07,1.93692188e-01
1.11996562e-07,1.93704688e-01
1.12036562e-07,1.93696875e-01
1.12076562e-07,1.93701563e-01
1.12116562e-07,1.93701563e-01
1.12156562e-07,1.93696875e-01
1.12196562e-07,1.93704688e-01
1.12236562e-07,1.93692188e-01
1.12276562e-07,1.93712500e-01
1.12316562e-07,1.93682812e-01
1.12356562e-07,1.93728125e-01
1.12396562e-07,1.93646875e-01
1.12436562e-07,1.93907812e-01
1.12476562e-07,1.94153125e-01
1.12516562e-07,1.94070313e-01
1.12556562e-07,1.94118750e-01
1.12596562e-07,1.94087500e-01
1.12636562e-07,1.94107813e-01
1.12676562e-07,1.94095313e-01
1.12716562e-07,1.94101563e-01
1.12756562e-07,1.94103125e-01
1.12796562e-07,1.94090625e-01
1.12836562e-07,1.94120313e-01
1.12876562e-07,1.94054688e-01
1.12916562e-07,1.94300000e-01
1.12956562e-07,1.94562500e-01
1.12996562e-07,1.94462500e-01
1.13036562e-07,1.94528125e-01
1.13076562e-07,1.94478125e-01
1.13116562e-07,1.94518750e-01
1.13156562e-07,1.94482813e-01
1.13196562e-07,1.94514063e-01
1.13236562e-07,1.94487500e-01
1.13276562e-07,1.94510938e-01
1.13316562e-07,1.94489063e-01
1.13356562e-07,1.94509375e-01
1.13396562e-07,1.94492187e-01
1.13436562e-07,1.94506250e-01
1.13476562e-07,1.94493750e-01
1.13516562e-07,1.94504687e-01
1.13556562e-07,1.94496875e-01
1.13596562e-07,1.94500000e-01
1.13636562e-07,1.94503125e-01
1.13676562e-07,1.94492187e-01
1.13716562e-07,1.94517188e-01
1.13756562e-07,1.94457812e-01
1.13796562e-07,1.94695312e-01
1.13836562e-07,1.94965625e-01
1.13876562e-07,1.94857813e-01
1.13916562e-07,1.94932812e-01
1.13956562e-07,1.94871875e-01
1.13996562e-07,1.94925000e-01
1.14036562e-07,1.94876563e-01
1.14076562e-07,1.94921875e-01
1.14116562e-07,1.94878125e-01
1.14156562e-07,1.94921875e-01
1.14196562e-07,1.94878125e-01
1.14236562e-07,1.94921875e-01
1.14276562e-07,1.94878125e-01
1.14316562e-07,1.94921875e-01
1.14356562e-07,1.94876563e-01
1.14396562e-07,1.94925000e-01
1.14436562e-07,1.94871875e-01
1.14476562e-07,1.94932812e-01
1.14516562e-07,1.94857813e-01
1.14556562e-07,1.94967187e-01
1.14596562e-07,1.94679688e-01
1.14636562e-07,1.94457812e-01
1.14676562e-07,1.94517188e-01
1.14716562e-07,1.94492187e-01
1.14756562e-07,1.94503125e-01
1.14796562e-07,1.94500000e-01
1.14836562e-07,1.94496875e-01
1.14876562e-07,1.94504687e-01
1.14916562e-07,1.94493750e-01
1.14956562e-07,1.94506250e-01
1.14996562e-07,1.94492187e-01
1.15036562e-07,1.94509375e-01
1.15076562e-07,1.94489063e-01
1.15116562e-07,1.94512500e-01
1.15156562e-07,1.94485938e-01
1.15196562e-07,1.94517188e-01
1.15236562e-07,1.94479687e-01
1.15276562e-07,1.94526562e-01
1.15316562e-07,1.94464063e-01
1.15356562e-07,1.94560938e-01
1.15396562e-07,1.94285938e-01
1.15436562e-07,1.94053125e-01
1.15476562e-07,1.94121875e-01
1.15516562e-07,1.94087500e-01
1.15556562e-07,1.94106250e-01
1.15596562e-07,1.94098437e-01
1.15636562e-07,1.94098437e-01
1.15676562e-07,1.94104688e-01
1.15716562e-07,1.94090625e-01
1.15756562e-07,1.94115625e-01
1.15796562e-07,1.94075000e-01
1.15836562e-07,1.94151563e-01
1.15876562e-07,1.93895312e-01
1.15916562e-07,1.93642188e-01
1.15956562e-07,1.93732813e-01
1.15996562e-07,1.93676563e-01
1.16036562e-07,1.93718750e-01
1.16076562e-07,1.93684375e-01
1.16116562e-07,1.93714063e-01
1.16156562e-07,1.93687500e-01
1.16196562e-07,1.93710938e-01
1.16236562e-07,1.93690625e-01
1.16276562e-07,1.93709375e-01
1.16316562e-07,1.93690625e-01
1.16356562e-07,1.93709375e-01
1.16396562e-07,1.93690625e-01
1.16436562e-07,1.93709375e-01
1.16476562e-07,1.93690625e-01
1.16516562e-07,1.93710938e-01
1.16556562e-07,1.93687500e-01
1.16596562e-07,1.93714063e-01
1.16636562e-07,1.93681250e-01
1.16676562e-07,1.93728125e-01
1.16716562e-07,1.93648437e-01
1.16756562e-07,1.93903125e-01
1.16796562e-07,1.94159375e-01
1.16836562e-07,1.94062500e-01
1.16876562e-07,1.94129688e-01
1.16916562e-07,1.94073438e-01
1.16956562e-07,1.94128125e-01
1.16996562e-07,1.94068750e-01
1.17036562e-07,1.94139063e-01
1.17076562e-07,1.94035938e-01
1.17116562e-07,1.94317188e-01
1.17156562e-07,1.94545313e-01
1.17196562e-07,1.94479687e-01
1.17236562e-07,1.94510938e-01
1.17276562e-07,1.94496875e-01
1.17316562e-07,1.94496875e-01
1.17356562e-07,1.94514063e-01
1.17396562e-07,1.94460938e-01
1.17436562e-07,1.94692188e-01
1.17476562e-07,1.94970313e-01
1.17516562e-07,1.94851563e-01
1.17556562e-07,1.94942188e-01
1.17596562e-07,1.94857813e-01
1.17636562e-07,1.94948438e-01
1.17676562e-07,1.94828125e-01
1.17716562e-07,1.95123437e-01
1.17756562e-07,1.95339062e-01
1.17796562e-07,1.95285938e-01
1.17836562e-07,1.95304688e-01
1.17876562e-07,1.95303125e-01
1.17916562e-07,1.95290625e-01
1.17956562e-07,1.95320313e-01
1.17996562e-07,1.95254687e-01
1.18036562e-07,1.95498438e-01
1.18076562e-07,1.95764063e-01
1.18116562e-07,1.95657813e-01
1.18156562e-07,1.95735938e-01
1.18196562e-07,1.95665625e-01
1.18236562e-07,1.95740625e-01
1.18276562e-07,1.95637500e-01
1.18316562e-07,1.95914063e-01
1.18356562e-07,1.96150000e-01
1.18396562e-07,1.96071875e-01
1.18436562e-07,1.96121875e-01
1.18476562e-07,1.96081250e-01
1.18516562e-07,1.96118750e-01
1.18556562e-07,1.96076562e-01
1.18596562e-07,1.96131250e-01
1.18636562e-07,1.96045313e-01
1.18676562e-07,1.96307813e-01
1.18716562e-07,1.96554688e-01
1.18756562e-07,1.96468750e-01
1.18796562e-07,1.96523438e-01
1.18836562e-07,1.96481250e-01
1.18876562e-07,1.96515625e-01
1.18916562e-07,1.96485938e-01
1.18956562e-07,1.96512500e-01
1.18996562e-07,1.96487500e-01
1.19036562e-07,1.96510938e-01
1.19076562e-07,1.96489063e-01
1.19116562e-07,1.96510938e-01
1.19156562e-07,1.96489063e-01
1.19196562e-07,1.96510938e-01
1.19236562e-07,1.96489063e-01
1.19276562e-07,1.96510938e-01
1.19316562e-07,1.96489063e-01
1.19356563e-07,1.96510938e-01
1.19396562e-07,1.96487500e-01
1.19436562e-07,1.96512500e-01
1.19476562e-07,1.96487500e-01
1.19516562e-07,1.96514063e-01
1.19556562e-07,1.96485938e-01
1.19596562e-07,1.96515625e-01
1.19636563e-07,1.96482812e-01
1.19676562e-07,1.96520313e-01
1.19716562e-07,1.96476563e-01
1.19756562e-07,1.96528125e-01
1.19796562e-07,1.96462500e-01
1.19836562e-07,1.96564062e-01
1.19876562e-07,1.96282813e-01
1.19916563e-07,1.96054688e-01
1.19956562e-07,1.96120313e-01
1.19996562e-07,1.96089063e-01
1.20036563e-07,1.96104688e-01
1.20076562e-07,1.96100000e-01
1.20116562e-07,1.96096875e-01
1.20156562e-07,1.96107813e-01
1.20196563e-07,1.96089063e-01
1.20236562e-07,1.96117188e-01
1.20276562e-07,1.96071875e-01
1.20316563e-07,1.96153125e-01
1.20356562e-07,1.95892188e-01
1.20396562e-07,1.95645313e-01
1.20436562e-07,1.95729687e-01
1.20476563e-07,1.95679688e-01
1.20516562e-07,1.95714063e-01
1.20556562e-07,1.95689063e-01
1.20596563e-07,1.95709375e-01
1.20636562e-07,1.95693750e-01
1.20676562e-07,1.95704688e-01
1.20716562e-07,1.95696875e-01
1.20756563e-07,1.95701563e-01
1.20796562e-07,1.95700000e-01
1.20836562e-07,1.95700000e-01
1.20876563e-07,1.95703125e-01
1.20916562e-07,1.95695312e-01
1.20956562e-07,1.95706250e-01
1.20996562e-07,1.95689063e-01
1.21036563e-07,1.95715625e-01
1.21076562e-07,1.95675000e-01
1.21116562e-07,1.95750000e-01
1.21156563e-07,1.95495313e-01
1.21196562e-07,1.95242187e-01
1.21236562e-07,1.95334375e-01
1.21276562e-07,1.95275000e-01
1.21316563e-07,1.95318750e-01
1.21356562e-07,1.95284375e-01
1.21396562e-07,1.95314062e-01
1.21436563e-07,1.95287500e-01
1.21476562e-07,1.95310938e-01
1.21516562e-07,1.95290625e-01
1.21556562e-07,1.95309375e-01
1.21596563e-07,1.95292188e-01
1.21636562e-07,1.95307813e-01
1.21676562e-07,1.95292188e-01
1.21716563e-07,1.95306250e-01
1.21756562e-07,1.95293750e-01
1.21796562e-07,1.95306250e-01
1.21836562e-07,1.95293750e-01
1.21876563e-07,1.95306250e-01
1.21916562e-07,1.95295313e-01
1.21956562e-07,1.95304688e-01
1.21996563e-07,1.95295313e-01
1.22036562e-07,1.95304688e-01
1.22076562e-07,1.95295313e-01
1.22116562e-07,1.95304688e-01
1.22156563e-07,1.95295313e-01
1.22196562e-07,1.95303125e-01
1.22236562e-07,1.95296875e-01
1.22276563e-07,1.95303125e-01
1.22316562e-07,1.95296875e-01
1.22356562e-07,1.95303125e-01
1.22396562e-07,1.95296875e-01
1.22436563e-07,1.95303125e-01
1.22476562e-07,1.95296875e-01
1.22516562e-07,1.95301562e-01
1.22556563e-07,1.95298438e-01
1.22596562e-07,1.95301562e-01
1.22636562e-07,1.95298438e-01
1.22676562e-07,1.95301562e-01
1.22716563e-07,1.95298438e-01
1.22756562e-07,1.95301562e-01
1.22796562e-07,1.95298438e-01
1.22836563e-07,1.95300000e-01
1.22876562e-07,1.95300000e-01
1.22916562e-07,1.95300000e-01
1.22956562e-07,1.95300000e-01
1.22996563e-07,1.95300000e-01
1.23036562e-07,1.95301562e-01
1.23076562e-07,1.95298438e-01
1.23116563e-07,1.95303125e-01
1.23156562e-07,1.95296875e-01
1.23196562e-07,1.95304688e-01
1.23236562e-07,1.95295313e-01
1.23276563e-07,1.95306250e-01
1.23316562e-07,1.95290625e-01
1.23356562e-07,1.95312500e-01
1.23396563e-07,1.95282813e-01
1.23436562e-07,1.95326563e-01
1.23476562e-07,1.95248438e-01
1.23516562e-07,1.95504687e-01
1.23556563e-07,1.95757813e-01
1.23596562e-07,1.95665625e-01
1.23636562e-07,1.95723438e-01
1.23676563e-07,1.95681250e-01
1.23716562e-07,1.95715625e-01
1.23756562e-07,1.95685938e-01
1.23796562e-07,1.95712500e-01
1.23836563e-07,1.95689063e-01
1.23876562e-07,1.95710938e-01
1.23916562e-07,1.95690625e-01
1.23956563e-07,1.95709375e-01
1.23996562e-07,1.95690625e-01
1.24036562e-07,1.95707813e-01
1.24076562e-07,1.95692188e-01
1.24116563e-07,1.95707813e-01
1.24156562e-07,1.95692188e-01
1.24196562e-07,1.95706250e-01
1.24236563e-07,1.95693750e-01
1.24276562e-07,1.95706250e-01
1.24316562e-07,1.95693750e-01
1.24356562e-07,1.95706250e-01
1.24396562e-07,1.95693750e-01
1.24436562e-07,1.95706250e-01
1.24476562e-07,1.95693750e-01
1.24516563e-07,1.95706250e-01
1.24556562e-07,1.95693750e-01
1.24596562e-07,1.95706250e-01
1.24636562e-07,1.95695312e-01
1.24676562e-07,1.95704688e-01
1.24716562e-07,1.95695312e-01
1.24756562e-07,1.95704688e-01
1.24796563e-07,1.95695312e-01
1.24836562e-07,1.95704688e-01
1.24876562e-07,1.95695312e-01
1.24916562e-07,1.95704688e-01
1.24956562e-07,1.95695312e-01
1.24996562e-07,1.95704688e-01
1.25036562e-07,1.95695312e-01
1.25076563e-07,1.95704688e-01
1.25116562e-07,1.95695312e-01
1.25156562e-07,1.95704688e-01
1.25196562e-07,1.95695312e-01
1.25236562e-07,1.95704688e-01
1.25276562e-07,1.95695312e-01
1.25316562e-07,1.95704688e-01
1.25356563e-07,1.95696875e-01
1.25396562e-07,1.95703125e-01
1.25436562e-07,1.95696875e-01
1.25476562e-07,1.95703125e-01
1.25516562e-07,1.95696875e-01
1.25556562e-07,1.95703125e-01
1.25596562e-07,1.95696875e-01
1.25636563e-07,1.95703125e-01
1.25676562e-07,1.95696875e-01
1.25716562e-07,1.95703125e-01
1.25756562e-07,1.95698438e-01
1.25796562e-07,1.95701563e-01
1.25836562e-07,1.95698438e-01
1.25876562e-07,1.95701563e-01
1.25916563e-07,1.95700000e-01
1.25956562e-07,1.95700000e-01
1.25996562e-07,1.95701563e-01
1.26036562e-07,1.95698438e-01
1.26076562e-07,1.95703125e-01
1.26116562e-07,1.95695312e-01
1.26156562e-07,1.95707813e-01
1.26196563e-07,1.95685938e-01
1.26236562e-07,1.95723438e-01
1.26276562e-07,1.95651563e-01
1.26316562e-07,1.95901563e-01
1.26356562e-07,1.96160938e-01
1.26396562e-07,1.96062500e-01
1.26436562e-07,1.96128125e-01
1.26476563e-07,1.96076562e-01
1.26516562e-07,1.96120313e-01
1.26556562e-07,1.96081250e-01
1.26596562e-07,1.96117188e-01
1.26636562e-07,1.96082813e-01
1.26676562e-07,1.96115625e-01
1.26716562e-07,1.96084375e-01
1.26756563e-07,1.96115625e-01
1.26796562e-07,1.96084375e-01
1.26836562e-07,1.96115625e-01
1.26876562e-07,1.96084375e-01
1.26916562e-07,1.96115625e-01
1.26956562e-07,1.96084375e-01
1.26996562e-07,1.96115625e-01
1.27036563e-07,1.96082813e-01
1.27076562e-07,1.96117188e-01
1.27116562e-07,1.96081250e-01
1.27156562e-07,1.96120313e-01
1.27196562e-07,1.96078125e-01
1.27236562e-07,1.96125000e-01
1.27276562e-07,1.96070313e-01
1.27316563e-07,1.96139063e-01
1.27356562e-07,1.96035938e-01
1.27396562e-07,1.96317188e-01
1.27436562e-07,1.96545313e-01
1.27476562e-07,1.96478125e-01
1.27516562e-07,1.96512500e-01
1.27556562e-07,1.96493750e-01
1.27596563e-07,1.96503125e-01
1.27636562e-07,1.96498438e-01
1.27676562e-07,1.96500000e-01
1.27716562e-07,1.96501563e-01
1.27756562e-07,1.96498438e-01
1.27796562e-07,1.96503125e-01
1.27836562e-07,1.96496875e-01
1.27876563e-07,1.96504687e-01
1.27916562e-07,1.96495313e-01
1.27956562e-07,1.96504687e-01
1.27996562e-07,1.96495313e-01
1.28036562e-07,1.96506250e-01
1.28076562e-07,1.96493750e-01
1.28116562e-07,1.96506250e-01
1.28156563e-07,1.96493750e-01
1.28196562e-07,1.96507813e-01
1.28236562e-07,1.96492187e-01
1.28276562e-07,1.96507813e-01
1.28316562e-07,1.96492187e-01
1.28356562e-07,1.96507813e-01
1.28396562e-07,1.96490625e-01
1.28436563e-07,1.96509375e-01
1.28476562e-07,1.96490625e-01
1.28516562e-07,1.96510938e-01
1.28556563e-07,1.96489063e-01
1.28596562e-07,1.96510938e-01
1.28636562e-07,1.96487500e-01
1.28676562e-07,1.96512500e-01
1.28716563e-07,1.96485938e-01
1.28756562e-07,1.96514063e-01
1.28796562e-07,1.96484375e-01
1.28836563e-07,1.96517187e-01
1.28876562e-07,1.96481250e-01
1.28916562e-07,1.96521875e-01
1.28956562e-07,1.96475000e-01
1.28996563e-07,1.96531250e-01
1.29036562e-07,1.96459375e-01
1.29076562e-07,1.96567188e-01
1.29116563e-07,1.96279688e-01
1.29156562e-07,1.96059375e-01
1.29196562e-07,1.96115625e-01
1.29236562e-07,1.96095313e-01
1.29276563e-07,1.96098438e-01
1.29316562e-07,1.96106250e-01
1.29356562e-07,1.96087500e-01
1.29396563e-07,1.96118750e-01
1.29436562e-07,1.96070313e-01
1.29476562e-07,1.96156250e-01
1.29516562e-07,1.95889063e-01
1.29556563e-07,1.95650000e-01
1.29596562e-07,1.95725000e-01
1.29636562e-07,1.95684375e-01
1.29676563e-07,1.95709375e-01
1.29716562e-07,1.95695312e-01
1.29756562e-07,1.95700000e-01
1.29796562e-07,1.95703125e-01
1.29836563e-07,1.95692188e-01
1.29876562e-07,1.95714063e-01
1.29916562e-07,1.95675000e-01
1.29956563e-07,1.95750000e-01
1.29996562e-07,1.95495313e-01
1.30036562e-07,1.95242187e-01
1.30076562e-07,1.95332813e-01
1.30116563e-07,1.95276563e-01
1.30156562e-07,1.95318750e-01
1.30196562e-07,1.95285938e-01
1.30236563e-07,1.95312500e-01
1.30276562e-07,1.95289062e-01
1.30316562e-07,1.95309375e-01
1.30356562e-07,1.95292188e-01
1.30396563e-07,1.95306250e-01
1.30436562e-07,1.95293750e-01
1.30476562e-07,1.95304688e-01
1.30516563e-07,1.95295313e-01
1.30556562e-07,1.95304688e-01
1.30596562e-07,1.95296875e-01
1.30636562e-07,1.95303125e-01
1.30676563e-07,1.95296875e-01
1.30716562e-07,1.95301562e-01
1.30756562e-07,1.95298438e-01
1.30796563e-07,1.95301562e-01
1.30836562e-07,1.95300000e-01
1.30876562e-07,1.95300000e-01
1.30916562e-07,1.95300000e-01
1.30956563e-07,1.95300000e-01
1.30996562e-07,1.95301562e-01
1.31036562e-07,1.95298438e-01
1.31076563e-07,1.95301562e-01
1.31116562e-07,1.95296875e-01
1.31156562e-07,1.95303125e-01
1.31196562e-07,1.95296875e-01
1.31236563e-07,1.95304688e-01
1.31276562e-07,1.95295313e-01
1.31316562e-07,1.95304688e-01
1.31356563e-07,1.95293750e-01
1.31396562e-07,1.95307813e-01
1.31436562e-07,1.95290625e-01
1.31476562e-07,1.95310938e-01
1.31516563e-07,1.95287500e-01
1.31556562e-07,1.95315625e-01
1.31596562e-07,1.95278125e-01
1.31636563e-07,1.95331250e-01
1.31676562e-07,1.95243750e-01
1.31716562e-07,1.95509375e-01
1.31756562e-07,1.95753125e-01
1.31796563e-07,1.95671875e-01
1.31836562e-07,1.95718750e-01
1.31876562e-07,1.95685938e-01
1.31916563e-07,1.95710938e-01
1.31956562e-07,1.95692188e-01
1.31996562e-07,1.95706250e-01
1.32036562e-07,1.95695312e-01
1.32076562e-07,1.95703125e-01
1.32116562e-07,1.95696875e-01
1.32156562e-07,1.95701563e-01
1.32196563e-07,1.95698438e-01
1.32236562e-07,1.95700000e-01
1.32276562e-07,1.95700000e-01
1.32316562e-07,1.95698438e-01
1.32356562e-07,1.95703125e-01
1.32396562e-07,1.95696875e-01
1.32436562e-07,1.95704688e-01
1.32476563e-07,1.95693750e-01
1.32516562e-07,1.95707813e-01
1.32556562e-07,1.95689063e-01
1.32596562e-07,1.95714063e-01
1.32636562e-07,1.95681250e-01
1.32676562e-07,1.95729687e-01
1.32716562e-07,1.95645313e-01
1.32756563e-07,1.95907813e-01
1.32796562e-07,1.96154688e-01
1.32836562e-07,1.96070313e-01
1.32876562e-07,1.96120313e-01
1.32916562e-07,1.96084375e-01
1.32956562e-07,1.96110937e-01
1.32996562e-07,1.96090625e-01
1.33036563e-07,1.96107813e-01
1.33076562e-07,1.96095313e-01
1.33116562e-07,1.96104688e-01
1.33156562e-07,1.96096875e-01
1.33196562e-07,1.96101562e-01
1.33236562e-07,1.96100000e-01
1.33276562e-07,1.96098438e-01
1.33316563e-07,1.96103125e-01
1.33356562e-07,1.96093750e-01
1.33396562e-07,1.96109375e-01
1.33436562e-07,1.96084375e-01
1.33476562e-07,1.96125000e-01
1.33516562e-07,1.96050000e-01
1.33556562e-07,1.96303125e-01
1.33596563e-07,1.96557813e-01
1.33636562e-07,1.96465625e-01
1.33676562e-07,1.96525000e-01
1.33716562e-07,1.96481250e-01
1.33756562e-07,1.96515625e-01
1.33796562e-07,1.96487500e-01
1.33836562e-07,1.96510938e-01
1.33876563e-07,1.96490625e-01
1.33916562e-07,1.96509375e-01
1.33956562e-07,1.96492187e-01
1.33996562e-07,1.96506250e-01
1.34036562e-07,1.96493750e-01
1.34076562e-07,1.96504687e-01
1.34116562e-07,1.96496875e-01
1.34156563e-07,1.96501563e-01
1.34196562e-07,1.96498438e-01
1.34236562e-07,1.96498438e-01
1.34276562e-07,1.96503125e-01
1.34316562e-07,1.96493750e-01
1.34356562e-07,1.96512500e-01
1.34396562e-07,1.96478125e-01
1.34436563e-07,1.96546875e-01
1.34476562e-07,1.96300000e-01
1.34516562e-07,1.96037500e-01
1.34556562e-07,1.96137500e-01
1.34596562e-07,1.96071875e-01
1.34636562e-07,1.96123437e-01
1.34676562e-07,1.96079688e-01
1.34716563e-07,1.96118750e-01
1.34756562e-07,1.96082813e-01
1.34796562e-07,1.96115625e-01
1.34836562e-07,1.96084375e-01
1.34876562e-07,1.96114063e-01
1.34916562e-07,1.96085938e-01
1.34956562e-07,1.96114063e-01
1.34996563e-07,1.96087500e-01
1.35036562e-07,1.96112500e-01
1.35076562e-07,1.96087500e-01
1.35116562e-07,1.96112500e-01
1.35156562e-07,1.96087500e-01
1.35196562e-07,1.96112500e-01
1.35236562e-07,1.96087500e-01
1.35276563e-07,1.96112500e-01
1.35316562e-07,1.96087500e-01
1.35356562e-07,1.96112500e-01
1.35396562e-07,1.96085938e-01
1.35436562e-07,1.96114063e-01
1.35476562e-07,1.96084375e-01
1.35516562e-07,1.96115625e-01
1.35556563e-07,1.96082813e-01
1.35596562e-07,1.96118750e-01
1.35636562e-07,1.96078125e-01
1.35676562e-07,1.96126563e-01
1.35716562e-07,1.96062500e-01
1.35756562e-07,1.96160938e-01
1.35796562e-07,1.95885937e-01
1.35836563e-07,1.95651563e-01
1.35876562e-07,1.95723438e-01
1.35916562e-07,1.95685938e-01
1.35956562e-07,1.95709375e-01
1.35996562e-07,1.95693750e-01
1.36036562e-07,1.95704688e-01
1.36076562e-07,1.95696875e-01
1.36116563e-07,1.95701563e-01
1.36156562e-07,1.95698438e-01
1.36196562e-07,1.95700000e-01
1.36236562e-07,1.95700000e-01
1.36276562e-07,1.95700000e-01
1.36316562e-07,1.95701563e-01
1.36356562e-07,1.95698438e-01
1.36396563e-07,1.95701563e-01
1.36436562e-07,1.95698438e-01
1.36476562e-07,1.95701563e-01
1.36516562e-07,1.95698438e-01
1.36556562e-07,1.95703125e-01
1.36596562e-07,1.95696875e-01
1.36636562e-07,1.95703125e-01
1.36676563e-07,1.95696875e-01
1.36716562e-07,1.95703125e-01
1.36756562e-07,1.95696875e-01
1.36796562e-07,1.95703125e-01
1.36836562e-07,1.95696875e-01
1.36876562e-07,1.95704688e-01
1.36916562e-07,1.95695312e-01
1.36956563e-07,1.95704688e-01
1.36996562e-07,1.95695312e-01
1.37036562e-07,1.95704688e-01
1.37076562e-07,1.95693750e-01
1.37116562e-07,1.95706250e-01
1.37156562e-07,1.95693750e-01
1.37196562e-07,1.95707813e-01
1.37236563e-07,1.95692188e-01
1.37276562e-07,1.95709375e-01
1.37316562e-07,1.95690625e-01
1.37356563e-07,1.95710938e-01
1.37396562e-07,1.95685938e-01
1.37436562e-07,1.95717188e-01
1.37476562e-07,1.95678125e-01
1.37516563e-07,1.95731250e-01
1.37556562e-07,1.95643750e-01
1.37596562e-07,1.95909375e-01
1.37636563e-07,1.96153125e-01
1.37676562e-07,1.96070313e-01
1.37716562e-07,1.96120313e-01
1.37756562e-07,1.96085938e-01
1.37796563e-07,1.96110937e-01
1.37836562e-07,1.96090625e-01
1.37876562e-07,1.96107813e-01
1.37916563e-07,1.96093750e-01
1.37956562e-07,1.96106250e-01
1.37996562e-07,1.96095313e-01
1.38036562e-07,1.96104688e-01
1.38076563e-07,1.96095313e-01
1.38116562e-07,1.96103125e-01
1.38156562e-07,1.96096875e-01
1.38196563e-07,1.96103125e-01
1.38236562e-07,1.96096875e-01
1.38276562e-07,1.96101562e-01
1.38316562e-07,1.96098438e-01
1.38356563e-07,1.96101562e-01
1.38396562e-07,1.96098438e-01
1.38436562e-07,1.96100000e-01
1.38476563e-07,1.96100000e-01
1.38516562e-07,1.96100000e-01
1.38556562e-07,1.96101562e-01
1.38596562e-07,1.96098438e-01
1.38636563e-07,1.96103125e-01
1.38676562e-07,1.96096875e-01
1.38716562e-07,1.96106250e-01
1.38756563e-07,1.96092188e-01
1.38796562e-07,1.96114063e-01
1.38836562e-07,1.96078125e-01
1.38876562e-07,1.96146875e-01
1.38916563e-07,1.95900000e-01
1.38956562e-07,1.95637500e-01
1.38996562e-07,1.95740625e-01
1.39036563e-07,1.95668750e-01
1.39076562e-07,1.95728125e-01
1.39116562e-07,1.95673438e-01
1.39156562e-07,1.95726563e-01
1.39196563e-07,1.95671875e-01
1.39236562e-07,1.95732813e-01
1.39276562e-07,1.95657813e-01
1.39316563e-07,1.95765625e-01
1.39356562e-07,1.95481250e-01
1.39396562e-07,1.95256250e-01
1.39436562e-07,1.95320313e-01
1.39476562e-07,1.95290625e-01
1.39516562e-07,1.95304688e-01
1.39556562e-07,1.95298438e-01
1.39596563e-07,1.95298438e-01
1.39636562e-07,1.95303125e-01
1.39676562e-07,1.95293750e-01
1.39716562e-07,1.95309375e-01
1.39756562e-07,1.95287500e-01
1.39796562e-07,1.95318750e-01
1.39836562e-07,1.95271875e-01
1.39876563e-07,1.95353125e-01
1.39916562e-07,1.95092188e-01
1.39956562e-07,1.94845313e-01
1.39996562e-07,1.94931250e-01
1.40036562e-07,1.94879688e-01
1.40076562e-07,1.94915625e-01
1.40116562e-07,1.94887500e-01
1.40156563e-07,1.94909375e-01
1.40196562e-07,1.94892188e-01
1.40236562e-07,1.94906250e-01
1.40276562e-07,1.94895313e-01
1.40316562e-07,1.94903125e-01
1.40356562e-07,1.94898438e-01
1.40396562e-07,1.94898438e-01
1.40436563e-07,1.94904688e-01
1.40476562e-07,1.94890625e-01
1.40516562e-07,1.94920312e-01
1.40556562e-07,1.94854688e-01
1.40596562e-07,1.95096875e-01
1.40636562e-07,1.95364063e-01
1.40676562e-07,1.95259375e-01
1.40716563e-07,1.95332813e-01
1.40756562e-07,1.95271875e-01
1.40796562e-07,1.95325000e-01
1.40836562e-07,1.95276563e-01
1.40876562e-07,1.95323438e-01
1.40916562e-07,1.95276563e-01
1.40956562e-07,1.95323438e-01
1.40996563e-07,1.95275000e-01
1.41036562e-07,1.95328125e-01
1.41076562e-07,1.95267187e-01
1.41116562e-07,1.95342188e-01
1.41156562e-07,1.95232813e-01
1.41196562e-07,1.95520313e-01
1.41236562e-07,1.95742187e-01
1.41276563e-07,1.95681250e-01
1.41316562e-07,1.95707813e-01
1.41356562e-07,1.95696875e-01
1.41396562e-07,1.95700000e-01
1.41436562e-07,1.95703125e-01
1.41476562e-07,1.95693750e-01
1.41516562e-07,1.95707813e-01
1.41556563e-07,1.95689063e-01
1.41596562e-07,1.95714063e-01
1.41636562e-07,1.95679688e-01
1.41676562e-07,1.95729687e-01
1.41716562e-07,1.95643750e-01
1.41756562e-07,1.95909375e-01
1.41796562e-07,1.96153125e-01
1.41836563e-07,1.96071875e-01
1.41876562e-07,1.96118750e-01
1.41916562e-07,1.96085938e-01
1.41956562e-07,1.96110937e-01
1.41996562e-07,1.96092188e-01
1.42036562e-07,1.96106250e-01
1.42076562e-07,1.96095313e-01
1.42116563e-07,1.96103125e-01
1.42156562e-07,1.96096875e-01
1.42196562e-07,1.96101562e-01
1.42236562e-07,1.96100000e-01
1.42276562e-07,1.96100000e-01
1.42316562e-07,1.96101562e-01
1.42356562e-07,1.96096875e-01
1.42396563e-07,1.96104688e-01
1.42436562e-07,1.96093750e-01
1.42476562e-07,1.96107813e-01
1.42516562e-07,1.96089063e-01
1.42556562e-07,1.96117188e-01
1.42596562e-07,1.96073438e-01
1.42636562e-07,1.96151563e-01
1.42676563e-07,1.95895313e-01
1.42716562e-07,1.95642188e-01
1.42756562e-07,1.95732813e-01
1.42796562e-07,1.95676563e-01
1.42836562e-07,1.95718750e-01
1.42876562e-07,1.95684375e-01
1.42916562e-07,1.95714063e-01
1.42956563e-07,1.95687500e-01
1.42996562e-07,1.95710938e-01
1.43036562e-07,1.95690625e-01
1.43076562e-07,1.95709375e-01
1.43116562e-07,1.95692188e-01
1.43156562e-07,1.95707813e-01
1.43196562e-07,1.95692188e-01
1.43236563e-07,1.95706250e-01
1.43276562e-07,1.95693750e-01
1.43316562e-07,1.95706250e-01
1.43356562e-07,1.95693750e-01
1.43396562e-07,1.95706250e-01
1.43436562e-07,1.95695312e-01
1.43476562e-07,1.95704688e-01
1.43516563e-07,1.95695312e-01
1.43556562e-07,1.95704688e-01
1.43596562e-07,1.95695312e-01
1.43636562e-07,1.95704688e-01
1.43676562e-07,1.95695312e-01
1.43716562e-07,1.95703125e-01
1.43756562e-07,1.95696875e-01
1.43796563e-07,1.95703125e-01
1.43836562e-07,1.95696875e-01
1.43876562e-07,1.95703125e-01
1.43916562e-07,1.95696875e-01
1.43956562e-07,1.95701563e-01
1.43996562e-07,1.95698438e-01
1.44036562e-07,1.95701563e-01
1.44076563e-07,1.95700000e-01
1.44116562e-07,1.95700000e-01
1.44156562e-07,1.95701563e-01
1.44196562e-07,1.95698438e-01
1.44236562e-07,1.95703125e-01
1.44276562e-07,1.95693750e-01
1.44316562e-07,1.95709375e-01
1.44356563e-07,1.95685938e-01
1.44396562e-07,1.95723438e-01
1.44436562e-07,1.95651563e-01
1.44476562e-07,1.95901563e-01
1.44516562e-07,1.96160938e-01
1.44556562e-07,1.96062500e-01
1.44596562e-07,1.96128125e-01
1.44636563e-07,1.96076562e-01
1.44676562e-07,1.96120313e-01
1.44716562e-07,1.96081250e-01
1.44756562e-07,1.96117188e-01
1.44796562e-07,1.96084375e-01
1.44836562e-07,1.96115625e-01
1.44876562e-07,1.96085938e-01
1.44916563e-07,1.96114063e-01
1.44956562e-07,1.96085938e-01
1.44996562e-07,1.96114063e-01
1.45036562e-07,1.96085938e-01
1.45076562e-07,1.96114063e-01
1.45116562e-07,1.96085938e-01
1.45156562e-07,1.96114063e-01
1.45196563e-07,1.96085938e-01
1.45236562e-07,1.96114063e-01
1.45276562e-07,1.96085938e-01
1.45316562e-07,1.96114063e-01
1.45356562e-07,1.96085938e-01
1.45396562e-07,1.96115625e-01
1.45436562e-07,1.96084375e-01
1.45476563e-07,1.96117188e-01
1.45516562e-07,1.96082813e-01
1.45556562e-07,1.96118750e-01
1.45596562e-07,1.96079688e-01
1.45636562e-07,1.96121875e-01
1.45676562e-07,1.96075000e-01
1.45716562e-07,1.96131250e-01
1.45756563e-07,1.96059375e-01
1.45796562e-07,1.96165625e-01
1.45836562e-07,1.95881250e-01
1.45876563e-07,1.95656250e-01
1.45916562e-07,1.95718750e-01
1.45956562e-07,1.95690625e-01
1.45996562e-07,1.95704688e-01
1.46036563e-07,1.95700000e-01
1.46076562e-07,1.95698438e-01
1.46116562e-07,1.95704688e-01
1.46156563e-07,1.95693750e-01
1.46196562e-07,1.95707813e-01
1.46236562e-07,1.95690625e-01
1.46276562e-07,1.95710938e-01
1.46316563e-07,1.95687500e-01
1.46356562e-07,1.95715625e-01
1.46396562e-07,1.95681250e-01
1.46436563e-07,1.95725000e-01
1.46476562e-07,1.95665625e-01
1.46516562e-07,1.95760938e-01
1.46556562e-07,1.95485938e-01
1.46596563e-07,1.95251563e-01
1.46636562e-07,1.95323438e-01
1.46676562e-07,1.95285938e-01
1.46716563e-07,1.95307813e-01
1.46756562e-07,1.95295313e-01
1.46796562e-07,1.95301562e-01
1.46836562e-07,1.95301562e-01
1.46876563e-07,1.95296875e-01
1.46916562e-07,1.95304688e-01
1.46956562e-07,1.95292188e-01
1.46996563e-07,1.95310938e-01
1.47036562e-07,1.95285938e-01
1.47076562e-07,1.95320313e-01
1.47116562e-07,1.95270313e-01
1.47156562e-07,1.95354688e-01
1.47196562e-07,1.95090625e-01
1.47236562e-07,1.94846875e-01
1.47276563e-07,1.94928125e-01
1.47316562e-07,1.94881250e-01
1.47356562e-07,1.94914063e-01
1.47396562e-07,1.94889063e-01
1.47436562e-07,1.94907812e-01
1.47476562e-07,1.94893750e-01
1.47516562e-07,1.94904688e-01
1.47556563e-07,1.94896875e-01
1.47596562e-07,1.94903125e-01
1.47636562e-07,1.94898438e-01
1.47676562e-07,1.94900000e-01
1.47716562e-07,1.94900000e-01
1.47756562e-07,1.94898438e-01
1.47796562e-07,1.94901563e-01
1.47836563e-07,1.94896875e-01
1.47876562e-07,1.94903125e-01
1.47916562e-07,1.94895313e-01
1.47956562e-07,1.94906250e-01
1.47996562e-07,1.94892188e-01
1.48036562e-07,1.94907812e-01
1.48076562e-07,1.94889063e-01
1.48116563e-07,1.94912500e-01
1.48156562e-07,1.94884375e-01
1.48196562e-07,1.94921875e-01
1.48236562e-07,1.94868750e-01
1.48276562e-07,1.94957812e-01
1.48316562e-07,1.94689063e-01
1.48356562e-07,1.94448438e-01
1.48396563e-07,1.94526562e-01
1.48436562e-07,1.94482813e-01
1.48476562e-07,1.94510938e-01
1.48516562e-07,1.94492187e-01
1.48556562e-07,1.94504687e-01
1.48596562e-07,1.94498438e-01
1.48636562e-07,1.94500000e-01
1.48676563e-07,1.94503125e-01
1.48716562e-07,1.94493750e-01
1.48756562e-07,1.94509375e-01
1.48796562e-07,1.94484375e-01
1.48836562e-07,1.94525000e-01
1.48876562e-07,1.94448438e-01
1.48916562e-07,1.94704688e-01
1.48956563e-07,1.94957812e-01
1.48996562e-07,1.94867188e-01
1.49036562e-07,1.94923438e-01
1.49076562e-07,1.94882813e-01
1.49116562e-07,1.94914063e-01
1.49156562e-07,1.94887500e-01
1.49196562e-07,1.94909375e-01
1.49236563e-07,1.94892188e-01
1.49276562e-07,1.94906250e-01
1.49316562e-07,1.94893750e-01
1.49356562e-07,1.94904688e-01
1.49396562e-07,1.94896875e-01
1.49436562e-07,1.94901563e-01
1.49476562e-07,1.94898438e-01
1.49516563e-07,1.94900000e-01
1.49556562e-07,1.94903125e-01
1.49596562e-07,1.94895313e-01
1.49636562e-07,1.94907812e-01
1.49676562e-07,1.94885937e-01
1.49716562e-07,1.94923438e-01
1.49756562e-07,1.94851563e-01
1.49796563e-07,1.95101562e-01
1.49836562e-07,1.95360937e-01
1.49876562e-07,1.95264063e-01
1.49916562e-07,1.95326563e-01
1.49956562e-07,1.95278125e-01
1.49996562e-07,1.95318750e-01
1.50036562e-07,1.95284375e-01
1.50076563e-07,1.95314062e-01
1.50116562e-07,1.95285938e-01
1.50156562e-07,1.95312500e-01
1.50196562e-07,1.95289062e-01
1.50236562e-07,1.95310938e-01
1.50276562e-07,1.95289062e-01
1.50316562e-07,1.95309375e-01
1.50356563e-07,1.95290625e-01
1.50396562e-07,1.95309375e-01
1.50436562e-07,1.95290625e-01
1.50476562e-07,1.95309375e-01
1.50516562e-07,1.95292188e-01
1.50556562e-07,1.95307813e-01
1.50596562e-07,1.95292188e-01
1.50636563e-07,1.95307813e-01
1.50676562e-07,1.95292188e-01
1.50716562e-07,1.95307813e-01
1.50756562e-07,1.95292188e-01
1.50796562e-07,1.95307813e-01
1.50836562e-07,1.95292188e-01
1.50876562e-07,1.95307813e-01
1.50916563e-07,1.95292188e-01
1.50956562e-07,1.95307813e-01
1.50996562e-07,1.95292188e-01
1.51036562e-07,1.95307813e-01
1.51076562e-07,1.95290625e-01
1.51116562e-07,1.95309375e-01
1.51156562e-07,1.95290625e-01
1.51196563e-07,1.95310938e-01
1.51236562e-07,1.95289062e-01
1.51276562e-07,1.95312500e-01
1.51316562e-07,1.95285938e-01
1.51356562e-07,1.95317188e-01
1.51396562e-07,1.95278125e-01
1.51436562e-07,1.95331250e-01
1.51476563e-07,1.95243750e-01
1.51516562e-07,1.95509375e-01
1.51556562e-07,1.95753125e-01
1.51596562e-07,1.95670312e-01
1.51636562e-07,1.95720312e-01
1.51676562e-07,1.95684375e-01
1.51716562e-07,1.95712500e-01
1.51756563e-07,1.95689063e-01
1.51796562e-07,1.95709375e-01
1.51836562e-07,1.95690625e-01
1.51876562e-07,1.95709375e-01
1.51916562e-07,1.95690625e-01
1.51956562e-07,1.95709375e-01
1.51996562e-07,1.95690625e-01
1.52036563e-07,1.95709375e-01
1.52076562e-07,1.95689063e-01
1.52116562e-07,1.95710938e-01
1.52156562e-07,1.95685938e-01
1.52196562e-07,1.95715625e-01
1.52236562e-07,1.95678125e-01
1.52276562e-07,1.95731250e-01
1.52316563e-07,1.95643750e-01
1.52356562e-07,1.95909375e-01
1.52396562e-07,1.96153125e-01
1.52436562e-07,1.96070313e-01
1.52476562e-07,1.96120313e-01
1.52516562e-07,1.96084375e-01
1.52556562e-07,1.96112500e-01
1.52596563e-07,1.96089063e-01
1.52636562e-07,1.96109375e-01
1.52676562e-07,1.96092188e-01
1.52716562e-07,1.96107813e-01
1.52756562e-07,1.96093750e-01
1.52796562e-07,1.96106250e-01
1.52836562e-07,1.96093750e-01
1.52876563e-07,1.96106250e-01
1.52916562e-07,1.96095313e-01
1.52956562e-07,1.96104688e-01
1.52996562e-07,1.96095313e-01
1.53036562e-07,1.96104688e-01
1.53076562e-07,1.96095313e-01
1.53116562e-07,1.96104688e-01
1.53156563e-07,1.96095313e-01
1.53196562e-07,1.96103125e-01
1.53236562e-07,1.96096875e-01
1.53276562e-07,1.96103125e-01
1.53316562e-07,1.96096875e-01
1.53356562e-07,1.96103125e-01
1.53396562e-07,1.96096875e-01
1.53436563e-07,1.96103125e-01
1.53476562e-07,1.96096875e-01
1.53516562e-07,1.96103125e-01
1.53556562e-07,1.96096875e-01
1.53596562e-07,1.96103125e-01
1.53636562e-07,1.96096875e-01
1.53676562e-07,1.96103125e-01
1.53716563e-07,1.96096875e-01
1.53756562e-07,1.96103125e-01
1.53796562e-07,1.96096875e-01
1.53836562e-07,1.96103125e-01
1.53876562e-07,1.96096875e-01
1.53916562e-07,1.96103125e-01
1.53956562e-07,1.96096875e-01
1.53996563e-07,1.96103125e-01
1.54036562e-07,1.96096875e-01
1.54076562e-07,1.96103125e-01
1.54116562e-07,1.96096875e-01
1.54156562e-07,1.96103125e-01
1.54196562e-07,1.96096875e-01
1.54236562e-07,1.96103125e-01
1.54276563e-07,1.96098438e-01
1.54316562e-07,1.96101562e-01
1.54356562e-07,1.96098438e-01
1.54396562e-07,1.96101562e-01
1.54436562e-07,1.96098438e-01
1.54476562e-07,1.96101562e-01
1.54516562e-07,1.96098438e-01
1.54556563e-07,1.96101562e-01
1.54596562e-07,1.96098438e-01
1.54636562e-07,1.96101562e-01
1.54676563e-07,1.96098438e-01
1.54716562e-07,1.96101562e-01
1.54756562e-07,1.96098438e-01
1.54796562e-07,1.96101562e-01
1.54836562e-07,1.96098438e-01
1.54876562e-07,1.96101562e-01
1.54916562e-07,1.96098438e-01
1.54956563e-07,1.96101562e-01
1.54996562e-07,1.96098438e-01
1.55036562e-07,1.96101562e-01
1.55076562e-07,1.96098438e-01
1.55116562e-07,1.96101562e-01
1.55156562e-07,1.96098438e-01
1.55196562e-07,1.96101562e-01
1.55236563e-07,1.96098438e-01
1.55276562e-07,1.96101562e-01
1.55316562e-07,1.96098438e-01
1.55356562e-07,1.96101562e-01
1.55396562e-07,1.96098438e-01
1.55436562e-07,1.96101562e-01
1.55476562e-07,1.96098438e-01
1.55516563e-07,1.96101562e-01
1.55556562e-07,1.96098438e-01
1.55596562e-07,1.96103125e-01
1.55636562e-07,1.96096875e-01
1.55676562e-07,1.96103125e-01
1.55716562e-07,1.96096875e-01
1.55756562e-07,1.96103125e-01
1.55796563e-07,1.96096875e-01
1.55836562e-07,1.96103125e-01
1.55876562e-07,1.96096875e-01
1.55916562e-07,1.96103125e-01
1.55956562e-07,1.96096875e-01
1.55996562e-07,1.96103125e-01
1.56036562e-07,1.96096875e-01
1.56076563e-07,1.96103125e-01
1.56116562e-07,1.96095313e-01
1.56156562e-07,1.96104688e-01
1.56196562e-07,1.96095313e-01
1.56236562e-07,1.96104688e-01
1.56276562e-07,1.96095313e-01
1.56316562e-07,1.96106250e-01
1.56356563e-07,1.96093750e-01
1.56396562e-07,1.96107813e-01
1.56436562e-07,1.96090625e-01
1.56476562e-07,1.96110937e-01
1.56516562e-07,1.96085938e-01
1.56556562e-07,1.96118750e-01
1.56596562e-07,1.96071875e-01
1.56636563e-07,1.96153125e-01
1.56676562e-07,1.95893750e-01
1.56716562e-07,1.95643750e-01
1.56756562e-07,1.95732813e-01
1.56796562e-07,1.95675000e-01
1.56836562e-07,1.95720312e-01
1.56876562e-07,1.95682812e-01
1.56916563e-07,1.95717188e-01
1.56956562e-07,1.95684375e-01
1.56996562e-07,1.95717188e-01
1.57036562e-07,1.95681250e-01
1.57076562e-07,1.95723438e-01
1.57116562e-07,1.95668750e-01
1.57156562e-07,1.95756250e-01
1.57196563e-07,1.95492187e-01
1.57236562e-07,1.95245313e-01
1.57276562e-07,1.95331250e-01
1.57316562e-07,1.95276563e-01
1.57356562e-07,1.95320313e-01
1.57396562e-07,1.95281250e-01
1.57436562e-07,1.95318750e-01
1.57476563e-07,1.95279688e-01
1.57516562e-07,1.95325000e-01
1.57556562e-07,1.95267187e-01
1.57596562e-07,1.95357813e-01
1.57636562e-07,1.95089063e-01
1.57676562e-07,1.94848437e-01
1.57716562e-07,1.94928125e-01
1.57756563e-07,1.94879688e-01
1.57796562e-07,1.94915625e-01
1.57836562e-07,1.94887500e-01
1.57876562e-07,1.94910937e-01
1.57916562e-07,1.94890625e-01
1.57956562e-07,1.94907812e-01
1.57996562e-07,1.94892188e-01
1.58036563e-07,1.94907812e-01
1.58076562e-07,1.94893750e-01
1.58116562e-07,1.94906250e-01
1.58156562e-07,1.94893750e-01
1.58196562e-07,1.94906250e-01
1.58236562e-07,1.94893750e-01
1.58276562e-07,1.94906250e-01
1.58316563e-07,1.94893750e-01
1.58356562e-07,1.94906250e-01
1.58396562e-07,1.94893750e-01
1.58436562e-07,1.94906250e-01
1.58476562e-07,1.94893750e-01
1.58516562e-07,1.94906250e-01
1.58556562e-07,1.94893750e-01
1.58596563e-07,1.94906250e-01
1.58636562e-07,1.94893750e-01
1.58676562e-07,1.94906250e-01
1.58716562e-07,1.94893750e-01
1.58756562e-07,1.94907812e-01
1.58796562e-07,1.94892188e-01
1.58836562e-07,1.94907812e-01
1.58876563e-07,1.94890625e-01
1.58916562e-07,1.94909375e-01
1.58956562e-07,1.94889063e-01
1.58996562e-07,1.94912500e-01
1.59036562e-07,1.94885937e-01
1.59076562e-07,1.94917188e-01
1.59116562e-07,1.94878125e-01
1.59156563e-07,1.94931250e-01
1.59196562e-07,1.94843750e-01
1.59236562e-07,1.95109375e-01
1.59276562e-07,1.95353125e-01
1.59316562e-07,1.95271875e-01
1.59356562e-07,1.95318750e-01
1.59396562e-07,1.95285938e-01
1.59436563e-07,1.95310938e-01
1.59476562e-07,1.95290625e-01
1.59516562e-07,1.95307813e-01
1.59556562e-07,1.95293750e-01
1.59596562e-07,1.95306250e-01
1.59636562e-07,1.95295313e-01
1.59676562e-07,1.95304688e-01
1.59716563e-07,1.95295313e-01
1.59756562e-07,1.95303125e-01
1.59796562e-07,1.95296875e-01
1.59836562e-07,1.95303125e-01
1.59876562e-07,1.95296875e-01
1.59916562e-07,1.95303125e-01
1.59956562e-07,1.95296875e-01
1.59996563e-07,1.95301562e-01
1.60036562e-07,1.95298438e-01
1.60076562e-07,1.95301562e-01
1.60116562e-07,1.95298438e-01
1.60156562e-07,1.95301562e-01
1.60196562e-07,1.95298438e-01
1.60236562e-07,1.95301562e-01
1.60276563e-07,1.95298438e-01
1.60316562e-07,1.95301562e-01
1.60356562e-07,1.95298438e-01
1.60396562e-07,1.95301562e-01
1.60436562e-07,1.95298438e-01
1.60476562e-07,1.95301562e-01
1.60516562e-07,1.95298438e-01
1.60556563e-07,1.95301562e-01
1.60596562e-07,1.95298438e-01
1.60636562e-07,1.95301562e-01
1.60676562e-07,1.95298438e-01
1.60716562e-07,1.95301562e-01
1.60756562e-07,1.95298438e-01
1.60796562e-07,1.95303125e-01
1.60836563e-07,1.95296875e-01
1.60876562e-07,1.95303125e-01
1.60916562e-07,1.95295313e-01
1.60956562e-07,1.95304688e-01
1.60996562e-07,1.95293750e-01
1.61036562e-07,1.95307813e-01
1.61076562e-07,1.95289062e-01
1.61116563e-07,1.95315625e-01
1.61156562e-07,1.95275000e-01
1.61196562e-07,1.95350000e-01
1.61236562e-07,1.95098437e-01
1.61276562e-07,1.94839062e-01
1.61316562e-07,1.94937500e-01
1.61356562e-07,1.94871875e-01
1.61396563e-07,1.94925000e-01
1.61436562e-07,1.94878125e-01
1.61476562e-07,1.94921875e-01
1.61516562e-07,1.94878125e-01
1.61556562e-07,1.94923438e-01
1.61596562e-07,1.94875000e-01
1.61636562e-07,1.94929688e-01
1.61676563e-07,1.94860937e-01
1.61716562e-07,1.94964063e-01
1.61756562e-07,1.94684375e-01
1.61796562e-07,1.94454688e-01
1.61836562e-07,1.94521875e-01
1.61876562e-07,1.94487500e-01
1.61916562e-07,1.94507813e-01
1.61956563e-07,1.94495313e-01
1.61996562e-07,1.94503125e-01
1.62036562e-07,1.94498438e-01
1.62076562e-07,1.94500000e-01
1.62116562e-07,1.94501563e-01
1.62156562e-07,1.94496875e-01
1.62196562e-07,1.94504687e-01
1.62236562e-07,1.94495313e-01
1.62276562e-07,1.94506250e-01
1.62316562e-07,1.94490625e-01
1.62356562e-07,1.94510938e-01
1.62396562e-07,1.94485938e-01
1.62436562e-07,1.94520313e-01
1.62476562e-07,1.94470313e-01
1.62516562e-07,1.94554688e-01
1.62556562e-07,1.94292188e-01
1.62596562e-07,1.94045313e-01
1.62636562e-07,1.94129688e-01
1.62676562e-07,1.94079688e-01
1.62716562e-07,1.94115625e-01
1.62756562e-07,1.94087500e-01
1.62796562e-07,1.94110937e-01
1.62836562e-07,1.94090625e-01
1.62876562e-07,1.94107813e-01
1.62916562e-07,1.94093750e-01
1.62956562e-07,1.94104688e-01
1.62996562e-07,1.94095313e-01
1.63036562e-07,1.94104688e-01
1.63076562e-07,1.94096875e-01
1.63116562e-07,1.94103125e-01
1.63156562e-07,1.94098437e-01
1.63196563e-07,1.94101563e-01
1.63236562e-07,1.94098437e-01
1.63276562e-07,1.94100000e-01
1.63316562e-07,1.94100000e-01
1.63356562e-07,1.94098437e-01
1.63396562e-07,1.94101563e-01
1.63436562e-07,1.94096875e-01
1.63476563e-07,1.94104688e-01
1.63516562e-07,1.94093750e-01
1.63556562e-07,1.94109375e-01
1.63596562e-07,1.94084375e-01
1.63636562e-07,1.94125000e-01
1.63676562e-07,1.94050000e-01
1.63716562e-07,1.94303125e-01
1.63756563e-07,1.94559375e-01
1.63796562e-07,1.94464063e-01
1.63836562e-07,1.94526562e-01
1.63876562e-07,1.94478125e-01
1.63916562e-07,1.94520313e-01
1.63956562e-07,1.94482813e-01
1.63996562e-07,1.94517188e-01
1.64036563e-07,1.94484375e-01
1.64076562e-07,1.94515625e-01
1.64116562e-07,1.94484375e-01
1.64156562e-07,1.94515625e-01
1.64196562e-07,1.94482813e-01
1.64236562e-07,1.94518750e-01
1.64276562e-07,1.94479687e-01
1.64316563e-07,1.94523438e-01
1.64356562e-07,1.94471875e-01
1.64396562e-07,1.94537500e-01
1.64436562e-07,1.94437500e-01
1.64476562e-07,1.94715625e-01
1.64516562e-07,1.94945312e-01
1.64556562e-07,1.94878125e-01
1.64596563e-07,1.94910937e-01
1.64636562e-07,1.94895313e-01
1.64676562e-07,1.94900000e-01
1.64716562e-07,1.94904688e-01
1.64756562e-07,1.94889063e-01
1.64796562e-07,1.94920312e-01
1.64836562e-07,1.94854688e-01
1.64876563e-07,1.95098437e-01
1.64916562e-07,1.95364063e-01
1.64956562e-07,1.95259375e-01
1.64996562e-07,1.95331250e-01
1.65036562e-07,1.95273438e-01
1.65076562e-07,1.95325000e-01
1.65116562e-07,1.95275000e-01
1.65156563e-07,1.95326563e-01
1.65196562e-07,1.95270313e-01
1.65236562e-07,1.95339062e-01
1.65276562e-07,1.95237500e-01
1.65316562e-07,1.95515625e-01
1.65356562e-07,1.95746875e-01
1.65396562e-07,1.95676563e-01
1.65436563e-07,1.95714063e-01
1.65476562e-07,1.95689063e-01
1.65516562e-07,1.95707813e-01
1.65556562e-07,1.95693750e-01
1.65596562e-07,1.95704688e-01
1.65636562e-07,1.95696875e-01
1.65676562e-07,1.95703125e-01
1.65716563e-07,1.95698438e-01
1.65756562e-07,1.95701563e-01
1.65796562e-07,1.95698438e-01
1.65836562e-07,1.95701563e-01
1.65876562e-07,1.95698438e-01
1.65916562e-07,1.95700000e-01
1.65956562e-07,1.95700000e-01
1.65996563e-07,1.95700000e-01
1.66036562e-07,1.95700000e-01
1.66076562e-07,1.95700000e-01
1.66116562e-07,1.95700000e-01
1.66156562e-07,1.95700000e-01
1.66196562e-07,1.95700000e-01
1.66236562e-07,1.95700000e-01
1.66276563e-07,1.95700000e-01
1.66316562e-07,1.95700000e-01
1.66356562e-07,1.95700000e-01
1.66396562e-07,1.95700000e-01
1.66436562e-07,1.95700000e-01
1.66476562e-07,1.95700000e-01
1.66516562e-07,1.95698438e-01
1.66556563e-07,1.95701563e-01
1.66596562e-07,1.95698438e-01
1.66636562e-07,1.95703125e-01
1.66676562e-07,1.95696875e-01
1.66716562e-07,1.95704688e-01
1.66756562e-07,1.95692188e-01
1.66796562e-07,1.95712500e-01
1.66836563e-07,1.95678125e-01
1.66876562e-07,1.95745313e-01
1.66916562e-07,1.95501563e-01
1.66956562e-07,1.95234375e-01
1.66996562e-07,1.95343750e-01
1.67036562e-07,1.95264063e-01
1.67076562e-07,1.95332813e-01
1.67116563e-07,1.95267187e-01
1.67156562e-07,1.95337500e-01
1.67196562e-07,1.95254687e-01
1.67236562e-07,1.95370313e-01
1.67276562e-07,1.95076562e-01
1.67316562e-07,1.94860937e-01
1.67356562e-07,1.94914063e-01
1.67396563e-07,1.94896875e-01
1.67436562e-07,1.94895313e-01
1.67476562e-07,1.94910937e-01
1.67516562e-07,1.94878125e-01
1.67556562e-07,1.94948438e-01
1.67596562e-07,1.94698438e-01
1.67636562e-07,1.94439063e-01
1.67676563e-07,1.94539062e-01
1.67716562e-07,1.94468750e-01
1.67756562e-07,1.94531250e-01
1.67796562e-07,1.94464063e-01
1.67836562e-07,1.94557813e-01
1.67876562e-07,1.94290625e-01
1.67916562e-07,1.94043750e-01
1.67956563e-07,1.94134375e-01
1.67996562e-07,1.94073438e-01
1.68036562e-07,1.94125000e-01
1.68076562e-07,1.94073438e-01
1.68116562e-07,1.94129688e-01
1.68156562e-07,1.94060938e-01
1.68196562e-07,1.94164063e-01
1.68236563e-07,1.93882813e-01
1.68276562e-07,1.93654688e-01
1.68316562e-07,1.93721875e-01
1.68356562e-07,1.93689063e-01
1.68396562e-07,1.93706250e-01
1.68436562e-07,1.93698438e-01
1.68476562e-07,1.93698438e-01
1.68516563e-07,1.93704688e-01
1.68556562e-07,1.93690625e-01
1.68596562e-07,1.93715625e-01
1.68636562e-07,1.93673438e-01
1.68676562e-07,1.93751563e-01
1.68716562e-07,1.93495313e-01
1.68756562e-07,1.93243750e-01
1.68796563e-07,1.93332813e-01
1.68836562e-07,1.93278125e-01
1.68876562e-07,1.93317188e-01
1.68916562e-07,1.93285938e-01
1.68956562e-07,1.93310938e-01
1.68996562e-07,1.93290625e-01
1.69036562e-07,1.93307813e-01
1.69076563e-07,1.93293750e-01
1.69116562e-07,1.93304688e-01
1.69156562e-07,1.93295313e-01
1.69196562e-07,1.93303125e-01
1.69236562e-07,1.93298438e-01
1.69276562e-07,1.93300000e-01
1.69316562e-07,1.93300000e-01
1.69356563e-07,1.93298438e-01
1.69396562e-07,1.93304688e-01
1.69436562e-07,1.93293750e-01
1.69476562e-07,1.93309375e-01
1.69516562e-07,1.93284375e-01
1.69556562e-07,1.93325000e-01
1.69596562e-07,1.93250000e-01
1.69636563e-07,1.93503125e-01
1.69676562e-07,1.93757813e-01
1.69716562e-07,1.93665625e-01
1.69756562e-07,1.93723438e-01
1.69796562e-07,1.93681250e-01
1.69836562e-07,1.93715625e-01
1.69876562e-07,1.93687500e-01
1.69916562e-07,1.93710938e-01
1.69956562e-07,1.93690625e-01
1.69996562e-07,1.93707813e-01
1.70036562e-07,1.93693750e-01
1.70076562e-07,1.93704688e-01
1.70116562e-07,1.93698438e-01
1.70156562e-07,1.93700000e-01
1.70196562e-07,1.93703125e-01
1.70236562e-07,1.93690625e-01
1.70276562e-07,1.93718750e-01
1.70316562e-07,1.93656250e-01
1.70356562e-07,1.93896875e-01
1.70396562e-07,1.94165625e-01
1.70436562e-07,1.94059375e-01
1.70476562e-07,1.94131250e-01
1.70516562e-07,1.94073438e-01
1.70556562e-07,1.94123437e-01
1.70596562e-07,1.94078125e-01
1.70636562e-07,1.94120313e-01
1.70676562e-07,1.94081250e-01
1.70716562e-07,1.94118750e-01
1.70756562e-07,1.94081250e-01
1.70796562e-07,1.94117188e-01
1.70836562e-07,1.94082813e-01
1.70876562e-07,1.94117188e-01
1.70916562e-07,1.94082813e-01
1.70956562e-07,1.94117188e-01
1.70996562e-07,1.94081250e-01
1.71036562e-07,1.94118750e-01
1.71076562e-07,1.94079688e-01
1.71116562e-07,1.94120313e-01
1.71156562e-07,1.94076562e-01
1.71196562e-07,1.94126563e-01
1.71236562e-07,1.94068750e-01
1.71276562e-07,1.94140625e-01
1.71316562e-07,1.94034375e-01
1.71356562e-07,1.94318750e-01
1.71396562e-07,1.94543750e-01
1.71436562e-07,1.94479687e-01
1.71476562e-07,1.94510938e-01
1.71516562e-07,1.94493750e-01
1.71556562e-07,1.94503125e-01
1.71596562e-07,1.94500000e-01
1.71636562e-07,1.94498438e-01
1.71676562e-07,1.94501563e-01
1.71716563e-07,1.94496875e-01
1.71756562e-07,1.94504687e-01
1.71796562e-07,1.94495313e-01
1.71836562e-07,1.94504687e-01
1.71876562e-07,1.94493750e-01
1.71916562e-07,1.94506250e-01
1.71956562e-07,1.94492187e-01
1.71996563e-07,1.94507813e-01
1.72036562e-07,1.94490625e-01
1.72076562e-07,1.94509375e-01
1.72116562e-07,1.94489063e-01
1.72156562e-07,1.94510938e-01
1.72196562e-07,1.94487500e-01
1.72236562e-07,1.94514063e-01
1.72276563e-07,1.94482813e-01
1.72316562e-07,1.94520313e-01
1.72356562e-07,1.94475000e-01
1.72396562e-07,1.94534375e-01
1.72436562e-07,1.94440625e-01
1.72476562e-07,1.94714063e-01
1.72516562e-07,1.94948438e-01
1.72556563e-07,1.94875000e-01
1.72596562e-07,1.94914063e-01
1.72636562e-07,1.94890625e-01
1.72676562e-07,1.94906250e-01
1.72716562e-07,1.94896875e-01
1.72756562e-07,1.94901563e-01
1.72796562e-07,1.94900000e-01
1.72836563e-07,1.94898438e-01
1.72876562e-07,1.94903125e-01
1.72916562e-07,1.94895313e-01
1.72956562e-07,1.94906250e-01
1.72996562e-07,1.94890625e-01
1.73036562e-07,1.94912500e-01
1.73076562e-07,1.94881250e-01
1.73116563e-07,1.94928125e-01
1.73156562e-07,1.94846875e-01
1.73196562e-07,1.95106250e-01
1.73236562e-07,1.95354688e-01
1.73276562e-07,1.95268750e-01
1.73316562e-07,1.95321875e-01
1.73356562e-07,1.95282813e-01
1.73396563e-07,1.95314062e-01
1.73436562e-07,1.95289062e-01
1.73476562e-07,1.95309375e-01
1.73516562e-07,1.95290625e-01
1.73556562e-07,1.95307813e-01
1.73596562e-07,1.95293750e-01
1.73636562e-07,1.95306250e-01
1.73676563e-07,1.95293750e-01
1.73716562e-07,1.95304688e-01
1.73756562e-07,1.95295313e-01
1.73796562e-07,1.95304688e-01
1.73836562e-07,1.95295313e-01
1.73876562e-07,1.95303125e-01
1.73916562e-07,1.95296875e-01
1.73956563e-07,1.95303125e-01
1.73996562e-07,1.95296875e-01
1.74036562e-07,1.95303125e-01
1.74076562e-07,1.95296875e-01
1.74116562e-07,1.95303125e-01
1.74156562e-07,1.95296875e-01
1.74196562e-07,1.95301562e-01
1.74236563e-07,1.95298438e-01
1.74276562e-07,1.95301562e-01
1.74316562e-07,1.95298438e-01
1.74356562e-07,1.95301562e-01
1.74396562e-07,1.95298438e-01
1.74436562e-07,1.95301562e-01
1.74476562e-07,1.95298438e-01
1.74516563e-07,1.95301562e-01
1.74556562e-07,1.95298438e-01
1.74596562e-07,1.95301562e-01
1.74636562e-07,1.95298438e-01
1.74676562e-07,1.95301562e-01
1.74716562e-07,1.95298438e-01
1.74756562e-07,1.95301562e-01
1.74796563e-07,1.95298438e-01
1.74836562e-07,1.95301562e-01
1.74876562e-07,1.95300000e-01
1.74916562e-07,1.95300000e-01
1.74956562e-07,1.95300000e-01
1.74996562e-07,1.95300000e-01
1.75036562e-07,1.95300000e-01
1.75076563e-07,1.95300000e-01
1.75116562e-07,1.95300000e-01
1.75156562e-07,1.95300000e-01
1.75196562e-07,1.95300000e-01
1.75236562e-07,1.95300000e-01
1.75276562e-07,1.95300000e-01
1.75316562e-07,1.95300000e-01
1.75356563e-07,1.95301562e-01
1.75396562e-07,1.95298438e-01
1.75436562e-07,1.95301562e-01
1.75476562e-07,1.95298438e-01
1.75516562e-07,1.95301562e-01
1.75556562e-07,1.95296875e-01
1.75596562e-07,1.95303125e-01
1.75636563e-07,1.95295313e-01
1.75676562e-07,1.95306250e-01
1.75716562e-07,1.95292188e-01
1.75756562e-07,1.95310938e-01
1.75796562e-07,1.95284375e-01
1.75836562e-07,1.95325000e-01
1.75876562e-07,1.95251563e-01
1.75916563e-07,1.95501563e-01
1.75956562e-07,1.95760938e-01
1.75996562e-07,1.95662500e-01
1.76036562e-07,1.95728125e-01
1.76076562e-07,1.95675000e-01
1.76116562e-07,1.95721875e-01
1.76156562e-07,1.95678125e-01
1.76196563e-07,1.95721875e-01
1.76236562e-07,1.95676563e-01
1.76276562e-07,1.95725000e-01
1.76316562e-07,1.95670312e-01
1.76356562e-07,1.95739063e-01
1.76396562e-07,1.95635937e-01
1.76436562e-07,1.95917188e-01
1.76476563e-07,1.96145313e-01
1.76516562e-07,1.96079688e-01
1.76556562e-07,1.96110937e-01
1.76596562e-07,1.96093750e-01
1.76636562e-07,1.96101562e-01
1.76676562e-07,1.96101562e-01
1.76716562e-07,1.96095313e-01
1.76756563e-07,1.96109375e-01
1.76796562e-07,1.96085938e-01
1.76836562e-07,1.96125000e-01
1.76876562e-07,1.96050000e-01
1.76916562e-07,1.96303125e-01
1.76956562e-07,1.96557813e-01
1.76996562e-07,1.96465625e-01
1.77036563e-07,1.96525000e-01
1.77076562e-07,1.96479687e-01
1.77116562e-07,1.96517187e-01
1.77156562e-07,1.96485938e-01
1.77196562e-07,1.96512500e-01
1.77236562e-07,1.96489063e-01
1.77276562e-07,1.96510938e-01
1.77316563e-07,1.96490625e-01
1.77356562e-07,1.96509375e-01
1.77396562e-07,1.96490625e-01
1.77436562e-07,1.96509375e-01
1.77476562e-07,1.96492187e-01
1.77516562e-07,1.96507813e-01
1.77556562e-07,1.96492187e-01
1.77596562e-07,1.96507813e-01
1.77636562e-07,1.96492187e-01
1.77676562e-07,1.96507813e-01
1.77716562e-07,1.96492187e-01
1.77756562e-07,1.96507813e-01
1.77796562e-07,1.96492187e-01
1.77836562e-07,1.96507813e-01
1.77876562e-07,1.96492187e-01
1.77916562e-07,1.96507813e-01
1.77956562e-07,1.96492187e-01
1.77996562e-07,1.96507813e-01
1.78036562e-07,1.96490625e-01
1.78076562e-07,1.96509375e-01
1.78116562e-07,1.96490625e-01
1.78156562e-07,1.96509375e-01
1.78196562e-07,1.96489063e-01
1.78236562e-07,1.96510938e-01
1.78276562e-07,1.96487500e-01
1.78316562e-07,1.96512500e-01
1.78356562e-07,1.96485938e-01
1.78396562e-07,1.96517187e-01
1.78436562e-07,1.96479687e-01
1.78476562e-07,1.96525000e-01
1.78516562e-07,1.96465625e-01
1.78556562e-07,1.96559375e-01
1.78596562e-07,1.96287500e-01
1.78636562e-07,1.96050000e-01
1.78676562e-07,1.96125000e-01
1.78716562e-07,1.96084375e-01
1.78756562e-07,1.96110937e-01
1.78796562e-07,1.96092188e-01
1.78836562e-07,1.96104688e-01
1.78876562e-07,1.96096875e-01
1.78916562e-07,1.96103125e-01
1.78956562e-07,1.96098438e-01
1.78996562e-07,1.96100000e-01
1.79036562e-07,1.96100000e-01
1.79076562e-07,1.96098438e-01
1.79116562e-07,1.96103125e-01
1.79156562e-07,1.96096875e-01
1.79196562e-07,1.96104688e-01
1.79236562e-07,1.96093750e-01
1.79276562e-07,1.96107813e-01
1.79316562e-07,1.96089063e-01
1.79356562e-07,1.96114063e-01
1.79396562e-07,1.96081250e-01
1.79436562e-07,1.96128125e-01
1.79476562e-07,1.96046875e-01
1.79516562e-07,1.96306250e-01
1.79556562e-07,1.96554688e-01
1.79596562e-07,1.96468750e-01
1.79636562e-07,1.96521875e-01
1.79676562e-07,1.96482812e-01
1.79716562e-07,1.96514063e-01
1.79756562e-07,1.96489063e-01
1.79796562e-07,1.96509375e-01
1.79836562e-07,1.96490625e-01
1.79876562e-07,1.96507813e-01
1.79916562e-07,1.96492187e-01
1.79956562e-07,1.96506250e-01
1.79996562e-07,1.96493750e-01
1.80036562e-07,1.96506250e-01
1.80076562e-07,1.96495313e-01
1.80116562e-07,1.96504687e-01
1.80156562e-07,1.96495313e-01
1.80196562e-07,1.96504687e-01
1.80236562e-07,1.96496875e-01
1.80276562e-07,1.96503125e-01
1.80316562e-07,1.96496875e-01
1.80356562e-07,1.96503125e-01
1.80396562e-07,1.96496875e-01
1.80436562e-07,1.96503125e-01
1.80476562e-07,1.96496875e-01
1.80516563e-07,1.96503125e-01
1.80556562e-07,1.96498438e-01
1.80596562e-07,1.96501563e-01
1.80636562e-07,1.96498438e-01
1.80676562e-07,1.96501563e-01
1.80716562e-07,1.96498438e-01
1.80756562e-07,1.96501563e-01
1.80796563e-07,1.96498438e-01
1.80836562e-07,1.96501563e-01
1.80876562e-07,1.96498438e-01
1.80916562e-07,1.96500000e-01
1.80956562e-07,1.96500000e-01
1.80996562e-07,1.96500000e-01
1.81036562e-07,1.96500000e-01
1.81076563e-07,1.96500000e-01
1.81116562e-07,1.96500000e-01
1.81156562e-07,1.96500000e-01
1.81196562e-07,1.96501563e-01
1.81236562e-07,1.96498438e-01
1.81276562e-07,1.96501563e-01
1.81316562e-07,1.96498438e-01
1.81356563e-07,1.96503125e-01
1.81396562e-07,1.96496875e-01
1.81436562e-07,1.96503125e-01
1.81476562e-07,1.96495313e-01
1.81516562e-07,1.96504687e-01
1.81556562e-07,1.96493750e-01
1.81596562e-07,1.96507813e-01
1.81636563e-07,1.96490625e-01
1.81676562e-07,1.96514063e-01
1.81716562e-07,1.96481250e-01
1.81756562e-07,1.96528125e-01
1.81796562e-07,1.96446875e-01
1.81836562e-07,1.96706250e-01
1.81876562e-07,1.96956250e-01
1.81916563e-07,1.96868750e-01
1.81956562e-07,1.96921875e-01
1.81996562e-07,1.96882813e-01
1.82036562e-07,1.96914063e-01
1.82076562e-07,1.96887500e-01
1.82116562e-07,1.96910937e-01
1.82156562e-07,1.96890625e-01
1.82196563e-07,1.96907813e-01
1.82236562e-07,1.96893750e-01
1.82276562e-07,1.96906250e-01
1.82316562e-07,1.96895313e-01
1.82356562e-07,1.96904688e-01
1.82396562e-07,1.96896875e-01
1.82436562e-07,1.96903125e-01
1.82476563e-07,1.96898438e-01
1.82516562e-07,1.96900000e-01
1.82556562e-07,1.96903125e-01
1.82596562e-07,1.96893750e-01
1.82636562e-07,1.96910937e-01
1.82676562e-07,1.96879688e-01
1.82716562e-07,1.96945312e-01
1.82756563e-07,1.96701563e-01
1.82796562e-07,1.96435938e-01
1.82836562e-07,1.96540625e-01
1.82876562e-07,1.96468750e-01
1.82916562e-07,1.96526563e-01
1.82956562e-07,1.96476563e-01
1.82996562e-07,1.96521875e-01
1.83036563e-07,1.96479687e-01
1.83076562e-07,1.96520313e-01
1.83116562e-07,1.96481250e-01
1.83156562e-07,1.96518750e-01
1.83196562e-07,1.96481250e-01
1.83236562e-07,1.96518750e-01
1.83276562e-07,1.96479687e-01
1.83316563e-07,1.96520313e-01
1.83356562e-07,1.96478125e-01
1.83396562e-07,1.96525000e-01
1.83436562e-07,1.96473438e-01
1.83476562e-07,1.96532813e-01
1.83516562e-07,1.96457812e-01
1.83556562e-07,1.96567188e-01
1.83596563e-07,1.96279688e-01
1.83636562e-07,1.96057813e-01
1.83676562e-07,1.96117188e-01
1.83716562e-07,1.96092188e-01
1.83756562e-07,1.96101562e-01
1.83796562e-07,1.96101562e-01
1.83836562e-07,1.96095313e-01
1.83876563e-07,1.96106250e-01
1.83916562e-07,1.96090625e-01
1.83956562e-07,1.96112500e-01
1.83996562e-07,1.96084375e-01
1.84036562e-07,1.96121875e-01
1.84076562e-07,1.96068750e-01
1.84116562e-07,1.96157813e-01
1.84156563e-07,1.95889063e-01
1.84196562e-07,1.95648437e-01
1.84236562e-07,1.95726563e-01
1.84276562e-07,1.95682812e-01
1.84316562e-07,1.95712500e-01
1.84356562e-07,1.95690625e-01
1.84396562e-07,1.95706250e-01
1.84436563e-07,1.95695312e-01
1.84476562e-07,1.95704688e-01
1.84516562e-07,1.95696875e-01
1.84556562e-07,1.95701563e-01
1.84596562e-07,1.95698438e-01
1.84636562e-07,1.95700000e-01
1.84676562e-07,1.95700000e-01
1.84716563e-07,1.95698438e-01
1.84756562e-07,1.95701563e-01
1.84796562e-07,1.95698438e-01
1.84836562e-07,1.95701563e-01
1.84876562e-07,1.95696875e-01
1.84916562e-07,1.95703125e-01
1.84956562e-07,1.95695312e-01
1.84996562e-07,1.95704688e-01
1.85036562e-07,1.95695312e-01
1.85076562e-07,1.95706250e-01
1.85116562e-07,1.95693750e-01
1.85156562e-07,1.95707813e-01
1.85196562e-07,1.95692188e-01
1.85236562e-07,1.95709375e-01
1.85276562e-07,1.95689063e-01
1.85316562e-07,1.95712500e-01
1.85356562e-07,1.95685938e-01
1.85396562e-07,1.95718750e-01
1.85436562e-07,1.95676563e-01
1.85476562e-07,1.95732813e-01
1.85516562e-07,1.95642188e-01
1.85556562e-07,1.95912500e-01
1.85596562e-07,1.96150000e-01
1.85636562e-07,1.96075000e-01
1.85676562e-07,1.96115625e-01
1.85716562e-07,1.96089063e-01
1.85756562e-07,1.96106250e-01
1.85796562e-07,1.96095313e-01
1.85836562e-07,1.96101562e-01
1.85876562e-07,1.96100000e-01
1.85916562e-07,1.96096875e-01
1.85956562e-07,1.96104688e-01
1.85996562e-07,1.96092188e-01
1.86036562e-07,1.96110937e-01
1.86076562e-07,1.96082813e-01
1.86116562e-07,1.96126563e-01
1.86156562e-07,1.96048438e-01
1.86196562e-07,1.96306250e-01
1.86236562e-07,1.96556250e-01
1.86276562e-07,1.96468750e-01
1.86316562e-07,1.96521875e-01
1.86356562e-07,1.96482812e-01
1.86396562e-07,1.96512500e-01
1.86436562e-07,1.96489063e-01
1.86476562e-07,1.96509375e-01
1.86516562e-07,1.96492187e-01
1.86556562e-07,1.96506250e-01
1.86596562e-07,1.96495313e-01
1.86636562e-07,1.96503125e-01
1.86676562e-07,1.96498438e-01
1.86716562e-07,1.96500000e-01
1.86756562e-07,1.96501563e-01
1.86796562e-07,1.96495313e-01
1.86836562e-07,1.96507813e-01
1.86876562e-07,1.96485938e-01
1.86916562e-07,1.96523438e-01
1.86956562e-07,1.96451563e-01
1.86996562e-07,1.96701563e-01
1.87036562e-07,1.96960938e-01
1.87076562e-07,1.96864062e-01
1.87116562e-07,1.96926563e-01
1.87156562e-07,1.96878125e-01
1.87196562e-07,1.96918750e-01
1.87236562e-07,1.96884375e-01
1.87276562e-07,1.96914063e-01
1.87316562e-07,1.96885937e-01
1.87356562e-07,1.96912500e-01
1.87396562e-07,1.96887500e-01
1.87436562e-07,1.96910937e-01
1.87476562e-07,1.96889063e-01
1.87516562e-07,1.96909375e-01
1.87556562e-07,1.96890625e-01
1.87596562e-07,1.96909375e-01
1.87636562e-07,1.96890625e-01
1.87676562e-07,1.96909375e-01
1.87716562e-07,1.96892188e-01
1.87756562e-07,1.96907813e-01
1.87796562e-07,1.96892188e-01
1.87836562e-07,1.96907813e-01
1.87876562e-07,1.96892188e-01
1.87916562e-07,1.96907813e-01
1.87956562e-07,1.96892188e-01
1.87996562e-07,1.96907813e-01
1.88036562e-07,1.96892188e-01
1.88076562e-07,1.96907813e-01
1.88116562e-07,1.96892188e-01
1.88156562e-07,1.96906250e-01
1.88196562e-07,1.96893750e-01
1.88236562e-07,1.96906250e-01
1.88276562e-07,1.96893750e-01
1.88316562e-07,1.96906250e-01
1.88356562e-07,1.96893750e-01
1.88396562e-07,1.96906250e-01
1.88436562e-07,1.96893750e-01
1.88476562e-07,1.96906250e-01
1.88516562e-07,1.96893750e-01
1.88556562e-07,1.96906250e-01
1.88596562e-07,1.96893750e-01
1.88636562e-07,1.96906250e-01
1.88676562e-07,1.96893750e-01
1.88716562e-07,1.96906250e-01
1.88756562e-07,1.96892188e-01
1.88796562e-07,1.96907813e-01
1.88836562e-07,1.96892188e-01
1.88876562e-07,1.96907813e-01
1.88916562e-07,1.96892188e-01
1.88956562e-07,1.96907813e-01
1.88996562e-07,1.96892188e-01
1.89036563e-07,1.96907813e-01
1.89076562e-07,1.96892188e-01
1.89116562e-07,1.96909375e-01
1.89156562e-07,1.96890625e-01
1.89196562e-07,1.96909375e-01
1.89236562e-07,1.96890625e-01
1.89276562e-07,1.96910937e-01
1.89316563e-07,1.96889063e-01
1.89356562e-07,1.96912500e-01
1.89396562e-07,1.96885937e-01
1.89436562e-07,1.96915625e-01
1.89476562e-07,1.96882813e-01
1.89516562e-07,1.96920312e-01
1.89556562e-07,1.96873437e-01
1.89596563e-07,1.96935938e-01
1.89636562e-07,1.96839062e-01
1.89676562e-07,1.97114063e-01
1.89716562e-07,1.97346875e-01
1.89756562e-07,1.97276563e-01
1.89796562e-07,1.97312500e-01
1.89836562e-07,1.97293750e-01
1.89876563e-07,1.97301562e-01
1.89916562e-07,1.97303125e-01
1.89956562e-07,1.97290625e-01
1.89996562e-07,1.97318750e-01
1.90036562e-07,1.97254687e-01
1.90076562e-07,1.97498438e-01
1.90116562e-07,1.97765625e-01
1.90156563e-07,1.97657813e-01
1.90196562e-07,1.97732813e-01
1.90236562e-07,1.97670313e-01
1.90276562e-07,1.97729688e-01
1.90316562e-07,1.97667188e-01
1.90356562e-07,1.97740625e-01
1.90396562e-07,1.97635937e-01
1.90436563e-07,1.97917188e-01
1.90476562e-07,1.98146875e-01
1.90516562e-07,1.98076562e-01
1.90556562e-07,1.98114063e-01
1.90596562e-07,1.98090625e-01
1.90636562e-07,1.98107813e-01
1.90676562e-07,1.98093750e-01
1.90716563e-07,1.98104688e-01
1.90756562e-07,1.98096875e-01
1.90796562e-07,1.98103125e-01
1.90836562e-07,1.98096875e-01
1.90876562e-07,1.98103125e-01
1.90916562e-07,1.98098438e-01
1.90956562e-07,1.98101562e-01
1.90996563e-07,1.98098438e-01
1.91036562e-07,1.98101562e-01
1.91076562e-07,1.98098438e-01
1.91116562e-07,1.98101562e-01
1.91156562e-07,1.98098438e-01
1.91196562e-07,1.98101562e-01
1.91236562e-07,1.98100000e-01
1.91276563e-07,1.98100000e-01
1.91316562e-07,1.98100000e-01
1.91356562e-07,1.98100000e-01
1.91396562e-07,1.98100000e-01
1.91436562e-07,1.98100000e-01
1.91476562e-07,1.98100000e-01
1.91516562e-07,1.98100000e-01
1.91556563e-07,1.98100000e-01
1.91596562e-07,1.98100000e-01
1.91636562e-07,1.98101562e-01
1.91676562e-07,1.98098438e-01
1.91716562e-07,1.98101562e-01
1.91756562e-07,1.98098438e-01
1.91796562e-07,1.98101562e-01
1.91836563e-07,1.98096875e-01
1.91876562e-07,1.98103125e-01
1.91916562e-07,1.98095313e-01
1.91956562e-07,1.98104688e-01
1.91996562e-07,1.98093750e-01
1.92036562e-07,1.98107813e-01
1.92076562e-07,1.98089062e-01
1.92116563e-07,1.98115625e-01
1.92156562e-07,1.98073438e-01
1.92196562e-07,1.98150000e-01
1.92236562e-07,1.97896875e-01
1.92276562e-07,1.97640625e-01
1.92316562e-07,1.97735938e-01
1.92356562e-07,1.97673437e-01
1.92396563e-07,1.97721875e-01
1.92436562e-07,1.97681250e-01
1.92476562e-07,1.97717188e-01
1.92516562e-07,1.97682812e-01
1.92556562e-07,1.97717188e-01
1.92596562e-07,1.97682812e-01
1.92636562e-07,1.97718750e-01
1.92676562e-07,1.97679688e-01
1.92716562e-07,1.97725000e-01
1.92756562e-07,1.97665625e-01
1.92796562e-07,1.97759375e-01
1.92836562e-07,1.97489063e-01
1.92876562e-07,1.97248438e-01
1.92916562e-07,1.97328125e-01
1.92956562e-07,1.97281250e-01
1.92996562e-07,1.97315625e-01
1.93036562e-07,1.97287500e-01
1.93076562e-07,1.97310938e-01
1.93116562e-07,1.97289063e-01
1.93156562e-07,1.97310938e-01
1.93196562e-07,1.97287500e-01
1.93236562e-07,1.97314062e-01
1.93276562e-07,1.97284375e-01
1.93316562e-07,1.97320313e-01
1.93356562e-07,1.97270313e-01
1.93396562e-07,1.97354688e-01
1.93436562e-07,1.97092188e-01
1.93476562e-07,1.96845313e-01
1.93516562e-07,1.96931250e-01
1.93556562e-07,1.96878125e-01
1.93596562e-07,1.96917188e-01
1.93636562e-07,1.96885937e-01
1.93676562e-07,1.96912500e-01
1.93716562e-07,1.96889063e-01
1.93756562e-07,1.96909375e-01
1.93796562e-07,1.96892188e-01
1.93836562e-07,1.96907813e-01
1.93876562e-07,1.96893750e-01
1.93916562e-07,1.96906250e-01
1.93956562e-07,1.96893750e-01
1.93996562e-07,1.96904688e-01
1.94036562e-07,1.96895313e-01
1.94076562e-07,1.96903125e-01
1.94116562e-07,1.96896875e-01
1.94156562e-07,1.96901563e-01
1.94196562e-07,1.96900000e-01
1.94236562e-07,1.96896875e-01
1.94276562e-07,1.96904688e-01
1.94316562e-07,1.96889063e-01
1.94356562e-07,1.96920312e-01
1.94396562e-07,1.96854688e-01
1.94436562e-07,1.97098438e-01
1.94476562e-07,1.97364062e-01
1.94516562e-07,1.97259375e-01
1.94556562e-07,1.97331250e-01
1.94596562e-07,1.97273438e-01
1.94636562e-07,1.97323438e-01
1.94676562e-07,1.97278125e-01
1.94716562e-07,1.97321875e-01
1.94756562e-07,1.97279688e-01
1.94796562e-07,1.97320313e-01
1.94836562e-07,1.97281250e-01
1.94876562e-07,1.97318750e-01
1.94916562e-07,1.97281250e-01
1.94956562e-07,1.97320313e-01
1.94996562e-07,1.97279688e-01
1.95036562e-07,1.97320313e-01
1.95076562e-07,1.97279688e-01
1.95116562e-07,1.97321875e-01
1.95156562e-07,1.97278125e-01
1.95196562e-07,1.97323438e-01
1.95236562e-07,1.97275000e-01
1.95276562e-07,1.97328125e-01
1.95316562e-07,1.97268750e-01
1.95356562e-07,1.97334375e-01
1.95396562e-07,1.97259375e-01
1.95436562e-07,1.97353125e-01
1.95476562e-07,1.97218750e-01
1.95516562e-07,1.97539063e-01
1.95556562e-07,1.97712500e-01
1.95596562e-07,1.97735938e-01
1.95636562e-07,1.97501563e-01
1.95676562e-07,1.97240625e-01
1.95716562e-07,1.97331250e-01
1.95756562e-07,1.97279688e-01
1.95796562e-07,1.97314062e-01
1.95836562e-07,1.97290625e-01
1.95876562e-07,1.97306250e-01
1.95916562e-07,1.97296875e-01
1.95956562e-07,1.97301562e-01
1.95996562e-07,1.97300000e-01
1.96036562e-07,1.97298438e-01
1.96076562e-07,1.97303125e-01
1.96116562e-07,1.97295313e-01
1.96156562e-07,1.97307813e-01
1.96196562e-07,1.97290625e-01
1.96236562e-07,1.97310938e-01
1.96276562e-07,1.97285938e-01
1.96316562e-07,1.97317188e-01
1.96356562e-07,1.97276563e-01
1.96396562e-07,1.97332813e-01
1.96436562e-07,1.97242187e-01
1.96476562e-07,1.97512500e-01
1.96516562e-07,1.97750000e-01
1.96556562e-07,1.97675000e-01
1.96596562e-07,1.97715625e-01
1.96636562e-07,1.97690625e-01
1.96676562e-07,1.97706250e-01
1.96716562e-07,1.97696875e-01
1.96756562e-07,1.97701563e-01
1.96796562e-07,1.97700000e-01
1.96836562e-07,1.97698438e-01
1.96876562e-07,1.97704688e-01
1.96916562e-07,1.97693750e-01
1.96956562e-07,1.97707812e-01
1.96996562e-07,1.97689063e-01
1.97036562e-07,1.97714063e-01
1.97076562e-07,1.97679688e-01
1.97116562e-07,1.97731250e-01
1.97156562e-07,1.97643750e-01
1.97196562e-07,1.97909375e-01
1.97236562e-07,1.98151563e-01
1.97276562e-07,1.98071875e-01
1.97316562e-07,1.98117188e-01
1.97356562e-07,1.98087500e-01
1.97396562e-07,1.98107813e-01
1.97436562e-07,1.98093750e-01
1.97476562e-07,1.98103125e-01
1.97516562e-07,1.98098438e-01
1.97556563e-07,1.98098438e-01
1.97596562e-07,1.98103125e-01
1.97636562e-07,1.98093750e-01
1.97676562e-07,1.98109375e-01
1.97716562e-07,1.98084375e-01
1.97756562e-07,1.98126563e-01
1.97796562e-07,1.98048438e-01
1.97836563e-07,1.98304688e-01
1.97876562e-07,1.98556250e-01
1.97916562e-07,1.98467188e-01
1.97956562e-07,1.98523438e-01
1.97996562e-07,1.98482812e-01
1.98036562e-07,1.98514063e-01
1.98076562e-07,1.98487500e-01
1.98116563e-07,1.98510938e-01
1.98156562e-07,1.98490625e-01
1.98196562e-07,1.98507813e-01
1.98236562e-07,1.98493750e-01
1.98276562e-07,1.98506250e-01
1.98316562e-07,1.98495313e-01
1.98356562e-07,1.98504687e-01
1.98396563e-07,1.98496875e-01
1.98436562e-07,1.98503125e-01
1.98476562e-07,1.98496875e-01
1.98516562e-07,1.98501563e-01
1.98556562e-07,1.98498438e-01
1.98596562e-07,1.98500000e-01
1.98636562e-07,1.98500000e-01
1.98676563e-07,1.98498438e-01
1.98716562e-07,1.98501563e-01
1.98756562e-07,1.98496875e-01
1.98796562e-07,1.98503125e-01
1.98836562e-07,1.98495313e-01
1.98876562e-07,1.98506250e-01
1.98916562e-07,1.98490625e-01
1.98956563e-07,1.98512500e-01
1.98996562e-07,1.98482812e-01
1.99036562e-07,1.98528125e-01
1.99076562e-07,1.98446875e-01
1.99116562e-07,1.98706250e-01
1.99156562e-07,1.98956250e-01
1.99196562e-07,1.98867188e-01
1.99236563e-07,1.98921875e-01
1.99276562e-07,1.98882813e-01
1.99316562e-07,1.98914063e-01
1.99356562e-07,1.98887500e-01
1.99396562e-07,1.98910937e-01
1.99436562e-07,1.98890625e-01
1.99476562e-07,1.98907813e-01
1.99516563e-07,1.98893750e-01
1.99556562e-07,1.98906250e-01
1.99596562e-07,1.98895313e-01
1.99636562e-07,1.98904688e-01
1.99676562e-07,1.98895313e-01
1.99716562e-07,1.98903125e-01
1.99756562e-07,1.98896875e-01
1.99796563e-07,1.98901563e-01
1.99836562e-07,1.98898437e-01
1.99876562e-07,1.98901563e-01
1.99916562e-07,1.98900000e-01
1.99956562e-07,1.98898437e-01
1.99996562e-07,1.98901563e-01
2.00036562e-07,1.98896875e-01
2.00076563e-07,1.98904688e-01
2.00116562e-07,1.98892188e-01
2.00156562e-07,1.98910937e-01
2.00196562e-07,1.98884375e-01
2.00236562e-07,1.98925000e-01
2.00276562e-07,1.98850000e-01
2.00316562e-07,1.99103125e-01
2.00356562e-07,1.99359375e-01
2.00396562e-07,1.99265625e-01
2.00436562e-07,1.99325000e-01
2.00476562e-07,1.99279687e-01
2.00516562e-07,1.99317187e-01
2.00556562e-07,1.99284375e-01
2.00596562e-07,1.99314062e-01
2.00636562e-07,1.99287500e-01
2.00676562e-07,1.99310938e-01
2.00716562e-07,1.99289063e-01
2.00756562e-07,1.99309375e-01
2.00796562e-07,1.99290625e-01
2.00836562e-07,1.99309375e-01
2.00876562e-07,1.99290625e-01
2.00916562e-07,1.99307813e-01
2.00956562e-07,1.99292187e-01
2.00996562e-07,1.99307813e-01
2.01036562e-07,1.99292187e-01
2.01076562e-07,1.99307813e-01
2.01116562e-07,1.99292187e-01
2.01156562e-07,1.99306250e-01
2.01196562e-07,1.99293750e-01
2.01236562e-07,1.99306250e-01
2.01276562e-07,1.99293750e-01
2.01316562e-07,1.99306250e-01
2.01356562e-07,1.99293750e-01
2.01396562e-07,1.99306250e-01
2.01436562e-07,1.99293750e-01
2.01476562e-07,1.99306250e-01
2.01516562e-07,1.99293750e-01
2.01556562e-07,1.99306250e-01
2.01596562e-07,1.99293750e-01
2.01636562e-07,1.99306250e-01
2.01676562e-07,1.99293750e-01
2.01716562e-07,1.99306250e-01
2.01756562e-07,1.99293750e-01
2.01796562e-07,1.99306250e-01
2.01836562e-07,1.99293750e-01
2.01876562e-07,1.99306250e-01
2.01916562e-07,1.99293750e-01
2.01956562e-07,1.99306250e-01
2.01996562e-07,1.99293750e-01
2.02036562e-07,1.99306250e-01
2.02076562e-07,1.99293750e-01
2.02116562e-07,1.99307813e-01
2.02156562e-07,1.99292187e-01
2.02196562e-07,1.99307813e-01
2.02236562e-07,1.99292187e-01
2.02276562e-07,1.99309375e-01
2.02316562e-07,1.99290625e-01
2.02356562e-07,1.99310938e-01
2.02396562e-07,1.99287500e-01
2.02436562e-07,1.99314062e-01
2.02476562e-07,1.99282813e-01
2.02516562e-07,1.99321875e-01
2.02556562e-07,1.99268750e-01
2.02596562e-07,1.99356250e-01
2.02636562e-07,1.99092188e-01
2.02676562e-07,1.98845313e-01
2.02716562e-07,1.98931250e-01
2.02756562e-07,1.98878125e-01
2.02796562e-07,1.98917188e-01
2.02836562e-07,1.98884375e-01
2.02876562e-07,1.98914063e-01
2.02916562e-07,1.98885937e-01
2.02956562e-07,1.98914063e-01
2.02996562e-07,1.98882813e-01
2.03036562e-07,1.98920313e-01
2.03076562e-07,1.98870313e-01
2.03116562e-07,1.98953125e-01
2.03156562e-07,1.98693750e-01
2.03196562e-07,1.98443750e-01
2.03236562e-07,1.98534375e-01
2.03276562e-07,1.98475000e-01
2.03316562e-07,1.98521875e-01
2.03356562e-07,1.98479688e-01
2.03396562e-07,1.98520313e-01
2.03436562e-07,1.98478125e-01
2.03476562e-07,1.98526563e-01
2.03516562e-07,1.98465625e-01
2.03556562e-07,1.98559375e-01
2.03596562e-07,1.98289063e-01
2.03636562e-07,1.98048438e-01
2.03676562e-07,1.98129688e-01
2.03716562e-07,1.98079688e-01
2.03756562e-07,1.98117188e-01
2.03796562e-07,1.98084375e-01
2.03836562e-07,1.98115625e-01
2.03876562e-07,1.98084375e-01
2.03916562e-07,1.98120313e-01
2.03956562e-07,1.98071875e-01
2.03996562e-07,1.98153125e-01
2.04036562e-07,1.97895313e-01
2.04076562e-07,1.97640625e-01
2.04116562e-07,1.97735938e-01
2.04156562e-07,1.97671875e-01
2.04196562e-07,1.97725000e-01
2.04236562e-07,1.97676563e-01
2.04276562e-07,1.97723438e-01
2.04316562e-07,1.97673437e-01
2.04356562e-07,1.97729688e-01
2.04396562e-07,1.97660938e-01
2.04436562e-07,1.97764063e-01
2.04476562e-07,1.97482812e-01
2.04516562e-07,1.97254687e-01
2.04556562e-07,1.97321875e-01
2.04596562e-07,1.97289063e-01
2.04636562e-07,1.97306250e-01
2.04676562e-07,1.97298438e-01
2.04716562e-07,1.97298438e-01
2.04756562e-07,1.97304688e-01
2.04796562e-07,1.97290625e-01
2.04836562e-07,1.97314062e-01
2.04876562e-07,1.97275000e-01
2.04916562e-07,1.97350000e-01
2.04956562e-07,1.97096875e-01
2.04996562e-07,1.96842188e-01
2.05036562e-07,1.96934375e-01
2.05076562e-07,1.96875000e-01
2.05116562e-07,1.96918750e-01
2.05156562e-07,1.96884375e-01
2.05196562e-07,1.96914063e-01
2.05236562e-07,1.96887500e-01
2.05276562e-07,1.96910937e-01
2.05316562e-07,1.96889063e-01
2.05356562e-07,1.96909375e-01
2.05396562e-07,1.96890625e-01
2.05436562e-07,1.96907813e-01
2.05476562e-07,1.96892188e-01
2.05516562e-07,1.96907813e-01
2.05556562e-07,1.96892188e-01
2.05596562e-07,1.96906250e-01
2.05636562e-07,1.96893750e-01
2.05676562e-07,1.96906250e-01
2.05716562e-07,1.96893750e-01
2.05756562e-07,1.96906250e-01
2.05796562e-07,1.96893750e-01
2.05836562e-07,1.96906250e-01
2.05876562e-07,1.96893750e-01
2.05916562e-07,1.96904688e-01
2.05956562e-07,1.96895313e-01
2.05996562e-07,1.96904688e-01
2.06036562e-07,1.96895313e-01
2.06076562e-07,1.96904688e-01
2.06116562e-07,1.96895313e-01
2.06156562e-07,1.96904688e-01
2.06196562e-07,1.96895313e-01
2.06236562e-07,1.96904688e-01
2.06276562e-07,1.96895313e-01
2.06316562e-07,1.96904688e-01
2.06356563e-07,1.96895313e-01
2.06396562e-07,1.96904688e-01
2.06436562e-07,1.96895313e-01
2.06476562e-07,1.96904688e-01
2.06516562e-07,1.96895313e-01
2.06556562e-07,1.96904688e-01
2.06596562e-07,1.96895313e-01
2.06636563e-07,1.96904688e-01
2.06676562e-07,1.96895313e-01
2.06716562e-07,1.96904688e-01
2.06756562e-07,1.96895313e-01
2.06796562e-07,1.96904688e-01
2.06836562e-07,1.96895313e-01
2.06876562e-07,1.96904688e-01
2.06916563e-07,1.96895313e-01
2.06956562e-07,1.96904688e-01
2.06996562e-07,1.96895313e-01
2.07036562e-07,1.96904688e-01
2.07076562e-07,1.96895313e-01
2.07116562e-07,1.96904688e-01
2.07156562e-07,1.96895313e-01
2.07196563e-07,1.96904688e-01
2.07236562e-07,1.96895313e-01
2.07276562e-07,1.96904688e-01
2.07316562e-07,1.96895313e-01
2.07356562e-07,1.96904688e-01
2.07396562e-07,1.96895313e-01
2.07436562e-07,1.96904688e-01
2.07476563e-07,1.96895313e-01
2.07516562e-07,1.96904688e-01
2.07556562e-07,1.96895313e-01
2.07596562e-07,1.96904688e-01
2.07636562e-07,1.96895313e-01
2.07676562e-07,1.96904688e-01
2.07716562e-07,1.96895313e-01
2.07756562e-07,1.96904688e-01
2.07796562e-07,1.96895313e-01
2.07836562e-07,1.96904688e-01
2.07876562e-07,1.96895313e-01
2.07916562e-07,1.96904688e-01
2.07956562e-07,1.96895313e-01
2.07996562e-07,1.96904688e-01
2.08036562e-07,1.96895313e-01
2.08076562e-07,1.96904688e-01
2.08116562e-07,1.96895313e-01
2.08156562e-07,1.96904688e-01
2.08196562e-07,1.96895313e-01
2.08236562e-07,1.96904688e-01
2.08276562e-07,1.96895313e-01
2.08316562e-07,1.96904688e-01
2.08356562e-07,1.96895313e-01
2.08396562e-07,1.96904688e-01
2.08436562e-07,1.96896875e-01
2.08476562e-07,1.96903125e-01
2.08516562e-07,1.96898438e-01
2.08556562e-07,1.96900000e-01
2.08596562e-07,1.96903125e-01
2.08636562e-07,1.96893750e-01
2.08676562e-07,1.96915625e-01
2.08716562e-07,1.96859375e-01
2.08756562e-07,1.97092188e-01
2.08796562e-07,1.97371875e-01
2.08836562e-07,1.97251563e-01
2.08876562e-07,1.97340625e-01
2.08916562e-07,1.97260938e-01
2.08956562e-07,1.97339062e-01
2.08996562e-07,1.97257813e-01
2.09036562e-07,1.97351563e-01
2.09076562e-07,1.97225000e-01
2.09116562e-07,1.97528125e-01
2.09156562e-07,1.97734375e-01
2.09196562e-07,1.97690625e-01
2.09236562e-07,1.97700000e-01
2.09276562e-07,1.97706250e-01
2.09316562e-07,1.97690625e-01
2.09356562e-07,1.97714063e-01
2.09396562e-07,1.97682812e-01
2.09436562e-07,1.97721875e-01
2.09476562e-07,1.97671875e-01
2.09516562e-07,1.97739063e-01
2.09556562e-07,1.97635937e-01
2.09596562e-07,1.97918750e-01
2.09636562e-07,1.98142188e-01
2.09676562e-07,1.98082813e-01
2.09716562e-07,1.98106250e-01
2.09756562e-07,1.98100000e-01
2.09796562e-07,1.98095313e-01
2.09836562e-07,1.98109375e-01
2.09876562e-07,1.98085938e-01
2.09916562e-07,1.98120313e-01
2.09956562e-07,1.98068750e-01
2.09996562e-07,1.98157813e-01
2.10036562e-07,1.97887500e-01
2.10076562e-07,1.97650000e-01
2.10116562e-07,1.97725000e-01
2.10156562e-07,1.97685938e-01
2.10196562e-07,1.97707812e-01
2.10236562e-07,1.97696875e-01
2.10276562e-07,1.97700000e-01
2.10316562e-07,1.97703125e-01
2.10356562e-07,1.97693750e-01
2.10396562e-07,1.97709375e-01
2.10436562e-07,1.97685938e-01
2.10476562e-07,1.97720312e-01
2.10516562e-07,1.97668750e-01
2.10556562e-07,1.97756250e-01
2.10596562e-07,1.97489063e-01
2.10636562e-07,1.97250000e-01
2.10676562e-07,1.97325000e-01
2.10716562e-07,1.97285938e-01
2.10756562e-07,1.97307813e-01
2.10796562e-07,1.97296875e-01
2.10836562e-07,1.97300000e-01
2.10876562e-07,1.97304688e-01
2.10916562e-07,1.97290625e-01
2.10956562e-07,1.97315625e-01
2.10996562e-07,1.97273438e-01
2.11036562e-07,1.97353125e-01
2.11076562e-07,1.97093750e-01
2.11116562e-07,1.96845313e-01
2.11156562e-07,1.96929688e-01
2.11196562e-07,1.96881250e-01
2.11236562e-07,1.96912500e-01
2.11276562e-07,1.96892188e-01
2.11316562e-07,1.96903125e-01
2.11356562e-07,1.96900000e-01
2.11396562e-07,1.96895313e-01
2.11436562e-07,1.96910937e-01
2.11476562e-07,1.96878125e-01
2.11516562e-07,1.96948438e-01
2.11556562e-07,1.96698438e-01
2.11596562e-07,1.96440625e-01
2.11636562e-07,1.96534375e-01
2.11676562e-07,1.96476563e-01
2.11716562e-07,1.96518750e-01
2.11756562e-07,1.96485938e-01
2.11796562e-07,1.96510938e-01
2.11836562e-07,1.96492187e-01
2.11876562e-07,1.96504687e-01
2.11916562e-07,1.96498438e-01
2.11956562e-07,1.96496875e-01
2.11996562e-07,1.96507813e-01
2.12036562e-07,1.96481250e-01
2.12076562e-07,1.96543750e-01
2.12116562e-07,1.96301562e-01
2.12156562e-07,1.96035938e-01
2.12196562e-07,1.96139063e-01
2.12236562e-07,1.96070313e-01
2.12276562e-07,1.96125000e-01
2.12316562e-07,1.96079688e-01
2.12356562e-07,1.96118750e-01
2.12396562e-07,1.96082813e-01
2.12436562e-07,1.96115625e-01
2.12476562e-07,1.96085938e-01
2.12516562e-07,1.96112500e-01
2.12556562e-07,1.96087500e-01
2.12596562e-07,1.96110937e-01
2.12636562e-07,1.96089063e-01
2.12676562e-07,1.96110937e-01
2.12716562e-07,1.96090625e-01
2.12756562e-07,1.96109375e-01
2.12796562e-07,1.96090625e-01
2.12836562e-07,1.96107813e-01
2.12876562e-07,1.96092188e-01
2.12916562e-07,1.96106250e-01
2.12956562e-07,1.96093750e-01
2.12996562e-07,1.96106250e-01
2.13036562e-07,1.96095313e-01
2.13076562e-07,1.96104688e-01
2.13116562e-07,1.96096875e-01
2.13156562e-07,1.96101562e-01
2.13196562e-07,1.96098438e-01
2.13236562e-07,1.96098438e-01
2.13276562e-07,1.96104688e-01
2.13316562e-07,1.96090625e-01
2.13356562e-07,1.96118750e-01
2.13396562e-07,1.96056250e-01
2.13436562e-07,1.96296875e-01
2.13476562e-07,1.96565625e-01
2.13516562e-07,1.96457812e-01
2.13556562e-07,1.96534375e-01
2.13596562e-07,1.96470313e-01
2.13636562e-07,1.96526563e-01
2.13676562e-07,1.96473438e-01
2.13716562e-07,1.96526563e-01
2.13756562e-07,1.96473438e-01
2.13796562e-07,1.96529687e-01
2.13836562e-07,1.96467188e-01
2.13876562e-07,1.96542188e-01
2.13916562e-07,1.96432812e-01
2.13956562e-07,1.96720312e-01
2.13996562e-07,1.96943750e-01
2.14036562e-07,1.96879688e-01
2.14076562e-07,1.96910937e-01
2.14116562e-07,1.96893750e-01
2.14156562e-07,1.96903125e-01
2.14196562e-07,1.96898438e-01
2.14236562e-07,1.96900000e-01
2.14276562e-07,1.96901563e-01
2.14316562e-07,1.96898438e-01
2.14356562e-07,1.96903125e-01
2.14396562e-07,1.96896875e-01
2.14436562e-07,1.96903125e-01
2.14476562e-07,1.96896875e-01
2.14516562e-07,1.96904688e-01
2.14556562e-07,1.96895313e-01
2.14596562e-07,1.96904688e-01
2.14636562e-07,1.96895313e-01
2.14676562e-07,1.96904688e-01
2.14716562e-07,1.96895313e-01
2.14756562e-07,1.96906250e-01
2.14796562e-07,1.96893750e-01
2.14836562e-07,1.96906250e-01
2.14876563e-07,1.96893750e-01
2.14916562e-07,1.96906250e-01
2.14956562e-07,1.96893750e-01
2.14996562e-07,1.96907813e-01
2.15036562e-07,1.96892188e-01
2.15076562e-07,1.96907813e-01
2.15116562e-07,1.96890625e-01
2.15156563e-07,1.96909375e-01
2.15196562e-07,1.96889063e-01
2.15236562e-07,1.96912500e-01
2.15276562e-07,1.96885937e-01
2.15316562e-07,1.96915625e-01
2.15356562e-07,1.96881250e-01
2.15396562e-07,1.96923438e-01
2.15436562e-07,1.96865625e-01
2.15476562e-07,1.96959375e-01
2.15516562e-07,1.96687500e-01
2.15556562e-07,1.96451563e-01
2.15596562e-07,1.96525000e-01
2.15636562e-07,1.96485938e-01
2.15676562e-07,1.96507813e-01
2.15716562e-07,1.96496875e-01
2.15756562e-07,1.96498438e-01
2.15796562e-07,1.96507813e-01
2.15836562e-07,1.96482812e-01
2.15876562e-07,1.96542188e-01
2.15916562e-07,1.96304688e-01
2.15956562e-07,1.96032813e-01
2.15996562e-07,1.96143750e-01
2.16036562e-07,1.96064062e-01
2.16076562e-07,1.96132813e-01
2.16116562e-07,1.96067188e-01
2.16156562e-07,1.96135937e-01
2.16196562e-07,1.96054688e-01
2.16236562e-07,1.96168750e-01
2.16276562e-07,1.95878125e-01
2.16316562e-07,1.95659375e-01
2.16356562e-07,1.95715625e-01
2.16396562e-07,1.95695312e-01
2.16436562e-07,1.95698438e-01
2.16476562e-07,1.95709375e-01
2.16516562e-07,1.95679688e-01
2.16556562e-07,1.95745313e-01
2.16596562e-07,1.95500000e-01
2.16636562e-07,1.95237500e-01
2.16676562e-07,1.95339062e-01
2.16716562e-07,1.95270313e-01
2.16756562e-07,1.95326563e-01
2.16796562e-07,1.95275000e-01
2.16836562e-07,1.95325000e-01
2.16876562e-07,1.95273438e-01
2.16916562e-07,1.95329688e-01
2.16956562e-07,1.95260938e-01
2.16996562e-07,1.95362500e-01
2.17036562e-07,1.95084375e-01
2.17076562e-07,1.94853125e-01
2.17116562e-07,1.94923438e-01
2.17156562e-07,1.94884375e-01
2.17196562e-07,1.94910937e-01
2.17236562e-07,1.94892188e-01
2.17276562e-07,1.94906250e-01
2.17316562e-07,1.94895313e-01
2.17356562e-07,1.94903125e-01
2.17396562e-07,1.94898438e-01
2.17436562e-07,1.94901563e-01
2.17476562e-07,1.94898438e-01
2.17516562e-07,1.94900000e-01
2.17556562e-07,1.94900000e-01
2.17596562e-07,1.94900000e-01
2.17636562e-07,1.94901563e-01
2.17676562e-07,1.94898438e-01
2.17716562e-07,1.94903125e-01
2.17756562e-07,1.94895313e-01
2.17796562e-07,1.94906250e-01
2.17836562e-07,1.94892188e-01
2.17876562e-07,1.94910937e-01
2.17916562e-07,1.94884375e-01
2.17956562e-07,1.94925000e-01
2.17996562e-07,1.94850000e-01
2.18036562e-07,1.95101562e-01
2.18076562e-07,1.95360937e-01
2.18116562e-07,1.95262500e-01
2.18156562e-07,1.95328125e-01
2.18196562e-07,1.95276563e-01
2.18236562e-07,1.95321875e-01
2.18276562e-07,1.95279688e-01
2.18316562e-07,1.95320313e-01
2.18356562e-07,1.95278125e-01
2.18396562e-07,1.95323438e-01
2.18436562e-07,1.95271875e-01
2.18476562e-07,1.95335938e-01
2.18516562e-07,1.95239063e-01
2.18556562e-07,1.95514063e-01
2.18596562e-07,1.95750000e-01
2.18636562e-07,1.95673438e-01
2.18676562e-07,1.95717188e-01
2.18716562e-07,1.95685938e-01
2.18756562e-07,1.95710938e-01
2.18796562e-07,1.95689063e-01
2.18836562e-07,1.95709375e-01
2.18876562e-07,1.95689063e-01
2.18916562e-07,1.95712500e-01
2.18956562e-07,1.95682812e-01
2.18996562e-07,1.95726563e-01
2.19036562e-07,1.95650000e-01
2.19076562e-07,1.95903125e-01
2.19116562e-07,1.96160938e-01
2.19156562e-07,1.96062500e-01
2.19196562e-07,1.96129688e-01
2.19236562e-07,1.96075000e-01
2.19276562e-07,1.96123437e-01
2.19316562e-07,1.96078125e-01
2.19356562e-07,1.96123437e-01
2.19396562e-07,1.96076562e-01
2.19436562e-07,1.96126563e-01
2.19476562e-07,1.96068750e-01
2.19516562e-07,1.96140625e-01
2.19556562e-07,1.96034375e-01
2.19596562e-07,1.96318750e-01
2.19636562e-07,1.96543750e-01
2.19676562e-07,1.96481250e-01
2.19716562e-07,1.96509375e-01
2.19756562e-07,1.96495313e-01
2.19796562e-07,1.96500000e-01
2.19836562e-07,1.96503125e-01
2.19876562e-07,1.96495313e-01
2.19916562e-07,1.96507813e-01
2.19956562e-07,1.96489063e-01
2.19996562e-07,1.96514063e-01
2.20036562e-07,1.96479687e-01
2.20076562e-07,1.96529687e-01
2.20116562e-07,1.96443750e-01
2.20156562e-07,1.96709375e-01
2.20196562e-07,1.96953125e-01
2.20236562e-07,1.96871875e-01
2.20276562e-07,1.96918750e-01
2.20316562e-07,1.96887500e-01
2.20356562e-07,1.96909375e-01
2.20396562e-07,1.96892188e-01
2.20436562e-07,1.96904688e-01
2.20476562e-07,1.96896875e-01
2.20516562e-07,1.96901563e-01
2.20556562e-07,1.96900000e-01
2.20596562e-07,1.96898438e-01
2.20636562e-07,1.96903125e-01
2.20676562e-07,1.96895313e-01
2.20716562e-07,1.96906250e-01
2.20756562e-07,1.96890625e-01
2.20796562e-07,1.96912500e-01
2.20836562e-07,1.96882813e-01
2.20876562e-07,1.96928125e-01
2.20916562e-07,1.96846875e-01
2.20956562e-07,1.97106250e-01
2.20996562e-07,1.97354688e-01
2.21036562e-07,1.97268750e-01
2.21076562e-07,1.97320313e-01
2.21116562e-07,1.97284375e-01
2.21156562e-07,1.97310938e-01
2.21196562e-07,1.97290625e-01
2.21236562e-07,1.97306250e-01
2.21276562e-07,1.97295313e-01
2.21316562e-07,1.97301562e-01
2.21356562e-07,1.97301562e-01
2.21396562e-07,1.97295313e-01
2.21436562e-07,1.97310938e-01
2.21476562e-07,1.97279688e-01
2.21516562e-07,1.97345313e-01
2.21556562e-07,1.97101562e-01
2.21596562e-07,1.96837500e-01
2.21636562e-07,1.96939063e-01
2.21676562e-07,1.96870313e-01
2.21716562e-07,1.96925000e-01
2.21756562e-07,1.96878125e-01
2.21796562e-07,1.96918750e-01
2.21836562e-07,1.96882813e-01
2.21876562e-07,1.96917188e-01
2.21916562e-07,1.96884375e-01
2.21956562e-07,1.96915625e-01
2.21996562e-07,1.96884375e-01
2.22036562e-07,1.96915625e-01
2.22076562e-07,1.96884375e-01
2.22116562e-07,1.96915625e-01
2.22156562e-07,1.96884375e-01
2.22196562e-07,1.96917188e-01
2.22236562e-07,1.96882813e-01
2.22276562e-07,1.96918750e-01
2.22316562e-07,1.96878125e-01
2.22356562e-07,1.96926563e-01
2.22396562e-07,1.96864062e-01
2.22436562e-07,1.96960938e-01
2.22476562e-07,1.96687500e-01
2.22516562e-07,1.96450000e-01
2.22556562e-07,1.96526563e-01
2.22596562e-07,1.96482812e-01
2.22636562e-07,1.96514063e-01
2.22676562e-07,1.96489063e-01
2.22716562e-07,1.96510938e-01
2.22756562e-07,1.96489063e-01
2.22796562e-07,1.96512500e-01
2.22836562e-07,1.96482812e-01
2.22876562e-07,1.96525000e-01
2.22916562e-07,1.96450000e-01
2.22956562e-07,1.96701563e-01
2.22996562e-07,1.96960938e-01
2.23036562e-07,1.96862500e-01
2.23076562e-07,1.96929688e-01
2.23116562e-07,1.96873437e-01
2.23156562e-07,1.96925000e-01
2.23196562e-07,1.96876563e-01
2.23236562e-07,1.96925000e-01
2.23276562e-07,1.96873437e-01
2.23316562e-07,1.96928125e-01
2.23356562e-07,1.96867188e-01
2.23396562e-07,1.96943750e-01
2.23436562e-07,1.96831250e-01
2.23476562e-07,1.97121875e-01
2.23516562e-07,1.97339062e-01
2.23556562e-07,1.97285938e-01
2.23596562e-07,1.97301562e-01
2.23636562e-07,1.97306250e-01
2.23676562e-07,1.97285938e-01
2.23716562e-07,1.97326562e-01
2.23756562e-07,1.97246875e-01
2.23796562e-07,1.97507813e-01
2.23836562e-07,1.97753125e-01
2.23876562e-07,1.97673437e-01
2.23916562e-07,1.97715625e-01
2.23956562e-07,1.97692188e-01
2.23996562e-07,1.97698438e-01
2.24036562e-07,1.97712500e-01
2.24076562e-07,1.97660938e-01
2.24116562e-07,1.97892188e-01
2.24156562e-07,1.98168750e-01
2.24196562e-07,1.98054687e-01
2.24236562e-07,1.98135937e-01
2.24276562e-07,1.98068750e-01
2.24316562e-07,1.98129688e-01
2.24356562e-07,1.98070313e-01
2.24396562e-07,1.98129688e-01
2.24436562e-07,1.98065625e-01
2.24476562e-07,1.98142188e-01
2.24516562e-07,1.98034375e-01
2.24556562e-07,1.98318750e-01
2.24596562e-07,1.98543750e-01
2.24636562e-07,1.98479688e-01
2.24676562e-07,1.98512500e-01
2.24716562e-07,1.98492188e-01
2.24756562e-07,1.98504687e-01
2.24796562e-07,1.98496875e-01
2.24836562e-07,1.98501563e-01
2.24876562e-07,1.98498438e-01
2.24916562e-07,1.98501563e-01
2.24956562e-07,1.98500000e-01
2.24996562e-07,1.98500000e-01
2.25036562e-07,1.98500000e-01
2.25076562e-07,1.98500000e-01
2.25116562e-07,1.98500000e-01
2.25156562e-07,1.98500000e-01
2.25196562e-07,1.98500000e-01
2.25236562e-07,1.98500000e-01
2.25276562e-07,1.98500000e-01
2.25316562e-07,1.98500000e-01
2.25356562e-07,1.98500000e-01
2.25396562e-07,1.98500000e-01
2.25436562e-07,1.98500000e-01
2.25476562e-07,1.98501563e-01
2.25516562e-07,1.98498438e-01
2.25556562e-07,1.98503125e-01
2.25596562e-07,1.98495313e-01
2.25636562e-07,1.98506250e-01
2.25676562e-07,1.98492188e-01
2.25716562e-07,1.98512500e-01
2.25756562e-07,1.98478125e-01
2.25796562e-07,1.98546875e-01
2.25836562e-07,1.98300000e-01
2.25876562e-07,1.98037500e-01
2.25916562e-07,1.98140625e-01
2.25956562e-07,1.98068750e-01
2.25996562e-07,1.98126563e-01
2.26036562e-07,1.98075000e-01
2.26076562e-07,1.98125000e-01
2.26116562e-07,1.98075000e-01
2.26156562e-07,1.98126563e-01
2.26196562e-07,1.98071875e-01
2.26236562e-07,1.98132813e-01
2.26276562e-07,1.98057813e-01
2.26316562e-07,1.98167188e-01
2.26356562e-07,1.97879688e-01
2.26396562e-07,1.97659375e-01
2.26436562e-07,1.97717188e-01
2.26476562e-07,1.97693750e-01
2.26516562e-07,1.97700000e-01
2.26556562e-07,1.97704688e-01
2.26596562e-07,1.97690625e-01
2.26636562e-07,1.97715625e-01
2.26676562e-07,1.97675000e-01
2.26716562e-07,1.97750000e-01
2.26756562e-07,1.97496875e-01
2.26796562e-07,1.97242187e-01
2.26836562e-07,1.97335938e-01
2.26876562e-07,1.97273438e-01
2.26916562e-07,1.97323438e-01
2.26956562e-07,1.97278125e-01
2.26996562e-07,1.97325000e-01
2.27036562e-07,1.97267187e-01
2.27076562e-07,1.97354688e-01
2.27116562e-07,1.97093750e-01
2.27156562e-07,1.96842188e-01
2.27196562e-07,1.96935938e-01
2.27236562e-07,1.96871875e-01
2.27276562e-07,1.96926563e-01
2.27316562e-07,1.96873437e-01
2.27356562e-07,1.96929688e-01
2.27396562e-07,1.96860937e-01
2.27436562e-07,1.96962500e-01
2.27476562e-07,1.96684375e-01
2.27516562e-07,1.96453125e-01
2.27556562e-07,1.96523438e-01
2.27596562e-07,1.96485938e-01
2.27636562e-07,1.96509375e-01
2.27676562e-07,1.96493750e-01
2.27716562e-07,1.96503125e-01
2.27756562e-07,1.96498438e-01
2.27796562e-07,1.96500000e-01
2.27836562e-07,1.96500000e-01
2.27876562e-07,1.96498438e-01
2.27916562e-07,1.96503125e-01
2.27956562e-07,1.96495313e-01
2.27996562e-07,1.96506250e-01
2.28036562e-07,1.96492187e-01
2.28076562e-07,1.96510938e-01
2.28116562e-07,1.96485938e-01
2.28156562e-07,1.96518750e-01
2.28196562e-07,1.96471875e-01
2.28236562e-07,1.96554688e-01
2.28276562e-07,1.96292187e-01
2.28316562e-07,1.96045313e-01
2.28356562e-07,1.96131250e-01
2.28396562e-07,1.96078125e-01
2.28436562e-07,1.96115625e-01
2.28476562e-07,1.96087500e-01
2.28516562e-07,1.96110937e-01
2.28556562e-07,1.96090625e-01
2.28596562e-07,1.96107813e-01
2.28636562e-07,1.96093750e-01
2.28676562e-07,1.96106250e-01
2.28716562e-07,1.96095313e-01
2.28756562e-07,1.96104688e-01
2.28796562e-07,1.96096875e-01
2.28836562e-07,1.96103125e-01
2.28876562e-07,1.96098438e-01
2.28916562e-07,1.96101562e-01
2.28956562e-07,1.96100000e-01
2.28996562e-07,1.96100000e-01
2.29036562e-07,1.96100000e-01
2.29076562e-07,1.96098438e-01
2.29116562e-07,1.96103125e-01
2.29156562e-07,1.96096875e-01
2.29196562e-07,1.96106250e-01
2.29236562e-07,1.96092188e-01
2.29276562e-07,1.96110937e-01
2.29316562e-07,1.96084375e-01
2.29356562e-07,1.96125000e-01
2.29396562e-07,1.96050000e-01
2.29436562e-07,1.96303125e-01
2.29476562e-07,1.96557813e-01
2.29516562e-07,1.96465625e-01
2.29556562e-07,1.96525000e-01
2.29596562e-07,1.96479687e-01
2.29636562e-07,1.96517187e-01
2.29676562e-07,1.96484375e-01
2.29716562e-07,1.96514063e-01
2.29756562e-07,1.96487500e-01
2.29796562e-07,1.96510938e-01
2.29836562e-07,1.96489063e-01
2.29876562e-07,1.96510938e-01
2.29916562e-07,1.96490625e-01
2.29956562e-07,1.96509375e-01
2.29996562e-07,1.96490625e-01
2.30036562e-07,1.96509375e-01
2.30076562e-07,1.96490625e-01
2.30116562e-07,1.96509375e-01
2.30156562e-07,1.96490625e-01
2.30196562e-07,1.96509375e-01
2.30236562e-07,1.96490625e-01
2.30276562e-07,1.96510938e-01
2.30316562e-07,1.96489063e-01
2.30356562e-07,1.96510938e-01
2.30396562e-07,1.96487500e-01
2.30436562e-07,1.96514063e-01
2.30476562e-07,1.96484375e-01
2.30516562e-07,1.96518750e-01
2.30556562e-07,1.96476563e-01
2.30596562e-07,1.96532813e-01
2.30636562e-07,1.96442188e-01
2.30676562e-07,1.96710938e-01
2.30716562e-07,1.96951563e-01
2.30756562e-07,1.96871875e-01
2.30796562e-07,1.96918750e-01
2.30836562e-07,1.96885937e-01
2.30876562e-07,1.96910937e-01
2.30916562e-07,1.96892188e-01
2.30956562e-07,1.96907813e-01
2.30996562e-07,1.96893750e-01
2.31036562e-07,1.96904688e-01
2.31076562e-07,1.96895313e-01
2.31116562e-07,1.96904688e-01
2.31156562e-07,1.96896875e-01
2.31196562e-07,1.96903125e-01
2.31236562e-07,1.96896875e-01
2.31276562e-07,1.96903125e-01
2.31316562e-07,1.96896875e-01
2.31356562e-07,1.96903125e-01
2.31396562e-07,1.96896875e-01
2.31436562e-07,1.96901563e-01
2.31476562e-07,1.96898438e-01
2.31516562e-07,1.96901563e-01
2.31556562e-07,1.96898438e-01
2.31596562e-07,1.96901563e-01
2.31636562e-07,1.96898438e-01
2.31676562e-07,1.96901563e-01
2.31716562e-07,1.96898438e-01
2.31756562e-07,1.96901563e-01
2.31796562e-07,1.96898438e-01
2.31836562e-07,1.96901563e-01
2.31876562e-07,1.96898438e-01
2.31916562e-07,1.96901563e-01
2.31956562e-07,1.96898438e-01
2.31996562e-07,1.96901563e-01
2.32036562e-07,1.96898438e-01
2.32076562e-07,1.96901563e-01
2.32116562e-07,1.96898438e-01
2.32156562e-07,1.96901563e-01
2.32196562e-07,1.96898438e-01
2.32236562e-07,1.96901563e-01
2.32276562e-07,1.96898438e-01
2.32316562e-07,1.96901563e-01
2.32356562e-07,1.96898438e-01
2.32396562e-07,1.96901563e-01
2.32436562e-07,1.96898438e-01
2.32476562e-07,1.96901563e-01
2.32516562e-07,1.96898438e-01
2.32556562e-07,1.96901563e-01
2.32596562e-07,1.96898438e-01
2.32636562e-07,1.96901563e-01
2.32676562e-07,1.96898438e-01
2.32716562e-07,1.96901563e-01
2.32756562e-07,1.96898438e-01
2.32796562e-07,1.96901563e-01
2.32836562e-07,1.96898438e-01
2.32876562e-07,1.96903125e-01
2.32916562e-07,1.96896875e-01
2.32956562e-07,1.96903125e-01
2.32996562e-07,1.96896875e-01
2.33036562e-07,1.96903125e-01
2.33076562e-07,1.96896875e-01
2.33116562e-07,1.96903125e-01
2.33156562e-07,1.96896875e-01
2.33196562e-07,1.96903125e-01
2.33236562e-07,1.96896875e-01
2.33276562e-07,1.96903125e-01
2.33316562e-07,1.96896875e-01
2.33356562e-07,1.96903125e-01
2.33396562e-07,1.96896875e-01
2.33436562e-07,1.96904688e-01
2.33476562e-07,1.96895313e-01
2.33516562e-07,1.96904688e-01
2.33556562e-07,1.96895313e-01
2.33596562e-07,1.96904688e-01
2.33636562e-07,1.96895313e-01
2.33676562e-07,1.96906250e-01
2.33716562e-07,1.96893750e-01
2.33756562e-07,1.96906250e-01
2.33796562e-07,1.96892188e-01
2.33836562e-07,1.96907813e-01
2.33876562e-07,1.96890625e-01
2.33916562e-07,1.96910937e-01
2.33956562e-07,1.96887500e-01
2.33996562e-07,1.96915625e-01
2.34036562e-07,1.96879688e-01
2.34076562e-07,1.96929688e-01
2.34116562e-07,1.96845313e-01
2.34156562e-07,1.97107813e-01
2.34196562e-07,1.97354688e-01
2.34236562e-07,1.97268750e-01
2.34276562e-07,1.97321875e-01
2.34316562e-07,1.97282813e-01
2.34356562e-07,1.97314062e-01
2.34396562e-07,1.97287500e-01
2.34436562e-07,1.97310938e-01
2.34476562e-07,1.97289063e-01
2.34516562e-07,1.97310938e-01
2.34556562e-07,1.97289063e-01
2.34596562e-07,1.97310938e-01
2.34636562e-07,1.97287500e-01
2.34676562e-07,1.97315625e-01
2.34716562e-07,1.97281250e-01
2.34756562e-07,1.97328125e-01
2.34796562e-07,1.97246875e-01
2.34836562e-07,1.97504687e-01
2.34876562e-07,1.97757813e-01
2.34916562e-07,1.97665625e-01
2.34956562e-07,1.97726563e-01
2.34996562e-07,1.97678125e-01
2.35036562e-07,1.97720312e-01
2.35076562e-07,1.97681250e-01
2.35116562e-07,1.97720312e-01
2.35156562e-07,1.97679688e-01
2.35196562e-07,1.97723438e-01
2.35236562e-07,1.97671875e-01
2.35276562e-07,1.97737500e-01
2.35316562e-07,1.97639063e-01
2.35356562e-07,1.97914063e-01
2.35396562e-07,1.98148437e-01
2.35436562e-07,1.98076562e-01
2.35476562e-07,1.98114063e-01
2.35516562e-07,1.98090625e-01
2.35556562e-07,1.98106250e-01
2.35596562e-07,1.98095313e-01
2.35636562e-07,1.98103125e-01
2.35676562e-07,1.98098438e-01
2.35716562e-07,1.98100000e-01
2.35756562e-07,1.98100000e-01
2.35796562e-07,1.98098438e-01
2.35836562e-07,1.98101562e-01
2.35876562e-07,1.98096875e-01
2.35916562e-07,1.98103125e-01
2.35956562e-07,1.98095313e-01
2.35996562e-07,1.98106250e-01
2.36036562e-07,1.98092188e-01
2.36076562e-07,1.98109375e-01
2.36116562e-07,1.98089062e-01
2.36156562e-07,1.98114063e-01
2.36196562e-07,1.98079688e-01
2.36236562e-07,1.98129688e-01
2.36276562e-07,1.98045313e-01
2.36316562e-07,1.98307813e-01
2.36356562e-07,1.98554687e-01
2.36396562e-07,1.98468750e-01
2.36436562e-07,1.98520313e-01
2.36476562e-07,1.98484375e-01
2.36516562e-07,1.98512500e-01
2.36556562e-07,1.98489063e-01
2.36596562e-07,1.98509375e-01
2.36636562e-07,1.98492188e-01
2.36676562e-07,1.98506250e-01
2.36716562e-07,1.98493750e-01
2.36756562e-07,1.98506250e-01
2.36796562e-07,1.98495313e-01
2.36836562e-07,1.98504687e-01
2.36876562e-07,1.98495313e-01
2.36916562e-07,1.98503125e-01
2.36956562e-07,1.98496875e-01
2.36996562e-07,1.98503125e-01
2.37036562e-07,1.98496875e-01
2.37076562e-07,1.98501563e-01
2.37116562e-07,1.98498438e-01
2.37156562e-07,1.98501563e-01
2.37196562e-07,1.98498438e-01
2.37236562e-07,1.98501563e-01
2.37276562e-07,1.98498438e-01
2.37316562e-07,1.98501563e-01
2.37356562e-07,1.98500000e-01
2.37396562e-07,1.98500000e-01
2.37436562e-07,1.98500000e-01
2.37476562e-07,1.98500000e-01
2.37516562e-07,1.98500000e-01
2.37556562e-07,1.98500000e-01
2.37596562e-07,1.98500000e-01
2.37636562e-07,1.98500000e-01
2.37676562e-07,1.98501563e-01
2.37716562e-07,1.98498438e-01
2.37756562e-07,1.98501563e-01
2.37796562e-07,1.98498438e-01
2.37836562e-07,1.98501563e-01
2.37876562e-07,1.98498438e-01
2.37916562e-07,1.98503125e-01
2.37956562e-07,1.98496875e-01
2.37996562e-07,1.98503125e-01
2.38036562e-07,1.98496875e-01
2.38076562e-07,1.98503125e-01
2.38116562e-07,1.98495313e-01
2.38156562e-07,1.98504687e-01
2.38196562e-07,1.98495313e-01
2.38236562e-07,1.98506250e-01
2.38276562e-07,1.98493750e-01
2.38316562e-07,1.98507813e-01
2.38356562e-07,1.98490625e-01
2.38396562e-07,1.98509375e-01
2.38436562e-07,1.98489063e-01
2.38476562e-07,1.98514063e-01
2.38516562e-07,1.98482812e-01
2.38556563e-07,1.98523438e-01
2.38596563e-07,1.98467188e-01
2.38636562e-07,1.98557813e-01
2.38676562e-07,1.98289063e-01
2.38716562e-07,1.98050000e-01
2.38756562e-07,1.98126563e-01
2.38796562e-07,1.98084375e-01
2.38836563e-07,1.98110938e-01
2.38876563e-07,1.98093750e-01
2.38916562e-07,1.98103125e-01
2.38956562e-07,1.98098438e-01
2.38996562e-07,1.98098438e-01
2.39036562e-07,1.98104688e-01
2.39076562e-07,1.98090625e-01
2.39116563e-07,1.98114063e-01
2.39156563e-07,1.98075000e-01
2.39196562e-07,1.98150000e-01
2.39236562e-07,1.97895313e-01
2.39276562e-07,1.97642188e-01
2.39316562e-07,1.97732813e-01
2.39356562e-07,1.97676563e-01
2.39396563e-07,1.97717188e-01
2.39436563e-07,1.97685938e-01
2.39476562e-07,1.97710938e-01
2.39516562e-07,1.97692188e-01
2.39556562e-07,1.97704688e-01
2.39596562e-07,1.97696875e-01
2.39636562e-07,1.97698438e-01
2.39676563e-07,1.97706250e-01
2.39716563e-07,1.97682812e-01
2.39756562e-07,1.97742187e-01
2.39796562e-07,1.97504687e-01
2.39836562e-07,1.97232813e-01
2.39876562e-07,1.97343750e-01
2.39916562e-07,1.97265625e-01
2.39956563e-07,1.97331250e-01
2.39996563e-07,1.97271875e-01
2.40036562e-07,1.97328125e-01
2.40076562e-07,1.97270313e-01
2.40116562e-07,1.97332813e-01
2.40156562e-07,1.97259375e-01
2.40196562e-07,1.97365625e-01
2.40236563e-07,1.97082813e-01
2.40276563e-07,1.96853125e-01
2.40316562e-07,1.96925000e-01
2.40356562e-07,1.96882813e-01
2.40396562e-07,1.96914063e-01
2.40436562e-07,1.96885937e-01
2.40476562e-07,1.96917188e-01
2.40516563e-07,1.96875000e-01
2.40556563e-07,1.96948438e-01
2.40596562e-07,1.96700000e-01
2.40636562e-07,1.96437500e-01
2.40676562e-07,1.96540625e-01
2.40716562e-07,1.96467188e-01
2.40756562e-07,1.96529687e-01
2.40796563e-07,1.96468750e-01
2.40836563e-07,1.96532813e-01
2.40876562e-07,1.96457812e-01
2.40916562e-07,1.96565625e-01
2.40956562e-07,1.96282813e-01
2.40996562e-07,1.96054688e-01
2.41036562e-07,1.96121875e-01
2.41076563e-07,1.96085938e-01
2.41116563e-07,1.96109375e-01
2.41156562e-07,1.96093750e-01
2.41196562e-07,1.96106250e-01
2.41236562e-07,1.96095313e-01
2.41276562e-07,1.96104688e-01
2.41316562e-07,1.96093750e-01
2.41356563e-07,1.96106250e-01
2.41396563e-07,1.96090625e-01
2.41436562e-07,1.96114063e-01
2.41476562e-07,1.96078125e-01
2.41516562e-07,1.96146875e-01
2.41556562e-07,1.95901563e-01
2.41596562e-07,1.95635937e-01
2.41636563e-07,1.95742187e-01
2.41676563e-07,1.95665625e-01
2.41716562e-07,1.95729687e-01
2.41756562e-07,1.95670312e-01
2.41796562e-07,1.95731250e-01
2.41836562e-07,1.95665625e-01
2.41876562e-07,1.95743750e-01
2.41916563e-07,1.95632813e-01
2.41956563e-07,1.95920312e-01
2.41996562e-07,1.96142188e-01
2.42036562e-07,1.96081250e-01
2.42076562e-07,1.96109375e-01
2.42116562e-07,1.96095313e-01
2.42156562e-07,1.96101562e-01
2.42196563e-07,1.96101562e-01
2.42236563e-07,1.96096875e-01
2.42276562e-07,1.96104688e-01
2.42316562e-07,1.96093750e-01
2.42356562e-07,1.96107813e-01
2.42396562e-07,1.96090625e-01
2.42436562e-07,1.96110937e-01
2.42476563e-07,1.96085938e-01
2.42516563e-07,1.96117188e-01
2.42556562e-07,1.96078125e-01
2.42596562e-07,1.96132813e-01
2.42636562e-07,1.96042188e-01
2.42676562e-07,1.96310938e-01
2.42716562e-07,1.96551562e-01
2.42756563e-07,1.96473438e-01
2.42796563e-07,1.96517187e-01
2.42836562e-07,1.96487500e-01
2.42876562e-07,1.96507813e-01
2.42916562e-07,1.96493750e-01
2.42956562e-07,1.96503125e-01
2.42996562e-07,1.96498438e-01
2.43036563e-07,1.96500000e-01
2.43076563e-07,1.96501563e-01
2.43116562e-07,1.96495313e-01
2.43156562e-07,1.96507813e-01
2.43196562e-07,1.96485938e-01
2.43236562e-07,1.96523438e-01
2.43276562e-07,1.96451563e-01
2.43316563e-07,1.96701563e-01
2.43356563e-07,1.96960938e-01
2.43396562e-07,1.96862500e-01
2.43436562e-07,1.96928125e-01
2.43476562e-07,1.96876563e-01
2.43516562e-07,1.96920312e-01
2.43556562e-07,1.96881250e-01
2.43596563e-07,1.96918750e-01
2.43636563e-07,1.96882813e-01
2.43676562e-07,1.96918750e-01
2.43716562e-07,1.96879688e-01
2.43756562e-07,1.96921875e-01
2.43796562e-07,1.96873437e-01
2.43836562e-07,1.96935938e-01
2.43876563e-07,1.96840625e-01
2.43916563e-07,1.97112500e-01
2.43956562e-07,1.97350000e-01
2.43996562e-07,1.97273438e-01
2.44036562e-07,1.97318750e-01
2.44076562e-07,1.97285938e-01
2.44116562e-07,1.97310938e-01
2.44156563e-07,1.97290625e-01
2.44196563e-07,1.97309375e-01
2.44236562e-07,1.97292187e-01
2.44276562e-07,1.97307813e-01
2.44316562e-07,1.97290625e-01
2.44356562e-07,1.97309375e-01
2.44396562e-07,1.97289063e-01
2.44436563e-07,1.97314062e-01
2.44476563e-07,1.97281250e-01
2.44516562e-07,1.97328125e-01
2.44556562e-07,1.97248438e-01
2.44596562e-07,1.97504687e-01
2.44636562e-07,1.97757813e-01
2.44676562e-07,1.97665625e-01
2.44716563e-07,1.97725000e-01
2.44756563e-07,1.97678125e-01
2.44796562e-07,1.97718750e-01
2.44836562e-07,1.97682812e-01
2.44876562e-07,1.97717188e-01
2.44916562e-07,1.97682812e-01
2.44956562e-07,1.97717188e-01
2.44996563e-07,1.97681250e-01
2.45036563e-07,1.97720312e-01
2.45076562e-07,1.97678125e-01
2.45116562e-07,1.97728125e-01
2.45156562e-07,1.97662500e-01
2.45196562e-07,1.97760938e-01
2.45236562e-07,1.97484375e-01
2.45276563e-07,1.97253125e-01
2.45316563e-07,1.97323438e-01
2.45356562e-07,1.97285938e-01
2.45396562e-07,1.97309375e-01
2.45436562e-07,1.97295313e-01
2.45476562e-07,1.97303125e-01
2.45516562e-07,1.97300000e-01
2.45556563e-07,1.97298438e-01
2.45596562e-07,1.97303125e-01
2.45636562e-07,1.97295313e-01
2.45676562e-07,1.97307813e-01
2.45716562e-07,1.97289063e-01
2.45756562e-07,1.97317188e-01
2.45796562e-07,1.97273438e-01
2.45836563e-07,1.97351563e-01
2.45876562e-07,1.97095313e-01
2.45916562e-07,1.96842188e-01
2.45956562e-07,1.96932812e-01
2.45996562e-07,1.96876563e-01
2.46036562e-07,1.96918750e-01
2.46076562e-07,1.96884375e-01
2.46116563e-07,1.96914063e-01
2.46156562e-07,1.96887500e-01
2.46196562e-07,1.96910937e-01
2.46236562e-07,1.96890625e-01
2.46276562e-07,1.96909375e-01
2.46316562e-07,1.96892188e-01
2.46356562e-07,1.96907813e-01
2.46396563e-07,1.96892188e-01
2.46436562e-07,1.96907813e-01
2.46476562e-07,1.96893750e-01
2.46516562e-07,1.96906250e-01
2.46556562e-07,1.96893750e-01
2.46596562e-07,1.96906250e-01
2.46636562e-07,1.96893750e-01
2.46676563e-07,1.96906250e-01
2.46716562e-07,1.96893750e-01
2.46756562e-07,1.96906250e-01
2.46796562e-07,1.96893750e-01
2.46836562e-07,1.96906250e-01
2.46876562e-07,1.96895313e-01
2.46916562e-07,1.96904688e-01
2.46956563e-07,1.96895313e-01
2.46996562e-07,1.96904688e-01
2.47036562e-07,1.96895313e-01
2.47076562e-07,1.96904688e-01
2.47116562e-07,1.96895313e-01
2.47156562e-07,1.96904688e-01
2.47196562e-07,1.96895313e-01
2.47236563e-07,1.96904688e-01
2.47276562e-07,1.96893750e-01
2.47316562e-07,1.96906250e-01
2.47356562e-07,1.96893750e-01
2.47396562e-07,1.96906250e-01
2.47436562e-07,1.96893750e-01
2.47476562e-07,1.96906250e-01
2.47516563e-07,1.96893750e-01
2.47556562e-07,1.96906250e-01
2.47596562e-07,1.96893750e-01
2.47636562e-07,1.96906250e-01
2.47676562e-07,1.96892188e-01
2.47716562e-07,1.96907813e-01
2.47756562e-07,1.96892188e-01
2.47796563e-07,1.96907813e-01
2.47836562e-07,1.96892188e-01
2.47876562e-07,1.96909375e-01
2.47916562e-07,1.96890625e-01
2.47956562e-07,1.96910937e-01
2.47996562e-07,1.96889063e-01
2.48036562e-07,1.96912500e-01
2.48076563e-07,1.96885937e-01
2.48116562e-07,1.96917188e-01
2.48156562e-07,1.96879688e-01
2.48196562e-07,1.96925000e-01
2.48236562e-07,1.96864062e-01
2.48276562e-07,1.96960938e-01
2.48316562e-07,1.96685938e-01
2.48356563e-07,1.96453125e-01
2.48396562e-07,1.96523438e-01
2.48436562e-07,1.96487500e-01
2.48476562e-07,1.96506250e-01
2.48516562e-07,1.96498438e-01
2.48556562e-07,1.96495313e-01
2.48596562e-07,1.96510938e-01
2.48636563e-07,1.96479687e-01
2.48676562e-07,1.96546875e-01
2.48716562e-07,1.96300000e-01
2.48756562e-07,1.96039062e-01
2.48796562e-07,1.96137500e-01
2.48836562e-07,1.96071875e-01
2.48876562e-07,1.96123437e-01
2.48916563e-07,1.96079688e-01
2.48956562e-07,1.96118750e-01
2.48996562e-07,1.96082813e-01
2.49036562e-07,1.96117188e-01
2.49076562e-07,1.96082813e-01
2.49116562e-07,1.96118750e-01
2.49156562e-07,1.96079688e-01
2.49196563e-07,1.96125000e-01
2.49236562e-07,1.96067188e-01
2.49276562e-07,1.96156250e-01
2.49316562e-07,1.95890625e-01
2.49356562e-07,1.95645313e-01
2.49396562e-07,1.95732813e-01
2.49436562e-07,1.95675000e-01
2.49476563e-07,1.95723438e-01
2.49516562e-07,1.95673438e-01
2.49556562e-07,1.95732813e-01
2.49596562e-07,1.95643750e-01
2.49636562e-07,1.95909375e-01
2.49676562e-07,1.96154688e-01
2.49716562e-07,1.96068750e-01
2.49756563e-07,1.96123437e-01
2.49796562e-07,1.96081250e-01
2.49836562e-07,1.96117188e-01
2.49876562e-07,1.96084375e-01
2.49916562e-07,1.96115625e-01
2.49956562e-07,1.96082813e-01
2.49996562e-07,1.96118750e-01
2.50036563e-07,1.96076562e-01
2.50076562e-07,1.96131250e-01
2.50116562e-07,1.96043750e-01
2.50156562e-07,1.96307813e-01
2.50196562e-07,1.96556250e-01
2.50236562e-07,1.96467188e-01
2.50276562e-07,1.96525000e-01
2.50316563e-07,1.96478125e-01
2.50356562e-07,1.96523438e-01
2.50396562e-07,1.96473438e-01
2.50436562e-07,1.96534375e-01
2.50476562e-07,1.96442188e-01
2.50516562e-07,1.96710938e-01
2.50556562e-07,1.96953125e-01
2.50596563e-07,1.96870313e-01
2.50636562e-07,1.96920312e-01
2.50676562e-07,1.96884375e-01
2.50716562e-07,1.96912500e-01
2.50756562e-07,1.96889063e-01
2.50796562e-07,1.96909375e-01
2.50836562e-07,1.96890625e-01
2.50876563e-07,1.96909375e-01
2.50916562e-07,1.96892188e-01
2.50956562e-07,1.96907813e-01
2.50996562e-07,1.96892188e-01
2.51036562e-07,1.96907813e-01
2.51076562e-07,1.96892188e-01
2.51116562e-07,1.96907813e-01
2.51156563e-07,1.96892188e-01
2.51196562e-07,1.96907813e-01
2.51236562e-07,1.96892188e-01
2.51276562e-07,1.96907813e-01
2.51316562e-07,1.96892188e-01
2.51356562e-07,1.96907813e-01
2.51396562e-07,1.96892188e-01
2.51436563e-07,1.96907813e-01
2.51476562e-07,1.96892188e-01
2.51516562e-07,1.96907813e-01
2.51556562e-07,1.96890625e-01
2.51596562e-07,1.96909375e-01
2.51636562e-07,1.96890625e-01
2.51676562e-07,1.96910937e-01
2.51716563e-07,1.96889063e-01
2.51756562e-07,1.96912500e-01
2.51796562e-07,1.96885937e-01
2.51836562e-07,1.96915625e-01
2.51876562e-07,1.96879688e-01
2.51916562e-07,1.96925000e-01
2.51956562e-07,1.96865625e-01
2.51996563e-07,1.96959375e-01
2.52036562e-07,1.96687500e-01
2.52076562e-07,1.96450000e-01
2.52116562e-07,1.96525000e-01
2.52156562e-07,1.96484375e-01
2.52196562e-07,1.96510938e-01
2.52236562e-07,1.96492187e-01
2.52276563e-07,1.96506250e-01
2.52316562e-07,1.96496875e-01
2.52356562e-07,1.96503125e-01
2.52396562e-07,1.96498438e-01
2.52436562e-07,1.96500000e-01
2.52476562e-07,1.96501563e-01
2.52516562e-07,1.96498438e-01
2.52556563e-07,1.96503125e-01
2.52596562e-07,1.96495313e-01
2.52636562e-07,1.96506250e-01
2.52676562e-07,1.96492187e-01
2.52716562e-07,1.96509375e-01
2.52756562e-07,1.96487500e-01
2.52796562e-07,1.96518750e-01
2.52836563e-07,1.96471875e-01
2.52876562e-07,1.96553125e-01
2.52916562e-07,1.96293750e-01
2.52956562e-07,1.96043750e-01
2.52996562e-07,1.96132813e-01
2.53036562e-07,1.96076562e-01
2.53076562e-07,1.96117188e-01
2.53116563e-07,1.96085938e-01
2.53156562e-07,1.96112500e-01
2.53196562e-07,1.96089063e-01
2.53236562e-07,1.96109375e-01
2.53276562e-07,1.96090625e-01
2.53316562e-07,1.96107813e-01
2.53356562e-07,1.96092188e-01
2.53396563e-07,1.96107813e-01
2.53436562e-07,1.96093750e-01
2.53476562e-07,1.96106250e-01
2.53516562e-07,1.96093750e-01
2.53556562e-07,1.96106250e-01
2.53596562e-07,1.96093750e-01
2.53636563e-07,1.96106250e-01
2.53676563e-07,1.96095313e-01
2.53716562e-07,1.96104688e-01
2.53756562e-07,1.96095313e-01
2.53796562e-07,1.96104688e-01
2.53836562e-07,1.96095313e-01
2.53876562e-07,1.96104688e-01
2.53916563e-07,1.96095313e-01
2.53956563e-07,1.96104688e-01
2.53996562e-07,1.96093750e-01
2.54036562e-07,1.96106250e-01
2.54076562e-07,1.96093750e-01
2.54116562e-07,1.96106250e-01
2.54156562e-07,1.96093750e-01
2.54196563e-07,1.96107813e-01
2.54236563e-07,1.96092188e-01
2.54276562e-07,1.96109375e-01
2.54316562e-07,1.96089063e-01
2.54356562e-07,1.96114063e-01
2.54396562e-07,1.96081250e-01
2.54436562e-07,1.96128125e-01
2.54476563e-07,1.96046875e-01
2.54516563e-07,1.96306250e-01
2.54556562e-07,1.96556250e-01
2.54596562e-07,1.96467188e-01
2.54636562e-07,1.96523438e-01
2.54676562e-07,1.96479687e-01
2.54716562e-07,1.96517187e-01
2.54756563e-07,1.96484375e-01
2.54796563e-07,1.96515625e-01
2.54836562e-07,1.96484375e-01
2.54876562e-07,1.96515625e-01
2.54916562e-07,1.96482812e-01
2.54956562e-07,1.96520313e-01
2.54996562e-07,1.96475000e-01
2.55036563e-07,1.96534375e-01
2.55076563e-07,1.96442188e-01
2.55116562e-07,1.96710938e-01
2.55156562e-07,1.96951563e-01
2.55196562e-07,1.96871875e-01
2.55236562e-07,1.96918750e-01
2.55276562e-07,1.96885937e-01
2.55316563e-07,1.96910937e-01
2.55356563e-07,1.96890625e-01
2.55396562e-07,1.96907813e-01
2.55436562e-07,1.96893750e-01
2.55476562e-07,1.96906250e-01
2.55516562e-07,1.96895313e-01
2.55556562e-07,1.96904688e-01
2.55596563e-07,1.96895313e-01
2.55636563e-07,1.96903125e-01
2.55676562e-07,1.96896875e-01
2.55716562e-07,1.96903125e-01
2.55756562e-07,1.96896875e-01
2.55796562e-07,1.96903125e-01
2.55836562e-07,1.96896875e-01
2.55876563e-07,1.96903125e-01
2.55916563e-07,1.96898438e-01
2.55956562e-07,1.96901563e-01
2.55996562e-07,1.96898438e-01
2.56036562e-07,1.96901563e-01
2.56076562e-07,1.96898438e-01
2.56116562e-07,1.96901563e-01
2.56156563e-07,1.96898438e-01
2.56196563e-07,1.96901563e-01
2.56236562e-07,1.96898438e-01
2.56276562e-07,1.96901563e-01
2.56316562e-07,1.96898438e-01
2.56356562e-07,1.96901563e-01
2.56396562e-07,1.96898438e-01
2.56436563e-07,1.96901563e-01
2.56476563e-07,1.96898438e-01
2.56516562e-07,1.96901563e-01
2.56556562e-07,1.96898438e-01
2.56596562e-07,1.96901563e-01
2.56636562e-07,1.96898438e-01
2.56676562e-07,1.96901563e-01
2.56716563e-07,1.96898438e-01
2.56756563e-07,1.96901563e-01
2.56796562e-07,1.96898438e-01
2.56836562e-07,1.96901563e-01
2.56876562e-07,1.96898438e-01
2.56916562e-07,1.96901563e-01
2.56956562e-07,1.96898438e-01
2.56996563e-07,1.96901563e-01
2.57036563e-07,1.96898438e-01
2.57076562e-07,1.96901563e-01
2.57116562e-07,1.96898438e-01
2.57156562e-07,1.96901563e-01
2.57196562e-07,1.96898438e-01
2.57236562e-07,1.96901563e-01
2.57276563e-07,1.96900000e-01
2.57316563e-07,1.96900000e-01
2.57356562e-07,1.96900000e-01
2.57396562e-07,1.96900000e-01
2.57436562e-07,1.96900000e-01
2.57476562e-07,1.96900000e-01
2.57516562e-07,1.96900000e-01
2.57556563e-07,1.96900000e-01
2.57596563e-07,1.96900000e-01
2.57636562e-07,1.96900000e-01
2.57676562e-07,1.96900000e-01
2.57716562e-07,1.96900000e-01
2.57756562e-07,1.96900000e-01
2.57796562e-07,1.96900000e-01
2.57836563e-07,1.96900000e-01
2.57876563e-07,1.96900000e-01
2.57916562e-07,1.96900000e-01
2.57956562e-07,1.96900000e-01
2.57996562e-07,1.96900000e-01
2.58036562e-07,1.96900000e-01
2.58076562e-07,1.96900000e-01
2.58116563e-07,1.96900000e-01
2.58156563e-07,1.96900000e-01
2.58196562e-07,1.96900000e-01
2.58236562e-07,1.96900000e-01
2.58276562e-07,1.96900000e-01
2.58316562e-07,1.96900000e-01
2.58356562e-07,1.96900000e-01
2.58396563e-07,1.96900000e-01
2.58436563e-07,1.96900000e-01
2.58476562e-07,1.96900000e-01
2.58516562e-07,1.96900000e-01
2.58556562e-07,1.96900000e-01
2.58596562e-07,1.96900000e-01
2.58636562e-07,1.96900000e-01
2.58676563e-07,1.96900000e-01
2.58716563e-07,1.96900000e-01
2.58756562e-07,1.96900000e-01
2.58796562e-07,1.96900000e-01
2.58836562e-07,1.96900000e-01
2.58876562e-07,1.96900000e-01
2.58916562e-07,1.96900000e-01
2.58956563e-07,1.96900000e-01
2.58996563e-07,1.96900000e-01
2.59036562e-07,1.96900000e-01
2.59076562e-07,1.96900000e-01
2.59116562e-07,1.96900000e-01
2.59156562e-07,1.96900000e-01
2.59196562e-07,1.96900000e-01
2.59236563e-07,1.96900000e-01
2.59276563e-07,1.96900000e-01
2.59316562e-07,1.96900000e-01
2.59356562e-07,1.96900000e-01
2.59396562e-07,1.96900000e-01
2.59436562e-07,1.96900000e-01
2.59476562e-07,1.96900000e-01
2.59516563e-07,1.96900000e-01
2.59556563e-07,1.96900000e-01
2.59596562e-07,1.96900000e-01
2.59636562e-07,1.96900000e-01
2.59676562e-07,1.96900000e-01
2.59716562e-07,1.96900000e-01
2.59756562e-07,1.96900000e-01
2.59796563e-07,1.96900000e-01
2.59836563e-07,1.96900000e-01
2.59876562e-07,1.96900000e-01
2.59916562e-07,1.96900000e-01
2.59956562e-07,1.96900000e-01
2.59996562e-07,1.96900000e-01
2.60036562e-07,1.96900000e-01
2.60076563e-07,1.96900000e-01
2.60116563e-07,1.96900000e-01
2.60156562e-07,1.96900000e-01
2.60196562e-07,1.96900000e-01
2.60236562e-07,1.96900000e-01
2.60276562e-07,1.96900000e-01
2.60316562e-07,1.96900000e-01
2.60356563e-07,1.96900000e-01
2.60396563e-07,1.96900000e-01
2.60436562e-07,1.96900000e-01
2.60476562e-07,1.96898438e-01
2.60516562e-07,1.96901563e-01
2.60556562e-07,1.96898438e-01
2.60596562e-07,1.96901563e-01
2.60636563e-07,1.96898438e-01
2.60676563e-07,1.96901563e-01
2.60716562e-07,1.96898438e-01
2.60756562e-07,1.96901563e-01
2.60796562e-07,1.96898438e-01
2.60836562e-07,1.96901563e-01
2.60876562e-07,1.96898438e-01
2.60916563e-07,1.96901563e-01
2.60956562e-07,1.96896875e-01
2.60996562e-07,1.96903125e-01
2.61036562e-07,1.96896875e-01
2.61076562e-07,1.96904688e-01
2.61116562e-07,1.96895313e-01
2.61156562e-07,1.96906250e-01
2.61196563e-07,1.96893750e-01
2.61236562e-07,1.96909375e-01
2.61276562e-07,1.96887500e-01
2.61316562e-07,1.96917188e-01
2.61356562e-07,1.96873437e-01
2.61396562e-07,1.96950000e-01
2.61436562e-07,1.96696875e-01
2.61476563e-07,1.96440625e-01
2.61516562e-07,1.96535938e-01
2.61556562e-07,1.96473438e-01
2.61596562e-07,1.96523438e-01
2.61636562e-07,1.96479687e-01
2.61676562e-07,1.96520313e-01
2.61716562e-07,1.96479687e-01
2.61756563e-07,1.96520313e-01
2.61796562e-07,1.96476563e-01
2.61836562e-07,1.96528125e-01
2.61876562e-07,1.96464063e-01
2.61916562e-07,1.96560938e-01
2.61956562e-07,1.96285938e-01
2.61996562e-07,1.96051562e-01
2.62036563e-07,1.96125000e-01
2.62076562e-07,1.96084375e-01
2.62116562e-07,1.96110937e-01
2.62156562e-07,1.96090625e-01
2.62196562e-07,1.96106250e-01
2.62236562e-07,1.96093750e-01
2.62276562e-07,1.96104688e-01
2.62316563e-07,1.96096875e-01
2.62356562e-07,1.96103125e-01
2.62396562e-07,1.96096875e-01
2.62436562e-07,1.96103125e-01
2.62476562e-07,1.96098438e-01
2.62516562e-07,1.96101562e-01
2.62556562e-07,1.96098438e-01
2.62596563e-07,1.96101562e-01
2.62636562e-07,1.96098438e-01
2.62676562e-07,1.96101562e-01
2.62716562e-07,1.96098438e-01
2.62756562e-07,1.96101562e-01
2.62796562e-07,1.96100000e-01
2.62836562e-07,1.96100000e-01
2.62876563e-07,1.96100000e-01
2.62916562e-07,1.96100000e-01
2.62956562e-07,1.96100000e-01
2.62996562e-07,1.96100000e-01
2.63036562e-07,1.96100000e-01
2.63076562e-07,1.96100000e-01
2.63116562e-07,1.96100000e-01
2.63156563e-07,1.96100000e-01
2.63196562e-07,1.96100000e-01
2.63236562e-07,1.96100000e-01
2.63276562e-07,1.96100000e-01
2.63316562e-07,1.96100000e-01
2.63356562e-07,1.96100000e-01
2.63396562e-07,1.96100000e-01
2.63436563e-07,1.96100000e-01
2.63476562e-07,1.96100000e-01
2.63516562e-07,1.96100000e-01
2.63556562e-07,1.96100000e-01
2.63596562e-07,1.96100000e-01
2.63636562e-07,1.96100000e-01
2.63676562e-07,1.96100000e-01
2.63716563e-07,1.96100000e-01
2.63756562e-07,1.96100000e-01
2.63796562e-07,1.96100000e-01
2.63836562e-07,1.96100000e-01
2.63876562e-07,1.96100000e-01
2.63916562e-07,1.96100000e-01
2.63956562e-07,1.96100000e-01
2.63996563e-07,1.96100000e-01
2.64036562e-07,1.96100000e-01
2.64076562e-07,1.96100000e-01
2.64116562e-07,1.96100000e-01
2.64156562e-07,1.96100000e-01
2.64196562e-07,1.96100000e-01
2.64236562e-07,1.96100000e-01
2.64276563e-07,1.96100000e-01
2.64316562e-07,1.96100000e-01
2.64356562e-07,1.96100000e-01
2.64396562e-07,1.96100000e-01
2.64436562e-07,1.96100000e-01
2.64476562e-07,1.96100000e-01
2.64516562e-07,1.96100000e-01
2.64556563e-07,1.96100000e-01
2.64596562e-07,1.96100000e-01
2.64636562e-07,1.96100000e-01
2.64676562e-07,1.96100000e-01
2.64716562e-07,1.96100000e-01
2.64756562e-07,1.96100000e-01
2.64796562e-07,1.96100000e-01
2.64836563e-07,1.96100000e-01
2.64876562e-07,1.96100000e-01
2.64916562e-07,1.96100000e-01
2.64956562e-07,1.96100000e-01
2.64996562e-07,1.96101562e-01
2.65036562e-07,1.96098438e-01
2.65076562e-07,1.96101562e-01
2.65116563e-07,1.96098438e-01
2.65156562e-07,1.96101562e-01
2.65196562e-07,1.96096875e-01
2.65236562e-07,1.96103125e-01
2.65276562e-07,1.96095313e-01
2.65316562e-07,1.96106250e-01
2.65356562e-07,1.96092188e-01
2.65396563e-07,1.96110937e-01
2.65436562e-07,1.96084375e-01
2.65476562e-07,1.96125000e-01
2.65516562e-07,1.96051562e-01
2.65556562e-07,1.96301562e-01
2.65596562e-07,1.96560938e-01
2.65636562e-07,1.96460938e-01
2.65676563e-07,1.96529687e-01
2.65716562e-07,1.96473438e-01
2.65756562e-07,1.96525000e-01
2.65796562e-07,1.96475000e-01
2.65836562e-07,1.96526563e-01
2.65876562e-07,1.96470313e-01
2.65916562e-07,1.96539063e-01
2.65956563e-07,1.96437500e-01
2.65996562e-07,1.96715625e-01
2.66036562e-07,1.96946875e-01
2.66076562e-07,1.96876563e-01
2.66116562e-07,1.96914063e-01
2.66156562e-07,1.96890625e-01
2.66196562e-07,1.96906250e-01
2.66236563e-07,1.96895313e-01
2.66276562e-07,1.96903125e-01
2.66316562e-07,1.96896875e-01
2.66356562e-07,1.96901563e-01
2.66396562e-07,1.96898438e-01
2.66436562e-07,1.96900000e-01
2.66476562e-07,1.96900000e-01
2.66516563e-07,1.96900000e-01
2.66556562e-07,1.96900000e-01
2.66596562e-07,1.96900000e-01
2.66636562e-07,1.96901563e-01
2.66676562e-07,1.96898438e-01
2.66716562e-07,1.96901563e-01
2.66756562e-07,1.96898438e-01
2.66796563e-07,1.96901563e-01
2.66836562e-07,1.96898438e-01
2.66876562e-07,1.96901563e-01
2.66916562e-07,1.96898438e-01
2.66956562e-07,1.96903125e-01
2.66996562e-07,1.96896875e-01
2.67036562e-07,1.96903125e-01
2.67076563e-07,1.96896875e-01
2.67116562e-07,1.96903125e-01
2.67156562e-07,1.96896875e-01
2.67196562e-07,1.96903125e-01
2.67236562e-07,1.96895313e-01
2.67276562e-07,1.96904688e-01
2.67316562e-07,1.96895313e-01
2.67356563e-07,1.96904688e-01
2.67396562e-07,1.96893750e-01
2.67436562e-07,1.96906250e-01
2.67476562e-07,1.96892188e-01
2.67516562e-07,1.96909375e-01
2.67556562e-07,1.96890625e-01
2.67596562e-07,1.96912500e-01
2.67636563e-07,1.96884375e-01
2.67676562e-07,1.96920312e-01
2.67716562e-07,1.96870313e-01
2.67756562e-07,1.96954688e-01
2.67796562e-07,1.96692188e-01
2.67836562e-07,1.96445312e-01
2.67876562e-07,1.96531250e-01
2.67916563e-07,1.96478125e-01
2.67956562e-07,1.96517187e-01
2.67996562e-07,1.96485938e-01
2.68036562e-07,1.96512500e-01
2.68076562e-07,1.96489063e-01
2.68116562e-07,1.96509375e-01
2.68156562e-07,1.96490625e-01
2.68196563e-07,1.96509375e-01
2.68236562e-07,1.96490625e-01
2.68276562e-07,1.96509375e-01
2.68316562e-07,1.96490625e-01
2.68356562e-07,1.96510938e-01
2.68396562e-07,1.96489063e-01
2.68436562e-07,1.96512500e-01
2.68476563e-07,1.96484375e-01
2.68516562e-07,1.96520313e-01
2.68556562e-07,1.96470313e-01
2.68596562e-07,1.96554688e-01
2.68636562e-07,1.96292187e-01
2.68676562e-07,1.96045313e-01
2.68716562e-07,1.96131250e-01
2.68756563e-07,1.96076562e-01
2.68796562e-07,1.96118750e-01
2.68836562e-07,1.96084375e-01
2.68876562e-07,1.96114063e-01
2.68916562e-07,1.96087500e-01
2.68956562e-07,1.96112500e-01
2.68996562e-07,1.96089063e-01
2.69036563e-07,1.96110937e-01
2.69076562e-07,1.96089063e-01
2.69116562e-07,1.96110937e-01
2.69156562e-07,1.96087500e-01
2.69196562e-07,1.96112500e-01
2.69236562e-07,1.96087500e-01
2.69276562e-07,1.96114063e-01
2.69316563e-07,1.96084375e-01
2.69356562e-07,1.96117188e-01
2.69396562e-07,1.96079688e-01
2.69436562e-07,1.96125000e-01
2.69476562e-07,1.96064062e-01
2.69516562e-07,1.96160938e-01
2.69556562e-07,1.95885937e-01
2.69596563e-07,1.95651563e-01
2.69636562e-07,1.95725000e-01
2.69676562e-07,1.95684375e-01
2.69716562e-07,1.95709375e-01
2.69756562e-07,1.95693750e-01
2.69796562e-07,1.95704688e-01
2.69836562e-07,1.95698438e-01
2.69876563e-07,1.95700000e-01
2.69916562e-07,1.95701563e-01
2.69956562e-07,1.95696875e-01
2.69996562e-07,1.95704688e-01
2.70036562e-07,1.95692188e-01
2.70076562e-07,1.95710938e-01
2.70116562e-07,1.95684375e-01
2.70156563e-07,1.95726563e-01
2.70196562e-07,1.95648437e-01
2.70236562e-07,1.95904688e-01
2.70276562e-07,1.96157813e-01
2.70316562e-07,1.96065625e-01
2.70356562e-07,1.96125000e-01
2.70396562e-07,1.96079688e-01
2.70436563e-07,1.96117188e-01
2.70476562e-07,1.96084375e-01
2.70516562e-07,1.96114063e-01
2.70556562e-07,1.96087500e-01
2.70596562e-07,1.96112500e-01
2.70636562e-07,1.96087500e-01
2.70676562e-07,1.96114063e-01
2.70716563e-07,1.96084375e-01
2.70756562e-07,1.96117188e-01
2.70796562e-07,1.96078125e-01
2.70836562e-07,1.96131250e-01
2.70876562e-07,1.96045313e-01
2.70916562e-07,1.96307813e-01
2.70956563e-07,1.96554688e-01
2.70996563e-07,1.96467188e-01
2.71036562e-07,1.96523438e-01
2.71076562e-07,1.96479687e-01
2.71116562e-07,1.96517187e-01
2.71156562e-07,1.96482812e-01
2.71196562e-07,1.96517187e-01
2.71236563e-07,1.96481250e-01
2.71276563e-07,1.96520313e-01
2.71316562e-07,1.96475000e-01
2.71356562e-07,1.96534375e-01
2.71396562e-07,1.96440625e-01
2.71436562e-07,1.96712500e-01
2.71476562e-07,1.96950000e-01
2.71516563e-07,1.96873437e-01
2.71556563e-07,1.96917188e-01
2.71596562e-07,1.96887500e-01
2.71636562e-07,1.96909375e-01
2.71676562e-07,1.96893750e-01
2.71716562e-07,1.96904688e-01
2.71756562e-07,1.96896875e-01
2.71796563e-07,1.96903125e-01
2.71836563e-07,1.96898438e-01
2.71876562e-07,1.96900000e-01
2.71916562e-07,1.96900000e-01
2.71956562e-07,1.96898438e-01
2.71996562e-07,1.96903125e-01
2.72036562e-07,1.96896875e-01
2.72076563e-07,1.96904688e-01
2.72116563e-07,1.96893750e-01
2.72156562e-07,1.96909375e-01
2.72196562e-07,1.96887500e-01
2.72236562e-07,1.96917188e-01
2.72276562e-07,1.96871875e-01
2.72316562e-07,1.96953125e-01
2.72356563e-07,1.96693750e-01
2.72396563e-07,1.96445312e-01
2.72436562e-07,1.96529687e-01
2.72476562e-07,1.96479687e-01
2.72516562e-07,1.96514063e-01
2.72556562e-07,1.96490625e-01
2.72596562e-07,1.96504687e-01
2.72636563e-07,1.96501563e-01
2.72676563e-07,1.96487500e-01
2.72716562e-07,1.96537500e-01
2.72756562e-07,1.96309375e-01
2.72796562e-07,1.96026563e-01
2.72836562e-07,1.96150000e-01
2.72876562e-07,1.96057813e-01
2.72916563e-07,1.96139063e-01
2.72956563e-07,1.96060938e-01
2.72996562e-07,1.96142188e-01
2.73036562e-07,1.96050000e-01
2.73076562e-07,1.96173437e-01
2.73116562e-07,1.95873437e-01
2.73156562e-07,1.95664063e-01
2.73196563e-07,1.95712500e-01
2.73236563e-07,1.95698438e-01
2.73276562e-07,1.95696875e-01
2.73316562e-07,1.95707813e-01
2.73356562e-07,1.95687500e-01
2.73396562e-07,1.95718750e-01
2.73436562e-07,1.95670312e-01
2.73476563e-07,1.95754687e-01
2.73516563e-07,1.95492187e-01
2.73556562e-07,1.95246875e-01
2.73596562e-07,1.95329688e-01
2.73636562e-07,1.95279688e-01
2.73676562e-07,1.95314062e-01
2.73716562e-07,1.95289062e-01
2.73756563e-07,1.95309375e-01
2.73796563e-07,1.95292188e-01
2.73836562e-07,1.95306250e-01
2.73876562e-07,1.95293750e-01
2.73916562e-07,1.95304688e-01
2.73956562e-07,1.95295313e-01
2.73996562e-07,1.95304688e-01
2.74036563e-07,1.95296875e-01
2.74076563e-07,1.95303125e-01
2.74116562e-07,1.95296875e-01
2.74156562e-07,1.95303125e-01
2.74196562e-07,1.95296875e-01
2.74236562e-07,1.95301562e-01
2.74276562e-07,1.95298438e-01
2.74316563e-07,1.95301562e-01
2.74356563e-07,1.95298438e-01
2.74396562e-07,1.95301562e-01
2.74436562e-07,1.95298438e-01
2.74476562e-07,1.95301562e-01
2.74516562e-07,1.95298438e-01
2.74556562e-07,1.95301562e-01
2.74596563e-07,1.95298438e-01
2.74636563e-07,1.95301562e-01
2.74676562e-07,1.95298438e-01
2.74716562e-07,1.95301562e-01
2.74756562e-07,1.95298438e-01
2.74796562e-07,1.95301562e-01
2.74836562e-07,1.95298438e-01
2.74876563e-07,1.95301562e-01
2.74916563e-07,1.95298438e-01
2.74956562e-07,1.95301562e-01
2.74996562e-07,1.95298438e-01
2.75036562e-07,1.95301562e-01
2.75076562e-07,1.95298438e-01
2.75116562e-07,1.95301562e-01
2.75156563e-07,1.95298438e-01
2.75196563e-07,1.95301562e-01
2.75236562e-07,1.95298438e-01
2.75276562e-07,1.95301562e-01
2.75316562e-07,1.95298438e-01
2.75356562e-07,1.95301562e-01
2.75396562e-07,1.95298438e-01
2.75436563e-07,1.95301562e-01
2.75476563e-07,1.95298438e-01
2.75516562e-07,1.95301562e-01
2.75556562e-07,1.95298438e-01
2.75596562e-07,1.95301562e-01
2.75636562e-07,1.95298438e-01
2.75676562e-07,1.95301562e-01
2.75716563e-07,1.95298438e-01
2.75756563e-07,1.95301562e-01
2.75796562e-07,1.95298438e-01
2.75836562e-07,1.95301562e-01
2.75876562e-07,1.95298438e-01
2.75916562e-07,1.95301562e-01
2.75956562e-07,1.95298438e-01
2.75996563e-07,1.95303125e-01
2.76036562e-07,1.95296875e-01
2.76076562e-07,1.95303125e-01
2.76116562e-07,1.95296875e-01
2.76156562e-07,1.95303125e-01
2.76196562e-07,1.95296875e-01
2.76236562e-07,1.95303125e-01
2.76276563e-07,1.95296875e-01
2.76316562e-07,1.95303125e-01
2.76356562e-07,1.95295313e-01
2.76396562e-07,1.95304688e-01
2.76436562e-07,1.95295313e-01
2.76476562e-07,1.95304688e-01
2.76516562e-07,1.95293750e-01
2.76556563e-07,1.95306250e-01
2.76596562e-07,1.95292188e-01
2.76636562e-07,1.95307813e-01
2.76676562e-07,1.95290625e-01
2.76716562e-07,1.95310938e-01
2.76756562e-07,1.95287500e-01
2.76796562e-07,1.95315625e-01
2.76836563e-07,1.95278125e-01
2.76876562e-07,1.95331250e-01
2.76916562e-07,1.95243750e-01
2.76956562e-07,1.95509375e-01
2.76996562e-07,1.95753125e-01
2.77036562e-07,1.95670312e-01
2.77076562e-07,1.95720312e-01
2.77116563e-07,1.95685938e-01
2.77156562e-07,1.95710938e-01
2.77196562e-07,1.95690625e-01
2.77236562e-07,1.95707813e-01
2.77276562e-07,1.95693750e-01
2.77316562e-07,1.95704688e-01
2.77356562e-07,1.95696875e-01
2.77396563e-07,1.95703125e-01
2.77436562e-07,1.95698438e-01
2.77476562e-07,1.95701563e-01
2.77516562e-07,1.95700000e-01
2.77556562e-07,1.95698438e-01
2.77596562e-07,1.95703125e-01
2.77636562e-07,1.95695312e-01
2.77676563e-07,1.95709375e-01
2.77716562e-07,1.95685938e-01
2.77756562e-07,1.95723438e-01
2.77796562e-07,1.95651563e-01
2.77836562e-07,1.95901563e-01
2.77876562e-07,1.96160938e-01
2.77916562e-07,1.96062500e-01
2.77956563e-07,1.96128125e-01
2.77996562e-07,1.96076562e-01
2.78036562e-07,1.96120313e-01
2.78076562e-07,1.96081250e-01
2.78116562e-07,1.96117188e-01
2.78156562e-07,1.96084375e-01
2.78196562e-07,1.96115625e-01
2.78236563e-07,1.96084375e-01
2.78276562e-07,1.96115625e-01
2.78316562e-07,1.96084375e-01
2.78356562e-07,1.96117188e-01
2.78396562e-07,1.96081250e-01
2.78436562e-07,1.96120313e-01
2.78476562e-07,1.96078125e-01
2.78516563e-07,1.96128125e-01
2.78556562e-07,1.96062500e-01
2.78596562e-07,1.96160938e-01
2.78636562e-07,1.95885937e-01
2.78676562e-07,1.95651563e-01
2.78716562e-07,1.95725000e-01
2.78756562e-07,1.95684375e-01
2.78796563e-07,1.95710938e-01
2.78836562e-07,1.95692188e-01
2.78876562e-07,1.95704688e-01
2.78916562e-07,1.95695312e-01
2.78956562e-07,1.95703125e-01
2.78996562e-07,1.95698438e-01
2.79036562e-07,1.95701563e-01
2.79076563e-07,1.95698438e-01
2.79116562e-07,1.95700000e-01
2.79156562e-07,1.95700000e-01
2.79196562e-07,1.95700000e-01
2.79236562e-07,1.95700000e-01
2.79276562e-07,1.95700000e-01
2.79316562e-07,1.95701563e-01
2.79356563e-07,1.95698438e-01
2.79396562e-07,1.95701563e-01
2.79436562e-07,1.95698438e-01
2.79476562e-07,1.95701563e-01
2.79516562e-07,1.95698438e-01
2.79556562e-07,1.95701563e-01
2.79596562e-07,1.95698438e-01
2.79636563e-07,1.95701563e-01
2.79676562e-07,1.95698438e-01
2.79716562e-07,1.95701563e-01
2.79756562e-07,1.95696875e-01
2.79796562e-07,1.95703125e-01
2.79836562e-07,1.95696875e-01
2.79876562e-07,1.95703125e-01
2.79916563e-07,1.95696875e-01
2.79956562e-07,1.95703125e-01
2.79996562e-07,1.95696875e-01
2.80036562e-07,1.95703125e-01
2.80076562e-07,1.95696875e-01
2.80116562e-07,1.95703125e-01
2.80156562e-07,1.95695312e-01
2.80196563e-07,1.95704688e-01
2.80236562e-07,1.95695312e-01
2.80276562e-07,1.95704688e-01
2.80316562e-07,1.95695312e-01
2.80356562e-07,1.95704688e-01
2.80396562e-07,1.95693750e-01
2.80436562e-07,1.95706250e-01
2.80476563e-07,1.95693750e-01
2.80516562e-07,1.95707813e-01
2.80556562e-07,1.95692188e-01
2.80596562e-07,1.95709375e-01
2.80636562e-07,1.95689063e-01
2.80676562e-07,1.95712500e-01
2.80716562e-07,1.95685938e-01
2.80756563e-07,1.95717188e-01
2.80796562e-07,1.95678125e-01
2.80836562e-07,1.95732813e-01
2.80876562e-07,1.95642188e-01
2.80916562e-07,1.95910937e-01
2.80956562e-07,1.96151563e-01
2.80996562e-07,1.96071875e-01
2.81036563e-07,1.96118750e-01
2.81076562e-07,1.96087500e-01
2.81116562e-07,1.96109375e-01
2.81156562e-07,1.96092188e-01
2.81196562e-07,1.96106250e-01
2.81236562e-07,1.96095313e-01
2.81276562e-07,1.96103125e-01
2.81316563e-07,1.96098438e-01
2.81356562e-07,1.96101562e-01
2.81396562e-07,1.96100000e-01
2.81436562e-07,1.96098438e-01
2.81476562e-07,1.96101562e-01
2.81516562e-07,1.96096875e-01
2.81556562e-07,1.96104688e-01
2.81596563e-07,1.96092188e-01
2.81636562e-07,1.96110937e-01
2.81676562e-07,1.96084375e-01
2.81716562e-07,1.96126563e-01
2.81756562e-07,1.96048438e-01
2.81796562e-07,1.96304688e-01
2.81836562e-07,1.96557813e-01
2.81876563e-07,1.96465625e-01
2.81916562e-07,1.96525000e-01
2.81956562e-07,1.96479687e-01
2.81996562e-07,1.96517187e-01
2.82036562e-07,1.96485938e-01
2.82076562e-07,1.96512500e-01
2.82116562e-07,1.96489063e-01
2.82156563e-07,1.96510938e-01
2.82196562e-07,1.96490625e-01
2.82236562e-07,1.96509375e-01
2.82276562e-07,1.96490625e-01
2.82316562e-07,1.96507813e-01
2.82356562e-07,1.96492187e-01
2.82396562e-07,1.96507813e-01
2.82436563e-07,1.96492187e-01
2.82476562e-07,1.96507813e-01
2.82516562e-07,1.96492187e-01
2.82556562e-07,1.96506250e-01
2.82596562e-07,1.96493750e-01
2.82636562e-07,1.96506250e-01
2.82676562e-07,1.96493750e-01
2.82716563e-07,1.96506250e-01
2.82756562e-07,1.96493750e-01
2.82796562e-07,1.96506250e-01
2.82836562e-07,1.96493750e-01
2.82876562e-07,1.96506250e-01
2.82916562e-07,1.96493750e-01
2.82956562e-07,1.96506250e-01
2.82996563e-07,1.96493750e-01
2.83036562e-07,1.96506250e-01
2.83076562e-07,1.96493750e-01
2.83116562e-07,1.96506250e-01
2.83156562e-07,1.96493750e-01
2.83196562e-07,1.96506250e-01
2.83236562e-07,1.96493750e-01
2.83276563e-07,1.96506250e-01
2.83316562e-07,1.96493750e-01
2.83356562e-07,1.96506250e-01
2.83396562e-07,1.96493750e-01
2.83436562e-07,1.96506250e-01
2.83476562e-07,1.96493750e-01
2.83516562e-07,1.96506250e-01
2.83556563e-07,1.96492187e-01
2.83596562e-07,1.96507813e-01
2.83636562e-07,1.96492187e-01
2.83676562e-07,1.96507813e-01
2.83716562e-07,1.96492187e-01
2.83756562e-07,1.96509375e-01
2.83796562e-07,1.96490625e-01
2.83836563e-07,1.96509375e-01
2.83876562e-07,1.96489063e-01
2.83916562e-07,1.96512500e-01
2.83956562e-07,1.96487500e-01
2.83996562e-07,1.96515625e-01
2.84036562e-07,1.96481250e-01
2.84076562e-07,1.96523438e-01
2.84116563e-07,1.96467188e-01
2.84156562e-07,1.96557813e-01
2.84196562e-07,1.96289062e-01
2.84236562e-07,1.96048438e-01
2.84276562e-07,1.96128125e-01
2.84316562e-07,1.96081250e-01
2.84356562e-07,1.96114063e-01
2.84396563e-07,1.96089063e-01
2.84436562e-07,1.96109375e-01
2.84476562e-07,1.96092188e-01
2.84516562e-07,1.96106250e-01
2.84556562e-07,1.96093750e-01
2.84596562e-07,1.96104688e-01
2.84636562e-07,1.96095313e-01
2.84676563e-07,1.96104688e-01
2.84716562e-07,1.96095313e-01
2.84756562e-07,1.96104688e-01
2.84796562e-07,1.96093750e-01
2.84836562e-07,1.96106250e-01
2.84876562e-07,1.96092188e-01
2.84916562e-07,1.96109375e-01
2.84956563e-07,1.96087500e-01
2.84996562e-07,1.96117188e-01
2.85036562e-07,1.96073438e-01
2.85076562e-07,1.96150000e-01
2.85116562e-07,1.95896875e-01
2.85156562e-07,1.95640625e-01
2.85196562e-07,1.95735938e-01
2.85236563e-07,1.95673438e-01
2.85276562e-07,1.95723438e-01
2.85316562e-07,1.95679688e-01
2.85356562e-07,1.95718750e-01
2.85396562e-07,1.95681250e-01
2.85436562e-07,1.95717188e-01
2.85476562e-07,1.95681250e-01
2.85516563e-07,1.95718750e-01
2.85556562e-07,1.95679688e-01
2.85596562e-07,1.95721875e-01
2.85636562e-07,1.95675000e-01
2.85676562e-07,1.95729687e-01
2.85716562e-07,1.95660938e-01
2.85756562e-07,1.95764063e-01
2.85796563e-07,1.95482813e-01
2.85836562e-07,1.95254687e-01
2.85876562e-07,1.95320313e-01
2.85916562e-07,1.95289062e-01
2.85956562e-07,1.95304688e-01
2.85996562e-07,1.95298438e-01
2.86036562e-07,1.95298438e-01
2.86076563e-07,1.95303125e-01
2.86116562e-07,1.95293750e-01
2.86156562e-07,1.95309375e-01
2.86196562e-07,1.95287500e-01
2.86236562e-07,1.95318750e-01
2.86276562e-07,1.95271875e-01
2.86316562e-07,1.95354688e-01
2.86356563e-07,1.95092188e-01
2.86396562e-07,1.94845313e-01
2.86436562e-07,1.94929688e-01
2.86476562e-07,1.94879688e-01
2.86516562e-07,1.94915625e-01
2.86556562e-07,1.94887500e-01
2.86596562e-07,1.94910937e-01
2.86636563e-07,1.94892188e-01
2.86676562e-07,1.94907812e-01
2.86716562e-07,1.94893750e-01
2.86756562e-07,1.94904688e-01
2.86796562e-07,1.94895313e-01
2.86836562e-07,1.94904688e-01
2.86876562e-07,1.94896875e-01
2.86916563e-07,1.94903125e-01
2.86956562e-07,1.94896875e-01
2.86996562e-07,1.94903125e-01
2.87036562e-07,1.94898438e-01
2.87076562e-07,1.94901563e-01
2.87116562e-07,1.94898438e-01
2.87156562e-07,1.94901563e-01
2.87196563e-07,1.94900000e-01
2.87236562e-07,1.94900000e-01
2.87276562e-07,1.94900000e-01
2.87316562e-07,1.94900000e-01
2.87356562e-07,1.94900000e-01
2.87396562e-07,1.94900000e-01
2.87436562e-07,1.94900000e-01
2.87476563e-07,1.94898438e-01
2.87516562e-07,1.94901563e-01
2.87556562e-07,1.94898438e-01
2.87596562e-07,1.94901563e-01
2.87636562e-07,1.94898438e-01
2.87676562e-07,1.94903125e-01
2.87716562e-07,1.94896875e-01
2.87756563e-07,1.94903125e-01
2.87796562e-07,1.94896875e-01
2.87836562e-07,1.94904688e-01
2.87876562e-07,1.94895313e-01
2.87916562e-07,1.94904688e-01
2.87956562e-07,1.94893750e-01
2.87996562e-07,1.94906250e-01
2.88036563e-07,1.94892188e-01
2.88076562e-07,1.94909375e-01
2.88116562e-07,1.94889063e-01
2.88156562e-07,1.94914063e-01
2.88196562e-07,1.94881250e-01
2.88236562e-07,1.94929688e-01
2.88276563e-07,1.94846875e-01
2.88316563e-07,1.95106250e-01
2.88356562e-07,1.95356250e-01
2.88396562e-07,1.95267187e-01
2.88436562e-07,1.95323438e-01
2.88476562e-07,1.95281250e-01
2.88516562e-07,1.95317188e-01
2.88556563e-07,1.95282813e-01
2.88596563e-07,1.95317188e-01
2.88636562e-07,1.95278125e-01
2.88676562e-07,1.95329688e-01
2.88716562e-07,1.95246875e-01
2.88756562e-07,1.95504687e-01
2.88796562e-07,1.95759375e-01
2.88836563e-07,1.95662500e-01
2.88876563e-07,1.95731250e-01
2.88916562e-07,1.95671875e-01
2.88956562e-07,1.95729687e-01
2.88996562e-07,1.95667188e-01
2.89036562e-07,1.95742187e-01
2.89076562e-07,1.95632813e-01
2.89116563e-07,1.95920312e-01
2.89156563e-07,1.96140625e-01
2.89196562e-07,1.96084375e-01
2.89236562e-07,1.96104688e-01
2.89276562e-07,1.96103125e-01
2.89316562e-07,1.96089063e-01
2.89356562e-07,1.96123437e-01
2.89396563e-07,1.96050000e-01
2.89436563e-07,1.96304688e-01
2.89476562e-07,1.96554688e-01
2.89516562e-07,1.96470313e-01
2.89556562e-07,1.96518750e-01
2.89596562e-07,1.96490625e-01
2.89636562e-07,1.96501563e-01
2.89676563e-07,1.96509375e-01
2.89716563e-07,1.96464063e-01
2.89756562e-07,1.96689063e-01
2.89796562e-07,1.96971875e-01
2.89836562e-07,1.96851563e-01
2.89876562e-07,1.96940625e-01
2.89916562e-07,1.96862500e-01
2.89956563e-07,1.96935938e-01
2.89996563e-07,1.96860937e-01
2.90036562e-07,1.96946875e-01
2.90076562e-07,1.96829688e-01
2.90116562e-07,1.97121875e-01
2.90156562e-07,1.97340625e-01
2.90196562e-07,1.97281250e-01
2.90236563e-07,1.97309375e-01
2.90276563e-07,1.97295313e-01
2.90316562e-07,1.97303125e-01
2.90356562e-07,1.97298438e-01
2.90396562e-07,1.97300000e-01
2.90436562e-07,1.97300000e-01
2.90476562e-07,1.97298438e-01
2.90516563e-07,1.97301562e-01
2.90556563e-07,1.97298438e-01
2.90596562e-07,1.97301562e-01
2.90636562e-07,1.97298438e-01
2.90676562e-07,1.97301562e-01
2.90716562e-07,1.97298438e-01
2.90756562e-07,1.97301562e-01
2.90796563e-07,1.97298438e-01
2.90836563e-07,1.97301562e-01
2.90876562e-07,1.97298438e-01
2.90916562e-07,1.97301562e-01
2.90956562e-07,1.97298438e-01
2.90996562e-07,1.97301562e-01
2.91036562e-07,1.97298438e-01
2.91076563e-07,1.97301562e-01
2.91116562e-07,1.97298438e-01
2.91156562e-07,1.97300000e-01
2.91196562e-07,1.97300000e-01
2.91236562e-07,1.97300000e-01
2.91276562e-07,1.97300000e-01
2.91316562e-07,1.97300000e-01
2.91356563e-07,1.97301562e-01
2.91396562e-07,1.97298438e-01
2.91436562e-07,1.97301562e-01
2.91476562e-07,1.97296875e-01
2.91516562e-07,1.97303125e-01
2.91556562e-07,1.97295313e-01
2.91596562e-07,1.97307813e-01
2.91636563e-07,1.97289063e-01
2.91676562e-07,1.97315625e-01
2.91716562e-07,1.97275000e-01
2.91756562e-07,1.97350000e-01
2.91796562e-07,1.97096875e-01
2.91836562e-07,1.96840625e-01
2.91876562e-07,1.96935938e-01
2.91916563e-07,1.96873437e-01
2.91956562e-07,1.96921875e-01
2.91996562e-07,1.96881250e-01
2.92036562e-07,1.96917188e-01
2.92076562e-07,1.96884375e-01
2.92116562e-07,1.96915625e-01
2.92156562e-07,1.96884375e-01
2.92196563e-07,1.96915625e-01
2.92236562e-07,1.96884375e-01
2.92276562e-07,1.96915625e-01
2.92316562e-07,1.96884375e-01
2.92356562e-07,1.96917188e-01
2.92396562e-07,1.96882813e-01
2.92436562e-07,1.96918750e-01
2.92476563e-07,1.96878125e-01
2.92516562e-07,1.96926563e-01
2.92556562e-07,1.96864062e-01
2.92596562e-07,1.96960938e-01
2.92636562e-07,1.96685938e-01
2.92676562e-07,1.96451563e-01
2.92716562e-07,1.96523438e-01
2.92756563e-07,1.96484375e-01
2.92796562e-07,1.96509375e-01
2.92836562e-07,1.96492187e-01
2.92876562e-07,1.96504687e-01
2.92916562e-07,1.96496875e-01
2.92956562e-07,1.96503125e-01
2.92996562e-07,1.96498438e-01
2.93036563e-07,1.96501563e-01
2.93076562e-07,1.96500000e-01
2.93116562e-07,1.96500000e-01
2.93156562e-07,1.96500000e-01
2.93196562e-07,1.96500000e-01
2.93236562e-07,1.96501563e-01
2.93276562e-07,1.96498438e-01
2.93316563e-07,1.96501563e-01
2.93356562e-07,1.96498438e-01
2.93396562e-07,1.96501563e-01
2.93436562e-07,1.96498438e-01
2.93476562e-07,1.96503125e-01
2.93516562e-07,1.96496875e-01
2.93556562e-07,1.96503125e-01
2.93596563e-07,1.96496875e-01
2.93636562e-07,1.96503125e-01
2.93676562e-07,1.96496875e-01
2.93716562e-07,1.96504687e-01
2.93756562e-07,1.96495313e-01
2.93796562e-07,1.96504687e-01
2.93836562e-07,1.96495313e-01
2.93876563e-07,1.96504687e-01
2.93916562e-07,1.96493750e-01
2.93956562e-07,1.96506250e-01
2.93996562e-07,1.96492187e-01
2.94036562e-07,1.96507813e-01
2.94076562e-07,1.96490625e-01
2.94116562e-07,1.96509375e-01
2.94156563e-07,1.96487500e-01
2.94196562e-07,1.96514063e-01
2.94236562e-07,1.96482812e-01
2.94276562e-07,1.96521875e-01
2.94316562e-07,1.96467188e-01
2.94356562e-07,1.96557813e-01
2.94396562e-07,1.96289062e-01
2.94436563e-07,1.96050000e-01
2.94476562e-07,1.96125000e-01
2.94516562e-07,1.96085938e-01
2.94556562e-07,1.96106250e-01
2.94596562e-07,1.96100000e-01
2.94636562e-07,1.96089063e-01
2.94676562e-07,1.96137500e-01
2.94716563e-07,1.95910937e-01
2.94756562e-07,1.95626563e-01
2.94796562e-07,1.95751563e-01
2.94836562e-07,1.95654688e-01
2.94876562e-07,1.95745313e-01
2.94916562e-07,1.95648437e-01
2.94956562e-07,1.95775000e-01
2.94996563e-07,1.95471875e-01
2.95036562e-07,1.95265625e-01
2.95076562e-07,1.95309375e-01
2.95116562e-07,1.95304688e-01
2.95156562e-07,1.95282813e-01
2.95196562e-07,1.95343750e-01
2.95236562e-07,1.95101562e-01
2.95276563e-07,1.94835938e-01
2.95316562e-07,1.94942188e-01
2.95356562e-07,1.94865625e-01
2.95396562e-07,1.94934375e-01
2.95436562e-07,1.94860937e-01
2.95476562e-07,1.94960938e-01
2.95516562e-07,1.94687500e-01
2.95556563e-07,1.94446875e-01
2.95596562e-07,1.94531250e-01
2.95636562e-07,1.94473438e-01
2.95676562e-07,1.94526562e-01
2.95716562e-07,1.94467187e-01
2.95756562e-07,1.94556250e-01
2.95796562e-07,1.94292188e-01
2.95836563e-07,1.94043750e-01
2.95876562e-07,1.94132813e-01
2.95916562e-07,1.94076562e-01
2.95956562e-07,1.94120313e-01
2.95996562e-07,1.94081250e-01
2.96036562e-07,1.94117188e-01
2.96076562e-07,1.94082813e-01
2.96116563e-07,1.94117188e-01
2.96156562e-07,1.94082813e-01
2.96196562e-07,1.94118750e-01
2.96236562e-07,1.94081250e-01
2.96276562e-07,1.94121875e-01
2.96316562e-07,1.94075000e-01
2.96356562e-07,1.94131250e-01
2.96396563e-07,1.94057813e-01
2.96436562e-07,1.94167188e-01
2.96476562e-07,1.93876563e-01
2.96516562e-07,1.93664063e-01
2.96556562e-07,1.93707813e-01
2.96596562e-07,1.93710938e-01
2.96636562e-07,1.93659375e-01
2.96676563e-07,1.93896875e-01
2.96716562e-07,1.94162500e-01
2.96756562e-07,1.94062500e-01
2.96796562e-07,1.94126563e-01
2.96836562e-07,1.94078125e-01
2.96876562e-07,1.94117188e-01
2.96916562e-07,1.94084375e-01
2.96956563e-07,1.94112500e-01
2.96996562e-07,1.94089063e-01
2.97036562e-07,1.94109375e-01
2.97076562e-07,1.94090625e-01
2.97116562e-07,1.94107813e-01
2.97156562e-07,1.94093750e-01
2.97196562e-07,1.94106250e-01
2.97236563e-07,1.94095313e-01
2.97276562e-07,1.94103125e-01
2.97316562e-07,1.94098437e-01
2.97356562e-07,1.94098437e-01
2.97396562e-07,1.94103125e-01
2.97436562e-07,1.94090625e-01
2.97476562e-07,1.94118750e-01
2.97516563e-07,1.94056250e-01
2.97556562e-07,1.94296875e-01
2.97596562e-07,1.94567188e-01
2.97636562e-07,1.94456250e-01
2.97676562e-07,1.94534375e-01
2.97716562e-07,1.94470313e-01
2.97756562e-07,1.94528125e-01
2.97796563e-07,1.94473438e-01
2.97836562e-07,1.94526562e-01
2.97876562e-07,1.94471875e-01
2.97916562e-07,1.94529687e-01
2.97956562e-07,1.94465625e-01
2.97996562e-07,1.94543750e-01
2.98036562e-07,1.94431250e-01
2.98076563e-07,1.94721875e-01
2.98116562e-07,1.94940625e-01
2.98156562e-07,1.94882813e-01
2.98196562e-07,1.94907812e-01
2.98236562e-07,1.94898438e-01
2.98276562e-07,1.94898438e-01
2.98316562e-07,1.94904688e-01
2.98356563e-07,1.94893750e-01
2.98396562e-07,1.94909375e-01
2.98436562e-07,1.94887500e-01
2.98476562e-07,1.94915625e-01
2.98516562e-07,1.94879688e-01
2.98556562e-07,1.94931250e-01
2.98596562e-07,1.94843750e-01
2.98636563e-07,1.95109375e-01
2.98676562e-07,1.95353125e-01
2.98716562e-07,1.95271875e-01
2.98756562e-07,1.95318750e-01
2.98796562e-07,1.95285938e-01
2.98836562e-07,1.95310938e-01
2.98876562e-07,1.95292188e-01
2.98916563e-07,1.95306250e-01
2.98956562e-07,1.95293750e-01
2.98996562e-07,1.95304688e-01
2.99036562e-07,1.95295313e-01
2.99076562e-07,1.95303125e-01
2.99116562e-07,1.95296875e-01
2.99156562e-07,1.95303125e-01
2.99196563e-07,1.95298438e-01
2.99236562e-07,1.95301562e-01
2.99276562e-07,1.95298438e-01
2.99316562e-07,1.95301562e-01
2.99356562e-07,1.95300000e-01
2.99396562e-07,1.95300000e-01
2.99436562e-07,1.95300000e-01
2.99476563e-07,1.95300000e-01
2.99516562e-07,1.95300000e-01
2.99556562e-07,1.95300000e-01
2.99596562e-07,1.95301562e-01
2.99636562e-07,1.95298438e-01
2.99676562e-07,1.95301562e-01
2.99716562e-07,1.95298438e-01
2.99756563e-07,1.95301562e-01
2.99796562e-07,1.95298438e-01
2.99836562e-07,1.95303125e-01
2.99876562e-07,1.95296875e-01
2.99916562e-07,1.95303125e-01
2.99956562e-07,1.95296875e-01
2.99996562e-07,1.95304688e-01
3.00036563e-07,1.95295313e-01
3.00076562e-07,1.95304688e-01
3.00116562e-07,1.95293750e-01
3.00156562e-07,1.95307813e-01
3.00196562e-07,1.95290625e-01
3.00236562e-07,1.95310938e-01
3.00276562e-07,1.95285938e-01
3.00316563e-07,1.95318750e-01
3.00356562e-07,1.95271875e-01
3.00396562e-07,1.95353125e-01
3.00436562e-07,1.95093750e-01
3.00476562e-07,1.94843750e-01
3.00516562e-07,1.94932812e-01
3.00556562e-07,1.94876563e-01
3.00596563e-07,1.94918750e-01
3.00636562e-07,1.94884375e-01
3.00676562e-07,1.94914063e-01
3.00716562e-07,1.94887500e-01
3.00756562e-07,1.94912500e-01
3.00796562e-07,1.94887500e-01
3.00836562e-07,1.94912500e-01
3.00876563e-07,1.94887500e-01
3.00916562e-07,1.94912500e-01
3.00956562e-07,1.94885937e-01
3.00996562e-07,1.94915625e-01
3.01036562e-07,1.94881250e-01
3.01076562e-07,1.94923438e-01
3.01116562e-07,1.94867188e-01
3.01156563e-07,1.94956250e-01
3.01196562e-07,1.94690625e-01
3.01236562e-07,1.94446875e-01
3.01276562e-07,1.94529687e-01
3.01316562e-07,1.94479687e-01
3.01356562e-07,1.94515625e-01
3.01396562e-07,1.94487500e-01
3.01436563e-07,1.94510938e-01
3.01476562e-07,1.94490625e-01
3.01516562e-07,1.94507813e-01
3.01556562e-07,1.94492187e-01
3.01596562e-07,1.94507813e-01
3.01636562e-07,1.94493750e-01
3.01676562e-07,1.94506250e-01
3.01716563e-07,1.94493750e-01
3.01756562e-07,1.94506250e-01
3.01796562e-07,1.94493750e-01
3.01836562e-07,1.94506250e-01
3.01876562e-07,1.94493750e-01
3.01916562e-07,1.94506250e-01
3.01956562e-07,1.94493750e-01
3.01996563e-07,1.94506250e-01
3.02036562e-07,1.94493750e-01
3.02076562e-07,1.94506250e-01
3.02116562e-07,1.94493750e-01
3.02156562e-07,1.94506250e-01
3.02196562e-07,1.94493750e-01
3.02236562e-07,1.94506250e-01
3.02276563e-07,1.94493750e-01
3.02316562e-07,1.94507813e-01
3.02356562e-07,1.94492187e-01
3.02396562e-07,1.94507813e-01
3.02436562e-07,1.94492187e-01
3.02476562e-07,1.94509375e-01
3.02516562e-07,1.94490625e-01
3.02556563e-07,1.94510938e-01
3.02596562e-07,1.94487500e-01
3.02636562e-07,1.94514063e-01
3.02676562e-07,1.94484375e-01
3.02716562e-07,1.94518750e-01
3.02756562e-07,1.94476563e-01
3.02796562e-07,1.94534375e-01
3.02836563e-07,1.94440625e-01
3.02876562e-07,1.94712500e-01
3.02916562e-07,1.94950000e-01
3.02956562e-07,1.94873437e-01
3.02996562e-07,1.94915625e-01
3.03036562e-07,1.94889063e-01
3.03076562e-07,1.94907812e-01
3.03116563e-07,1.94895313e-01
3.03156562e-07,1.94903125e-01
3.03196562e-07,1.94898438e-01
3.03236562e-07,1.94900000e-01
3.03276562e-07,1.94900000e-01
3.03316562e-07,1.94898438e-01
3.03356562e-07,1.94903125e-01
3.03396563e-07,1.94895313e-01
3.03436562e-07,1.94906250e-01
3.03476562e-07,1.94890625e-01
3.03516562e-07,1.94912500e-01
3.03556562e-07,1.94881250e-01
3.03596562e-07,1.94928125e-01
3.03636562e-07,1.94846875e-01
3.03676563e-07,1.95106250e-01
3.03716562e-07,1.95354688e-01
3.03756562e-07,1.95268750e-01
3.03796562e-07,1.95321875e-01
3.03836562e-07,1.95284375e-01
3.03876562e-07,1.95312500e-01
3.03916562e-07,1.95290625e-01
3.03956563e-07,1.95307813e-01
3.03996562e-07,1.95293750e-01
3.04036562e-07,1.95304688e-01
3.04076562e-07,1.95298438e-01
3.04116562e-07,1.95300000e-01
3.04156562e-07,1.95303125e-01
3.04196562e-07,1.95290625e-01
3.04236563e-07,1.95318750e-01
3.04276562e-07,1.95256250e-01
3.04316562e-07,1.95495313e-01
3.04356562e-07,1.95767187e-01
3.04396562e-07,1.95656250e-01
3.04436562e-07,1.95734375e-01
3.04476562e-07,1.95668750e-01
3.04516563e-07,1.95729687e-01
3.04556562e-07,1.95670312e-01
3.04596562e-07,1.95731250e-01
3.04636562e-07,1.95665625e-01
3.04676562e-07,1.95743750e-01
3.04716562e-07,1.95631250e-01
3.04756562e-07,1.95921875e-01
3.04796563e-07,1.96140625e-01
3.04836562e-07,1.96082813e-01
3.04876562e-07,1.96107813e-01
3.04916562e-07,1.96098438e-01
3.04956562e-07,1.96096875e-01
3.04996562e-07,1.96107813e-01
3.05036562e-07,1.96085938e-01
3.05076563e-07,1.96123437e-01
3.05116562e-07,1.96051562e-01
3.05156562e-07,1.96301562e-01
3.05196562e-07,1.96559375e-01
3.05236562e-07,1.96464063e-01
3.05276562e-07,1.96528125e-01
3.05316563e-07,1.96476563e-01
3.05356563e-07,1.96521875e-01
3.05396562e-07,1.96478125e-01
3.05436562e-07,1.96523438e-01
3.05476562e-07,1.96471875e-01
3.05516562e-07,1.96535938e-01
3.05556562e-07,1.96439063e-01
3.05596563e-07,1.96712500e-01
3.05636563e-07,1.96950000e-01
3.05676562e-07,1.96873437e-01
3.05716562e-07,1.96917188e-01
3.05756562e-07,1.96887500e-01
3.05796562e-07,1.96910937e-01
3.05836562e-07,1.96892188e-01
3.05876563e-07,1.96907813e-01
3.05916563e-07,1.96893750e-01
3.05956562e-07,1.96906250e-01
3.05996562e-07,1.96895313e-01
3.06036562e-07,1.96904688e-01
3.06076562e-07,1.96895313e-01
3.06116562e-07,1.96904688e-01
3.06156563e-07,1.96895313e-01
3.06196562e-07,1.96904688e-01
3.06236562e-07,1.96895313e-01
3.06276562e-07,1.96904688e-01
3.06316562e-07,1.96895313e-01
3.06356562e-07,1.96904688e-01
3.06396562e-07,1.96895313e-01
3.06436563e-07,1.96904688e-01
3.06476562e-07,1.96895313e-01
3.06516562e-07,1.96904688e-01
3.06556562e-07,1.96895313e-01
3.06596562e-07,1.96904688e-01
3.06636562e-07,1.96893750e-01
3.06676562e-07,1.96906250e-01
3.06716563e-07,1.96893750e-01
3.06756562e-07,1.96907813e-01
3.06796562e-07,1.96890625e-01
3.06836562e-07,1.96910937e-01
3.06876562e-07,1.96885937e-01
3.06916562e-07,1.96918750e-01
3.06956562e-07,1.96871875e-01
3.06996563e-07,1.96953125e-01
3.07036562e-07,1.96693750e-01
3.07076562e-07,1.96443750e-01
3.07116562e-07,1.96532813e-01
3.07156562e-07,1.96476563e-01
3.07196562e-07,1.96520313e-01
3.07236562e-07,1.96482812e-01
3.07276563e-07,1.96515625e-01
3.07316562e-07,1.96484375e-01
3.07356562e-07,1.96515625e-01
3.07396562e-07,1.96484375e-01
3.07436562e-07,1.96517187e-01
3.07476562e-07,1.96479687e-01
3.07516562e-07,1.96523438e-01
3.07556563e-07,1.96467188e-01
3.07596562e-07,1.96557813e-01
3.07636562e-07,1.96289062e-01
3.07676562e-07,1.96048438e-01
3.07716562e-07,1.96128125e-01
3.07756562e-07,1.96079688e-01
3.07796562e-07,1.96115625e-01
3.07836563e-07,1.96087500e-01
3.07876562e-07,1.96110937e-01
3.07916562e-07,1.96090625e-01
3.07956562e-07,1.96109375e-01
3.07996562e-07,1.96090625e-01
3.08036562e-07,1.96109375e-01
3.08076562e-07,1.96090625e-01
3.08116563e-07,1.96109375e-01
3.08156562e-07,1.96089063e-01
3.08196562e-07,1.96112500e-01
3.08236562e-07,1.96084375e-01
3.08276562e-07,1.96120313e-01
3.08316562e-07,1.96070313e-01
3.08356562e-07,1.96154688e-01
3.08396563e-07,1.95892188e-01
3.08436562e-07,1.95645313e-01
3.08476562e-07,1.95731250e-01
3.08516562e-07,1.95676563e-01
3.08556562e-07,1.95718750e-01
3.08596562e-07,1.95684375e-01
3.08636562e-07,1.95714063e-01
3.08676563e-07,1.95687500e-01
3.08716562e-07,1.95710938e-01
3.08756562e-07,1.95689063e-01
3.08796562e-07,1.95710938e-01
3.08836562e-07,1.95689063e-01
3.08876562e-07,1.95710938e-01
3.08916562e-07,1.95689063e-01
3.08956563e-07,1.95710938e-01
3.08996562e-07,1.95687500e-01
3.09036562e-07,1.95712500e-01
3.09076562e-07,1.95685938e-01
3.09116562e-07,1.95717188e-01
3.09156562e-07,1.95681250e-01
3.09196562e-07,1.95725000e-01
3.09236563e-07,1.95665625e-01
3.09276562e-07,1.95759375e-01
3.09316562e-07,1.95487500e-01
3.09356562e-07,1.95250000e-01
3.09396562e-07,1.95326563e-01
3.09436562e-07,1.95282813e-01
3.09476562e-07,1.95312500e-01
3.09516563e-07,1.95290625e-01
3.09556562e-07,1.95307813e-01
3.09596562e-07,1.95293750e-01
3.09636562e-07,1.95304688e-01
3.09676562e-07,1.95296875e-01
3.09716562e-07,1.95303125e-01
3.09756562e-07,1.95298438e-01
3.09796563e-07,1.95301562e-01
3.09836562e-07,1.95298438e-01
3.09876562e-07,1.95300000e-01
3.09916562e-07,1.95300000e-01
3.09956562e-07,1.95300000e-01
3.09996562e-07,1.95300000e-01
3.10036562e-07,1.95298438e-01
3.10076563e-07,1.95301562e-01
3.10116562e-07,1.95298438e-01
3.10156562e-07,1.95303125e-01
3.10196562e-07,1.95296875e-01
3.10236562e-07,1.95303125e-01
3.10276562e-07,1.95295313e-01
3.10316562e-07,1.95304688e-01
3.10356563e-07,1.95293750e-01
3.10396562e-07,1.95306250e-01
3.10436562e-07,1.95292188e-01
3.10476562e-07,1.95309375e-01
3.10516562e-07,1.95287500e-01
3.10556562e-07,1.95315625e-01
3.10596562e-07,1.95279688e-01
3.10636563e-07,1.95329688e-01
3.10676562e-07,1.95243750e-01
3.10716562e-07,1.95509375e-01
3.10756562e-07,1.95753125e-01
3.10796562e-07,1.95671875e-01
3.10836562e-07,1.95717188e-01
3.10876562e-07,1.95689063e-01
3.10916563e-07,1.95706250e-01
3.10956562e-07,1.95698438e-01
3.10996562e-07,1.95696875e-01
3.11036562e-07,1.95714063e-01
3.11076562e-07,1.95660938e-01
3.11116562e-07,1.95892188e-01
3.11156562e-07,1.96170312e-01
3.11196563e-07,1.96053125e-01
3.11236562e-07,1.96139063e-01
3.11276562e-07,1.96064062e-01
3.11316562e-07,1.96135937e-01
3.11356562e-07,1.96060938e-01
3.11396562e-07,1.96146875e-01
3.11436562e-07,1.96028125e-01
3.11476563e-07,1.96323438e-01
3.11516562e-07,1.96537500e-01
3.11556562e-07,1.96485938e-01
3.11596562e-07,1.96504687e-01
3.11636562e-07,1.96501563e-01
3.11676562e-07,1.96493750e-01
3.11716562e-07,1.96510938e-01
3.11756563e-07,1.96482812e-01
3.11796562e-07,1.96526563e-01
3.11836562e-07,1.96446875e-01
3.11876562e-07,1.96706250e-01
3.11916562e-07,1.96956250e-01
3.11956562e-07,1.96868750e-01
3.11996562e-07,1.96921875e-01
3.12036563e-07,1.96882813e-01
3.12076562e-07,1.96914063e-01
3.12116562e-07,1.96887500e-01
3.12156562e-07,1.96910937e-01
3.12196562e-07,1.96890625e-01
3.12236562e-07,1.96909375e-01
3.12276562e-07,1.96892188e-01
3.12316563e-07,1.96907813e-01
3.12356562e-07,1.96892188e-01
3.12396562e-07,1.96907813e-01
3.12436562e-07,1.96892188e-01
3.12476562e-07,1.96907813e-01
3.12516562e-07,1.96892188e-01
3.12556562e-07,1.96907813e-01
3.12596563e-07,1.96892188e-01
3.12636562e-07,1.96907813e-01
3.12676562e-07,1.96892188e-01
3.12716562e-07,1.96907813e-01
3.12756562e-07,1.96892188e-01
3.12796562e-07,1.96907813e-01
3.12836562e-07,1.96892188e-01
3.12876563e-07,1.96909375e-01
3.12916562e-07,1.96890625e-01
3.12956562e-07,1.96910937e-01
3.12996562e-07,1.96889063e-01
3.13036562e-07,1.96912500e-01
3.13076562e-07,1.96885937e-01
3.13116562e-07,1.96915625e-01
3.13156563e-07,1.96879688e-01
3.13196562e-07,1.96925000e-01
3.13236562e-07,1.96865625e-01
3.13276562e-07,1.96959375e-01
3.13316562e-07,1.96685938e-01
3.13356562e-07,1.96451563e-01
3.13396562e-07,1.96523438e-01
3.13436563e-07,1.96485938e-01
3.13476562e-07,1.96507813e-01
3.13516562e-07,1.96495313e-01
3.13556562e-07,1.96500000e-01
3.13596562e-07,1.96503125e-01
3.13636562e-07,1.96492187e-01
3.13676562e-07,1.96512500e-01
3.13716563e-07,1.96476563e-01
3.13756562e-07,1.96548438e-01
3.13796562e-07,1.96296875e-01
3.13836562e-07,1.96040625e-01
3.13876562e-07,1.96135937e-01
3.13916562e-07,1.96075000e-01
3.13956562e-07,1.96120313e-01
3.13996563e-07,1.96082813e-01
3.14036562e-07,1.96115625e-01
3.14076562e-07,1.96085938e-01
3.14116562e-07,1.96112500e-01
3.14156562e-07,1.96089063e-01
3.14196562e-07,1.96110937e-01
3.14236562e-07,1.96090625e-01
3.14276563e-07,1.96109375e-01
3.14316562e-07,1.96092188e-01
3.14356562e-07,1.96107813e-01
3.14396562e-07,1.96092188e-01
3.14436562e-07,1.96107813e-01
3.14476562e-07,1.96092188e-01
3.14516562e-07,1.96106250e-01
3.14556563e-07,1.96093750e-01
3.14596562e-07,1.96106250e-01
3.14636562e-07,1.96093750e-01
3.14676562e-07,1.96106250e-01
3.14716562e-07,1.96093750e-01
3.14756562e-07,1.96106250e-01
3.14796562e-07,1.96093750e-01
3.14836563e-07,1.96106250e-01
3.14876562e-07,1.96093750e-01
3.14916562e-07,1.96106250e-01
3.14956562e-07,1.96093750e-01
3.14996562e-07,1.96106250e-01
3.15036562e-07,1.96093750e-01
3.15076562e-07,1.96106250e-01
3.15116563e-07,1.96093750e-01
3.15156562e-07,1.96106250e-01
3.15196562e-07,1.96093750e-01
3.15236562e-07,1.96106250e-01
3.15276562e-07,1.96093750e-01
3.15316562e-07,1.96106250e-01
3.15356562e-07,1.96093750e-01
3.15396563e-07,1.96106250e-01
3.15436562e-07,1.96093750e-01
3.15476562e-07,1.96106250e-01
3.15516562e-07,1.96093750e-01
3.15556562e-07,1.96107813e-01
3.15596562e-07,1.96092188e-01
3.15636562e-07,1.96107813e-01
3.15676563e-07,1.96090625e-01
3.15716562e-07,1.96109375e-01
3.15756562e-07,1.96089063e-01
3.15796562e-07,1.96112500e-01
3.15836562e-07,1.96084375e-01
3.15876562e-07,1.96120313e-01
3.15916562e-07,1.96070313e-01
3.15956563e-07,1.96154688e-01
3.15996562e-07,1.95892188e-01
3.16036562e-07,1.95645313e-01
3.16076562e-07,1.95731250e-01
3.16116562e-07,1.95676563e-01
3.16156562e-07,1.95718750e-01
3.16196562e-07,1.95682812e-01
3.16236563e-07,1.95715625e-01
3.16276562e-07,1.95684375e-01
3.16316562e-07,1.95717188e-01
3.16356562e-07,1.95681250e-01
3.16396562e-07,1.95723438e-01
3.16436562e-07,1.95668750e-01
3.16476562e-07,1.95756250e-01
3.16516563e-07,1.95490625e-01
3.16556562e-07,1.95246875e-01
3.16596562e-07,1.95329688e-01
3.16636562e-07,1.95278125e-01
3.16676562e-07,1.95317188e-01
3.16716562e-07,1.95285938e-01
3.16756562e-07,1.95312500e-01
3.16796563e-07,1.95289062e-01
3.16836562e-07,1.95309375e-01
3.16876562e-07,1.95290625e-01
3.16916562e-07,1.95309375e-01
3.16956562e-07,1.95290625e-01
3.16996562e-07,1.95309375e-01
3.17036562e-07,1.95290625e-01
3.17076563e-07,1.95309375e-01
3.17116562e-07,1.95290625e-01
3.17156562e-07,1.95309375e-01
3.17196562e-07,1.95289062e-01
3.17236562e-07,1.95310938e-01
3.17276562e-07,1.95287500e-01
3.17316562e-07,1.95314062e-01
3.17356563e-07,1.95284375e-01
3.17396562e-07,1.95318750e-01
3.17436562e-07,1.95276563e-01
3.17476562e-07,1.95332813e-01
3.17516562e-07,1.95242187e-01
3.17556562e-07,1.95510938e-01
3.17596562e-07,1.95751563e-01
3.17636563e-07,1.95671875e-01
3.17676562e-07,1.95718750e-01
3.17716562e-07,1.95685938e-01
3.17756562e-07,1.95710938e-01
3.17796562e-07,1.95690625e-01
3.17836562e-07,1.95707813e-01
3.17876562e-07,1.95693750e-01
3.17916563e-07,1.95704688e-01
3.17956562e-07,1.95695312e-01
3.17996562e-07,1.95704688e-01
3.18036562e-07,1.95696875e-01
3.18076562e-07,1.95703125e-01
3.18116562e-07,1.95696875e-01
3.18156562e-07,1.95703125e-01
3.18196563e-07,1.95696875e-01
3.18236562e-07,1.95703125e-01
3.18276562e-07,1.95696875e-01
3.18316562e-07,1.95703125e-01
3.18356562e-07,1.95696875e-01
3.18396562e-07,1.95703125e-01
3.18436562e-07,1.95696875e-01
3.18476563e-07,1.95703125e-01
3.18516562e-07,1.95696875e-01
3.18556562e-07,1.95703125e-01
3.18596562e-07,1.95696875e-01
3.18636562e-07,1.95703125e-01
3.18676562e-07,1.95696875e-01
3.18716562e-07,1.95704688e-01
3.18756563e-07,1.95695312e-01
3.18796562e-07,1.95706250e-01
3.18836562e-07,1.95693750e-01
3.18876562e-07,1.95709375e-01
3.18916562e-07,1.95689063e-01
3.18956562e-07,1.95715625e-01
3.18996562e-07,1.95675000e-01
3.19036563e-07,1.95750000e-01
3.19076562e-07,1.95496875e-01
3.19116562e-07,1.95240625e-01
3.19156562e-07,1.95335938e-01
3.19196562e-07,1.95271875e-01
3.19236562e-07,1.95323438e-01
3.19276562e-07,1.95278125e-01
3.19316563e-07,1.95320313e-01
3.19356562e-07,1.95279688e-01
3.19396562e-07,1.95321875e-01
3.19436562e-07,1.95276563e-01
3.19476562e-07,1.95328125e-01
3.19516562e-07,1.95262500e-01
3.19556562e-07,1.95362500e-01
3.19596563e-07,1.95084375e-01
3.19636562e-07,1.94853125e-01
3.19676562e-07,1.94923438e-01
3.19716562e-07,1.94885937e-01
3.19756562e-07,1.94909375e-01
3.19796562e-07,1.94893750e-01
3.19836562e-07,1.94904688e-01
3.19876563e-07,1.94896875e-01
3.19916562e-07,1.94903125e-01
3.19956562e-07,1.94898438e-01
3.19996562e-07,1.94901563e-01
3.20036562e-07,1.94900000e-01
3.20076562e-07,1.94900000e-01
3.20116562e-07,1.94900000e-01
3.20156563e-07,1.94898438e-01
3.20196562e-07,1.94901563e-01
3.20236562e-07,1.94898438e-01
3.20276562e-07,1.94901563e-01
3.20316562e-07,1.94896875e-01
3.20356562e-07,1.94903125e-01
3.20396562e-07,1.94896875e-01
3.20436563e-07,1.94903125e-01
3.20476562e-07,1.94895313e-01
3.20516562e-07,1.94904688e-01
3.20556562e-07,1.94895313e-01
3.20596562e-07,1.94906250e-01
3.20636562e-07,1.94893750e-01
3.20676562e-07,1.94906250e-01
3.20716563e-07,1.94892188e-01
3.20756562e-07,1.94909375e-01
3.20796562e-07,1.94889063e-01
3.20836562e-07,1.94912500e-01
3.20876562e-07,1.94885937e-01
3.20916562e-07,1.94917188e-01
3.20956562e-07,1.94878125e-01
3.20996563e-07,1.94932812e-01
3.21036562e-07,1.94842188e-01
3.21076562e-07,1.95110937e-01
3.21116562e-07,1.95351563e-01
3.21156562e-07,1.95273438e-01
3.21196562e-07,1.95317188e-01
3.21236562e-07,1.95287500e-01
3.21276563e-07,1.95309375e-01
3.21316562e-07,1.95293750e-01
3.21356562e-07,1.95304688e-01
3.21396562e-07,1.95296875e-01
3.21436562e-07,1.95301562e-01
3.21476562e-07,1.95300000e-01
3.21516562e-07,1.95298438e-01
3.21556562e-07,1.95303125e-01
3.21596562e-07,1.95295313e-01
3.21636562e-07,1.95306250e-01
3.21676562e-07,1.95290625e-01
3.21716562e-07,1.95312500e-01
3.21756562e-07,1.95281250e-01
3.21796562e-07,1.95328125e-01
3.21836562e-07,1.95246875e-01
3.21876562e-07,1.95507813e-01
3.21916562e-07,1.95754687e-01
3.21956562e-07,1.95670312e-01
3.21996562e-07,1.95720312e-01
3.22036562e-07,1.95685938e-01
3.22076562e-07,1.95710938e-01
3.22116562e-07,1.95692188e-01
3.22156562e-07,1.95704688e-01
3.22196562e-07,1.95698438e-01
3.22236562e-07,1.95698438e-01
3.22276562e-07,1.95704688e-01
3.22316562e-07,1.95689063e-01
3.22356562e-07,1.95721875e-01
3.22396562e-07,1.95653125e-01
3.22436562e-07,1.95900000e-01
3.22476562e-07,1.96160938e-01
3.22516562e-07,1.96062500e-01
3.22556562e-07,1.96126563e-01
3.22596562e-07,1.96078125e-01
3.22636563e-07,1.96117188e-01
3.22676562e-07,1.96084375e-01
3.22716562e-07,1.96112500e-01
3.22756562e-07,1.96089063e-01
3.22796562e-07,1.96107813e-01
3.22836562e-07,1.96093750e-01
3.22876562e-07,1.96103125e-01
3.22916563e-07,1.96100000e-01
3.22956562e-07,1.96095313e-01
3.22996562e-07,1.96115625e-01
3.23036562e-07,1.96059375e-01
3.23076562e-07,1.96293750e-01
3.23116562e-07,1.96568750e-01
3.23156562e-07,1.96456250e-01
3.23196563e-07,1.96534375e-01
3.23236562e-07,1.96470313e-01
3.23276562e-07,1.96526563e-01
3.23316562e-07,1.96475000e-01
3.23356562e-07,1.96523438e-01
3.23396562e-07,1.96478125e-01
3.23436562e-07,1.96521875e-01
3.23476563e-07,1.96478125e-01
3.23516562e-07,1.96521875e-01
3.23556562e-07,1.96479687e-01
3.23596562e-07,1.96520313e-01
3.23636562e-07,1.96478125e-01
3.23676562e-07,1.96521875e-01
3.23716562e-07,1.96478125e-01
3.23756563e-07,1.96523438e-01
3.23796562e-07,1.96476563e-01
3.23836562e-07,1.96525000e-01
3.23876562e-07,1.96473438e-01
3.23916562e-07,1.96529687e-01
3.23956562e-07,1.96464063e-01
3.23996562e-07,1.96545313e-01
3.24036563e-07,1.96429688e-01
3.24076562e-07,1.96723438e-01
3.24116562e-07,1.96939063e-01
3.24156562e-07,1.96885937e-01
3.24196562e-07,1.96904688e-01
3.24236562e-07,1.96900000e-01
3.24276562e-07,1.96896875e-01
3.24316563e-07,1.96906250e-01
3.24356562e-07,1.96892188e-01
3.24396562e-07,1.96910937e-01
3.24436562e-07,1.96887500e-01
3.24476562e-07,1.96914063e-01
3.24516562e-07,1.96884375e-01
3.24556562e-07,1.96918750e-01
3.24596563e-07,1.96878125e-01
3.24636562e-07,1.96928125e-01
3.24676562e-07,1.96860937e-01
3.24716562e-07,1.96964063e-01
3.24756562e-07,1.96682812e-01
3.24796562e-07,1.96456250e-01
3.24836562e-07,1.96520313e-01
3.24876563e-07,1.96490625e-01
3.24916562e-07,1.96504687e-01
3.24956562e-07,1.96500000e-01
3.24996562e-07,1.96498438e-01
3.25036562e-07,1.96504687e-01
3.25076562e-07,1.96493750e-01
3.25116562e-07,1.96509375e-01
3.25156563e-07,1.96489063e-01
3.25196562e-07,1.96514063e-01
3.25236562e-07,1.96481250e-01
3.25276562e-07,1.96525000e-01
3.25316562e-07,1.96465625e-01
3.25356562e-07,1.96560938e-01
3.25396562e-07,1.96285938e-01
3.25436563e-07,1.96053125e-01
3.25476562e-07,1.96121875e-01
3.25516562e-07,1.96087500e-01
3.25556562e-07,1.96106250e-01
3.25596562e-07,1.96098438e-01
3.25636562e-07,1.96096875e-01
3.25676562e-07,1.96106250e-01
3.25716563e-07,1.96089063e-01
3.25756562e-07,1.96117188e-01
3.25796562e-07,1.96071875e-01
3.25836562e-07,1.96153125e-01
3.25876562e-07,1.95892188e-01
3.25916562e-07,1.95646875e-01
3.25956562e-07,1.95728125e-01
3.25996563e-07,1.95681250e-01
3.26036562e-07,1.95712500e-01
3.26076562e-07,1.95692188e-01
3.26116562e-07,1.95704688e-01
3.26156562e-07,1.95700000e-01
3.26196562e-07,1.95696875e-01
3.26236562e-07,1.95709375e-01
3.26276563e-07,1.95679688e-01
3.26316562e-07,1.95745313e-01
3.26356562e-07,1.95501563e-01
3.26396562e-07,1.95237500e-01
3.26436562e-07,1.95339062e-01
3.26476562e-07,1.95270313e-01
3.26516562e-07,1.95325000e-01
3.26556563e-07,1.95278125e-01
3.26596562e-07,1.95320313e-01
3.26636562e-07,1.95281250e-01
3.26676562e-07,1.95318750e-01
3.26716562e-07,1.95281250e-01
3.26756562e-07,1.95320313e-01
3.26796562e-07,1.95276563e-01
3.26836563e-07,1.95326563e-01
3.26876562e-07,1.95264063e-01
3.26916562e-07,1.95360937e-01
3.26956562e-07,1.95085938e-01
3.26996562e-07,1.94851563e-01
3.27036562e-07,1.94925000e-01
3.27076562e-07,1.94882813e-01
3.27116563e-07,1.94910937e-01
3.27156562e-07,1.94890625e-01
3.27196562e-07,1.94906250e-01
3.27236562e-07,1.94895313e-01
3.27276562e-07,1.94904688e-01
3.27316562e-07,1.94896875e-01
3.27356562e-07,1.94901563e-01
3.27396563e-07,1.94900000e-01
3.27436562e-07,1.94898438e-01
3.27476562e-07,1.94904688e-01
3.27516562e-07,1.94890625e-01
3.27556562e-07,1.94918750e-01
3.27596562e-07,1.94856250e-01
3.27636562e-07,1.95095313e-01
3.27676563e-07,1.95367188e-01
3.27716562e-07,1.95254687e-01
3.27756562e-07,1.95335938e-01
3.27796562e-07,1.95267187e-01
3.27836562e-07,1.95332813e-01
3.27876562e-07,1.95267187e-01
3.27916562e-07,1.95334375e-01
3.27956563e-07,1.95260938e-01
3.27996562e-07,1.95348437e-01
3.28036562e-07,1.95225000e-01
3.28076562e-07,1.95528125e-01
3.28116562e-07,1.95732813e-01
3.28156562e-07,1.95692188e-01
3.28196562e-07,1.95695312e-01
3.28236563e-07,1.95712500e-01
3.28276562e-07,1.95679688e-01
3.28316562e-07,1.95732813e-01
3.28356562e-07,1.95639063e-01
3.28396562e-07,1.95915625e-01
3.28436562e-07,1.96143750e-01
3.28476562e-07,1.96081250e-01
3.28516563e-07,1.96106250e-01
3.28556562e-07,1.96103125e-01
3.28596562e-07,1.96087500e-01
3.28636562e-07,1.96125000e-01
3.28676562e-07,1.96048438e-01
3.28716562e-07,1.96307813e-01
3.28756562e-07,1.96553125e-01
3.28796563e-07,1.96473438e-01
3.28836562e-07,1.96514063e-01
3.28876562e-07,1.96495313e-01
3.28916562e-07,1.96496875e-01
3.28956562e-07,1.96515625e-01
3.28996562e-07,1.96456250e-01
3.29036562e-07,1.96698438e-01
3.29076563e-07,1.96962500e-01
3.29116562e-07,1.96864062e-01
3.29156562e-07,1.96925000e-01
3.29196562e-07,1.96881250e-01
3.29236562e-07,1.96912500e-01
3.29276562e-07,1.96892188e-01
3.29316562e-07,1.96901563e-01
3.29356563e-07,1.96909375e-01
3.29396562e-07,1.96864062e-01
3.29436562e-07,1.97089063e-01
3.29476562e-07,1.97373437e-01
3.29516562e-07,1.97250000e-01
3.29556562e-07,1.97340625e-01
3.29596562e-07,1.97262500e-01
3.29636563e-07,1.97335938e-01
3.29676562e-07,1.97260938e-01
3.29716562e-07,1.97346875e-01
3.29756562e-07,1.97231250e-01
3.29796562e-07,1.97520313e-01
3.29836562e-07,1.97742187e-01
3.29876562e-07,1.97679688e-01
3.29916563e-07,1.97712500e-01
3.29956562e-07,1.97690625e-01
3.29996562e-07,1.97707812e-01
3.30036562e-07,1.97690625e-01
3.30076562e-07,1.97710938e-01
3.30116562e-07,1.97684375e-01
3.30156562e-07,1.97723438e-01
3.30196563e-07,1.97651563e-01
3.30236562e-07,1.97901563e-01
3.30276562e-07,1.98160938e-01
3.30316562e-07,1.98062500e-01
3.30356562e-07,1.98129688e-01
3.30396562e-07,1.98075000e-01
3.30436562e-07,1.98121875e-01
3.30476563e-07,1.98079688e-01
3.30516562e-07,1.98118750e-01
3.30556562e-07,1.98081250e-01
3.30596562e-07,1.98118750e-01
3.30636562e-07,1.98081250e-01
3.30676562e-07,1.98118750e-01
3.30716562e-07,1.98079688e-01
3.30756563e-07,1.98121875e-01
3.30796562e-07,1.98075000e-01
3.30836562e-07,1.98128125e-01
3.30876562e-07,1.98062500e-01
3.30916562e-07,1.98162500e-01
3.30956562e-07,1.97884375e-01
3.30996562e-07,1.97651563e-01
3.31036563e-07,1.97725000e-01
3.31076562e-07,1.97682812e-01
3.31116562e-07,1.97714063e-01
3.31156562e-07,1.97687500e-01
3.31196562e-07,1.97715625e-01
3.31236562e-07,1.97676563e-01
3.31276562e-07,1.97745312e-01
3.31316563e-07,1.97503125e-01
3.31356562e-07,1.97231250e-01
3.31396562e-07,1.97346875e-01
3.31436562e-07,1.97257813e-01
3.31476562e-07,1.97342188e-01
3.31516562e-07,1.97250000e-01
3.31556562e-07,1.97375000e-01
3.31596563e-07,1.97073438e-01
3.31636562e-07,1.96865625e-01
3.31676562e-07,1.96909375e-01
3.31716562e-07,1.96901563e-01
3.31756562e-07,1.96890625e-01
3.31796562e-07,1.96917188e-01
3.31836562e-07,1.96871875e-01
3.31876563e-07,1.96954688e-01
3.31916562e-07,1.96690625e-01
3.31956562e-07,1.96448438e-01
3.31996562e-07,1.96526563e-01
3.32036562e-07,1.96484375e-01
3.32076562e-07,1.96509375e-01
3.32116562e-07,1.96496875e-01
3.32156563e-07,1.96498438e-01
3.32196562e-07,1.96507813e-01
3.32236562e-07,1.96481250e-01
3.32276562e-07,1.96545313e-01
3.32316562e-07,1.96301562e-01
3.32356562e-07,1.96037500e-01
3.32396562e-07,1.96139063e-01
3.32436563e-07,1.96070313e-01
3.32476562e-07,1.96123437e-01
3.32516562e-07,1.96079688e-01
3.32556562e-07,1.96118750e-01
3.32596562e-07,1.96082813e-01
3.32636562e-07,1.96117188e-01
3.32676562e-07,1.96084375e-01
3.32716563e-07,1.96115625e-01
3.32756562e-07,1.96084375e-01
3.32796562e-07,1.96115625e-01
3.32836562e-07,1.96082813e-01
3.32876562e-07,1.96117188e-01
3.32916562e-07,1.96081250e-01
3.32956562e-07,1.96121875e-01
3.32996563e-07,1.96073438e-01
3.33036562e-07,1.96135937e-01
3.33076562e-07,1.96039062e-01
3.33116562e-07,1.96314062e-01
3.33156562e-07,1.96550000e-01
3.33196562e-07,1.96475000e-01
3.33236562e-07,1.96517187e-01
3.33276563e-07,1.96489063e-01
3.33316562e-07,1.96509375e-01
3.33356562e-07,1.96493750e-01
3.33396562e-07,1.96506250e-01
3.33436562e-07,1.96495313e-01
3.33476562e-07,1.96504687e-01
3.33516562e-07,1.96496875e-01
3.33556563e-07,1.96503125e-01
3.33596562e-07,1.96496875e-01
3.33636562e-07,1.96503125e-01
3.33676562e-07,1.96496875e-01
3.33716562e-07,1.96503125e-01
3.33756562e-07,1.96496875e-01
3.33796562e-07,1.96504687e-01
3.33836563e-07,1.96495313e-01
3.33876562e-07,1.96506250e-01
3.33916562e-07,1.96492187e-01
3.33956562e-07,1.96509375e-01
3.33996562e-07,1.96485938e-01
3.34036562e-07,1.96523438e-01
3.34076562e-07,1.96453125e-01
3.34116563e-07,1.96700000e-01
3.34156562e-07,1.96964063e-01
3.34196562e-07,1.96857813e-01
3.34236562e-07,1.96934375e-01
3.34276562e-07,1.96867188e-01
3.34316562e-07,1.96934375e-01
3.34356562e-07,1.96857813e-01
3.34396563e-07,1.96965625e-01
3.34436562e-07,1.96681250e-01
3.34476562e-07,1.96454688e-01
3.34516562e-07,1.96521875e-01
3.34556562e-07,1.96487500e-01
3.34596562e-07,1.96507813e-01
3.34636562e-07,1.96495313e-01
3.34676563e-07,1.96503125e-01
3.34716562e-07,1.96498438e-01
3.34756562e-07,1.96500000e-01
3.34796562e-07,1.96500000e-01
3.34836562e-07,1.96500000e-01
3.34876562e-07,1.96501563e-01
3.34916562e-07,1.96498438e-01
3.34956563e-07,1.96503125e-01
3.34996562e-07,1.96496875e-01
3.35036562e-07,1.96504687e-01
3.35076562e-07,1.96495313e-01
3.35116562e-07,1.96506250e-01
3.35156562e-07,1.96492187e-01
3.35196562e-07,1.96509375e-01
3.35236563e-07,1.96489063e-01
3.35276562e-07,1.96514063e-01
3.35316562e-07,1.96481250e-01
3.35356562e-07,1.96529687e-01
3.35396562e-07,1.96446875e-01
3.35436562e-07,1.96706250e-01
3.35476562e-07,1.96954688e-01
3.35516563e-07,1.96868750e-01
3.35556562e-07,1.96921875e-01
3.35596562e-07,1.96882813e-01
3.35636562e-07,1.96914063e-01
3.35676562e-07,1.96887500e-01
3.35716562e-07,1.96910937e-01
3.35756562e-07,1.96890625e-01
3.35796563e-07,1.96909375e-01
3.35836562e-07,1.96892188e-01
3.35876562e-07,1.96907813e-01
3.35916562e-07,1.96892188e-01
3.35956562e-07,1.96906250e-01
3.35996562e-07,1.96893750e-01
