Model,MSO66B
Label,
Waveform Type,ANALOG
Horizontal Units,s
Sample Interval,4.00000000e-11
Record Length,10000
Zero Index,1599.10546875
Vertical Units,A
ANALOG_Thumbnail,
yOffset,1.84500000e-01
yPosition,8.40000000e-01

Labels,
TIME,CH1
-6.39642188e-08,1.89690625e-01
-6.39242187e-08,1.89709375e-01
-6.38842187e-08,1.89690625e-01
-6.38442187e-08,1.89709375e-01
-6.38042187e-08,1.89689063e-01
-6.37642188e-08,1.89710938e-01
-6.37242187e-08,1.89687500e-01
-6.36842188e-08,1.89712500e-01
-6.36442187e-08,1.89685938e-01
-6.36042187e-08,1.89715625e-01
-6.35642187e-08,1.89681250e-01
-6.35242187e-08,1.89725000e-01
-6.34842188e-08,1.89665625e-01
-6.34442187e-08,1.89759375e-01
-6.34042188e-08,1.89487500e-01
-6.33642187e-08,1.89250000e-01
-6.33242187e-08,1.89326563e-01
-6.32842187e-08,1.89282813e-01
-6.32442187e-08,1.89312500e-01
-6.32042188e-08,1.89290625e-01
-6.31642187e-08,1.89307813e-01
-6.31242188e-08,1.89293750e-01
-6.30842187e-08,1.89306250e-01
-6.30442187e-08,1.89293750e-01
-6.30042187e-08,1.89306250e-01
-6.29642187e-08,1.89293750e-01
-6.29242188e-08,1.89306250e-01
-6.28842187e-08,1.89293750e-01
-6.28442187e-08,1.89307813e-01
-6.28042187e-08,1.89289062e-01
-6.27642187e-08,1.89315625e-01
-6.27242187e-08,1.89275000e-01
-6.26842187e-08,1.89348437e-01
-6.26442188e-08,1.89098437e-01
-6.26042187e-08,1.88837500e-01
-6.25642187e-08,1.88939063e-01
-6.25242187e-08,1.88870312e-01
-6.24842187e-08,1.88926563e-01
-6.24442187e-08,1.88875000e-01
-6.24042187e-08,1.88923438e-01
-6.23642188e-08,1.88876563e-01
-6.23242187e-08,1.88925000e-01
-6.22842187e-08,1.88871875e-01
-6.22442187e-08,1.88932813e-01
-6.22042187e-08,1.88857812e-01
-6.21642187e-08,1.88967187e-01
-6.21242187e-08,1.88679687e-01
-6.20842188e-08,1.88457813e-01
-6.20442187e-08,1.88517188e-01
-6.20042187e-08,1.88492188e-01
-6.19642187e-08,1.88501562e-01
-6.19242187e-08,1.88501562e-01
-6.18842187e-08,1.88495313e-01
-6.18442187e-08,1.88509375e-01
-6.18042188e-08,1.88487500e-01
-6.17642187e-08,1.88518750e-01
-6.17242187e-08,1.88470313e-01
-6.16842187e-08,1.88554688e-01
-6.16442187e-08,1.88292188e-01
-6.16042187e-08,1.88046875e-01
-6.15642187e-08,1.88129688e-01
-6.15242188e-08,1.88079688e-01
-6.14842187e-08,1.88114063e-01
-6.14442187e-08,1.88089063e-01
-6.14042187e-08,1.88109375e-01
-6.13642187e-08,1.88092188e-01
-6.13242187e-08,1.88106250e-01
-6.12842187e-08,1.88095313e-01
-6.12442188e-08,1.88104688e-01
-6.12042187e-08,1.88096875e-01
-6.11642187e-08,1.88103125e-01
-6.11242187e-08,1.88098437e-01
-6.10842187e-08,1.88101563e-01
-6.10442187e-08,1.88098437e-01
-6.10042187e-08,1.88100000e-01
-6.09642188e-08,1.88100000e-01
-6.09242187e-08,1.88100000e-01
-6.08842187e-08,1.88100000e-01
-6.08442187e-08,1.88098437e-01
-6.08042187e-08,1.88101563e-01
-6.07642188e-08,1.88098437e-01
-6.07242187e-08,1.88103125e-01
-6.06842188e-08,1.88096875e-01
-6.06442187e-08,1.88103125e-01
-6.06042187e-08,1.88096875e-01
-6.05642187e-08,1.88104688e-01
-6.05242187e-08,1.88095313e-01
-6.04842188e-08,1.88106250e-01
-6.04442187e-08,1.88093750e-01
-6.04042188e-08,1.88107812e-01
-6.03642187e-08,1.88090625e-01
-6.03242187e-08,1.88110938e-01
-6.02842187e-08,1.88087500e-01
-6.02442187e-08,1.88115625e-01
-6.02042188e-08,1.88079688e-01
-6.01642187e-08,1.88131250e-01
-6.01242188e-08,1.88043750e-01
-6.00842187e-08,1.88309375e-01
-6.00442187e-08,1.88553125e-01
-6.00042187e-08,1.88470313e-01
-5.99642187e-08,1.88520313e-01
-5.99242188e-08,1.88485938e-01
-5.98842187e-08,1.88510938e-01
-5.98442188e-08,1.88490625e-01
-5.98042187e-08,1.88507813e-01
-5.97642187e-08,1.88493750e-01
-5.97242187e-08,1.88504688e-01
-5.96842187e-08,1.88495313e-01
-5.96442188e-08,1.88503125e-01
-5.96042187e-08,1.88496875e-01
-5.95642187e-08,1.88503125e-01
-5.95242187e-08,1.88498438e-01
-5.94842187e-08,1.88501562e-01
-5.94442187e-08,1.88498438e-01
-5.94042187e-08,1.88500000e-01
-5.93642187e-08,1.88500000e-01
-5.93242187e-08,1.88498438e-01
-5.92842187e-08,1.88501562e-01
-5.92442187e-08,1.88496875e-01
-5.92042187e-08,1.88503125e-01
-5.91642187e-08,1.88495313e-01
-5.91242187e-08,1.88506250e-01
-5.90842187e-08,1.88492188e-01
-5.90442187e-08,1.88510938e-01
-5.90042187e-08,1.88484375e-01
-5.89642187e-08,1.88526562e-01
-5.89242187e-08,1.88448438e-01
-5.88842187e-08,1.88703125e-01
-5.88442187e-08,1.88957813e-01
-5.88042187e-08,1.88865625e-01
-5.87642187e-08,1.88925000e-01
-5.87242187e-08,1.88879688e-01
-5.86842187e-08,1.88918750e-01
-5.86442187e-08,1.88882812e-01
-5.86042187e-08,1.88915625e-01
-5.85642187e-08,1.88884375e-01
-5.85242187e-08,1.88915625e-01
-5.84842187e-08,1.88884375e-01
-5.84442187e-08,1.88915625e-01
-5.84042187e-08,1.88882812e-01
-5.83642187e-08,1.88920313e-01
-5.83242187e-08,1.88875000e-01
-5.82842187e-08,1.88934375e-01
-5.82442187e-08,1.88840625e-01
-5.82042187e-08,1.89110938e-01
-5.81642187e-08,1.89351563e-01
-5.81242187e-08,1.89273438e-01
-5.80842187e-08,1.89318750e-01
-5.80442187e-08,1.89285938e-01
-5.80042187e-08,1.89310937e-01
-5.79642187e-08,1.89292188e-01
-5.79242187e-08,1.89307813e-01
-5.78842187e-08,1.89293750e-01
-5.78442187e-08,1.89306250e-01
-5.78042187e-08,1.89295313e-01
-5.77642187e-08,1.89304688e-01
-5.77242187e-08,1.89295313e-01
-5.76842187e-08,1.89304688e-01
-5.76442187e-08,1.89296875e-01
-5.76042187e-08,1.89303125e-01
-5.75642187e-08,1.89296875e-01
-5.75242187e-08,1.89303125e-01
-5.74842187e-08,1.89296875e-01
-5.74442187e-08,1.89303125e-01
-5.74042187e-08,1.89296875e-01
-5.73642187e-08,1.89303125e-01
-5.73242187e-08,1.89296875e-01
-5.72842187e-08,1.89303125e-01
-5.72442187e-08,1.89296875e-01
-5.72042187e-08,1.89303125e-01
-5.71642187e-08,1.89296875e-01
-5.71242187e-08,1.89303125e-01
-5.70842187e-08,1.89296875e-01
-5.70442187e-08,1.89303125e-01
-5.70042187e-08,1.89296875e-01
-5.69642187e-08,1.89303125e-01
-5.69242187e-08,1.89296875e-01
-5.68842187e-08,1.89303125e-01
-5.68442187e-08,1.89296875e-01
-5.68042187e-08,1.89303125e-01
-5.67642187e-08,1.89296875e-01
-5.67242187e-08,1.89303125e-01
-5.66842187e-08,1.89296875e-01
-5.66442187e-08,1.89303125e-01
-5.66042187e-08,1.89296875e-01
-5.65642187e-08,1.89303125e-01
-5.65242187e-08,1.89296875e-01
-5.64842187e-08,1.89303125e-01
-5.64442187e-08,1.89296875e-01
-5.64042187e-08,1.89303125e-01
-5.63642187e-08,1.89296875e-01
-5.63242187e-08,1.89303125e-01
-5.62842187e-08,1.89296875e-01
-5.62442187e-08,1.89303125e-01
-5.62042187e-08,1.89296875e-01
-5.61642187e-08,1.89303125e-01
-5.61242187e-08,1.89296875e-01
-5.60842187e-08,1.89303125e-01
-5.60442187e-08,1.89296875e-01
-5.60042187e-08,1.89303125e-01
-5.59642187e-08,1.89296875e-01
-5.59242187e-08,1.89303125e-01
-5.58842187e-08,1.89295313e-01
-5.58442187e-08,1.89304688e-01
-5.58042187e-08,1.89295313e-01
-5.57642187e-08,1.89304688e-01
-5.57242187e-08,1.89295313e-01
-5.56842187e-08,1.89304688e-01
-5.56442187e-08,1.89295313e-01
-5.56042187e-08,1.89304688e-01
-5.55642187e-08,1.89295313e-01
-5.55242187e-08,1.89304688e-01
-5.54842187e-08,1.89295313e-01
-5.54442187e-08,1.89304688e-01
-5.54042187e-08,1.89295313e-01
-5.53642187e-08,1.89304688e-01
-5.53242187e-08,1.89295313e-01
-5.52842187e-08,1.89304688e-01
-5.52442187e-08,1.89295313e-01
-5.52042187e-08,1.89304688e-01
-5.51642187e-08,1.89295313e-01
-5.51242187e-08,1.89306250e-01
-5.50842187e-08,1.89293750e-01
-5.50442187e-08,1.89306250e-01
-5.50042187e-08,1.89293750e-01
-5.49642187e-08,1.89306250e-01
-5.49242187e-08,1.89293750e-01
-5.48842187e-08,1.89306250e-01
-5.48442187e-08,1.89293750e-01
-5.48042187e-08,1.89306250e-01
-5.47642187e-08,1.89293750e-01
-5.47242187e-08,1.89306250e-01
-5.46842187e-08,1.89293750e-01
-5.46442187e-08,1.89306250e-01
-5.46042187e-08,1.89292188e-01
-5.45642187e-08,1.89307813e-01
-5.45242187e-08,1.89292188e-01
-5.44842187e-08,1.89307813e-01
-5.44442187e-08,1.89292188e-01
-5.44042187e-08,1.89307813e-01
-5.43642187e-08,1.89292188e-01
-5.43242187e-08,1.89307813e-01
-5.42842187e-08,1.89290625e-01
-5.42442187e-08,1.89309375e-01
-5.42042187e-08,1.89290625e-01
-5.41642187e-08,1.89309375e-01
-5.41242187e-08,1.89290625e-01
-5.40842187e-08,1.89309375e-01
-5.40442187e-08,1.89289062e-01
-5.40042187e-08,1.89310937e-01
-5.39642187e-08,1.89289062e-01
-5.39242187e-08,1.89310937e-01
-5.38842187e-08,1.89287500e-01
-5.38442187e-08,1.89312500e-01
-5.38042187e-08,1.89285938e-01
-5.37642187e-08,1.89314063e-01
-5.37242187e-08,1.89284375e-01
-5.36842187e-08,1.89315625e-01
-5.36442187e-08,1.89282813e-01
-5.36042187e-08,1.89318750e-01
-5.35642187e-08,1.89278125e-01
-5.35242187e-08,1.89325000e-01
-5.34842187e-08,1.89268750e-01
-5.34442187e-08,1.89340625e-01
-5.34042187e-08,1.89234375e-01
-5.33642188e-08,1.89520313e-01
-5.33242187e-08,1.89742187e-01
-5.32842187e-08,1.89682813e-01
-5.32442187e-08,1.89707813e-01
-5.32042187e-08,1.89698438e-01
-5.31642187e-08,1.89698438e-01
-5.31242187e-08,1.89704687e-01
-5.30842187e-08,1.89692187e-01
-5.30442187e-08,1.89710938e-01
-5.30042187e-08,1.89685938e-01
-5.29642187e-08,1.89718750e-01
-5.29242187e-08,1.89675000e-01
-5.28842187e-08,1.89734375e-01
-5.28442187e-08,1.89639063e-01
-5.28042187e-08,1.89914063e-01
-5.27642187e-08,1.90146875e-01
-5.27242187e-08,1.90078125e-01
-5.26842187e-08,1.90110938e-01
-5.26442187e-08,1.90095313e-01
-5.26042187e-08,1.90100000e-01
-5.25642187e-08,1.90103125e-01
-5.25242187e-08,1.90092188e-01
-5.24842187e-08,1.90112500e-01
-5.24442187e-08,1.90081250e-01
-5.24042187e-08,1.90128125e-01
-5.23642187e-08,1.90045313e-01
-5.23242187e-08,1.90307813e-01
-5.22842187e-08,1.90553125e-01
-5.22442187e-08,1.90471875e-01
-5.22042187e-08,1.90518750e-01
-5.21642187e-08,1.90487500e-01
-5.21242187e-08,1.90509375e-01
-5.20842187e-08,1.90493750e-01
-5.20442187e-08,1.90504688e-01
-5.20042187e-08,1.90496875e-01
-5.19642187e-08,1.90501562e-01
-5.19242187e-08,1.90500000e-01
-5.18842187e-08,1.90498438e-01
-5.18442187e-08,1.90503125e-01
-5.18042187e-08,1.90495313e-01
-5.17642187e-08,1.90506250e-01
-5.17242187e-08,1.90492188e-01
-5.16842187e-08,1.90509375e-01
-5.16442187e-08,1.90489063e-01
-5.16042187e-08,1.90514062e-01
-5.15642187e-08,1.90481250e-01
-5.15242187e-08,1.90523438e-01
-5.14842187e-08,1.90465625e-01
-5.14442188e-08,1.90560937e-01
-5.14042187e-08,1.90285938e-01
-5.13642187e-08,1.90053125e-01
-5.13242187e-08,1.90121875e-01
-5.12842187e-08,1.90089063e-01
-5.12442187e-08,1.90103125e-01
-5.12042187e-08,1.90101563e-01
-5.11642188e-08,1.90092188e-01
-5.11242187e-08,1.90114063e-01
-5.10842187e-08,1.90075000e-01
-5.10442187e-08,1.90151563e-01
-5.10042187e-08,1.89893750e-01
-5.09642187e-08,1.89645312e-01
-5.09242187e-08,1.89729688e-01
-5.08842187e-08,1.89681250e-01
-5.08442187e-08,1.89712500e-01
-5.08042187e-08,1.89692187e-01
-5.07642187e-08,1.89703125e-01
-5.07242187e-08,1.89700000e-01
-5.06842187e-08,1.89695313e-01
-5.06442187e-08,1.89710938e-01
-5.06042187e-08,1.89678125e-01
-5.05642187e-08,1.89748438e-01
-5.05242187e-08,1.89498438e-01
-5.04842187e-08,1.89240625e-01
-5.04442187e-08,1.89334375e-01
-5.04042187e-08,1.89275000e-01
-5.03642187e-08,1.89318750e-01
-5.03242187e-08,1.89284375e-01
-5.02842187e-08,1.89312500e-01
-5.02442187e-08,1.89290625e-01
-5.02042187e-08,1.89307813e-01
-5.01642187e-08,1.89293750e-01
-5.01242187e-08,1.89304688e-01
-5.00842187e-08,1.89296875e-01
-5.00442187e-08,1.89301563e-01
-5.00042187e-08,1.89301563e-01
-4.99642187e-08,1.89295313e-01
-4.99242187e-08,1.89307813e-01
-4.98842187e-08,1.89287500e-01
-4.98442187e-08,1.89323437e-01
-4.98042187e-08,1.89251562e-01
-4.97642187e-08,1.89503125e-01
-4.97242187e-08,1.89759375e-01
-4.96842187e-08,1.89664063e-01
-4.96442187e-08,1.89725000e-01
-4.96042187e-08,1.89679687e-01
-4.95642187e-08,1.89717187e-01
-4.95242188e-08,1.89685938e-01
-4.94842187e-08,1.89712500e-01
-4.94442187e-08,1.89689063e-01
-4.94042187e-08,1.89709375e-01
-4.93642187e-08,1.89692187e-01
-4.93242187e-08,1.89706250e-01
-4.92842187e-08,1.89693750e-01
-4.92442188e-08,1.89704687e-01
-4.92042187e-08,1.89696875e-01
-4.91642187e-08,1.89703125e-01
-4.91242187e-08,1.89698438e-01
-4.90842187e-08,1.89700000e-01
-4.90442187e-08,1.89701563e-01
-4.90042187e-08,1.89695313e-01
-4.89642188e-08,1.89707813e-01
-4.89242187e-08,1.89687500e-01
-4.88842187e-08,1.89723438e-01
-4.88442187e-08,1.89651563e-01
-4.88042187e-08,1.89901563e-01
-4.87642187e-08,1.90160938e-01
-4.87242187e-08,1.90064063e-01
-4.86842187e-08,1.90126563e-01
-4.86442187e-08,1.90078125e-01
-4.86042187e-08,1.90118750e-01
-4.85642187e-08,1.90084375e-01
-4.85242187e-08,1.90114063e-01
-4.84842187e-08,1.90085937e-01
-4.84442187e-08,1.90112500e-01
-4.84042187e-08,1.90089063e-01
-4.83642187e-08,1.90110938e-01
-4.83242187e-08,1.90090625e-01
-4.82842187e-08,1.90109375e-01
-4.82442187e-08,1.90090625e-01
-4.82042187e-08,1.90107813e-01
-4.81642187e-08,1.90092188e-01
-4.81242187e-08,1.90107813e-01
-4.80842187e-08,1.90092188e-01
-4.80442187e-08,1.90107813e-01
-4.80042187e-08,1.90093750e-01
-4.79642187e-08,1.90106250e-01
-4.79242187e-08,1.90093750e-01
-4.78842187e-08,1.90106250e-01
-4.78442187e-08,1.90093750e-01
-4.78042187e-08,1.90106250e-01
-4.77642187e-08,1.90095313e-01
-4.77242187e-08,1.90104688e-01
-4.76842187e-08,1.90095313e-01
-4.76442187e-08,1.90104688e-01
-4.76042188e-08,1.90095313e-01
-4.75642187e-08,1.90104688e-01
-4.75242187e-08,1.90096875e-01
-4.74842187e-08,1.90103125e-01
-4.74442187e-08,1.90096875e-01
-4.74042187e-08,1.90103125e-01
-4.73642187e-08,1.90096875e-01
-4.73242188e-08,1.90103125e-01
-4.72842187e-08,1.90096875e-01
-4.72442187e-08,1.90103125e-01
-4.72042187e-08,1.90098437e-01
-4.71642187e-08,1.90101563e-01
-4.71242187e-08,1.90098437e-01
-4.70842187e-08,1.90101563e-01
-4.70442188e-08,1.90098437e-01
-4.70042187e-08,1.90100000e-01
-4.69642187e-08,1.90100000e-01
-4.69242187e-08,1.90100000e-01
-4.68842187e-08,1.90100000e-01
-4.68442187e-08,1.90100000e-01
-4.68042187e-08,1.90101563e-01
-4.67642188e-08,1.90098437e-01
-4.67242187e-08,1.90101563e-01
-4.66842187e-08,1.90096875e-01
-4.66442187e-08,1.90103125e-01
-4.66042187e-08,1.90095313e-01
-4.65642187e-08,1.90106250e-01
-4.65242187e-08,1.90092188e-01
-4.64842187e-08,1.90109375e-01
-4.64442187e-08,1.90087500e-01
-4.64042187e-08,1.90118750e-01
-4.63642187e-08,1.90071875e-01
-4.63242187e-08,1.90153125e-01
-4.62842187e-08,1.89893750e-01
-4.62442187e-08,1.89643750e-01
-4.62042187e-08,1.89731250e-01
-4.61642187e-08,1.89678125e-01
-4.61242187e-08,1.89717187e-01
-4.60842187e-08,1.89685938e-01
-4.60442187e-08,1.89710938e-01
-4.60042187e-08,1.89690625e-01
-4.59642187e-08,1.89707813e-01
-4.59242187e-08,1.89692187e-01
-4.58842187e-08,1.89706250e-01
-4.58442187e-08,1.89695313e-01
-4.58042187e-08,1.89704687e-01
-4.57642187e-08,1.89696875e-01
-4.57242187e-08,1.89703125e-01
-4.56842188e-08,1.89698438e-01
-4.56442187e-08,1.89701563e-01
-4.56042187e-08,1.89700000e-01
-4.55642187e-08,1.89700000e-01
-4.55242187e-08,1.89701563e-01
-4.54842187e-08,1.89696875e-01
-4.54442187e-08,1.89704687e-01
-4.54042188e-08,1.89693750e-01
-4.53642187e-08,1.89709375e-01
-4.53242187e-08,1.89687500e-01
-4.52842187e-08,1.89717187e-01
-4.52442187e-08,1.89671875e-01
-4.52042187e-08,1.89753125e-01
-4.51642187e-08,1.89492188e-01
-4.51242188e-08,1.89246875e-01
-4.50842187e-08,1.89328125e-01
-4.50442187e-08,1.89282813e-01
-4.50042187e-08,1.89310937e-01
-4.49642187e-08,1.89295313e-01
-4.49242187e-08,1.89296875e-01
-4.48842187e-08,1.89314063e-01
-4.48442188e-08,1.89260938e-01
-4.48042187e-08,1.89493750e-01
-4.47642187e-08,1.89768750e-01
-4.47242187e-08,1.89656250e-01
-4.46842187e-08,1.89734375e-01
-4.46442187e-08,1.89671875e-01
-4.46042187e-08,1.89725000e-01
-4.45642187e-08,1.89676563e-01
-4.45242187e-08,1.89721875e-01
-4.44842187e-08,1.89679687e-01
-4.44442187e-08,1.89718750e-01
-4.44042187e-08,1.89681250e-01
-4.43642187e-08,1.89717187e-01
-4.43242187e-08,1.89682813e-01
-4.42842187e-08,1.89717187e-01
-4.42442187e-08,1.89682813e-01
-4.42042187e-08,1.89717187e-01
-4.41642187e-08,1.89682813e-01
-4.41242187e-08,1.89717187e-01
-4.40842187e-08,1.89682813e-01
-4.40442187e-08,1.89717187e-01
-4.40042187e-08,1.89682813e-01
-4.39642187e-08,1.89718750e-01
-4.39242187e-08,1.89681250e-01
-4.38842187e-08,1.89720313e-01
-4.38442187e-08,1.89678125e-01
-4.38042187e-08,1.89725000e-01
-4.37642188e-08,1.89670312e-01
-4.37242187e-08,1.89739062e-01
-4.36842187e-08,1.89635938e-01
-4.36442187e-08,1.89917188e-01
-4.36042187e-08,1.90145312e-01
-4.35642187e-08,1.90078125e-01
-4.35242187e-08,1.90112500e-01
-4.34842188e-08,1.90092188e-01
-4.34442187e-08,1.90104688e-01
-4.34042187e-08,1.90098437e-01
-4.33642187e-08,1.90101563e-01
-4.33242187e-08,1.90100000e-01
-4.32842187e-08,1.90098437e-01
-4.32442187e-08,1.90101563e-01
-4.32042188e-08,1.90098437e-01
-4.31642187e-08,1.90103125e-01
-4.31242187e-08,1.90096875e-01
-4.30842187e-08,1.90103125e-01
-4.30442187e-08,1.90096875e-01
-4.30042187e-08,1.90104688e-01
-4.29642187e-08,1.90095313e-01
-4.29242188e-08,1.90104688e-01
-4.28842187e-08,1.90095313e-01
-4.28442187e-08,1.90104688e-01
-4.28042187e-08,1.90095313e-01
-4.27642187e-08,1.90106250e-01
-4.27242187e-08,1.90093750e-01
-4.26842187e-08,1.90106250e-01
-4.26442188e-08,1.90093750e-01
-4.26042187e-08,1.90107813e-01
-4.25642187e-08,1.90092188e-01
-4.25242187e-08,1.90109375e-01
-4.24842187e-08,1.90090625e-01
-4.24442187e-08,1.90110938e-01
-4.24042187e-08,1.90087500e-01
-4.23642187e-08,1.90114063e-01
-4.23242187e-08,1.90082813e-01
-4.22842187e-08,1.90121875e-01
-4.22442187e-08,1.90068750e-01
-4.22042187e-08,1.90156250e-01
-4.21642187e-08,1.89890625e-01
-4.21242187e-08,1.89646875e-01
-4.20842187e-08,1.89728125e-01
-4.20442187e-08,1.89681250e-01
-4.20042187e-08,1.89714063e-01
-4.19642187e-08,1.89689063e-01
-4.19242187e-08,1.89709375e-01
-4.18842187e-08,1.89692187e-01
-4.18442188e-08,1.89707813e-01
-4.18042187e-08,1.89693750e-01
-4.17642187e-08,1.89706250e-01
-4.17242187e-08,1.89695313e-01
-4.16842187e-08,1.89704687e-01
-4.16442187e-08,1.89695313e-01
-4.16042187e-08,1.89704687e-01
-4.15642188e-08,1.89695313e-01
-4.15242187e-08,1.89704687e-01
-4.14842187e-08,1.89695313e-01
-4.14442187e-08,1.89704687e-01
-4.14042187e-08,1.89695313e-01
-4.13642187e-08,1.89704687e-01
-4.13242187e-08,1.89695313e-01
-4.12842188e-08,1.89704687e-01
-4.12442187e-08,1.89695313e-01
-4.12042187e-08,1.89704687e-01
-4.11642187e-08,1.89695313e-01
-4.11242187e-08,1.89704687e-01
-4.10842187e-08,1.89693750e-01
-4.10442187e-08,1.89706250e-01
-4.10042188e-08,1.89693750e-01
-4.09642187e-08,1.89707813e-01
-4.09242187e-08,1.89692187e-01
-4.08842187e-08,1.89709375e-01
-4.08442187e-08,1.89689063e-01
-4.08042187e-08,1.89714063e-01
-4.07642187e-08,1.89682813e-01
-4.07242188e-08,1.89721875e-01
-4.06842187e-08,1.89668750e-01
-4.06442187e-08,1.89756250e-01
-4.06042187e-08,1.89489062e-01
-4.05642187e-08,1.89248438e-01
-4.05242187e-08,1.89328125e-01
-4.04842187e-08,1.89282813e-01
-4.04442188e-08,1.89312500e-01
-4.04042187e-08,1.89292188e-01
-4.03642187e-08,1.89306250e-01
-4.03242187e-08,1.89296875e-01
-4.02842187e-08,1.89300000e-01
-4.02442187e-08,1.89303125e-01
-4.02042187e-08,1.89293750e-01
-4.01642187e-08,1.89312500e-01
-4.01242187e-08,1.89278125e-01
-4.00842187e-08,1.89346875e-01
-4.00442187e-08,1.89100000e-01
-4.00042187e-08,1.88839063e-01
-3.99642187e-08,1.88937500e-01
-3.99242188e-08,1.88871875e-01
-3.98842187e-08,1.88921875e-01
-3.98442187e-08,1.88881250e-01
-3.98042187e-08,1.88917188e-01
-3.97642187e-08,1.88884375e-01
-3.97242187e-08,1.88914063e-01
-3.96842187e-08,1.88885938e-01
-3.96442188e-08,1.88912500e-01
-3.96042187e-08,1.88887500e-01
-3.95642187e-08,1.88910938e-01
-3.95242187e-08,1.88889063e-01
-3.94842187e-08,1.88910938e-01
-3.94442187e-08,1.88889063e-01
-3.94042187e-08,1.88909375e-01
-3.93642188e-08,1.88890625e-01
-3.93242187e-08,1.88909375e-01
-3.92842187e-08,1.88890625e-01
-3.92442187e-08,1.88909375e-01
-3.92042187e-08,1.88890625e-01
-3.91642187e-08,1.88909375e-01
-3.91242187e-08,1.88890625e-01
-3.90842188e-08,1.88909375e-01
-3.90442187e-08,1.88890625e-01
-3.90042187e-08,1.88909375e-01
-3.89642187e-08,1.88890625e-01
-3.89242187e-08,1.88907812e-01
-3.88842187e-08,1.88892188e-01
-3.88442187e-08,1.88907812e-01
-3.88042188e-08,1.88892188e-01
-3.87642187e-08,1.88907812e-01
-3.87242187e-08,1.88892188e-01
-3.86842187e-08,1.88907812e-01
-3.86442187e-08,1.88892188e-01
-3.86042187e-08,1.88907812e-01
-3.85642187e-08,1.88892188e-01
-3.85242188e-08,1.88907812e-01
-3.84842187e-08,1.88892188e-01
-3.84442187e-08,1.88907812e-01
-3.84042187e-08,1.88892188e-01
-3.83642187e-08,1.88909375e-01
-3.83242187e-08,1.88890625e-01
-3.82842187e-08,1.88909375e-01
-3.82442188e-08,1.88890625e-01
-3.82042187e-08,1.88909375e-01
-3.81642187e-08,1.88890625e-01
-3.81242187e-08,1.88909375e-01
-3.80842187e-08,1.88890625e-01
-3.80442187e-08,1.88909375e-01
-3.80042188e-08,1.88890625e-01
-3.79642187e-08,1.88909375e-01
-3.79242187e-08,1.88890625e-01
-3.78842187e-08,1.88910938e-01
-3.78442187e-08,1.88889063e-01
-3.78042187e-08,1.88910938e-01
-3.77642187e-08,1.88889063e-01
-3.77242188e-08,1.88910938e-01
-3.76842187e-08,1.88887500e-01
-3.76442187e-08,1.88912500e-01
-3.76042187e-08,1.88887500e-01
-3.75642187e-08,1.88912500e-01
-3.75242187e-08,1.88885938e-01
-3.74842187e-08,1.88914063e-01
-3.74442188e-08,1.88884375e-01
-3.74042187e-08,1.88917188e-01
-3.73642187e-08,1.88881250e-01
-3.73242187e-08,1.88920313e-01
-3.72842187e-08,1.88878125e-01
-3.72442187e-08,1.88925000e-01
-3.72042187e-08,1.88868750e-01
-3.71642188e-08,1.88940625e-01
-3.71242187e-08,1.88832813e-01
-3.70842187e-08,1.89120312e-01
-3.70442187e-08,1.89340625e-01
-3.70042187e-08,1.89282813e-01
-3.69642187e-08,1.89306250e-01
-3.69242187e-08,1.89300000e-01
-3.68842188e-08,1.89295313e-01
-3.68442187e-08,1.89307813e-01
-3.68042187e-08,1.89287500e-01
-3.67642187e-08,1.89317188e-01
-3.67242187e-08,1.89276562e-01
-3.66842187e-08,1.89334375e-01
-3.66442187e-08,1.89239062e-01
-3.66042188e-08,1.89515625e-01
-3.65642187e-08,1.89745313e-01
-3.65242187e-08,1.89679687e-01
-3.64842187e-08,1.89707813e-01
-3.64442187e-08,1.89701563e-01
-3.64042187e-08,1.89690625e-01
-3.63642187e-08,1.89721875e-01
-3.63242188e-08,1.89651563e-01
-3.62842187e-08,1.89903125e-01
-3.62442187e-08,1.90157812e-01
-3.62042187e-08,1.90068750e-01
-3.61642187e-08,1.90120312e-01
-3.61242187e-08,1.90085937e-01
-3.60842188e-08,1.90107813e-01
-3.60442188e-08,1.90096875e-01
-3.60042187e-08,1.90095313e-01
-3.59642187e-08,1.90115625e-01
-3.59242187e-08,1.90059375e-01
-3.58842187e-08,1.90295313e-01
-3.58442187e-08,1.90567188e-01
-3.58042188e-08,1.90457813e-01
-3.57642187e-08,1.90532813e-01
-3.57242187e-08,1.90473438e-01
-3.56842187e-08,1.90523438e-01
-3.56442187e-08,1.90478125e-01
-3.56042187e-08,1.90520313e-01
-3.55642187e-08,1.90481250e-01
-3.55242188e-08,1.90518750e-01
-3.54842187e-08,1.90482813e-01
-3.54442187e-08,1.90517188e-01
-3.54042187e-08,1.90482813e-01
-3.53642187e-08,1.90517188e-01
-3.53242187e-08,1.90481250e-01
-3.52842187e-08,1.90518750e-01
-3.52442188e-08,1.90479687e-01
-3.52042187e-08,1.90521875e-01
-3.51642187e-08,1.90475000e-01
-3.51242187e-08,1.90529688e-01
-3.50842187e-08,1.90460938e-01
-3.50442187e-08,1.90564063e-01
-3.50042187e-08,1.90281250e-01
-3.49642188e-08,1.90056250e-01
-3.49242187e-08,1.90118750e-01
-3.48842187e-08,1.90090625e-01
-3.48442187e-08,1.90103125e-01
-3.48042187e-08,1.90101563e-01
-3.47642187e-08,1.90093750e-01
-3.47242187e-08,1.90112500e-01
-3.46842188e-08,1.90078125e-01
-3.46442187e-08,1.90146875e-01
-3.46042187e-08,1.89900000e-01
-3.45642187e-08,1.89637500e-01
-3.45242187e-08,1.89739062e-01
-3.44842187e-08,1.89668750e-01
-3.44442188e-08,1.89726563e-01
-3.44042188e-08,1.89673438e-01
-3.43642187e-08,1.89729688e-01
-3.43242187e-08,1.89662500e-01
-3.42842187e-08,1.89760938e-01
-3.42442187e-08,1.89487500e-01
-3.42042187e-08,1.89250000e-01
-3.41642188e-08,1.89328125e-01
-3.41242188e-08,1.89281250e-01
-3.40842187e-08,1.89315625e-01
-3.40442187e-08,1.89287500e-01
-3.40042187e-08,1.89312500e-01
-3.39642187e-08,1.89289062e-01
-3.39242187e-08,1.89312500e-01
-3.38842188e-08,1.89287500e-01
-3.38442188e-08,1.89314063e-01
-3.38042187e-08,1.89282813e-01
-3.37642187e-08,1.89321875e-01
-3.37242187e-08,1.89268750e-01
-3.36842187e-08,1.89356250e-01
-3.36442187e-08,1.89090625e-01
-3.36042188e-08,1.88846875e-01
-3.35642187e-08,1.88929687e-01
-3.35242187e-08,1.88879688e-01
-3.34842187e-08,1.88915625e-01
-3.34442187e-08,1.88887500e-01
-3.34042187e-08,1.88910938e-01
-3.33642187e-08,1.88890625e-01
-3.33242188e-08,1.88909375e-01
-3.32842187e-08,1.88892188e-01
-3.32442187e-08,1.88907812e-01
-3.32042187e-08,1.88893750e-01
-3.31642187e-08,1.88906250e-01
-3.31242187e-08,1.88893750e-01
-3.30842187e-08,1.88906250e-01
-3.30442188e-08,1.88893750e-01
-3.30042187e-08,1.88904688e-01
-3.29642187e-08,1.88895312e-01
-3.29242187e-08,1.88904688e-01
-3.28842187e-08,1.88895312e-01
-3.28442187e-08,1.88904688e-01
-3.28042187e-08,1.88895312e-01
-3.27642188e-08,1.88904688e-01
-3.27242187e-08,1.88895312e-01
-3.26842187e-08,1.88904688e-01
-3.26442187e-08,1.88895312e-01
-3.26042187e-08,1.88904688e-01
-3.25642187e-08,1.88895312e-01
-3.25242188e-08,1.88904688e-01
-3.24842188e-08,1.88895312e-01
-3.24442187e-08,1.88904688e-01
-3.24042187e-08,1.88895312e-01
-3.23642187e-08,1.88904688e-01
-3.23242187e-08,1.88895312e-01
-3.22842187e-08,1.88904688e-01
-3.22442188e-08,1.88895312e-01
-3.22042188e-08,1.88904688e-01
-3.21642187e-08,1.88895312e-01
-3.21242187e-08,1.88904688e-01
-3.20842187e-08,1.88895312e-01
-3.20442187e-08,1.88904688e-01
-3.20042187e-08,1.88895312e-01
-3.19642188e-08,1.88904688e-01
-3.19242188e-08,1.88895312e-01
-3.18842187e-08,1.88904688e-01
-3.18442187e-08,1.88895312e-01
-3.18042187e-08,1.88904688e-01
-3.17642187e-08,1.88895312e-01
-3.17242187e-08,1.88904688e-01
-3.16842188e-08,1.88893750e-01
-3.16442187e-08,1.88906250e-01
-3.16042187e-08,1.88893750e-01
-3.15642187e-08,1.88906250e-01
-3.15242187e-08,1.88893750e-01
-3.14842187e-08,1.88906250e-01
-3.14442187e-08,1.88893750e-01
-3.14042188e-08,1.88906250e-01
-3.13642187e-08,1.88893750e-01
-3.13242187e-08,1.88907812e-01
-3.12842187e-08,1.88892188e-01
-3.12442187e-08,1.88907812e-01
-3.12042187e-08,1.88892188e-01
-3.11642187e-08,1.88909375e-01
-3.11242188e-08,1.88890625e-01
-3.10842187e-08,1.88909375e-01
-3.10442187e-08,1.88889063e-01
-3.10042187e-08,1.88910938e-01
-3.09642187e-08,1.88887500e-01
-3.09242187e-08,1.88914063e-01
-3.08842187e-08,1.88884375e-01
-3.08442188e-08,1.88917188e-01
-3.08042187e-08,1.88879688e-01
-3.07642187e-08,1.88926563e-01
-3.07242187e-08,1.88864063e-01
-3.06842187e-08,1.88960938e-01
-3.06442187e-08,1.88685938e-01
-3.06042188e-08,1.88453125e-01
-3.05642188e-08,1.88523438e-01
-3.05242187e-08,1.88485938e-01
-3.04842187e-08,1.88507813e-01
-3.04442187e-08,1.88495313e-01
-3.04042187e-08,1.88501562e-01
-3.03642187e-08,1.88500000e-01
-3.03242188e-08,1.88498438e-01
-3.02842188e-08,1.88504688e-01
-3.02442187e-08,1.88493750e-01
-3.02042187e-08,1.88509375e-01
-3.01642187e-08,1.88487500e-01
-3.01242187e-08,1.88518750e-01
-3.00842187e-08,1.88471875e-01
-3.00442188e-08,1.88553125e-01
-3.00042188e-08,1.88292188e-01
-2.99642187e-08,1.88045313e-01
-2.99242187e-08,1.88131250e-01
-2.98842187e-08,1.88079688e-01
-2.98442187e-08,1.88115625e-01
-2.98042187e-08,1.88087500e-01
-2.97642187e-08,1.88109375e-01
-2.97242187e-08,1.88092188e-01
-2.96842187e-08,1.88106250e-01
-2.96442187e-08,1.88093750e-01
-2.96042187e-08,1.88104688e-01
-2.95642187e-08,1.88096875e-01
-2.95242187e-08,1.88103125e-01
-2.94842187e-08,1.88098437e-01
-2.94442187e-08,1.88101563e-01
-2.94042187e-08,1.88100000e-01
-2.93642187e-08,1.88098437e-01
-2.93242187e-08,1.88101563e-01
-2.92842187e-08,1.88096875e-01
-2.92442187e-08,1.88104688e-01
-2.92042187e-08,1.88092188e-01
-2.91642187e-08,1.88110938e-01
-2.91242187e-08,1.88084375e-01
-2.90842187e-08,1.88125000e-01
-2.90442187e-08,1.88050000e-01
-2.90042187e-08,1.88303125e-01
-2.89642187e-08,1.88559375e-01
-2.89242187e-08,1.88464063e-01
-2.88842187e-08,1.88526562e-01
-2.88442187e-08,1.88476562e-01
-2.88042187e-08,1.88520313e-01
-2.87642187e-08,1.88479687e-01
-2.87242187e-08,1.88521875e-01
-2.86842187e-08,1.88475000e-01
-2.86442187e-08,1.88532813e-01
-2.86042187e-08,1.88443750e-01
-2.85642187e-08,1.88707813e-01
-2.85242187e-08,1.88956250e-01
-2.84842187e-08,1.88865625e-01
-2.84442187e-08,1.88926563e-01
-2.84042187e-08,1.88876563e-01
-2.83642187e-08,1.88925000e-01
-2.83242187e-08,1.88871875e-01
-2.82842187e-08,1.88937500e-01
-2.82442187e-08,1.88839063e-01
-2.82042187e-08,1.89114063e-01
-2.81642187e-08,1.89348437e-01
-2.81242187e-08,1.89276562e-01
-2.80842187e-08,1.89314063e-01
-2.80442187e-08,1.89290625e-01
-2.80042187e-08,1.89304688e-01
-2.79642187e-08,1.89298437e-01
-2.79242187e-08,1.89298437e-01
-2.78842187e-08,1.89306250e-01
-2.78442187e-08,1.89287500e-01
-2.78042187e-08,1.89321875e-01
-2.77642187e-08,1.89253125e-01
-2.77242187e-08,1.89501562e-01
-2.76842187e-08,1.89760938e-01
-2.76442187e-08,1.89664063e-01
-2.76042187e-08,1.89726563e-01
-2.75642187e-08,1.89678125e-01
-2.75242187e-08,1.89718750e-01
-2.74842187e-08,1.89684375e-01
-2.74442187e-08,1.89714063e-01
-2.74042187e-08,1.89685938e-01
-2.73642187e-08,1.89712500e-01
-2.73242187e-08,1.89689063e-01
-2.72842187e-08,1.89710938e-01
-2.72442187e-08,1.89689063e-01
-2.72042187e-08,1.89709375e-01
-2.71642187e-08,1.89690625e-01
-2.71242187e-08,1.89709375e-01
-2.70842187e-08,1.89692187e-01
-2.70442187e-08,1.89707813e-01
-2.70042187e-08,1.89692187e-01
-2.69642187e-08,1.89707813e-01
-2.69242187e-08,1.89692187e-01
-2.68842187e-08,1.89707813e-01
-2.68442187e-08,1.89692187e-01
-2.68042187e-08,1.89706250e-01
-2.67642187e-08,1.89693750e-01
-2.67242187e-08,1.89706250e-01
-2.66842187e-08,1.89693750e-01
-2.66442187e-08,1.89706250e-01
-2.66042187e-08,1.89693750e-01
-2.65642187e-08,1.89706250e-01
-2.65242187e-08,1.89693750e-01
-2.64842187e-08,1.89704687e-01
-2.64442187e-08,1.89695313e-01
-2.64042187e-08,1.89704687e-01
-2.63642187e-08,1.89695313e-01
-2.63242187e-08,1.89704687e-01
-2.62842187e-08,1.89695313e-01
-2.62442187e-08,1.89704687e-01
-2.62042187e-08,1.89696875e-01
-2.61642187e-08,1.89703125e-01
-2.61242187e-08,1.89696875e-01
-2.60842187e-08,1.89703125e-01
-2.60442187e-08,1.89698438e-01
-2.60042187e-08,1.89701563e-01
-2.59642187e-08,1.89700000e-01
-2.59242187e-08,1.89698438e-01
-2.58842187e-08,1.89703125e-01
-2.58442187e-08,1.89693750e-01
-2.58042188e-08,1.89710938e-01
-2.57642187e-08,1.89679687e-01
-2.57242187e-08,1.89745313e-01
-2.56842187e-08,1.89501562e-01
-2.56442187e-08,1.89235938e-01
-2.56042187e-08,1.89340625e-01
-2.55642187e-08,1.89268750e-01
-2.55242187e-08,1.89326563e-01
-2.54842187e-08,1.89276562e-01
-2.54442187e-08,1.89321875e-01
-2.54042187e-08,1.89279688e-01
-2.53642187e-08,1.89320313e-01
-2.53242187e-08,1.89281250e-01
-2.52842187e-08,1.89318750e-01
-2.52442187e-08,1.89281250e-01
-2.52042187e-08,1.89318750e-01
-2.51642187e-08,1.89281250e-01
-2.51242187e-08,1.89320313e-01
-2.50842187e-08,1.89279688e-01
-2.50442187e-08,1.89321875e-01
-2.50042187e-08,1.89276562e-01
-2.49642187e-08,1.89325000e-01
-2.49242187e-08,1.89271875e-01
-2.48842187e-08,1.89334375e-01
-2.48442188e-08,1.89256250e-01
-2.48042187e-08,1.89368750e-01
-2.47642187e-08,1.89078125e-01
-2.47242187e-08,1.88860938e-01
-2.46842187e-08,1.88915625e-01
-2.46442187e-08,1.88895312e-01
-2.46042187e-08,1.88900000e-01
-2.45642187e-08,1.88904688e-01
-2.45242187e-08,1.88892188e-01
-2.44842187e-08,1.88909375e-01
-2.44442187e-08,1.88887500e-01
-2.44042187e-08,1.88915625e-01
-2.43642187e-08,1.88879688e-01
-2.43242187e-08,1.88926563e-01
-2.42842187e-08,1.88864063e-01
-2.42442187e-08,1.88962500e-01
-2.42042187e-08,1.88684375e-01
-2.41642187e-08,1.88454687e-01
-2.41242187e-08,1.88520313e-01
-2.40842187e-08,1.88489062e-01
-2.40442187e-08,1.88504688e-01
-2.40042187e-08,1.88500000e-01
-2.39642187e-08,1.88495313e-01
-2.39242187e-08,1.88507813e-01
-2.38842188e-08,1.88487500e-01
-2.38442187e-08,1.88518750e-01
-2.38042187e-08,1.88470313e-01
-2.37642187e-08,1.88556250e-01
-2.37242187e-08,1.88290625e-01
-2.36842187e-08,1.88048437e-01
-2.36442187e-08,1.88126563e-01
-2.36042188e-08,1.88084375e-01
-2.35642187e-08,1.88109375e-01
-2.35242187e-08,1.88095313e-01
-2.34842187e-08,1.88101563e-01
-2.34442187e-08,1.88103125e-01
-2.34042187e-08,1.88092188e-01
-2.33642187e-08,1.88114063e-01
-2.33242187e-08,1.88076563e-01
-2.32842187e-08,1.88150000e-01
-2.32442187e-08,1.87895312e-01
-2.32042187e-08,1.87642188e-01
-2.31642187e-08,1.87732813e-01
-2.31242187e-08,1.87676563e-01
-2.30842187e-08,1.87717187e-01
-2.30442187e-08,1.87685938e-01
-2.30042187e-08,1.87710938e-01
-2.29642187e-08,1.87692187e-01
-2.29242188e-08,1.87706250e-01
-2.28842187e-08,1.87696875e-01
-2.28442187e-08,1.87701563e-01
-2.28042187e-08,1.87701563e-01
-2.27642187e-08,1.87695313e-01
-2.27242187e-08,1.87710938e-01
-2.26842187e-08,1.87679687e-01
-2.26442188e-08,1.87746875e-01
-2.26042187e-08,1.87500000e-01
-2.25642187e-08,1.87237500e-01
-2.25242187e-08,1.87337500e-01
-2.24842187e-08,1.87271875e-01
-2.24442187e-08,1.87323437e-01
-2.24042187e-08,1.87279688e-01
-2.23642187e-08,1.87318750e-01
-2.23242187e-08,1.87282813e-01
-2.22842187e-08,1.87315625e-01
-2.22442187e-08,1.87285937e-01
-2.22042187e-08,1.87314063e-01
-2.21642187e-08,1.87287500e-01
-2.21242187e-08,1.87312500e-01
-2.20842187e-08,1.87287500e-01
-2.20442187e-08,1.87310937e-01
-2.20042187e-08,1.87289063e-01
-2.19642188e-08,1.87310937e-01
-2.19242187e-08,1.87289063e-01
-2.18842187e-08,1.87310937e-01
-2.18442187e-08,1.87289063e-01
-2.18042187e-08,1.87310937e-01
-2.17642187e-08,1.87289063e-01
-2.17242187e-08,1.87310937e-01
-2.16842188e-08,1.87289063e-01
-2.16442187e-08,1.87310937e-01
-2.16042187e-08,1.87287500e-01
-2.15642187e-08,1.87312500e-01
-2.15242187e-08,1.87285937e-01
-2.14842187e-08,1.87315625e-01
-2.14442187e-08,1.87282813e-01
-2.14042187e-08,1.87320313e-01
-2.13642187e-08,1.87275000e-01
-2.13242187e-08,1.87334375e-01
-2.12842187e-08,1.87242188e-01
-2.12442187e-08,1.87510938e-01
-2.12042187e-08,1.87751562e-01
-2.11642187e-08,1.87671875e-01
-2.11242187e-08,1.87718750e-01
-2.10842187e-08,1.87685938e-01
-2.10442187e-08,1.87710938e-01
-2.10042188e-08,1.87690625e-01
-2.09642187e-08,1.87709375e-01
-2.09242187e-08,1.87692187e-01
-2.08842187e-08,1.87707813e-01
-2.08442187e-08,1.87690625e-01
-2.08042187e-08,1.87709375e-01
-2.07642187e-08,1.87689063e-01
-2.07242188e-08,1.87714063e-01
-2.06842187e-08,1.87681250e-01
-2.06442187e-08,1.87728125e-01
-2.06042187e-08,1.87648438e-01
-2.05642187e-08,1.87904688e-01
-2.05242187e-08,1.88157813e-01
-2.04842187e-08,1.88065625e-01
-2.04442188e-08,1.88125000e-01
-2.04042187e-08,1.88079688e-01
-2.03642187e-08,1.88118750e-01
-2.03242187e-08,1.88082813e-01
-2.02842187e-08,1.88115625e-01
-2.02442187e-08,1.88084375e-01
-2.02042187e-08,1.88115625e-01
-2.01642187e-08,1.88084375e-01
-2.01242187e-08,1.88117188e-01
-2.00842187e-08,1.88081250e-01
-2.00442188e-08,1.88121875e-01
-2.00042187e-08,1.88073437e-01
-1.99642187e-08,1.88135938e-01
-1.99242187e-08,1.88039063e-01
-1.98842187e-08,1.88314063e-01
-1.98442187e-08,1.88548437e-01
-1.98042187e-08,1.88475000e-01
-1.97642188e-08,1.88515625e-01
-1.97242187e-08,1.88489062e-01
-1.96842187e-08,1.88507813e-01
-1.96442187e-08,1.88493750e-01
-1.96042187e-08,1.88504688e-01
-1.95642187e-08,1.88496875e-01
-1.95242187e-08,1.88503125e-01
-1.94842188e-08,1.88496875e-01
-1.94442187e-08,1.88501562e-01
-1.94042187e-08,1.88498438e-01
-1.93642187e-08,1.88501562e-01
-1.93242187e-08,1.88500000e-01
-1.92842187e-08,1.88500000e-01
-1.92442187e-08,1.88500000e-01
-1.92042187e-08,1.88500000e-01
-1.91642187e-08,1.88500000e-01
-1.91242187e-08,1.88500000e-01
-1.90842188e-08,1.88500000e-01
-1.90442187e-08,1.88500000e-01
-1.90042187e-08,1.88500000e-01
-1.89642187e-08,1.88498438e-01
-1.89242187e-08,1.88501562e-01
-1.88842187e-08,1.88498438e-01
-1.88442187e-08,1.88501562e-01
-1.88042188e-08,1.88498438e-01
-1.87642187e-08,1.88501562e-01
-1.87242187e-08,1.88498438e-01
-1.86842187e-08,1.88501562e-01
-1.86442187e-08,1.88498438e-01
-1.86042187e-08,1.88501562e-01
-1.85642187e-08,1.88498438e-01
-1.85242188e-08,1.88501562e-01
-1.84842187e-08,1.88498438e-01
-1.84442187e-08,1.88501562e-01
-1.84042187e-08,1.88498438e-01
-1.83642187e-08,1.88501562e-01
-1.83242187e-08,1.88498438e-01
-1.82842187e-08,1.88501562e-01
-1.82442188e-08,1.88498438e-01
-1.82042187e-08,1.88501562e-01
-1.81642187e-08,1.88496875e-01
-1.81242188e-08,1.88503125e-01
-1.80842187e-08,1.88496875e-01
-1.80442187e-08,1.88503125e-01
-1.80042187e-08,1.88496875e-01
-1.79642187e-08,1.88503125e-01
-1.79242187e-08,1.88496875e-01
-1.78842187e-08,1.88503125e-01
-1.78442188e-08,1.88496875e-01
-1.78042187e-08,1.88503125e-01
-1.77642187e-08,1.88496875e-01
-1.77242187e-08,1.88503125e-01
-1.76842187e-08,1.88496875e-01
-1.76442187e-08,1.88503125e-01
-1.76042187e-08,1.88496875e-01
-1.75642188e-08,1.88503125e-01
-1.75242187e-08,1.88495313e-01
-1.74842187e-08,1.88504688e-01
-1.74442187e-08,1.88495313e-01
-1.74042187e-08,1.88504688e-01
-1.73642187e-08,1.88495313e-01
-1.73242187e-08,1.88504688e-01
-1.72842188e-08,1.88495313e-01
-1.72442187e-08,1.88506250e-01
-1.72042187e-08,1.88493750e-01
-1.71642188e-08,1.88506250e-01
-1.71242187e-08,1.88493750e-01
-1.70842187e-08,1.88507813e-01
-1.70442187e-08,1.88492188e-01
-1.70042187e-08,1.88507813e-01
-1.69642187e-08,1.88490625e-01
-1.69242187e-08,1.88509375e-01
-1.68842188e-08,1.88489062e-01
-1.68442187e-08,1.88512500e-01
-1.68042187e-08,1.88484375e-01
-1.67642187e-08,1.88518750e-01
-1.67242187e-08,1.88476562e-01
-1.66842187e-08,1.88532813e-01
-1.66442187e-08,1.88442187e-01
-1.66042188e-08,1.88710938e-01
-1.65642187e-08,1.88950000e-01
-1.65242187e-08,1.88873438e-01
-1.64842187e-08,1.88917188e-01
-1.64442187e-08,1.88887500e-01
-1.64042187e-08,1.88909375e-01
-1.63642187e-08,1.88893750e-01
-1.63242188e-08,1.88904688e-01
-1.62842187e-08,1.88896875e-01
-1.62442187e-08,1.88901563e-01
-1.62042188e-08,1.88898438e-01
-1.61642187e-08,1.88900000e-01
-1.61242187e-08,1.88901563e-01
-1.60842187e-08,1.88898438e-01
-1.60442188e-08,1.88903125e-01
-1.60042187e-08,1.88895312e-01
-1.59642187e-08,1.88906250e-01
-1.59242188e-08,1.88890625e-01
-1.58842187e-08,1.88912500e-01
-1.58442187e-08,1.88882812e-01
-1.58042187e-08,1.88928125e-01
-1.57642187e-08,1.88846875e-01
-1.57242187e-08,1.89106250e-01
-1.56842187e-08,1.89356250e-01
-1.56442188e-08,1.89267188e-01
-1.56042187e-08,1.89323437e-01
-1.55642187e-08,1.89282813e-01
-1.55242187e-08,1.89314063e-01
-1.54842187e-08,1.89287500e-01
-1.54442187e-08,1.89310937e-01
-1.54042187e-08,1.89290625e-01
-1.53642188e-08,1.89307813e-01
-1.53242187e-08,1.89292188e-01
-1.52842187e-08,1.89307813e-01
-1.52442188e-08,1.89293750e-01
-1.52042187e-08,1.89306250e-01
-1.51642187e-08,1.89293750e-01
-1.51242187e-08,1.89304688e-01
-1.50842188e-08,1.89295313e-01
-1.50442187e-08,1.89304688e-01
-1.50042187e-08,1.89295313e-01
-1.49642188e-08,1.89304688e-01
-1.49242187e-08,1.89296875e-01
-1.48842187e-08,1.89303125e-01
-1.48442187e-08,1.89296875e-01
-1.48042187e-08,1.89303125e-01
-1.47642187e-08,1.89296875e-01
-1.47242187e-08,1.89303125e-01
-1.46842187e-08,1.89296875e-01
-1.46442187e-08,1.89301563e-01
-1.46042187e-08,1.89298437e-01
-1.45642187e-08,1.89301563e-01
-1.45242187e-08,1.89298437e-01
-1.44842187e-08,1.89301563e-01
-1.44442187e-08,1.89298437e-01
-1.44042187e-08,1.89301563e-01
-1.43642187e-08,1.89298437e-01
-1.43242187e-08,1.89300000e-01
-1.42842187e-08,1.89300000e-01
-1.42442187e-08,1.89300000e-01
-1.42042187e-08,1.89300000e-01
-1.41642187e-08,1.89300000e-01
-1.41242187e-08,1.89301563e-01
-1.40842187e-08,1.89298437e-01
-1.40442187e-08,1.89301563e-01
-1.40042187e-08,1.89298437e-01
-1.39642187e-08,1.89303125e-01
-1.39242187e-08,1.89296875e-01
-1.38842187e-08,1.89304688e-01
-1.38442187e-08,1.89295313e-01
-1.38042187e-08,1.89306250e-01
-1.37642187e-08,1.89292188e-01
-1.37242187e-08,1.89309375e-01
-1.36842187e-08,1.89287500e-01
-1.36442187e-08,1.89318750e-01
-1.36042187e-08,1.89271875e-01
-1.35642187e-08,1.89353125e-01
-1.35242187e-08,1.89093750e-01
-1.34842187e-08,1.88843750e-01
-1.34442187e-08,1.88932813e-01
-1.34042187e-08,1.88876563e-01
-1.33642187e-08,1.88917188e-01
-1.33242187e-08,1.88885938e-01
-1.32842187e-08,1.88912500e-01
-1.32442187e-08,1.88889063e-01
-1.32042187e-08,1.88909375e-01
-1.31642187e-08,1.88890625e-01
-1.31242188e-08,1.88907812e-01
-1.30842187e-08,1.88892188e-01
-1.30442187e-08,1.88906250e-01
-1.30042187e-08,1.88893750e-01
-1.29642187e-08,1.88906250e-01
-1.29242187e-08,1.88895312e-01
-1.28842187e-08,1.88904688e-01
-1.28442187e-08,1.88895312e-01
-1.28042187e-08,1.88904688e-01
-1.27642187e-08,1.88896875e-01
-1.27242187e-08,1.88903125e-01
-1.26842187e-08,1.88896875e-01
-1.26442188e-08,1.88903125e-01
-1.26042187e-08,1.88896875e-01
-1.25642187e-08,1.88901563e-01
-1.25242187e-08,1.88898438e-01
-1.24842187e-08,1.88901563e-01
-1.24442187e-08,1.88900000e-01
-1.24042187e-08,1.88900000e-01
-1.23642187e-08,1.88901563e-01
-1.23242187e-08,1.88898438e-01
-1.22842187e-08,1.88903125e-01
-1.22442187e-08,1.88895312e-01
-1.22042187e-08,1.88906250e-01
-1.21642188e-08,1.88892188e-01
-1.21242187e-08,1.88910938e-01
-1.20842187e-08,1.88882812e-01
-1.20442187e-08,1.88926563e-01
-1.20042187e-08,1.88848438e-01
-1.19642187e-08,1.89106250e-01
-1.19242187e-08,1.89356250e-01
-1.18842187e-08,1.89268750e-01
-1.18442187e-08,1.89320313e-01
-1.18042187e-08,1.89285938e-01
-1.17642187e-08,1.89309375e-01
-1.17242187e-08,1.89295313e-01
-1.16842188e-08,1.89298437e-01
-1.16442187e-08,1.89312500e-01
-1.16042187e-08,1.89262500e-01
-1.15642187e-08,1.89490625e-01
-1.15242187e-08,1.89770313e-01
-1.14842187e-08,1.89653125e-01
-1.14442187e-08,1.89737500e-01
-1.14042187e-08,1.89667188e-01
-1.13642187e-08,1.89731250e-01
-1.13242187e-08,1.89670312e-01
-1.12842187e-08,1.89729688e-01
-1.12442187e-08,1.89668750e-01
-1.12042188e-08,1.89732813e-01
-1.11642187e-08,1.89662500e-01
-1.11242187e-08,1.89745313e-01
-1.10842187e-08,1.89629688e-01
-1.10442187e-08,1.89921875e-01
-1.10042187e-08,1.90140625e-01
-1.09642187e-08,1.90082813e-01
-1.09242188e-08,1.90107813e-01
-1.08842187e-08,1.90096875e-01
-1.08442187e-08,1.90100000e-01
-1.08042187e-08,1.90101563e-01
-1.07642187e-08,1.90096875e-01
-1.07242188e-08,1.90104688e-01
-1.06842187e-08,1.90095313e-01
-1.06442187e-08,1.90106250e-01
-1.06042187e-08,1.90093750e-01
-1.05642187e-08,1.90106250e-01
-1.05242187e-08,1.90093750e-01
-1.04842187e-08,1.90107813e-01
-1.04442188e-08,1.90092188e-01
-1.04042187e-08,1.90107813e-01
-1.03642187e-08,1.90092188e-01
-1.03242187e-08,1.90107813e-01
-1.02842187e-08,1.90090625e-01
-1.02442188e-08,1.90109375e-01
-1.02042187e-08,1.90090625e-01
-1.01642187e-08,1.90109375e-01
-1.01242187e-08,1.90090625e-01
-1.00842187e-08,1.90110938e-01
-1.00442187e-08,1.90089063e-01
-1.00042187e-08,1.90112500e-01
-9.96421875e-09,1.90087500e-01
-9.92421875e-09,1.90114063e-01
-9.88421875e-09,1.90084375e-01
-9.84421875e-09,1.90118750e-01
-9.80421875e-09,1.90076563e-01
-9.76421875e-09,1.90131250e-01
-9.72421875e-09,1.90043750e-01
-9.68421875e-09,1.90307813e-01
-9.64421875e-09,1.90556250e-01
-9.60421875e-09,1.90464063e-01
-9.56421875e-09,1.90531250e-01
-9.52421875e-09,1.90464063e-01
-9.48421875e-09,1.90556250e-01
-9.44421875e-09,1.90292188e-01
-9.40421875e-09,1.90043750e-01
-9.36421875e-09,1.90134375e-01
-9.32421875e-09,1.90073437e-01
-9.28421875e-09,1.90121875e-01
-9.24421875e-09,1.90079688e-01
-9.20421875e-09,1.90120312e-01
-9.16421875e-09,1.90081250e-01
-9.12421875e-09,1.90120312e-01
-9.08421875e-09,1.90079688e-01
-9.04421875e-09,1.90120312e-01
-9.00421875e-09,1.90078125e-01
-8.96421875e-09,1.90125000e-01
-8.92421875e-09,1.90071875e-01
-8.88421875e-09,1.90132812e-01
-8.84421875e-09,1.90056250e-01
-8.80421875e-09,1.90168750e-01
-8.76421875e-09,1.89878125e-01
-8.72421875e-09,1.89660938e-01
-8.68421875e-09,1.89714063e-01
-8.64421875e-09,1.89696875e-01
-8.60421875e-09,1.89696875e-01
-8.56421875e-09,1.89707813e-01
-8.52421875e-09,1.89685938e-01
-8.48421875e-09,1.89720313e-01
-8.44421875e-09,1.89668750e-01
-8.40421875e-09,1.89757813e-01
-8.36421875e-09,1.89489062e-01
-8.32421875e-09,1.89250000e-01
-8.28421875e-09,1.89325000e-01
-8.24421875e-09,1.89285938e-01
-8.20421875e-09,1.89307813e-01
-8.16421875e-09,1.89295313e-01
-8.12421875e-09,1.89300000e-01
-8.08421875e-09,1.89303125e-01
-8.04421875e-09,1.89292188e-01
-8.00421875e-09,1.89314063e-01
-7.96421875e-09,1.89275000e-01
-7.92421875e-09,1.89350000e-01
-7.88421875e-09,1.89096875e-01
-7.84421875e-09,1.88842188e-01
-7.80421875e-09,1.88934375e-01
-7.76421875e-09,1.88875000e-01
-7.72421875e-09,1.88918750e-01
-7.68421875e-09,1.88884375e-01
-7.64421875e-09,1.88914063e-01
-7.60421875e-09,1.88887500e-01
-7.56421875e-09,1.88910938e-01
-7.52421875e-09,1.88889063e-01
-7.48421875e-09,1.88909375e-01
-7.44421875e-09,1.88890625e-01
-7.40421875e-09,1.88909375e-01
-7.36421875e-09,1.88890625e-01
-7.32421875e-09,1.88909375e-01
-7.28421875e-09,1.88890625e-01
-7.24421875e-09,1.88910938e-01
-7.20421875e-09,1.88889063e-01
-7.16421875e-09,1.88912500e-01
-7.12421875e-09,1.88884375e-01
-7.08421875e-09,1.88920313e-01
-7.04421875e-09,1.88870312e-01
-7.00421875e-09,1.88954687e-01
-6.96421875e-09,1.88692187e-01
-6.92421875e-09,1.88443750e-01
-6.88421875e-09,1.88531250e-01
-6.84421875e-09,1.88476562e-01
-6.80421875e-09,1.88518750e-01
-6.76421875e-09,1.88484375e-01
-6.72421875e-09,1.88514062e-01
-6.68421875e-09,1.88487500e-01
-6.64421875e-09,1.88512500e-01
-6.60421875e-09,1.88489062e-01
-6.56421875e-09,1.88510938e-01
-6.52421875e-09,1.88489062e-01
-6.48421875e-09,1.88510938e-01
-6.44421875e-09,1.88489062e-01
-6.40421875e-09,1.88512500e-01
-6.36421875e-09,1.88487500e-01
-6.32421875e-09,1.88514062e-01
-6.28421875e-09,1.88485938e-01
-6.24421875e-09,1.88517188e-01
-6.20421875e-09,1.88479687e-01
-6.16421875e-09,1.88525000e-01
-6.12421875e-09,1.88465625e-01
-6.08421875e-09,1.88559375e-01
-6.04421875e-09,1.88289062e-01
-6.00421875e-09,1.88048437e-01
-5.96421875e-09,1.88128125e-01
-5.92421875e-09,1.88081250e-01
-5.88421875e-09,1.88114063e-01
-5.84421875e-09,1.88089063e-01
-5.80421875e-09,1.88109375e-01
-5.76421875e-09,1.88090625e-01
-5.72421875e-09,1.88109375e-01
-5.68421875e-09,1.88090625e-01
-5.64421875e-09,1.88110938e-01
-5.60421875e-09,1.88087500e-01
-5.56421875e-09,1.88117188e-01
-5.52421875e-09,1.88073437e-01
-5.48421875e-09,1.88151563e-01
-5.44421875e-09,1.87896875e-01
-5.40421875e-09,1.87640625e-01
-5.36421875e-09,1.87735938e-01
-5.32421875e-09,1.87673438e-01
-5.28421875e-09,1.87721875e-01
-5.24421875e-09,1.87679687e-01
-5.20421875e-09,1.87718750e-01
-5.16421875e-09,1.87682813e-01
-5.12421875e-09,1.87715625e-01
-5.08421875e-09,1.87684375e-01
-5.04421875e-09,1.87715625e-01
-5.00421875e-09,1.87684375e-01
-4.96421875e-09,1.87715625e-01
-4.92421875e-09,1.87684375e-01
-4.88421875e-09,1.87717187e-01
-4.84421875e-09,1.87682813e-01
-4.80421875e-09,1.87717187e-01
-4.76421875e-09,1.87681250e-01
-4.72421875e-09,1.87720313e-01
-4.68421875e-09,1.87679687e-01
-4.64421875e-09,1.87723438e-01
-4.60421875e-09,1.87675000e-01
-4.56421875e-09,1.87728125e-01
-4.52421875e-09,1.87665625e-01
-4.48421875e-09,1.87743750e-01
-4.44421875e-09,1.87629688e-01
-4.40421875e-09,1.87923438e-01
-4.36421875e-09,1.88137500e-01
-4.32421875e-09,1.88087500e-01
-4.28421875e-09,1.88101563e-01
-4.24421875e-09,1.88104688e-01
-4.20421875e-09,1.88089063e-01
-4.16421875e-09,1.88115625e-01
-4.12421875e-09,1.88076563e-01
-4.08421875e-09,1.88134375e-01
-4.04421875e-09,1.88039063e-01
-4.00421875e-09,1.88315625e-01
-3.96421875e-09,1.88545313e-01
-3.92421875e-09,1.88479687e-01
-3.88421875e-09,1.88509375e-01
-3.84421875e-09,1.88498438e-01
-3.80421875e-09,1.88496875e-01
-3.76421875e-09,1.88509375e-01
-3.72421875e-09,1.88484375e-01
-3.68421875e-09,1.88526562e-01
-3.64421875e-09,1.88446875e-01
-3.60421875e-09,1.88707813e-01
-3.56421875e-09,1.88953125e-01
-3.52421875e-09,1.88871875e-01
-3.48421875e-09,1.88917188e-01
-3.44421875e-09,1.88887500e-01
-3.40421875e-09,1.88907812e-01
-3.36421875e-09,1.88895312e-01
-3.32421875e-09,1.88901563e-01
-3.28421875e-09,1.88901563e-01
-3.24421875e-09,1.88895312e-01
-3.20421875e-09,1.88909375e-01
-3.16421875e-09,1.88884375e-01
-3.12421875e-09,1.88925000e-01
-3.08421875e-09,1.88848438e-01
-3.04421875e-09,1.89104688e-01
-3.00421875e-09,1.89356250e-01
-2.96421875e-09,1.89267188e-01
-2.92421875e-09,1.89321875e-01
-2.88421875e-09,1.89282813e-01
-2.84421875e-09,1.89312500e-01
-2.80421875e-09,1.89289062e-01
-2.76421875e-09,1.89309375e-01
-2.72421875e-09,1.89292188e-01
-2.68421875e-09,1.89306250e-01
-2.64421875e-09,1.89295313e-01
-2.60421875e-09,1.89303125e-01
-2.56421875e-09,1.89298437e-01
-2.52421875e-09,1.89301563e-01
-2.48421875e-09,1.89300000e-01
-2.44421875e-09,1.89298437e-01
-2.40421875e-09,1.89303125e-01
-2.36421875e-09,1.89295313e-01
-2.32421875e-09,1.89306250e-01
-2.28421875e-09,1.89292188e-01
-2.24421875e-09,1.89312500e-01
-2.20421875e-09,1.89282813e-01
-2.16421875e-09,1.89326563e-01
-2.12421875e-09,1.89248438e-01
-2.08421875e-09,1.89506250e-01
-2.04421875e-09,1.89756250e-01
-2.00421875e-09,1.89667188e-01
-1.96421875e-09,1.89721875e-01
-1.92421875e-09,1.89682813e-01
-1.88421875e-09,1.89714063e-01
-1.84421875e-09,1.89687500e-01
-1.80421875e-09,1.89710938e-01
-1.76421875e-09,1.89690625e-01
-1.72421875e-09,1.89707813e-01
-1.68421875e-09,1.89692187e-01
-1.64421875e-09,1.89706250e-01
-1.60421875e-09,1.89693750e-01
-1.56421875e-09,1.89704687e-01
-1.52421875e-09,1.89695313e-01
-1.48421875e-09,1.89704687e-01
-1.44421875e-09,1.89696875e-01
-1.40421875e-09,1.89703125e-01
-1.36421875e-09,1.89696875e-01
-1.32421875e-09,1.89703125e-01
-1.28421875e-09,1.89698438e-01
-1.24421875e-09,1.89701563e-01
-1.20421875e-09,1.89698438e-01
-1.16421875e-09,1.89701563e-01
-1.12421875e-09,1.89698438e-01
-1.08421875e-09,1.89700000e-01
-1.04421875e-09,1.89700000e-01
-1.00421875e-09,1.89700000e-01
-9.64218750e-10,1.89700000e-01
-9.24218750e-10,1.89700000e-01
-8.84218750e-10,1.89701563e-01
-8.44218750e-10,1.89698438e-01
-8.04218750e-10,1.89701563e-01
-7.64218750e-10,1.89698438e-01
-7.24218750e-10,1.89701563e-01
-6.84218750e-10,1.89696875e-01
-6.44218750e-10,1.89703125e-01
-6.04218750e-10,1.89696875e-01
-5.64218750e-10,1.89703125e-01
-5.24218750e-10,1.89695313e-01
-4.84218750e-10,1.89704687e-01
-4.44218750e-10,1.89695313e-01
-4.04218750e-10,1.89706250e-01
-3.64218750e-10,1.89693750e-01
-3.24218750e-10,1.89707813e-01
-2.84218750e-10,1.89692187e-01
-2.44218750e-10,1.89709375e-01
-2.04218750e-10,1.89689063e-01
-1.64218750e-10,1.89712500e-01
-1.24218750e-10,1.89685938e-01
-8.42187500e-11,1.89717187e-01
-4.42187500e-11,1.89676563e-01
-4.21875000e-12,1.89732813e-01
3.57812500e-11,1.89642188e-01
7.57812500e-11,1.89912500e-01
1.15781250e-10,1.90150000e-01
1.55781250e-10,1.90075000e-01
1.95781250e-10,1.90115625e-01
2.35781250e-10,1.90089063e-01
2.75781250e-10,1.90106250e-01
3.15781250e-10,1.90096875e-01
3.55781250e-10,1.90101563e-01
3.95781250e-10,1.90101563e-01
4.35781250e-10,1.90095313e-01
4.75781250e-10,1.90107813e-01
5.15781250e-10,1.90085937e-01
5.55781250e-10,1.90123438e-01
5.95781250e-10,1.90051562e-01
6.35781250e-10,1.90301563e-01
6.75781250e-10,1.90560937e-01
7.15781250e-10,1.90462500e-01
7.55781250e-10,1.90528125e-01
7.95781250e-10,1.90475000e-01
8.35781250e-10,1.90525000e-01
8.75781250e-10,1.90473438e-01
9.15781250e-10,1.90534375e-01
9.55781250e-10,1.90442187e-01
9.95781250e-10,1.90707813e-01
1.03578125e-09,1.90956250e-01
1.07578125e-09,1.90865625e-01
1.11578125e-09,1.90926563e-01
1.15578125e-09,1.90875000e-01
1.19578125e-09,1.90925000e-01
1.23578125e-09,1.90870313e-01
1.27578125e-09,1.90937500e-01
1.31578125e-09,1.90837500e-01
1.35578125e-09,1.91115625e-01
1.39578125e-09,1.91346875e-01
1.43578125e-09,1.91278125e-01
1.47578125e-09,1.91312500e-01
1.51578125e-09,1.91293750e-01
1.55578125e-09,1.91303125e-01
1.59578125e-09,1.91301563e-01
1.63578125e-09,1.91295313e-01
1.67578125e-09,1.91309375e-01
1.71578125e-09,1.91284375e-01
1.75578125e-09,1.91325000e-01
1.79578125e-09,1.91248438e-01
1.83578125e-09,1.91504687e-01
1.87578125e-09,1.91757813e-01
1.91578125e-09,1.91667188e-01
1.95578125e-09,1.91723438e-01
1.99578125e-09,1.91682813e-01
2.03578125e-09,1.91714063e-01
2.07578125e-09,1.91687500e-01
2.11578125e-09,1.91709375e-01
2.15578125e-09,1.91692187e-01
2.19578125e-09,1.91707813e-01
2.23578125e-09,1.91693750e-01
2.27578125e-09,1.91704687e-01
2.31578125e-09,1.91695313e-01
2.35578125e-09,1.91703125e-01
2.39578125e-09,1.91696875e-01
2.43578125e-09,1.91701563e-01
2.47578125e-09,1.91700000e-01
2.51578125e-09,1.91700000e-01
2.55578125e-09,1.91701563e-01
2.59578125e-09,1.91696875e-01
2.63578125e-09,1.91704687e-01
2.67578125e-09,1.91693750e-01
2.71578125e-09,1.91707813e-01
2.75578125e-09,1.91689063e-01
2.79578125e-09,1.91717187e-01
2.83578125e-09,1.91673438e-01
2.87578125e-09,1.91751563e-01
2.91578125e-09,1.91495313e-01
2.95578125e-09,1.91243750e-01
2.99578125e-09,1.91332813e-01
3.03578125e-09,1.91276562e-01
3.07578125e-09,1.91317188e-01
3.11578125e-09,1.91285938e-01
3.15578125e-09,1.91312500e-01
3.19578125e-09,1.91289062e-01
3.23578125e-09,1.91309375e-01
3.27578125e-09,1.91292188e-01
3.31578125e-09,1.91306250e-01
3.35578125e-09,1.91293750e-01
3.39578125e-09,1.91304688e-01
3.43578125e-09,1.91295313e-01
3.47578125e-09,1.91303125e-01
3.51578125e-09,1.91296875e-01
3.55578125e-09,1.91301563e-01
3.59578125e-09,1.91298438e-01
3.63578125e-09,1.91300000e-01
3.67578125e-09,1.91301563e-01
3.71578125e-09,1.91298438e-01
3.75578125e-09,1.91303125e-01
3.79578125e-09,1.91295313e-01
3.83578125e-09,1.91307813e-01
3.87578125e-09,1.91289062e-01
3.91578125e-09,1.91315625e-01
3.95578125e-09,1.91273438e-01
3.99578125e-09,1.91351563e-01
4.03578125e-09,1.91095313e-01
4.07578125e-09,1.90843750e-01
4.11578125e-09,1.90932812e-01
4.15578125e-09,1.90876563e-01
4.19578125e-09,1.90917188e-01
4.23578125e-09,1.90885938e-01
4.27578125e-09,1.90910938e-01
4.31578125e-09,1.90892188e-01
4.35578125e-09,1.90904688e-01
4.39578125e-09,1.90896875e-01
4.43578125e-09,1.90898438e-01
4.47578125e-09,1.90906250e-01
4.51578125e-09,1.90882812e-01
4.55578125e-09,1.90942187e-01
4.59578125e-09,1.90704687e-01
4.63578125e-09,1.90432812e-01
4.67578125e-09,1.90543750e-01
4.71578125e-09,1.90465625e-01
4.75578125e-09,1.90529688e-01
4.79578125e-09,1.90471875e-01
4.83578125e-09,1.90526562e-01
4.87578125e-09,1.90473438e-01
4.91578125e-09,1.90526562e-01
4.95578125e-09,1.90470313e-01
4.99578125e-09,1.90532813e-01
5.03578125e-09,1.90457813e-01
5.07578125e-09,1.90567188e-01
5.11578125e-09,1.90281250e-01
5.15578125e-09,1.90056250e-01
5.19578125e-09,1.90120312e-01
5.23578125e-09,1.90089063e-01
5.27578125e-09,1.90106250e-01
5.31578125e-09,1.90095313e-01
5.35578125e-09,1.90101563e-01
5.39578125e-09,1.90098437e-01
5.43578125e-09,1.90100000e-01
5.47578125e-09,1.90100000e-01
5.51578125e-09,1.90098437e-01
5.55578125e-09,1.90101563e-01
5.59578125e-09,1.90098437e-01
5.63578125e-09,1.90101563e-01
5.67578125e-09,1.90098437e-01
5.71578125e-09,1.90101563e-01
5.75578125e-09,1.90098437e-01
5.79578125e-09,1.90103125e-01
5.83578125e-09,1.90096875e-01
5.87578125e-09,1.90103125e-01
5.91578125e-09,1.90096875e-01
5.95578125e-09,1.90103125e-01
5.99578125e-09,1.90096875e-01
6.03578125e-09,1.90103125e-01
6.07578125e-09,1.90096875e-01
6.11578125e-09,1.90103125e-01
6.15578125e-09,1.90096875e-01
6.19578125e-09,1.90103125e-01
6.23578125e-09,1.90096875e-01
6.27578125e-09,1.90103125e-01
6.31578125e-09,1.90096875e-01
6.35578125e-09,1.90103125e-01
6.39578125e-09,1.90096875e-01
6.43578125e-09,1.90103125e-01
6.47578125e-09,1.90096875e-01
6.51578125e-09,1.90103125e-01
6.55578125e-09,1.90096875e-01
6.59578125e-09,1.90103125e-01
6.63578125e-09,1.90096875e-01
6.67578125e-09,1.90101563e-01
6.71578125e-09,1.90096875e-01
6.75578125e-09,1.90101563e-01
6.79578125e-09,1.90096875e-01
6.83578125e-09,1.90101563e-01
6.87578125e-09,1.90098437e-01
6.91578125e-09,1.90101563e-01
6.95578125e-09,1.90098437e-01
6.99578125e-09,1.90101563e-01
7.03578125e-09,1.90098437e-01
7.07578125e-09,1.90101563e-01
7.11578125e-09,1.90098437e-01
7.15578125e-09,1.90101563e-01
7.19578125e-09,1.90098437e-01
7.23578125e-09,1.90101563e-01
7.27578125e-09,1.90098437e-01
7.31578125e-09,1.90101563e-01
7.35578125e-09,1.90098437e-01
7.39578125e-09,1.90101563e-01
7.43578125e-09,1.90098437e-01
7.47578125e-09,1.90101563e-01
7.51578125e-09,1.90098437e-01
7.55578125e-09,1.90101563e-01
7.59578125e-09,1.90098437e-01
7.63578125e-09,1.90101563e-01
7.67578125e-09,1.90098437e-01
7.71578125e-09,1.90101563e-01
7.75578125e-09,1.90098437e-01
7.79578125e-09,1.90101563e-01
7.83578125e-09,1.90096875e-01
7.87578125e-09,1.90103125e-01
7.91578125e-09,1.90096875e-01
7.95578125e-09,1.90103125e-01
7.99578125e-09,1.90096875e-01
8.03578125e-09,1.90103125e-01
8.07578125e-09,1.90096875e-01
8.11578125e-09,1.90104688e-01
8.15578125e-09,1.90095313e-01
8.19578125e-09,1.90104688e-01
8.23578125e-09,1.90093750e-01
8.27578125e-09,1.90107813e-01
8.31578125e-09,1.90090625e-01
8.35578125e-09,1.90112500e-01
8.39578125e-09,1.90082813e-01
8.43578125e-09,1.90126563e-01
8.47578125e-09,1.90050000e-01
8.51578125e-09,1.90303125e-01
8.55578125e-09,1.90559375e-01
8.59578125e-09,1.90464063e-01
8.63578125e-09,1.90528125e-01
8.67578125e-09,1.90476563e-01
8.71578125e-09,1.90521875e-01
8.75578125e-09,1.90479687e-01
8.79578125e-09,1.90520313e-01
8.83578125e-09,1.90478125e-01
8.87578125e-09,1.90523438e-01
8.91578125e-09,1.90471875e-01
8.95578125e-09,1.90537500e-01
8.99578125e-09,1.90437500e-01
9.03578125e-09,1.90715625e-01
9.07578125e-09,1.90946875e-01
9.11578125e-09,1.90876563e-01
9.15578125e-09,1.90914063e-01
9.19578125e-09,1.90890625e-01
9.23578125e-09,1.90906250e-01
9.27578125e-09,1.90895312e-01
9.31578125e-09,1.90903125e-01
9.35578125e-09,1.90898438e-01
9.39578125e-09,1.90900000e-01
9.43578125e-09,1.90901563e-01
9.47578125e-09,1.90898438e-01
9.51578125e-09,1.90903125e-01
9.55578125e-09,1.90895312e-01
9.59578125e-09,1.90904688e-01
9.63578125e-09,1.90893750e-01
9.67578125e-09,1.90907812e-01
9.71578125e-09,1.90889063e-01
9.75578125e-09,1.90914063e-01
9.79578125e-09,1.90881250e-01
9.83578125e-09,1.90929688e-01
9.87578125e-09,1.90845313e-01
9.91578125e-09,1.91107813e-01
9.95578125e-09,1.91354688e-01
9.99578125e-09,1.91268750e-01
1.00357812e-08,1.91321875e-01
1.00757812e-08,1.91284375e-01
1.01157812e-08,1.91312500e-01
1.01557812e-08,1.91289062e-01
1.01957812e-08,1.91309375e-01
1.02357812e-08,1.91292188e-01
1.02757812e-08,1.91306250e-01
1.03157813e-08,1.91293750e-01
1.03557812e-08,1.91304688e-01
1.03957812e-08,1.91295313e-01
1.04357812e-08,1.91303125e-01
1.04757812e-08,1.91296875e-01
1.05157812e-08,1.91303125e-01
1.05557812e-08,1.91298438e-01
1.05957812e-08,1.91301563e-01
1.06357812e-08,1.91300000e-01
1.06757812e-08,1.91300000e-01
1.07157812e-08,1.91300000e-01
1.07557812e-08,1.91298438e-01
1.07957813e-08,1.91303125e-01
1.08357812e-08,1.91296875e-01
1.08757812e-08,1.91306250e-01
1.09157812e-08,1.91292188e-01
1.09557812e-08,1.91310938e-01
1.09957812e-08,1.91284375e-01
1.10357812e-08,1.91325000e-01
1.10757812e-08,1.91250000e-01
1.11157812e-08,1.91503125e-01
1.11557812e-08,1.91757813e-01
1.11957812e-08,1.91665625e-01
1.12357812e-08,1.91725000e-01
1.12757813e-08,1.91679688e-01
1.13157812e-08,1.91717187e-01
1.13557812e-08,1.91684375e-01
1.13957812e-08,1.91714063e-01
1.14357812e-08,1.91687500e-01
1.14757812e-08,1.91712500e-01
1.15157812e-08,1.91689063e-01
1.15557812e-08,1.91710938e-01
1.15957812e-08,1.91689063e-01
1.16357812e-08,1.91709375e-01
1.16757812e-08,1.91690625e-01
1.17157812e-08,1.91709375e-01
1.17557813e-08,1.91690625e-01
1.17957812e-08,1.91709375e-01
1.18357812e-08,1.91690625e-01
1.18757812e-08,1.91709375e-01
1.19157812e-08,1.91690625e-01
1.19557812e-08,1.91709375e-01
1.19957812e-08,1.91689063e-01
1.20357812e-08,1.91710938e-01
1.20757812e-08,1.91687500e-01
1.21157812e-08,1.91712500e-01
1.21557812e-08,1.91685938e-01
1.21957812e-08,1.91717187e-01
1.22357812e-08,1.91679688e-01
1.22757812e-08,1.91725000e-01
1.23157812e-08,1.91665625e-01
1.23557812e-08,1.91759375e-01
1.23957812e-08,1.91485938e-01
1.24357812e-08,1.91251562e-01
1.24757812e-08,1.91323437e-01
1.25157812e-08,1.91287500e-01
1.25557812e-08,1.91304688e-01
1.25957812e-08,1.91301563e-01
1.26357812e-08,1.91287500e-01
1.26757812e-08,1.91337500e-01
1.27157812e-08,1.91109375e-01
1.27557812e-08,1.90826563e-01
1.27957812e-08,1.90950000e-01
1.28357812e-08,1.90856250e-01
1.28757812e-08,1.90945313e-01
1.29157812e-08,1.90848437e-01
1.29557812e-08,1.90975000e-01
1.29957812e-08,1.90671875e-01
1.30357812e-08,1.90465625e-01
1.30757812e-08,1.90507813e-01
1.31157812e-08,1.90504688e-01
1.31557812e-08,1.90481250e-01
1.31957812e-08,1.90545313e-01
1.32357812e-08,1.90301563e-01
1.32757812e-08,1.90035938e-01
1.33157812e-08,1.90140625e-01
1.33557812e-08,1.90067188e-01
1.33957812e-08,1.90132812e-01
1.34357812e-08,1.90060937e-01
1.34757812e-08,1.90160938e-01
1.35157812e-08,1.89889063e-01
1.35557812e-08,1.89646875e-01
1.35957812e-08,1.89731250e-01
1.36357812e-08,1.89675000e-01
1.36757812e-08,1.89721875e-01
1.37157812e-08,1.89676563e-01
1.37557812e-08,1.89726563e-01
1.37957812e-08,1.89664063e-01
1.38357812e-08,1.89759375e-01
1.38757812e-08,1.89487500e-01
1.39157812e-08,1.89250000e-01
1.39557812e-08,1.89326563e-01
1.39957812e-08,1.89282813e-01
1.40357812e-08,1.89312500e-01
1.40757812e-08,1.89290625e-01
1.41157812e-08,1.89307813e-01
1.41557812e-08,1.89293750e-01
1.41957812e-08,1.89304688e-01
1.42357812e-08,1.89295313e-01
1.42757812e-08,1.89303125e-01
1.43157812e-08,1.89296875e-01
1.43557812e-08,1.89301563e-01
1.43957812e-08,1.89298437e-01
1.44357812e-08,1.89301563e-01
1.44757812e-08,1.89300000e-01
1.45157812e-08,1.89300000e-01
1.45557812e-08,1.89301563e-01
1.45957812e-08,1.89298437e-01
1.46357812e-08,1.89303125e-01
1.46757812e-08,1.89296875e-01
1.47157812e-08,1.89304688e-01
1.47557812e-08,1.89293750e-01
1.47957812e-08,1.89307813e-01
1.48357812e-08,1.89290625e-01
1.48757812e-08,1.89312500e-01
1.49157812e-08,1.89282813e-01
1.49557812e-08,1.89328125e-01
1.49957812e-08,1.89246875e-01
1.50357813e-08,1.89506250e-01
1.50757812e-08,1.89756250e-01
1.51157812e-08,1.89667188e-01
1.51557812e-08,1.89721875e-01
1.51957812e-08,1.89682813e-01
1.52357812e-08,1.89714063e-01
1.52757812e-08,1.89687500e-01
1.53157813e-08,1.89710938e-01
1.53557812e-08,1.89690625e-01
1.53957812e-08,1.89707813e-01
1.54357813e-08,1.89692187e-01
1.54757812e-08,1.89706250e-01
1.55157812e-08,1.89693750e-01
1.55557812e-08,1.89704687e-01
1.55957813e-08,1.89695313e-01
1.56357812e-08,1.89703125e-01
1.56757812e-08,1.89696875e-01
1.57157813e-08,1.89701563e-01
1.57557812e-08,1.89698438e-01
1.57957812e-08,1.89700000e-01
1.58357812e-08,1.89701563e-01
1.58757812e-08,1.89696875e-01
1.59157812e-08,1.89704687e-01
1.59557812e-08,1.89692187e-01
1.59957813e-08,1.89712500e-01
1.60357812e-08,1.89678125e-01
1.60757812e-08,1.89746875e-01
1.61157812e-08,1.89500000e-01
1.61557812e-08,1.89237500e-01
1.61957812e-08,1.89339063e-01
1.62357812e-08,1.89270313e-01
1.62757813e-08,1.89325000e-01
1.63157812e-08,1.89276562e-01
1.63557812e-08,1.89321875e-01
1.63957813e-08,1.89278125e-01
1.64357812e-08,1.89323437e-01
1.64757812e-08,1.89275000e-01
1.65157812e-08,1.89329688e-01
1.65557813e-08,1.89262500e-01
1.65957812e-08,1.89362500e-01
1.66357812e-08,1.89085937e-01
1.66757813e-08,1.88851563e-01
1.67157812e-08,1.88925000e-01
1.67557812e-08,1.88884375e-01
1.67957812e-08,1.88912500e-01
1.68357812e-08,1.88890625e-01
1.68757812e-08,1.88907812e-01
1.69157812e-08,1.88892188e-01
1.69557813e-08,1.88907812e-01
1.69957812e-08,1.88892188e-01
1.70357812e-08,1.88907812e-01
1.70757812e-08,1.88890625e-01
1.71157812e-08,1.88910938e-01
1.71557812e-08,1.88885938e-01
1.71957812e-08,1.88918750e-01
1.72357813e-08,1.88871875e-01
1.72757812e-08,1.88953125e-01
1.73157812e-08,1.88693750e-01
1.73557812e-08,1.88443750e-01
1.73957812e-08,1.88532813e-01
1.74357812e-08,1.88476562e-01
1.74757812e-08,1.88518750e-01
1.75157813e-08,1.88484375e-01
1.75557812e-08,1.88514062e-01
1.75957812e-08,1.88487500e-01
1.76357813e-08,1.88510938e-01
1.76757812e-08,1.88489062e-01
1.77157812e-08,1.88509375e-01
1.77557812e-08,1.88490625e-01
1.77957812e-08,1.88509375e-01
1.78357812e-08,1.88490625e-01
1.78757812e-08,1.88507813e-01
1.79157813e-08,1.88492188e-01
1.79557812e-08,1.88507813e-01
1.79957812e-08,1.88492188e-01
1.80357812e-08,1.88507813e-01
1.80757812e-08,1.88492188e-01
1.81157812e-08,1.88507813e-01
1.81557812e-08,1.88492188e-01
1.81957813e-08,1.88507813e-01
1.82357812e-08,1.88492188e-01
1.82757812e-08,1.88507813e-01
1.83157812e-08,1.88492188e-01
1.83557812e-08,1.88507813e-01
1.83957812e-08,1.88492188e-01
1.84357812e-08,1.88507813e-01
1.84757813e-08,1.88492188e-01
1.85157812e-08,1.88507813e-01
1.85557812e-08,1.88492188e-01
1.85957813e-08,1.88507813e-01
1.86357812e-08,1.88492188e-01
1.86757812e-08,1.88507813e-01
1.87157812e-08,1.88492188e-01
1.87557812e-08,1.88507813e-01
1.87957812e-08,1.88490625e-01
1.88357812e-08,1.88509375e-01
1.88757813e-08,1.88490625e-01
1.89157812e-08,1.88510938e-01
1.89557812e-08,1.88489062e-01
1.89957812e-08,1.88512500e-01
1.90357812e-08,1.88485938e-01
1.90757812e-08,1.88517188e-01
1.91157812e-08,1.88478125e-01
1.91557813e-08,1.88531250e-01
1.91957812e-08,1.88443750e-01
1.92357812e-08,1.88709375e-01
1.92757812e-08,1.88953125e-01
1.93157812e-08,1.88870312e-01
1.93557812e-08,1.88920313e-01
1.93957812e-08,1.88882812e-01
1.94357813e-08,1.88914063e-01
1.94757812e-08,1.88887500e-01
1.95157812e-08,1.88912500e-01
1.95557813e-08,1.88887500e-01
1.95957812e-08,1.88914063e-01
1.96357812e-08,1.88884375e-01
1.96757812e-08,1.88917188e-01
1.97157812e-08,1.88878125e-01
1.97557812e-08,1.88931250e-01
1.97957812e-08,1.88843750e-01
1.98357813e-08,1.89109375e-01
1.98757812e-08,1.89353125e-01
1.99157812e-08,1.89271875e-01
1.99557812e-08,1.89318750e-01
1.99957812e-08,1.89285938e-01
2.00357812e-08,1.89309375e-01
2.00757812e-08,1.89293750e-01
2.01157813e-08,1.89303125e-01
2.01557812e-08,1.89300000e-01
2.01957812e-08,1.89293750e-01
2.02357812e-08,1.89315625e-01
2.02757812e-08,1.89259375e-01
2.03157812e-08,1.89493750e-01
2.03557812e-08,1.89768750e-01
2.03957813e-08,1.89654688e-01
2.04357812e-08,1.89735938e-01
2.04757812e-08,1.89667188e-01
2.05157812e-08,1.89731250e-01
2.05557812e-08,1.89668750e-01
2.05957812e-08,1.89732813e-01
2.06357812e-08,1.89664063e-01
2.06757812e-08,1.89745313e-01
2.07157812e-08,1.89631250e-01
2.07557812e-08,1.89920313e-01
2.07957813e-08,1.90142188e-01
2.08357812e-08,1.90079688e-01
2.08757812e-08,1.90110938e-01
2.09157812e-08,1.90092188e-01
2.09557812e-08,1.90107813e-01
2.09957812e-08,1.90090625e-01
2.10357812e-08,1.90117188e-01
2.10757813e-08,1.90059375e-01
2.11157812e-08,1.90290625e-01
2.11557812e-08,1.90573437e-01
2.11957812e-08,1.90446875e-01
2.12357812e-08,1.90548438e-01
2.12757812e-08,1.90450000e-01
2.13157812e-08,1.90557813e-01
2.13557813e-08,1.90417188e-01
2.13957812e-08,1.90735938e-01
2.14357812e-08,1.90925000e-01
2.14757812e-08,1.90903125e-01
2.15157812e-08,1.90882812e-01
2.15557812e-08,1.90932812e-01
2.15957812e-08,1.90839063e-01
2.16357812e-08,1.91117188e-01
2.16757812e-08,1.91340625e-01
2.17157812e-08,1.91287500e-01
2.17557813e-08,1.91296875e-01
2.17957812e-08,1.91318750e-01
2.18357812e-08,1.91251562e-01
2.18757812e-08,1.91504687e-01
2.19157812e-08,1.91754688e-01
2.19557812e-08,1.91673438e-01
2.19957812e-08,1.91710938e-01
2.20357813e-08,1.91703125e-01
2.20757812e-08,1.91668750e-01
2.21157812e-08,1.91885937e-01
2.21557812e-08,1.92176563e-01
2.21957812e-08,1.92046875e-01
2.22357812e-08,1.92145312e-01
2.22757812e-08,1.92056250e-01
2.23157813e-08,1.92150000e-01
2.23557812e-08,1.92028125e-01
2.23957812e-08,1.92323437e-01
2.24357812e-08,1.92540625e-01
2.24757812e-08,1.92481250e-01
2.25157812e-08,1.92509375e-01
2.25557812e-08,1.92493750e-01
2.25957812e-08,1.92504687e-01
2.26357812e-08,1.92496875e-01
2.26757812e-08,1.92501563e-01
2.27157812e-08,1.92498438e-01
2.27557812e-08,1.92501563e-01
2.27957812e-08,1.92498438e-01
2.28357812e-08,1.92501563e-01
2.28757812e-08,1.92498438e-01
2.29157812e-08,1.92501563e-01
2.29557812e-08,1.92498438e-01
2.29957813e-08,1.92501563e-01
2.30357812e-08,1.92498438e-01
2.30757812e-08,1.92501563e-01
2.31157812e-08,1.92498438e-01
2.31557812e-08,1.92501563e-01
2.31957812e-08,1.92498438e-01
2.32357812e-08,1.92501563e-01
2.32757813e-08,1.92498438e-01
2.33157812e-08,1.92503125e-01
2.33557812e-08,1.92496875e-01
2.33957812e-08,1.92503125e-01
2.34357812e-08,1.92495313e-01
2.34757812e-08,1.92504687e-01
2.35157812e-08,1.92495313e-01
2.35557812e-08,1.92506250e-01
2.35957812e-08,1.92492188e-01
2.36357812e-08,1.92509375e-01
2.36757812e-08,1.92487500e-01
2.37157812e-08,1.92517188e-01
2.37557812e-08,1.92473438e-01
2.37957812e-08,1.92551562e-01
2.38357812e-08,1.92295313e-01
2.38757812e-08,1.92042188e-01
2.39157812e-08,1.92134375e-01
2.39557813e-08,1.92075000e-01
2.39957812e-08,1.92120313e-01
2.40357812e-08,1.92081250e-01
2.40757812e-08,1.92117188e-01
2.41157812e-08,1.92082813e-01
2.41557812e-08,1.92118750e-01
2.41957812e-08,1.92079688e-01
2.42357813e-08,1.92125000e-01
2.42757812e-08,1.92065625e-01
2.43157812e-08,1.92157812e-01
2.43557812e-08,1.91889063e-01
2.43957812e-08,1.91646875e-01
2.44357812e-08,1.91729687e-01
2.44757812e-08,1.91679688e-01
2.45157812e-08,1.91715625e-01
2.45557812e-08,1.91685938e-01
2.45957812e-08,1.91712500e-01
2.46357812e-08,1.91687500e-01
2.46757812e-08,1.91712500e-01
2.47157812e-08,1.91687500e-01
2.47557812e-08,1.91714063e-01
2.47957812e-08,1.91682813e-01
2.48357812e-08,1.91721875e-01
2.48757812e-08,1.91670312e-01
2.49157812e-08,1.91754688e-01
2.49557812e-08,1.91492188e-01
2.49957812e-08,1.91243750e-01
2.50357812e-08,1.91332813e-01
2.50757812e-08,1.91276562e-01
2.51157812e-08,1.91318750e-01
2.51557812e-08,1.91282813e-01
2.51957813e-08,1.91315625e-01
2.52357812e-08,1.91284375e-01
2.52757812e-08,1.91317188e-01
2.53157812e-08,1.91281250e-01
2.53557812e-08,1.91323437e-01
2.53957812e-08,1.91267188e-01
2.54357812e-08,1.91356250e-01
2.54757812e-08,1.91090625e-01
2.55157812e-08,1.90845313e-01
2.55557812e-08,1.90931250e-01
2.55957812e-08,1.90878125e-01
2.56357812e-08,1.90918750e-01
2.56757812e-08,1.90882812e-01
2.57157812e-08,1.90917188e-01
2.57557812e-08,1.90881250e-01
2.57957812e-08,1.90921875e-01
2.58357812e-08,1.90870313e-01
2.58757812e-08,1.90953125e-01
2.59157812e-08,1.90693750e-01
2.59557812e-08,1.90442187e-01
2.59957812e-08,1.90535938e-01
2.60357812e-08,1.90471875e-01
2.60757812e-08,1.90525000e-01
2.61157812e-08,1.90473438e-01
2.61557813e-08,1.90529688e-01
2.61957812e-08,1.90462500e-01
2.62357812e-08,1.90562500e-01
2.62757812e-08,1.90284375e-01
2.63157812e-08,1.90053125e-01
2.63557812e-08,1.90123438e-01
2.63957812e-08,1.90085937e-01
2.64357812e-08,1.90107813e-01
2.64757812e-08,1.90096875e-01
2.65157812e-08,1.90098437e-01
2.65557812e-08,1.90107813e-01
2.65957812e-08,1.90082813e-01
2.66357812e-08,1.90142188e-01
2.66757812e-08,1.89904688e-01
2.67157812e-08,1.89634375e-01
2.67557812e-08,1.89742187e-01
2.67957812e-08,1.89665625e-01
2.68357812e-08,1.89729688e-01
2.68757812e-08,1.89671875e-01
2.69157812e-08,1.89728125e-01
2.69557812e-08,1.89670312e-01
2.69957812e-08,1.89734375e-01
2.70357812e-08,1.89657812e-01
2.70757812e-08,1.89767188e-01
2.71157812e-08,1.89481250e-01
2.71557812e-08,1.89256250e-01
2.71957812e-08,1.89320313e-01
2.72357812e-08,1.89289062e-01
2.72757812e-08,1.89306250e-01
2.73157812e-08,1.89296875e-01
2.73557812e-08,1.89301563e-01
2.73957812e-08,1.89300000e-01
2.74357812e-08,1.89298437e-01
2.74757812e-08,1.89303125e-01
2.75157812e-08,1.89296875e-01
2.75557812e-08,1.89304688e-01
2.75957812e-08,1.89295313e-01
2.76357812e-08,1.89306250e-01
2.76757812e-08,1.89292188e-01
2.77157812e-08,1.89307813e-01
2.77557812e-08,1.89290625e-01
2.77957812e-08,1.89312500e-01
2.78357812e-08,1.89284375e-01
2.78757812e-08,1.89320313e-01
2.79157812e-08,1.89270313e-01
2.79557812e-08,1.89354688e-01
2.79957812e-08,1.89092188e-01
2.80357812e-08,1.88845313e-01
2.80757812e-08,1.88929687e-01
2.81157812e-08,1.88879688e-01
2.81557812e-08,1.88915625e-01
2.81957812e-08,1.88887500e-01
2.82357812e-08,1.88910938e-01
2.82757812e-08,1.88890625e-01
2.83157812e-08,1.88907812e-01
2.83557812e-08,1.88892188e-01
2.83957812e-08,1.88907812e-01
2.84357812e-08,1.88893750e-01
2.84757812e-08,1.88906250e-01
2.85157812e-08,1.88893750e-01
2.85557812e-08,1.88906250e-01
2.85957812e-08,1.88893750e-01
2.86357812e-08,1.88906250e-01
2.86757812e-08,1.88893750e-01
2.87157812e-08,1.88906250e-01
2.87557812e-08,1.88893750e-01
2.87957812e-08,1.88906250e-01
2.88357812e-08,1.88892188e-01
2.88757812e-08,1.88907812e-01
2.89157812e-08,1.88890625e-01
2.89557812e-08,1.88909375e-01
2.89957812e-08,1.88889063e-01
2.90357812e-08,1.88914063e-01
2.90757812e-08,1.88882812e-01
2.91157812e-08,1.88921875e-01
2.91557812e-08,1.88868750e-01
2.91957812e-08,1.88956250e-01
2.92357812e-08,1.88690625e-01
2.92757812e-08,1.88448438e-01
2.93157812e-08,1.88528125e-01
2.93557812e-08,1.88481250e-01
2.93957812e-08,1.88512500e-01
2.94357812e-08,1.88490625e-01
2.94757812e-08,1.88506250e-01
2.95157812e-08,1.88495313e-01
2.95557812e-08,1.88501562e-01
2.95957812e-08,1.88501562e-01
2.96357812e-08,1.88495313e-01
2.96757812e-08,1.88510938e-01
2.97157812e-08,1.88479687e-01
2.97557812e-08,1.88545313e-01
2.97957812e-08,1.88301563e-01
2.98357812e-08,1.88037500e-01
2.98757812e-08,1.88139063e-01
2.99157812e-08,1.88070313e-01
2.99557813e-08,1.88125000e-01
2.99957812e-08,1.88078125e-01
3.00357812e-08,1.88118750e-01
3.00757812e-08,1.88081250e-01
3.01157812e-08,1.88117188e-01
3.01557812e-08,1.88084375e-01
3.01957812e-08,1.88115625e-01
3.02357813e-08,1.88084375e-01
3.02757812e-08,1.88114063e-01
3.03157812e-08,1.88085937e-01
3.03557812e-08,1.88114063e-01
3.03957812e-08,1.88085937e-01
3.04357812e-08,1.88114063e-01
3.04757812e-08,1.88085937e-01
3.05157813e-08,1.88114063e-01
3.05557812e-08,1.88085937e-01
3.05957812e-08,1.88114063e-01
3.06357812e-08,1.88085937e-01
3.06757812e-08,1.88114063e-01
3.07157812e-08,1.88085937e-01
3.07557812e-08,1.88114063e-01
3.07957813e-08,1.88085937e-01
3.08357812e-08,1.88114063e-01
3.08757812e-08,1.88084375e-01
3.09157812e-08,1.88115625e-01
3.09557812e-08,1.88084375e-01
3.09957812e-08,1.88117188e-01
3.10357813e-08,1.88082813e-01
3.10757813e-08,1.88117188e-01
3.11157812e-08,1.88081250e-01
3.11557812e-08,1.88120312e-01
3.11957812e-08,1.88078125e-01
3.12357812e-08,1.88123438e-01
3.12757812e-08,1.88075000e-01
3.13157813e-08,1.88128125e-01
3.13557813e-08,1.88065625e-01
3.13957812e-08,1.88143750e-01
3.14357812e-08,1.88029688e-01
3.14757812e-08,1.88323437e-01
3.15157812e-08,1.88539063e-01
3.15557812e-08,1.88485938e-01
3.15957813e-08,1.88503125e-01
3.16357813e-08,1.88503125e-01
3.16757812e-08,1.88492188e-01
3.17157812e-08,1.88510938e-01
3.17557812e-08,1.88484375e-01
3.17957812e-08,1.88520313e-01
3.18357812e-08,1.88473438e-01
3.18757813e-08,1.88537500e-01
3.19157812e-08,1.88437500e-01
3.19557812e-08,1.88717187e-01
3.19957812e-08,1.88943750e-01
3.20357812e-08,1.88881250e-01
3.20757812e-08,1.88907812e-01
3.21157812e-08,1.88900000e-01
3.21557813e-08,1.88895312e-01
3.21957812e-08,1.88910938e-01
3.22357812e-08,1.88882812e-01
3.22757812e-08,1.88928125e-01
3.23157812e-08,1.88845313e-01
3.23557812e-08,1.89109375e-01
3.23957812e-08,1.89351563e-01
3.24357813e-08,1.89273438e-01
3.24757812e-08,1.89315625e-01
3.25157812e-08,1.89290625e-01
3.25557812e-08,1.89304688e-01
3.25957812e-08,1.89298437e-01
3.26357812e-08,1.89296875e-01
3.26757812e-08,1.89307813e-01
3.27157813e-08,1.89285938e-01
3.27557812e-08,1.89325000e-01
3.27957812e-08,1.89250000e-01
3.28357812e-08,1.89504688e-01
3.28757812e-08,1.89757813e-01
3.29157812e-08,1.89667188e-01
3.29557812e-08,1.89723438e-01
3.29957813e-08,1.89682813e-01
3.30357812e-08,1.89714063e-01
3.30757812e-08,1.89687500e-01
3.31157812e-08,1.89709375e-01
3.31557812e-08,1.89692187e-01
3.31957812e-08,1.89707813e-01
3.32357813e-08,1.89693750e-01
3.32757813e-08,1.89704687e-01
3.33157812e-08,1.89695313e-01
3.33557812e-08,1.89703125e-01
3.33957812e-08,1.89696875e-01
3.34357812e-08,1.89703125e-01
3.34757812e-08,1.89698438e-01
3.35157813e-08,1.89701563e-01
3.35557813e-08,1.89700000e-01
3.35957812e-08,1.89700000e-01
3.36357812e-08,1.89700000e-01
3.36757812e-08,1.89698438e-01
3.37157812e-08,1.89701563e-01
3.37557812e-08,1.89696875e-01
3.37957813e-08,1.89703125e-01
3.38357812e-08,1.89695313e-01
3.38757812e-08,1.89704687e-01
3.39157812e-08,1.89693750e-01
3.39557812e-08,1.89707813e-01
3.39957812e-08,1.89689063e-01
3.40357812e-08,1.89714063e-01
3.40757813e-08,1.89681250e-01
3.41157812e-08,1.89728125e-01
3.41557812e-08,1.89646875e-01
3.41957812e-08,1.89906250e-01
3.42357812e-08,1.90156250e-01
3.42757812e-08,1.90068750e-01
3.43157812e-08,1.90123438e-01
3.43557813e-08,1.90081250e-01
3.43957812e-08,1.90115625e-01
3.44357812e-08,1.90085937e-01
3.44757812e-08,1.90114063e-01
3.45157812e-08,1.90085937e-01
3.45557812e-08,1.90115625e-01
3.45957812e-08,1.90081250e-01
3.46357813e-08,1.90128125e-01
3.46757812e-08,1.90048438e-01
3.47157812e-08,1.90303125e-01
3.47557812e-08,1.90560937e-01
3.47957812e-08,1.90460938e-01
3.48357812e-08,1.90531250e-01
3.48757812e-08,1.90470313e-01
3.49157813e-08,1.90529688e-01
3.49557812e-08,1.90465625e-01
3.49957812e-08,1.90542188e-01
3.50357812e-08,1.90432812e-01
3.50757812e-08,1.90721875e-01
3.51157812e-08,1.90940625e-01
3.51557812e-08,1.90884375e-01
3.51957813e-08,1.90904688e-01
3.52357812e-08,1.90903125e-01
3.52757812e-08,1.90889063e-01
3.53157812e-08,1.90923438e-01
3.53557812e-08,1.90850000e-01
3.53957812e-08,1.91103125e-01
3.54357813e-08,1.91357813e-01
3.54757813e-08,1.91267188e-01
3.55157812e-08,1.91323437e-01
3.55557812e-08,1.91282813e-01
3.55957812e-08,1.91314062e-01
3.56357812e-08,1.91289062e-01
3.56757812e-08,1.91309375e-01
3.57157813e-08,1.91292188e-01
3.57557812e-08,1.91306250e-01
3.57957812e-08,1.91293750e-01
3.58357812e-08,1.91304688e-01
3.58757812e-08,1.91295313e-01
3.59157812e-08,1.91303125e-01
3.59557812e-08,1.91296875e-01
3.59957813e-08,1.91301563e-01
3.60357812e-08,1.91298438e-01
3.60757812e-08,1.91301563e-01
3.61157812e-08,1.91300000e-01
3.61557812e-08,1.91300000e-01
3.61957812e-08,1.91301563e-01
3.62357812e-08,1.91298438e-01
3.62757813e-08,1.91303125e-01
3.63157812e-08,1.91296875e-01
3.63557812e-08,1.91304688e-01
3.63957812e-08,1.91293750e-01
3.64357812e-08,1.91307813e-01
3.64757812e-08,1.91290625e-01
3.65157812e-08,1.91310938e-01
3.65557813e-08,1.91284375e-01
3.65957812e-08,1.91320313e-01
3.66357812e-08,1.91268750e-01
3.66757812e-08,1.91356250e-01
3.67157812e-08,1.91090625e-01
3.67557812e-08,1.90848437e-01
3.67957812e-08,1.90926563e-01
3.68357813e-08,1.90884375e-01
3.68757812e-08,1.90909375e-01
3.69157812e-08,1.90895312e-01
3.69557812e-08,1.90900000e-01
3.69957812e-08,1.90906250e-01
3.70357812e-08,1.90882812e-01
3.70757812e-08,1.90943750e-01
3.71157813e-08,1.90703125e-01
3.71557812e-08,1.90434375e-01
3.71957812e-08,1.90540625e-01
3.72357812e-08,1.90468750e-01
3.72757812e-08,1.90526562e-01
3.73157812e-08,1.90476563e-01
3.73557813e-08,1.90521875e-01
3.73957813e-08,1.90478125e-01
3.74357812e-08,1.90520313e-01
3.74757812e-08,1.90478125e-01
3.75157812e-08,1.90521875e-01
3.75557812e-08,1.90475000e-01
3.75957812e-08,1.90528125e-01
3.76357813e-08,1.90462500e-01
3.76757812e-08,1.90562500e-01
3.77157812e-08,1.90285938e-01
3.77557812e-08,1.90051562e-01
3.77957812e-08,1.90125000e-01
3.78357812e-08,1.90084375e-01
3.78757812e-08,1.90110938e-01
3.79157813e-08,1.90092188e-01
3.79557812e-08,1.90106250e-01
3.79957812e-08,1.90093750e-01
3.80357812e-08,1.90104688e-01
3.80757812e-08,1.90095313e-01
3.81157812e-08,1.90104688e-01
3.81557812e-08,1.90095313e-01
3.81957813e-08,1.90104688e-01
3.82357812e-08,1.90095313e-01
3.82757812e-08,1.90104688e-01
3.83157812e-08,1.90095313e-01
3.83557812e-08,1.90106250e-01
3.83957812e-08,1.90093750e-01
3.84357812e-08,1.90107813e-01
3.84757813e-08,1.90090625e-01
3.85157812e-08,1.90110938e-01
3.85557812e-08,1.90085937e-01
3.85957812e-08,1.90118750e-01
3.86357812e-08,1.90071875e-01
3.86757812e-08,1.90153125e-01
3.87157812e-08,1.89893750e-01
3.87557813e-08,1.89643750e-01
3.87957812e-08,1.89732813e-01
3.88357812e-08,1.89676563e-01
3.88757812e-08,1.89718750e-01
3.89157812e-08,1.89684375e-01
3.89557812e-08,1.89714063e-01
3.89957812e-08,1.89687500e-01
3.90357813e-08,1.89712500e-01
3.90757812e-08,1.89687500e-01
3.91157812e-08,1.89712500e-01
3.91557812e-08,1.89687500e-01
3.91957812e-08,1.89712500e-01
3.92357812e-08,1.89685938e-01
3.92757812e-08,1.89715625e-01
3.93157813e-08,1.89681250e-01
3.93557812e-08,1.89723438e-01
3.93957812e-08,1.89667188e-01
3.94357812e-08,1.89756250e-01
3.94757812e-08,1.89490625e-01
3.95157812e-08,1.89246875e-01
3.95557813e-08,1.89329688e-01
3.95957812e-08,1.89279688e-01
3.96357812e-08,1.89315625e-01
3.96757812e-08,1.89287500e-01
3.97157812e-08,1.89310937e-01
3.97557812e-08,1.89290625e-01
3.97957812e-08,1.89309375e-01
3.98357813e-08,1.89292188e-01
3.98757812e-08,1.89307813e-01
3.99157812e-08,1.89292188e-01
3.99557812e-08,1.89307813e-01
3.99957812e-08,1.89292188e-01
4.00357812e-08,1.89307813e-01
4.00757812e-08,1.89292188e-01
4.01157813e-08,1.89307813e-01
4.01557812e-08,1.89292188e-01
4.01957812e-08,1.89307813e-01
4.02357812e-08,1.89290625e-01
4.02757812e-08,1.89309375e-01
4.03157812e-08,1.89289062e-01
4.03557812e-08,1.89310937e-01
4.03957813e-08,1.89287500e-01
4.04357812e-08,1.89315625e-01
4.04757812e-08,1.89282813e-01
4.05157812e-08,1.89323437e-01
4.05557812e-08,1.89267188e-01
4.05957812e-08,1.89357813e-01
4.06357812e-08,1.89089063e-01
4.06757813e-08,1.88848438e-01
4.07157812e-08,1.88928125e-01
4.07557812e-08,1.88881250e-01
4.07957812e-08,1.88914063e-01
4.08357812e-08,1.88889063e-01
4.08757812e-08,1.88907812e-01
4.09157812e-08,1.88893750e-01
4.09557813e-08,1.88906250e-01
4.09957812e-08,1.88895312e-01
4.10357812e-08,1.88904688e-01
4.10757812e-08,1.88896875e-01
4.11157812e-08,1.88903125e-01
4.11557812e-08,1.88896875e-01
4.11957812e-08,1.88901563e-01
4.12357813e-08,1.88898438e-01
4.12757812e-08,1.88901563e-01
4.13157812e-08,1.88898438e-01
4.13557812e-08,1.88901563e-01
4.13957812e-08,1.88900000e-01
4.14357812e-08,1.88900000e-01
4.14757812e-08,1.88900000e-01
4.15157812e-08,1.88900000e-01
4.15557812e-08,1.88900000e-01
4.15957812e-08,1.88900000e-01
4.16357812e-08,1.88900000e-01
4.16757812e-08,1.88900000e-01
4.17157812e-08,1.88901563e-01
4.17557813e-08,1.88898438e-01
4.17957812e-08,1.88901563e-01
4.18357812e-08,1.88898438e-01
4.18757812e-08,1.88901563e-01
4.19157812e-08,1.88898438e-01
4.19557812e-08,1.88901563e-01
4.19957812e-08,1.88898438e-01
4.20357813e-08,1.88901563e-01
4.20757812e-08,1.88896875e-01
4.21157812e-08,1.88903125e-01
4.21557812e-08,1.88896875e-01
4.21957812e-08,1.88903125e-01
4.22357812e-08,1.88896875e-01
4.22757812e-08,1.88903125e-01
4.23157813e-08,1.88896875e-01
4.23557812e-08,1.88903125e-01
4.23957812e-08,1.88896875e-01
4.24357812e-08,1.88904688e-01
4.24757812e-08,1.88895312e-01
4.25157812e-08,1.88904688e-01
4.25557812e-08,1.88895312e-01
4.25957813e-08,1.88904688e-01
4.26357812e-08,1.88895312e-01
4.26757812e-08,1.88906250e-01
4.27157812e-08,1.88893750e-01
4.27557812e-08,1.88906250e-01
4.27957812e-08,1.88892188e-01
4.28357812e-08,1.88907812e-01
4.28757813e-08,1.88892188e-01
4.29157812e-08,1.88909375e-01
4.29557812e-08,1.88890625e-01
4.29957812e-08,1.88910938e-01
4.30357812e-08,1.88887500e-01
4.30757812e-08,1.88915625e-01
4.31157812e-08,1.88881250e-01
4.31557813e-08,1.88923438e-01
4.31957812e-08,1.88867188e-01
4.32357812e-08,1.88957813e-01
4.32757812e-08,1.88689063e-01
4.33157812e-08,1.88448438e-01
4.33557812e-08,1.88526562e-01
4.33957812e-08,1.88482813e-01
4.34357812e-08,1.88512500e-01
4.34757812e-08,1.88490625e-01
4.35157812e-08,1.88507813e-01
4.35557812e-08,1.88493750e-01
4.35957812e-08,1.88504688e-01
4.36357812e-08,1.88496875e-01
4.36757812e-08,1.88501562e-01
4.37157812e-08,1.88498438e-01
4.37557812e-08,1.88501562e-01
4.37957812e-08,1.88500000e-01
4.38357812e-08,1.88500000e-01
4.38757812e-08,1.88500000e-01
4.39157812e-08,1.88498438e-01
4.39557813e-08,1.88501562e-01
4.39957812e-08,1.88498438e-01
4.40357812e-08,1.88503125e-01
4.40757812e-08,1.88496875e-01
4.41157812e-08,1.88503125e-01
4.41557812e-08,1.88496875e-01
4.41957812e-08,1.88504688e-01
4.42357813e-08,1.88495313e-01
4.42757812e-08,1.88504688e-01
4.43157812e-08,1.88493750e-01
4.43557812e-08,1.88506250e-01
4.43957812e-08,1.88492188e-01
4.44357812e-08,1.88509375e-01
4.44757812e-08,1.88490625e-01
4.45157813e-08,1.88510938e-01
4.45557812e-08,1.88485938e-01
4.45957812e-08,1.88517188e-01
4.46357812e-08,1.88478125e-01
4.46757812e-08,1.88532813e-01
4.47157812e-08,1.88442187e-01
4.47557812e-08,1.88710938e-01
4.47957813e-08,1.88951563e-01
4.48357812e-08,1.88871875e-01
4.48757812e-08,1.88918750e-01
4.49157812e-08,1.88887500e-01
4.49557812e-08,1.88909375e-01
4.49957812e-08,1.88892188e-01
4.50357812e-08,1.88906250e-01
4.50757813e-08,1.88895312e-01
4.51157812e-08,1.88903125e-01
4.51557812e-08,1.88896875e-01
4.51957812e-08,1.88901563e-01
4.52357812e-08,1.88898438e-01
4.52757812e-08,1.88900000e-01
4.53157812e-08,1.88900000e-01
4.53557812e-08,1.88900000e-01
4.53957812e-08,1.88901563e-01
4.54357812e-08,1.88898438e-01
4.54757812e-08,1.88901563e-01
4.55157812e-08,1.88896875e-01
4.55557812e-08,1.88903125e-01
4.55957812e-08,1.88896875e-01
4.56357812e-08,1.88903125e-01
4.56757812e-08,1.88895312e-01
4.57157812e-08,1.88904688e-01
4.57557812e-08,1.88893750e-01
4.57957812e-08,1.88906250e-01
4.58357812e-08,1.88892188e-01
4.58757812e-08,1.88907812e-01
4.59157812e-08,1.88890625e-01
4.59557812e-08,1.88910938e-01
4.59957812e-08,1.88885938e-01
4.60357812e-08,1.88917188e-01
4.60757812e-08,1.88878125e-01
4.61157812e-08,1.88931250e-01
4.61557813e-08,1.88843750e-01
4.61957812e-08,1.89109375e-01
4.62357812e-08,1.89353125e-01
4.62757812e-08,1.89270313e-01
4.63157812e-08,1.89321875e-01
4.63557812e-08,1.89281250e-01
4.63957812e-08,1.89317188e-01
4.64357813e-08,1.89281250e-01
4.64757812e-08,1.89326563e-01
4.65157812e-08,1.89251562e-01
4.65557812e-08,1.89500000e-01
4.65957812e-08,1.89765625e-01
4.66357812e-08,1.89654688e-01
4.66757812e-08,1.89739062e-01
4.67157813e-08,1.89659375e-01
4.67557812e-08,1.89748438e-01
4.67957812e-08,1.89626563e-01
4.68357812e-08,1.89926563e-01
4.68757812e-08,1.90135938e-01
4.69157812e-08,1.90089063e-01
4.69557812e-08,1.90098437e-01
4.69957813e-08,1.90109375e-01
4.70357812e-08,1.90082813e-01
4.70757812e-08,1.90129688e-01
4.71157812e-08,1.90043750e-01
4.71557812e-08,1.90312500e-01
4.71957812e-08,1.90548438e-01
4.72357812e-08,1.90478125e-01
4.72757812e-08,1.90509375e-01
4.73157812e-08,1.90498438e-01
4.73557812e-08,1.90492188e-01
4.73957812e-08,1.90520313e-01
4.74357812e-08,1.90453125e-01
4.74757812e-08,1.90701563e-01
4.75157812e-08,1.90959375e-01
4.75557812e-08,1.90865625e-01
4.75957812e-08,1.90923438e-01
4.76357812e-08,1.90882812e-01
4.76757812e-08,1.90914063e-01
4.77157812e-08,1.90889063e-01
4.77557812e-08,1.90907812e-01
4.77957812e-08,1.90893750e-01
4.78357812e-08,1.90903125e-01
4.78757812e-08,1.90900000e-01
4.79157812e-08,1.90896875e-01
4.79557812e-08,1.90906250e-01
4.79957812e-08,1.90887500e-01
4.80357812e-08,1.90921875e-01
4.80757812e-08,1.90851563e-01
4.81157812e-08,1.91101563e-01
4.81557812e-08,1.91359375e-01
4.81957812e-08,1.91264062e-01
4.82357812e-08,1.91325000e-01
4.82757812e-08,1.91279688e-01
4.83157812e-08,1.91317188e-01
4.83557813e-08,1.91285938e-01
4.83957812e-08,1.91312500e-01
4.84357812e-08,1.91289062e-01
4.84757812e-08,1.91309375e-01
4.85157812e-08,1.91292188e-01
4.85557812e-08,1.91307813e-01
4.85957812e-08,1.91293750e-01
4.86357813e-08,1.91304688e-01
4.86757812e-08,1.91295313e-01
4.87157812e-08,1.91303125e-01
4.87557812e-08,1.91298438e-01
4.87957812e-08,1.91300000e-01
4.88357812e-08,1.91301563e-01
4.88757812e-08,1.91295313e-01
4.89157812e-08,1.91307813e-01
4.89557812e-08,1.91287500e-01
4.89957812e-08,1.91323437e-01
4.90357812e-08,1.91251562e-01
4.90757812e-08,1.91501562e-01
4.91157812e-08,1.91760938e-01
4.91557812e-08,1.91664063e-01
4.91957812e-08,1.91726563e-01
4.92357812e-08,1.91678125e-01
4.92757812e-08,1.91718750e-01
4.93157812e-08,1.91682813e-01
4.93557812e-08,1.91715625e-01
4.93957812e-08,1.91685938e-01
4.94357812e-08,1.91712500e-01
4.94757812e-08,1.91687500e-01
4.95157812e-08,1.91710938e-01
4.95557812e-08,1.91689063e-01
4.95957812e-08,1.91710938e-01
4.96357812e-08,1.91689063e-01
4.96757812e-08,1.91709375e-01
4.97157812e-08,1.91690625e-01
4.97557812e-08,1.91709375e-01
4.97957812e-08,1.91690625e-01
4.98357812e-08,1.91709375e-01
4.98757812e-08,1.91689063e-01
4.99157812e-08,1.91710938e-01
4.99557812e-08,1.91687500e-01
4.99957812e-08,1.91714063e-01
5.00357812e-08,1.91684375e-01
5.00757812e-08,1.91720313e-01
5.01157812e-08,1.91670312e-01
5.01557812e-08,1.91753125e-01
5.01957812e-08,1.91493750e-01
5.02357812e-08,1.91242187e-01
5.02757813e-08,1.91334375e-01
5.03157812e-08,1.91273438e-01
5.03557812e-08,1.91323437e-01
5.03957812e-08,1.91278125e-01
5.04357812e-08,1.91321875e-01
5.04757812e-08,1.91275000e-01
5.05157812e-08,1.91328125e-01
5.05557813e-08,1.91262500e-01
5.05957812e-08,1.91362500e-01
5.06357812e-08,1.91084375e-01
5.06757812e-08,1.90854688e-01
5.07157812e-08,1.90920312e-01
5.07557812e-08,1.90889063e-01
5.07957812e-08,1.90904688e-01
5.08357812e-08,1.90901563e-01
5.08757812e-08,1.90893750e-01
5.09157812e-08,1.90912500e-01
5.09557812e-08,1.90876563e-01
5.09957812e-08,1.90948438e-01
5.10357812e-08,1.90696875e-01
5.10757812e-08,1.90442187e-01
5.11157812e-08,1.90534375e-01
5.11557812e-08,1.90476563e-01
5.11957812e-08,1.90518750e-01
5.12357812e-08,1.90485938e-01
5.12757812e-08,1.90510938e-01
5.13157812e-08,1.90490625e-01
5.13557812e-08,1.90506250e-01
5.13957812e-08,1.90495313e-01
5.14357812e-08,1.90503125e-01
5.14757812e-08,1.90500000e-01
5.15157812e-08,1.90495313e-01
5.15557812e-08,1.90509375e-01
5.15957812e-08,1.90479687e-01
5.16357812e-08,1.90545313e-01
5.16757812e-08,1.90301563e-01
5.17157812e-08,1.90035938e-01
5.17557812e-08,1.90139063e-01
5.17957812e-08,1.90070313e-01
5.18357812e-08,1.90125000e-01
5.18757812e-08,1.90078125e-01
5.19157812e-08,1.90118750e-01
5.19557812e-08,1.90082813e-01
5.19957812e-08,1.90115625e-01
5.20357812e-08,1.90084375e-01
5.20757812e-08,1.90114063e-01
5.21157812e-08,1.90085937e-01
5.21557812e-08,1.90112500e-01
5.21957812e-08,1.90087500e-01
5.22357812e-08,1.90112500e-01
5.22757812e-08,1.90087500e-01
5.23157812e-08,1.90110938e-01
5.23557812e-08,1.90089063e-01
5.23957812e-08,1.90110938e-01
5.24357812e-08,1.90089063e-01
5.24757813e-08,1.90110938e-01
5.25157812e-08,1.90089063e-01
5.25557812e-08,1.90110938e-01
5.25957812e-08,1.90090625e-01
5.26357812e-08,1.90109375e-01
5.26757812e-08,1.90090625e-01
5.27157812e-08,1.90109375e-01
5.27557812e-08,1.90090625e-01
5.27957812e-08,1.90109375e-01
5.28357812e-08,1.90090625e-01
5.28757812e-08,1.90109375e-01
5.29157812e-08,1.90090625e-01
5.29557812e-08,1.90109375e-01
5.29957812e-08,1.90090625e-01
5.30357812e-08,1.90110938e-01
5.30757812e-08,1.90089063e-01
5.31157812e-08,1.90110938e-01
5.31557812e-08,1.90089063e-01
5.31957812e-08,1.90110938e-01
5.32357812e-08,1.90087500e-01
5.32757812e-08,1.90112500e-01
5.33157812e-08,1.90087500e-01
5.33557812e-08,1.90114063e-01
5.33957812e-08,1.90084375e-01
5.34357812e-08,1.90117188e-01
5.34757812e-08,1.90079688e-01
5.35157812e-08,1.90125000e-01
5.35557812e-08,1.90065625e-01
5.35957812e-08,1.90159375e-01
5.36357812e-08,1.89887500e-01
5.36757812e-08,1.89650000e-01
5.37157812e-08,1.89725000e-01
5.37557812e-08,1.89682813e-01
5.37957812e-08,1.89710938e-01
5.38357812e-08,1.89692187e-01
5.38757812e-08,1.89706250e-01
5.39157812e-08,1.89695313e-01
5.39557812e-08,1.89704687e-01
5.39957812e-08,1.89696875e-01
5.40357812e-08,1.89703125e-01
5.40757812e-08,1.89698438e-01
5.41157812e-08,1.89701563e-01
5.41557812e-08,1.89698438e-01
5.41957812e-08,1.89701563e-01
5.42357812e-08,1.89698438e-01
5.42757812e-08,1.89701563e-01
5.43157812e-08,1.89700000e-01
5.43557812e-08,1.89700000e-01
5.43957812e-08,1.89700000e-01
5.44357812e-08,1.89700000e-01
5.44757812e-08,1.89700000e-01
5.45157812e-08,1.89700000e-01
5.45557812e-08,1.89700000e-01
5.45957812e-08,1.89700000e-01
5.46357812e-08,1.89700000e-01
5.46757812e-08,1.89700000e-01
5.47157812e-08,1.89700000e-01
5.47557812e-08,1.89700000e-01
5.47957812e-08,1.89700000e-01
5.48357812e-08,1.89701563e-01
5.48757812e-08,1.89698438e-01
5.49157812e-08,1.89701563e-01
5.49557812e-08,1.89698438e-01
5.49957812e-08,1.89701563e-01
5.50357812e-08,1.89698438e-01
5.50757812e-08,1.89701563e-01
5.51157812e-08,1.89698438e-01
5.51557812e-08,1.89703125e-01
5.51957812e-08,1.89696875e-01
5.52357812e-08,1.89703125e-01
5.52757812e-08,1.89695313e-01
5.53157812e-08,1.89704687e-01
5.53557812e-08,1.89693750e-01
5.53957812e-08,1.89707813e-01
5.54357812e-08,1.89690625e-01
5.54757812e-08,1.89712500e-01
5.55157812e-08,1.89682813e-01
5.55557812e-08,1.89726563e-01
5.55957812e-08,1.89648438e-01
5.56357812e-08,1.89904688e-01
5.56757812e-08,1.90157812e-01
5.57157812e-08,1.90067188e-01
5.57557812e-08,1.90123438e-01
5.57957812e-08,1.90081250e-01
5.58357812e-08,1.90115625e-01
5.58757812e-08,1.90085937e-01
5.59157812e-08,1.90112500e-01
5.59557812e-08,1.90087500e-01
5.59957812e-08,1.90110938e-01
5.60357812e-08,1.90089063e-01
5.60757812e-08,1.90110938e-01
5.61157812e-08,1.90089063e-01
5.61557812e-08,1.90110938e-01
5.61957812e-08,1.90089063e-01
5.62357812e-08,1.90110938e-01
5.62757812e-08,1.90089063e-01
5.63157812e-08,1.90112500e-01
5.63557812e-08,1.90085937e-01
5.63957812e-08,1.90117188e-01
5.64357812e-08,1.90078125e-01
5.64757812e-08,1.90129688e-01
5.65157812e-08,1.90045313e-01
5.65557812e-08,1.90307813e-01
5.65957812e-08,1.90556250e-01
5.66357812e-08,1.90467187e-01
5.66757812e-08,1.90525000e-01
5.67157812e-08,1.90479687e-01
5.67557812e-08,1.90520313e-01
5.67957812e-08,1.90479687e-01
5.68357812e-08,1.90521875e-01
5.68757812e-08,1.90473438e-01
5.69157812e-08,1.90535938e-01
5.69557812e-08,1.90440625e-01
5.69957812e-08,1.90714063e-01
5.70357812e-08,1.90948438e-01
5.70757812e-08,1.90876563e-01
5.71157812e-08,1.90914063e-01
5.71557812e-08,1.90893750e-01
5.71957812e-08,1.90898438e-01
5.72357812e-08,1.90912500e-01
5.72757812e-08,1.90862500e-01
5.73157812e-08,1.91090625e-01
5.73557812e-08,1.91373438e-01
5.73957812e-08,1.91248438e-01
5.74357812e-08,1.91343750e-01
5.74757812e-08,1.91256250e-01
5.75157812e-08,1.91351563e-01
5.75557812e-08,1.91226563e-01
5.75957812e-08,1.91526562e-01
5.76357812e-08,1.91735938e-01
5.76757812e-08,1.91687500e-01
5.77157812e-08,1.91701563e-01
5.77557812e-08,1.91704687e-01
5.77957812e-08,1.91689063e-01
5.78357812e-08,1.91721875e-01
5.78757812e-08,1.91653125e-01
5.79157812e-08,1.91900000e-01
5.79557812e-08,1.92162500e-01
5.79957812e-08,1.92060938e-01
5.80357812e-08,1.92131250e-01
5.80757812e-08,1.92071875e-01
5.81157812e-08,1.92128125e-01
5.81557812e-08,1.92068750e-01
5.81957812e-08,1.92139063e-01
5.82357812e-08,1.92035938e-01
5.82757812e-08,1.92315625e-01
5.83157812e-08,1.92546875e-01
5.83557812e-08,1.92476563e-01
5.83957812e-08,1.92514062e-01
5.84357812e-08,1.92490625e-01
5.84757812e-08,1.92506250e-01
5.85157812e-08,1.92496875e-01
5.85557812e-08,1.92500000e-01
5.85957812e-08,1.92501563e-01
5.86357812e-08,1.92495313e-01
5.86757812e-08,1.92507813e-01
5.87157812e-08,1.92485938e-01
5.87557812e-08,1.92523438e-01
5.87957812e-08,1.92451563e-01
5.88357812e-08,1.92701563e-01
5.88757812e-08,1.92960938e-01
5.89157812e-08,1.92864063e-01
5.89557812e-08,1.92926563e-01
5.89957812e-08,1.92878125e-01
5.90357812e-08,1.92918750e-01
5.90757812e-08,1.92882813e-01
5.91157812e-08,1.92915625e-01
5.91557812e-08,1.92885937e-01
5.91957812e-08,1.92914063e-01
5.92357812e-08,1.92887500e-01
5.92757812e-08,1.92912500e-01
5.93157812e-08,1.92887500e-01
5.93557812e-08,1.92910938e-01
5.93957812e-08,1.92889063e-01
5.94357812e-08,1.92910938e-01
5.94757812e-08,1.92889063e-01
5.95157812e-08,1.92910938e-01
5.95557812e-08,1.92889063e-01
5.95957812e-08,1.92910938e-01
5.96357812e-08,1.92889063e-01
5.96757812e-08,1.92910938e-01
5.97157812e-08,1.92887500e-01
5.97557812e-08,1.92912500e-01
5.97957813e-08,1.92887500e-01
5.98357812e-08,1.92914063e-01
5.98757813e-08,1.92884375e-01
5.99157812e-08,1.92917188e-01
5.99557812e-08,1.92879688e-01
5.99957812e-08,1.92925000e-01
6.00357812e-08,1.92865625e-01
6.00757813e-08,1.92959375e-01
6.01157812e-08,1.92689063e-01
6.01557813e-08,1.92448438e-01
6.01957812e-08,1.92528125e-01
6.02357812e-08,1.92481250e-01
6.02757812e-08,1.92514062e-01
6.03157812e-08,1.92487500e-01
6.03557813e-08,1.92510938e-01
6.03957812e-08,1.92489063e-01
6.04357812e-08,1.92510938e-01
6.04757812e-08,1.92485938e-01
6.05157812e-08,1.92517188e-01
6.05557812e-08,1.92473438e-01
6.05957812e-08,1.92550000e-01
6.06357813e-08,1.92296875e-01
6.06757812e-08,1.92039062e-01
6.07157812e-08,1.92137500e-01
6.07557812e-08,1.92070313e-01
6.07957812e-08,1.92128125e-01
6.08357812e-08,1.92071875e-01
6.08757812e-08,1.92131250e-01
6.09157813e-08,1.92060938e-01
6.09557812e-08,1.92162500e-01
6.09957812e-08,1.91885937e-01
6.10357812e-08,1.91651563e-01
6.10757812e-08,1.91726563e-01
6.11157812e-08,1.91681250e-01
6.11557812e-08,1.91714063e-01
6.11957813e-08,1.91687500e-01
6.12357812e-08,1.91714063e-01
6.12757812e-08,1.91684375e-01
6.13157812e-08,1.91718750e-01
6.13557812e-08,1.91671875e-01
6.13957812e-08,1.91751563e-01
6.14357812e-08,1.91495313e-01
6.14757813e-08,1.91242187e-01
6.15157812e-08,1.91334375e-01
6.15557812e-08,1.91273438e-01
6.15957812e-08,1.91321875e-01
6.16357812e-08,1.91281250e-01
6.16757812e-08,1.91317188e-01
6.17157812e-08,1.91282813e-01
6.17557813e-08,1.91315625e-01
6.17957812e-08,1.91284375e-01
6.18357812e-08,1.91315625e-01
6.18757812e-08,1.91284375e-01
6.19157812e-08,1.91315625e-01
6.19557812e-08,1.91282813e-01
6.19957812e-08,1.91317188e-01
6.20357813e-08,1.91281250e-01
6.20757812e-08,1.91320313e-01
6.21157812e-08,1.91276562e-01
6.21557812e-08,1.91329688e-01
6.21957812e-08,1.91260938e-01
6.22357813e-08,1.91364063e-01
6.22757812e-08,1.91082813e-01
6.23157813e-08,1.90854688e-01
6.23557812e-08,1.90921875e-01
6.23957812e-08,1.90887500e-01
6.24357812e-08,1.90906250e-01
6.24757812e-08,1.90896875e-01
6.25157813e-08,1.90901563e-01
6.25557812e-08,1.90900000e-01
6.25957813e-08,1.90898438e-01
6.26357812e-08,1.90903125e-01
6.26757812e-08,1.90896875e-01
6.27157812e-08,1.90904688e-01
6.27557812e-08,1.90893750e-01
6.27957813e-08,1.90906250e-01
6.28357812e-08,1.90892188e-01
6.28757813e-08,1.90907812e-01
6.29157812e-08,1.90890625e-01
6.29557812e-08,1.90910938e-01
6.29957812e-08,1.90887500e-01
6.30357812e-08,1.90915625e-01
6.30757813e-08,1.90881250e-01
6.31157812e-08,1.90923438e-01
6.31557813e-08,1.90865625e-01
6.31957812e-08,1.90959375e-01
6.32357812e-08,1.90687500e-01
6.32757812e-08,1.90450000e-01
6.33157812e-08,1.90526562e-01
6.33557813e-08,1.90484375e-01
6.33957812e-08,1.90510938e-01
6.34357813e-08,1.90492188e-01
6.34757812e-08,1.90504688e-01
6.35157812e-08,1.90496875e-01
6.35557812e-08,1.90501562e-01
6.35957812e-08,1.90500000e-01
6.36357813e-08,1.90500000e-01
6.36757812e-08,1.90501562e-01
6.37157813e-08,1.90496875e-01
6.37557812e-08,1.90504688e-01
6.37957812e-08,1.90495313e-01
6.38357812e-08,1.90506250e-01
6.38757812e-08,1.90490625e-01
6.39157813e-08,1.90510938e-01
6.39557812e-08,1.90485938e-01
6.39957813e-08,1.90520313e-01
6.40357812e-08,1.90470313e-01
6.40757812e-08,1.90554688e-01
6.41157812e-08,1.90292188e-01
6.41557812e-08,1.90046875e-01
6.41957813e-08,1.90129688e-01
6.42357812e-08,1.90079688e-01
6.42757812e-08,1.90114063e-01
6.43157812e-08,1.90089063e-01
6.43557812e-08,1.90109375e-01
6.43957812e-08,1.90092188e-01
6.44357812e-08,1.90106250e-01
6.44757813e-08,1.90095313e-01
6.45157812e-08,1.90103125e-01
6.45557812e-08,1.90096875e-01
6.45957812e-08,1.90101563e-01
6.46357812e-08,1.90100000e-01
6.46757812e-08,1.90100000e-01
6.47157812e-08,1.90101563e-01
6.47557813e-08,1.90096875e-01
6.47957812e-08,1.90104688e-01
6.48357812e-08,1.90093750e-01
6.48757812e-08,1.90107813e-01
6.49157812e-08,1.90089063e-01
6.49557812e-08,1.90117188e-01
6.49957812e-08,1.90073437e-01
6.50357813e-08,1.90151563e-01
6.50757812e-08,1.89895312e-01
6.51157812e-08,1.89642188e-01
6.51557812e-08,1.89732813e-01
6.51957812e-08,1.89676563e-01
6.52357812e-08,1.89718750e-01
6.52757812e-08,1.89684375e-01
6.53157813e-08,1.89712500e-01
6.53557812e-08,1.89689063e-01
6.53957812e-08,1.89709375e-01
6.54357812e-08,1.89692187e-01
6.54757812e-08,1.89707813e-01
6.55157812e-08,1.89693750e-01
6.55557812e-08,1.89704687e-01
6.55957813e-08,1.89696875e-01
6.56357812e-08,1.89700000e-01
6.56757812e-08,1.89703125e-01
6.57157812e-08,1.89692187e-01
6.57557812e-08,1.89717187e-01
6.57957812e-08,1.89659375e-01
6.58357812e-08,1.89893750e-01
6.58757813e-08,1.90168750e-01
6.59157812e-08,1.90054688e-01
6.59557812e-08,1.90137500e-01
6.59957812e-08,1.90065625e-01
6.60357812e-08,1.90132812e-01
6.60757812e-08,1.90067188e-01
6.61157812e-08,1.90134375e-01
6.61557813e-08,1.90060937e-01
6.61957812e-08,1.90148438e-01
6.62357812e-08,1.90026562e-01
6.62757812e-08,1.90326563e-01
6.63157812e-08,1.90534375e-01
6.63557812e-08,1.90490625e-01
6.63957812e-08,1.90498438e-01
6.64357813e-08,1.90509375e-01
6.64757812e-08,1.90481250e-01
6.65157812e-08,1.90529688e-01
6.65557812e-08,1.90443750e-01
6.65957812e-08,1.90710938e-01
6.66357813e-08,1.90948438e-01
6.66757812e-08,1.90876563e-01
6.67157813e-08,1.90912500e-01
6.67557812e-08,1.90896875e-01
6.67957812e-08,1.90895312e-01
6.68357812e-08,1.90915625e-01
6.68757812e-08,1.90857813e-01
6.69157813e-08,1.91096875e-01
6.69557812e-08,1.91365625e-01
6.69957813e-08,1.91259375e-01
6.70357812e-08,1.91331250e-01
6.70757812e-08,1.91273438e-01
6.71157812e-08,1.91323437e-01
6.71557812e-08,1.91278125e-01
6.71957813e-08,1.91321875e-01
6.72357812e-08,1.91276562e-01
6.72757813e-08,1.91325000e-01
6.73157812e-08,1.91271875e-01
6.73557812e-08,1.91337500e-01
6.73957812e-08,1.91239063e-01
6.74357812e-08,1.91514062e-01
6.74757813e-08,1.91748438e-01
6.75157812e-08,1.91675000e-01
6.75557813e-08,1.91717187e-01
6.75957812e-08,1.91687500e-01
6.76357812e-08,1.91709375e-01
6.76757812e-08,1.91692187e-01
6.77157812e-08,1.91707813e-01
6.77557813e-08,1.91693750e-01
6.77957812e-08,1.91706250e-01
6.78357813e-08,1.91693750e-01
6.78757812e-08,1.91706250e-01
6.79157812e-08,1.91693750e-01
6.79557812e-08,1.91706250e-01
6.79957812e-08,1.91693750e-01
6.80357813e-08,1.91707813e-01
6.80757812e-08,1.91692187e-01
6.81157812e-08,1.91709375e-01
6.81557812e-08,1.91689063e-01
6.81957812e-08,1.91712500e-01
6.82357812e-08,1.91684375e-01
6.82757812e-08,1.91720313e-01
6.83157813e-08,1.91668750e-01
6.83557812e-08,1.91756250e-01
6.83957812e-08,1.91490625e-01
6.84357812e-08,1.91246875e-01
6.84757812e-08,1.91329688e-01
6.85157812e-08,1.91279688e-01
6.85557812e-08,1.91314062e-01
6.85957813e-08,1.91289062e-01
6.86357812e-08,1.91309375e-01
6.86757812e-08,1.91293750e-01
6.87157812e-08,1.91304688e-01
6.87557812e-08,1.91296875e-01
6.87957812e-08,1.91303125e-01
6.88357812e-08,1.91300000e-01
6.88757813e-08,1.91298438e-01
6.89157812e-08,1.91303125e-01
6.89557812e-08,1.91293750e-01
6.89957812e-08,1.91312500e-01
6.90357812e-08,1.91278125e-01
6.90757812e-08,1.91346875e-01
6.91157812e-08,1.91100000e-01
6.91557813e-08,1.90837500e-01
6.91957812e-08,1.90937500e-01
6.92357812e-08,1.90871875e-01
6.92757812e-08,1.90923438e-01
6.93157812e-08,1.90879688e-01
6.93557812e-08,1.90918750e-01
6.93957812e-08,1.90882812e-01
6.94357813e-08,1.90915625e-01
6.94757812e-08,1.90885938e-01
6.95157812e-08,1.90914063e-01
6.95557812e-08,1.90885938e-01
6.95957812e-08,1.90912500e-01
6.96357812e-08,1.90887500e-01
6.96757812e-08,1.90912500e-01
6.97157813e-08,1.90887500e-01
6.97557812e-08,1.90912500e-01
6.97957812e-08,1.90889063e-01
6.98357812e-08,1.90910938e-01
6.98757812e-08,1.90889063e-01
6.99157812e-08,1.90910938e-01
6.99557812e-08,1.90889063e-01
6.99957813e-08,1.90910938e-01
7.00357812e-08,1.90889063e-01
7.00757812e-08,1.90910938e-01
7.01157812e-08,1.90889063e-01
7.01557812e-08,1.90910938e-01
7.01957812e-08,1.90887500e-01
7.02357812e-08,1.90912500e-01
7.02757813e-08,1.90887500e-01
7.03157812e-08,1.90912500e-01
7.03557812e-08,1.90887500e-01
7.03957812e-08,1.90912500e-01
7.04357812e-08,1.90885938e-01
7.04757812e-08,1.90914063e-01
7.05157812e-08,1.90884375e-01
7.05557813e-08,1.90915625e-01
7.05957812e-08,1.90882812e-01
7.06357812e-08,1.90918750e-01
7.06757812e-08,1.90879688e-01
7.07157812e-08,1.90923438e-01
7.07557813e-08,1.90871875e-01
7.07957812e-08,1.90939063e-01
7.08357813e-08,1.90837500e-01
7.08757812e-08,1.91117188e-01
7.09157812e-08,1.91345313e-01
7.09557812e-08,1.91278125e-01
7.09957812e-08,1.91312500e-01
7.10357813e-08,1.91292188e-01
7.10757812e-08,1.91304688e-01
7.11157813e-08,1.91298438e-01
7.11557812e-08,1.91300000e-01
7.11957812e-08,1.91300000e-01
7.12357812e-08,1.91298438e-01
7.12757812e-08,1.91303125e-01
7.13157813e-08,1.91296875e-01
7.13557812e-08,1.91303125e-01
7.13957813e-08,1.91295313e-01
7.14357812e-08,1.91304688e-01
7.14757812e-08,1.91295313e-01
7.15157812e-08,1.91306250e-01
7.15557812e-08,1.91293750e-01
7.15957813e-08,1.91306250e-01
7.16357812e-08,1.91292188e-01
7.16757812e-08,1.91307813e-01
7.17157812e-08,1.91292188e-01
7.17557812e-08,1.91307813e-01
7.17957812e-08,1.91290625e-01
7.18357812e-08,1.91309375e-01
7.18757813e-08,1.91289062e-01
7.19157812e-08,1.91310938e-01
7.19557812e-08,1.91287500e-01
7.19957812e-08,1.91312500e-01
7.20357812e-08,1.91285938e-01
7.20757812e-08,1.91315625e-01
7.21157812e-08,1.91282813e-01
7.21557813e-08,1.91318750e-01
7.21957812e-08,1.91276562e-01
7.22357812e-08,1.91328125e-01
7.22757812e-08,1.91262500e-01
7.23157812e-08,1.91364063e-01
7.23557812e-08,1.91082813e-01
7.23957812e-08,1.90854688e-01
7.24357813e-08,1.90920312e-01
7.24757812e-08,1.90889063e-01
7.25157812e-08,1.90904688e-01
7.25557812e-08,1.90898438e-01
7.25957812e-08,1.90898438e-01
7.26357812e-08,1.90904688e-01
7.26757812e-08,1.90892188e-01
7.27157813e-08,1.90910938e-01
7.27557812e-08,1.90885938e-01
7.27957812e-08,1.90920312e-01
7.28357812e-08,1.90868750e-01
7.28757812e-08,1.90956250e-01
7.29157812e-08,1.90689063e-01
7.29557812e-08,1.90448438e-01
7.29957813e-08,1.90526562e-01
7.30357812e-08,1.90484375e-01
7.30757812e-08,1.90510938e-01
7.31157812e-08,1.90493750e-01
7.31557812e-08,1.90503125e-01
7.31957812e-08,1.90501562e-01
7.32357812e-08,1.90495313e-01
7.32757813e-08,1.90510938e-01
7.33157812e-08,1.90478125e-01
7.33557812e-08,1.90546875e-01
7.33957812e-08,1.90300000e-01
7.34357812e-08,1.90037500e-01
7.34757812e-08,1.90137500e-01
7.35157812e-08,1.90071875e-01
7.35557813e-08,1.90123438e-01
7.35957812e-08,1.90078125e-01
7.36357812e-08,1.90120312e-01
7.36757812e-08,1.90079688e-01
7.37157812e-08,1.90120312e-01
7.37557812e-08,1.90078125e-01
7.37957812e-08,1.90126563e-01
7.38357813e-08,1.90064063e-01
7.38757812e-08,1.90159375e-01
7.39157812e-08,1.89887500e-01
7.39557812e-08,1.89650000e-01
7.39957812e-08,1.89726563e-01
7.40357812e-08,1.89681250e-01
7.40757812e-08,1.89714063e-01
7.41157813e-08,1.89689063e-01
7.41557812e-08,1.89709375e-01
7.41957812e-08,1.89692187e-01
7.42357812e-08,1.89707813e-01
7.42757812e-08,1.89693750e-01
7.43157812e-08,1.89706250e-01
7.43557812e-08,1.89693750e-01
7.43957813e-08,1.89706250e-01
7.44357812e-08,1.89693750e-01
7.44757812e-08,1.89706250e-01
7.45157812e-08,1.89693750e-01
7.45557812e-08,1.89706250e-01
7.45957812e-08,1.89693750e-01
7.46357812e-08,1.89706250e-01
7.46757813e-08,1.89693750e-01
7.47157812e-08,1.89706250e-01
7.47557812e-08,1.89693750e-01
7.47957812e-08,1.89706250e-01
7.48357812e-08,1.89693750e-01
7.48757812e-08,1.89706250e-01
7.49157812e-08,1.89693750e-01
7.49557813e-08,1.89706250e-01
7.49957812e-08,1.89692187e-01
7.50357812e-08,1.89707813e-01
7.50757812e-08,1.89692187e-01
7.51157812e-08,1.89707813e-01
7.51557813e-08,1.89690625e-01
7.51957812e-08,1.89709375e-01
7.52357813e-08,1.89690625e-01
7.52757812e-08,1.89710938e-01
7.53157812e-08,1.89689063e-01
7.53557812e-08,1.89712500e-01
7.53957812e-08,1.89687500e-01
7.54357813e-08,1.89714063e-01
7.54757812e-08,1.89682813e-01
7.55157812e-08,1.89720313e-01
7.55557812e-08,1.89675000e-01
7.55957812e-08,1.89734375e-01
7.56357812e-08,1.89640625e-01
7.56757812e-08,1.89912500e-01
7.57157813e-08,1.90148438e-01
7.57557812e-08,1.90075000e-01
7.57957812e-08,1.90115625e-01
7.58357812e-08,1.90089063e-01
7.58757812e-08,1.90107813e-01
7.59157812e-08,1.90095313e-01
7.59557812e-08,1.90103125e-01
7.59957813e-08,1.90096875e-01
7.60357812e-08,1.90101563e-01
7.60757812e-08,1.90100000e-01
7.61157812e-08,1.90100000e-01
7.61557812e-08,1.90101563e-01
7.61957812e-08,1.90098437e-01
7.62357812e-08,1.90101563e-01
7.62757813e-08,1.90098437e-01
7.63157812e-08,1.90103125e-01
7.63557812e-08,1.90096875e-01
7.63957812e-08,1.90103125e-01
7.64357812e-08,1.90095313e-01
7.64757812e-08,1.90104688e-01
7.65157812e-08,1.90095313e-01
7.65557813e-08,1.90104688e-01
7.65957812e-08,1.90093750e-01
7.66357812e-08,1.90106250e-01
7.66757812e-08,1.90093750e-01
7.67157812e-08,1.90106250e-01
7.67557812e-08,1.90092188e-01
7.67957812e-08,1.90107813e-01
7.68357813e-08,1.90090625e-01
7.68757812e-08,1.90109375e-01
7.69157812e-08,1.90089063e-01
7.69557812e-08,1.90112500e-01
7.69957812e-08,1.90085937e-01
7.70357812e-08,1.90115625e-01
7.70757812e-08,1.90081250e-01
7.71157813e-08,1.90125000e-01
7.71557812e-08,1.90065625e-01
7.71957812e-08,1.90159375e-01
7.72357812e-08,1.89887500e-01
7.72757812e-08,1.89650000e-01
7.73157812e-08,1.89725000e-01
7.73557812e-08,1.89684375e-01
7.73957813e-08,1.89710938e-01
7.74357812e-08,1.89692187e-01
7.74757812e-08,1.89706250e-01
7.75157812e-08,1.89695313e-01
7.75557812e-08,1.89703125e-01
7.75957812e-08,1.89698438e-01
7.76357812e-08,1.89701563e-01
7.76757813e-08,1.89700000e-01
7.77157812e-08,1.89700000e-01
7.77557812e-08,1.89701563e-01
7.77957812e-08,1.89698438e-01
7.78357812e-08,1.89701563e-01
7.78757812e-08,1.89698438e-01
7.79157812e-08,1.89703125e-01
7.79557813e-08,1.89696875e-01
7.79957812e-08,1.89703125e-01
7.80357812e-08,1.89695313e-01
7.80757812e-08,1.89704687e-01
7.81157812e-08,1.89695313e-01
7.81557812e-08,1.89704687e-01
7.81957812e-08,1.89695313e-01
7.82357813e-08,1.89706250e-01
7.82757812e-08,1.89693750e-01
7.83157812e-08,1.89706250e-01
7.83557812e-08,1.89693750e-01
7.83957812e-08,1.89707813e-01
7.84357812e-08,1.89692187e-01
7.84757812e-08,1.89707813e-01
7.85157813e-08,1.89690625e-01
7.85557812e-08,1.89709375e-01
7.85957812e-08,1.89690625e-01
7.86357812e-08,1.89710938e-01
7.86757812e-08,1.89689063e-01
7.87157812e-08,1.89712500e-01
7.87557812e-08,1.89687500e-01
7.87957813e-08,1.89714063e-01
7.88357812e-08,1.89684375e-01
7.88757812e-08,1.89717187e-01
7.89157812e-08,1.89681250e-01
7.89557812e-08,1.89723438e-01
7.89957812e-08,1.89671875e-01
7.90357812e-08,1.89737500e-01
7.90757813e-08,1.89635938e-01
7.91157812e-08,1.89917188e-01
7.91557812e-08,1.90145312e-01
7.91957812e-08,1.90079688e-01
7.92357812e-08,1.90110938e-01
7.92757812e-08,1.90095313e-01
7.93157812e-08,1.90101563e-01
7.93557812e-08,1.90100000e-01
7.93957812e-08,1.90096875e-01
7.94357812e-08,1.90104688e-01
7.94757812e-08,1.90093750e-01
7.95157812e-08,1.90107813e-01
7.95557813e-08,1.90089063e-01
7.95957812e-08,1.90112500e-01
7.96357812e-08,1.90084375e-01
7.96757812e-08,1.90118750e-01
7.97157812e-08,1.90075000e-01
7.97557812e-08,1.90134375e-01
7.97957812e-08,1.90039062e-01
7.98357813e-08,1.90314063e-01
7.98757812e-08,1.90546875e-01
7.99157812e-08,1.90476563e-01
7.99557812e-08,1.90512500e-01
7.99957812e-08,1.90492188e-01
8.00357812e-08,1.90503125e-01
8.00757812e-08,1.90500000e-01
8.01157813e-08,1.90498438e-01
8.01557812e-08,1.90503125e-01
8.01957812e-08,1.90493750e-01
8.02357812e-08,1.90507813e-01
8.02757812e-08,1.90490625e-01
8.03157812e-08,1.90512500e-01
8.03557812e-08,1.90484375e-01
8.03957813e-08,1.90518750e-01
8.04357812e-08,1.90475000e-01
8.04757812e-08,1.90535938e-01
8.05157812e-08,1.90439063e-01
8.05557812e-08,1.90715625e-01
8.05957812e-08,1.90946875e-01
8.06357812e-08,1.90878125e-01
8.06757813e-08,1.90910938e-01
8.07157812e-08,1.90895312e-01
8.07557812e-08,1.90900000e-01
8.07957812e-08,1.90904688e-01
8.08357812e-08,1.90892188e-01
8.08757812e-08,1.90914063e-01
8.09157812e-08,1.90879688e-01
8.09557813e-08,1.90931250e-01
8.09957812e-08,1.90842188e-01
8.10357812e-08,1.91112500e-01
8.10757812e-08,1.91348437e-01
8.11157812e-08,1.91276562e-01
8.11557812e-08,1.91312500e-01
8.11957812e-08,1.91293750e-01
8.12357813e-08,1.91300000e-01
8.12757812e-08,1.91306250e-01
8.13157812e-08,1.91287500e-01
8.13557812e-08,1.91325000e-01
8.13957812e-08,1.91248438e-01
8.14357812e-08,1.91506250e-01
8.14757812e-08,1.91754688e-01
8.15157813e-08,1.91670312e-01
8.15557812e-08,1.91718750e-01
8.15957812e-08,1.91687500e-01
8.16357812e-08,1.91707813e-01
8.16757812e-08,1.91695313e-01
8.17157812e-08,1.91700000e-01
8.17557812e-08,1.91704687e-01
8.17957813e-08,1.91689063e-01
8.18357812e-08,1.91721875e-01
8.18757812e-08,1.91651563e-01
8.19157812e-08,1.91901563e-01
8.19557812e-08,1.92159375e-01
8.19957812e-08,1.92065625e-01
8.20357812e-08,1.92123437e-01
8.20757813e-08,1.92081250e-01
8.21157812e-08,1.92114063e-01
8.21557812e-08,1.92089063e-01
8.21957812e-08,1.92109375e-01
8.22357812e-08,1.92093750e-01
8.22757812e-08,1.92104688e-01
8.23157812e-08,1.92098437e-01
8.23557813e-08,1.92098437e-01
8.23957812e-08,1.92104688e-01
8.24357812e-08,1.92089063e-01
8.24757812e-08,1.92121875e-01
8.25157812e-08,1.92053125e-01
8.25557812e-08,1.92300000e-01
8.25957812e-08,1.92560938e-01
8.26357813e-08,1.92462500e-01
8.26757812e-08,1.92528125e-01
8.27157812e-08,1.92478125e-01
8.27557812e-08,1.92518750e-01
8.27957812e-08,1.92482813e-01
8.28357812e-08,1.92515625e-01
8.28757812e-08,1.92485938e-01
8.29157813e-08,1.92512500e-01
8.29557812e-08,1.92489063e-01
8.29957812e-08,1.92510938e-01
8.30357812e-08,1.92489063e-01
8.30757812e-08,1.92509375e-01
8.31157812e-08,1.92490625e-01
8.31557812e-08,1.92509375e-01
8.31957812e-08,1.92490625e-01
8.32357812e-08,1.92507813e-01
8.32757812e-08,1.92492188e-01
8.33157812e-08,1.92507813e-01
8.33557812e-08,1.92490625e-01
8.33957812e-08,1.92509375e-01
8.34357812e-08,1.92489063e-01
8.34757812e-08,1.92510938e-01
8.35157812e-08,1.92485938e-01
8.35557812e-08,1.92518750e-01
8.35957812e-08,1.92473438e-01
8.36357812e-08,1.92551562e-01
8.36757813e-08,1.92296875e-01
8.37157812e-08,1.92040625e-01
8.37557812e-08,1.92137500e-01
8.37957812e-08,1.92070313e-01
8.38357812e-08,1.92125000e-01
8.38757812e-08,1.92075000e-01
8.39157812e-08,1.92125000e-01
8.39557813e-08,1.92073437e-01
8.39957812e-08,1.92131250e-01
8.40357812e-08,1.92057813e-01
8.40757812e-08,1.92167188e-01
8.41157812e-08,1.91879688e-01
8.41557812e-08,1.91657812e-01
8.41957812e-08,1.91717187e-01
8.42357813e-08,1.91693750e-01
8.42757812e-08,1.91700000e-01
8.43157812e-08,1.91704687e-01
8.43557812e-08,1.91689063e-01
8.43957812e-08,1.91717187e-01
8.44357812e-08,1.91671875e-01
8.44757812e-08,1.91754688e-01
8.45157813e-08,1.91490625e-01
8.45557812e-08,1.91248438e-01
8.45957812e-08,1.91326563e-01
8.46357812e-08,1.91284375e-01
8.46757812e-08,1.91307813e-01
8.47157812e-08,1.91296875e-01
8.47557812e-08,1.91296875e-01
8.47957813e-08,1.91310938e-01
8.48357812e-08,1.91278125e-01
8.48757812e-08,1.91348437e-01
8.49157812e-08,1.91098437e-01
8.49557812e-08,1.90840625e-01
8.49957812e-08,1.90934375e-01
8.50357812e-08,1.90876563e-01
8.50757813e-08,1.90917188e-01
8.51157812e-08,1.90887500e-01
8.51557812e-08,1.90907812e-01
8.51957812e-08,1.90895312e-01
8.52357812e-08,1.90900000e-01
8.52757812e-08,1.90906250e-01
8.53157812e-08,1.90882812e-01
8.53557813e-08,1.90942187e-01
8.53957812e-08,1.90704687e-01
8.54357812e-08,1.90434375e-01
8.54757812e-08,1.90542188e-01
8.55157812e-08,1.90468750e-01
8.55557812e-08,1.90526562e-01
8.55957812e-08,1.90476563e-01
8.56357813e-08,1.90520313e-01
8.56757812e-08,1.90481250e-01
8.57157812e-08,1.90518750e-01
8.57557812e-08,1.90482813e-01
8.57957812e-08,1.90517188e-01
8.58357812e-08,1.90484375e-01
8.58757812e-08,1.90515625e-01
8.59157813e-08,1.90484375e-01
8.59557812e-08,1.90515625e-01
8.59957812e-08,1.90482813e-01
8.60357812e-08,1.90518750e-01
8.60757812e-08,1.90479687e-01
8.61157812e-08,1.90525000e-01
8.61557812e-08,1.90467187e-01
8.61957813e-08,1.90557813e-01
8.62357812e-08,1.90290625e-01
8.62757812e-08,1.90045313e-01
8.63157812e-08,1.90132812e-01
8.63557812e-08,1.90075000e-01
8.63957812e-08,1.90123438e-01
8.64357812e-08,1.90073437e-01
8.64757813e-08,1.90134375e-01
8.65157812e-08,1.90042188e-01
8.65557812e-08,1.90309375e-01
8.65957812e-08,1.90553125e-01
8.66357812e-08,1.90470313e-01
8.66757812e-08,1.90520313e-01
8.67157812e-08,1.90482813e-01
8.67557813e-08,1.90514062e-01
8.67957812e-08,1.90487500e-01
8.68357812e-08,1.90510938e-01
8.68757812e-08,1.90490625e-01
8.69157812e-08,1.90509375e-01
8.69557812e-08,1.90492188e-01
8.69957812e-08,1.90507813e-01
8.70357812e-08,1.90492188e-01
8.70757812e-08,1.90506250e-01
8.71157812e-08,1.90493750e-01
8.71557812e-08,1.90506250e-01
8.71957812e-08,1.90493750e-01
8.72357812e-08,1.90506250e-01
8.72757812e-08,1.90493750e-01
8.73157812e-08,1.90504688e-01
8.73557812e-08,1.90495313e-01
8.73957812e-08,1.90504688e-01
8.74357812e-08,1.90495313e-01
8.74757812e-08,1.90504688e-01
8.75157812e-08,1.90495313e-01
8.75557812e-08,1.90504688e-01
8.75957812e-08,1.90495313e-01
8.76357812e-08,1.90504688e-01
8.76757812e-08,1.90495313e-01
8.77157812e-08,1.90504688e-01
8.77557812e-08,1.90495313e-01
8.77957812e-08,1.90504688e-01
8.78357812e-08,1.90495313e-01
8.78757812e-08,1.90504688e-01
8.79157812e-08,1.90495313e-01
8.79557812e-08,1.90504688e-01
8.79957812e-08,1.90495313e-01
8.80357812e-08,1.90504688e-01
8.80757813e-08,1.90495313e-01
8.81157812e-08,1.90504688e-01
8.81557812e-08,1.90495313e-01
8.81957812e-08,1.90504688e-01
8.82357812e-08,1.90495313e-01
8.82757812e-08,1.90504688e-01
8.83157812e-08,1.90493750e-01
8.83557813e-08,1.90506250e-01
8.83957812e-08,1.90493750e-01
8.84357812e-08,1.90507813e-01
8.84757812e-08,1.90490625e-01
8.85157812e-08,1.90510938e-01
8.85557812e-08,1.90485938e-01
8.85957812e-08,1.90518750e-01
8.86357813e-08,1.90471875e-01
8.86757812e-08,1.90553125e-01
8.87157812e-08,1.90295313e-01
8.87557812e-08,1.90042188e-01
8.87957812e-08,1.90134375e-01
8.88357812e-08,1.90075000e-01
8.88757812e-08,1.90120312e-01
8.89157813e-08,1.90081250e-01
8.89557812e-08,1.90117188e-01
8.89957812e-08,1.90082813e-01
8.90357812e-08,1.90117188e-01
8.90757812e-08,1.90082813e-01
8.91157812e-08,1.90118750e-01
8.91557812e-08,1.90078125e-01
8.91957813e-08,1.90126563e-01
8.92357812e-08,1.90064063e-01
8.92757812e-08,1.90160938e-01
8.93157812e-08,1.89887500e-01
8.93557812e-08,1.89651563e-01
8.93957812e-08,1.89725000e-01
8.94357812e-08,1.89684375e-01
8.94757813e-08,1.89710938e-01
8.95157812e-08,1.89692187e-01
8.95557812e-08,1.89706250e-01
8.95957812e-08,1.89695313e-01
8.96357812e-08,1.89703125e-01
8.96757812e-08,1.89696875e-01
8.97157812e-08,1.89701563e-01
8.97557813e-08,1.89698438e-01
8.97957812e-08,1.89701563e-01
8.98357812e-08,1.89700000e-01
8.98757812e-08,1.89700000e-01
8.99157812e-08,1.89700000e-01
8.99557812e-08,1.89700000e-01
8.99957812e-08,1.89701563e-01
9.00357813e-08,1.89698438e-01
9.00757812e-08,1.89701563e-01
9.01157812e-08,1.89698438e-01
9.01557812e-08,1.89701563e-01
9.01957812e-08,1.89698438e-01
9.02357812e-08,1.89703125e-01
9.02757812e-08,1.89696875e-01
9.03157813e-08,1.89703125e-01
9.03557812e-08,1.89696875e-01
9.03957812e-08,1.89703125e-01
9.04357812e-08,1.89695313e-01
9.04757812e-08,1.89704687e-01
9.05157812e-08,1.89695313e-01
9.05557812e-08,1.89704687e-01
9.05957812e-08,1.89695313e-01
9.06357812e-08,1.89706250e-01
9.06757812e-08,1.89693750e-01
9.07157812e-08,1.89706250e-01
9.07557812e-08,1.89692187e-01
9.07957812e-08,1.89707813e-01
9.08357812e-08,1.89690625e-01
9.08757812e-08,1.89709375e-01
9.09157812e-08,1.89689063e-01
9.09557812e-08,1.89710938e-01
9.09957812e-08,1.89687500e-01
9.10357812e-08,1.89714063e-01
9.10757812e-08,1.89682813e-01
9.11157812e-08,1.89720313e-01
9.11557812e-08,1.89673438e-01
9.11957812e-08,1.89735938e-01
9.12357812e-08,1.89639063e-01
9.12757812e-08,1.89915625e-01
9.13157812e-08,1.90146875e-01
9.13557812e-08,1.90078125e-01
9.13957812e-08,1.90110938e-01
9.14357812e-08,1.90093750e-01
9.14757812e-08,1.90101563e-01
9.15157812e-08,1.90103125e-01
9.15557812e-08,1.90093750e-01
9.15957812e-08,1.90110938e-01
9.16357812e-08,1.90082813e-01
9.16757812e-08,1.90128125e-01
9.17157812e-08,1.90046875e-01
9.17557812e-08,1.90307813e-01
9.17957812e-08,1.90553125e-01
9.18357812e-08,1.90471875e-01
9.18757812e-08,1.90518750e-01
9.19157812e-08,1.90487500e-01
9.19557812e-08,1.90507813e-01
9.19957812e-08,1.90496875e-01
9.20357812e-08,1.90500000e-01
9.20757812e-08,1.90504688e-01
9.21157812e-08,1.90489063e-01
9.21557812e-08,1.90521875e-01
9.21957812e-08,1.90453125e-01
9.22357812e-08,1.90700000e-01
9.22757812e-08,1.90960938e-01
9.23157812e-08,1.90862500e-01
9.23557812e-08,1.90926563e-01
9.23957812e-08,1.90878125e-01
9.24357812e-08,1.90918750e-01
9.24757813e-08,1.90884375e-01
9.25157812e-08,1.90914063e-01
9.25557812e-08,1.90887500e-01
9.25957812e-08,1.90910938e-01
9.26357812e-08,1.90889063e-01
9.26757812e-08,1.90909375e-01
9.27157812e-08,1.90890625e-01
9.27557813e-08,1.90909375e-01
9.27957812e-08,1.90892188e-01
9.28357812e-08,1.90907812e-01
9.28757812e-08,1.90892188e-01
9.29157812e-08,1.90906250e-01
9.29557812e-08,1.90893750e-01
9.29957812e-08,1.90906250e-01
9.30357813e-08,1.90893750e-01
9.30757812e-08,1.90904688e-01
9.31157812e-08,1.90895312e-01
9.31557812e-08,1.90904688e-01
9.31957812e-08,1.90895312e-01
9.32357812e-08,1.90904688e-01
9.32757812e-08,1.90895312e-01
9.33157813e-08,1.90904688e-01
9.33557812e-08,1.90896875e-01
9.33957812e-08,1.90903125e-01
9.34357812e-08,1.90896875e-01
9.34757812e-08,1.90903125e-01
9.35157812e-08,1.90896875e-01
9.35557812e-08,1.90903125e-01
9.35957813e-08,1.90896875e-01
9.36357812e-08,1.90901563e-01
9.36757812e-08,1.90898438e-01
9.37157812e-08,1.90901563e-01
9.37557812e-08,1.90898438e-01
9.37957812e-08,1.90901563e-01
9.38357812e-08,1.90898438e-01
9.38757813e-08,1.90901563e-01
9.39157812e-08,1.90898438e-01
9.39557812e-08,1.90901563e-01
9.39957812e-08,1.90900000e-01
9.40357812e-08,1.90900000e-01
9.40757812e-08,1.90900000e-01
9.41157812e-08,1.90900000e-01
9.41557813e-08,1.90900000e-01
9.41957812e-08,1.90900000e-01
9.42357812e-08,1.90900000e-01
9.42757812e-08,1.90898438e-01
9.43157812e-08,1.90901563e-01
9.43557812e-08,1.90898438e-01
9.43957812e-08,1.90901563e-01
9.44357812e-08,1.90896875e-01
9.44757812e-08,1.90903125e-01
9.45157812e-08,1.90896875e-01
9.45557812e-08,1.90904688e-01
9.45957812e-08,1.90895312e-01
9.46357812e-08,1.90906250e-01
9.46757812e-08,1.90892188e-01
9.47157812e-08,1.90909375e-01
9.47557812e-08,1.90887500e-01
9.47957812e-08,1.90918750e-01
9.48357812e-08,1.90871875e-01
9.48757812e-08,1.90953125e-01
9.49157812e-08,1.90693750e-01
9.49557812e-08,1.90443750e-01
9.49957812e-08,1.90532813e-01
9.50357812e-08,1.90476563e-01
9.50757812e-08,1.90518750e-01
9.51157812e-08,1.90484375e-01
9.51557812e-08,1.90514062e-01
9.51957812e-08,1.90487500e-01
9.52357812e-08,1.90512500e-01
9.52757812e-08,1.90489063e-01
9.53157812e-08,1.90510938e-01
9.53557812e-08,1.90489063e-01
9.53957812e-08,1.90512500e-01
9.54357812e-08,1.90487500e-01
9.54757812e-08,1.90514062e-01
9.55157812e-08,1.90482813e-01
9.55557812e-08,1.90521875e-01
9.55957812e-08,1.90468750e-01
9.56357812e-08,1.90554688e-01
9.56757812e-08,1.90292188e-01
9.57157812e-08,1.90045313e-01
9.57557812e-08,1.90131250e-01
9.57957812e-08,1.90078125e-01
9.58357812e-08,1.90117188e-01
9.58757812e-08,1.90084375e-01
9.59157812e-08,1.90114063e-01
9.59557812e-08,1.90087500e-01
9.59957812e-08,1.90112500e-01
9.60357812e-08,1.90087500e-01
9.60757812e-08,1.90112500e-01
9.61157812e-08,1.90087500e-01
9.61557812e-08,1.90112500e-01
9.61957812e-08,1.90085937e-01
9.62357812e-08,1.90114063e-01
9.62757812e-08,1.90084375e-01
9.63157812e-08,1.90117188e-01
9.63557812e-08,1.90079688e-01
9.63957812e-08,1.90126563e-01
9.64357812e-08,1.90064063e-01
9.64757812e-08,1.90160938e-01
9.65157812e-08,1.89885938e-01
9.65557812e-08,1.89651563e-01
9.65957812e-08,1.89723438e-01
9.66357812e-08,1.89685938e-01
9.66757812e-08,1.89709375e-01
9.67157812e-08,1.89695313e-01
9.67557812e-08,1.89701563e-01
9.67957812e-08,1.89700000e-01
9.68357812e-08,1.89698438e-01
9.68757813e-08,1.89703125e-01
9.69157812e-08,1.89693750e-01
9.69557812e-08,1.89709375e-01
9.69957812e-08,1.89687500e-01
9.70357812e-08,1.89717187e-01
9.70757812e-08,1.89671875e-01
9.71157812e-08,1.89753125e-01
9.71557813e-08,1.89493750e-01
9.71957812e-08,1.89245313e-01
9.72357812e-08,1.89331250e-01
9.72757812e-08,1.89278125e-01
9.73157812e-08,1.89315625e-01
9.73557812e-08,1.89287500e-01
9.73957812e-08,1.89310937e-01
9.74357813e-08,1.89290625e-01
9.74757812e-08,1.89307813e-01
9.75157812e-08,1.89293750e-01
9.75557812e-08,1.89306250e-01
9.75957812e-08,1.89295313e-01
9.76357812e-08,1.89304688e-01
9.76757812e-08,1.89296875e-01
9.77157813e-08,1.89303125e-01
9.77557812e-08,1.89296875e-01
9.77957812e-08,1.89303125e-01
9.78357812e-08,1.89298437e-01
9.78757812e-08,1.89301563e-01
9.79157812e-08,1.89298437e-01
9.79557812e-08,1.89300000e-01
9.79957813e-08,1.89300000e-01
9.80357812e-08,1.89300000e-01
9.80757812e-08,1.89300000e-01
9.81157812e-08,1.89300000e-01
9.81557812e-08,1.89301563e-01
9.81957812e-08,1.89298437e-01
9.82357812e-08,1.89301563e-01
9.82757812e-08,1.89298437e-01
9.83157812e-08,1.89303125e-01
9.83557812e-08,1.89296875e-01
9.83957812e-08,1.89303125e-01
9.84357812e-08,1.89296875e-01
9.84757812e-08,1.89304688e-01
9.85157812e-08,1.89295313e-01
9.85557812e-08,1.89304688e-01
9.85957812e-08,1.89293750e-01
9.86357812e-08,1.89306250e-01
9.86757812e-08,1.89293750e-01
9.87157812e-08,1.89307813e-01
9.87557812e-08,1.89292188e-01
9.87957812e-08,1.89309375e-01
9.88357812e-08,1.89289062e-01
9.88757812e-08,1.89310937e-01
9.89157812e-08,1.89287500e-01
9.89557812e-08,1.89315625e-01
9.89957812e-08,1.89282813e-01
9.90357812e-08,1.89321875e-01
9.90757812e-08,1.89273438e-01
9.91157812e-08,1.89337500e-01
9.91557812e-08,1.89237500e-01
9.91957812e-08,1.89515625e-01
9.92357812e-08,1.89745313e-01
9.92757812e-08,1.89679687e-01
9.93157812e-08,1.89709375e-01
9.93557812e-08,1.89696875e-01
9.93957812e-08,1.89698438e-01
9.94357812e-08,1.89704687e-01
9.94757812e-08,1.89690625e-01
9.95157812e-08,1.89714063e-01
9.95557812e-08,1.89678125e-01
9.95957812e-08,1.89732813e-01
9.96357812e-08,1.89640625e-01
9.96757812e-08,1.89914063e-01
9.97157812e-08,1.90146875e-01
9.97557812e-08,1.90079688e-01
9.97957812e-08,1.90107813e-01
9.98357812e-08,1.90101563e-01
9.98757812e-08,1.90089063e-01
9.99157812e-08,1.90123438e-01
9.99557812e-08,1.90048438e-01
9.99957812e-08,1.90307813e-01
1.00035781e-07,1.90550000e-01
1.00075781e-07,1.90478125e-01
1.00115781e-07,1.90506250e-01
1.00155781e-07,1.90509375e-01
1.00195781e-07,1.90460938e-01
1.00235781e-07,1.90695313e-01
1.00275781e-07,1.90962500e-01
1.00315781e-07,1.90865625e-01
1.00355781e-07,1.90918750e-01
1.00395781e-07,1.90895312e-01
1.00435781e-07,1.90876563e-01
1.00475781e-07,1.91079688e-01
1.00515781e-07,1.91382812e-01
1.00555781e-07,1.91242187e-01
1.00595781e-07,1.91350000e-01
1.00635781e-07,1.91251562e-01
1.00675781e-07,1.91353125e-01
1.00715781e-07,1.91225000e-01
1.00755781e-07,1.91525000e-01
1.00795781e-07,1.91740625e-01
1.00835781e-07,1.91679688e-01
1.00875781e-07,1.91715625e-01
1.00915781e-07,1.91684375e-01
1.00955781e-07,1.91723438e-01
1.00995781e-07,1.91653125e-01
1.01035781e-07,1.91900000e-01
1.01075781e-07,1.92162500e-01
1.01115781e-07,1.92060938e-01
1.01155781e-07,1.92129688e-01
1.01195781e-07,1.92075000e-01
1.01235781e-07,1.92121875e-01
1.01275781e-07,1.92079688e-01
1.01315781e-07,1.92118750e-01
1.01355781e-07,1.92081250e-01
1.01395781e-07,1.92117188e-01
1.01435781e-07,1.92082813e-01
1.01475781e-07,1.92115625e-01
1.01515781e-07,1.92084375e-01
1.01555781e-07,1.92115625e-01
1.01595781e-07,1.92084375e-01
1.01635781e-07,1.92115625e-01
1.01675781e-07,1.92084375e-01
1.01715781e-07,1.92114063e-01
1.01755781e-07,1.92084375e-01
1.01795781e-07,1.92115625e-01
1.01835781e-07,1.92084375e-01
1.01875781e-07,1.92115625e-01
1.01915781e-07,1.92084375e-01
1.01955781e-07,1.92117188e-01
1.01995781e-07,1.92081250e-01
1.02035781e-07,1.92120313e-01
1.02075781e-07,1.92078125e-01
1.02115781e-07,1.92126563e-01
1.02155781e-07,1.92064063e-01
1.02195781e-07,1.92160938e-01
1.02235781e-07,1.91887500e-01
1.02275781e-07,1.91650000e-01
1.02315781e-07,1.91726563e-01
1.02355781e-07,1.91681250e-01
1.02395781e-07,1.91715625e-01
1.02435781e-07,1.91684375e-01
1.02475781e-07,1.91718750e-01
1.02515781e-07,1.91673438e-01
1.02555781e-07,1.91750000e-01
1.02595781e-07,1.91498438e-01
1.02635781e-07,1.91237500e-01
1.02675781e-07,1.91340625e-01
1.02715781e-07,1.91267188e-01
1.02755781e-07,1.91329688e-01
1.02795781e-07,1.91270313e-01
1.02835781e-07,1.91332813e-01
1.02875781e-07,1.91257813e-01
1.02915781e-07,1.91365625e-01
1.02955781e-07,1.91081250e-01
1.02995781e-07,1.90854688e-01
1.03035781e-07,1.90921875e-01
1.03075781e-07,1.90887500e-01
1.03115781e-07,1.90907812e-01
1.03155781e-07,1.90895312e-01
1.03195781e-07,1.90903125e-01
1.03235781e-07,1.90898438e-01
1.03275781e-07,1.90901563e-01
1.03315781e-07,1.90900000e-01
1.03355781e-07,1.90900000e-01
1.03395781e-07,1.90900000e-01
1.03435781e-07,1.90900000e-01
1.03475781e-07,1.90901563e-01
1.03515781e-07,1.90898438e-01
1.03555781e-07,1.90901563e-01
1.03595781e-07,1.90898438e-01
1.03635781e-07,1.90901563e-01
1.03675781e-07,1.90898438e-01
1.03715781e-07,1.90901563e-01
1.03755781e-07,1.90898438e-01
1.03795781e-07,1.90901563e-01
1.03835781e-07,1.90898438e-01
1.03875781e-07,1.90901563e-01
1.03915781e-07,1.90898438e-01
1.03955781e-07,1.90901563e-01
1.03995781e-07,1.90898438e-01
1.04035781e-07,1.90901563e-01
1.04075781e-07,1.90898438e-01
1.04115781e-07,1.90901563e-01
1.04155781e-07,1.90898438e-01
1.04195781e-07,1.90901563e-01
1.04235781e-07,1.90898438e-01
1.04275781e-07,1.90901563e-01
1.04315781e-07,1.90898438e-01
1.04355781e-07,1.90901563e-01
1.04395781e-07,1.90898438e-01
1.04435781e-07,1.90901563e-01
1.04475781e-07,1.90898438e-01
1.04515781e-07,1.90901563e-01
1.04555781e-07,1.90898438e-01
1.04595781e-07,1.90901563e-01
1.04635781e-07,1.90898438e-01
1.04675781e-07,1.90901563e-01
1.04715781e-07,1.90898438e-01
1.04755781e-07,1.90901563e-01
1.04795781e-07,1.90898438e-01
1.04835781e-07,1.90901563e-01
1.04875781e-07,1.90898438e-01
1.04915781e-07,1.90900000e-01
1.04955781e-07,1.90900000e-01
1.04995781e-07,1.90900000e-01
1.05035781e-07,1.90900000e-01
1.05075781e-07,1.90900000e-01
1.05115781e-07,1.90900000e-01
1.05155781e-07,1.90900000e-01
1.05195781e-07,1.90900000e-01
1.05235781e-07,1.90900000e-01
1.05275781e-07,1.90900000e-01
1.05315781e-07,1.90898438e-01
1.05355781e-07,1.90901563e-01
1.05395781e-07,1.90898438e-01
1.05435781e-07,1.90901563e-01
1.05475781e-07,1.90898438e-01
1.05515781e-07,1.90903125e-01
1.05555781e-07,1.90896875e-01
1.05595781e-07,1.90903125e-01
1.05635781e-07,1.90895312e-01
1.05675781e-07,1.90904688e-01
1.05715781e-07,1.90893750e-01
1.05755781e-07,1.90906250e-01
1.05795781e-07,1.90892188e-01
1.05835781e-07,1.90909375e-01
1.05875781e-07,1.90887500e-01
1.05915781e-07,1.90915625e-01
1.05955781e-07,1.90879688e-01
1.05995781e-07,1.90931250e-01
1.06035781e-07,1.90843750e-01
1.06075781e-07,1.91109375e-01
1.06115781e-07,1.91351563e-01
1.06155781e-07,1.91273438e-01
1.06195781e-07,1.91317188e-01
1.06235781e-07,1.91289062e-01
1.06275781e-07,1.91306250e-01
1.06315781e-07,1.91296875e-01
1.06355781e-07,1.91300000e-01
1.06395781e-07,1.91304688e-01
1.06435781e-07,1.91289062e-01
1.06475781e-07,1.91321875e-01
1.06515781e-07,1.91253125e-01
1.06555781e-07,1.91501562e-01
1.06595781e-07,1.91760938e-01
1.06635781e-07,1.91664063e-01
1.06675781e-07,1.91725000e-01
1.06715781e-07,1.91681250e-01
1.06755781e-07,1.91715625e-01
1.06795781e-07,1.91689063e-01
1.06835781e-07,1.91707813e-01
1.06875781e-07,1.91696875e-01
1.06915781e-07,1.91696875e-01
1.06955781e-07,1.91712500e-01
1.06995781e-07,1.91660938e-01
1.07035781e-07,1.91892188e-01
1.07075781e-07,1.92170312e-01
1.07115781e-07,1.92054688e-01
1.07155781e-07,1.92135938e-01
1.07195781e-07,1.92068750e-01
1.07235781e-07,1.92128125e-01
1.07275781e-07,1.92075000e-01
1.07315781e-07,1.92123437e-01
1.07355781e-07,1.92076562e-01
1.07395781e-07,1.92121875e-01
1.07435781e-07,1.92078125e-01
1.07475781e-07,1.92120313e-01
1.07515781e-07,1.92079688e-01
1.07555781e-07,1.92120313e-01
1.07595781e-07,1.92079688e-01
1.07635781e-07,1.92120313e-01
1.07675781e-07,1.92079688e-01
1.07715781e-07,1.92120313e-01
1.07755781e-07,1.92079688e-01
1.07795781e-07,1.92120313e-01
1.07835781e-07,1.92078125e-01
1.07875781e-07,1.92121875e-01
1.07915781e-07,1.92076562e-01
1.07955781e-07,1.92123437e-01
1.07995781e-07,1.92075000e-01
1.08035781e-07,1.92128125e-01
1.08075781e-07,1.92068750e-01
1.08115781e-07,1.92135938e-01
1.08155781e-07,1.92054688e-01
1.08195781e-07,1.92170312e-01
1.08235781e-07,1.91875000e-01
1.08275781e-07,1.91662500e-01
1.08315781e-07,1.91714063e-01
1.08355781e-07,1.91696875e-01
1.08395781e-07,1.91698438e-01
1.08435781e-07,1.91704687e-01
1.08475781e-07,1.91692187e-01
1.08515781e-07,1.91710938e-01
1.08555781e-07,1.91687500e-01
1.08595781e-07,1.91714063e-01
1.08635781e-07,1.91682813e-01
1.08675781e-07,1.91720313e-01
1.08715781e-07,1.91676563e-01
1.08755781e-07,1.91729687e-01
1.08795781e-07,1.91660938e-01
1.08835781e-07,1.91765625e-01
1.08875781e-07,1.91481250e-01
1.08915781e-07,1.91257813e-01
1.08955781e-07,1.91317188e-01
1.08995781e-07,1.91292188e-01
1.09035781e-07,1.91301563e-01
1.09075781e-07,1.91303125e-01
1.09115781e-07,1.91292188e-01
1.09155781e-07,1.91310938e-01
1.09195781e-07,1.91284375e-01
1.09235781e-07,1.91321875e-01
1.09275781e-07,1.91267188e-01
1.09315781e-07,1.91359375e-01
1.09355781e-07,1.91087500e-01
1.09395781e-07,1.90851563e-01
1.09435781e-07,1.90923438e-01
1.09475781e-07,1.90887500e-01
1.09515781e-07,1.90906250e-01
1.09555781e-07,1.90898438e-01
1.09595781e-07,1.90898438e-01
1.09635781e-07,1.90904688e-01
1.09675781e-07,1.90890625e-01
1.09715781e-07,1.90915625e-01
1.09755781e-07,1.90873438e-01
1.09795781e-07,1.90953125e-01
1.09835781e-07,1.90693750e-01
1.09875781e-07,1.90445313e-01
1.09915781e-07,1.90531250e-01
1.09955781e-07,1.90479687e-01
1.09995781e-07,1.90515625e-01
1.10035781e-07,1.90489063e-01
1.10075781e-07,1.90509375e-01
1.10115781e-07,1.90493750e-01
1.10155781e-07,1.90504688e-01
1.10195781e-07,1.90496875e-01
1.10235781e-07,1.90501562e-01
1.10275781e-07,1.90500000e-01
1.10315781e-07,1.90498438e-01
1.10355781e-07,1.90503125e-01
1.10395781e-07,1.90495313e-01
1.10435781e-07,1.90506250e-01
1.10475781e-07,1.90489063e-01
1.10515781e-07,1.90515625e-01
1.10555781e-07,1.90475000e-01
1.10595781e-07,1.90551562e-01
1.10635781e-07,1.90295313e-01
1.10675781e-07,1.90042188e-01
1.10715781e-07,1.90134375e-01
1.10755781e-07,1.90076563e-01
1.10795781e-07,1.90118750e-01
1.10835781e-07,1.90084375e-01
1.10875781e-07,1.90114063e-01
1.10915781e-07,1.90087500e-01
1.10955781e-07,1.90110938e-01
1.10995781e-07,1.90090625e-01
1.11035781e-07,1.90109375e-01
1.11075781e-07,1.90092188e-01
1.11115781e-07,1.90107813e-01
1.11155781e-07,1.90092188e-01
1.11195781e-07,1.90106250e-01
1.11235781e-07,1.90093750e-01
1.11275781e-07,1.90106250e-01
1.11315781e-07,1.90093750e-01
1.11355781e-07,1.90106250e-01
1.11395781e-07,1.90093750e-01
1.11435781e-07,1.90106250e-01
1.11475781e-07,1.90093750e-01
1.11515781e-07,1.90106250e-01
1.11555781e-07,1.90093750e-01
1.11595781e-07,1.90106250e-01
1.11635781e-07,1.90093750e-01
1.11675781e-07,1.90106250e-01
1.11715781e-07,1.90092188e-01
1.11755781e-07,1.90107813e-01
1.11795781e-07,1.90092188e-01
1.11835781e-07,1.90109375e-01
1.11875781e-07,1.90089063e-01
1.11915781e-07,1.90114063e-01
1.11955781e-07,1.90081250e-01
1.11995781e-07,1.90128125e-01
1.12035781e-07,1.90046875e-01
1.12075781e-07,1.90306250e-01
1.12115781e-07,1.90556250e-01
1.12155781e-07,1.90467187e-01
1.12195781e-07,1.90523438e-01
1.12235781e-07,1.90481250e-01
1.12275781e-07,1.90517188e-01
1.12315781e-07,1.90484375e-01
1.12355781e-07,1.90514062e-01
1.12395781e-07,1.90485938e-01
1.12435781e-07,1.90512500e-01
1.12475781e-07,1.90487500e-01
1.12515781e-07,1.90512500e-01
1.12555781e-07,1.90485938e-01
1.12595781e-07,1.90514062e-01
1.12635781e-07,1.90484375e-01
1.12675781e-07,1.90517188e-01
1.12715781e-07,1.90481250e-01
1.12755781e-07,1.90521875e-01
1.12795781e-07,1.90473438e-01
1.12835781e-07,1.90537500e-01
1.12875781e-07,1.90437500e-01
1.12915781e-07,1.90715625e-01
1.12955781e-07,1.90946875e-01
1.12995781e-07,1.90878125e-01
1.13035781e-07,1.90912500e-01
1.13075781e-07,1.90893750e-01
1.13115781e-07,1.90903125e-01
1.13155781e-07,1.90900000e-01
1.13195781e-07,1.90896875e-01
1.13235781e-07,1.90906250e-01
1.13275781e-07,1.90890625e-01
1.13315781e-07,1.90915625e-01
1.13355781e-07,1.90873438e-01
1.13395781e-07,1.90951563e-01
1.13435781e-07,1.90695313e-01
1.13475781e-07,1.90442187e-01
1.13515781e-07,1.90532813e-01
1.13555781e-07,1.90476563e-01
1.13595781e-07,1.90518750e-01
1.13635781e-07,1.90484375e-01
1.13675781e-07,1.90512500e-01
1.13715781e-07,1.90489063e-01
1.13755781e-07,1.90509375e-01
1.13795781e-07,1.90490625e-01
1.13835781e-07,1.90507813e-01
1.13875781e-07,1.90492188e-01
1.13915781e-07,1.90506250e-01
1.13955781e-07,1.90493750e-01
1.13995781e-07,1.90506250e-01
1.14035781e-07,1.90495313e-01
1.14075781e-07,1.90504688e-01
1.14115781e-07,1.90495313e-01
1.14155781e-07,1.90504688e-01
1.14195781e-07,1.90495313e-01
1.14235781e-07,1.90503125e-01
1.14275781e-07,1.90496875e-01
1.14315781e-07,1.90503125e-01
1.14355781e-07,1.90496875e-01
1.14395781e-07,1.90503125e-01
1.14435781e-07,1.90496875e-01
1.14475781e-07,1.90503125e-01
1.14515781e-07,1.90496875e-01
1.14555781e-07,1.90501562e-01
1.14595781e-07,1.90498438e-01
1.14635781e-07,1.90501562e-01
1.14675781e-07,1.90498438e-01
1.14715781e-07,1.90501562e-01
1.14755781e-07,1.90498438e-01
1.14795781e-07,1.90501562e-01
1.14835781e-07,1.90498438e-01
1.14875781e-07,1.90501562e-01
1.14915781e-07,1.90498438e-01
1.14955781e-07,1.90500000e-01
1.14995781e-07,1.90500000e-01
1.15035781e-07,1.90500000e-01
1.15075781e-07,1.90500000e-01
1.15115781e-07,1.90500000e-01
1.15155781e-07,1.90500000e-01
1.15195781e-07,1.90500000e-01
1.15235781e-07,1.90500000e-01
1.15275781e-07,1.90500000e-01
1.15315781e-07,1.90500000e-01
1.15355781e-07,1.90498438e-01
1.15395781e-07,1.90501562e-01
1.15435781e-07,1.90498438e-01
1.15475781e-07,1.90501562e-01
1.15515781e-07,1.90498438e-01
1.15555781e-07,1.90503125e-01
1.15595781e-07,1.90496875e-01
1.15635781e-07,1.90503125e-01
1.15675781e-07,1.90496875e-01
1.15715781e-07,1.90504688e-01
1.15755781e-07,1.90495313e-01
1.15795781e-07,1.90506250e-01
1.15835781e-07,1.90492188e-01
1.15875781e-07,1.90509375e-01
1.15915781e-07,1.90489063e-01
1.15955781e-07,1.90514062e-01
1.15995781e-07,1.90481250e-01
1.16035781e-07,1.90528125e-01
1.16075781e-07,1.90446875e-01
1.16115781e-07,1.90706250e-01
1.16155781e-07,1.90954687e-01
1.16195781e-07,1.90868750e-01
1.16235781e-07,1.90921875e-01
1.16275781e-07,1.90882812e-01
1.16315781e-07,1.90914063e-01
1.16355781e-07,1.90887500e-01
1.16395781e-07,1.90910938e-01
1.16435781e-07,1.90890625e-01
1.16475781e-07,1.90907812e-01
1.16515781e-07,1.90892188e-01
1.16555781e-07,1.90906250e-01
1.16595781e-07,1.90893750e-01
1.16635781e-07,1.90906250e-01
1.16675781e-07,1.90893750e-01
1.16715781e-07,1.90904688e-01
1.16755781e-07,1.90895312e-01
1.16795781e-07,1.90904688e-01
1.16835781e-07,1.90895312e-01
1.16875781e-07,1.90904688e-01
1.16915781e-07,1.90895312e-01
1.16955781e-07,1.90903125e-01
1.16995781e-07,1.90896875e-01
1.17035781e-07,1.90903125e-01
1.17075781e-07,1.90896875e-01
1.17115781e-07,1.90903125e-01
1.17155781e-07,1.90896875e-01
1.17195781e-07,1.90903125e-01
1.17235781e-07,1.90896875e-01
1.17275781e-07,1.90901563e-01
1.17315781e-07,1.90898438e-01
1.17355781e-07,1.90901563e-01
1.17395781e-07,1.90898438e-01
1.17435781e-07,1.90901563e-01
1.17475781e-07,1.90898438e-01
1.17515781e-07,1.90900000e-01
1.17555781e-07,1.90900000e-01
1.17595781e-07,1.90900000e-01
1.17635781e-07,1.90901563e-01
1.17675781e-07,1.90898438e-01
1.17715781e-07,1.90903125e-01
1.17755781e-07,1.90895312e-01
1.17795781e-07,1.90906250e-01
1.17835781e-07,1.90890625e-01
1.17875781e-07,1.90914063e-01
1.17915781e-07,1.90876563e-01
1.17955781e-07,1.90946875e-01
1.17995781e-07,1.90700000e-01
1.18035781e-07,1.90437500e-01
1.18075781e-07,1.90540625e-01
1.18115781e-07,1.90467187e-01
1.18155781e-07,1.90529688e-01
1.18195781e-07,1.90471875e-01
1.18235781e-07,1.90531250e-01
1.18275781e-07,1.90460938e-01
1.18315781e-07,1.90562500e-01
1.18355781e-07,1.90285938e-01
1.18395781e-07,1.90050000e-01
1.18435781e-07,1.90126563e-01
1.18475781e-07,1.90081250e-01
1.18515781e-07,1.90117188e-01
1.18555781e-07,1.90082813e-01
1.18595781e-07,1.90120312e-01
1.18635781e-07,1.90071875e-01
1.18675781e-07,1.90151563e-01
1.18715781e-07,1.89896875e-01
1.18755781e-07,1.89639063e-01
1.18795781e-07,1.89739062e-01
1.18835781e-07,1.89668750e-01
1.18875781e-07,1.89728125e-01
1.18915781e-07,1.89671875e-01
1.18955781e-07,1.89731250e-01
1.18995781e-07,1.89659375e-01
1.19035781e-07,1.89764062e-01
1.19075781e-07,1.89484375e-01
1.19115781e-07,1.89253125e-01
1.19155781e-07,1.89323437e-01
1.19195781e-07,1.89285938e-01
1.19235781e-07,1.89309375e-01
1.19275781e-07,1.89293750e-01
1.19315781e-07,1.89304688e-01
1.19355781e-07,1.89295313e-01
1.19395781e-07,1.89303125e-01
1.19435781e-07,1.89296875e-01
1.19475781e-07,1.89301563e-01
1.19515781e-07,1.89298437e-01
1.19555781e-07,1.89301563e-01
1.19595781e-07,1.89298437e-01
1.19635781e-07,1.89301563e-01
1.19675781e-07,1.89300000e-01
1.19715781e-07,1.89300000e-01
1.19755781e-07,1.89300000e-01
1.19795781e-07,1.89300000e-01
1.19835781e-07,1.89300000e-01
1.19875781e-07,1.89300000e-01
1.19915781e-07,1.89300000e-01
1.19955781e-07,1.89301563e-01
1.19995781e-07,1.89298437e-01
1.20035781e-07,1.89301563e-01
1.20075781e-07,1.89298437e-01
1.20115781e-07,1.89301563e-01
1.20155781e-07,1.89296875e-01
1.20195781e-07,1.89303125e-01
1.20235781e-07,1.89296875e-01
1.20275781e-07,1.89304688e-01
1.20315781e-07,1.89293750e-01
1.20355781e-07,1.89309375e-01
1.20395781e-07,1.89285938e-01
1.20435781e-07,1.89323437e-01
1.20475781e-07,1.89251562e-01
1.20515781e-07,1.89500000e-01
1.20555781e-07,1.89762500e-01
1.20595781e-07,1.89660938e-01
1.20635781e-07,1.89731250e-01
1.20675781e-07,1.89673438e-01
1.20715781e-07,1.89725000e-01
1.20755781e-07,1.89675000e-01
1.20795781e-07,1.89726563e-01
1.20835781e-07,1.89668750e-01
1.20875781e-07,1.89740625e-01
1.20915781e-07,1.89635938e-01
1.20955781e-07,1.89917188e-01
1.20995781e-07,1.90145312e-01
1.21035781e-07,1.90078125e-01
1.21075781e-07,1.90114063e-01
1.21115781e-07,1.90090625e-01
1.21155781e-07,1.90106250e-01
1.21195781e-07,1.90095313e-01
1.21235781e-07,1.90103125e-01
1.21275781e-07,1.90098437e-01
1.21315781e-07,1.90101563e-01
1.21355781e-07,1.90100000e-01
1.21395781e-07,1.90100000e-01
1.21435781e-07,1.90100000e-01
1.21475781e-07,1.90098437e-01
1.21515781e-07,1.90101563e-01
1.21555781e-07,1.90098437e-01
1.21595781e-07,1.90101563e-01
1.21635781e-07,1.90096875e-01
1.21675781e-07,1.90103125e-01
1.21715781e-07,1.90096875e-01
1.21755781e-07,1.90103125e-01
1.21795781e-07,1.90096875e-01
1.21835781e-07,1.90103125e-01
1.21875781e-07,1.90095313e-01
1.21915781e-07,1.90104688e-01
1.21955781e-07,1.90095313e-01
1.21995781e-07,1.90104688e-01
1.22035781e-07,1.90095313e-01
1.22075781e-07,1.90106250e-01
1.22115781e-07,1.90093750e-01
1.22155781e-07,1.90106250e-01
1.22195781e-07,1.90092188e-01
1.22235781e-07,1.90107813e-01
1.22275781e-07,1.90090625e-01
1.22315781e-07,1.90110938e-01
1.22355781e-07,1.90087500e-01
1.22395781e-07,1.90114063e-01
1.22435781e-07,1.90082813e-01
1.22475781e-07,1.90123438e-01
1.22515781e-07,1.90067188e-01
1.22555781e-07,1.90157812e-01
1.22595781e-07,1.89889063e-01
1.22635781e-07,1.89650000e-01
1.22675781e-07,1.89726563e-01
1.22715781e-07,1.89682813e-01
1.22755781e-07,1.89710938e-01
1.22795781e-07,1.89692187e-01
1.22835781e-07,1.89706250e-01
1.22875781e-07,1.89696875e-01
1.22915781e-07,1.89701563e-01
1.22955781e-07,1.89700000e-01
1.22995781e-07,1.89696875e-01
1.23035781e-07,1.89704687e-01
1.23075781e-07,1.89690625e-01
1.23115781e-07,1.89714063e-01
1.23155781e-07,1.89675000e-01
1.23195781e-07,1.89750000e-01
1.23235781e-07,1.89496875e-01
1.23275781e-07,1.89240625e-01
1.23315781e-07,1.89335937e-01
1.23355781e-07,1.89273438e-01
1.23395781e-07,1.89320313e-01
1.23435781e-07,1.89282813e-01
1.23475781e-07,1.89315625e-01
1.23515781e-07,1.89285938e-01
1.23555781e-07,1.89312500e-01
1.23595781e-07,1.89287500e-01
1.23635781e-07,1.89310937e-01
1.23675781e-07,1.89289062e-01
1.23715781e-07,1.89310937e-01
1.23755781e-07,1.89290625e-01
1.23795781e-07,1.89309375e-01
1.23835781e-07,1.89290625e-01
1.23875781e-07,1.89309375e-01
1.23915781e-07,1.89290625e-01
1.23955781e-07,1.89309375e-01
1.23995781e-07,1.89290625e-01
1.24035781e-07,1.89309375e-01
1.24075781e-07,1.89290625e-01
1.24115781e-07,1.89309375e-01
1.24155781e-07,1.89290625e-01
1.24195781e-07,1.89309375e-01
1.24235781e-07,1.89290625e-01
1.24275781e-07,1.89309375e-01
1.24315781e-07,1.89290625e-01
1.24355781e-07,1.89310937e-01
1.24395781e-07,1.89289062e-01
1.24435781e-07,1.89312500e-01
1.24475781e-07,1.89287500e-01
1.24515781e-07,1.89314063e-01
1.24555781e-07,1.89282813e-01
1.24595781e-07,1.89320313e-01
1.24635781e-07,1.89275000e-01
1.24675781e-07,1.89334375e-01
1.24715781e-07,1.89240625e-01
1.24755781e-07,1.89512500e-01
1.24795781e-07,1.89750000e-01
1.24835781e-07,1.89673438e-01
1.24875781e-07,1.89717187e-01
1.24915781e-07,1.89689063e-01
1.24955781e-07,1.89709375e-01
1.24995781e-07,1.89693750e-01
1.25035781e-07,1.89704687e-01
1.25075781e-07,1.89695313e-01
1.25115781e-07,1.89703125e-01
1.25155781e-07,1.89698438e-01
1.25195781e-07,1.89701563e-01
1.25235781e-07,1.89698438e-01
1.25275781e-07,1.89700000e-01
1.25315781e-07,1.89700000e-01
1.25355781e-07,1.89700000e-01
1.25395781e-07,1.89701563e-01
1.25435781e-07,1.89698438e-01
1.25475781e-07,1.89701563e-01
1.25515781e-07,1.89698438e-01
1.25555781e-07,1.89703125e-01
1.25595781e-07,1.89696875e-01
1.25635781e-07,1.89703125e-01
1.25675781e-07,1.89695313e-01
1.25715781e-07,1.89704687e-01
1.25755781e-07,1.89693750e-01
1.25795781e-07,1.89707813e-01
1.25835781e-07,1.89690625e-01
1.25875781e-07,1.89710938e-01
1.25915781e-07,1.89685938e-01
1.25955781e-07,1.89718750e-01
1.25995781e-07,1.89670312e-01
1.26035781e-07,1.89753125e-01
1.26075781e-07,1.89492188e-01
1.26115781e-07,1.89245313e-01
1.26155781e-07,1.89331250e-01
1.26195781e-07,1.89278125e-01
1.26235781e-07,1.89317188e-01
1.26275781e-07,1.89285938e-01
1.26315781e-07,1.89312500e-01
1.26355781e-07,1.89289062e-01
1.26395781e-07,1.89309375e-01
1.26435781e-07,1.89292188e-01
1.26475781e-07,1.89307813e-01
1.26515781e-07,1.89293750e-01
1.26555781e-07,1.89306250e-01
1.26595781e-07,1.89293750e-01
1.26635781e-07,1.89306250e-01
1.26675781e-07,1.89293750e-01
1.26715781e-07,1.89304688e-01
1.26755781e-07,1.89295313e-01
1.26795781e-07,1.89304688e-01
1.26835781e-07,1.89295313e-01
1.26875781e-07,1.89304688e-01
1.26915781e-07,1.89295313e-01
1.26955781e-07,1.89304688e-01
1.26995781e-07,1.89295313e-01
1.27035781e-07,1.89304688e-01
1.27075781e-07,1.89296875e-01
1.27115781e-07,1.89303125e-01
1.27155781e-07,1.89296875e-01
1.27195781e-07,1.89303125e-01
1.27235781e-07,1.89296875e-01
1.27275781e-07,1.89303125e-01
1.27315781e-07,1.89296875e-01
1.27355781e-07,1.89303125e-01
1.27395781e-07,1.89296875e-01
1.27435781e-07,1.89303125e-01
1.27475781e-07,1.89296875e-01
1.27515781e-07,1.89303125e-01
1.27555781e-07,1.89296875e-01
1.27595781e-07,1.89303125e-01
1.27635781e-07,1.89296875e-01
1.27675781e-07,1.89303125e-01
1.27715781e-07,1.89296875e-01
1.27755781e-07,1.89303125e-01
1.27795781e-07,1.89296875e-01
1.27835781e-07,1.89303125e-01
1.27875781e-07,1.89296875e-01
1.27915781e-07,1.89303125e-01
1.27955781e-07,1.89295313e-01
1.27995781e-07,1.89304688e-01
1.28035781e-07,1.89295313e-01
1.28075781e-07,1.89304688e-01
1.28115781e-07,1.89295313e-01
1.28155781e-07,1.89304688e-01
1.28195781e-07,1.89295313e-01
1.28235781e-07,1.89304688e-01
1.28275781e-07,1.89295313e-01
1.28315781e-07,1.89304688e-01
1.28355781e-07,1.89293750e-01
1.28395781e-07,1.89306250e-01
1.28435781e-07,1.89293750e-01
1.28475781e-07,1.89306250e-01
1.28515781e-07,1.89292188e-01
1.28555781e-07,1.89307813e-01
1.28595781e-07,1.89290625e-01
1.28635781e-07,1.89309375e-01
1.28675781e-07,1.89289062e-01
1.28715781e-07,1.89312500e-01
1.28755781e-07,1.89285938e-01
1.28795781e-07,1.89317188e-01
1.28835781e-07,1.89276562e-01
1.28875781e-07,1.89332813e-01
1.28915781e-07,1.89242188e-01
1.28955781e-07,1.89510938e-01
1.28995781e-07,1.89750000e-01
1.29035781e-07,1.89673438e-01
1.29075781e-07,1.89715625e-01
1.29115781e-07,1.89689063e-01
1.29155781e-07,1.89706250e-01
1.29195781e-07,1.89696875e-01
1.29235781e-07,1.89700000e-01
1.29275781e-07,1.89704687e-01
1.29315781e-07,1.89690625e-01
1.29355781e-07,1.89720313e-01
1.29395781e-07,1.89654688e-01
1.29435781e-07,1.89898438e-01
1.29475781e-07,1.90164063e-01
1.29515781e-07,1.90059375e-01
1.29555781e-07,1.90131250e-01
1.29595781e-07,1.90073437e-01
1.29635781e-07,1.90125000e-01
1.29675781e-07,1.90076563e-01
1.29715781e-07,1.90123438e-01
1.29755781e-07,1.90075000e-01
1.29795781e-07,1.90126563e-01
1.29835781e-07,1.90068750e-01
1.29875781e-07,1.90139063e-01
1.29915781e-07,1.90035938e-01
1.29955781e-07,1.90317188e-01
1.29995781e-07,1.90545313e-01
1.30035781e-07,1.90478125e-01
1.30075781e-07,1.90514062e-01
1.30115781e-07,1.90490625e-01
1.30155781e-07,1.90506250e-01
1.30195781e-07,1.90495313e-01
1.30235781e-07,1.90503125e-01
1.30275781e-07,1.90498438e-01
1.30315781e-07,1.90501562e-01
1.30355781e-07,1.90500000e-01
1.30395781e-07,1.90500000e-01
1.30435781e-07,1.90500000e-01
1.30475781e-07,1.90498438e-01
1.30515781e-07,1.90501562e-01
1.30555781e-07,1.90498438e-01
1.30595781e-07,1.90501562e-01
1.30635781e-07,1.90498438e-01
1.30675781e-07,1.90501562e-01
1.30715781e-07,1.90498438e-01
1.30755781e-07,1.90503125e-01
1.30795781e-07,1.90496875e-01
1.30835781e-07,1.90503125e-01
1.30875781e-07,1.90496875e-01
1.30915781e-07,1.90503125e-01
1.30955781e-07,1.90496875e-01
1.30995781e-07,1.90503125e-01
1.31035781e-07,1.90495313e-01
1.31075781e-07,1.90504688e-01
1.31115781e-07,1.90495313e-01
1.31155781e-07,1.90504688e-01
1.31195781e-07,1.90495313e-01
1.31235781e-07,1.90506250e-01
1.31275781e-07,1.90493750e-01
1.31315781e-07,1.90506250e-01
1.31355781e-07,1.90492188e-01
1.31395781e-07,1.90507813e-01
1.31435781e-07,1.90490625e-01
1.31475781e-07,1.90510938e-01
1.31515781e-07,1.90487500e-01
1.31555781e-07,1.90514062e-01
1.31595781e-07,1.90482813e-01
1.31635781e-07,1.90521875e-01
1.31675781e-07,1.90467187e-01
1.31715781e-07,1.90557813e-01
1.31755781e-07,1.90289062e-01
1.31795781e-07,1.90048438e-01
1.31835781e-07,1.90126563e-01
1.31875781e-07,1.90082813e-01
1.31915781e-07,1.90110938e-01
1.31955781e-07,1.90092188e-01
1.31995781e-07,1.90104688e-01
1.32035781e-07,1.90096875e-01
1.32075781e-07,1.90100000e-01
1.32115781e-07,1.90103125e-01
1.32155781e-07,1.90093750e-01
1.32195781e-07,1.90110938e-01
1.32235781e-07,1.90079688e-01
1.32275781e-07,1.90145312e-01
1.32315781e-07,1.89901563e-01
1.32355781e-07,1.89635938e-01
1.32395781e-07,1.89740625e-01
1.32435781e-07,1.89667188e-01
1.32475781e-07,1.89728125e-01
1.32515781e-07,1.89671875e-01
1.32555781e-07,1.89731250e-01
1.32595781e-07,1.89662500e-01
1.32635781e-07,1.89760938e-01
1.32675781e-07,1.89487500e-01
1.32715781e-07,1.89248438e-01
1.32755781e-07,1.89331250e-01
1.32795781e-07,1.89275000e-01
1.32835781e-07,1.89325000e-01
1.32875781e-07,1.89268750e-01
1.32915781e-07,1.89354688e-01
1.32955781e-07,1.89093750e-01
1.32995781e-07,1.88842188e-01
1.33035781e-07,1.88935938e-01
1.33075781e-07,1.88871875e-01
1.33115781e-07,1.88925000e-01
1.33155781e-07,1.88875000e-01
1.33195781e-07,1.88928125e-01
1.33235781e-07,1.88864063e-01
1.33275781e-07,1.88959375e-01
1.33315781e-07,1.88687500e-01
1.33355781e-07,1.88448438e-01
1.33395781e-07,1.88528125e-01
1.33435781e-07,1.88479687e-01
1.33475781e-07,1.88515625e-01
1.33515781e-07,1.88485938e-01
1.33555781e-07,1.88514062e-01
1.33595781e-07,1.88485938e-01
1.33635781e-07,1.88515625e-01
1.33675781e-07,1.88481250e-01
1.33715781e-07,1.88523438e-01
1.33755781e-07,1.88467188e-01
1.33795781e-07,1.88556250e-01
1.33835781e-07,1.88290625e-01
1.33875781e-07,1.88048437e-01
1.33915781e-07,1.88128125e-01
1.33955781e-07,1.88082813e-01
1.33995781e-07,1.88112500e-01
1.34035781e-07,1.88092188e-01
1.34075781e-07,1.88104688e-01
1.34115781e-07,1.88100000e-01
1.34155781e-07,1.88093750e-01
1.34195781e-07,1.88115625e-01
1.34235781e-07,1.88059375e-01
1.34275781e-07,1.88293750e-01
1.34315781e-07,1.88567188e-01
1.34355781e-07,1.88456250e-01
1.34395781e-07,1.88534375e-01
1.34435781e-07,1.88468750e-01
1.34475781e-07,1.88528125e-01
1.34515781e-07,1.88473438e-01
1.34555781e-07,1.88526562e-01
1.34595781e-07,1.88473438e-01
1.34635781e-07,1.88526562e-01
1.34675781e-07,1.88471875e-01
1.34715781e-07,1.88531250e-01
1.34755781e-07,1.88464063e-01
1.34795781e-07,1.88546875e-01
1.34835781e-07,1.88428125e-01
1.34875781e-07,1.88725000e-01
1.34915781e-07,1.88937500e-01
1.34955781e-07,1.88887500e-01
1.34995781e-07,1.88901563e-01
1.35035781e-07,1.88904688e-01
1.35075781e-07,1.88890625e-01
1.35115781e-07,1.88914063e-01
1.35155781e-07,1.88878125e-01
1.35195781e-07,1.88931250e-01
1.35235781e-07,1.88842188e-01
1.35275781e-07,1.89112500e-01
1.35315781e-07,1.89350000e-01
1.35355781e-07,1.89275000e-01
1.35395781e-07,1.89314063e-01
1.35435781e-07,1.89292188e-01
1.35475781e-07,1.89303125e-01
1.35515781e-07,1.89300000e-01
1.35555781e-07,1.89296875e-01
1.35595781e-07,1.89307813e-01
1.35635781e-07,1.89285938e-01
1.35675781e-07,1.89325000e-01
1.35715781e-07,1.89250000e-01
1.35755781e-07,1.89503125e-01
1.35795781e-07,1.89757813e-01
1.35835781e-07,1.89665625e-01
1.35875781e-07,1.89723438e-01
1.35915781e-07,1.89681250e-01
1.35955781e-07,1.89715625e-01
1.35995781e-07,1.89687500e-01
1.36035781e-07,1.89710938e-01
1.36075781e-07,1.89690625e-01
1.36115781e-07,1.89709375e-01
1.36155781e-07,1.89692187e-01
1.36195781e-07,1.89707813e-01
1.36235781e-07,1.89693750e-01
1.36275781e-07,1.89706250e-01
1.36315781e-07,1.89693750e-01
1.36355781e-07,1.89704687e-01
1.36395781e-07,1.89695313e-01
1.36435781e-07,1.89704687e-01
1.36475781e-07,1.89696875e-01
1.36515781e-07,1.89703125e-01
1.36555781e-07,1.89696875e-01
1.36595781e-07,1.89703125e-01
1.36635781e-07,1.89698438e-01
1.36675781e-07,1.89701563e-01
1.36715781e-07,1.89698438e-01
1.36755781e-07,1.89701563e-01
1.36795781e-07,1.89700000e-01
1.36835781e-07,1.89700000e-01
1.36875781e-07,1.89701563e-01
1.36915781e-07,1.89696875e-01
1.36955781e-07,1.89703125e-01
1.36995781e-07,1.89693750e-01
1.37035781e-07,1.89709375e-01
1.37075781e-07,1.89685938e-01
1.37115781e-07,1.89723438e-01
1.37155781e-07,1.89651563e-01
1.37195781e-07,1.89900000e-01
1.37235781e-07,1.90162500e-01
1.37275781e-07,1.90060937e-01
1.37315781e-07,1.90129688e-01
1.37355781e-07,1.90075000e-01
1.37395781e-07,1.90123438e-01
1.37435781e-07,1.90078125e-01
1.37475781e-07,1.90120312e-01
1.37515781e-07,1.90079688e-01
1.37555781e-07,1.90121875e-01
1.37595781e-07,1.90076563e-01
1.37635781e-07,1.90126563e-01
1.37675781e-07,1.90068750e-01
1.37715781e-07,1.90140625e-01
1.37755781e-07,1.90034375e-01
1.37795781e-07,1.90318750e-01
1.37835781e-07,1.90543750e-01
1.37875781e-07,1.90479687e-01
1.37915781e-07,1.90509375e-01
1.37955781e-07,1.90495313e-01
1.37995781e-07,1.90500000e-01
1.38035781e-07,1.90503125e-01
1.38075781e-07,1.90493750e-01
1.38115781e-07,1.90510938e-01
1.38155781e-07,1.90484375e-01
1.38195781e-07,1.90526562e-01
1.38235781e-07,1.90448438e-01
1.38275781e-07,1.90704687e-01
1.38315781e-07,1.90956250e-01
1.38355781e-07,1.90867188e-01
1.38395781e-07,1.90923438e-01
1.38435781e-07,1.90881250e-01
1.38475781e-07,1.90915625e-01
1.38515781e-07,1.90887500e-01
1.38555781e-07,1.90910938e-01
1.38595781e-07,1.90889063e-01
1.38635781e-07,1.90909375e-01
1.38675781e-07,1.90890625e-01
1.38715781e-07,1.90907812e-01
1.38755781e-07,1.90892188e-01
1.38795781e-07,1.90907812e-01
1.38835781e-07,1.90892188e-01
1.38875781e-07,1.90906250e-01
1.38915781e-07,1.90893750e-01
1.38955781e-07,1.90906250e-01
1.38995781e-07,1.90893750e-01
1.39035781e-07,1.90906250e-01
1.39075781e-07,1.90893750e-01
1.39115781e-07,1.90906250e-01
1.39155781e-07,1.90893750e-01
1.39195781e-07,1.90906250e-01
1.39235781e-07,1.90893750e-01
1.39275781e-07,1.90906250e-01
1.39315781e-07,1.90892188e-01
1.39355781e-07,1.90907812e-01
1.39395781e-07,1.90892188e-01
1.39435781e-07,1.90907812e-01
1.39475781e-07,1.90890625e-01
1.39515781e-07,1.90910938e-01
1.39555781e-07,1.90889063e-01
1.39595781e-07,1.90914063e-01
1.39635781e-07,1.90882812e-01
1.39675781e-07,1.90921875e-01
1.39715781e-07,1.90868750e-01
1.39755781e-07,1.90956250e-01
1.39795781e-07,1.90692187e-01
1.39835781e-07,1.90445313e-01
1.39875781e-07,1.90531250e-01
1.39915781e-07,1.90478125e-01
1.39955781e-07,1.90517188e-01
1.39995781e-07,1.90485938e-01
1.40035781e-07,1.90512500e-01
1.40075781e-07,1.90487500e-01
1.40115781e-07,1.90512500e-01
1.40155781e-07,1.90487500e-01
1.40195781e-07,1.90514062e-01
1.40235781e-07,1.90484375e-01
1.40275781e-07,1.90520313e-01
1.40315781e-07,1.90470313e-01
1.40355781e-07,1.90553125e-01
1.40395781e-07,1.90293750e-01
1.40435781e-07,1.90042188e-01
1.40475781e-07,1.90134375e-01
1.40515781e-07,1.90073437e-01
1.40555781e-07,1.90123438e-01
1.40595781e-07,1.90078125e-01
1.40635781e-07,1.90121875e-01
1.40675781e-07,1.90076563e-01
1.40715781e-07,1.90128125e-01
1.40755781e-07,1.90064063e-01
1.40795781e-07,1.90160938e-01
1.40835781e-07,1.89887500e-01
1.40875781e-07,1.89650000e-01
1.40915781e-07,1.89726563e-01
1.40955781e-07,1.89682813e-01
1.40995781e-07,1.89712500e-01
1.41035781e-07,1.89690625e-01
1.41075781e-07,1.89707813e-01
1.41115781e-07,1.89693750e-01
1.41155781e-07,1.89704687e-01
1.41195781e-07,1.89695313e-01
1.41235781e-07,1.89703125e-01
1.41275781e-07,1.89696875e-01
1.41315781e-07,1.89703125e-01
1.41355781e-07,1.89698438e-01
1.41395781e-07,1.89701563e-01
1.41435781e-07,1.89698438e-01
1.41475781e-07,1.89701563e-01
1.41515781e-07,1.89698438e-01
1.41555781e-07,1.89701563e-01
1.41595781e-07,1.89700000e-01
1.41635781e-07,1.89700000e-01
1.41675781e-07,1.89700000e-01
1.41715781e-07,1.89700000e-01
1.41755781e-07,1.89700000e-01
1.41795781e-07,1.89700000e-01
1.41835781e-07,1.89700000e-01
1.41875781e-07,1.89700000e-01
1.41915781e-07,1.89700000e-01
1.41955781e-07,1.89698438e-01
1.41995781e-07,1.89701563e-01
1.42035781e-07,1.89698438e-01
1.42075781e-07,1.89701563e-01
1.42115781e-07,1.89698438e-01
1.42155781e-07,1.89701563e-01
1.42195781e-07,1.89698438e-01
1.42235781e-07,1.89701563e-01
1.42275781e-07,1.89696875e-01
1.42315781e-07,1.89703125e-01
1.42355781e-07,1.89696875e-01
1.42395781e-07,1.89703125e-01
1.42435781e-07,1.89696875e-01
1.42475781e-07,1.89704687e-01
1.42515781e-07,1.89695313e-01
1.42555781e-07,1.89704687e-01
1.42595781e-07,1.89693750e-01
1.42635781e-07,1.89706250e-01
1.42675781e-07,1.89692187e-01
1.42715781e-07,1.89707813e-01
1.42755781e-07,1.89690625e-01
1.42795781e-07,1.89710938e-01
1.42835781e-07,1.89687500e-01
1.42875781e-07,1.89715625e-01
1.42915781e-07,1.89681250e-01
1.42955781e-07,1.89723438e-01
1.42995781e-07,1.89665625e-01
1.43035781e-07,1.89759375e-01
1.43075781e-07,1.89485938e-01
1.43115781e-07,1.89253125e-01
1.43155781e-07,1.89321875e-01
1.43195781e-07,1.89290625e-01
1.43235781e-07,1.89301563e-01
1.43275781e-07,1.89306250e-01
1.43315781e-07,1.89281250e-01
1.43355781e-07,1.89345313e-01
1.43395781e-07,1.89100000e-01
1.43435781e-07,1.88840625e-01
1.43475781e-07,1.88934375e-01
1.43515781e-07,1.88878125e-01
1.43555781e-07,1.88914063e-01
1.43595781e-07,1.88893750e-01
1.43635781e-07,1.88893750e-01
1.43675781e-07,1.88932813e-01
1.43715781e-07,1.88714063e-01
1.43755781e-07,1.88425000e-01
1.43795781e-07,1.88551563e-01
1.43835781e-07,1.88457813e-01
1.43875781e-07,1.88537500e-01
1.43915781e-07,1.88465625e-01
1.43955781e-07,1.88534375e-01
1.43995781e-07,1.88465625e-01
1.44035781e-07,1.88534375e-01
1.44075781e-07,1.88462500e-01
1.44115781e-07,1.88540625e-01
1.44155781e-07,1.88450000e-01
1.44195781e-07,1.88575000e-01
1.44235781e-07,1.88271875e-01
1.44275781e-07,1.88065625e-01
1.44315781e-07,1.88109375e-01
1.44355781e-07,1.88100000e-01
1.44395781e-07,1.88093750e-01
1.44435781e-07,1.88110938e-01
1.44475781e-07,1.88085937e-01
1.44515781e-07,1.88118750e-01
1.44555781e-07,1.88075000e-01
1.44595781e-07,1.88135938e-01
1.44635781e-07,1.88039063e-01
1.44675781e-07,1.88315625e-01
1.44715781e-07,1.88546875e-01
1.44755781e-07,1.88478125e-01
1.44795781e-07,1.88512500e-01
1.44835781e-07,1.88493750e-01
1.44875781e-07,1.88503125e-01
1.44915781e-07,1.88500000e-01
1.44955781e-07,1.88496875e-01
1.44995781e-07,1.88504688e-01
1.45035781e-07,1.88493750e-01
1.45075781e-07,1.88509375e-01
1.45115781e-07,1.88487500e-01
1.45155781e-07,1.88515625e-01
1.45195781e-07,1.88478125e-01
1.45235781e-07,1.88531250e-01
1.45275781e-07,1.88442187e-01
1.45315781e-07,1.88710938e-01
1.45355781e-07,1.88950000e-01
1.45395781e-07,1.88873438e-01
1.45435781e-07,1.88915625e-01
1.45475781e-07,1.88889063e-01
1.45515781e-07,1.88906250e-01
1.45555781e-07,1.88896875e-01
1.45595781e-07,1.88900000e-01
1.45635781e-07,1.88901563e-01
1.45675781e-07,1.88895312e-01
1.45715781e-07,1.88909375e-01
1.45755781e-07,1.88885938e-01
1.45795781e-07,1.88925000e-01
1.45835781e-07,1.88850000e-01
1.45875781e-07,1.89104688e-01
1.45915781e-07,1.89357813e-01
1.45955781e-07,1.89267188e-01
1.45995781e-07,1.89323437e-01
1.46035781e-07,1.89281250e-01
1.46075781e-07,1.89315625e-01
1.46115781e-07,1.89287500e-01
1.46155781e-07,1.89310937e-01
1.46195781e-07,1.89290625e-01
1.46235781e-07,1.89307813e-01
1.46275781e-07,1.89293750e-01
1.46315781e-07,1.89306250e-01
1.46355781e-07,1.89295313e-01
1.46395781e-07,1.89303125e-01
1.46435781e-07,1.89298437e-01
1.46475781e-07,1.89301563e-01
1.46515781e-07,1.89301563e-01
1.46555781e-07,1.89296875e-01
1.46595781e-07,1.89306250e-01
1.46635781e-07,1.89289062e-01
1.46675781e-07,1.89321875e-01
1.46715781e-07,1.89253125e-01
1.46755781e-07,1.89500000e-01
1.46795781e-07,1.89762500e-01
1.46835781e-07,1.89660938e-01
1.46875781e-07,1.89729688e-01
1.46915781e-07,1.89675000e-01
1.46955781e-07,1.89721875e-01
1.46995781e-07,1.89679687e-01
1.47035781e-07,1.89718750e-01
1.47075781e-07,1.89681250e-01
1.47115781e-07,1.89718750e-01
1.47155781e-07,1.89681250e-01
1.47195781e-07,1.89718750e-01
1.47235781e-07,1.89681250e-01
1.47275781e-07,1.89720313e-01
1.47315781e-07,1.89678125e-01
1.47355781e-07,1.89725000e-01
1.47395781e-07,1.89670312e-01
1.47435781e-07,1.89739062e-01
1.47475781e-07,1.89635938e-01
1.47515781e-07,1.89917188e-01
1.47555781e-07,1.90145312e-01
1.47595781e-07,1.90078125e-01
1.47635781e-07,1.90112500e-01
1.47675781e-07,1.90092188e-01
1.47715781e-07,1.90104688e-01
1.47755781e-07,1.90098437e-01
1.47795781e-07,1.90100000e-01
1.47835781e-07,1.90100000e-01
1.47875781e-07,1.90098437e-01
1.47915781e-07,1.90103125e-01
1.47955781e-07,1.90095313e-01
1.47995781e-07,1.90104688e-01
1.48035781e-07,1.90093750e-01
1.48075781e-07,1.90107813e-01
1.48115781e-07,1.90089063e-01
1.48155781e-07,1.90112500e-01
1.48195781e-07,1.90081250e-01
1.48235781e-07,1.90128125e-01
1.48275781e-07,1.90048438e-01
1.48315781e-07,1.90304688e-01
1.48355781e-07,1.90557813e-01
1.48395781e-07,1.90465625e-01
1.48435781e-07,1.90526562e-01
1.48475781e-07,1.90478125e-01
1.48515781e-07,1.90521875e-01
1.48555781e-07,1.90478125e-01
1.48595781e-07,1.90525000e-01
1.48635781e-07,1.90465625e-01
1.48675781e-07,1.90557813e-01
1.48715781e-07,1.90290625e-01
1.48755781e-07,1.90046875e-01
1.48795781e-07,1.90129688e-01
1.48835781e-07,1.90078125e-01
1.48875781e-07,1.90117188e-01
1.48915781e-07,1.90085937e-01
1.48955781e-07,1.90114063e-01
1.48995781e-07,1.90087500e-01
1.49035781e-07,1.90112500e-01
1.49075781e-07,1.90087500e-01
1.49115781e-07,1.90112500e-01
1.49155781e-07,1.90087500e-01
1.49195781e-07,1.90114063e-01
1.49235781e-07,1.90085937e-01
1.49275781e-07,1.90115625e-01
1.49315781e-07,1.90081250e-01
1.49355781e-07,1.90121875e-01
1.49395781e-07,1.90073437e-01
1.49435781e-07,1.90135938e-01
1.49475781e-07,1.90037500e-01
1.49515781e-07,1.90315625e-01
1.49555781e-07,1.90546875e-01
1.49595781e-07,1.90478125e-01
1.49635781e-07,1.90512500e-01
1.49675781e-07,1.90493750e-01
1.49715781e-07,1.90501562e-01
1.49755781e-07,1.90501562e-01
1.49795781e-07,1.90493750e-01
1.49835781e-07,1.90509375e-01
1.49875781e-07,1.90484375e-01
1.49915781e-07,1.90526562e-01
1.49955781e-07,1.90446875e-01
1.49995781e-07,1.90706250e-01
1.50035781e-07,1.90954687e-01
1.50075781e-07,1.90871875e-01
1.50115781e-07,1.90917188e-01
1.50155781e-07,1.90890625e-01
1.50195781e-07,1.90901563e-01
1.50235781e-07,1.90909375e-01
1.50275781e-07,1.90864063e-01
1.50315781e-07,1.91089063e-01
1.50355781e-07,1.91373438e-01
1.50395781e-07,1.91250000e-01
1.50435781e-07,1.91340625e-01
1.50475781e-07,1.91262500e-01
1.50515781e-07,1.91337500e-01
1.50555781e-07,1.91259375e-01
1.50595781e-07,1.91348437e-01
1.50635781e-07,1.91228125e-01
1.50675781e-07,1.91525000e-01
1.50715781e-07,1.91739063e-01
1.50755781e-07,1.91684375e-01
1.50795781e-07,1.91706250e-01
1.50835781e-07,1.91700000e-01
1.50875781e-07,1.91696875e-01
1.50915781e-07,1.91706250e-01
1.50955781e-07,1.91690625e-01
1.50995781e-07,1.91712500e-01
1.51035781e-07,1.91681250e-01
1.51075781e-07,1.91728125e-01
1.51115781e-07,1.91646875e-01
1.51155781e-07,1.91906250e-01
1.51195781e-07,1.92156250e-01
1.51235781e-07,1.92067188e-01
1.51275781e-07,1.92123437e-01
1.51315781e-07,1.92081250e-01
1.51355781e-07,1.92115625e-01
1.51395781e-07,1.92085937e-01
1.51435781e-07,1.92112500e-01
1.51475781e-07,1.92087500e-01
1.51515781e-07,1.92112500e-01
1.51555781e-07,1.92087500e-01
1.51595781e-07,1.92112500e-01
1.51635781e-07,1.92087500e-01
1.51675781e-07,1.92112500e-01
1.51715781e-07,1.92085937e-01
1.51755781e-07,1.92115625e-01
1.51795781e-07,1.92081250e-01
1.51835781e-07,1.92125000e-01
1.51875781e-07,1.92065625e-01
1.51915781e-07,1.92159375e-01
1.51955781e-07,1.91887500e-01
1.51995781e-07,1.91650000e-01
1.52035781e-07,1.91726563e-01
1.52075781e-07,1.91682813e-01
1.52115781e-07,1.91710938e-01
1.52155781e-07,1.91692187e-01
1.52195781e-07,1.91706250e-01
1.52235781e-07,1.91696875e-01
1.52275781e-07,1.91701563e-01
1.52315781e-07,1.91700000e-01
1.52355781e-07,1.91698438e-01
1.52395781e-07,1.91703125e-01
1.52435781e-07,1.91695313e-01
1.52475781e-07,1.91707813e-01
1.52515781e-07,1.91689063e-01
1.52555781e-07,1.91715625e-01
1.52595781e-07,1.91673438e-01
1.52635781e-07,1.91751563e-01
1.52675781e-07,1.91495313e-01
1.52715781e-07,1.91242187e-01
1.52755781e-07,1.91332813e-01
1.52795781e-07,1.91276562e-01
1.52835781e-07,1.91317188e-01
1.52875781e-07,1.91285938e-01
1.52915781e-07,1.91312500e-01
1.52955781e-07,1.91290625e-01
1.52995781e-07,1.91307813e-01
1.53035781e-07,1.91293750e-01
1.53075781e-07,1.91304688e-01
1.53115781e-07,1.91296875e-01
1.53155781e-07,1.91301563e-01
1.53195781e-07,1.91301563e-01
1.53235781e-07,1.91295313e-01
1.53275781e-07,1.91309375e-01
1.53315781e-07,1.91279688e-01
1.53355781e-07,1.91345313e-01
1.53395781e-07,1.91101563e-01
1.53435781e-07,1.90835937e-01
1.53475781e-07,1.90940625e-01
1.53515781e-07,1.90868750e-01
1.53555781e-07,1.90925000e-01
1.53595781e-07,1.90876563e-01
1.53635781e-07,1.90920312e-01
1.53675781e-07,1.90881250e-01
1.53715781e-07,1.90918750e-01
1.53755781e-07,1.90882812e-01
1.53795781e-07,1.90917188e-01
1.53835781e-07,1.90884375e-01
1.53875781e-07,1.90915625e-01
1.53915781e-07,1.90884375e-01
1.53955781e-07,1.90915625e-01
1.53995781e-07,1.90884375e-01
1.54035781e-07,1.90915625e-01
1.54075781e-07,1.90884375e-01
1.54115781e-07,1.90915625e-01
1.54155781e-07,1.90884375e-01
1.54195781e-07,1.90915625e-01
1.54235781e-07,1.90884375e-01
1.54275781e-07,1.90915625e-01
1.54315781e-07,1.90884375e-01
1.54355781e-07,1.90917188e-01
1.54395781e-07,1.90882812e-01
1.54435781e-07,1.90917188e-01
1.54475781e-07,1.90881250e-01
1.54515781e-07,1.90920312e-01
1.54555781e-07,1.90878125e-01
1.54595781e-07,1.90923438e-01
1.54635781e-07,1.90873438e-01
1.54675781e-07,1.90932812e-01
1.54715781e-07,1.90857813e-01
1.54755781e-07,1.90967187e-01
1.54795781e-07,1.90679688e-01
1.54835781e-07,1.90459375e-01
1.54875781e-07,1.90517188e-01
1.54915781e-07,1.90492188e-01
1.54955781e-07,1.90501562e-01
1.54995781e-07,1.90501562e-01
1.55035781e-07,1.90495313e-01
1.55075781e-07,1.90507813e-01
1.55115781e-07,1.90489063e-01
1.55155781e-07,1.90514062e-01
1.55195781e-07,1.90482813e-01
1.55235781e-07,1.90523438e-01
1.55275781e-07,1.90465625e-01
1.55315781e-07,1.90559375e-01
1.55355781e-07,1.90287500e-01
1.55395781e-07,1.90051562e-01
1.55435781e-07,1.90123438e-01
1.55475781e-07,1.90085937e-01
1.55515781e-07,1.90107813e-01
1.55555781e-07,1.90096875e-01
1.55595781e-07,1.90100000e-01
1.55635781e-07,1.90103125e-01
1.55675781e-07,1.90092188e-01
1.55715781e-07,1.90114063e-01
1.55755781e-07,1.90076563e-01
1.55795781e-07,1.90148438e-01
1.55835781e-07,1.89896875e-01
1.55875781e-07,1.89640625e-01
1.55915781e-07,1.89735938e-01
1.55955781e-07,1.89673438e-01
1.55995781e-07,1.89720313e-01
1.56035781e-07,1.89681250e-01
1.56075781e-07,1.89715625e-01
1.56115781e-07,1.89684375e-01
1.56155781e-07,1.89714063e-01
1.56195781e-07,1.89685938e-01
1.56235781e-07,1.89714063e-01
1.56275781e-07,1.89684375e-01
1.56315781e-07,1.89717187e-01
1.56355781e-07,1.89679687e-01
1.56395781e-07,1.89725000e-01
1.56435781e-07,1.89667188e-01
1.56475781e-07,1.89757813e-01
1.56515781e-07,1.89489062e-01
1.56555781e-07,1.89248438e-01
1.56595781e-07,1.89328125e-01
1.56635781e-07,1.89281250e-01
1.56675781e-07,1.89314063e-01
1.56715781e-07,1.89289062e-01
1.56755781e-07,1.89309375e-01
1.56795781e-07,1.89292188e-01
1.56835781e-07,1.89306250e-01
1.56875781e-07,1.89295313e-01
1.56915781e-07,1.89303125e-01
1.56955781e-07,1.89296875e-01
1.56995781e-07,1.89301563e-01
1.57035781e-07,1.89300000e-01
1.57075781e-07,1.89298437e-01
1.57115781e-07,1.89303125e-01
1.57155781e-07,1.89293750e-01
1.57195781e-07,1.89310937e-01
1.57235781e-07,1.89279688e-01
1.57275781e-07,1.89345313e-01
1.57315781e-07,1.89101563e-01
1.57355781e-07,1.88835937e-01
1.57395781e-07,1.88940625e-01
1.57435781e-07,1.88868750e-01
1.57475781e-07,1.88926563e-01
1.57515781e-07,1.88876563e-01
1.57555781e-07,1.88921875e-01
1.57595781e-07,1.88879688e-01
1.57635781e-07,1.88918750e-01
1.57675781e-07,1.88881250e-01
1.57715781e-07,1.88918750e-01
1.57755781e-07,1.88881250e-01
1.57795781e-07,1.88918750e-01
1.57835781e-07,1.88881250e-01
1.57875781e-07,1.88918750e-01
1.57915781e-07,1.88881250e-01
1.57955781e-07,1.88920313e-01
1.57995781e-07,1.88879688e-01
1.58035781e-07,1.88921875e-01
1.58075781e-07,1.88876563e-01
1.58115781e-07,1.88925000e-01
1.58155781e-07,1.88873438e-01
1.58195781e-07,1.88931250e-01
1.58235781e-07,1.88864063e-01
1.58275781e-07,1.88946875e-01
1.58315781e-07,1.88828125e-01
1.58355781e-07,1.89126563e-01
1.58395781e-07,1.89335937e-01
1.58435781e-07,1.89289062e-01
1.58475781e-07,1.89300000e-01
1.58515781e-07,1.89307813e-01
1.58555781e-07,1.89287500e-01
1.58595781e-07,1.89318750e-01
1.58635781e-07,1.89275000e-01
1.58675781e-07,1.89337500e-01
1.58715781e-07,1.89235938e-01
1.58755781e-07,1.89518750e-01
1.58795781e-07,1.89742187e-01
1.58835781e-07,1.89684375e-01
1.58875781e-07,1.89703125e-01
1.58915781e-07,1.89704687e-01
1.58955781e-07,1.89685938e-01
1.58995781e-07,1.89726563e-01
1.59035781e-07,1.89646875e-01
1.59075781e-07,1.89907812e-01
1.59115781e-07,1.90151563e-01
1.59155781e-07,1.90073437e-01
1.59195781e-07,1.90115625e-01
1.59235781e-07,1.90092188e-01
1.59275781e-07,1.90103125e-01
1.59315781e-07,1.90103125e-01
1.59355781e-07,1.90090625e-01
1.59395781e-07,1.90120312e-01
1.59435781e-07,1.90053125e-01
1.59475781e-07,1.90301563e-01
1.59515781e-07,1.90559375e-01
1.59555781e-07,1.90464063e-01
1.59595781e-07,1.90525000e-01
1.59635781e-07,1.90479687e-01
1.59675781e-07,1.90515625e-01
1.59715781e-07,1.90485938e-01
1.59755781e-07,1.90512500e-01
1.59795781e-07,1.90489063e-01
1.59835781e-07,1.90509375e-01
1.59875781e-07,1.90492188e-01
1.59915781e-07,1.90507813e-01
1.59955781e-07,1.90493750e-01
1.59995781e-07,1.90506250e-01
1.60035781e-07,1.90495313e-01
1.60075781e-07,1.90504688e-01
1.60115781e-07,1.90496875e-01
1.60155781e-07,1.90503125e-01
1.60195781e-07,1.90496875e-01
1.60235781e-07,1.90501562e-01
1.60275781e-07,1.90498438e-01
1.60315781e-07,1.90501562e-01
1.60355781e-07,1.90498438e-01
1.60395781e-07,1.90500000e-01
1.60435781e-07,1.90500000e-01
1.60475781e-07,1.90500000e-01
1.60515781e-07,1.90500000e-01
1.60555781e-07,1.90498438e-01
1.60595781e-07,1.90501562e-01
1.60635781e-07,1.90498438e-01
1.60675781e-07,1.90503125e-01
1.60715781e-07,1.90496875e-01
1.60755781e-07,1.90503125e-01
1.60795781e-07,1.90495313e-01
1.60835781e-07,1.90504688e-01
1.60875781e-07,1.90495313e-01
1.60915781e-07,1.90506250e-01
1.60955781e-07,1.90492188e-01
1.60995781e-07,1.90509375e-01
1.61035781e-07,1.90489063e-01
1.61075781e-07,1.90512500e-01
1.61115781e-07,1.90484375e-01
1.61155781e-07,1.90521875e-01
1.61195781e-07,1.90468750e-01
1.61235781e-07,1.90556250e-01
1.61275781e-07,1.90290625e-01
1.61315781e-07,1.90046875e-01
1.61355781e-07,1.90128125e-01
1.61395781e-07,1.90081250e-01
1.61435781e-07,1.90114063e-01
1.61475781e-07,1.90089063e-01
1.61515781e-07,1.90107813e-01
1.61555781e-07,1.90093750e-01
1.61595781e-07,1.90104688e-01
1.61635781e-07,1.90096875e-01
1.61675781e-07,1.90103125e-01
1.61715781e-07,1.90098437e-01
1.61755781e-07,1.90100000e-01
1.61795781e-07,1.90100000e-01
1.61835781e-07,1.90098437e-01
1.61875781e-07,1.90103125e-01
1.61915781e-07,1.90096875e-01
1.61955781e-07,1.90104688e-01
1.61995781e-07,1.90093750e-01
1.62035781e-07,1.90107813e-01
1.62075781e-07,1.90089063e-01
1.62115781e-07,1.90114063e-01
1.62155781e-07,1.90081250e-01
1.62195781e-07,1.90129688e-01
1.62235781e-07,1.90045313e-01
1.62275781e-07,1.90307813e-01
1.62315781e-07,1.90553125e-01
1.62355781e-07,1.90470313e-01
1.62395781e-07,1.90518750e-01
1.62435781e-07,1.90487500e-01
1.62475781e-07,1.90509375e-01
1.62515781e-07,1.90493750e-01
1.62555781e-07,1.90501562e-01
1.62595781e-07,1.90501562e-01
1.62635781e-07,1.90492188e-01
1.62675781e-07,1.90517188e-01
1.62715781e-07,1.90457813e-01
1.62755781e-07,1.90696875e-01
1.62795781e-07,1.90965625e-01
1.62835781e-07,1.90857813e-01
1.62875781e-07,1.90934375e-01
1.62915781e-07,1.90870313e-01
1.62955781e-07,1.90928125e-01
1.62995781e-07,1.90871875e-01
1.63035781e-07,1.90928125e-01
1.63075781e-07,1.90867188e-01
1.63115781e-07,1.90940625e-01
1.63155781e-07,1.90834375e-01
1.63195781e-07,1.91117188e-01
1.63235781e-07,1.91345313e-01
1.63275781e-07,1.91278125e-01
1.63315781e-07,1.91314062e-01
1.63355781e-07,1.91290625e-01
1.63395781e-07,1.91306250e-01
1.63435781e-07,1.91295313e-01
1.63475781e-07,1.91303125e-01
1.63515781e-07,1.91296875e-01
1.63555781e-07,1.91301563e-01
1.63595781e-07,1.91298438e-01
1.63635781e-07,1.91301563e-01
1.63675781e-07,1.91298438e-01
1.63715781e-07,1.91300000e-01
1.63755781e-07,1.91300000e-01
1.63795781e-07,1.91300000e-01
1.63835781e-07,1.91300000e-01
1.63875781e-07,1.91300000e-01
1.63915781e-07,1.91300000e-01
1.63955781e-07,1.91300000e-01
1.63995781e-07,1.91300000e-01
1.64035781e-07,1.91300000e-01
1.64075781e-07,1.91300000e-01
1.64115781e-07,1.91300000e-01
1.64155781e-07,1.91300000e-01
1.64195781e-07,1.91300000e-01
1.64235781e-07,1.91300000e-01
1.64275781e-07,1.91298438e-01
1.64315781e-07,1.91301563e-01
1.64355781e-07,1.91298438e-01
1.64395781e-07,1.91301563e-01
1.64435781e-07,1.91296875e-01
1.64475781e-07,1.91303125e-01
1.64515781e-07,1.91295313e-01
1.64555781e-07,1.91306250e-01
1.64595781e-07,1.91290625e-01
1.64635781e-07,1.91314062e-01
1.64675781e-07,1.91276562e-01
1.64715781e-07,1.91346875e-01
1.64755781e-07,1.91100000e-01
1.64795781e-07,1.90837500e-01
1.64835781e-07,1.90939063e-01
1.64875781e-07,1.90868750e-01
1.64915781e-07,1.90926563e-01
1.64955781e-07,1.90875000e-01
1.64995781e-07,1.90925000e-01
1.65035781e-07,1.90875000e-01
1.65075781e-07,1.90926563e-01
1.65115781e-07,1.90871875e-01
1.65155781e-07,1.90932812e-01
1.65195781e-07,1.90857813e-01
1.65235781e-07,1.90967187e-01
1.65275781e-07,1.90679688e-01
1.65315781e-07,1.90459375e-01
1.65355781e-07,1.90517188e-01
1.65395781e-07,1.90492188e-01
1.65435781e-07,1.90501562e-01
1.65475781e-07,1.90503125e-01
1.65515781e-07,1.90493750e-01
1.65555781e-07,1.90509375e-01
1.65595781e-07,1.90485938e-01
1.65635781e-07,1.90520313e-01
1.65675781e-07,1.90470313e-01
1.65715781e-07,1.90556250e-01
1.65755781e-07,1.90290625e-01
1.65795781e-07,1.90048438e-01
1.65835781e-07,1.90128125e-01
1.65875781e-07,1.90082813e-01
1.65915781e-07,1.90112500e-01
1.65955781e-07,1.90090625e-01
1.65995781e-07,1.90106250e-01
1.66035781e-07,1.90095313e-01
1.66075781e-07,1.90103125e-01
1.66115781e-07,1.90098437e-01
1.66155781e-07,1.90100000e-01
1.66195781e-07,1.90101563e-01
1.66235781e-07,1.90098437e-01
1.66275781e-07,1.90103125e-01
1.66315781e-07,1.90095313e-01
1.66355781e-07,1.90106250e-01
1.66395781e-07,1.90093750e-01
1.66435781e-07,1.90109375e-01
1.66475781e-07,1.90089063e-01
1.66515781e-07,1.90114063e-01
1.66555781e-07,1.90082813e-01
1.66595781e-07,1.90123438e-01
1.66635781e-07,1.90067188e-01
1.66675781e-07,1.90159375e-01
1.66715781e-07,1.89887500e-01
1.66755781e-07,1.89651563e-01
1.66795781e-07,1.89723438e-01
1.66835781e-07,1.89687500e-01
1.66875781e-07,1.89704687e-01
1.66915781e-07,1.89701563e-01
1.66955781e-07,1.89692187e-01
1.66995781e-07,1.89720313e-01
1.67035781e-07,1.89654688e-01
1.67075781e-07,1.89900000e-01
1.67115781e-07,1.90160938e-01
1.67155781e-07,1.90064063e-01
1.67195781e-07,1.90126563e-01
1.67235781e-07,1.90078125e-01
1.67275781e-07,1.90117188e-01
1.67315781e-07,1.90084375e-01
1.67355781e-07,1.90112500e-01
1.67395781e-07,1.90089063e-01
1.67435781e-07,1.90110938e-01
1.67475781e-07,1.90090625e-01
1.67515781e-07,1.90107813e-01
1.67555781e-07,1.90092188e-01
1.67595781e-07,1.90106250e-01
1.67635781e-07,1.90093750e-01
1.67675781e-07,1.90104688e-01
1.67715781e-07,1.90095313e-01
1.67755781e-07,1.90104688e-01
1.67795781e-07,1.90096875e-01
1.67835781e-07,1.90103125e-01
1.67875781e-07,1.90098437e-01
1.67915781e-07,1.90101563e-01
1.67955781e-07,1.90100000e-01
1.67995781e-07,1.90100000e-01
1.68035781e-07,1.90101563e-01
1.68075781e-07,1.90096875e-01
1.68115781e-07,1.90104688e-01
1.68155781e-07,1.90093750e-01
1.68195781e-07,1.90109375e-01
1.68235781e-07,1.90084375e-01
1.68275781e-07,1.90125000e-01
1.68315781e-07,1.90050000e-01
1.68355781e-07,1.90303125e-01
1.68395781e-07,1.90559375e-01
1.68435781e-07,1.90465625e-01
1.68475781e-07,1.90525000e-01
1.68515781e-07,1.90479687e-01
1.68555781e-07,1.90517188e-01
1.68595781e-07,1.90484375e-01
1.68635781e-07,1.90514062e-01
1.68675781e-07,1.90487500e-01
1.68715781e-07,1.90510938e-01
1.68755781e-07,1.90489063e-01
1.68795781e-07,1.90509375e-01
1.68835781e-07,1.90490625e-01
1.68875781e-07,1.90509375e-01
1.68915781e-07,1.90492188e-01
1.68955781e-07,1.90507813e-01
1.68995781e-07,1.90492188e-01
1.69035781e-07,1.90507813e-01
1.69075781e-07,1.90492188e-01
1.69115781e-07,1.90506250e-01
1.69155781e-07,1.90493750e-01
1.69195781e-07,1.90506250e-01
1.69235781e-07,1.90493750e-01
1.69275781e-07,1.90506250e-01
1.69315781e-07,1.90493750e-01
1.69355781e-07,1.90506250e-01
1.69395781e-07,1.90493750e-01
1.69435781e-07,1.90506250e-01
1.69475781e-07,1.90493750e-01
1.69515781e-07,1.90504688e-01
1.69555781e-07,1.90495313e-01
1.69595781e-07,1.90504688e-01
1.69635781e-07,1.90495313e-01
1.69675781e-07,1.90504688e-01
1.69715781e-07,1.90495313e-01
1.69755781e-07,1.90504688e-01
1.69795781e-07,1.90495313e-01
1.69835781e-07,1.90504688e-01
1.69875781e-07,1.90495313e-01
1.69915781e-07,1.90504688e-01
1.69955781e-07,1.90495313e-01
1.69995781e-07,1.90504688e-01
1.70035781e-07,1.90495313e-01
1.70075781e-07,1.90504688e-01
1.70115781e-07,1.90495313e-01
1.70155781e-07,1.90506250e-01
1.70195781e-07,1.90493750e-01
1.70235781e-07,1.90506250e-01
1.70275781e-07,1.90493750e-01
1.70315781e-07,1.90506250e-01
1.70355781e-07,1.90492188e-01
1.70395781e-07,1.90507813e-01
1.70435781e-07,1.90490625e-01
1.70475781e-07,1.90510938e-01
1.70515781e-07,1.90485938e-01
1.70555781e-07,1.90518750e-01
1.70595781e-07,1.90471875e-01
1.70635781e-07,1.90553125e-01
1.70675781e-07,1.90293750e-01
1.70715781e-07,1.90043750e-01
1.70755781e-07,1.90134375e-01
1.70795781e-07,1.90075000e-01
1.70835781e-07,1.90120312e-01
1.70875781e-07,1.90081250e-01
1.70915781e-07,1.90117188e-01
1.70955781e-07,1.90082813e-01
1.70995781e-07,1.90118750e-01
1.71035781e-07,1.90079688e-01
1.71075781e-07,1.90125000e-01
1.71115781e-07,1.90065625e-01
1.71155781e-07,1.90159375e-01
1.71195781e-07,1.89889063e-01
1.71235781e-07,1.89648438e-01
1.71275781e-07,1.89728125e-01
1.71315781e-07,1.89681250e-01
1.71355781e-07,1.89714063e-01
1.71395781e-07,1.89689063e-01
1.71435781e-07,1.89709375e-01
1.71475781e-07,1.89692187e-01
1.71515781e-07,1.89706250e-01
1.71555781e-07,1.89693750e-01
1.71595781e-07,1.89706250e-01
1.71635781e-07,1.89695313e-01
1.71675781e-07,1.89704687e-01
1.71715781e-07,1.89695313e-01
1.71755781e-07,1.89706250e-01
1.71795781e-07,1.89693750e-01
1.71835781e-07,1.89707813e-01
1.71875781e-07,1.89692187e-01
1.71915781e-07,1.89710938e-01
1.71955781e-07,1.89684375e-01
1.71995781e-07,1.89723438e-01
1.72035781e-07,1.89651563e-01
1.72075781e-07,1.89900000e-01
1.72115781e-07,1.90164063e-01
1.72155781e-07,1.90057813e-01
1.72195781e-07,1.90135938e-01
1.72235781e-07,1.90064063e-01
1.72275781e-07,1.90142188e-01
1.72315781e-07,1.90035938e-01
1.72355781e-07,1.90315625e-01
1.72395781e-07,1.90550000e-01
1.72435781e-07,1.90468750e-01
1.72475781e-07,1.90529688e-01
1.72515781e-07,1.90451563e-01
1.72555781e-07,1.90695313e-01
1.72595781e-07,1.90971875e-01
1.72635781e-07,1.90843750e-01
1.72675781e-07,1.90959375e-01
1.72715781e-07,1.90818750e-01
1.72755781e-07,1.91135938e-01
1.72795781e-07,1.91321875e-01
1.72835781e-07,1.91310938e-01
1.72875781e-07,1.91254688e-01
1.72915781e-07,1.91503125e-01
1.72955781e-07,1.91754688e-01
1.72995781e-07,1.91673438e-01
1.73035781e-07,1.91710938e-01
1.73075781e-07,1.91703125e-01
1.73115781e-07,1.91668750e-01
1.73155781e-07,1.91885937e-01
1.73195781e-07,1.92175000e-01
1.73235781e-07,1.92048438e-01
1.73275781e-07,1.92145312e-01
1.73315781e-07,1.92056250e-01
1.73355781e-07,1.92150000e-01
1.73395781e-07,1.92028125e-01
1.73435781e-07,1.92321875e-01
1.73475781e-07,1.92542188e-01
1.73515781e-07,1.92481250e-01
1.73555781e-07,1.92510938e-01
1.73595781e-07,1.92492188e-01
1.73635781e-07,1.92504687e-01
1.73675781e-07,1.92495313e-01
1.73715781e-07,1.92503125e-01
1.73755781e-07,1.92496875e-01
1.73795781e-07,1.92503125e-01
1.73835781e-07,1.92496875e-01
1.73875781e-07,1.92503125e-01
1.73915781e-07,1.92495313e-01
1.73955781e-07,1.92504687e-01
1.73995781e-07,1.92493750e-01
1.74035781e-07,1.92506250e-01
1.74075781e-07,1.92490625e-01
1.74115781e-07,1.92510938e-01
1.74155781e-07,1.92485938e-01
1.74195781e-07,1.92518750e-01
1.74235781e-07,1.92470313e-01
1.74275781e-07,1.92554688e-01
1.74315781e-07,1.92292188e-01
1.74355781e-07,1.92045313e-01
1.74395781e-07,1.92131250e-01
1.74435781e-07,1.92079688e-01
1.74475781e-07,1.92115625e-01
1.74515781e-07,1.92087500e-01
1.74555781e-07,1.92109375e-01
1.74595781e-07,1.92092188e-01
1.74635781e-07,1.92106250e-01
1.74675781e-07,1.92095313e-01
1.74715781e-07,1.92103125e-01
1.74755781e-07,1.92098437e-01
1.74795781e-07,1.92100000e-01
1.74835781e-07,1.92103125e-01
1.74875781e-07,1.92093750e-01
1.74915781e-07,1.92112500e-01
1.74955781e-07,1.92078125e-01
1.74995781e-07,1.92146875e-01
1.75035781e-07,1.91900000e-01
1.75075781e-07,1.91637500e-01
1.75115781e-07,1.91737500e-01
1.75155781e-07,1.91671875e-01
1.75195781e-07,1.91723438e-01
1.75235781e-07,1.91679688e-01
1.75275781e-07,1.91717187e-01
1.75315781e-07,1.91684375e-01
1.75355781e-07,1.91715625e-01
1.75395781e-07,1.91685938e-01
1.75435781e-07,1.91714063e-01
1.75475781e-07,1.91687500e-01
1.75515781e-07,1.91712500e-01
1.75555781e-07,1.91687500e-01
1.75595781e-07,1.91710938e-01
1.75635781e-07,1.91689063e-01
1.75675781e-07,1.91710938e-01
1.75715781e-07,1.91689063e-01
1.75755781e-07,1.91710938e-01
1.75795781e-07,1.91689063e-01
1.75835781e-07,1.91710938e-01
1.75875781e-07,1.91689063e-01
1.75915781e-07,1.91710938e-01
1.75955781e-07,1.91689063e-01
1.75995781e-07,1.91710938e-01
1.76035781e-07,1.91689063e-01
1.76075781e-07,1.91710938e-01
1.76115781e-07,1.91689063e-01
1.76155781e-07,1.91710938e-01
1.76195781e-07,1.91689063e-01
1.76235781e-07,1.91710938e-01
1.76275781e-07,1.91689063e-01
1.76315781e-07,1.91712500e-01
1.76355781e-07,1.91687500e-01
1.76395781e-07,1.91712500e-01
1.76435781e-07,1.91685938e-01
1.76475781e-07,1.91714063e-01
1.76515781e-07,1.91684375e-01
1.76555781e-07,1.91718750e-01
1.76595781e-07,1.91679688e-01
1.76635781e-07,1.91726563e-01
1.76675781e-07,1.91664063e-01
1.76715781e-07,1.91759375e-01
1.76755781e-07,1.91487500e-01
1.76795781e-07,1.91250000e-01
1.76835781e-07,1.91326563e-01
1.76875781e-07,1.91282813e-01
1.76915781e-07,1.91312500e-01
1.76955781e-07,1.91290625e-01
1.76995781e-07,1.91309375e-01
1.77035781e-07,1.91292188e-01
1.77075781e-07,1.91309375e-01
1.77115781e-07,1.91289062e-01
1.77155781e-07,1.91314062e-01
1.77195781e-07,1.91276562e-01
1.77235781e-07,1.91346875e-01
1.77275781e-07,1.91101563e-01
1.77315781e-07,1.90834375e-01
1.77355781e-07,1.90942187e-01
1.77395781e-07,1.90864063e-01
1.77435781e-07,1.90932812e-01
1.77475781e-07,1.90865625e-01
1.77515781e-07,1.90937500e-01
1.77555781e-07,1.90854688e-01
1.77595781e-07,1.90970313e-01
1.77635781e-07,1.90676563e-01
1.77675781e-07,1.90460938e-01
1.77715781e-07,1.90514062e-01
1.77755781e-07,1.90496875e-01
1.77795781e-07,1.90496875e-01
1.77835781e-07,1.90507813e-01
1.77875781e-07,1.90487500e-01
1.77915781e-07,1.90518750e-01
1.77955781e-07,1.90470313e-01
1.77995781e-07,1.90556250e-01
1.78035781e-07,1.90290625e-01
1.78075781e-07,1.90048438e-01
1.78115781e-07,1.90128125e-01
1.78155781e-07,1.90082813e-01
1.78195781e-07,1.90112500e-01
1.78235781e-07,1.90092188e-01
1.78275781e-07,1.90104688e-01
1.78315781e-07,1.90096875e-01
1.78355781e-07,1.90101563e-01
1.78395781e-07,1.90101563e-01
1.78435781e-07,1.90096875e-01
1.78475781e-07,1.90104688e-01
1.78515781e-07,1.90092188e-01
1.78555781e-07,1.90110938e-01
1.78595781e-07,1.90085937e-01
1.78635781e-07,1.90120312e-01
1.78675781e-07,1.90068750e-01
1.78715781e-07,1.90157812e-01
1.78755781e-07,1.89885938e-01
1.78795781e-07,1.89654688e-01
1.78835781e-07,1.89715625e-01
1.78875781e-07,1.89703125e-01
1.78915781e-07,1.89667188e-01
1.78955781e-07,1.89889063e-01
1.78995781e-07,1.90171875e-01
1.79035781e-07,1.90053125e-01
1.79075781e-07,1.90135938e-01
1.79115781e-07,1.90070313e-01
1.79155781e-07,1.90126563e-01
1.79195781e-07,1.90076563e-01
1.79235781e-07,1.90121875e-01
1.79275781e-07,1.90079688e-01
1.79315781e-07,1.90120312e-01
1.79355781e-07,1.90081250e-01
1.79395781e-07,1.90118750e-01
1.79435781e-07,1.90081250e-01
1.79475781e-07,1.90118750e-01
1.79515781e-07,1.90081250e-01
1.79555781e-07,1.90118750e-01
1.79595781e-07,1.90079688e-01
1.79635781e-07,1.90120312e-01
1.79675781e-07,1.90076563e-01
1.79715781e-07,1.90125000e-01
1.79755781e-07,1.90070313e-01
1.79795781e-07,1.90140625e-01
1.79835781e-07,1.90035938e-01
1.79875781e-07,1.90317188e-01
1.79915781e-07,1.90545313e-01
1.79955781e-07,1.90479687e-01
1.79995781e-07,1.90512500e-01
1.80035781e-07,1.90493750e-01
1.80075781e-07,1.90503125e-01
1.80115781e-07,1.90498438e-01
1.80155781e-07,1.90500000e-01
1.80195781e-07,1.90500000e-01
1.80235781e-07,1.90498438e-01
1.80275781e-07,1.90503125e-01
1.80315781e-07,1.90496875e-01
1.80355781e-07,1.90503125e-01
1.80395781e-07,1.90495313e-01
1.80435781e-07,1.90504688e-01
1.80475781e-07,1.90495313e-01
1.80515781e-07,1.90506250e-01
1.80555781e-07,1.90493750e-01
1.80595781e-07,1.90507813e-01
1.80635781e-07,1.90492188e-01
1.80675781e-07,1.90509375e-01
1.80715781e-07,1.90489063e-01
1.80755781e-07,1.90512500e-01
1.80795781e-07,1.90485938e-01
1.80835781e-07,1.90517188e-01
1.80875781e-07,1.90478125e-01
1.80915781e-07,1.90532813e-01
1.80955781e-07,1.90442187e-01
1.80995781e-07,1.90710938e-01
1.81035781e-07,1.90951563e-01
1.81075781e-07,1.90871875e-01
1.81115781e-07,1.90918750e-01
1.81155781e-07,1.90885938e-01
1.81195781e-07,1.90910938e-01
1.81235781e-07,1.90892188e-01
1.81275781e-07,1.90906250e-01
1.81315781e-07,1.90893750e-01
1.81355781e-07,1.90904688e-01
1.81395781e-07,1.90895312e-01
1.81435781e-07,1.90903125e-01
1.81475781e-07,1.90896875e-01
1.81515781e-07,1.90903125e-01
1.81555781e-07,1.90898438e-01
1.81595781e-07,1.90901563e-01
1.81635781e-07,1.90898438e-01
1.81675781e-07,1.90901563e-01
1.81715781e-07,1.90898438e-01
1.81755781e-07,1.90901563e-01
1.81795781e-07,1.90900000e-01
1.81835781e-07,1.90900000e-01
1.81875781e-07,1.90900000e-01
1.81915781e-07,1.90900000e-01
1.81955781e-07,1.90900000e-01
1.81995781e-07,1.90900000e-01
1.82035781e-07,1.90900000e-01
1.82075781e-07,1.90900000e-01
1.82115781e-07,1.90900000e-01
1.82155781e-07,1.90900000e-01
1.82195781e-07,1.90901563e-01
1.82235781e-07,1.90898438e-01
1.82275781e-07,1.90901563e-01
1.82315781e-07,1.90898438e-01
1.82355781e-07,1.90901563e-01
1.82395781e-07,1.90898438e-01
1.82435781e-07,1.90901563e-01
1.82475781e-07,1.90898438e-01
1.82515781e-07,1.90901563e-01
1.82555781e-07,1.90898438e-01
1.82595781e-07,1.90901563e-01
1.82635781e-07,1.90898438e-01
1.82675781e-07,1.90901563e-01
1.82715781e-07,1.90896875e-01
1.82755781e-07,1.90903125e-01
1.82795781e-07,1.90896875e-01
1.82835781e-07,1.90903125e-01
1.82875781e-07,1.90896875e-01
1.82915781e-07,1.90903125e-01
1.82955781e-07,1.90896875e-01
1.82995781e-07,1.90903125e-01
1.83035781e-07,1.90896875e-01
1.83075781e-07,1.90904688e-01
1.83115781e-07,1.90895312e-01
1.83155781e-07,1.90904688e-01
1.83195781e-07,1.90895312e-01
1.83235781e-07,1.90906250e-01
1.83275781e-07,1.90893750e-01
1.83315781e-07,1.90906250e-01
1.83355781e-07,1.90892188e-01
1.83395781e-07,1.90909375e-01
1.83435781e-07,1.90889063e-01
1.83475781e-07,1.90912500e-01
1.83515781e-07,1.90884375e-01
1.83555781e-07,1.90920312e-01
1.83595781e-07,1.90870313e-01
1.83635781e-07,1.90954687e-01
1.83675781e-07,1.90692187e-01
1.83715781e-07,1.90445313e-01
1.83755781e-07,1.90531250e-01
1.83795781e-07,1.90478125e-01
1.83835781e-07,1.90517188e-01
1.83875781e-07,1.90485938e-01
1.83915781e-07,1.90512500e-01
1.83955781e-07,1.90489063e-01
1.83995781e-07,1.90509375e-01
1.84035781e-07,1.90490625e-01
1.84075781e-07,1.90509375e-01
1.84115781e-07,1.90490625e-01
1.84155781e-07,1.90509375e-01
1.84195781e-07,1.90489063e-01
1.84235781e-07,1.90512500e-01
1.84275781e-07,1.90484375e-01
1.84315781e-07,1.90520313e-01
1.84355781e-07,1.90471875e-01
1.84395781e-07,1.90553125e-01
1.84435781e-07,1.90293750e-01
1.84475781e-07,1.90043750e-01
1.84515781e-07,1.90132812e-01
1.84555781e-07,1.90075000e-01
1.84595781e-07,1.90120312e-01
1.84635781e-07,1.90081250e-01
1.84675781e-07,1.90117188e-01
1.84715781e-07,1.90084375e-01
1.84755781e-07,1.90115625e-01
1.84795781e-07,1.90082813e-01
1.84835781e-07,1.90117188e-01
1.84875781e-07,1.90081250e-01
1.84915781e-07,1.90121875e-01
1.84955781e-07,1.90073437e-01
1.84995781e-07,1.90135938e-01
1.85035781e-07,1.90039062e-01
1.85075781e-07,1.90314063e-01
1.85115781e-07,1.90546875e-01
1.85155781e-07,1.90476563e-01
1.85195781e-07,1.90514062e-01
1.85235781e-07,1.90492188e-01
1.85275781e-07,1.90504688e-01
1.85315781e-07,1.90500000e-01
1.85355781e-07,1.90496875e-01
1.85395781e-07,1.90506250e-01
1.85435781e-07,1.90487500e-01
1.85475781e-07,1.90521875e-01
1.85515781e-07,1.90453125e-01
1.85555781e-07,1.90700000e-01
1.85595781e-07,1.90964063e-01
1.85635781e-07,1.90859375e-01
1.85675781e-07,1.90931250e-01
1.85715781e-07,1.90871875e-01
1.85755781e-07,1.90928125e-01
1.85795781e-07,1.90868750e-01
1.85835781e-07,1.90939063e-01
1.85875781e-07,1.90837500e-01
1.85915781e-07,1.91115625e-01
1.85955781e-07,1.91348437e-01
1.85995781e-07,1.91275000e-01
1.86035781e-07,1.91315625e-01
1.86075781e-07,1.91287500e-01
1.86115781e-07,1.91309375e-01
1.86155781e-07,1.91292188e-01
1.86195781e-07,1.91306250e-01
1.86235781e-07,1.91293750e-01
1.86275781e-07,1.91306250e-01
1.86315781e-07,1.91295313e-01
1.86355781e-07,1.91304688e-01
1.86395781e-07,1.91295313e-01
1.86435781e-07,1.91304688e-01
1.86475781e-07,1.91295313e-01
1.86515781e-07,1.91304688e-01
1.86555781e-07,1.91295313e-01
1.86595781e-07,1.91304688e-01
1.86635781e-07,1.91293750e-01
1.86675781e-07,1.91306250e-01
1.86715781e-07,1.91293750e-01
1.86755781e-07,1.91306250e-01
1.86795781e-07,1.91292188e-01
1.86835781e-07,1.91309375e-01
1.86875781e-07,1.91290625e-01
1.86915781e-07,1.91312500e-01
1.86955781e-07,1.91284375e-01
1.86995781e-07,1.91320313e-01
1.87035781e-07,1.91270313e-01
1.87075781e-07,1.91354688e-01
1.87115781e-07,1.91093750e-01
1.87155781e-07,1.90843750e-01
1.87195781e-07,1.90932812e-01
1.87235781e-07,1.90876563e-01
1.87275781e-07,1.90918750e-01
1.87315781e-07,1.90882812e-01
1.87355781e-07,1.90915625e-01
1.87395781e-07,1.90884375e-01
1.87435781e-07,1.90917188e-01
1.87475781e-07,1.90881250e-01
1.87515781e-07,1.90923438e-01
1.87555781e-07,1.90867188e-01
1.87595781e-07,1.90956250e-01
1.87635781e-07,1.90690625e-01
1.87675781e-07,1.90446875e-01
1.87715781e-07,1.90529688e-01
1.87755781e-07,1.90478125e-01
1.87795781e-07,1.90517188e-01
1.87835781e-07,1.90485938e-01
1.87875781e-07,1.90512500e-01
1.87915781e-07,1.90489063e-01
1.87955781e-07,1.90510938e-01
1.87995781e-07,1.90490625e-01
1.88035781e-07,1.90509375e-01
1.88075781e-07,1.90490625e-01
1.88115781e-07,1.90509375e-01
1.88155781e-07,1.90490625e-01
1.88195781e-07,1.90509375e-01
1.88235781e-07,1.90490625e-01
1.88275781e-07,1.90509375e-01
1.88315781e-07,1.90490625e-01
1.88355781e-07,1.90509375e-01
1.88395781e-07,1.90490625e-01
1.88435781e-07,1.90510938e-01
1.88475781e-07,1.90489063e-01
1.88515781e-07,1.90510938e-01
1.88555781e-07,1.90487500e-01
1.88595781e-07,1.90512500e-01
1.88635781e-07,1.90487500e-01
1.88675781e-07,1.90514062e-01
1.88715781e-07,1.90484375e-01
1.88755781e-07,1.90517188e-01
1.88795781e-07,1.90479687e-01
1.88835781e-07,1.90523438e-01
1.88875781e-07,1.90471875e-01
1.88915781e-07,1.90537500e-01
1.88955781e-07,1.90435938e-01
1.88995781e-07,1.90717187e-01
1.89035781e-07,1.90945313e-01
1.89075781e-07,1.90879688e-01
1.89115781e-07,1.90910938e-01
1.89155781e-07,1.90895312e-01
1.89195781e-07,1.90900000e-01
1.89235781e-07,1.90903125e-01
1.89275781e-07,1.90895312e-01
1.89315781e-07,1.90907812e-01
1.89355781e-07,1.90889063e-01
1.89395781e-07,1.90915625e-01
1.89435781e-07,1.90878125e-01
1.89475781e-07,1.90931250e-01
1.89515781e-07,1.90842188e-01
1.89555781e-07,1.91110937e-01
1.89595781e-07,1.91350000e-01
1.89635781e-07,1.91275000e-01
1.89675781e-07,1.91314062e-01
1.89715781e-07,1.91292188e-01
1.89755781e-07,1.91303125e-01
1.89795781e-07,1.91300000e-01
1.89835781e-07,1.91295313e-01
1.89875781e-07,1.91307813e-01
1.89915781e-07,1.91284375e-01
1.89955781e-07,1.91325000e-01
1.89995781e-07,1.91248438e-01
1.90035781e-07,1.91504687e-01
1.90075781e-07,1.91756250e-01
1.90115781e-07,1.91668750e-01
1.90155781e-07,1.91720313e-01
1.90195781e-07,1.91684375e-01
1.90235781e-07,1.91710938e-01
1.90275781e-07,1.91692187e-01
1.90315781e-07,1.91704687e-01
1.90355781e-07,1.91698438e-01
1.90395781e-07,1.91698438e-01
1.90435781e-07,1.91704687e-01
1.90475781e-07,1.91689063e-01
1.90515781e-07,1.91721875e-01
1.90555781e-07,1.91653125e-01
1.90595781e-07,1.91901563e-01
1.90635781e-07,1.92160938e-01
1.90675781e-07,1.92064063e-01
1.90715781e-07,1.92126563e-01
1.90755781e-07,1.92079688e-01
1.90795781e-07,1.92117188e-01
1.90835781e-07,1.92085937e-01
1.90875781e-07,1.92112500e-01
1.90915781e-07,1.92089063e-01
1.90955781e-07,1.92107813e-01
1.90995781e-07,1.92093750e-01
1.91035781e-07,1.92104688e-01
1.91075781e-07,1.92098437e-01
1.91115781e-07,1.92098437e-01
1.91155781e-07,1.92106250e-01
1.91195781e-07,1.92082813e-01
1.91235781e-07,1.92142188e-01
1.91275781e-07,1.91904688e-01
1.91315781e-07,1.91632812e-01
1.91355781e-07,1.91743750e-01
1.91395781e-07,1.91665625e-01
1.91435781e-07,1.91729687e-01
1.91475781e-07,1.91671875e-01
1.91515781e-07,1.91726563e-01
1.91555781e-07,1.91675000e-01
1.91595781e-07,1.91725000e-01
1.91635781e-07,1.91675000e-01
1.91675781e-07,1.91726563e-01
1.91715781e-07,1.91670312e-01
1.91755781e-07,1.91734375e-01
1.91795781e-07,1.91656250e-01
1.91835781e-07,1.91768750e-01
1.91875781e-07,1.91479687e-01
1.91915781e-07,1.91257813e-01
1.91955781e-07,1.91317188e-01
1.91995781e-07,1.91292188e-01
1.92035781e-07,1.91303125e-01
1.92075781e-07,1.91300000e-01
1.92115781e-07,1.91298438e-01
1.92155781e-07,1.91304688e-01
1.92195781e-07,1.91293750e-01
1.92235781e-07,1.91307813e-01
1.92275781e-07,1.91290625e-01
1.92315781e-07,1.91312500e-01
1.92355781e-07,1.91284375e-01
1.92395781e-07,1.91320313e-01
1.92435781e-07,1.91268750e-01
1.92475781e-07,1.91356250e-01
1.92515781e-07,1.91090625e-01
1.92555781e-07,1.90846875e-01
1.92595781e-07,1.90929688e-01
1.92635781e-07,1.90879688e-01
1.92675781e-07,1.90915625e-01
1.92715781e-07,1.90887500e-01
1.92755781e-07,1.90909375e-01
1.92795781e-07,1.90892188e-01
1.92835781e-07,1.90907812e-01
1.92875781e-07,1.90893750e-01
1.92915781e-07,1.90906250e-01
1.92955781e-07,1.90895312e-01
1.92995781e-07,1.90904688e-01
1.93035781e-07,1.90895312e-01
1.93075781e-07,1.90904688e-01
1.93115781e-07,1.90896875e-01
1.93155781e-07,1.90903125e-01
1.93195781e-07,1.90896875e-01
1.93235781e-07,1.90903125e-01
1.93275781e-07,1.90896875e-01
1.93315781e-07,1.90903125e-01
1.93355781e-07,1.90896875e-01
1.93395781e-07,1.90903125e-01
1.93435781e-07,1.90896875e-01
1.93475781e-07,1.90903125e-01
1.93515781e-07,1.90896875e-01
1.93555781e-07,1.90903125e-01
1.93595781e-07,1.90896875e-01
1.93635781e-07,1.90903125e-01
1.93675781e-07,1.90896875e-01
1.93715781e-07,1.90903125e-01
1.93755781e-07,1.90896875e-01
1.93795781e-07,1.90903125e-01
1.93835781e-07,1.90896875e-01
1.93875781e-07,1.90903125e-01
1.93915781e-07,1.90896875e-01
1.93955781e-07,1.90903125e-01
1.93995781e-07,1.90896875e-01
1.94035781e-07,1.90903125e-01
1.94075781e-07,1.90896875e-01
1.94115781e-07,1.90903125e-01
1.94155781e-07,1.90895312e-01
1.94195781e-07,1.90904688e-01
1.94235781e-07,1.90895312e-01
1.94275781e-07,1.90904688e-01
1.94315781e-07,1.90895312e-01
1.94355781e-07,1.90904688e-01
1.94395781e-07,1.90893750e-01
1.94435781e-07,1.90906250e-01
1.94475781e-07,1.90893750e-01
1.94515781e-07,1.90907812e-01
1.94555781e-07,1.90892188e-01
1.94595781e-07,1.90909375e-01
1.94635781e-07,1.90890625e-01
1.94675781e-07,1.90910938e-01
1.94715781e-07,1.90885938e-01
1.94755781e-07,1.90917188e-01
1.94795781e-07,1.90878125e-01
1.94835781e-07,1.90931250e-01
1.94875781e-07,1.90843750e-01
1.94915781e-07,1.91109375e-01
1.94955781e-07,1.91351563e-01
1.94995781e-07,1.91271875e-01
1.95035781e-07,1.91318750e-01
1.95075781e-07,1.91285938e-01
1.95115781e-07,1.91310938e-01
1.95155781e-07,1.91290625e-01
1.95195781e-07,1.91307813e-01
1.95235781e-07,1.91293750e-01
1.95275781e-07,1.91304688e-01
1.95315781e-07,1.91295313e-01
1.95355781e-07,1.91303125e-01
1.95395781e-07,1.91296875e-01
1.95435781e-07,1.91301563e-01
1.95475781e-07,1.91298438e-01
1.95515781e-07,1.91301563e-01
1.95555781e-07,1.91298438e-01
1.95595781e-07,1.91300000e-01
1.95635781e-07,1.91300000e-01
1.95675781e-07,1.91300000e-01
1.95715781e-07,1.91301563e-01
1.95755781e-07,1.91298438e-01
1.95795781e-07,1.91301563e-01
1.95835781e-07,1.91298438e-01
1.95875781e-07,1.91303125e-01
1.95915781e-07,1.91296875e-01
1.95955781e-07,1.91303125e-01
1.95995781e-07,1.91295313e-01
1.96035781e-07,1.91304688e-01
1.96075781e-07,1.91293750e-01
1.96115781e-07,1.91307813e-01
1.96155781e-07,1.91290625e-01
1.96195781e-07,1.91310938e-01
1.96235781e-07,1.91287500e-01
1.96275781e-07,1.91315625e-01
1.96315781e-07,1.91278125e-01
1.96355781e-07,1.91331250e-01
1.96395781e-07,1.91243750e-01
1.96435781e-07,1.91510938e-01
1.96475781e-07,1.91751563e-01
1.96515781e-07,1.91673438e-01
1.96555781e-07,1.91717187e-01
1.96595781e-07,1.91689063e-01
1.96635781e-07,1.91707813e-01
1.96675781e-07,1.91695313e-01
1.96715781e-07,1.91701563e-01
1.96755781e-07,1.91701563e-01
1.96795781e-07,1.91693750e-01
1.96835781e-07,1.91712500e-01
1.96875781e-07,1.91678125e-01
1.96915781e-07,1.91748438e-01
1.96955781e-07,1.91498438e-01
1.96995781e-07,1.91239063e-01
1.97035781e-07,1.91335937e-01
1.97075781e-07,1.91273438e-01
1.97115781e-07,1.91320313e-01
1.97155781e-07,1.91282813e-01
1.97195781e-07,1.91315625e-01
1.97235781e-07,1.91285938e-01
1.97275781e-07,1.91312500e-01
1.97315781e-07,1.91289062e-01
1.97355781e-07,1.91309375e-01
1.97395781e-07,1.91292188e-01
1.97435781e-07,1.91307813e-01
1.97475781e-07,1.91293750e-01
1.97515781e-07,1.91304688e-01
1.97555781e-07,1.91295313e-01
1.97595781e-07,1.91303125e-01
1.97635781e-07,1.91300000e-01
1.97675781e-07,1.91296875e-01
1.97715781e-07,1.91307813e-01
1.97755781e-07,1.91282813e-01
1.97795781e-07,1.91342188e-01
1.97835781e-07,1.91104688e-01
1.97875781e-07,1.90831250e-01
1.97915781e-07,1.90945313e-01
1.97955781e-07,1.90864063e-01
1.97995781e-07,1.90932812e-01
1.98035781e-07,1.90868750e-01
1.98075781e-07,1.90931250e-01
1.98115781e-07,1.90867188e-01
1.98155781e-07,1.90937500e-01
1.98195781e-07,1.90854688e-01
1.98235781e-07,1.90970313e-01
1.98275781e-07,1.90676563e-01
1.98315781e-07,1.90460938e-01
1.98355781e-07,1.90515625e-01
1.98395781e-07,1.90495313e-01
1.98435781e-07,1.90500000e-01
1.98475781e-07,1.90504688e-01
1.98515781e-07,1.90490625e-01
1.98555781e-07,1.90515625e-01
1.98595781e-07,1.90475000e-01
1.98635781e-07,1.90551562e-01
1.98675781e-07,1.90295313e-01
1.98715781e-07,1.90042188e-01
1.98755781e-07,1.90134375e-01
1.98795781e-07,1.90073437e-01
1.98835781e-07,1.90121875e-01
1.98875781e-07,1.90079688e-01
1.98915781e-07,1.90120312e-01
1.98955781e-07,1.90078125e-01
1.98995781e-07,1.90126563e-01
1.99035781e-07,1.90065625e-01
1.99075781e-07,1.90159375e-01
1.99115781e-07,1.89889063e-01
1.99155781e-07,1.89648438e-01
1.99195781e-07,1.89728125e-01
1.99235781e-07,1.89681250e-01
1.99275781e-07,1.89714063e-01
1.99315781e-07,1.89689063e-01
1.99355781e-07,1.89709375e-01
1.99395781e-07,1.89692187e-01
1.99435781e-07,1.89706250e-01
1.99475781e-07,1.89695313e-01
1.99515781e-07,1.89704687e-01
1.99555781e-07,1.89696875e-01
1.99595781e-07,1.89703125e-01
1.99635781e-07,1.89698438e-01
1.99675781e-07,1.89701563e-01
1.99715781e-07,1.89700000e-01
1.99755781e-07,1.89698438e-01
1.99795781e-07,1.89701563e-01
1.99835781e-07,1.89695313e-01
1.99875781e-07,1.89707813e-01
1.99915781e-07,1.89687500e-01
1.99955781e-07,1.89721875e-01
1.99995781e-07,1.89653125e-01
2.00035781e-07,1.89900000e-01
2.00075781e-07,1.90162500e-01
2.00115781e-07,1.90060937e-01
2.00155781e-07,1.90129688e-01
2.00195781e-07,1.90073437e-01
2.00235781e-07,1.90123438e-01
2.00275781e-07,1.90078125e-01
2.00315781e-07,1.90121875e-01
2.00355781e-07,1.90078125e-01
2.00395781e-07,1.90121875e-01
2.00435781e-07,1.90076563e-01
2.00475781e-07,1.90125000e-01
2.00515781e-07,1.90070313e-01
2.00555781e-07,1.90139063e-01
2.00595781e-07,1.90035938e-01
2.00635781e-07,1.90317188e-01
2.00675781e-07,1.90545313e-01
2.00715781e-07,1.90478125e-01
2.00755781e-07,1.90512500e-01
2.00795781e-07,1.90492188e-01
2.00835781e-07,1.90504688e-01
2.00875781e-07,1.90496875e-01
2.00915781e-07,1.90501562e-01
2.00955781e-07,1.90498438e-01
2.00995781e-07,1.90500000e-01
2.01035781e-07,1.90500000e-01
2.01075781e-07,1.90500000e-01
2.01115781e-07,1.90501562e-01
2.01155781e-07,1.90498438e-01
2.01195781e-07,1.90501562e-01
2.01235781e-07,1.90498438e-01
2.01275781e-07,1.90501562e-01
2.01315781e-07,1.90498438e-01
2.01355781e-07,1.90501562e-01
2.01395781e-07,1.90496875e-01
2.01435781e-07,1.90503125e-01
2.01475781e-07,1.90496875e-01
2.01515781e-07,1.90503125e-01
2.01555781e-07,1.90496875e-01
2.01595781e-07,1.90503125e-01
2.01635781e-07,1.90496875e-01
2.01675781e-07,1.90503125e-01
2.01715781e-07,1.90496875e-01
2.01755781e-07,1.90503125e-01
2.01795781e-07,1.90496875e-01
2.01835781e-07,1.90503125e-01
2.01875781e-07,1.90496875e-01
2.01915781e-07,1.90503125e-01
2.01955781e-07,1.90496875e-01
2.01995781e-07,1.90503125e-01
2.02035781e-07,1.90496875e-01
2.02075781e-07,1.90503125e-01
2.02115781e-07,1.90496875e-01
2.02155781e-07,1.90503125e-01
2.02195781e-07,1.90496875e-01
2.02235781e-07,1.90504688e-01
2.02275781e-07,1.90495313e-01
2.02315781e-07,1.90504688e-01
2.02355781e-07,1.90495313e-01
2.02395781e-07,1.90504688e-01
2.02435781e-07,1.90495313e-01
2.02475781e-07,1.90504688e-01
2.02515781e-07,1.90495313e-01
2.02555781e-07,1.90504688e-01
2.02595781e-07,1.90493750e-01
2.02635781e-07,1.90506250e-01
2.02675781e-07,1.90493750e-01
2.02715781e-07,1.90507813e-01
2.02755781e-07,1.90492188e-01
2.02795781e-07,1.90509375e-01
2.02835781e-07,1.90489063e-01
2.02875781e-07,1.90514062e-01
2.02915781e-07,1.90481250e-01
2.02955781e-07,1.90528125e-01
2.02995781e-07,1.90448438e-01
2.03035781e-07,1.90704687e-01
2.03075781e-07,1.90957813e-01
2.03115781e-07,1.90865625e-01
2.03155781e-07,1.90926563e-01
2.03195781e-07,1.90876563e-01
2.03235781e-07,1.90921875e-01
2.03275781e-07,1.90878125e-01
2.03315781e-07,1.90923438e-01
2.03355781e-07,1.90871875e-01
2.03395781e-07,1.90935938e-01
2.03435781e-07,1.90839063e-01
2.03475781e-07,1.91114063e-01
2.03515781e-07,1.91348437e-01
2.03555781e-07,1.91275000e-01
2.03595781e-07,1.91314062e-01
2.03635781e-07,1.91290625e-01
2.03675781e-07,1.91304688e-01
2.03715781e-07,1.91298438e-01
2.03755781e-07,1.91298438e-01
2.03795781e-07,1.91304688e-01
2.03835781e-07,1.91289062e-01
2.03875781e-07,1.91320313e-01
2.03915781e-07,1.91254688e-01
2.03955781e-07,1.91500000e-01
2.03995781e-07,1.91762500e-01
2.04035781e-07,1.91660938e-01
2.04075781e-07,1.91729687e-01
2.04115781e-07,1.91675000e-01
2.04155781e-07,1.91721875e-01
2.04195781e-07,1.91681250e-01
2.04235781e-07,1.91717187e-01
2.04275781e-07,1.91682813e-01
2.04315781e-07,1.91715625e-01
2.04355781e-07,1.91684375e-01
2.04395781e-07,1.91715625e-01
2.04435781e-07,1.91684375e-01
2.04475781e-07,1.91715625e-01
2.04515781e-07,1.91684375e-01
2.04555781e-07,1.91715625e-01
2.04595781e-07,1.91682813e-01
2.04635781e-07,1.91717187e-01
2.04675781e-07,1.91681250e-01
2.04715781e-07,1.91720313e-01
2.04755781e-07,1.91676563e-01
2.04795781e-07,1.91728125e-01
2.04835781e-07,1.91662500e-01
2.04875781e-07,1.91762500e-01
2.04915781e-07,1.91484375e-01
2.04955781e-07,1.91253125e-01
2.04995781e-07,1.91323437e-01
2.05035781e-07,1.91285938e-01
2.05075781e-07,1.91309375e-01
2.05115781e-07,1.91293750e-01
2.05155781e-07,1.91304688e-01
2.05195781e-07,1.91296875e-01
2.05235781e-07,1.91301563e-01
2.05275781e-07,1.91298438e-01
2.05315781e-07,1.91300000e-01
2.05355781e-07,1.91300000e-01
2.05395781e-07,1.91300000e-01
2.05435781e-07,1.91300000e-01
2.05475781e-07,1.91300000e-01
2.05515781e-07,1.91300000e-01
2.05555781e-07,1.91300000e-01
2.05595781e-07,1.91300000e-01
2.05635781e-07,1.91300000e-01
2.05675781e-07,1.91300000e-01
2.05715781e-07,1.91301563e-01
2.05755781e-07,1.91298438e-01
2.05795781e-07,1.91303125e-01
2.05835781e-07,1.91296875e-01
2.05875781e-07,1.91306250e-01
2.05915781e-07,1.91292188e-01
2.05955781e-07,1.91314062e-01
2.05995781e-07,1.91276562e-01
2.06035781e-07,1.91346875e-01
2.06075781e-07,1.91100000e-01
2.06115781e-07,1.90837500e-01
2.06155781e-07,1.90939063e-01
2.06195781e-07,1.90870313e-01
2.06235781e-07,1.90925000e-01
2.06275781e-07,1.90878125e-01
2.06315781e-07,1.90920312e-01
2.06355781e-07,1.90881250e-01
2.06395781e-07,1.90917188e-01
2.06435781e-07,1.90882812e-01
2.06475781e-07,1.90917188e-01
2.06515781e-07,1.90882812e-01
2.06555781e-07,1.90917188e-01
2.06595781e-07,1.90882812e-01
2.06635781e-07,1.90917188e-01
2.06675781e-07,1.90882812e-01
2.06715781e-07,1.90917188e-01
2.06755781e-07,1.90882812e-01
2.06795781e-07,1.90917188e-01
2.06835781e-07,1.90882812e-01
2.06875781e-07,1.90918750e-01
2.06915781e-07,1.90881250e-01
2.06955781e-07,1.90920312e-01
2.06995781e-07,1.90878125e-01
2.07035781e-07,1.90921875e-01
2.07075781e-07,1.90875000e-01
2.07115781e-07,1.90926563e-01
2.07155781e-07,1.90870313e-01
2.07195781e-07,1.90935938e-01
2.07235781e-07,1.90854688e-01
2.07275781e-07,1.90971875e-01
2.07315781e-07,1.90675000e-01
2.07355781e-07,1.90464063e-01
2.07395781e-07,1.90512500e-01
2.07435781e-07,1.90498438e-01
2.07475781e-07,1.90495313e-01
2.07515781e-07,1.90509375e-01
2.07555781e-07,1.90487500e-01
2.07595781e-07,1.90517188e-01
2.07635781e-07,1.90478125e-01
2.07675781e-07,1.90528125e-01
2.07715781e-07,1.90460938e-01
2.07755781e-07,1.90565625e-01
2.07795781e-07,1.90279688e-01
2.07835781e-07,1.90060937e-01
2.07875781e-07,1.90114063e-01
2.07915781e-07,1.90098437e-01
2.07955781e-07,1.90092188e-01
2.07995781e-07,1.90117188e-01
2.08035781e-07,1.90070313e-01
2.08075781e-07,1.90156250e-01
2.08115781e-07,1.89887500e-01
2.08155781e-07,1.89651563e-01
2.08195781e-07,1.89721875e-01
2.08235781e-07,1.89690625e-01
2.08275781e-07,1.89700000e-01
2.08315781e-07,1.89707813e-01
2.08355781e-07,1.89679687e-01
2.08395781e-07,1.89748438e-01
2.08435781e-07,1.89496875e-01
2.08475781e-07,1.89242188e-01
2.08515781e-07,1.89332813e-01
2.08555781e-07,1.89278125e-01
2.08595781e-07,1.89315625e-01
2.08635781e-07,1.89289062e-01
2.08675781e-07,1.89306250e-01
2.08715781e-07,1.89296875e-01
2.08755781e-07,1.89298437e-01
2.08795781e-07,1.89307813e-01
2.08835781e-07,1.89281250e-01
2.08875781e-07,1.89343750e-01
2.08915781e-07,1.89101563e-01
2.08955781e-07,1.88835937e-01
2.08995781e-07,1.88939063e-01
2.09035781e-07,1.88870312e-01
2.09075781e-07,1.88925000e-01
2.09115781e-07,1.88878125e-01
2.09155781e-07,1.88920313e-01
2.09195781e-07,1.88881250e-01
2.09235781e-07,1.88918750e-01
2.09275781e-07,1.88879688e-01
2.09315781e-07,1.88921875e-01
2.09355781e-07,1.88875000e-01
2.09395781e-07,1.88934375e-01
2.09435781e-07,1.88842188e-01
2.09475781e-07,1.89109375e-01
2.09515781e-07,1.89353125e-01
2.09555781e-07,1.89270313e-01
2.09595781e-07,1.89321875e-01
2.09635781e-07,1.89281250e-01
2.09675781e-07,1.89317188e-01
2.09715781e-07,1.89284375e-01
2.09755781e-07,1.89317188e-01
2.09795781e-07,1.89281250e-01
2.09835781e-07,1.89320313e-01
2.09875781e-07,1.89275000e-01
2.09915781e-07,1.89335937e-01
2.09955781e-07,1.89239062e-01
2.09995781e-07,1.89514062e-01
2.10035781e-07,1.89748438e-01
2.10075781e-07,1.89676563e-01
2.10115781e-07,1.89712500e-01
2.10155781e-07,1.89693750e-01
2.10195781e-07,1.89701563e-01
2.10235781e-07,1.89703125e-01
2.10275781e-07,1.89690625e-01
2.10315781e-07,1.89720313e-01
2.10355781e-07,1.89654688e-01
2.10395781e-07,1.89898438e-01
2.10435781e-07,1.90162500e-01
2.10475781e-07,1.90060937e-01
2.10515781e-07,1.90129688e-01
2.10555781e-07,1.90075000e-01
2.10595781e-07,1.90121875e-01
2.10635781e-07,1.90079688e-01
2.10675781e-07,1.90118750e-01
2.10715781e-07,1.90081250e-01
2.10755781e-07,1.90118750e-01
2.10795781e-07,1.90081250e-01
2.10835781e-07,1.90120312e-01
2.10875781e-07,1.90078125e-01
2.10915781e-07,1.90125000e-01
2.10955781e-07,1.90070313e-01
2.10995781e-07,1.90140625e-01
2.11035781e-07,1.90034375e-01
2.11075781e-07,1.90320313e-01
2.11115781e-07,1.90539062e-01
2.11155781e-07,1.90489063e-01
2.11195781e-07,1.90492188e-01
2.11235781e-07,1.90537500e-01
2.11275781e-07,1.90307813e-01
2.11315781e-07,1.90031250e-01
2.11355781e-07,1.90143750e-01
2.11395781e-07,1.90067188e-01
2.11435781e-07,1.90128125e-01
2.11475781e-07,1.90075000e-01
2.11515781e-07,1.90123438e-01
2.11555781e-07,1.90078125e-01
2.11595781e-07,1.90121875e-01
2.11635781e-07,1.90078125e-01
2.11675781e-07,1.90123438e-01
2.11715781e-07,1.90076563e-01
2.11755781e-07,1.90125000e-01
2.11795781e-07,1.90071875e-01
2.11835781e-07,1.90134375e-01
2.11875781e-07,1.90056250e-01
2.11915781e-07,1.90168750e-01
2.11955781e-07,1.89878125e-01
2.11995781e-07,1.89660938e-01
2.12035781e-07,1.89714063e-01
2.12075781e-07,1.89695313e-01
2.12115781e-07,1.89696875e-01
2.12155781e-07,1.89707813e-01
2.12195781e-07,1.89687500e-01
2.12235781e-07,1.89720313e-01
2.12275781e-07,1.89668750e-01
2.12315781e-07,1.89756250e-01
2.12355781e-07,1.89489062e-01
2.12395781e-07,1.89250000e-01
2.12435781e-07,1.89325000e-01
2.12475781e-07,1.89284375e-01
2.12515781e-07,1.89309375e-01
2.12555781e-07,1.89295313e-01
2.12595781e-07,1.89300000e-01
2.12635781e-07,1.89303125e-01
2.12675781e-07,1.89292188e-01
2.12715781e-07,1.89314063e-01
2.12755781e-07,1.89275000e-01
2.12795781e-07,1.89350000e-01
2.12835781e-07,1.89095313e-01
2.12875781e-07,1.88842188e-01
2.12915781e-07,1.88932813e-01
2.12955781e-07,1.88876563e-01
2.12995781e-07,1.88918750e-01
2.13035781e-07,1.88885938e-01
2.13075781e-07,1.88912500e-01
2.13115781e-07,1.88889063e-01
2.13155781e-07,1.88909375e-01
2.13195781e-07,1.88892188e-01
2.13235781e-07,1.88906250e-01
2.13275781e-07,1.88893750e-01
2.13315781e-07,1.88904688e-01
2.13355781e-07,1.88895312e-01
2.13395781e-07,1.88903125e-01
2.13435781e-07,1.88896875e-01
2.13475781e-07,1.88901563e-01
2.13515781e-07,1.88898438e-01
2.13555781e-07,1.88900000e-01
2.13595781e-07,1.88900000e-01
2.13635781e-07,1.88898438e-01
2.13675781e-07,1.88901563e-01
2.13715781e-07,1.88896875e-01
2.13755781e-07,1.88904688e-01
2.13795781e-07,1.88892188e-01
2.13835781e-07,1.88910938e-01
2.13875781e-07,1.88884375e-01
2.13915781e-07,1.88925000e-01
2.13955781e-07,1.88850000e-01
2.13995781e-07,1.89103125e-01
2.14035781e-07,1.89359375e-01
2.14075781e-07,1.89264062e-01
2.14115781e-07,1.89326563e-01
2.14155781e-07,1.89276562e-01
2.14195781e-07,1.89320313e-01
2.14235781e-07,1.89279688e-01
2.14275781e-07,1.89321875e-01
2.14315781e-07,1.89275000e-01
2.14355781e-07,1.89332813e-01
2.14395781e-07,1.89243750e-01
2.14435781e-07,1.89507813e-01
2.14475781e-07,1.89756250e-01
2.14515781e-07,1.89665625e-01
2.14555781e-07,1.89726563e-01
2.14595781e-07,1.89676563e-01
2.14635781e-07,1.89725000e-01
2.14675781e-07,1.89671875e-01
2.14715781e-07,1.89737500e-01
2.14755781e-07,1.89637500e-01
2.14795781e-07,1.89914063e-01
2.14835781e-07,1.90146875e-01
2.14875781e-07,1.90078125e-01
2.14915781e-07,1.90112500e-01
2.14955781e-07,1.90095313e-01
2.14995781e-07,1.90096875e-01
2.15035781e-07,1.90114063e-01
2.15075781e-07,1.90060937e-01
2.15115781e-07,1.90292188e-01
2.15155781e-07,1.90570313e-01
2.15195781e-07,1.90451563e-01
2.15235781e-07,1.90542188e-01
2.15275781e-07,1.90457813e-01
2.15315781e-07,1.90548438e-01
2.15355781e-07,1.90428125e-01
2.15395781e-07,1.90723438e-01
2.15435781e-07,1.90939063e-01
2.15475781e-07,1.90884375e-01
2.15515781e-07,1.90906250e-01
2.15555781e-07,1.90901563e-01
2.15595781e-07,1.90892188e-01
2.15635781e-07,1.90917188e-01
2.15675781e-07,1.90857813e-01
2.15715781e-07,1.91095313e-01
2.15755781e-07,1.91368750e-01
2.15795781e-07,1.91253125e-01
2.15835781e-07,1.91340625e-01
2.15875781e-07,1.91259375e-01
2.15915781e-07,1.91346875e-01
2.15955781e-07,1.91229687e-01
2.15995781e-07,1.91523438e-01
2.16035781e-07,1.91739063e-01
2.16075781e-07,1.91684375e-01
2.16115781e-07,1.91704687e-01
2.16155781e-07,1.91703125e-01
2.16195781e-07,1.91689063e-01
2.16235781e-07,1.91721875e-01
2.16275781e-07,1.91653125e-01
2.16315781e-07,1.91900000e-01
2.16355781e-07,1.92162500e-01
2.16395781e-07,1.92060938e-01
2.16435781e-07,1.92129688e-01
2.16475781e-07,1.92073437e-01
2.16515781e-07,1.92126563e-01
2.16555781e-07,1.92070313e-01
2.16595781e-07,1.92137500e-01
2.16635781e-07,1.92039062e-01
2.16675781e-07,1.92312500e-01
2.16715781e-07,1.92551562e-01
2.16755781e-07,1.92471875e-01
2.16795781e-07,1.92520313e-01
2.16835781e-07,1.92484375e-01
2.16875781e-07,1.92514062e-01
2.16915781e-07,1.92487500e-01
2.16955781e-07,1.92510938e-01
2.16995781e-07,1.92489063e-01
2.17035781e-07,1.92510938e-01
2.17075781e-07,1.92489063e-01
2.17115781e-07,1.92510938e-01
2.17155781e-07,1.92487500e-01
2.17195781e-07,1.92512500e-01
2.17235781e-07,1.92485938e-01
2.17275781e-07,1.92515625e-01
2.17315781e-07,1.92482813e-01
2.17355781e-07,1.92520313e-01
2.17395781e-07,1.92476563e-01
2.17435781e-07,1.92529688e-01
2.17475781e-07,1.92460938e-01
2.17515781e-07,1.92565625e-01
2.17555781e-07,1.92281250e-01
2.17595781e-07,1.92057813e-01
2.17635781e-07,1.92115625e-01
2.17675781e-07,1.92095313e-01
2.17715781e-07,1.92095313e-01
2.17755781e-07,1.92112500e-01
2.17795781e-07,1.92075000e-01
2.17835781e-07,1.92153125e-01
2.17875781e-07,1.91892188e-01
2.17915781e-07,1.91648438e-01
2.17955781e-07,1.91723438e-01
2.17995781e-07,1.91690625e-01
2.18035781e-07,1.91695313e-01
2.18075781e-07,1.91731250e-01
2.18115781e-07,1.91514062e-01
2.18155781e-07,1.91223438e-01
2.18195781e-07,1.91356250e-01
2.18235781e-07,1.91245313e-01
2.18275781e-07,1.91371875e-01
2.18315781e-07,1.91081250e-01
2.18355781e-07,1.90851563e-01
2.18395781e-07,1.90931250e-01
2.18435781e-07,1.90867188e-01
2.18475781e-07,1.90953125e-01
2.18515781e-07,1.90696875e-01
2.18555781e-07,1.90437500e-01
2.18595781e-07,1.90543750e-01
2.18635781e-07,1.90457813e-01
2.18675781e-07,1.90560937e-01
2.18715781e-07,1.90290625e-01
2.18755781e-07,1.90040625e-01
2.18795781e-07,1.90142188e-01
2.18835781e-07,1.90056250e-01
2.18875781e-07,1.90165625e-01
2.18915781e-07,1.89881250e-01
2.18955781e-07,1.89656250e-01
2.18995781e-07,1.89717187e-01
2.19035781e-07,1.89696875e-01
2.19075781e-07,1.89690625e-01
2.19115781e-07,1.89737500e-01
2.19155781e-07,1.89507813e-01
2.19195781e-07,1.89231250e-01
2.19235781e-07,1.89345313e-01
2.19275781e-07,1.89264062e-01
2.19315781e-07,1.89331250e-01
2.19355781e-07,1.89271875e-01
2.19395781e-07,1.89328125e-01
2.19435781e-07,1.89270313e-01
2.19475781e-07,1.89332813e-01
2.19515781e-07,1.89259375e-01
2.19555781e-07,1.89364063e-01
2.19595781e-07,1.89084375e-01
2.19635781e-07,1.88851563e-01
2.19675781e-07,1.88925000e-01
2.19715781e-07,1.88882812e-01
2.19755781e-07,1.88914063e-01
2.19795781e-07,1.88885938e-01
2.19835781e-07,1.88915625e-01
2.19875781e-07,1.88881250e-01
2.19915781e-07,1.88928125e-01
2.19955781e-07,1.88848438e-01
2.19995781e-07,1.89104688e-01
2.20035781e-07,1.89359375e-01
2.20075781e-07,1.89264062e-01
2.20115781e-07,1.89326563e-01
2.20155781e-07,1.89278125e-01
2.20195781e-07,1.89320313e-01
2.20235781e-07,1.89281250e-01
2.20275781e-07,1.89318750e-01
2.20315781e-07,1.89279688e-01
2.20355781e-07,1.89321875e-01
2.20395781e-07,1.89273438e-01
2.20435781e-07,1.89334375e-01
2.20475781e-07,1.89240625e-01
2.20515781e-07,1.89510938e-01
2.20555781e-07,1.89751562e-01
2.20595781e-07,1.89671875e-01
2.20635781e-07,1.89720313e-01
2.20675781e-07,1.89684375e-01
2.20715781e-07,1.89714063e-01
2.20755781e-07,1.89685938e-01
2.20795781e-07,1.89714063e-01
2.20835781e-07,1.89684375e-01
2.20875781e-07,1.89717187e-01
2.20915781e-07,1.89678125e-01
2.20955781e-07,1.89731250e-01
2.20995781e-07,1.89643750e-01
2.21035781e-07,1.89909375e-01
2.21075781e-07,1.90153125e-01
2.21115781e-07,1.90070313e-01
2.21155781e-07,1.90120312e-01
2.21195781e-07,1.90084375e-01
2.21235781e-07,1.90112500e-01
2.21275781e-07,1.90090625e-01
2.21315781e-07,1.90107813e-01
2.21355781e-07,1.90092188e-01
2.21395781e-07,1.90106250e-01
2.21435781e-07,1.90095313e-01
2.21475781e-07,1.90104688e-01
2.21515781e-07,1.90096875e-01
2.21555781e-07,1.90103125e-01
2.21595781e-07,1.90098437e-01
2.21635781e-07,1.90100000e-01
2.21675781e-07,1.90101563e-01
2.21715781e-07,1.90096875e-01
2.21755781e-07,1.90104688e-01
2.21795781e-07,1.90092188e-01
2.21835781e-07,1.90114063e-01
2.21875781e-07,1.90076563e-01
2.21915781e-07,1.90148438e-01
2.21955781e-07,1.89898438e-01
2.21995781e-07,1.89639063e-01
2.22035781e-07,1.89737500e-01
2.22075781e-07,1.89671875e-01
2.22115781e-07,1.89721875e-01
2.22155781e-07,1.89681250e-01
2.22195781e-07,1.89717187e-01
2.22235781e-07,1.89684375e-01
2.22275781e-07,1.89714063e-01
2.22315781e-07,1.89685938e-01
2.22355781e-07,1.89712500e-01
2.22395781e-07,1.89687500e-01
2.22435781e-07,1.89712500e-01
2.22475781e-07,1.89689063e-01
2.22515781e-07,1.89710938e-01
2.22555781e-07,1.89689063e-01
2.22595781e-07,1.89710938e-01
2.22635781e-07,1.89689063e-01
2.22675781e-07,1.89710938e-01
2.22715781e-07,1.89689063e-01
2.22755781e-07,1.89710938e-01
2.22795781e-07,1.89689063e-01
2.22835781e-07,1.89709375e-01
2.22875781e-07,1.89690625e-01
2.22915781e-07,1.89709375e-01
2.22955781e-07,1.89689063e-01
2.22995781e-07,1.89710938e-01
2.23035781e-07,1.89689063e-01
2.23075781e-07,1.89710938e-01
2.23115781e-07,1.89689063e-01
2.23155781e-07,1.89710938e-01
2.23195781e-07,1.89689063e-01
2.23235781e-07,1.89710938e-01
2.23275781e-07,1.89689063e-01
2.23315781e-07,1.89710938e-01
2.23355781e-07,1.89687500e-01
2.23395781e-07,1.89712500e-01
2.23435781e-07,1.89687500e-01
2.23475781e-07,1.89714063e-01
2.23515781e-07,1.89685938e-01
2.23555781e-07,1.89715625e-01
2.23595781e-07,1.89684375e-01
2.23635781e-07,1.89717187e-01
2.23675781e-07,1.89679687e-01
2.23715781e-07,1.89723438e-01
2.23755781e-07,1.89671875e-01
2.23795781e-07,1.89739062e-01
2.23835781e-07,1.89635938e-01
2.23875781e-07,1.89917188e-01
2.23915781e-07,1.90145312e-01
2.23955781e-07,1.90079688e-01
2.23995781e-07,1.90110938e-01
2.24035781e-07,1.90095313e-01
2.24075781e-07,1.90101563e-01
2.24115781e-07,1.90103125e-01
2.24155781e-07,1.90093750e-01
2.24195781e-07,1.90109375e-01
2.24235781e-07,1.90084375e-01
2.24275781e-07,1.90125000e-01
2.24315781e-07,1.90048438e-01
2.24355781e-07,1.90304688e-01
2.24395781e-07,1.90557813e-01
2.24435781e-07,1.90465625e-01
2.24475781e-07,1.90525000e-01
2.24515781e-07,1.90478125e-01
2.24555781e-07,1.90518750e-01
2.24595781e-07,1.90481250e-01
2.24635781e-07,1.90520313e-01
2.24675781e-07,1.90476563e-01
2.24715781e-07,1.90531250e-01
2.24755781e-07,1.90445313e-01
2.24795781e-07,1.90707813e-01
2.24835781e-07,1.90956250e-01
2.24875781e-07,1.90865625e-01
2.24915781e-07,1.90925000e-01
2.24955781e-07,1.90878125e-01
2.24995781e-07,1.90921875e-01
2.25035781e-07,1.90878125e-01
2.25075781e-07,1.90923438e-01
2.25115781e-07,1.90871875e-01
2.25155781e-07,1.90937500e-01
2.25195781e-07,1.90837500e-01
2.25235781e-07,1.91115625e-01
2.25275781e-07,1.91346875e-01
2.25315781e-07,1.91276562e-01
2.25355781e-07,1.91314062e-01
2.25395781e-07,1.91292188e-01
2.25435781e-07,1.91303125e-01
2.25475781e-07,1.91300000e-01
2.25515781e-07,1.91296875e-01
2.25555781e-07,1.91306250e-01
2.25595781e-07,1.91287500e-01
2.25635781e-07,1.91321875e-01
2.25675781e-07,1.91253125e-01
2.25715781e-07,1.91500000e-01
2.25755781e-07,1.91760938e-01
2.25795781e-07,1.91662500e-01
2.25835781e-07,1.91728125e-01
2.25875781e-07,1.91676563e-01
2.25915781e-07,1.91721875e-01
2.25955781e-07,1.91679688e-01
2.25995781e-07,1.91720313e-01
2.26035781e-07,1.91678125e-01
2.26075781e-07,1.91723438e-01
2.26115781e-07,1.91673438e-01
2.26155781e-07,1.91735938e-01
2.26195781e-07,1.91639063e-01
2.26235781e-07,1.91912500e-01
2.26275781e-07,1.92150000e-01
2.26315781e-07,1.92073437e-01
2.26355781e-07,1.92117188e-01
2.26395781e-07,1.92085937e-01
2.26435781e-07,1.92110937e-01
2.26475781e-07,1.92090625e-01
2.26515781e-07,1.92107813e-01
2.26555781e-07,1.92092188e-01
2.26595781e-07,1.92107813e-01
2.26635781e-07,1.92092188e-01
2.26675781e-07,1.92107813e-01
2.26715781e-07,1.92090625e-01
2.26755781e-07,1.92110937e-01
2.26795781e-07,1.92087500e-01
2.26835781e-07,1.92115625e-01
2.26875781e-07,1.92079688e-01
2.26915781e-07,1.92129688e-01
2.26955781e-07,1.92045313e-01
2.26995781e-07,1.92307813e-01
2.27035781e-07,1.92554688e-01
2.27075781e-07,1.92468750e-01
2.27115781e-07,1.92521875e-01
2.27155781e-07,1.92482813e-01
2.27195781e-07,1.92514062e-01
2.27235781e-07,1.92487500e-01
2.27275781e-07,1.92510938e-01
2.27315781e-07,1.92489063e-01
2.27355781e-07,1.92509375e-01
2.27395781e-07,1.92490625e-01
2.27435781e-07,1.92509375e-01
2.27475781e-07,1.92492188e-01
2.27515781e-07,1.92507813e-01
2.27555781e-07,1.92492188e-01
2.27595781e-07,1.92507813e-01
2.27635781e-07,1.92492188e-01
2.27675781e-07,1.92507813e-01
2.27715781e-07,1.92492188e-01
2.27755781e-07,1.92507813e-01
2.27795781e-07,1.92492188e-01
2.27835781e-07,1.92507813e-01
2.27875781e-07,1.92490625e-01
2.27915781e-07,1.92509375e-01
2.27955781e-07,1.92490625e-01
2.27995781e-07,1.92510938e-01
2.28035781e-07,1.92489063e-01
2.28075781e-07,1.92512500e-01
2.28115781e-07,1.92484375e-01
2.28155781e-07,1.92518750e-01
2.28195781e-07,1.92476563e-01
2.28235781e-07,1.92532813e-01
2.28275781e-07,1.92442188e-01
2.28315781e-07,1.92710938e-01
2.28355781e-07,1.92951563e-01
2.28395781e-07,1.92871875e-01
2.28435781e-07,1.92918750e-01
2.28475781e-07,1.92885937e-01
2.28515781e-07,1.92910938e-01
2.28555781e-07,1.92890625e-01
2.28595781e-07,1.92907812e-01
2.28635781e-07,1.92893750e-01
2.28675781e-07,1.92904688e-01
2.28715781e-07,1.92895312e-01
2.28755781e-07,1.92904688e-01
2.28795781e-07,1.92896875e-01
2.28835781e-07,1.92903125e-01
2.28875781e-07,1.92896875e-01
2.28915781e-07,1.92903125e-01
2.28955781e-07,1.92896875e-01
2.28995781e-07,1.92903125e-01
2.29035781e-07,1.92896875e-01
2.29075781e-07,1.92903125e-01
2.29115781e-07,1.92896875e-01
2.29155781e-07,1.92903125e-01
2.29195781e-07,1.92896875e-01
2.29235781e-07,1.92903125e-01
2.29275781e-07,1.92896875e-01
2.29315781e-07,1.92903125e-01
2.29355781e-07,1.92896875e-01
2.29395781e-07,1.92903125e-01
2.29435781e-07,1.92896875e-01
2.29475781e-07,1.92903125e-01
2.29515781e-07,1.92895312e-01
2.29555781e-07,1.92904688e-01
2.29595781e-07,1.92895312e-01
2.29635781e-07,1.92906250e-01
2.29675781e-07,1.92892188e-01
2.29715781e-07,1.92909375e-01
2.29755781e-07,1.92887500e-01
2.29795781e-07,1.92917188e-01
2.29835781e-07,1.92873438e-01
2.29875781e-07,1.92951563e-01
2.29915781e-07,1.92695312e-01
2.29955781e-07,1.92442188e-01
2.29995781e-07,1.92534375e-01
2.30035781e-07,1.92475000e-01
2.30075781e-07,1.92520313e-01
2.30115781e-07,1.92482813e-01
2.30155781e-07,1.92515625e-01
2.30195781e-07,1.92485938e-01
2.30235781e-07,1.92514062e-01
2.30275781e-07,1.92485938e-01
2.30315781e-07,1.92512500e-01
2.30355781e-07,1.92487500e-01
2.30395781e-07,1.92512500e-01
2.30435781e-07,1.92485938e-01
2.30475781e-07,1.92514062e-01
2.30515781e-07,1.92485938e-01
2.30555781e-07,1.92515625e-01
2.30595781e-07,1.92482813e-01
2.30635781e-07,1.92518750e-01
2.30675781e-07,1.92478125e-01
2.30715781e-07,1.92528125e-01
2.30755781e-07,1.92462500e-01
2.30795781e-07,1.92562500e-01
2.30835781e-07,1.92284375e-01
2.30875781e-07,1.92053125e-01
2.30915781e-07,1.92121875e-01
2.30955781e-07,1.92087500e-01
2.30995781e-07,1.92106250e-01
2.31035781e-07,1.92096875e-01
2.31075781e-07,1.92100000e-01
2.31115781e-07,1.92104688e-01
2.31155781e-07,1.92092188e-01
2.31195781e-07,1.92114063e-01
2.31235781e-07,1.92076562e-01
2.31275781e-07,1.92148438e-01
2.31315781e-07,1.91898438e-01
2.31355781e-07,1.91640625e-01
2.31395781e-07,1.91735938e-01
2.31435781e-07,1.91673438e-01
2.31475781e-07,1.91721875e-01
2.31515781e-07,1.91679688e-01
2.31555781e-07,1.91718750e-01
2.31595781e-07,1.91681250e-01
2.31635781e-07,1.91718750e-01
2.31675781e-07,1.91678125e-01
2.31715781e-07,1.91725000e-01
2.31755781e-07,1.91665625e-01
2.31795781e-07,1.91759375e-01
2.31835781e-07,1.91489063e-01
2.31875781e-07,1.91248438e-01
2.31915781e-07,1.91328125e-01
2.31955781e-07,1.91281250e-01
2.31995781e-07,1.91314062e-01
2.32035781e-07,1.91287500e-01
2.32075781e-07,1.91309375e-01
2.32115781e-07,1.91290625e-01
2.32155781e-07,1.91307813e-01
2.32195781e-07,1.91292188e-01
2.32235781e-07,1.91307813e-01
2.32275781e-07,1.91292188e-01
2.32315781e-07,1.91306250e-01
2.32355781e-07,1.91293750e-01
2.32395781e-07,1.91306250e-01
2.32435781e-07,1.91292188e-01
2.32475781e-07,1.91307813e-01
2.32515781e-07,1.91292188e-01
2.32555781e-07,1.91307813e-01
2.32595781e-07,1.91292188e-01
2.32635781e-07,1.91309375e-01
2.32675781e-07,1.91290625e-01
2.32715781e-07,1.91310938e-01
2.32755781e-07,1.91287500e-01
2.32795781e-07,1.91314062e-01
2.32835781e-07,1.91282813e-01
2.32875781e-07,1.91321875e-01
2.32915781e-07,1.91268750e-01
2.32955781e-07,1.91356250e-01
2.32995781e-07,1.91090625e-01
2.33035781e-07,1.90846875e-01
2.33075781e-07,1.90929688e-01
2.33115781e-07,1.90879688e-01
2.33155781e-07,1.90915625e-01
2.33195781e-07,1.90885938e-01
2.33235781e-07,1.90912500e-01
2.33275781e-07,1.90887500e-01
2.33315781e-07,1.90912500e-01
2.33355781e-07,1.90885938e-01
2.33395781e-07,1.90918750e-01
2.33435781e-07,1.90873438e-01
2.33475781e-07,1.90951563e-01
2.33515781e-07,1.90696875e-01
2.33555781e-07,1.90440625e-01
2.33595781e-07,1.90537500e-01
2.33635781e-07,1.90470313e-01
2.33675781e-07,1.90526562e-01
2.33715781e-07,1.90475000e-01
2.33755781e-07,1.90525000e-01
2.33795781e-07,1.90471875e-01
2.33835781e-07,1.90531250e-01
2.33875781e-07,1.90459375e-01
2.33915781e-07,1.90565625e-01
2.33955781e-07,1.90281250e-01
2.33995781e-07,1.90056250e-01
2.34035781e-07,1.90118750e-01
2.34075781e-07,1.90090625e-01
2.34115781e-07,1.90103125e-01
2.34155781e-07,1.90100000e-01
2.34195781e-07,1.90095313e-01
2.34235781e-07,1.90107813e-01
2.34275781e-07,1.90087500e-01
2.34315781e-07,1.90117188e-01
2.34355781e-07,1.90071875e-01
2.34395781e-07,1.90153125e-01
2.34435781e-07,1.89892188e-01
2.34475781e-07,1.89645312e-01
2.34515781e-07,1.89729688e-01
2.34555781e-07,1.89679687e-01
2.34595781e-07,1.89714063e-01
2.34635781e-07,1.89689063e-01
2.34675781e-07,1.89709375e-01
2.34715781e-07,1.89693750e-01
2.34755781e-07,1.89704687e-01
2.34795781e-07,1.89696875e-01
2.34835781e-07,1.89703125e-01
2.34875781e-07,1.89698438e-01
2.34915781e-07,1.89700000e-01
2.34955781e-07,1.89701563e-01
2.34995781e-07,1.89696875e-01
2.35035781e-07,1.89704687e-01
2.35075781e-07,1.89692187e-01
2.35115781e-07,1.89710938e-01
2.35155781e-07,1.89684375e-01
2.35195781e-07,1.89726563e-01
2.35235781e-07,1.89648438e-01
2.35275781e-07,1.89904688e-01
2.35315781e-07,1.90157812e-01
2.35355781e-07,1.90067188e-01
2.35395781e-07,1.90123438e-01
2.35435781e-07,1.90081250e-01
2.35475781e-07,1.90115625e-01
2.35515781e-07,1.90087500e-01
2.35555781e-07,1.90110938e-01
2.35595781e-07,1.90090625e-01
2.35635781e-07,1.90109375e-01
2.35675781e-07,1.90092188e-01
2.35715781e-07,1.90107813e-01
2.35755781e-07,1.90093750e-01
2.35795781e-07,1.90106250e-01
2.35835781e-07,1.90095313e-01
2.35875781e-07,1.90104688e-01
2.35915781e-07,1.90095313e-01
2.35955781e-07,1.90103125e-01
2.35995781e-07,1.90096875e-01
2.36035781e-07,1.90103125e-01
2.36075781e-07,1.90098437e-01
2.36115781e-07,1.90100000e-01
2.36155781e-07,1.90100000e-01
2.36195781e-07,1.90098437e-01
2.36235781e-07,1.90103125e-01
2.36275781e-07,1.90095313e-01
2.36315781e-07,1.90107813e-01
2.36355781e-07,1.90087500e-01
2.36395781e-07,1.90123438e-01
2.36435781e-07,1.90051562e-01
2.36475781e-07,1.90300000e-01
2.36515781e-07,1.90560937e-01
2.36555781e-07,1.90462500e-01
2.36595781e-07,1.90528125e-01
2.36635781e-07,1.90476563e-01
2.36675781e-07,1.90521875e-01
2.36715781e-07,1.90479687e-01
2.36755781e-07,1.90518750e-01
2.36795781e-07,1.90481250e-01
2.36835781e-07,1.90518750e-01
2.36875781e-07,1.90481250e-01
2.36915781e-07,1.90518750e-01
2.36955781e-07,1.90479687e-01
2.36995781e-07,1.90523438e-01
2.37035781e-07,1.90471875e-01
2.37075781e-07,1.90537500e-01
2.37115781e-07,1.90437500e-01
2.37155781e-07,1.90714063e-01
2.37195781e-07,1.90948438e-01
2.37235781e-07,1.90876563e-01
2.37275781e-07,1.90915625e-01
2.37315781e-07,1.90889063e-01
2.37355781e-07,1.90907812e-01
2.37395781e-07,1.90893750e-01
2.37435781e-07,1.90904688e-01
2.37475781e-07,1.90896875e-01
2.37515781e-07,1.90903125e-01
2.37555781e-07,1.90898438e-01
2.37595781e-07,1.90901563e-01
2.37635781e-07,1.90898438e-01
2.37675781e-07,1.90901563e-01
2.37715781e-07,1.90898438e-01
2.37755781e-07,1.90901563e-01
2.37795781e-07,1.90898438e-01
2.37835781e-07,1.90901563e-01
2.37875781e-07,1.90898438e-01
2.37915781e-07,1.90901563e-01
2.37955781e-07,1.90898438e-01
2.37995781e-07,1.90901563e-01
2.38035781e-07,1.90898438e-01
2.38075781e-07,1.90901563e-01
2.38115781e-07,1.90898438e-01
2.38155781e-07,1.90903125e-01
2.38195781e-07,1.90896875e-01
2.38235781e-07,1.90904688e-01
2.38275781e-07,1.90893750e-01
2.38315781e-07,1.90907812e-01
2.38355781e-07,1.90889063e-01
2.38395781e-07,1.90915625e-01
2.38435781e-07,1.90875000e-01
2.38475781e-07,1.90948438e-01
2.38515781e-07,1.90698438e-01
2.38555781e-07,1.90439063e-01
2.38595781e-07,1.90537500e-01
2.38635781e-07,1.90471875e-01
2.38675781e-07,1.90525000e-01
2.38715781e-07,1.90478125e-01
2.38755781e-07,1.90521875e-01
2.38795781e-07,1.90478125e-01
2.38835781e-07,1.90521875e-01
2.38875781e-07,1.90475000e-01
2.38915781e-07,1.90529688e-01
2.38955781e-07,1.90462500e-01
2.38995781e-07,1.90562500e-01
2.39035781e-07,1.90284375e-01
2.39075781e-07,1.90053125e-01
2.39115781e-07,1.90123438e-01
2.39155781e-07,1.90085937e-01
2.39195781e-07,1.90109375e-01
2.39235781e-07,1.90093750e-01
2.39275781e-07,1.90104688e-01
2.39315781e-07,1.90096875e-01
2.39355781e-07,1.90101563e-01
2.39395781e-07,1.90098437e-01
2.39435781e-07,1.90100000e-01
2.39475781e-07,1.90100000e-01
2.39515781e-07,1.90100000e-01
2.39555781e-07,1.90101563e-01
2.39595781e-07,1.90098437e-01
2.39635781e-07,1.90101563e-01
2.39675781e-07,1.90098437e-01
2.39715781e-07,1.90103125e-01
2.39755781e-07,1.90096875e-01
2.39795781e-07,1.90103125e-01
2.39835781e-07,1.90096875e-01
2.39875781e-07,1.90104688e-01
2.39915781e-07,1.90095313e-01
2.39955781e-07,1.90104688e-01
2.39995781e-07,1.90093750e-01
2.40035781e-07,1.90106250e-01
2.40075781e-07,1.90092188e-01
2.40115781e-07,1.90107813e-01
2.40155781e-07,1.90090625e-01
2.40195781e-07,1.90110938e-01
2.40235781e-07,1.90087500e-01
2.40275781e-07,1.90117188e-01
2.40315781e-07,1.90078125e-01
2.40355781e-07,1.90131250e-01
2.40395781e-07,1.90043750e-01
2.40435781e-07,1.90310937e-01
2.40475781e-07,1.90551562e-01
2.40515781e-07,1.90471875e-01
2.40555781e-07,1.90517188e-01
2.40595781e-07,1.90487500e-01
2.40635781e-07,1.90507813e-01
2.40675781e-07,1.90495313e-01
2.40715781e-07,1.90501562e-01
2.40755781e-07,1.90501562e-01
2.40795781e-07,1.90495313e-01
2.40835781e-07,1.90510938e-01
2.40875781e-07,1.90479687e-01
2.40915781e-07,1.90545313e-01
2.40955781e-07,1.90301563e-01
2.40995781e-07,1.90037500e-01
2.41035781e-07,1.90139063e-01
2.41075781e-07,1.90070313e-01
2.41115781e-07,1.90125000e-01
2.41155781e-07,1.90078125e-01
2.41195781e-07,1.90120312e-01
2.41235781e-07,1.90081250e-01
2.41275781e-07,1.90117188e-01
2.41315781e-07,1.90082813e-01
2.41355781e-07,1.90117188e-01
2.41395781e-07,1.90082813e-01
2.41435781e-07,1.90117188e-01
2.41475781e-07,1.90082813e-01
2.41515781e-07,1.90118750e-01
2.41555781e-07,1.90081250e-01
2.41595781e-07,1.90120312e-01
2.41635781e-07,1.90076563e-01
2.41675781e-07,1.90128125e-01
2.41715781e-07,1.90062500e-01
2.41755781e-07,1.90162500e-01
2.41795781e-07,1.89884375e-01
2.41835781e-07,1.89653125e-01
2.41875781e-07,1.89723438e-01
2.41915781e-07,1.89685938e-01
2.41955781e-07,1.89709375e-01
2.41995781e-07,1.89693750e-01
2.42035781e-07,1.89703125e-01
2.42075781e-07,1.89698438e-01
2.42115781e-07,1.89701563e-01
2.42155781e-07,1.89700000e-01
2.42195781e-07,1.89700000e-01
2.42235781e-07,1.89701563e-01
2.42275781e-07,1.89698438e-01
2.42315781e-07,1.89701563e-01
2.42355781e-07,1.89698438e-01
2.42395781e-07,1.89703125e-01
2.42435781e-07,1.89696875e-01
2.42475781e-07,1.89703125e-01
2.42515781e-07,1.89696875e-01
2.42555781e-07,1.89704687e-01
2.42595781e-07,1.89695313e-01
2.42635781e-07,1.89704687e-01
2.42675781e-07,1.89695313e-01
2.42715781e-07,1.89706250e-01
2.42755781e-07,1.89693750e-01
2.42795781e-07,1.89706250e-01
2.42835781e-07,1.89693750e-01
2.42875781e-07,1.89707813e-01
2.42915781e-07,1.89692187e-01
2.42955781e-07,1.89709375e-01
2.42995781e-07,1.89690625e-01
2.43035781e-07,1.89710938e-01
2.43075781e-07,1.89687500e-01
2.43115781e-07,1.89714063e-01
2.43155781e-07,1.89684375e-01
2.43195781e-07,1.89718750e-01
2.43235781e-07,1.89675000e-01
2.43275781e-07,1.89734375e-01
2.43315781e-07,1.89640625e-01
2.43355781e-07,1.89914063e-01
2.43395781e-07,1.90148438e-01
2.43435781e-07,1.90076563e-01
2.43475781e-07,1.90112500e-01
2.43515781e-07,1.90093750e-01
2.43555781e-07,1.90101563e-01
2.43595781e-07,1.90103125e-01
2.43635781e-07,1.90090625e-01
2.43675781e-07,1.90120312e-01
2.43715781e-07,1.90054688e-01
2.43755781e-07,1.90298438e-01
2.43795781e-07,1.90562500e-01
2.43835781e-07,1.90460938e-01
2.43875781e-07,1.90531250e-01
2.43915781e-07,1.90473438e-01
2.43955781e-07,1.90525000e-01
2.43995781e-07,1.90476563e-01
2.44035781e-07,1.90525000e-01
2.44075781e-07,1.90471875e-01
2.44115781e-07,1.90537500e-01
2.44155781e-07,1.90439063e-01
2.44195781e-07,1.90714063e-01
2.44235781e-07,1.90950000e-01
2.44275781e-07,1.90873438e-01
2.44315781e-07,1.90917188e-01
2.44355781e-07,1.90885938e-01
2.44395781e-07,1.90910938e-01
2.44435781e-07,1.90890625e-01
2.44475781e-07,1.90909375e-01
2.44515781e-07,1.90890625e-01
2.44555781e-07,1.90909375e-01
2.44595781e-07,1.90890625e-01
2.44635781e-07,1.90909375e-01
2.44675781e-07,1.90889063e-01
2.44715781e-07,1.90912500e-01
2.44755781e-07,1.90884375e-01
2.44795781e-07,1.90920312e-01
2.44835781e-07,1.90870313e-01
2.44875781e-07,1.90954687e-01
2.44915781e-07,1.90692187e-01
2.44955781e-07,1.90445313e-01
2.44995781e-07,1.90531250e-01
2.45035781e-07,1.90478125e-01
2.45075781e-07,1.90517188e-01
2.45115781e-07,1.90485938e-01
2.45155781e-07,1.90512500e-01
2.45195781e-07,1.90489063e-01
2.45235781e-07,1.90510938e-01
2.45275781e-07,1.90489063e-01
2.45315781e-07,1.90510938e-01
2.45355781e-07,1.90487500e-01
2.45395781e-07,1.90512500e-01
2.45435781e-07,1.90484375e-01
2.45475781e-07,1.90520313e-01
2.45515781e-07,1.90470313e-01
2.45555781e-07,1.90553125e-01
2.45595781e-07,1.90293750e-01
2.45635781e-07,1.90042188e-01
2.45675781e-07,1.90134375e-01
2.45715781e-07,1.90073437e-01
2.45755781e-07,1.90121875e-01
2.45795781e-07,1.90079688e-01
2.45835781e-07,1.90120312e-01
2.45875781e-07,1.90079688e-01
2.45915781e-07,1.90123438e-01
2.45955781e-07,1.90071875e-01
2.45995781e-07,1.90137500e-01
2.46035781e-07,1.90039062e-01
2.46075781e-07,1.90314063e-01
2.46115781e-07,1.90548438e-01
2.46155781e-07,1.90476563e-01
2.46195781e-07,1.90514062e-01
2.46235781e-07,1.90490625e-01
2.46275781e-07,1.90506250e-01
2.46315781e-07,1.90496875e-01
2.46355781e-07,1.90500000e-01
2.46395781e-07,1.90501562e-01
2.46435781e-07,1.90495313e-01
2.46475781e-07,1.90507813e-01
2.46515781e-07,1.90485938e-01
2.46555781e-07,1.90523438e-01
2.46595781e-07,1.90451563e-01
2.46635781e-07,1.90701563e-01
2.46675781e-07,1.90960938e-01
2.46715781e-07,1.90862500e-01
2.46755781e-07,1.90928125e-01
2.46795781e-07,1.90876563e-01
2.46835781e-07,1.90920312e-01
2.46875781e-07,1.90881250e-01
2.46915781e-07,1.90918750e-01
2.46955781e-07,1.90881250e-01
2.46995781e-07,1.90918750e-01
2.47035781e-07,1.90879688e-01
2.47075781e-07,1.90921875e-01
2.47115781e-07,1.90873438e-01
2.47155781e-07,1.90935938e-01
2.47195781e-07,1.90839063e-01
2.47235781e-07,1.91114063e-01
2.47275781e-07,1.91348437e-01
2.47315781e-07,1.91275000e-01
2.47355781e-07,1.91317188e-01
2.47395781e-07,1.91287500e-01
2.47435781e-07,1.91309375e-01
2.47475781e-07,1.91292188e-01
2.47515781e-07,1.91306250e-01
2.47555781e-07,1.91295313e-01
2.47595781e-07,1.91304688e-01
2.47635781e-07,1.91296875e-01
2.47675781e-07,1.91303125e-01
2.47715781e-07,1.91296875e-01
2.47755781e-07,1.91303125e-01
2.47795781e-07,1.91296875e-01
2.47835781e-07,1.91303125e-01
2.47875781e-07,1.91298438e-01
2.47915781e-07,1.91301563e-01
2.47955781e-07,1.91298438e-01
2.47995781e-07,1.91301563e-01
2.48035781e-07,1.91298438e-01
2.48075781e-07,1.91301563e-01
2.48115781e-07,1.91298438e-01
2.48155781e-07,1.91301563e-01
2.48195781e-07,1.91298438e-01
2.48235781e-07,1.91301563e-01
2.48275781e-07,1.91298438e-01
2.48315781e-07,1.91301563e-01
2.48355781e-07,1.91298438e-01
2.48395781e-07,1.91301563e-01
2.48435781e-07,1.91298438e-01
2.48475781e-07,1.91301563e-01
2.48515781e-07,1.91298438e-01
2.48555781e-07,1.91301563e-01
2.48595781e-07,1.91298438e-01
2.48635781e-07,1.91301563e-01
2.48675781e-07,1.91298438e-01
2.48715781e-07,1.91301563e-01
2.48755781e-07,1.91298438e-01
2.48795781e-07,1.91301563e-01
2.48835781e-07,1.91298438e-01
2.48875781e-07,1.91301563e-01
2.48915781e-07,1.91298438e-01
2.48955781e-07,1.91301563e-01
2.48995781e-07,1.91296875e-01
2.49035781e-07,1.91303125e-01
2.49075781e-07,1.91296875e-01
2.49115781e-07,1.91303125e-01
2.49155781e-07,1.91296875e-01
2.49195781e-07,1.91303125e-01
2.49235781e-07,1.91296875e-01
2.49275781e-07,1.91303125e-01
2.49315781e-07,1.91296875e-01
2.49355781e-07,1.91303125e-01
2.49395781e-07,1.91296875e-01
2.49435781e-07,1.91303125e-01
2.49475781e-07,1.91295313e-01
2.49515781e-07,1.91304688e-01
2.49555781e-07,1.91295313e-01
2.49595781e-07,1.91304688e-01
2.49635781e-07,1.91295313e-01
2.49675781e-07,1.91304688e-01
2.49715781e-07,1.91293750e-01
2.49755781e-07,1.91306250e-01
2.49795781e-07,1.91293750e-01
2.49835781e-07,1.91307813e-01
2.49875781e-07,1.91290625e-01
2.49915781e-07,1.91309375e-01
2.49955781e-07,1.91289062e-01
2.49995781e-07,1.91314062e-01
2.50035781e-07,1.91282813e-01
2.50075781e-07,1.91321875e-01
2.50115781e-07,1.91268750e-01
2.50155781e-07,1.91356250e-01
2.50195781e-07,1.91090625e-01
2.50235781e-07,1.90846875e-01
2.50275781e-07,1.90928125e-01
2.50315781e-07,1.90881250e-01
2.50355781e-07,1.90914063e-01
2.50395781e-07,1.90889063e-01
2.50435781e-07,1.90909375e-01
2.50475781e-07,1.90892188e-01
2.50515781e-07,1.90906250e-01
2.50555781e-07,1.90893750e-01
2.50595781e-07,1.90904688e-01
2.50635781e-07,1.90895312e-01
2.50675781e-07,1.90903125e-01
2.50715781e-07,1.90896875e-01
2.50755781e-07,1.90903125e-01
2.50795781e-07,1.90898438e-01
2.50835781e-07,1.90901563e-01
2.50875781e-07,1.90898438e-01
2.50915781e-07,1.90901563e-01
2.50955781e-07,1.90900000e-01
2.50995781e-07,1.90900000e-01
2.51035781e-07,1.90900000e-01
2.51075781e-07,1.90898438e-01
2.51115781e-07,1.90901563e-01
2.51155781e-07,1.90898438e-01
2.51195781e-07,1.90903125e-01
2.51235781e-07,1.90896875e-01
2.51275781e-07,1.90904688e-01
2.51315781e-07,1.90893750e-01
2.51355781e-07,1.90907812e-01
2.51395781e-07,1.90889063e-01
2.51435781e-07,1.90915625e-01
2.51475781e-07,1.90875000e-01
2.51515781e-07,1.90950000e-01
2.51555781e-07,1.90696875e-01
2.51595781e-07,1.90440625e-01
2.51635781e-07,1.90535938e-01
2.51675781e-07,1.90473438e-01
2.51715781e-07,1.90521875e-01
2.51755781e-07,1.90481250e-01
2.51795781e-07,1.90517188e-01
2.51835781e-07,1.90482813e-01
2.51875781e-07,1.90515625e-01
2.51915781e-07,1.90482813e-01
2.51955781e-07,1.90517188e-01
2.51995781e-07,1.90481250e-01
2.52035781e-07,1.90521875e-01
2.52075781e-07,1.90473438e-01
2.52115781e-07,1.90535938e-01
2.52155781e-07,1.90440625e-01
2.52195781e-07,1.90712500e-01
2.52235781e-07,1.90950000e-01
2.52275781e-07,1.90873438e-01
2.52315781e-07,1.90917188e-01
2.52355781e-07,1.90887500e-01
2.52395781e-07,1.90909375e-01
2.52435781e-07,1.90892188e-01
2.52475781e-07,1.90906250e-01
2.52515781e-07,1.90895312e-01
2.52555781e-07,1.90904688e-01
2.52595781e-07,1.90895312e-01
2.52635781e-07,1.90903125e-01
2.52675781e-07,1.90896875e-01
2.52715781e-07,1.90903125e-01
2.52755781e-07,1.90896875e-01
2.52795781e-07,1.90903125e-01
2.52835781e-07,1.90896875e-01
2.52875781e-07,1.90901563e-01
2.52915781e-07,1.90898438e-01
2.52955781e-07,1.90901563e-01
2.52995781e-07,1.90898438e-01
2.53035781e-07,1.90901563e-01
2.53075781e-07,1.90898438e-01
2.53115781e-07,1.90901563e-01
2.53155781e-07,1.90898438e-01
2.53195781e-07,1.90901563e-01
2.53235781e-07,1.90898438e-01
2.53275781e-07,1.90901563e-01
2.53315781e-07,1.90898438e-01
2.53355781e-07,1.90901563e-01
2.53395781e-07,1.90898438e-01
2.53435781e-07,1.90901563e-01
2.53475781e-07,1.90898438e-01
2.53515781e-07,1.90901563e-01
2.53555781e-07,1.90898438e-01
2.53595781e-07,1.90901563e-01
2.53635781e-07,1.90898438e-01
2.53675781e-07,1.90901563e-01
2.53715781e-07,1.90898438e-01
2.53755781e-07,1.90901563e-01
2.53795781e-07,1.90898438e-01
2.53835781e-07,1.90901563e-01
2.53875781e-07,1.90898438e-01
2.53915781e-07,1.90901563e-01
2.53955781e-07,1.90898438e-01
2.53995781e-07,1.90901563e-01
2.54035781e-07,1.90898438e-01
2.54075781e-07,1.90901563e-01
2.54115781e-07,1.90898438e-01
2.54155781e-07,1.90901563e-01
2.54195781e-07,1.90898438e-01
2.54235781e-07,1.90901563e-01
2.54275781e-07,1.90898438e-01
2.54315781e-07,1.90901563e-01
2.54355781e-07,1.90896875e-01
2.54395781e-07,1.90903125e-01
2.54435781e-07,1.90896875e-01
2.54475781e-07,1.90903125e-01
2.54515781e-07,1.90896875e-01
2.54555781e-07,1.90903125e-01
2.54595781e-07,1.90896875e-01
2.54635781e-07,1.90903125e-01
2.54675781e-07,1.90896875e-01
2.54715781e-07,1.90903125e-01
2.54755781e-07,1.90896875e-01
2.54795781e-07,1.90903125e-01
2.54835781e-07,1.90896875e-01
2.54875781e-07,1.90903125e-01
2.54915781e-07,1.90896875e-01
2.54955781e-07,1.90904688e-01
2.54995781e-07,1.90895312e-01
2.55035781e-07,1.90904688e-01
2.55075781e-07,1.90895312e-01
2.55115781e-07,1.90904688e-01
2.55155781e-07,1.90895312e-01
2.55195781e-07,1.90906250e-01
2.55235781e-07,1.90893750e-01
2.55275781e-07,1.90907812e-01
2.55315781e-07,1.90892188e-01
2.55355781e-07,1.90909375e-01
2.55395781e-07,1.90889063e-01
2.55435781e-07,1.90912500e-01
2.55475781e-07,1.90884375e-01
2.55515781e-07,1.90920312e-01
2.55555781e-07,1.90870313e-01
2.55595781e-07,1.90954687e-01
2.55635781e-07,1.90693750e-01
2.55675781e-07,1.90443750e-01
2.55715781e-07,1.90532813e-01
2.55755781e-07,1.90476563e-01
2.55795781e-07,1.90520313e-01
2.55835781e-07,1.90482813e-01
2.55875781e-07,1.90517188e-01
2.55915781e-07,1.90481250e-01
2.55955781e-07,1.90521875e-01
2.55995781e-07,1.90468750e-01
2.56035781e-07,1.90554688e-01
2.56075781e-07,1.90293750e-01
2.56115781e-07,1.90043750e-01
2.56155781e-07,1.90134375e-01
2.56195781e-07,1.90075000e-01
2.56235781e-07,1.90121875e-01
2.56275781e-07,1.90079688e-01
2.56315781e-07,1.90121875e-01
2.56355781e-07,1.90076563e-01
2.56395781e-07,1.90126563e-01
2.56435781e-07,1.90064063e-01
2.56475781e-07,1.90160938e-01
2.56515781e-07,1.89885938e-01
2.56555781e-07,1.89651563e-01
2.56595781e-07,1.89725000e-01
2.56635781e-07,1.89684375e-01
2.56675781e-07,1.89710938e-01
2.56715781e-07,1.89692187e-01
2.56755781e-07,1.89706250e-01
2.56795781e-07,1.89695313e-01
2.56835781e-07,1.89704687e-01
2.56875781e-07,1.89696875e-01
2.56915781e-07,1.89703125e-01
2.56955781e-07,1.89698438e-01
2.56995781e-07,1.89701563e-01
2.57035781e-07,1.89698438e-01
2.57075781e-07,1.89700000e-01
2.57115781e-07,1.89700000e-01
2.57155781e-07,1.89700000e-01
2.57195781e-07,1.89700000e-01
2.57235781e-07,1.89698438e-01
2.57275781e-07,1.89701563e-01
2.57315781e-07,1.89698438e-01
2.57355781e-07,1.89701563e-01
2.57395781e-07,1.89698438e-01
2.57435781e-07,1.89703125e-01
2.57475781e-07,1.89696875e-01
2.57515781e-07,1.89703125e-01
2.57555781e-07,1.89696875e-01
2.57595781e-07,1.89704687e-01
2.57635781e-07,1.89695313e-01
2.57675781e-07,1.89706250e-01
2.57715781e-07,1.89692187e-01
2.57755781e-07,1.89709375e-01
2.57795781e-07,1.89689063e-01
2.57835781e-07,1.89714063e-01
2.57875781e-07,1.89681250e-01
2.57915781e-07,1.89728125e-01
2.57955781e-07,1.89646875e-01
2.57995781e-07,1.89906250e-01
2.58035781e-07,1.90157812e-01
2.58075781e-07,1.90065625e-01
2.58115781e-07,1.90125000e-01
2.58155781e-07,1.90079688e-01
2.58195781e-07,1.90118750e-01
2.58235781e-07,1.90081250e-01
2.58275781e-07,1.90120312e-01
2.58315781e-07,1.90076563e-01
2.58355781e-07,1.90132812e-01
2.58395781e-07,1.90043750e-01
2.58435781e-07,1.90307813e-01
2.58475781e-07,1.90556250e-01
2.58515781e-07,1.90467187e-01
2.58555781e-07,1.90525000e-01
2.58595781e-07,1.90478125e-01
2.58635781e-07,1.90520313e-01
2.58675781e-07,1.90479687e-01
2.58715781e-07,1.90521875e-01
2.58755781e-07,1.90473438e-01
2.58795781e-07,1.90535938e-01
2.58835781e-07,1.90440625e-01
2.58875781e-07,1.90712500e-01
2.58915781e-07,1.90950000e-01
2.58955781e-07,1.90873438e-01
2.58995781e-07,1.90917188e-01
2.59035781e-07,1.90887500e-01
2.59075781e-07,1.90909375e-01
2.59115781e-07,1.90892188e-01
2.59155781e-07,1.90906250e-01
2.59195781e-07,1.90895312e-01
2.59235781e-07,1.90903125e-01
2.59275781e-07,1.90896875e-01
2.59315781e-07,1.90903125e-01
2.59355781e-07,1.90898438e-01
2.59395781e-07,1.90901563e-01
2.59435781e-07,1.90898438e-01
2.59475781e-07,1.90901563e-01
2.59515781e-07,1.90900000e-01
2.59555781e-07,1.90900000e-01
2.59595781e-07,1.90900000e-01
2.59635781e-07,1.90900000e-01
2.59675781e-07,1.90901563e-01
2.59715781e-07,1.90898438e-01
2.59755781e-07,1.90901563e-01
2.59795781e-07,1.90898438e-01
2.59835781e-07,1.90903125e-01
2.59875781e-07,1.90896875e-01
2.59915781e-07,1.90903125e-01
2.59955781e-07,1.90895312e-01
2.59995781e-07,1.90904688e-01
2.60035781e-07,1.90893750e-01
2.60075781e-07,1.90907812e-01
2.60115781e-07,1.90892188e-01
2.60155781e-07,1.90910938e-01
2.60195781e-07,1.90885938e-01
2.60235781e-07,1.90918750e-01
2.60275781e-07,1.90871875e-01
2.60315781e-07,1.90953125e-01
2.60355781e-07,1.90693750e-01
2.60395781e-07,1.90443750e-01
2.60435781e-07,1.90532813e-01
2.60475781e-07,1.90476563e-01
2.60515781e-07,1.90518750e-01
2.60555781e-07,1.90484375e-01
2.60595781e-07,1.90514062e-01
2.60635781e-07,1.90485938e-01
2.60675781e-07,1.90514062e-01
2.60715781e-07,1.90485938e-01
2.60755781e-07,1.90515625e-01
2.60795781e-07,1.90482813e-01
2.60835781e-07,1.90521875e-01
2.60875781e-07,1.90470313e-01
2.60915781e-07,1.90554688e-01
2.60955781e-07,1.90293750e-01
2.60995781e-07,1.90043750e-01
2.61035781e-07,1.90132812e-01
2.61075781e-07,1.90075000e-01
2.61115781e-07,1.90120312e-01
2.61155781e-07,1.90081250e-01
2.61195781e-07,1.90118750e-01
2.61235781e-07,1.90081250e-01
2.61275781e-07,1.90118750e-01
2.61315781e-07,1.90078125e-01
2.61355781e-07,1.90126563e-01
2.61395781e-07,1.90064063e-01
2.61435781e-07,1.90160938e-01
2.61475781e-07,1.89885938e-01
2.61515781e-07,1.89651563e-01
2.61555781e-07,1.89725000e-01
2.61595781e-07,1.89684375e-01
2.61635781e-07,1.89710938e-01
2.61675781e-07,1.89692187e-01
2.61715781e-07,1.89706250e-01
2.61755781e-07,1.89695313e-01
2.61795781e-07,1.89703125e-01
2.61835781e-07,1.89698438e-01
2.61875781e-07,1.89700000e-01
2.61915781e-07,1.89700000e-01
2.61955781e-07,1.89698438e-01
2.61995781e-07,1.89701563e-01
2.62035781e-07,1.89698438e-01
2.62075781e-07,1.89703125e-01
2.62115781e-07,1.89696875e-01
2.62155781e-07,1.89704687e-01
2.62195781e-07,1.89693750e-01
2.62235781e-07,1.89706250e-01
2.62275781e-07,1.89692187e-01
2.62315781e-07,1.89709375e-01
2.62355781e-07,1.89689063e-01
2.62395781e-07,1.89712500e-01
2.62435781e-07,1.89684375e-01
2.62475781e-07,1.89718750e-01
2.62515781e-07,1.89675000e-01
2.62555781e-07,1.89734375e-01
2.62595781e-07,1.89639063e-01
2.62635781e-07,1.89914063e-01
2.62675781e-07,1.90146875e-01
2.62715781e-07,1.90079688e-01
2.62755781e-07,1.90109375e-01
2.62795781e-07,1.90100000e-01
2.62835781e-07,1.90092188e-01
2.62875781e-07,1.90120312e-01
2.62915781e-07,1.90053125e-01
2.62955781e-07,1.90301563e-01
2.62995781e-07,1.90557813e-01
2.63035781e-07,1.90467187e-01
2.63075781e-07,1.90520313e-01
2.63115781e-07,1.90487500e-01
2.63155781e-07,1.90504688e-01
2.63195781e-07,1.90507813e-01
2.63235781e-07,1.90465625e-01
2.63275781e-07,1.90687500e-01
2.63315781e-07,1.90975000e-01
2.63355781e-07,1.90850000e-01
2.63395781e-07,1.90942187e-01
2.63435781e-07,1.90860937e-01
2.63475781e-07,1.90937500e-01
2.63515781e-07,1.90859375e-01
2.63555781e-07,1.90948438e-01
2.63595781e-07,1.90828125e-01
2.63635781e-07,1.91123437e-01
2.63675781e-07,1.91340625e-01
2.63715781e-07,1.91282813e-01
2.63755781e-07,1.91307813e-01
2.63795781e-07,1.91295313e-01
2.63835781e-07,1.91301563e-01
2.63875781e-07,1.91300000e-01
2.63915781e-07,1.91300000e-01
2.63955781e-07,1.91301563e-01
2.63995781e-07,1.91298438e-01
2.64035781e-07,1.91301563e-01
2.64075781e-07,1.91298438e-01
2.64115781e-07,1.91303125e-01
2.64155781e-07,1.91296875e-01
2.64195781e-07,1.91303125e-01
2.64235781e-07,1.91296875e-01
2.64275781e-07,1.91301563e-01
2.64315781e-07,1.91298438e-01
2.64355781e-07,1.91301563e-01
2.64395781e-07,1.91298438e-01
2.64435781e-07,1.91301563e-01
2.64475781e-07,1.91298438e-01
2.64515781e-07,1.91301563e-01
2.64555781e-07,1.91298438e-01
2.64595781e-07,1.91300000e-01
2.64635781e-07,1.91300000e-01
2.64675781e-07,1.91300000e-01
2.64715781e-07,1.91301563e-01
2.64755781e-07,1.91298438e-01
2.64795781e-07,1.91303125e-01
2.64835781e-07,1.91295313e-01
2.64875781e-07,1.91306250e-01
2.64915781e-07,1.91290625e-01
2.64955781e-07,1.91314062e-01
2.64995781e-07,1.91276562e-01
2.65035781e-07,1.91348437e-01
2.65075781e-07,1.91098437e-01
2.65115781e-07,1.90839063e-01
2.65155781e-07,1.90937500e-01
2.65195781e-07,1.90871875e-01
2.65235781e-07,1.90923438e-01
2.65275781e-07,1.90878125e-01
2.65315781e-07,1.90920312e-01
2.65355781e-07,1.90881250e-01
2.65395781e-07,1.90918750e-01
2.65435781e-07,1.90879688e-01
2.65475781e-07,1.90921875e-01
2.65515781e-07,1.90876563e-01
2.65555781e-07,1.90928125e-01
2.65595781e-07,1.90862500e-01
2.65635781e-07,1.90960938e-01
2.65675781e-07,1.90685938e-01
2.65715781e-07,1.90451563e-01
2.65755781e-07,1.90525000e-01
2.65795781e-07,1.90484375e-01
2.65835781e-07,1.90510938e-01
2.65875781e-07,1.90492188e-01
2.65915781e-07,1.90506250e-01
2.65955781e-07,1.90495313e-01
2.65995781e-07,1.90504688e-01
2.66035781e-07,1.90496875e-01
2.66075781e-07,1.90503125e-01
2.66115781e-07,1.90496875e-01
2.66155781e-07,1.90503125e-01
2.66195781e-07,1.90496875e-01
2.66235781e-07,1.90503125e-01
2.66275781e-07,1.90496875e-01
2.66315781e-07,1.90503125e-01
2.66355781e-07,1.90496875e-01
2.66395781e-07,1.90504688e-01
2.66435781e-07,1.90495313e-01
2.66475781e-07,1.90504688e-01
2.66515781e-07,1.90493750e-01
2.66555781e-07,1.90507813e-01
2.66595781e-07,1.90492188e-01
2.66635781e-07,1.90510938e-01
2.66675781e-07,1.90485938e-01
2.66715781e-07,1.90518750e-01
2.66755781e-07,1.90471875e-01
2.66795781e-07,1.90553125e-01
2.66835781e-07,1.90293750e-01
2.66875781e-07,1.90043750e-01
2.66915781e-07,1.90132812e-01
2.66955781e-07,1.90076563e-01
2.66995781e-07,1.90117188e-01
2.67035781e-07,1.90085937e-01
2.67075781e-07,1.90112500e-01
2.67115781e-07,1.90089063e-01
2.67155781e-07,1.90109375e-01
2.67195781e-07,1.90090625e-01
2.67235781e-07,1.90107813e-01
2.67275781e-07,1.90092188e-01
2.67315781e-07,1.90106250e-01
2.67355781e-07,1.90093750e-01
2.67395781e-07,1.90106250e-01
2.67435781e-07,1.90095313e-01
2.67475781e-07,1.90104688e-01
2.67515781e-07,1.90095313e-01
2.67555781e-07,1.90103125e-01
2.67595781e-07,1.90096875e-01
2.67635781e-07,1.90101563e-01
2.67675781e-07,1.90098437e-01
2.67715781e-07,1.90100000e-01
2.67755781e-07,1.90100000e-01
2.67795781e-07,1.90098437e-01
2.67835781e-07,1.90104688e-01
2.67875781e-07,1.90092188e-01
2.67915781e-07,1.90112500e-01
2.67955781e-07,1.90078125e-01
2.67995781e-07,1.90146875e-01
2.68035781e-07,1.89900000e-01
2.68075781e-07,1.89637500e-01
2.68115781e-07,1.89739062e-01
2.68155781e-07,1.89670312e-01
2.68195781e-07,1.89725000e-01
2.68235781e-07,1.89678125e-01
2.68275781e-07,1.89718750e-01
2.68315781e-07,1.89681250e-01
2.68355781e-07,1.89717187e-01
2.68395781e-07,1.89682813e-01
2.68435781e-07,1.89715625e-01
2.68475781e-07,1.89684375e-01
2.68515781e-07,1.89715625e-01
2.68555781e-07,1.89684375e-01
2.68595781e-07,1.89715625e-01
2.68635781e-07,1.89684375e-01
2.68675781e-07,1.89717187e-01
2.68715781e-07,1.89682813e-01
2.68755781e-07,1.89718750e-01
2.68795781e-07,1.89679687e-01
2.68835781e-07,1.89723438e-01
2.68875781e-07,1.89671875e-01
2.68915781e-07,1.89737500e-01
2.68955781e-07,1.89637500e-01
2.68995781e-07,1.89915625e-01
2.69035781e-07,1.90146875e-01
2.69075781e-07,1.90076563e-01
2.69115781e-07,1.90114063e-01
2.69155781e-07,1.90090625e-01
2.69195781e-07,1.90107813e-01
2.69235781e-07,1.90093750e-01
2.69275781e-07,1.90104688e-01
2.69315781e-07,1.90095313e-01
2.69355781e-07,1.90106250e-01
2.69395781e-07,1.90093750e-01
2.69435781e-07,1.90109375e-01
2.69475781e-07,1.90087500e-01
2.69515781e-07,1.90121875e-01
2.69555781e-07,1.90053125e-01
2.69595781e-07,1.90298438e-01
2.69635781e-07,1.90564063e-01
2.69675781e-07,1.90457813e-01
2.69715781e-07,1.90534375e-01
2.69755781e-07,1.90470313e-01
2.69795781e-07,1.90528125e-01
2.69835781e-07,1.90470313e-01
2.69875781e-07,1.90531250e-01
2.69915781e-07,1.90464063e-01
2.69955781e-07,1.90543750e-01
2.69995781e-07,1.90431250e-01
2.70035781e-07,1.90721875e-01
2.70075781e-07,1.90940625e-01
2.70115781e-07,1.90882812e-01
2.70155781e-07,1.90906250e-01
2.70195781e-07,1.90898438e-01
2.70235781e-07,1.90898438e-01
2.70275781e-07,1.90904688e-01
2.70315781e-07,1.90892188e-01
2.70355781e-07,1.90909375e-01
2.70395781e-07,1.90887500e-01
2.70435781e-07,1.90915625e-01
2.70475781e-07,1.90878125e-01
2.70515781e-07,1.90931250e-01
2.70555781e-07,1.90842188e-01
2.70595781e-07,1.91110937e-01
2.70635781e-07,1.91351563e-01
2.70675781e-07,1.91273438e-01
2.70715781e-07,1.91317188e-01
2.70755781e-07,1.91287500e-01
2.70795781e-07,1.91309375e-01
2.70835781e-07,1.91292188e-01
2.70875781e-07,1.91306250e-01
2.70915781e-07,1.91295313e-01
2.70955781e-07,1.91303125e-01
2.70995781e-07,1.91298438e-01
2.71035781e-07,1.91301563e-01
2.71075781e-07,1.91298438e-01
2.71115781e-07,1.91300000e-01
2.71155781e-07,1.91300000e-01
2.71195781e-07,1.91300000e-01
2.71235781e-07,1.91301563e-01
2.71275781e-07,1.91298438e-01
2.71315781e-07,1.91301563e-01
2.71355781e-07,1.91296875e-01
2.71395781e-07,1.91303125e-01
2.71435781e-07,1.91296875e-01
2.71475781e-07,1.91304688e-01
2.71515781e-07,1.91295313e-01
2.71555781e-07,1.91304688e-01
2.71595781e-07,1.91293750e-01
2.71635781e-07,1.91306250e-01
2.71675781e-07,1.91292188e-01
2.71715781e-07,1.91309375e-01
2.71755781e-07,1.91289062e-01
2.71795781e-07,1.91314062e-01
2.71835781e-07,1.91279688e-01
2.71875781e-07,1.91329688e-01
2.71915781e-07,1.91245313e-01
2.71955781e-07,1.91507813e-01
2.71995781e-07,1.91754688e-01
2.72035781e-07,1.91668750e-01
2.72075781e-07,1.91721875e-01
2.72115781e-07,1.91682813e-01
2.72155781e-07,1.91715625e-01
2.72195781e-07,1.91687500e-01
2.72235781e-07,1.91712500e-01
2.72275781e-07,1.91689063e-01
2.72315781e-07,1.91710938e-01
2.72355781e-07,1.91687500e-01
2.72395781e-07,1.91712500e-01
2.72435781e-07,1.91685938e-01
2.72475781e-07,1.91717187e-01
2.72515781e-07,1.91678125e-01
2.72555781e-07,1.91731250e-01
2.72595781e-07,1.91645312e-01
2.72635781e-07,1.91907812e-01
2.72675781e-07,1.92154688e-01
2.72715781e-07,1.92068750e-01
2.72755781e-07,1.92121875e-01
2.72795781e-07,1.92082813e-01
2.72835781e-07,1.92114063e-01
2.72875781e-07,1.92087500e-01
2.72915781e-07,1.92110937e-01
2.72955781e-07,1.92089063e-01
2.72995781e-07,1.92109375e-01
2.73035781e-07,1.92090625e-01
2.73075781e-07,1.92109375e-01
2.73115781e-07,1.92090625e-01
2.73155781e-07,1.92109375e-01
2.73195781e-07,1.92090625e-01
2.73235781e-07,1.92109375e-01
2.73275781e-07,1.92090625e-01
2.73315781e-07,1.92109375e-01
2.73355781e-07,1.92090625e-01
2.73395781e-07,1.92109375e-01
2.73435781e-07,1.92090625e-01
2.73475781e-07,1.92110937e-01
2.73515781e-07,1.92089063e-01
2.73555781e-07,1.92110937e-01
2.73595781e-07,1.92087500e-01
2.73635781e-07,1.92114063e-01
2.73675781e-07,1.92084375e-01
2.73715781e-07,1.92117188e-01
2.73755781e-07,1.92079688e-01
2.73795781e-07,1.92125000e-01
2.73835781e-07,1.92065625e-01
2.73875781e-07,1.92159375e-01
2.73915781e-07,1.91887500e-01
2.73955781e-07,1.91651563e-01
2.73995781e-07,1.91725000e-01
2.74035781e-07,1.91684375e-01
2.74075781e-07,1.91710938e-01
2.74115781e-07,1.91692187e-01
2.74155781e-07,1.91704687e-01
2.74195781e-07,1.91696875e-01
2.74235781e-07,1.91703125e-01
2.74275781e-07,1.91698438e-01
2.74315781e-07,1.91701563e-01
2.74355781e-07,1.91700000e-01
2.74395781e-07,1.91700000e-01
2.74435781e-07,1.91701563e-01
2.74475781e-07,1.91698438e-01
2.74515781e-07,1.91701563e-01
2.74555781e-07,1.91698438e-01
2.74595781e-07,1.91703125e-01
2.74635781e-07,1.91696875e-01
2.74675781e-07,1.91703125e-01
2.74715781e-07,1.91696875e-01
2.74755781e-07,1.91703125e-01
2.74795781e-07,1.91695313e-01
2.74835781e-07,1.91704687e-01
2.74875781e-07,1.91695313e-01
2.74915781e-07,1.91704687e-01
2.74955781e-07,1.91693750e-01
2.74995781e-07,1.91706250e-01
2.75035781e-07,1.91693750e-01
2.75075781e-07,1.91707813e-01
2.75115781e-07,1.91692187e-01
2.75155781e-07,1.91707813e-01
2.75195781e-07,1.91690625e-01
2.75235781e-07,1.91709375e-01
2.75275781e-07,1.91689063e-01
2.75315781e-07,1.91710938e-01
2.75355781e-07,1.91687500e-01
2.75395781e-07,1.91714063e-01
2.75435781e-07,1.91684375e-01
2.75475781e-07,1.91717187e-01
2.75515781e-07,1.91679688e-01
2.75555781e-07,1.91725000e-01
2.75595781e-07,1.91668750e-01
2.75635781e-07,1.91743750e-01
2.75675781e-07,1.91628125e-01
2.75715781e-07,1.91929688e-01
2.75755781e-07,1.92123437e-01
2.75795781e-07,1.92125000e-01
2.75835781e-07,1.91912500e-01
2.75875781e-07,1.91631250e-01
2.75915781e-07,1.91742187e-01
2.75955781e-07,1.91668750e-01
2.75995781e-07,1.91725000e-01
2.76035781e-07,1.91679688e-01
2.76075781e-07,1.91718750e-01
2.76115781e-07,1.91684375e-01
2.76155781e-07,1.91714063e-01
2.76195781e-07,1.91685938e-01
2.76235781e-07,1.91712500e-01
2.76275781e-07,1.91687500e-01
2.76315781e-07,1.91712500e-01
2.76355781e-07,1.91685938e-01
2.76395781e-07,1.91714063e-01
2.76435781e-07,1.91682813e-01
2.76475781e-07,1.91721875e-01
2.76515781e-07,1.91670312e-01
2.76555781e-07,1.91754688e-01
2.76595781e-07,1.91493750e-01
2.76635781e-07,1.91243750e-01
2.76675781e-07,1.91334375e-01
2.76715781e-07,1.91273438e-01
2.76755781e-07,1.91321875e-01
2.76795781e-07,1.91278125e-01
2.76835781e-07,1.91321875e-01
2.76875781e-07,1.91276562e-01
2.76915781e-07,1.91328125e-01
2.76955781e-07,1.91262500e-01
2.76995781e-07,1.91360937e-01
2.77035781e-07,1.91085937e-01
2.77075781e-07,1.90851563e-01
2.77115781e-07,1.90923438e-01
2.77155781e-07,1.90885938e-01
2.77195781e-07,1.90909375e-01
2.77235781e-07,1.90893750e-01
2.77275781e-07,1.90904688e-01
2.77315781e-07,1.90898438e-01
2.77355781e-07,1.90900000e-01
2.77395781e-07,1.90901563e-01
2.77435781e-07,1.90898438e-01
2.77475781e-07,1.90904688e-01
2.77515781e-07,1.90893750e-01
2.77555781e-07,1.90907812e-01
2.77595781e-07,1.90887500e-01
2.77635781e-07,1.90917188e-01
2.77675781e-07,1.90873438e-01
2.77715781e-07,1.90951563e-01
2.77755781e-07,1.90695313e-01
2.77795781e-07,1.90443750e-01
2.77835781e-07,1.90532813e-01
2.77875781e-07,1.90476563e-01
2.77915781e-07,1.90518750e-01
2.77955781e-07,1.90484375e-01
2.77995781e-07,1.90512500e-01
2.78035781e-07,1.90489063e-01
2.78075781e-07,1.90510938e-01
2.78115781e-07,1.90490625e-01
2.78155781e-07,1.90507813e-01
2.78195781e-07,1.90492188e-01
2.78235781e-07,1.90507813e-01
2.78275781e-07,1.90493750e-01
2.78315781e-07,1.90506250e-01
2.78355781e-07,1.90493750e-01
2.78395781e-07,1.90506250e-01
2.78435781e-07,1.90493750e-01
2.78475781e-07,1.90506250e-01
2.78515781e-07,1.90493750e-01
2.78555781e-07,1.90506250e-01
2.78595781e-07,1.90493750e-01
2.78635781e-07,1.90504688e-01
2.78675781e-07,1.90493750e-01
2.78715781e-07,1.90506250e-01
2.78755781e-07,1.90493750e-01
2.78795781e-07,1.90506250e-01
2.78835781e-07,1.90493750e-01
2.78875781e-07,1.90506250e-01
2.78915781e-07,1.90492188e-01
2.78955781e-07,1.90507813e-01
2.78995781e-07,1.90490625e-01
2.79035781e-07,1.90510938e-01
2.79075781e-07,1.90485938e-01
2.79115781e-07,1.90518750e-01
2.79155781e-07,1.90471875e-01
2.79195781e-07,1.90553125e-01
2.79235781e-07,1.90293750e-01
2.79275781e-07,1.90043750e-01
2.79315781e-07,1.90132812e-01
2.79355781e-07,1.90076563e-01
2.79395781e-07,1.90118750e-01
2.79435781e-07,1.90084375e-01
2.79475781e-07,1.90114063e-01
2.79515781e-07,1.90087500e-01
2.79555781e-07,1.90112500e-01
2.79595781e-07,1.90089063e-01
2.79635781e-07,1.90110938e-01
2.79675781e-07,1.90089063e-01
2.79715781e-07,1.90110938e-01
2.79755781e-07,1.90089063e-01
2.79795781e-07,1.90110938e-01
2.79835781e-07,1.90087500e-01
2.79875781e-07,1.90112500e-01
2.79915781e-07,1.90085937e-01
2.79955781e-07,1.90114063e-01
2.79995781e-07,1.90084375e-01
2.80035781e-07,1.90118750e-01
2.80075781e-07,1.90078125e-01
2.80115781e-07,1.90126563e-01
2.80155781e-07,1.90064063e-01
2.80195781e-07,1.90160938e-01
2.80235781e-07,1.89885938e-01
2.80275781e-07,1.89653125e-01
2.80315781e-07,1.89723438e-01
2.80355781e-07,1.89685938e-01
2.80395781e-07,1.89707813e-01
2.80435781e-07,1.89695313e-01
2.80475781e-07,1.89701563e-01
2.80515781e-07,1.89700000e-01
2.80555781e-07,1.89696875e-01
2.80595781e-07,1.89704687e-01
2.80635781e-07,1.89693750e-01
2.80675781e-07,1.89709375e-01
2.80715781e-07,1.89687500e-01
2.80755781e-07,1.89718750e-01
2.80795781e-07,1.89671875e-01
2.80835781e-07,1.89754688e-01
2.80875781e-07,1.89492188e-01
2.80915781e-07,1.89245313e-01
2.80955781e-07,1.89329688e-01
2.80995781e-07,1.89279688e-01
2.81035781e-07,1.89315625e-01
2.81075781e-07,1.89287500e-01
2.81115781e-07,1.89309375e-01
2.81155781e-07,1.89292188e-01
2.81195781e-07,1.89306250e-01
2.81235781e-07,1.89295313e-01
2.81275781e-07,1.89304688e-01
2.81315781e-07,1.89296875e-01
2.81355781e-07,1.89301563e-01
2.81395781e-07,1.89298437e-01
2.81435781e-07,1.89300000e-01
2.81475781e-07,1.89300000e-01
2.81515781e-07,1.89298437e-01
2.81555781e-07,1.89303125e-01
2.81595781e-07,1.89295313e-01
2.81635781e-07,1.89306250e-01
2.81675781e-07,1.89292188e-01
2.81715781e-07,1.89312500e-01
2.81755781e-07,1.89282813e-01
2.81795781e-07,1.89326563e-01
2.81835781e-07,1.89248438e-01
2.81875781e-07,1.89506250e-01
2.81915781e-07,1.89756250e-01
2.81955781e-07,1.89667188e-01
2.81995781e-07,1.89721875e-01
2.82035781e-07,1.89682813e-01
2.82075781e-07,1.89714063e-01
2.82115781e-07,1.89689063e-01
2.82155781e-07,1.89709375e-01
2.82195781e-07,1.89693750e-01
2.82235781e-07,1.89704687e-01
2.82275781e-07,1.89696875e-01
2.82315781e-07,1.89700000e-01
2.82355781e-07,1.89703125e-01
2.82395781e-07,1.89692187e-01
2.82435781e-07,1.89718750e-01
2.82475781e-07,1.89656250e-01
2.82515781e-07,1.89896875e-01
2.82555781e-07,1.90165625e-01
2.82595781e-07,1.90057813e-01
2.82635781e-07,1.90132812e-01
2.82675781e-07,1.90070313e-01
2.82715781e-07,1.90126563e-01
2.82755781e-07,1.90075000e-01
2.82795781e-07,1.90125000e-01
2.82835781e-07,1.90075000e-01
2.82875781e-07,1.90125000e-01
2.82915781e-07,1.90073437e-01
2.82955781e-07,1.90129688e-01
2.82995781e-07,1.90065625e-01
2.83035781e-07,1.90143750e-01
2.83075781e-07,1.90031250e-01
2.83115781e-07,1.90321875e-01
2.83155781e-07,1.90540625e-01
2.83195781e-07,1.90484375e-01
2.83235781e-07,1.90506250e-01
2.83275781e-07,1.90500000e-01
2.83315781e-07,1.90495313e-01
2.83355781e-07,1.90507813e-01
2.83395781e-07,1.90487500e-01
2.83435781e-07,1.90518750e-01
2.83475781e-07,1.90470313e-01
2.83515781e-07,1.90554688e-01
2.83555781e-07,1.90290625e-01
2.83595781e-07,1.90046875e-01
2.83635781e-07,1.90128125e-01
2.83675781e-07,1.90081250e-01
2.83715781e-07,1.90112500e-01
2.83755781e-07,1.90092188e-01
2.83795781e-07,1.90104688e-01
2.83835781e-07,1.90098437e-01
2.83875781e-07,1.90096875e-01
2.83915781e-07,1.90107813e-01
2.83955781e-07,1.90082813e-01
2.83995781e-07,1.90142188e-01
2.84035781e-07,1.89904688e-01
2.84075781e-07,1.89631250e-01
2.84115781e-07,1.89745313e-01
2.84155781e-07,1.89660938e-01
2.84195781e-07,1.89737500e-01
2.84235781e-07,1.89656250e-01
2.84275781e-07,1.89765625e-01
2.84315781e-07,1.89482813e-01
2.84355781e-07,1.89251562e-01
2.84395781e-07,1.89326563e-01
2.84435781e-07,1.89279688e-01
2.84475781e-07,1.89321875e-01
2.84515781e-07,1.89271875e-01
2.84555781e-07,1.89350000e-01
2.84595781e-07,1.89098437e-01
2.84635781e-07,1.88837500e-01
2.84675781e-07,1.88942187e-01
2.84715781e-07,1.88864063e-01
2.84755781e-07,1.88935938e-01
2.84795781e-07,1.88857812e-01
2.84835781e-07,1.88965625e-01
2.84875781e-07,1.88682813e-01
2.84915781e-07,1.88453125e-01
2.84955781e-07,1.88525000e-01
2.84995781e-07,1.88484375e-01
2.85035781e-07,1.88512500e-01
2.85075781e-07,1.88489062e-01
2.85115781e-07,1.88510938e-01
2.85155781e-07,1.88487500e-01
2.85195781e-07,1.88517188e-01
2.85235781e-07,1.88473438e-01
2.85275781e-07,1.88550000e-01
2.85315781e-07,1.88296875e-01
2.85355781e-07,1.88039063e-01
2.85395781e-07,1.88137500e-01
2.85435781e-07,1.88071875e-01
2.85475781e-07,1.88123438e-01
2.85515781e-07,1.88078125e-01
2.85555781e-07,1.88120312e-01
2.85595781e-07,1.88079688e-01
2.85635781e-07,1.88118750e-01
2.85675781e-07,1.88079688e-01
2.85715781e-07,1.88120312e-01
2.85755781e-07,1.88078125e-01
2.85795781e-07,1.88121875e-01
2.85835781e-07,1.88075000e-01
2.85875781e-07,1.88128125e-01
2.85915781e-07,1.88067188e-01
2.85955781e-07,1.88142188e-01
2.85995781e-07,1.88032813e-01
2.86035781e-07,1.88321875e-01
2.86075781e-07,1.88540625e-01
2.86115781e-07,1.88484375e-01
2.86155781e-07,1.88506250e-01
2.86195781e-07,1.88500000e-01
2.86235781e-07,1.88495313e-01
2.86275781e-07,1.88507813e-01
2.86315781e-07,1.88487500e-01
2.86355781e-07,1.88517188e-01
2.86395781e-07,1.88478125e-01
2.86435781e-07,1.88532813e-01
2.86475781e-07,1.88440625e-01
2.86515781e-07,1.88712500e-01
2.86555781e-07,1.88948438e-01
2.86595781e-07,1.88876563e-01
2.86635781e-07,1.88912500e-01
2.86675781e-07,1.88893750e-01
2.86715781e-07,1.88901563e-01
2.86755781e-07,1.88901563e-01
2.86795781e-07,1.88895312e-01
2.86835781e-07,1.88909375e-01
2.86875781e-07,1.88884375e-01
2.86915781e-07,1.88926563e-01
2.86955781e-07,1.88846875e-01
2.86995781e-07,1.89106250e-01
2.87035781e-07,1.89354688e-01
2.87075781e-07,1.89268750e-01
2.87115781e-07,1.89320313e-01
2.87155781e-07,1.89284375e-01
2.87195781e-07,1.89310937e-01
2.87235781e-07,1.89290625e-01
2.87275781e-07,1.89306250e-01
2.87315781e-07,1.89295313e-01
2.87355781e-07,1.89303125e-01
2.87395781e-07,1.89298437e-01
2.87435781e-07,1.89300000e-01
2.87475781e-07,1.89301563e-01
2.87515781e-07,1.89296875e-01
2.87555781e-07,1.89304688e-01
2.87595781e-07,1.89293750e-01
2.87635781e-07,1.89310937e-01
2.87675781e-07,1.89284375e-01
2.87715781e-07,1.89325000e-01
2.87755781e-07,1.89250000e-01
2.87795781e-07,1.89504688e-01
2.87835781e-07,1.89757813e-01
2.87875781e-07,1.89665625e-01
2.87915781e-07,1.89725000e-01
2.87955781e-07,1.89679687e-01
2.87995781e-07,1.89718750e-01
2.88035781e-07,1.89682813e-01
2.88075781e-07,1.89718750e-01
2.88115781e-07,1.89678125e-01
2.88155781e-07,1.89729688e-01
2.88195781e-07,1.89648438e-01
2.88235781e-07,1.89903125e-01
2.88275781e-07,1.90162500e-01
2.88315781e-07,1.90059375e-01
2.88355781e-07,1.90135938e-01
2.88395781e-07,1.90062500e-01
2.88435781e-07,1.90145312e-01
2.88475781e-07,1.90031250e-01
2.88515781e-07,1.90321875e-01
2.88555781e-07,1.90540625e-01
2.88595781e-07,1.90484375e-01
2.88635781e-07,1.90503125e-01
2.88675781e-07,1.90504688e-01
2.88715781e-07,1.90487500e-01
2.88755781e-07,1.90525000e-01
2.88795781e-07,1.90448438e-01
2.88835781e-07,1.90706250e-01
2.88875781e-07,1.90954687e-01
2.88915781e-07,1.90870313e-01
2.88955781e-07,1.90918750e-01
2.88995781e-07,1.90889063e-01
2.89035781e-07,1.90906250e-01
2.89075781e-07,1.90900000e-01
2.89115781e-07,1.90893750e-01
2.89155781e-07,1.90917188e-01
2.89195781e-07,1.90856250e-01
2.89235781e-07,1.91096875e-01
2.89275781e-07,1.91364063e-01
2.89315781e-07,1.91260938e-01
2.89355781e-07,1.91329688e-01
2.89395781e-07,1.91276562e-01
2.89435781e-07,1.91320313e-01
2.89475781e-07,1.91282813e-01
2.89515781e-07,1.91315625e-01
2.89555781e-07,1.91285938e-01
2.89595781e-07,1.91314062e-01
2.89635781e-07,1.91287500e-01
2.89675781e-07,1.91310938e-01
2.89715781e-07,1.91289062e-01
2.89755781e-07,1.91309375e-01
2.89795781e-07,1.91290625e-01
2.89835781e-07,1.91307813e-01
2.89875781e-07,1.91292188e-01
2.89915781e-07,1.91306250e-01
2.89955781e-07,1.91293750e-01
2.89995781e-07,1.91304688e-01
2.90035781e-07,1.91295313e-01
2.90075781e-07,1.91303125e-01
2.90115781e-07,1.91296875e-01
2.90155781e-07,1.91301563e-01
2.90195781e-07,1.91300000e-01
2.90235781e-07,1.91298438e-01
2.90275781e-07,1.91303125e-01
2.90315781e-07,1.91293750e-01
2.90355781e-07,1.91312500e-01
2.90395781e-07,1.91278125e-01
2.90435781e-07,1.91346875e-01
2.90475781e-07,1.91100000e-01
2.90515781e-07,1.90837500e-01
2.90555781e-07,1.90937500e-01
2.90595781e-07,1.90871875e-01
2.90635781e-07,1.90923438e-01
2.90675781e-07,1.90879688e-01
2.90715781e-07,1.90918750e-01
2.90755781e-07,1.90882812e-01
2.90795781e-07,1.90915625e-01
2.90835781e-07,1.90885938e-01
2.90875781e-07,1.90914063e-01
2.90915781e-07,1.90887500e-01
2.90955781e-07,1.90912500e-01
2.90995781e-07,1.90887500e-01
2.91035781e-07,1.90912500e-01
2.91075781e-07,1.90889063e-01
2.91115781e-07,1.90910938e-01
2.91155781e-07,1.90889063e-01
2.91195781e-07,1.90910938e-01
2.91235781e-07,1.90889063e-01
2.91275781e-07,1.90910938e-01
2.91315781e-07,1.90890625e-01
2.91355781e-07,1.90909375e-01
2.91395781e-07,1.90890625e-01
2.91435781e-07,1.90909375e-01
2.91475781e-07,1.90890625e-01
2.91515781e-07,1.90909375e-01
2.91555781e-07,1.90890625e-01
2.91595781e-07,1.90909375e-01
2.91635781e-07,1.90890625e-01
2.91675781e-07,1.90909375e-01
2.91715781e-07,1.90890625e-01
2.91755781e-07,1.90909375e-01
2.91795781e-07,1.90890625e-01
2.91835781e-07,1.90909375e-01
2.91875781e-07,1.90890625e-01
2.91915781e-07,1.90910938e-01
2.91955781e-07,1.90889063e-01
2.91995781e-07,1.90910938e-01
2.92035781e-07,1.90889063e-01
2.92075781e-07,1.90912500e-01
2.92115781e-07,1.90887500e-01
2.92155781e-07,1.90914063e-01
2.92195781e-07,1.90884375e-01
2.92235781e-07,1.90918750e-01
2.92275781e-07,1.90876563e-01
2.92315781e-07,1.90932812e-01
2.92355781e-07,1.90842188e-01
2.92395781e-07,1.91110937e-01
2.92435781e-07,1.91351563e-01
2.92475781e-07,1.91271875e-01
2.92515781e-07,1.91320313e-01
2.92555781e-07,1.91284375e-01
2.92595781e-07,1.91312500e-01
2.92635781e-07,1.91289062e-01
2.92675781e-07,1.91310938e-01
2.92715781e-07,1.91289062e-01
2.92755781e-07,1.91312500e-01
2.92795781e-07,1.91287500e-01
2.92835781e-07,1.91315625e-01
2.92875781e-07,1.91279688e-01
2.92915781e-07,1.91329688e-01
2.92955781e-07,1.91245313e-01
2.92995781e-07,1.91507813e-01
2.93035781e-07,1.91754688e-01
2.93075781e-07,1.91668750e-01
2.93115781e-07,1.91721875e-01
2.93155781e-07,1.91684375e-01
2.93195781e-07,1.91712500e-01
2.93235781e-07,1.91690625e-01
2.93275781e-07,1.91707813e-01
2.93315781e-07,1.91693750e-01
2.93355781e-07,1.91703125e-01
2.93395781e-07,1.91700000e-01
2.93435781e-07,1.91693750e-01
2.93475781e-07,1.91715625e-01
2.93515781e-07,1.91659375e-01
2.93555781e-07,1.91893750e-01
2.93595781e-07,1.92170312e-01
2.93635781e-07,1.92053125e-01
2.93675781e-07,1.92137500e-01
2.93715781e-07,1.92067188e-01
2.93755781e-07,1.92131250e-01
2.93795781e-07,1.92068750e-01
2.93835781e-07,1.92131250e-01
2.93875781e-07,1.92065625e-01
2.93915781e-07,1.92137500e-01
2.93955781e-07,1.92053125e-01
2.93995781e-07,1.92171875e-01
2.94035781e-07,1.91875000e-01
2.94075781e-07,1.91662500e-01
2.94115781e-07,1.91714063e-01
2.94155781e-07,1.91696875e-01
2.94195781e-07,1.91698438e-01
2.94235781e-07,1.91706250e-01
2.94275781e-07,1.91690625e-01
2.94315781e-07,1.91712500e-01
2.94355781e-07,1.91684375e-01
2.94395781e-07,1.91721875e-01
2.94435781e-07,1.91668750e-01
2.94475781e-07,1.91756250e-01
2.94515781e-07,1.91492188e-01
2.94555781e-07,1.91245313e-01
2.94595781e-07,1.91331250e-01
2.94635781e-07,1.91275000e-01
2.94675781e-07,1.91323437e-01
2.94715781e-07,1.91270313e-01
2.94755781e-07,1.91351563e-01
2.94795781e-07,1.91098437e-01
2.94835781e-07,1.90835937e-01
2.94875781e-07,1.90943750e-01
2.94915781e-07,1.90860937e-01
2.94955781e-07,1.90940625e-01
2.94995781e-07,1.90851563e-01
2.95035781e-07,1.90971875e-01
2.95075781e-07,1.90675000e-01
2.95115781e-07,1.90462500e-01
2.95155781e-07,1.90512500e-01
2.95195781e-07,1.90498438e-01
2.95235781e-07,1.90493750e-01
2.95275781e-07,1.90515625e-01
2.95315781e-07,1.90473438e-01
2.95355781e-07,1.90553125e-01
2.95395781e-07,1.90292188e-01
2.95435781e-07,1.90046875e-01
2.95475781e-07,1.90128125e-01
2.95515781e-07,1.90081250e-01
2.95555781e-07,1.90112500e-01
2.95595781e-07,1.90092188e-01
2.95635781e-07,1.90103125e-01
2.95675781e-07,1.90100000e-01
2.95715781e-07,1.90095313e-01
2.95755781e-07,1.90109375e-01
2.95795781e-07,1.90079688e-01
2.95835781e-07,1.90145312e-01
2.95875781e-07,1.89900000e-01
2.95915781e-07,1.89637500e-01
2.95955781e-07,1.89739062e-01
2.95995781e-07,1.89671875e-01
2.96035781e-07,1.89723438e-01
2.96075781e-07,1.89679687e-01
2.96115781e-07,1.89718750e-01
2.96155781e-07,1.89682813e-01
2.96195781e-07,1.89717187e-01
2.96235781e-07,1.89684375e-01
2.96275781e-07,1.89715625e-01
2.96315781e-07,1.89684375e-01
2.96355781e-07,1.89715625e-01
2.96395781e-07,1.89682813e-01
2.96435781e-07,1.89718750e-01
2.96475781e-07,1.89679687e-01
2.96515781e-07,1.89721875e-01
2.96555781e-07,1.89671875e-01
2.96595781e-07,1.89737500e-01
2.96635781e-07,1.89637500e-01
2.96675781e-07,1.89914063e-01
2.96715781e-07,1.90146875e-01
2.96755781e-07,1.90076563e-01
2.96795781e-07,1.90114063e-01
2.96835781e-07,1.90090625e-01
2.96875781e-07,1.90106250e-01
2.96915781e-07,1.90096875e-01
2.96955781e-07,1.90101563e-01
2.96995781e-07,1.90100000e-01
2.97035781e-07,1.90096875e-01
2.97075781e-07,1.90104688e-01
2.97115781e-07,1.90093750e-01
2.97155781e-07,1.90110938e-01
2.97195781e-07,1.90084375e-01
2.97235781e-07,1.90125000e-01
2.97275781e-07,1.90050000e-01
2.97315781e-07,1.90303125e-01
2.97355781e-07,1.90557813e-01
2.97395781e-07,1.90465625e-01
2.97435781e-07,1.90525000e-01
2.97475781e-07,1.90479687e-01
2.97515781e-07,1.90517188e-01
2.97555781e-07,1.90484375e-01
2.97595781e-07,1.90514062e-01
2.97635781e-07,1.90487500e-01
2.97675781e-07,1.90512500e-01
2.97715781e-07,1.90489063e-01
2.97755781e-07,1.90510938e-01
2.97795781e-07,1.90489063e-01
2.97835781e-07,1.90510938e-01
2.97875781e-07,1.90490625e-01
2.97915781e-07,1.90509375e-01
2.97955781e-07,1.90490625e-01
2.97995781e-07,1.90510938e-01
2.98035781e-07,1.90489063e-01
2.98075781e-07,1.90510938e-01
2.98115781e-07,1.90489063e-01
2.98155781e-07,1.90510938e-01
2.98195781e-07,1.90487500e-01
2.98235781e-07,1.90512500e-01
2.98275781e-07,1.90485938e-01
2.98315781e-07,1.90515625e-01
2.98355781e-07,1.90481250e-01
2.98395781e-07,1.90525000e-01
2.98435781e-07,1.90465625e-01
2.98475781e-07,1.90557813e-01
2.98515781e-07,1.90289062e-01
2.98555781e-07,1.90048438e-01
2.98595781e-07,1.90126563e-01
2.98635781e-07,1.90081250e-01
2.98675781e-07,1.90112500e-01
2.98715781e-07,1.90089063e-01
2.98755781e-07,1.90109375e-01
2.98795781e-07,1.90092188e-01
2.98835781e-07,1.90106250e-01
2.98875781e-07,1.90093750e-01
2.98915781e-07,1.90106250e-01
2.98955781e-07,1.90093750e-01
2.98995781e-07,1.90106250e-01
2.99035781e-07,1.90093750e-01
2.99075781e-07,1.90106250e-01
2.99115781e-07,1.90092188e-01
2.99155781e-07,1.90109375e-01
2.99195781e-07,1.90087500e-01
2.99235781e-07,1.90117188e-01
2.99275781e-07,1.90073437e-01
2.99315781e-07,1.90151563e-01
2.99355781e-07,1.89896875e-01
2.99395781e-07,1.89640625e-01
2.99435781e-07,1.89735938e-01
2.99475781e-07,1.89673438e-01
2.99515781e-07,1.89721875e-01
2.99555781e-07,1.89681250e-01
2.99595781e-07,1.89717187e-01
2.99635781e-07,1.89684375e-01
2.99675781e-07,1.89715625e-01
2.99715781e-07,1.89684375e-01
2.99755781e-07,1.89715625e-01
2.99795781e-07,1.89684375e-01
2.99835781e-07,1.89717187e-01
2.99875781e-07,1.89682813e-01
2.99915781e-07,1.89718750e-01
2.99955781e-07,1.89679687e-01
2.99995781e-07,1.89723438e-01
3.00035781e-07,1.89671875e-01
3.00075781e-07,1.89739062e-01
3.00115781e-07,1.89637500e-01
3.00155781e-07,1.89917188e-01
3.00195781e-07,1.90145312e-01
3.00235781e-07,1.90078125e-01
3.00275781e-07,1.90112500e-01
3.00315781e-07,1.90093750e-01
3.00355781e-07,1.90103125e-01
3.00395781e-07,1.90098437e-01
3.00435781e-07,1.90098437e-01
3.00475781e-07,1.90103125e-01
3.00515781e-07,1.90095313e-01
3.00555781e-07,1.90107813e-01
3.00595781e-07,1.90090625e-01
3.00635781e-07,1.90112500e-01
3.00675781e-07,1.90081250e-01
3.00715781e-07,1.90128125e-01
3.00755781e-07,1.90046875e-01
3.00795781e-07,1.90306250e-01
3.00835781e-07,1.90556250e-01
3.00875781e-07,1.90467187e-01
3.00915781e-07,1.90523438e-01
3.00955781e-07,1.90481250e-01
3.00995781e-07,1.90517188e-01
3.01035781e-07,1.90482813e-01
3.01075781e-07,1.90517188e-01
3.01115781e-07,1.90478125e-01
3.01155781e-07,1.90529688e-01
3.01195781e-07,1.90446875e-01
3.01235781e-07,1.90704687e-01
3.01275781e-07,1.90959375e-01
3.01315781e-07,1.90862500e-01
3.01355781e-07,1.90929688e-01
3.01395781e-07,1.90871875e-01
3.01435781e-07,1.90928125e-01
3.01475781e-07,1.90868750e-01
3.01515781e-07,1.90940625e-01
3.01555781e-07,1.90834375e-01
3.01595781e-07,1.91117188e-01
3.01635781e-07,1.91343750e-01
3.01675781e-07,1.91279688e-01
3.01715781e-07,1.91310938e-01
3.01755781e-07,1.91295313e-01
3.01795781e-07,1.91301563e-01
3.01835781e-07,1.91303125e-01
3.01875781e-07,1.91293750e-01
3.01915781e-07,1.91309375e-01
3.01955781e-07,1.91284375e-01
3.01995781e-07,1.91326563e-01
3.02035781e-07,1.91248438e-01
3.02075781e-07,1.91504687e-01
3.02115781e-07,1.91756250e-01
3.02155781e-07,1.91667188e-01
3.02195781e-07,1.91723438e-01
3.02235781e-07,1.91682813e-01
3.02275781e-07,1.91714063e-01
3.02315781e-07,1.91687500e-01
3.02355781e-07,1.91710938e-01
3.02395781e-07,1.91690625e-01
3.02435781e-07,1.91707813e-01
3.02475781e-07,1.91692187e-01
3.02515781e-07,1.91706250e-01
3.02555781e-07,1.91693750e-01
3.02595781e-07,1.91706250e-01
3.02635781e-07,1.91695313e-01
3.02675781e-07,1.91704687e-01
3.02715781e-07,1.91695313e-01
3.02755781e-07,1.91703125e-01
3.02795781e-07,1.91696875e-01
3.02835781e-07,1.91703125e-01
3.02875781e-07,1.91696875e-01
3.02915781e-07,1.91703125e-01
3.02955781e-07,1.91698438e-01
3.02995781e-07,1.91701563e-01
3.03035781e-07,1.91698438e-01
3.03075781e-07,1.91701563e-01
3.03115781e-07,1.91698438e-01
3.03155781e-07,1.91700000e-01
3.03195781e-07,1.91700000e-01
3.03235781e-07,1.91700000e-01
3.03275781e-07,1.91701563e-01
3.03315781e-07,1.91698438e-01
3.03355781e-07,1.91701563e-01
3.03395781e-07,1.91696875e-01
3.03435781e-07,1.91704687e-01
3.03475781e-07,1.91693750e-01
3.03515781e-07,1.91707813e-01
3.03555781e-07,1.91689063e-01
3.03595781e-07,1.91715625e-01
3.03635781e-07,1.91675000e-01
3.03675781e-07,1.91750000e-01
3.03715781e-07,1.91496875e-01
3.03755781e-07,1.91240625e-01
3.03795781e-07,1.91335937e-01
3.03835781e-07,1.91273438e-01
3.03875781e-07,1.91321875e-01
3.03915781e-07,1.91281250e-01
3.03955781e-07,1.91317188e-01
3.03995781e-07,1.91284375e-01
3.04035781e-07,1.91315625e-01
3.04075781e-07,1.91284375e-01
3.04115781e-07,1.91315625e-01
3.04155781e-07,1.91284375e-01
3.04195781e-07,1.91315625e-01
3.04235781e-07,1.91282813e-01
3.04275781e-07,1.91318750e-01
3.04315781e-07,1.91278125e-01
3.04355781e-07,1.91326563e-01
3.04395781e-07,1.91264062e-01
3.04435781e-07,1.91360937e-01
3.04475781e-07,1.91085937e-01
3.04515781e-07,1.90851563e-01
3.04555781e-07,1.90923438e-01
3.04595781e-07,1.90885938e-01
3.04635781e-07,1.90909375e-01
3.04675781e-07,1.90895312e-01
3.04715781e-07,1.90901563e-01
3.04755781e-07,1.90900000e-01
3.04795781e-07,1.90895312e-01
3.04835781e-07,1.90909375e-01
3.04875781e-07,1.90881250e-01
3.04915781e-07,1.90943750e-01
3.04955781e-07,1.90703125e-01
3.04995781e-07,1.90434375e-01
3.05035781e-07,1.90543750e-01
3.05075781e-07,1.90464063e-01
3.05115781e-07,1.90532813e-01
3.05155781e-07,1.90467187e-01
3.05195781e-07,1.90535938e-01
3.05235781e-07,1.90454687e-01
3.05275781e-07,1.90568750e-01
3.05315781e-07,1.90278125e-01
3.05355781e-07,1.90059375e-01
3.05395781e-07,1.90115625e-01
3.05435781e-07,1.90095313e-01
3.05475781e-07,1.90096875e-01
3.05515781e-07,1.90110938e-01
3.05555781e-07,1.90078125e-01
3.05595781e-07,1.90146875e-01
3.05635781e-07,1.89900000e-01
3.05675781e-07,1.89639063e-01
3.05715781e-07,1.89737500e-01
3.05755781e-07,1.89671875e-01
3.05795781e-07,1.89725000e-01
3.05835781e-07,1.89676563e-01
3.05875781e-07,1.89721875e-01
3.05915781e-07,1.89676563e-01
3.05955781e-07,1.89728125e-01
3.05995781e-07,1.89664063e-01
3.06035781e-07,1.89759375e-01
3.06075781e-07,1.89487500e-01
3.06115781e-07,1.89250000e-01
3.06155781e-07,1.89326563e-01
3.06195781e-07,1.89281250e-01
3.06235781e-07,1.89314063e-01
3.06275781e-07,1.89289062e-01
3.06315781e-07,1.89309375e-01
3.06355781e-07,1.89290625e-01
3.06395781e-07,1.89307813e-01
3.06435781e-07,1.89292188e-01
3.06475781e-07,1.89307813e-01
3.06515781e-07,1.89292188e-01
3.06555781e-07,1.89307813e-01
3.06595781e-07,1.89292188e-01
3.06635781e-07,1.89309375e-01
3.06675781e-07,1.89290625e-01
3.06715781e-07,1.89310937e-01
3.06755781e-07,1.89289062e-01
3.06795781e-07,1.89312500e-01
3.06835781e-07,1.89284375e-01
3.06875781e-07,1.89318750e-01
3.06915781e-07,1.89276562e-01
3.06955781e-07,1.89332813e-01
3.06995781e-07,1.89242188e-01
3.07035781e-07,1.89512500e-01
3.07075781e-07,1.89750000e-01
3.07115781e-07,1.89673438e-01
3.07155781e-07,1.89715625e-01
3.07195781e-07,1.89689063e-01
3.07235781e-07,1.89706250e-01
3.07275781e-07,1.89696875e-01
3.07315781e-07,1.89700000e-01
3.07355781e-07,1.89704687e-01
3.07395781e-07,1.89690625e-01
3.07435781e-07,1.89720313e-01
3.07475781e-07,1.89654688e-01
3.07515781e-07,1.89898438e-01
3.07555781e-07,1.90164063e-01
3.07595781e-07,1.90059375e-01
3.07635781e-07,1.90131250e-01
3.07675781e-07,1.90073437e-01
3.07715781e-07,1.90125000e-01
3.07755781e-07,1.90075000e-01
3.07795781e-07,1.90126563e-01
3.07835781e-07,1.90070313e-01
3.07875781e-07,1.90139063e-01
3.07915781e-07,1.90037500e-01
3.07955781e-07,1.90315625e-01
3.07995781e-07,1.90548438e-01
3.08035781e-07,1.90475000e-01
3.08075781e-07,1.90515625e-01
3.08115781e-07,1.90487500e-01
3.08155781e-07,1.90509375e-01
3.08195781e-07,1.90492188e-01
3.08235781e-07,1.90507813e-01
3.08275781e-07,1.90493750e-01
3.08315781e-07,1.90506250e-01
3.08355781e-07,1.90493750e-01
3.08395781e-07,1.90507813e-01
3.08435781e-07,1.90492188e-01
3.08475781e-07,1.90509375e-01
3.08515781e-07,1.90489063e-01
3.08555781e-07,1.90514062e-01
3.08595781e-07,1.90481250e-01
3.08635781e-07,1.90528125e-01
3.08675781e-07,1.90446875e-01
3.08715781e-07,1.90706250e-01
3.08755781e-07,1.90956250e-01
3.08795781e-07,1.90868750e-01
3.08835781e-07,1.90921875e-01
3.08875781e-07,1.90882812e-01
3.08915781e-07,1.90914063e-01
3.08955781e-07,1.90887500e-01
3.08995781e-07,1.90910938e-01
3.09035781e-07,1.90889063e-01
3.09075781e-07,1.90909375e-01
3.09115781e-07,1.90890625e-01
3.09155781e-07,1.90907812e-01
3.09195781e-07,1.90892188e-01
3.09235781e-07,1.90907812e-01
3.09275781e-07,1.90892188e-01
3.09315781e-07,1.90906250e-01
3.09355781e-07,1.90893750e-01
3.09395781e-07,1.90906250e-01
3.09435781e-07,1.90893750e-01
3.09475781e-07,1.90906250e-01
3.09515781e-07,1.90893750e-01
3.09555781e-07,1.90906250e-01
3.09595781e-07,1.90893750e-01
3.09635781e-07,1.90906250e-01
3.09675781e-07,1.90893750e-01
3.09715781e-07,1.90906250e-01
3.09755781e-07,1.90893750e-01
3.09795781e-07,1.90904688e-01
3.09835781e-07,1.90895312e-01
3.09875781e-07,1.90904688e-01
3.09915781e-07,1.90895312e-01
3.09955781e-07,1.90904688e-01
3.09995781e-07,1.90895312e-01
3.10035781e-07,1.90904688e-01
3.10075781e-07,1.90895312e-01
3.10115781e-07,1.90906250e-01
3.10155781e-07,1.90893750e-01
3.10195781e-07,1.90906250e-01
3.10235781e-07,1.90893750e-01
3.10275781e-07,1.90906250e-01
3.10315781e-07,1.90893750e-01
3.10355781e-07,1.90906250e-01
3.10395781e-07,1.90893750e-01
3.10435781e-07,1.90906250e-01
3.10475781e-07,1.90893750e-01
3.10515781e-07,1.90906250e-01
3.10555781e-07,1.90893750e-01
3.10595781e-07,1.90907812e-01
3.10635781e-07,1.90892188e-01
3.10675781e-07,1.90907812e-01
3.10715781e-07,1.90892188e-01
3.10755781e-07,1.90909375e-01
3.10795781e-07,1.90890625e-01
3.10835781e-07,1.90909375e-01
3.10875781e-07,1.90889063e-01
3.10915781e-07,1.90912500e-01
3.10955781e-07,1.90885938e-01
3.10995781e-07,1.90915625e-01
3.11035781e-07,1.90881250e-01
3.11075781e-07,1.90925000e-01
3.11115781e-07,1.90865625e-01
3.11155781e-07,1.90959375e-01
3.11195781e-07,1.90687500e-01
3.11235781e-07,1.90450000e-01
3.11275781e-07,1.90525000e-01
3.11315781e-07,1.90484375e-01
3.11355781e-07,1.90509375e-01
3.11395781e-07,1.90493750e-01
3.11435781e-07,1.90503125e-01
3.11475781e-07,1.90501562e-01
3.11515781e-07,1.90495313e-01
3.11555781e-07,1.90509375e-01
3.11595781e-07,1.90479687e-01
3.11635781e-07,1.90545313e-01
3.11675781e-07,1.90301563e-01
3.11715781e-07,1.90034375e-01
3.11755781e-07,1.90142188e-01
3.11795781e-07,1.90065625e-01
3.11835781e-07,1.90131250e-01
3.11875781e-07,1.90070313e-01
3.11915781e-07,1.90132812e-01
3.11955781e-07,1.90059375e-01
3.11995781e-07,1.90165625e-01
3.12035781e-07,1.89882812e-01
3.12075781e-07,1.89653125e-01
3.12115781e-07,1.89723438e-01
3.12155781e-07,1.89685938e-01
3.12195781e-07,1.89709375e-01
3.12235781e-07,1.89692187e-01
3.12275781e-07,1.89704687e-01
3.12315781e-07,1.89695313e-01
3.12355781e-07,1.89703125e-01
3.12395781e-07,1.89696875e-01
3.12435781e-07,1.89703125e-01
3.12475781e-07,1.89698438e-01
3.12515781e-07,1.89701563e-01
3.12555781e-07,1.89698438e-01
3.12595781e-07,1.89701563e-01
3.12635781e-07,1.89698438e-01
3.12675781e-07,1.89701563e-01
3.12715781e-07,1.89698438e-01
3.12755781e-07,1.89701563e-01
3.12795781e-07,1.89698438e-01
3.12835781e-07,1.89701563e-01
3.12875781e-07,1.89698438e-01
3.12915781e-07,1.89703125e-01
3.12955781e-07,1.89696875e-01
3.12995781e-07,1.89703125e-01
3.13035781e-07,1.89695313e-01
3.13075781e-07,1.89706250e-01
3.13115781e-07,1.89692187e-01
3.13155781e-07,1.89709375e-01
3.13195781e-07,1.89685938e-01
3.13235781e-07,1.89723438e-01
3.13275781e-07,1.89651563e-01
3.13315781e-07,1.89900000e-01
3.13355781e-07,1.90162500e-01
3.13395781e-07,1.90059375e-01
3.13435781e-07,1.90132812e-01
3.13475781e-07,1.90070313e-01
3.13515781e-07,1.90129688e-01
3.13555781e-07,1.90065625e-01
3.13595781e-07,1.90142188e-01
3.13635781e-07,1.90034375e-01
3.13675781e-07,1.90318750e-01
3.13715781e-07,1.90543750e-01
3.13755781e-07,1.90479687e-01
3.13795781e-07,1.90510938e-01
3.13835781e-07,1.90493750e-01
3.13875781e-07,1.90503125e-01
3.13915781e-07,1.90500000e-01
3.13955781e-07,1.90496875e-01
3.13995781e-07,1.90504688e-01
3.14035781e-07,1.90492188e-01
3.14075781e-07,1.90510938e-01
3.14115781e-07,1.90482813e-01
3.14155781e-07,1.90526562e-01
3.14195781e-07,1.90448438e-01
3.14235781e-07,1.90704687e-01
3.14275781e-07,1.90956250e-01
3.14315781e-07,1.90867188e-01
3.14355781e-07,1.90923438e-01
3.14395781e-07,1.90881250e-01
3.14435781e-07,1.90915625e-01
3.14475781e-07,1.90887500e-01
3.14515781e-07,1.90910938e-01
3.14555781e-07,1.90889063e-01
3.14595781e-07,1.90909375e-01
3.14635781e-07,1.90892188e-01
3.14675781e-07,1.90907812e-01
3.14715781e-07,1.90892188e-01
3.14755781e-07,1.90907812e-01
3.14795781e-07,1.90893750e-01
3.14835781e-07,1.90906250e-01
3.14875781e-07,1.90893750e-01
3.14915781e-07,1.90906250e-01
3.14955781e-07,1.90893750e-01
3.14995781e-07,1.90904688e-01
3.15035781e-07,1.90895312e-01
3.15075781e-07,1.90904688e-01
3.15115781e-07,1.90895312e-01
3.15155781e-07,1.90904688e-01
3.15195781e-07,1.90895312e-01
3.15235781e-07,1.90904688e-01
3.15275781e-07,1.90895312e-01
3.15315781e-07,1.90904688e-01
3.15355781e-07,1.90895312e-01
3.15395781e-07,1.90904688e-01
3.15435781e-07,1.90895312e-01
3.15475781e-07,1.90904688e-01
3.15515781e-07,1.90895312e-01
3.15555781e-07,1.90904688e-01
3.15595781e-07,1.90896875e-01
3.15635781e-07,1.90903125e-01
3.15675781e-07,1.90896875e-01
3.15715781e-07,1.90903125e-01
3.15755781e-07,1.90896875e-01
3.15795781e-07,1.90903125e-01
3.15835781e-07,1.90896875e-01
3.15875781e-07,1.90903125e-01
3.15915781e-07,1.90896875e-01
3.15955781e-07,1.90903125e-01
3.15995781e-07,1.90896875e-01
3.16035781e-07,1.90903125e-01
3.16075781e-07,1.90896875e-01
3.16115781e-07,1.90903125e-01
3.16155781e-07,1.90896875e-01
3.16195781e-07,1.90903125e-01
3.16235781e-07,1.90896875e-01
3.16275781e-07,1.90903125e-01
3.16315781e-07,1.90896875e-01
3.16355781e-07,1.90903125e-01
3.16395781e-07,1.90896875e-01
3.16435781e-07,1.90903125e-01
3.16475781e-07,1.90896875e-01
3.16515781e-07,1.90903125e-01
3.16555781e-07,1.90896875e-01
3.16595781e-07,1.90903125e-01
3.16635781e-07,1.90896875e-01
3.16675781e-07,1.90903125e-01
3.16715781e-07,1.90896875e-01
3.16755781e-07,1.90903125e-01
3.16795781e-07,1.90896875e-01
3.16835781e-07,1.90903125e-01
3.16875781e-07,1.90896875e-01
3.16915781e-07,1.90903125e-01
3.16955781e-07,1.90896875e-01
3.16995781e-07,1.90903125e-01
3.17035781e-07,1.90895312e-01
3.17075781e-07,1.90904688e-01
3.17115781e-07,1.90895312e-01
3.17155781e-07,1.90904688e-01
3.17195781e-07,1.90895312e-01
3.17235781e-07,1.90904688e-01
3.17275781e-07,1.90895312e-01
3.17315781e-07,1.90904688e-01
3.17355781e-07,1.90895312e-01
3.17395781e-07,1.90904688e-01
3.17435781e-07,1.90895312e-01
3.17475781e-07,1.90904688e-01
3.17515781e-07,1.90895312e-01
3.17555781e-07,1.90904688e-01
3.17595781e-07,1.90895312e-01
3.17635781e-07,1.90904688e-01
3.17675781e-07,1.90895312e-01
3.17715781e-07,1.90906250e-01
3.17755781e-07,1.90893750e-01
3.17795781e-07,1.90906250e-01
3.17835781e-07,1.90893750e-01
3.17875781e-07,1.90906250e-01
3.17915781e-07,1.90893750e-01
3.17955781e-07,1.90907812e-01
3.17995781e-07,1.90892188e-01
3.18035781e-07,1.90907812e-01
3.18075781e-07,1.90890625e-01
3.18115781e-07,1.90909375e-01
3.18155781e-07,1.90889063e-01
3.18195781e-07,1.90912500e-01
3.18235781e-07,1.90885938e-01
3.18275781e-07,1.90917188e-01
3.18315781e-07,1.90876563e-01
3.18355781e-07,1.90932812e-01
3.18395781e-07,1.90842188e-01
3.18435781e-07,1.91110937e-01
3.18475781e-07,1.91351563e-01
3.18515781e-07,1.91271875e-01
3.18555781e-07,1.91318750e-01
3.18595781e-07,1.91285938e-01
3.18635781e-07,1.91310938e-01
3.18675781e-07,1.91290625e-01
3.18715781e-07,1.91307813e-01
3.18755781e-07,1.91293750e-01
3.18795781e-07,1.91304688e-01
3.18835781e-07,1.91295313e-01
3.18875781e-07,1.91304688e-01
3.18915781e-07,1.91296875e-01
3.18955781e-07,1.91303125e-01
3.18995781e-07,1.91296875e-01
3.19035781e-07,1.91303125e-01
3.19075781e-07,1.91296875e-01
3.19115781e-07,1.91301563e-01
3.19155781e-07,1.91298438e-01
3.19195781e-07,1.91301563e-01
3.19235781e-07,1.91298438e-01
3.19275781e-07,1.91301563e-01
3.19315781e-07,1.91298438e-01
3.19355781e-07,1.91301563e-01
3.19395781e-07,1.91298438e-01
3.19435781e-07,1.91301563e-01
3.19475781e-07,1.91298438e-01
3.19515781e-07,1.91301563e-01
3.19555781e-07,1.91296875e-01
3.19595781e-07,1.91303125e-01
3.19635781e-07,1.91296875e-01
3.19675781e-07,1.91304688e-01
3.19715781e-07,1.91293750e-01
3.19755781e-07,1.91307813e-01
3.19795781e-07,1.91290625e-01
3.19835781e-07,1.91314062e-01
3.19875781e-07,1.91276562e-01
3.19915781e-07,1.91348437e-01
3.19955781e-07,1.91100000e-01
3.19995781e-07,1.90837500e-01
3.20035781e-07,1.90939063e-01
3.20075781e-07,1.90868750e-01
3.20115781e-07,1.90926563e-01
3.20155781e-07,1.90873438e-01
3.20195781e-07,1.90926563e-01
3.20235781e-07,1.90871875e-01
3.20275781e-07,1.90932812e-01
3.20315781e-07,1.90859375e-01
3.20355781e-07,1.90965625e-01
3.20395781e-07,1.90681250e-01
3.20435781e-07,1.90456250e-01
3.20475781e-07,1.90520313e-01
3.20515781e-07,1.90489063e-01
3.20555781e-07,1.90504688e-01
3.20595781e-07,1.90498438e-01
3.20635781e-07,1.90498438e-01
3.20675781e-07,1.90503125e-01
3.20715781e-07,1.90493750e-01
3.20755781e-07,1.90509375e-01
3.20795781e-07,1.90487500e-01
3.20835781e-07,1.90517188e-01
3.20875781e-07,1.90471875e-01
3.20915781e-07,1.90553125e-01
3.20955781e-07,1.90293750e-01
3.20995781e-07,1.90045313e-01
3.21035781e-07,1.90131250e-01
3.21075781e-07,1.90078125e-01
3.21115781e-07,1.90117188e-01
3.21155781e-07,1.90085937e-01
3.21195781e-07,1.90110938e-01
3.21235781e-07,1.90090625e-01
3.21275781e-07,1.90109375e-01
3.21315781e-07,1.90092188e-01
3.21355781e-07,1.90106250e-01
3.21395781e-07,1.90093750e-01
3.21435781e-07,1.90106250e-01
3.21475781e-07,1.90095313e-01
3.21515781e-07,1.90104688e-01
3.21555781e-07,1.90095313e-01
3.21595781e-07,1.90104688e-01
3.21635781e-07,1.90095313e-01
3.21675781e-07,1.90103125e-01
3.21715781e-07,1.90096875e-01
3.21755781e-07,1.90103125e-01
3.21795781e-07,1.90096875e-01
3.21835781e-07,1.90103125e-01
3.21875781e-07,1.90096875e-01
3.21915781e-07,1.90103125e-01
3.21955781e-07,1.90096875e-01
3.21995781e-07,1.90103125e-01
3.22035781e-07,1.90096875e-01
3.22075781e-07,1.90103125e-01
3.22115781e-07,1.90096875e-01
3.22155781e-07,1.90103125e-01
3.22195781e-07,1.90096875e-01
3.22235781e-07,1.90103125e-01
3.22275781e-07,1.90096875e-01
3.22315781e-07,1.90104688e-01
3.22355781e-07,1.90095313e-01
3.22395781e-07,1.90104688e-01
3.22435781e-07,1.90093750e-01
3.22475781e-07,1.90107813e-01
3.22515781e-07,1.90089063e-01
3.22555781e-07,1.90115625e-01
3.22595781e-07,1.90076563e-01
3.22635781e-07,1.90148438e-01
3.22675781e-07,1.89900000e-01
3.22715781e-07,1.89637500e-01
3.22755781e-07,1.89740625e-01
3.22795781e-07,1.89667188e-01
3.22835781e-07,1.89729688e-01
3.22875781e-07,1.89668750e-01
3.22915781e-07,1.89734375e-01
3.22955781e-07,1.89657812e-01
3.22995781e-07,1.89767188e-01
3.23035781e-07,1.89481250e-01
3.23075781e-07,1.89257813e-01
3.23115781e-07,1.89318750e-01
3.23155781e-07,1.89292188e-01
3.23195781e-07,1.89303125e-01
3.23235781e-07,1.89301563e-01
3.23275781e-07,1.89292188e-01
3.23315781e-07,1.89314063e-01
3.23355781e-07,1.89276562e-01
3.23395781e-07,1.89350000e-01
3.23435781e-07,1.89096875e-01
3.23475781e-07,1.88840625e-01
3.23515781e-07,1.88934375e-01
3.23555781e-07,1.88875000e-01
3.23595781e-07,1.88920313e-01
3.23635781e-07,1.88882812e-01
3.23675781e-07,1.88914063e-01
3.23715781e-07,1.88887500e-01
3.23755781e-07,1.88912500e-01
3.23795781e-07,1.88889063e-01
3.23835781e-07,1.88910938e-01
3.23875781e-07,1.88890625e-01
3.23915781e-07,1.88909375e-01
3.23955781e-07,1.88890625e-01
3.23995781e-07,1.88909375e-01
3.24035781e-07,1.88890625e-01
3.24075781e-07,1.88907812e-01
3.24115781e-07,1.88892188e-01
3.24155781e-07,1.88907812e-01
3.24195781e-07,1.88890625e-01
3.24235781e-07,1.88909375e-01
3.24275781e-07,1.88890625e-01
3.24315781e-07,1.88909375e-01
3.24355781e-07,1.88890625e-01
3.24395781e-07,1.88909375e-01
3.24435781e-07,1.88889063e-01
3.24475781e-07,1.88910938e-01
3.24515781e-07,1.88887500e-01
3.24555781e-07,1.88914063e-01
3.24595781e-07,1.88884375e-01
3.24635781e-07,1.88918750e-01
3.24675781e-07,1.88875000e-01
3.24715781e-07,1.88934375e-01
3.24755781e-07,1.88840625e-01
3.24795781e-07,1.89112500e-01
3.24835781e-07,1.89350000e-01
3.24875781e-07,1.89275000e-01
3.24915781e-07,1.89315625e-01
3.24955781e-07,1.89290625e-01
3.24995781e-07,1.89306250e-01
3.25035781e-07,1.89296875e-01
3.25075781e-07,1.89298437e-01
3.25115781e-07,1.89304688e-01
3.25155781e-07,1.89289062e-01
3.25195781e-07,1.89320313e-01
3.25235781e-07,1.89254688e-01
3.25275781e-07,1.89498438e-01
3.25315781e-07,1.89764062e-01
3.25355781e-07,1.89659375e-01
3.25395781e-07,1.89731250e-01
3.25435781e-07,1.89673438e-01
3.25475781e-07,1.89725000e-01
3.25515781e-07,1.89676563e-01
3.25555781e-07,1.89723438e-01
3.25595781e-07,1.89676563e-01
3.25635781e-07,1.89726563e-01
3.25675781e-07,1.89668750e-01
3.25715781e-07,1.89739062e-01
3.25755781e-07,1.89635938e-01
3.25795781e-07,1.89917188e-01
3.25835781e-07,1.90145312e-01
3.25875781e-07,1.90078125e-01
3.25915781e-07,1.90112500e-01
3.25955781e-07,1.90092188e-01
3.25995781e-07,1.90106250e-01
3.26035781e-07,1.90096875e-01
3.26075781e-07,1.90101563e-01
3.26115781e-07,1.90098437e-01
3.26155781e-07,1.90100000e-01
3.26195781e-07,1.90100000e-01
3.26235781e-07,1.90098437e-01
3.26275781e-07,1.90101563e-01
3.26315781e-07,1.90098437e-01
3.26355781e-07,1.90103125e-01
3.26395781e-07,1.90096875e-01
3.26435781e-07,1.90103125e-01
3.26475781e-07,1.90095313e-01
3.26515781e-07,1.90104688e-01
3.26555781e-07,1.90095313e-01
3.26595781e-07,1.90106250e-01
3.26635781e-07,1.90093750e-01
3.26675781e-07,1.90107813e-01
3.26715781e-07,1.90092188e-01
3.26755781e-07,1.90109375e-01
3.26795781e-07,1.90089063e-01
3.26835781e-07,1.90114063e-01
3.26875781e-07,1.90082813e-01
3.26915781e-07,1.90121875e-01
3.26955781e-07,1.90068750e-01
3.26995781e-07,1.90157812e-01
3.27035781e-07,1.89889063e-01
3.27075781e-07,1.89648438e-01
3.27115781e-07,1.89726563e-01
3.27155781e-07,1.89684375e-01
3.27195781e-07,1.89710938e-01
3.27235781e-07,1.89695313e-01
3.27275781e-07,1.89700000e-01
3.27315781e-07,1.89704687e-01
3.27355781e-07,1.89684375e-01
3.27395781e-07,1.89740625e-01
3.27435781e-07,1.89506250e-01
3.27475781e-07,1.89231250e-01
3.27515781e-07,1.89345313e-01
3.27555781e-07,1.89262500e-01
3.27595781e-07,1.89334375e-01
3.27635781e-07,1.89265625e-01
3.27675781e-07,1.89337500e-01
3.27715781e-07,1.89254688e-01
3.27755781e-07,1.89370312e-01
3.27795781e-07,1.89078125e-01
3.27835781e-07,1.88859375e-01
3.27875781e-07,1.88915625e-01
3.27915781e-07,1.88893750e-01
3.27955781e-07,1.88900000e-01
3.27995781e-07,1.88904688e-01
3.28035781e-07,1.88890625e-01
3.28075781e-07,1.88915625e-01
3.28115781e-07,1.88875000e-01
3.28155781e-07,1.88950000e-01
3.28195781e-07,1.88696875e-01
3.28235781e-07,1.88442187e-01
3.28275781e-07,1.88534375e-01
3.28315781e-07,1.88475000e-01
3.28355781e-07,1.88520313e-01
3.28395781e-07,1.88482813e-01
3.28435781e-07,1.88515625e-01
3.28475781e-07,1.88485938e-01
3.28515781e-07,1.88512500e-01
3.28555781e-07,1.88487500e-01
3.28595781e-07,1.88512500e-01
3.28635781e-07,1.88489062e-01
3.28675781e-07,1.88510938e-01
3.28715781e-07,1.88489062e-01
3.28755781e-07,1.88510938e-01
3.28795781e-07,1.88487500e-01
3.28835781e-07,1.88512500e-01
3.28875781e-07,1.88487500e-01
3.28915781e-07,1.88514062e-01
3.28955781e-07,1.88484375e-01
3.28995781e-07,1.88517188e-01
3.29035781e-07,1.88481250e-01
3.29075781e-07,1.88521875e-01
3.29115781e-07,1.88473438e-01
3.29155781e-07,1.88537500e-01
3.29195781e-07,1.88437500e-01
3.29235781e-07,1.88715625e-01
3.29275781e-07,1.88945313e-01
3.29315781e-07,1.88878125e-01
3.29355781e-07,1.88910938e-01
3.29395781e-07,1.88893750e-01
3.29435781e-07,1.88901563e-01
3.29475781e-07,1.88903125e-01
3.29515781e-07,1.88893750e-01
3.29555781e-07,1.88910938e-01
3.29595781e-07,1.88882812e-01
3.29635781e-07,1.88926563e-01
3.29675781e-07,1.88846875e-01
3.29715781e-07,1.89106250e-01
3.29755781e-07,1.89354688e-01
3.29795781e-07,1.89270313e-01
3.29835781e-07,1.89318750e-01
3.29875781e-07,1.89287500e-01
3.29915781e-07,1.89307813e-01
3.29955781e-07,1.89296875e-01
3.29995781e-07,1.89296875e-01
3.30035781e-07,1.89314063e-01
3.30075781e-07,1.89260938e-01
3.30115781e-07,1.89493750e-01
3.30155781e-07,1.89768750e-01
3.30195781e-07,1.89654688e-01
3.30235781e-07,1.89737500e-01
3.30275781e-07,1.89665625e-01
3.30315781e-07,1.89732813e-01
3.30355781e-07,1.89664063e-01
3.30395781e-07,1.89743750e-01
3.30435781e-07,1.89632812e-01
3.30475781e-07,1.89918750e-01
3.30515781e-07,1.90145312e-01
3.30555781e-07,1.90076563e-01
3.30595781e-07,1.90115625e-01
3.30635781e-07,1.90087500e-01
3.30675781e-07,1.90112500e-01
3.30715781e-07,1.90084375e-01
3.30755781e-07,1.90125000e-01
3.30795781e-07,1.90051562e-01
3.30835781e-07,1.90300000e-01
3.30875781e-07,1.90564063e-01
3.30915781e-07,1.90457813e-01
3.30955781e-07,1.90534375e-01
3.30995781e-07,1.90468750e-01
3.31035781e-07,1.90532813e-01
3.31075781e-07,1.90464063e-01
3.31115781e-07,1.90543750e-01
3.31155781e-07,1.90431250e-01
3.31195781e-07,1.90721875e-01
3.31235781e-07,1.90940625e-01
3.31275781e-07,1.90882812e-01
3.31315781e-07,1.90907812e-01
3.31355781e-07,1.90898438e-01
3.31395781e-07,1.90896875e-01
3.31435781e-07,1.90907812e-01
3.31475781e-07,1.90885938e-01
3.31515781e-07,1.90925000e-01
3.31555781e-07,1.90850000e-01
3.31595781e-07,1.91103125e-01
3.31635781e-07,1.91359375e-01
3.31675781e-07,1.91264062e-01
3.31715781e-07,1.91326563e-01
3.31755781e-07,1.91278125e-01
3.31795781e-07,1.91320313e-01
3.31835781e-07,1.91281250e-01
3.31875781e-07,1.91318750e-01
3.31915781e-07,1.91281250e-01
3.31955781e-07,1.91321875e-01
3.31995781e-07,1.91275000e-01
3.32035781e-07,1.91334375e-01
3.32075781e-07,1.91240625e-01
3.32115781e-07,1.91512500e-01
3.32155781e-07,1.91751563e-01
3.32195781e-07,1.91671875e-01
3.32235781e-07,1.91718750e-01
3.32275781e-07,1.91685938e-01
3.32315781e-07,1.91710938e-01
3.32355781e-07,1.91690625e-01
3.32395781e-07,1.91707813e-01
3.32435781e-07,1.91693750e-01
3.32475781e-07,1.91706250e-01
3.32515781e-07,1.91693750e-01
3.32555781e-07,1.91704687e-01
3.32595781e-07,1.91695313e-01
3.32635781e-07,1.91704687e-01
3.32675781e-07,1.91695313e-01
3.32715781e-07,1.91704687e-01
3.32755781e-07,1.91695313e-01
3.32795781e-07,1.91703125e-01
3.32835781e-07,1.91696875e-01
3.32875781e-07,1.91703125e-01
3.32915781e-07,1.91696875e-01
3.32955781e-07,1.91703125e-01
3.32995781e-07,1.91696875e-01
3.33035781e-07,1.91703125e-01
3.33075781e-07,1.91696875e-01
3.33115781e-07,1.91703125e-01
3.33155781e-07,1.91696875e-01
3.33195781e-07,1.91703125e-01
3.33235781e-07,1.91696875e-01
3.33275781e-07,1.91703125e-01
3.33315781e-07,1.91696875e-01
3.33355781e-07,1.91703125e-01
3.33395781e-07,1.91696875e-01
3.33435781e-07,1.91703125e-01
3.33475781e-07,1.91696875e-01
3.33515781e-07,1.91703125e-01
3.33555781e-07,1.91695313e-01
3.33595781e-07,1.91704687e-01
3.33635781e-07,1.91695313e-01
3.33675781e-07,1.91704687e-01
3.33715781e-07,1.91695313e-01
3.33755781e-07,1.91704687e-01
3.33795781e-07,1.91695313e-01
3.33835781e-07,1.91704687e-01
3.33875781e-07,1.91695313e-01
3.33915781e-07,1.91706250e-01
3.33955781e-07,1.91693750e-01
3.33995781e-07,1.91706250e-01
3.34035781e-07,1.91693750e-01
3.34075781e-07,1.91707813e-01
3.34115781e-07,1.91692187e-01
3.34155781e-07,1.91709375e-01
3.34195781e-07,1.91690625e-01
3.34235781e-07,1.91710938e-01
3.34275781e-07,1.91687500e-01
3.34315781e-07,1.91715625e-01
3.34355781e-07,1.91681250e-01
3.34395781e-07,1.91723438e-01
3.34435781e-07,1.91665625e-01
3.34475781e-07,1.91759375e-01
3.34515781e-07,1.91487500e-01
3.34555781e-07,1.91251562e-01
3.34595781e-07,1.91323437e-01
3.34635781e-07,1.91287500e-01
3.34675781e-07,1.91304688e-01
3.34715781e-07,1.91303125e-01
3.34755781e-07,1.91285938e-01
3.34795781e-07,1.91340625e-01
3.34835781e-07,1.91106250e-01
3.34875781e-07,1.90831250e-01
3.34915781e-07,1.90945313e-01
3.34955781e-07,1.90862500e-01
3.34995781e-07,1.90934375e-01
3.35035781e-07,1.90867188e-01
3.35075781e-07,1.90935938e-01
3.35115781e-07,1.90856250e-01
3.35155781e-07,1.90967187e-01
3.35195781e-07,1.90681250e-01
3.35235781e-07,1.90456250e-01
3.35275781e-07,1.90520313e-01
3.35315781e-07,1.90487500e-01
3.35355781e-07,1.90507813e-01
3.35395781e-07,1.90495313e-01
3.35435781e-07,1.90503125e-01
3.35475781e-07,1.90498438e-01
3.35515781e-07,1.90501562e-01
3.35555781e-07,1.90500000e-01
3.35595781e-07,1.90500000e-01
3.35635781e-07,1.90500000e-01
3.35675781e-07,1.90500000e-01
3.35715781e-07,1.90501562e-01
3.35755781e-07,1.90498438e-01
3.35795781e-07,1.90501562e-01
3.35835781e-07,1.90498438e-01
3.35875781e-07,1.90501562e-01
3.35915781e-07,1.90498438e-01
3.35955781e-07,1.90501562e-01
3.35995781e-07,1.90498438e-01
