Model,MSO66B
Label,
Waveform Type,ANALOG
Horizontal Units,s
Sample Interval,4.00000000e-11
Record Length,10000
Zero Index,1599.09375000
Vertical Units,A
ANALOG_Thumbnail,
yOffset,1.84500000e-01
yPosition,8.40000000e-01

Labels,
TIME,CH1
-6.39637500e-08,1.89235938e-01
-6.39237500e-08,1.89517188e-01
-6.38837500e-08,1.89745313e-01
-6.38437500e-08,1.89678125e-01
-6.38037500e-08,1.89712500e-01
-6.37637500e-08,1.89693750e-01
-6.37237500e-08,1.89703125e-01
-6.36837500e-08,1.89698438e-01
-6.36437500e-08,1.89700000e-01
-6.36037500e-08,1.89701563e-01
-6.35637500e-08,1.89696875e-01
-6.35237500e-08,1.89704687e-01
-6.34837500e-08,1.89693750e-01
-6.34437500e-08,1.89707813e-01
-6.34037500e-08,1.89690625e-01
-6.33637500e-08,1.89714063e-01
-6.33237500e-08,1.89681250e-01
-6.32837500e-08,1.89728125e-01
-6.32437500e-08,1.89646875e-01
-6.32037500e-08,1.89906250e-01
-6.31637500e-08,1.90156250e-01
-6.31237500e-08,1.90067188e-01
-6.30837500e-08,1.90123438e-01
-6.30437500e-08,1.90081250e-01
-6.30037500e-08,1.90115625e-01
-6.29637500e-08,1.90085937e-01
-6.29237500e-08,1.90112500e-01
-6.28837500e-08,1.90087500e-01
-6.28437500e-08,1.90112500e-01
-6.28037500e-08,1.90087500e-01
-6.27637500e-08,1.90114063e-01
-6.27237500e-08,1.90084375e-01
-6.26837500e-08,1.90117188e-01
-6.26437500e-08,1.90078125e-01
-6.26037500e-08,1.90131250e-01
-6.25637500e-08,1.90043750e-01
-6.25237500e-08,1.90309375e-01
-6.24837500e-08,1.90553125e-01
-6.24437500e-08,1.90470313e-01
-6.24037500e-08,1.90520313e-01
-6.23637500e-08,1.90484375e-01
-6.23237500e-08,1.90512500e-01
-6.22837500e-08,1.90489063e-01
-6.22437500e-08,1.90509375e-01
-6.22037500e-08,1.90490625e-01
-6.21637500e-08,1.90507813e-01
-6.21237500e-08,1.90492188e-01
-6.20837500e-08,1.90507813e-01
-6.20437500e-08,1.90493750e-01
-6.20037500e-08,1.90506250e-01
-6.19637500e-08,1.90493750e-01
-6.19237500e-08,1.90506250e-01
-6.18837500e-08,1.90493750e-01
-6.18437500e-08,1.90506250e-01
-6.18037500e-08,1.90493750e-01
-6.17637500e-08,1.90506250e-01
-6.17237500e-08,1.90493750e-01
-6.16837500e-08,1.90506250e-01
-6.16437500e-08,1.90493750e-01
-6.16037500e-08,1.90506250e-01
-6.15637500e-08,1.90493750e-01
-6.15237500e-08,1.90506250e-01
-6.14837500e-08,1.90493750e-01
-6.14437500e-08,1.90506250e-01
-6.14037500e-08,1.90493750e-01
-6.13637500e-08,1.90506250e-01
-6.13237500e-08,1.90493750e-01
-6.12837500e-08,1.90506250e-01
-6.12437500e-08,1.90492188e-01
-6.12037500e-08,1.90507813e-01
-6.11637500e-08,1.90492188e-01
-6.11237500e-08,1.90507813e-01
-6.10837500e-08,1.90490625e-01
-6.10437500e-08,1.90509375e-01
-6.10037500e-08,1.90489063e-01
-6.09637500e-08,1.90510938e-01
-6.09237500e-08,1.90487500e-01
-6.08837500e-08,1.90515625e-01
-6.08437500e-08,1.90481250e-01
-6.08037500e-08,1.90523438e-01
-6.07637500e-08,1.90467187e-01
-6.07237500e-08,1.90557813e-01
-6.06837500e-08,1.90289062e-01
-6.06437500e-08,1.90048438e-01
-6.06037500e-08,1.90128125e-01
-6.05637500e-08,1.90081250e-01
-6.05237500e-08,1.90112500e-01
-6.04837500e-08,1.90090625e-01
-6.04437500e-08,1.90107813e-01
-6.04037500e-08,1.90093750e-01
-6.03637500e-08,1.90106250e-01
-6.03237500e-08,1.90095313e-01
-6.02837500e-08,1.90104688e-01
-6.02437500e-08,1.90096875e-01
-6.02037500e-08,1.90103125e-01
-6.01637500e-08,1.90096875e-01
-6.01237500e-08,1.90101563e-01
-6.00837500e-08,1.90098437e-01
-6.00437500e-08,1.90101563e-01
-6.00037500e-08,1.90098437e-01
-5.99637500e-08,1.90101563e-01
-5.99237500e-08,1.90098437e-01
-5.98837500e-08,1.90101563e-01
-5.98437500e-08,1.90098437e-01
-5.98037500e-08,1.90101563e-01
-5.97637500e-08,1.90100000e-01
-5.97237500e-08,1.90100000e-01
-5.96837500e-08,1.90100000e-01
-5.96437500e-08,1.90100000e-01
-5.96037500e-08,1.90100000e-01
-5.95637500e-08,1.90100000e-01
-5.95237500e-08,1.90100000e-01
-5.94837500e-08,1.90100000e-01
-5.94437500e-08,1.90100000e-01
-5.94037500e-08,1.90101563e-01
-5.93637500e-08,1.90098437e-01
-5.93237500e-08,1.90101563e-01
-5.92837500e-08,1.90098437e-01
-5.92437500e-08,1.90101563e-01
-5.92037500e-08,1.90098437e-01
-5.91637500e-08,1.90103125e-01
-5.91237500e-08,1.90096875e-01
-5.90837500e-08,1.90103125e-01
-5.90437500e-08,1.90095313e-01
-5.90037500e-08,1.90106250e-01
-5.89637500e-08,1.90092188e-01
-5.89237500e-08,1.90110938e-01
-5.88837500e-08,1.90084375e-01
-5.88437500e-08,1.90125000e-01
-5.88037500e-08,1.90050000e-01
-5.87637500e-08,1.90303125e-01
-5.87237500e-08,1.90559375e-01
-5.86837500e-08,1.90464063e-01
-5.86437500e-08,1.90526562e-01
-5.86037500e-08,1.90478125e-01
-5.85637500e-08,1.90518750e-01
-5.85237500e-08,1.90482813e-01
-5.84837500e-08,1.90515625e-01
-5.84437500e-08,1.90484375e-01
-5.84037500e-08,1.90514062e-01
-5.83637500e-08,1.90485938e-01
-5.83237500e-08,1.90514062e-01
-5.82837500e-08,1.90485938e-01
-5.82437500e-08,1.90514062e-01
-5.82037500e-08,1.90485938e-01
-5.81637500e-08,1.90514062e-01
-5.81237500e-08,1.90485938e-01
-5.80837500e-08,1.90515625e-01
-5.80437500e-08,1.90484375e-01
-5.80037500e-08,1.90517188e-01
-5.79637500e-08,1.90481250e-01
-5.79237500e-08,1.90520313e-01
-5.78837500e-08,1.90476563e-01
-5.78437500e-08,1.90529688e-01
-5.78037500e-08,1.90460938e-01
-5.77637500e-08,1.90564063e-01
-5.77237500e-08,1.90282813e-01
-5.76837500e-08,1.90054688e-01
-5.76437500e-08,1.90121875e-01
-5.76037500e-08,1.90089063e-01
-5.75637500e-08,1.90106250e-01
-5.75237500e-08,1.90096875e-01
-5.74837500e-08,1.90101563e-01
-5.74437500e-08,1.90101563e-01
-5.74037500e-08,1.90098437e-01
-5.73637500e-08,1.90103125e-01
-5.73237500e-08,1.90095313e-01
-5.72837500e-08,1.90106250e-01
-5.72437500e-08,1.90093750e-01
-5.72037500e-08,1.90107813e-01
-5.71637500e-08,1.90090625e-01
-5.71237500e-08,1.90110938e-01
-5.70837500e-08,1.90087500e-01
-5.70437500e-08,1.90115625e-01
-5.70037500e-08,1.90081250e-01
-5.69637500e-08,1.90123438e-01
-5.69237500e-08,1.90065625e-01
-5.68837500e-08,1.90159375e-01
-5.68437500e-08,1.89887500e-01
-5.68037500e-08,1.89650000e-01
-5.67637500e-08,1.89725000e-01
-5.67237500e-08,1.89684375e-01
-5.66837500e-08,1.89709375e-01
-5.66437500e-08,1.89693750e-01
-5.66037500e-08,1.89704687e-01
-5.65637500e-08,1.89698438e-01
-5.65237500e-08,1.89700000e-01
-5.64837500e-08,1.89701563e-01
-5.64437500e-08,1.89696875e-01
-5.64037500e-08,1.89704687e-01
-5.63637500e-08,1.89693750e-01
-5.63237500e-08,1.89707813e-01
-5.62837500e-08,1.89689063e-01
-5.62437500e-08,1.89714063e-01
-5.62037500e-08,1.89681250e-01
-5.61637500e-08,1.89729688e-01
-5.61237500e-08,1.89645312e-01
-5.60837500e-08,1.89907812e-01
-5.60437500e-08,1.90154688e-01
-5.60037500e-08,1.90070313e-01
-5.59637500e-08,1.90120312e-01
-5.59237500e-08,1.90084375e-01
-5.58837500e-08,1.90112500e-01
-5.58437500e-08,1.90090625e-01
-5.58037500e-08,1.90107813e-01
-5.57637500e-08,1.90093750e-01
-5.57237500e-08,1.90104688e-01
-5.56837500e-08,1.90095313e-01
-5.56437500e-08,1.90103125e-01
-5.56037500e-08,1.90096875e-01
-5.55637500e-08,1.90103125e-01
-5.55237500e-08,1.90098437e-01
-5.54837500e-08,1.90101563e-01
-5.54437500e-08,1.90098437e-01
-5.54037500e-08,1.90100000e-01
-5.53637500e-08,1.90100000e-01
-5.53237500e-08,1.90100000e-01
-5.52837500e-08,1.90101563e-01
-5.52437500e-08,1.90098437e-01
-5.52037500e-08,1.90101563e-01
-5.51637500e-08,1.90098437e-01
-5.51237500e-08,1.90103125e-01
-5.50837500e-08,1.90096875e-01
-5.50437500e-08,1.90103125e-01
-5.50037500e-08,1.90095313e-01
-5.49637500e-08,1.90104688e-01
-5.49237500e-08,1.90095313e-01
-5.48837500e-08,1.90106250e-01
-5.48437500e-08,1.90093750e-01
-5.48037500e-08,1.90107813e-01
-5.47637500e-08,1.90090625e-01
-5.47237500e-08,1.90109375e-01
-5.46837500e-08,1.90087500e-01
-5.46437500e-08,1.90114063e-01
-5.46037500e-08,1.90082813e-01
-5.45637500e-08,1.90123438e-01
-5.45237500e-08,1.90067188e-01
-5.44837500e-08,1.90157812e-01
-5.44437500e-08,1.89889063e-01
-5.44037500e-08,1.89650000e-01
-5.43637500e-08,1.89726563e-01
-5.43237500e-08,1.89682813e-01
-5.42837500e-08,1.89710938e-01
-5.42437500e-08,1.89692187e-01
-5.42037500e-08,1.89704687e-01
-5.41637500e-08,1.89696875e-01
-5.41237500e-08,1.89700000e-01
-5.40837500e-08,1.89701563e-01
-5.40437500e-08,1.89696875e-01
-5.40037500e-08,1.89704687e-01
-5.39637500e-08,1.89692187e-01
-5.39237500e-08,1.89710938e-01
-5.38837500e-08,1.89682813e-01
-5.38437500e-08,1.89728125e-01
-5.38037500e-08,1.89646875e-01
-5.37637500e-08,1.89906250e-01
-5.37237500e-08,1.90156250e-01
-5.36837500e-08,1.90068750e-01
-5.36437500e-08,1.90121875e-01
-5.36037500e-08,1.90082813e-01
-5.35637500e-08,1.90112500e-01
-5.35237500e-08,1.90089063e-01
-5.34837500e-08,1.90109375e-01
-5.34437500e-08,1.90092188e-01
-5.34037500e-08,1.90106250e-01
-5.33637500e-08,1.90095313e-01
-5.33237500e-08,1.90104688e-01
-5.32837500e-08,1.90096875e-01
-5.32437500e-08,1.90103125e-01
-5.32037500e-08,1.90098437e-01
-5.31637500e-08,1.90101563e-01
-5.31237500e-08,1.90100000e-01
-5.30837500e-08,1.90100000e-01
-5.30437500e-08,1.90101563e-01
-5.30037500e-08,1.90096875e-01
-5.29637500e-08,1.90103125e-01
-5.29237500e-08,1.90095313e-01
-5.28837500e-08,1.90106250e-01
-5.28437500e-08,1.90092188e-01
-5.28037500e-08,1.90110938e-01
-5.27637500e-08,1.90085937e-01
-5.27237500e-08,1.90120312e-01
-5.26837500e-08,1.90070313e-01
-5.26437500e-08,1.90156250e-01
-5.26037500e-08,1.89890625e-01
-5.25637500e-08,1.89648438e-01
-5.25237500e-08,1.89728125e-01
-5.24837500e-08,1.89682813e-01
-5.24437500e-08,1.89710938e-01
-5.24037500e-08,1.89693750e-01
-5.23637500e-08,1.89703125e-01
-5.23237500e-08,1.89701563e-01
-5.22837500e-08,1.89695313e-01
-5.22437500e-08,1.89710938e-01
-5.22037500e-08,1.89678125e-01
-5.21637500e-08,1.89748438e-01
-5.21237500e-08,1.89498438e-01
-5.20837500e-08,1.89240625e-01
-5.20437500e-08,1.89334375e-01
-5.20037500e-08,1.89276562e-01
-5.19637500e-08,1.89317188e-01
-5.19237500e-08,1.89285938e-01
-5.18837500e-08,1.89309375e-01
-5.18437500e-08,1.89293750e-01
-5.18037500e-08,1.89301563e-01
-5.17637500e-08,1.89304688e-01
-5.17237500e-08,1.89285938e-01
-5.16837500e-08,1.89340625e-01
-5.16437500e-08,1.89106250e-01
-5.16037500e-08,1.88832813e-01
-5.15637500e-08,1.88943750e-01
-5.15237500e-08,1.88865625e-01
-5.14837500e-08,1.88928125e-01
-5.14437500e-08,1.88875000e-01
-5.14037500e-08,1.88923438e-01
-5.13637500e-08,1.88878125e-01
-5.13237500e-08,1.88920313e-01
-5.12837500e-08,1.88881250e-01
-5.12437500e-08,1.88918750e-01
-5.12037500e-08,1.88882812e-01
-5.11637500e-08,1.88917188e-01
-5.11237500e-08,1.88882812e-01
-5.10837500e-08,1.88917188e-01
-5.10437500e-08,1.88884375e-01
-5.10037500e-08,1.88915625e-01
-5.09637500e-08,1.88884375e-01
-5.09237500e-08,1.88915625e-01
-5.08837500e-08,1.88884375e-01
-5.08437500e-08,1.88915625e-01
-5.08037500e-08,1.88882812e-01
-5.07637500e-08,1.88917188e-01
-5.07237500e-08,1.88882812e-01
-5.06837500e-08,1.88917188e-01
-5.06437500e-08,1.88881250e-01
-5.06037500e-08,1.88918750e-01
-5.05637500e-08,1.88879688e-01
-5.05237500e-08,1.88921875e-01
-5.04837500e-08,1.88876563e-01
-5.04437500e-08,1.88926563e-01
-5.04037500e-08,1.88867188e-01
-5.03637500e-08,1.88942187e-01
-5.03237500e-08,1.88832813e-01
-5.02837500e-08,1.89120312e-01
-5.02437500e-08,1.89340625e-01
-5.02037500e-08,1.89282813e-01
-5.01637500e-08,1.89306250e-01
-5.01237500e-08,1.89300000e-01
-5.00837500e-08,1.89296875e-01
-5.00437500e-08,1.89307813e-01
-5.00037500e-08,1.89289062e-01
-4.99637500e-08,1.89315625e-01
-4.99237500e-08,1.89278125e-01
-4.98837500e-08,1.89332813e-01
-4.98437500e-08,1.89242188e-01
-4.98037500e-08,1.89512500e-01
-4.97637500e-08,1.89750000e-01
-4.97237500e-08,1.89675000e-01
-4.96837500e-08,1.89714063e-01
-4.96437500e-08,1.89692187e-01
-4.96037500e-08,1.89703125e-01
-4.95637500e-08,1.89703125e-01
-4.95237500e-08,1.89690625e-01
-4.94837500e-08,1.89720313e-01
-4.94437500e-08,1.89654688e-01
-4.94037500e-08,1.89898438e-01
-4.93637500e-08,1.90162500e-01
-4.93237500e-08,1.90060937e-01
-4.92837500e-08,1.90129688e-01
-4.92437500e-08,1.90076563e-01
-4.92037500e-08,1.90121875e-01
-4.91637500e-08,1.90081250e-01
-4.91237500e-08,1.90118750e-01
-4.90837500e-08,1.90082813e-01
-4.90437500e-08,1.90117188e-01
-4.90037500e-08,1.90082813e-01
-4.89637500e-08,1.90118750e-01
-4.89237500e-08,1.90079688e-01
-4.88837500e-08,1.90123438e-01
-4.88437500e-08,1.90071875e-01
-4.88037500e-08,1.90137500e-01
-4.87637500e-08,1.90039062e-01
-4.87237500e-08,1.90314063e-01
-4.86837500e-08,1.90548438e-01
-4.86437500e-08,1.90475000e-01
-4.86037500e-08,1.90515625e-01
-4.85637500e-08,1.90489063e-01
-4.85237500e-08,1.90507813e-01
-4.84837500e-08,1.90495313e-01
-4.84437500e-08,1.90503125e-01
-4.84037500e-08,1.90496875e-01
-4.83637500e-08,1.90501562e-01
-4.83237500e-08,1.90500000e-01
-4.82837500e-08,1.90500000e-01
-4.82437500e-08,1.90501562e-01
-4.82037500e-08,1.90498438e-01
-4.81637500e-08,1.90503125e-01
-4.81237500e-08,1.90495313e-01
-4.80837500e-08,1.90506250e-01
-4.80437500e-08,1.90492188e-01
-4.80037500e-08,1.90509375e-01
-4.79637500e-08,1.90487500e-01
-4.79237500e-08,1.90517188e-01
-4.78837500e-08,1.90473438e-01
-4.78437500e-08,1.90551562e-01
-4.78037500e-08,1.90295313e-01
-4.77637500e-08,1.90043750e-01
-4.77237500e-08,1.90132812e-01
-4.76837500e-08,1.90076563e-01
-4.76437500e-08,1.90118750e-01
-4.76037500e-08,1.90084375e-01
-4.75637500e-08,1.90114063e-01
-4.75237500e-08,1.90087500e-01
-4.74837500e-08,1.90110938e-01
-4.74437500e-08,1.90090625e-01
-4.74037500e-08,1.90109375e-01
-4.73637500e-08,1.90090625e-01
-4.73237500e-08,1.90107813e-01
-4.72837500e-08,1.90092188e-01
-4.72437500e-08,1.90107813e-01
-4.72037500e-08,1.90092188e-01
-4.71637500e-08,1.90107813e-01
-4.71237500e-08,1.90093750e-01
-4.70837500e-08,1.90106250e-01
-4.70437500e-08,1.90093750e-01
-4.70037500e-08,1.90106250e-01
-4.69637500e-08,1.90093750e-01
-4.69237500e-08,1.90106250e-01
-4.68837500e-08,1.90093750e-01
-4.68437500e-08,1.90106250e-01
-4.68037500e-08,1.90093750e-01
-4.67637500e-08,1.90106250e-01
-4.67237500e-08,1.90092188e-01
-4.66837500e-08,1.90107813e-01
-4.66437500e-08,1.90092188e-01
-4.66037500e-08,1.90107813e-01
-4.65637500e-08,1.90092188e-01
-4.65237500e-08,1.90109375e-01
-4.64837500e-08,1.90090625e-01
-4.64437500e-08,1.90110938e-01
-4.64037500e-08,1.90087500e-01
-4.63637500e-08,1.90114063e-01
-4.63237500e-08,1.90082813e-01
-4.62837500e-08,1.90121875e-01
-4.62437500e-08,1.90068750e-01
-4.62037500e-08,1.90156250e-01
-4.61637500e-08,1.89890625e-01
-4.61237500e-08,1.89646875e-01
-4.60837500e-08,1.89729688e-01
-4.60437500e-08,1.89679687e-01
-4.60037500e-08,1.89715625e-01
-4.59637500e-08,1.89687500e-01
-4.59237500e-08,1.89710938e-01
-4.58837500e-08,1.89689063e-01
-4.58437500e-08,1.89709375e-01
-4.58037500e-08,1.89690625e-01
-4.57637500e-08,1.89709375e-01
-4.57237500e-08,1.89690625e-01
-4.56837500e-08,1.89709375e-01
-4.56437500e-08,1.89690625e-01
-4.56037500e-08,1.89710938e-01
-4.55637500e-08,1.89687500e-01
-4.55237500e-08,1.89714063e-01
-4.54837500e-08,1.89682813e-01
-4.54437500e-08,1.89721875e-01
-4.54037500e-08,1.89668750e-01
-4.53637500e-08,1.89756250e-01
-4.53237500e-08,1.89492188e-01
-4.52837500e-08,1.89246875e-01
-4.52437500e-08,1.89329688e-01
-4.52037500e-08,1.89279688e-01
-4.51637500e-08,1.89315625e-01
-4.51237500e-08,1.89287500e-01
-4.50837500e-08,1.89310937e-01
-4.50437500e-08,1.89290625e-01
-4.50037500e-08,1.89309375e-01
-4.49637500e-08,1.89292188e-01
-4.49237500e-08,1.89307813e-01
-4.48837500e-08,1.89293750e-01
-4.48437500e-08,1.89306250e-01
-4.48037500e-08,1.89293750e-01
-4.47637500e-08,1.89306250e-01
-4.47237500e-08,1.89295313e-01
-4.46837500e-08,1.89304688e-01
-4.46437500e-08,1.89295313e-01
-4.46037500e-08,1.89304688e-01
-4.45637500e-08,1.89295313e-01
-4.45237500e-08,1.89304688e-01
-4.44837500e-08,1.89295313e-01
-4.44437500e-08,1.89304688e-01
-4.44037500e-08,1.89295313e-01
-4.43637500e-08,1.89304688e-01
-4.43237500e-08,1.89295313e-01
-4.42837500e-08,1.89304688e-01
-4.42437500e-08,1.89295313e-01
-4.42037500e-08,1.89304688e-01
-4.41637500e-08,1.89295313e-01
-4.41237500e-08,1.89304688e-01
-4.40837500e-08,1.89295313e-01
-4.40437500e-08,1.89306250e-01
-4.40037500e-08,1.89293750e-01
-4.39637500e-08,1.89306250e-01
-4.39237500e-08,1.89292188e-01
-4.38837500e-08,1.89309375e-01
-4.38437500e-08,1.89289062e-01
-4.38037500e-08,1.89312500e-01
-4.37637500e-08,1.89282813e-01
-4.37237500e-08,1.89326563e-01
-4.36837500e-08,1.89248438e-01
-4.36437500e-08,1.89503125e-01
-4.36037500e-08,1.89759375e-01
-4.35637500e-08,1.89662500e-01
-4.35237500e-08,1.89729688e-01
-4.34837500e-08,1.89673438e-01
-4.34437500e-08,1.89728125e-01
-4.34037500e-08,1.89668750e-01
-4.33637500e-08,1.89739062e-01
-4.33237500e-08,1.89635938e-01
-4.32837500e-08,1.89915625e-01
-4.32437500e-08,1.90146875e-01
-4.32037500e-08,1.90078125e-01
-4.31637500e-08,1.90112500e-01
-4.31237500e-08,1.90093750e-01
-4.30837500e-08,1.90101563e-01
-4.30437500e-08,1.90103125e-01
-4.30037500e-08,1.90092188e-01
-4.29637500e-08,1.90118750e-01
-4.29237500e-08,1.90056250e-01
-4.28837500e-08,1.90296875e-01
-4.28437500e-08,1.90565625e-01
-4.28037500e-08,1.90457813e-01
-4.27637500e-08,1.90532813e-01
-4.27237500e-08,1.90470313e-01
-4.26837500e-08,1.90528125e-01
-4.26437500e-08,1.90473438e-01
-4.26037500e-08,1.90528125e-01
-4.25637500e-08,1.90467187e-01
-4.25237500e-08,1.90540625e-01
-4.24837500e-08,1.90434375e-01
-4.24437500e-08,1.90717187e-01
-4.24037500e-08,1.90945313e-01
-4.23637500e-08,1.90878125e-01
-4.23237500e-08,1.90912500e-01
-4.22837500e-08,1.90892188e-01
-4.22437500e-08,1.90904688e-01
-4.22037500e-08,1.90896875e-01
-4.21637500e-08,1.90901563e-01
-4.21237500e-08,1.90898438e-01
-4.20837500e-08,1.90900000e-01
-4.20437500e-08,1.90900000e-01
-4.20037500e-08,1.90900000e-01
-4.19637500e-08,1.90900000e-01
-4.19237500e-08,1.90900000e-01
-4.18837500e-08,1.90901563e-01
-4.18437500e-08,1.90898438e-01
-4.18037500e-08,1.90901563e-01
-4.17637500e-08,1.90898438e-01
-4.17237500e-08,1.90901563e-01
-4.16837500e-08,1.90898438e-01
-4.16437500e-08,1.90901563e-01
-4.16037500e-08,1.90898438e-01
-4.15637500e-08,1.90901563e-01
-4.15237500e-08,1.90898438e-01
-4.14837500e-08,1.90901563e-01
-4.14437500e-08,1.90898438e-01
-4.14037500e-08,1.90901563e-01
-4.13637500e-08,1.90898438e-01
-4.13237500e-08,1.90901563e-01
-4.12837500e-08,1.90898438e-01
-4.12437500e-08,1.90901563e-01
-4.12037500e-08,1.90898438e-01
-4.11637500e-08,1.90901563e-01
-4.11237500e-08,1.90898438e-01
-4.10837500e-08,1.90901563e-01
-4.10437500e-08,1.90898438e-01
-4.10037500e-08,1.90901563e-01
-4.09637500e-08,1.90898438e-01
-4.09237500e-08,1.90901563e-01
-4.08837500e-08,1.90898438e-01
-4.08437500e-08,1.90901563e-01
-4.08037500e-08,1.90898438e-01
-4.07637500e-08,1.90901563e-01
-4.07237500e-08,1.90898438e-01
-4.06837500e-08,1.90901563e-01
-4.06437500e-08,1.90898438e-01
-4.06037500e-08,1.90901563e-01
-4.05637500e-08,1.90898438e-01
-4.05237500e-08,1.90901563e-01
-4.04837500e-08,1.90900000e-01
-4.04437500e-08,1.90900000e-01
-4.04037500e-08,1.90900000e-01
-4.03637500e-08,1.90900000e-01
-4.03237500e-08,1.90900000e-01
-4.02837500e-08,1.90898438e-01
-4.02437500e-08,1.90901563e-01
-4.02037500e-08,1.90896875e-01
-4.01637500e-08,1.90903125e-01
-4.01237500e-08,1.90895312e-01
-4.00837500e-08,1.90906250e-01
-4.00437500e-08,1.90890625e-01
-4.00037500e-08,1.90914063e-01
-3.99637500e-08,1.90875000e-01
-3.99237500e-08,1.90948438e-01
-3.98837500e-08,1.90698438e-01
-3.98437500e-08,1.90439063e-01
-3.98037500e-08,1.90535938e-01
-3.97637500e-08,1.90473438e-01
-3.97237500e-08,1.90521875e-01
-3.96837500e-08,1.90481250e-01
-3.96437500e-08,1.90517188e-01
-3.96037500e-08,1.90484375e-01
-3.95637500e-08,1.90515625e-01
-3.95237500e-08,1.90485938e-01
-3.94837500e-08,1.90514062e-01
-3.94437500e-08,1.90485938e-01
-3.94037500e-08,1.90514062e-01
-3.93637500e-08,1.90485938e-01
-3.93237500e-08,1.90514062e-01
-3.92837500e-08,1.90485938e-01
-3.92437500e-08,1.90514062e-01
-3.92037500e-08,1.90485938e-01
-3.91637500e-08,1.90514062e-01
-3.91237500e-08,1.90485938e-01
-3.90837500e-08,1.90514062e-01
-3.90437500e-08,1.90484375e-01
-3.90037500e-08,1.90515625e-01
-3.89637500e-08,1.90484375e-01
-3.89237500e-08,1.90517188e-01
-3.88837500e-08,1.90481250e-01
-3.88437500e-08,1.90520313e-01
-3.88037500e-08,1.90478125e-01
-3.87637500e-08,1.90525000e-01
-3.87237500e-08,1.90468750e-01
-3.86837500e-08,1.90540625e-01
-3.86437500e-08,1.90434375e-01
-3.86037500e-08,1.90718750e-01
-3.85637500e-08,1.90942187e-01
-3.85237500e-08,1.90881250e-01
-3.84837500e-08,1.90909375e-01
-3.84437500e-08,1.90896875e-01
-3.84037500e-08,1.90900000e-01
-3.83637500e-08,1.90903125e-01
-3.83237500e-08,1.90895312e-01
-3.82837500e-08,1.90906250e-01
-3.82437500e-08,1.90892188e-01
-3.82037500e-08,1.90910938e-01
-3.81637500e-08,1.90887500e-01
-3.81237500e-08,1.90914063e-01
-3.80837500e-08,1.90882812e-01
-3.80437500e-08,1.90921875e-01
-3.80037500e-08,1.90873438e-01
-3.79637500e-08,1.90937500e-01
-3.79237500e-08,1.90835937e-01
-3.78837500e-08,1.91117188e-01
-3.78437500e-08,1.91343750e-01
-3.78037500e-08,1.91281250e-01
-3.77637500e-08,1.91306250e-01
-3.77237500e-08,1.91300000e-01
-3.76837500e-08,1.91293750e-01
-3.76437500e-08,1.91314062e-01
-3.76037500e-08,1.91273438e-01
-3.75637500e-08,1.91351563e-01
-3.75237500e-08,1.91093750e-01
-3.74837500e-08,1.90845313e-01
-3.74437500e-08,1.90929688e-01
-3.74037500e-08,1.90881250e-01
-3.73637500e-08,1.90912500e-01
-3.73237500e-08,1.90892188e-01
-3.72837500e-08,1.90904688e-01
-3.72437500e-08,1.90898438e-01
-3.72037500e-08,1.90898438e-01
-3.71637500e-08,1.90904688e-01
-3.71237500e-08,1.90892188e-01
-3.70837500e-08,1.90914063e-01
-3.70437500e-08,1.90875000e-01
-3.70037500e-08,1.90951563e-01
-3.69637500e-08,1.90695313e-01
-3.69237500e-08,1.90443750e-01
-3.68837500e-08,1.90531250e-01
-3.68437500e-08,1.90479687e-01
-3.68037500e-08,1.90514062e-01
-3.67637500e-08,1.90492188e-01
-3.67237500e-08,1.90503125e-01
-3.66837500e-08,1.90503125e-01
-3.66437500e-08,1.90485938e-01
-3.66037500e-08,1.90539062e-01
-3.65637500e-08,1.90306250e-01
-3.65237500e-08,1.90031250e-01
-3.64837500e-08,1.90143750e-01
-3.64437500e-08,1.90065625e-01
-3.64037500e-08,1.90129688e-01
-3.63637500e-08,1.90071875e-01
-3.63237500e-08,1.90126563e-01
-3.62837500e-08,1.90073437e-01
-3.62437500e-08,1.90126563e-01
-3.62037500e-08,1.90071875e-01
-3.61637500e-08,1.90132812e-01
-3.61237500e-08,1.90059375e-01
-3.60837500e-08,1.90165625e-01
-3.60437500e-08,1.89881250e-01
-3.60037500e-08,1.89654688e-01
-3.59637500e-08,1.89721875e-01
-3.59237500e-08,1.89687500e-01
-3.58837500e-08,1.89707813e-01
-3.58437500e-08,1.89695313e-01
-3.58037500e-08,1.89703125e-01
-3.57637500e-08,1.89696875e-01
-3.57237500e-08,1.89701563e-01
-3.56837500e-08,1.89698438e-01
-3.56437500e-08,1.89701563e-01
-3.56037500e-08,1.89700000e-01
-3.55637500e-08,1.89700000e-01
-3.55237500e-08,1.89700000e-01
-3.54837500e-08,1.89700000e-01
-3.54437500e-08,1.89700000e-01
-3.54037500e-08,1.89700000e-01
-3.53637500e-08,1.89700000e-01
-3.53237500e-08,1.89700000e-01
-3.52837500e-08,1.89700000e-01
-3.52437500e-08,1.89700000e-01
-3.52037500e-08,1.89700000e-01
-3.51637500e-08,1.89700000e-01
-3.51237500e-08,1.89698438e-01
-3.50837500e-08,1.89701563e-01
-3.50437500e-08,1.89698438e-01
-3.50037500e-08,1.89701563e-01
-3.49637500e-08,1.89698438e-01
-3.49237500e-08,1.89703125e-01
-3.48837500e-08,1.89696875e-01
-3.48437500e-08,1.89704687e-01
-3.48037500e-08,1.89695313e-01
-3.47637500e-08,1.89706250e-01
-3.47237500e-08,1.89692187e-01
-3.46837500e-08,1.89710938e-01
-3.46437500e-08,1.89682813e-01
-3.46037500e-08,1.89726563e-01
-3.45637500e-08,1.89648438e-01
-3.45237500e-08,1.89904688e-01
-3.44837500e-08,1.90157812e-01
-3.44437500e-08,1.90065625e-01
-3.44037500e-08,1.90125000e-01
-3.43637500e-08,1.90079688e-01
-3.43237500e-08,1.90117188e-01
-3.42837500e-08,1.90084375e-01
-3.42437500e-08,1.90114063e-01
-3.42037500e-08,1.90085937e-01
-3.41637500e-08,1.90114063e-01
-3.41237500e-08,1.90085937e-01
-3.40837500e-08,1.90114063e-01
-3.40437500e-08,1.90085937e-01
-3.40037500e-08,1.90114063e-01
-3.39637500e-08,1.90084375e-01
-3.39237500e-08,1.90115625e-01
-3.38837500e-08,1.90082813e-01
-3.38437500e-08,1.90120312e-01
-3.38037500e-08,1.90075000e-01
-3.37637500e-08,1.90134375e-01
-3.37237500e-08,1.90040625e-01
-3.36837500e-08,1.90312500e-01
-3.36437500e-08,1.90550000e-01
-3.36037500e-08,1.90473438e-01
-3.35637500e-08,1.90517188e-01
-3.35237500e-08,1.90487500e-01
-3.34837500e-08,1.90509375e-01
-3.34437500e-08,1.90493750e-01
-3.34037500e-08,1.90506250e-01
-3.33637500e-08,1.90495313e-01
-3.33237500e-08,1.90503125e-01
-3.32837500e-08,1.90496875e-01
-3.32437500e-08,1.90503125e-01
-3.32037500e-08,1.90498438e-01
-3.31637500e-08,1.90501562e-01
-3.31237500e-08,1.90498438e-01
-3.30837500e-08,1.90501562e-01
-3.30437500e-08,1.90500000e-01
-3.30037500e-08,1.90500000e-01
-3.29637500e-08,1.90500000e-01
-3.29237500e-08,1.90500000e-01
-3.28837500e-08,1.90500000e-01
-3.28437500e-08,1.90498438e-01
-3.28037500e-08,1.90501562e-01
-3.27637500e-08,1.90498438e-01
-3.27237500e-08,1.90501562e-01
-3.26837500e-08,1.90496875e-01
-3.26437500e-08,1.90503125e-01
-3.26037500e-08,1.90495313e-01
-3.25637500e-08,1.90504688e-01
-3.25237500e-08,1.90493750e-01
-3.24837500e-08,1.90507813e-01
-3.24437500e-08,1.90489063e-01
-3.24037500e-08,1.90515625e-01
-3.23637500e-08,1.90475000e-01
-3.23237500e-08,1.90550000e-01
-3.22837500e-08,1.90296875e-01
-3.22437500e-08,1.90040625e-01
-3.22037500e-08,1.90135938e-01
-3.21637500e-08,1.90071875e-01
-3.21237500e-08,1.90123438e-01
-3.20837500e-08,1.90078125e-01
-3.20437500e-08,1.90120312e-01
-3.20037500e-08,1.90079688e-01
-3.19637500e-08,1.90121875e-01
-3.19237500e-08,1.90076563e-01
-3.18837500e-08,1.90128125e-01
-3.18437500e-08,1.90062500e-01
-3.18037500e-08,1.90160938e-01
-3.17637500e-08,1.89885938e-01
-3.17237500e-08,1.89651563e-01
-3.16837500e-08,1.89725000e-01
-3.16437500e-08,1.89684375e-01
-3.16037500e-08,1.89710938e-01
-3.15637500e-08,1.89692187e-01
-3.15237500e-08,1.89706250e-01
-3.14837500e-08,1.89695313e-01
-3.14437500e-08,1.89703125e-01
-3.14037500e-08,1.89696875e-01
-3.13637500e-08,1.89701563e-01
-3.13237500e-08,1.89698438e-01
-3.12837500e-08,1.89701563e-01
-3.12437500e-08,1.89700000e-01
-3.12037500e-08,1.89700000e-01
-3.11637500e-08,1.89700000e-01
-3.11237500e-08,1.89700000e-01
-3.10837500e-08,1.89701563e-01
-3.10437500e-08,1.89698438e-01
-3.10037500e-08,1.89701563e-01
-3.09637500e-08,1.89698438e-01
-3.09237500e-08,1.89703125e-01
-3.08837500e-08,1.89696875e-01
-3.08437500e-08,1.89703125e-01
-3.08037500e-08,1.89696875e-01
-3.07637500e-08,1.89704687e-01
-3.07237500e-08,1.89695313e-01
-3.06837500e-08,1.89706250e-01
-3.06437500e-08,1.89692187e-01
-3.06037500e-08,1.89709375e-01
-3.05637500e-08,1.89689063e-01
-3.05237500e-08,1.89714063e-01
-3.04837500e-08,1.89681250e-01
-3.04437500e-08,1.89729688e-01
-3.04037500e-08,1.89645312e-01
-3.03637500e-08,1.89907812e-01
-3.03237500e-08,1.90154688e-01
-3.02837500e-08,1.90068750e-01
-3.02437500e-08,1.90121875e-01
-3.02037500e-08,1.90084375e-01
-3.01637500e-08,1.90112500e-01
-3.01237500e-08,1.90089063e-01
-3.00837500e-08,1.90109375e-01
-3.00437500e-08,1.90092188e-01
-3.00037500e-08,1.90106250e-01
-2.99637500e-08,1.90095313e-01
-2.99237500e-08,1.90101563e-01
-2.98837500e-08,1.90101563e-01
-2.98437500e-08,1.90093750e-01
-2.98037500e-08,1.90114063e-01
-2.97637500e-08,1.90060937e-01
-2.97237500e-08,1.90290625e-01
-2.96837500e-08,1.90573437e-01
-2.96437500e-08,1.90446875e-01
-2.96037500e-08,1.90548438e-01
-2.95637500e-08,1.90446875e-01
-2.95237500e-08,1.90575000e-01
-2.94837500e-08,1.90273438e-01
-2.94437500e-08,1.90064063e-01
-2.94037500e-08,1.90114063e-01
-2.93637500e-08,1.90095313e-01
-2.93237500e-08,1.90100000e-01
-2.92837500e-08,1.90103125e-01
-2.92437500e-08,1.90095313e-01
-2.92037500e-08,1.90106250e-01
-2.91637500e-08,1.90092188e-01
-2.91237500e-08,1.90110938e-01
-2.90837500e-08,1.90087500e-01
-2.90437500e-08,1.90114063e-01
-2.90037500e-08,1.90081250e-01
-2.89637500e-08,1.90123438e-01
-2.89237500e-08,1.90065625e-01
-2.88837500e-08,1.90159375e-01
-2.88437500e-08,1.89887500e-01
-2.88037500e-08,1.89651563e-01
-2.87637500e-08,1.89725000e-01
-2.87237500e-08,1.89685938e-01
-2.86837500e-08,1.89707813e-01
-2.86437500e-08,1.89695313e-01
-2.86037500e-08,1.89701563e-01
-2.85637500e-08,1.89703125e-01
-2.85237500e-08,1.89693750e-01
-2.84837500e-08,1.89712500e-01
-2.84437500e-08,1.89676563e-01
-2.84037500e-08,1.89748438e-01
-2.83637500e-08,1.89498438e-01
-2.83237500e-08,1.89240625e-01
-2.82837500e-08,1.89335937e-01
-2.82437500e-08,1.89273438e-01
-2.82037500e-08,1.89320313e-01
-2.81637500e-08,1.89282813e-01
-2.81237500e-08,1.89315625e-01
-2.80837500e-08,1.89285938e-01
-2.80437500e-08,1.89312500e-01
-2.80037500e-08,1.89289062e-01
-2.79637500e-08,1.89310937e-01
-2.79237500e-08,1.89289062e-01
-2.78837500e-08,1.89309375e-01
-2.78437500e-08,1.89290625e-01
-2.78037500e-08,1.89309375e-01
-2.77637500e-08,1.89290625e-01
-2.77237500e-08,1.89309375e-01
-2.76837500e-08,1.89292188e-01
-2.76437500e-08,1.89307813e-01
-2.76037500e-08,1.89292188e-01
-2.75637500e-08,1.89307813e-01
-2.75237500e-08,1.89290625e-01
-2.74837500e-08,1.89309375e-01
-2.74437500e-08,1.89290625e-01
-2.74037500e-08,1.89309375e-01
-2.73637500e-08,1.89289062e-01
-2.73237500e-08,1.89312500e-01
-2.72837500e-08,1.89285938e-01
-2.72437500e-08,1.89315625e-01
-2.72037500e-08,1.89279688e-01
-2.71637500e-08,1.89329688e-01
-2.71237500e-08,1.89245313e-01
-2.70837500e-08,1.89507813e-01
-2.70437500e-08,1.89754688e-01
-2.70037500e-08,1.89667188e-01
-2.69637500e-08,1.89723438e-01
-2.69237500e-08,1.89681250e-01
-2.68837500e-08,1.89717187e-01
-2.68437500e-08,1.89682813e-01
-2.68037500e-08,1.89717187e-01
-2.67637500e-08,1.89681250e-01
-2.67237500e-08,1.89720313e-01
-2.66837500e-08,1.89675000e-01
-2.66437500e-08,1.89734375e-01
-2.66037500e-08,1.89640625e-01
-2.65637500e-08,1.89912500e-01
-2.65237500e-08,1.90150000e-01
-2.64837500e-08,1.90075000e-01
-2.64437500e-08,1.90115625e-01
-2.64037500e-08,1.90089063e-01
-2.63637500e-08,1.90106250e-01
-2.63237500e-08,1.90096875e-01
-2.62837500e-08,1.90100000e-01
-2.62437500e-08,1.90104688e-01
-2.62037500e-08,1.90090625e-01
-2.61637500e-08,1.90120312e-01
-2.61237500e-08,1.90054688e-01
-2.60837500e-08,1.90298438e-01
-2.60437500e-08,1.90562500e-01
-2.60037500e-08,1.90460938e-01
-2.59637500e-08,1.90529688e-01
-2.59237500e-08,1.90475000e-01
-2.58837500e-08,1.90521875e-01
-2.58437500e-08,1.90481250e-01
-2.58037500e-08,1.90517188e-01
-2.57637500e-08,1.90482813e-01
-2.57237500e-08,1.90515625e-01
-2.56837500e-08,1.90484375e-01
-2.56437500e-08,1.90514062e-01
-2.56037500e-08,1.90485938e-01
-2.55637500e-08,1.90514062e-01
-2.55237500e-08,1.90485938e-01
-2.54837500e-08,1.90514062e-01
-2.54437500e-08,1.90485938e-01
-2.54037500e-08,1.90514062e-01
-2.53637500e-08,1.90485938e-01
-2.53237500e-08,1.90514062e-01
-2.52837500e-08,1.90485938e-01
-2.52437500e-08,1.90514062e-01
-2.52037500e-08,1.90484375e-01
-2.51637500e-08,1.90515625e-01
-2.51237500e-08,1.90484375e-01
-2.50837500e-08,1.90517188e-01
-2.50437500e-08,1.90481250e-01
-2.50037500e-08,1.90520313e-01
-2.49637500e-08,1.90476563e-01
-2.49237500e-08,1.90528125e-01
-2.48837500e-08,1.90460938e-01
-2.48437500e-08,1.90562500e-01
-2.48037500e-08,1.90282813e-01
-2.47637500e-08,1.90054688e-01
-2.47237500e-08,1.90121875e-01
-2.46837500e-08,1.90087500e-01
-2.46437500e-08,1.90107813e-01
-2.46037500e-08,1.90095313e-01
-2.45637500e-08,1.90103125e-01
-2.45237500e-08,1.90098437e-01
-2.44837500e-08,1.90100000e-01
-2.44437500e-08,1.90101563e-01
-2.44037500e-08,1.90098437e-01
-2.43637500e-08,1.90101563e-01
-2.43237500e-08,1.90096875e-01
-2.42837500e-08,1.90103125e-01
-2.42437500e-08,1.90096875e-01
-2.42037500e-08,1.90103125e-01
-2.41637500e-08,1.90095313e-01
-2.41237500e-08,1.90104688e-01
-2.40837500e-08,1.90095313e-01
-2.40437500e-08,1.90104688e-01
-2.40037500e-08,1.90095313e-01
-2.39637500e-08,1.90106250e-01
-2.39237500e-08,1.90093750e-01
-2.38837500e-08,1.90106250e-01
-2.38437500e-08,1.90093750e-01
-2.38037500e-08,1.90106250e-01
-2.37637500e-08,1.90093750e-01
-2.37237500e-08,1.90106250e-01
-2.36837500e-08,1.90092188e-01
-2.36437500e-08,1.90107813e-01
-2.36037500e-08,1.90092188e-01
-2.35637500e-08,1.90107813e-01
-2.35237500e-08,1.90092188e-01
-2.34837500e-08,1.90107813e-01
-2.34437500e-08,1.90090625e-01
-2.34037500e-08,1.90109375e-01
-2.33637500e-08,1.90090625e-01
-2.33237500e-08,1.90109375e-01
-2.32837500e-08,1.90089063e-01
-2.32437500e-08,1.90110938e-01
-2.32037500e-08,1.90089063e-01
-2.31637500e-08,1.90112500e-01
-2.31237500e-08,1.90087500e-01
-2.30837500e-08,1.90114063e-01
-2.30437500e-08,1.90084375e-01
-2.30037500e-08,1.90117188e-01
-2.29637500e-08,1.90081250e-01
-2.29237500e-08,1.90121875e-01
-2.28837500e-08,1.90071875e-01
-2.28437500e-08,1.90137500e-01
-2.28037500e-08,1.90037500e-01
-2.27637500e-08,1.90315625e-01
-2.27237500e-08,1.90545313e-01
-2.26837500e-08,1.90478125e-01
-2.26437500e-08,1.90512500e-01
-2.26037500e-08,1.90493750e-01
-2.25637500e-08,1.90503125e-01
-2.25237500e-08,1.90498438e-01
-2.24837500e-08,1.90500000e-01
-2.24437500e-08,1.90501562e-01
-2.24037500e-08,1.90496875e-01
-2.23637500e-08,1.90504688e-01
-2.23237500e-08,1.90493750e-01
-2.22837500e-08,1.90507813e-01
-2.22437500e-08,1.90490625e-01
-2.22037500e-08,1.90510938e-01
-2.21637500e-08,1.90485938e-01
-2.21237500e-08,1.90517188e-01
-2.20837500e-08,1.90478125e-01
-2.20437500e-08,1.90532813e-01
-2.20037500e-08,1.90442187e-01
-2.19637500e-08,1.90710938e-01
-2.19237500e-08,1.90951563e-01
-2.18837500e-08,1.90873438e-01
-2.18437500e-08,1.90917188e-01
-2.18037500e-08,1.90887500e-01
-2.17637500e-08,1.90909375e-01
-2.17237500e-08,1.90893750e-01
-2.16837500e-08,1.90904688e-01
-2.16437500e-08,1.90896875e-01
-2.16037500e-08,1.90901563e-01
-2.15637500e-08,1.90898438e-01
-2.15237500e-08,1.90900000e-01
-2.14837500e-08,1.90900000e-01
-2.14437500e-08,1.90900000e-01
-2.14037500e-08,1.90901563e-01
-2.13637500e-08,1.90898438e-01
-2.13237500e-08,1.90901563e-01
-2.12837500e-08,1.90896875e-01
-2.12437500e-08,1.90903125e-01
-2.12037500e-08,1.90896875e-01
-2.11637500e-08,1.90904688e-01
-2.11237500e-08,1.90895312e-01
-2.10837500e-08,1.90904688e-01
-2.10437500e-08,1.90893750e-01
-2.10037500e-08,1.90906250e-01
-2.09637500e-08,1.90893750e-01
-2.09237500e-08,1.90907812e-01
-2.08837500e-08,1.90892188e-01
-2.08437500e-08,1.90909375e-01
-2.08037500e-08,1.90890625e-01
-2.07637500e-08,1.90910938e-01
-2.07237500e-08,1.90887500e-01
-2.06837500e-08,1.90912500e-01
-2.06437500e-08,1.90884375e-01
-2.06037500e-08,1.90917188e-01
-2.05637500e-08,1.90879688e-01
-2.05237500e-08,1.90926563e-01
-2.04837500e-08,1.90864063e-01
-2.04437500e-08,1.90960938e-01
-2.04037500e-08,1.90684375e-01
-2.03637500e-08,1.90453125e-01
-2.03237500e-08,1.90521875e-01
-2.02837500e-08,1.90487500e-01
-2.02437500e-08,1.90506250e-01
-2.02037500e-08,1.90498438e-01
-2.01637500e-08,1.90498438e-01
-2.01237500e-08,1.90506250e-01
-2.00837500e-08,1.90490625e-01
-2.00437500e-08,1.90515625e-01
-2.00037500e-08,1.90473438e-01
-1.99637500e-08,1.90551562e-01
-1.99237500e-08,1.90293750e-01
-1.98837500e-08,1.90043750e-01
-1.98437500e-08,1.90131250e-01
-1.98037500e-08,1.90078125e-01
-1.97637500e-08,1.90117188e-01
-1.97237500e-08,1.90087500e-01
-1.96837500e-08,1.90110938e-01
-1.96437500e-08,1.90090625e-01
-1.96037500e-08,1.90107813e-01
-1.95637500e-08,1.90093750e-01
-1.95237500e-08,1.90106250e-01
-1.94837500e-08,1.90095313e-01
-1.94437500e-08,1.90104688e-01
-1.94037500e-08,1.90096875e-01
-1.93637500e-08,1.90103125e-01
-1.93237500e-08,1.90096875e-01
-1.92837500e-08,1.90101563e-01
-1.92437500e-08,1.90098437e-01
-1.92037500e-08,1.90101563e-01
-1.91637500e-08,1.90100000e-01
-1.91237500e-08,1.90100000e-01
-1.90837500e-08,1.90100000e-01
-1.90437500e-08,1.90100000e-01
-1.90037500e-08,1.90101563e-01
-1.89637500e-08,1.90098437e-01
-1.89237500e-08,1.90101563e-01
-1.88837500e-08,1.90098437e-01
-1.88437500e-08,1.90103125e-01
-1.88037500e-08,1.90096875e-01
-1.87637500e-08,1.90103125e-01
-1.87237500e-08,1.90095313e-01
-1.86837500e-08,1.90104688e-01
-1.86437500e-08,1.90093750e-01
-1.86037500e-08,1.90106250e-01
-1.85637500e-08,1.90092188e-01
-1.85237500e-08,1.90109375e-01
-1.84837500e-08,1.90089063e-01
-1.84437500e-08,1.90114063e-01
-1.84037500e-08,1.90079688e-01
-1.83637500e-08,1.90129688e-01
-1.83237500e-08,1.90045313e-01
-1.82837500e-08,1.90307813e-01
-1.82437500e-08,1.90554688e-01
-1.82037500e-08,1.90468750e-01
-1.81637500e-08,1.90521875e-01
-1.81237500e-08,1.90482813e-01
-1.80837500e-08,1.90514062e-01
-1.80437500e-08,1.90487500e-01
-1.80037500e-08,1.90512500e-01
-1.79637500e-08,1.90489063e-01
-1.79237500e-08,1.90510938e-01
-1.78837500e-08,1.90489063e-01
-1.78437500e-08,1.90510938e-01
-1.78037500e-08,1.90487500e-01
-1.77637500e-08,1.90514062e-01
-1.77237500e-08,1.90482813e-01
-1.76837500e-08,1.90521875e-01
-1.76437500e-08,1.90468750e-01
-1.76037500e-08,1.90554688e-01
-1.75637500e-08,1.90292188e-01
-1.75237500e-08,1.90045313e-01
-1.74837500e-08,1.90129688e-01
-1.74437500e-08,1.90079688e-01
-1.74037500e-08,1.90115625e-01
-1.73637500e-08,1.90087500e-01
-1.73237500e-08,1.90110938e-01
-1.72837500e-08,1.90092188e-01
-1.72437500e-08,1.90106250e-01
-1.72037500e-08,1.90096875e-01
-1.71637500e-08,1.90100000e-01
-1.71237500e-08,1.90104688e-01
-1.70837500e-08,1.90085937e-01
-1.70437500e-08,1.90139063e-01
-1.70037500e-08,1.89909375e-01
-1.69637500e-08,1.89628125e-01
-1.69237500e-08,1.89748438e-01
-1.68837500e-08,1.89659375e-01
-1.68437500e-08,1.89737500e-01
-1.68037500e-08,1.89664063e-01
-1.67637500e-08,1.89735938e-01
-1.67237500e-08,1.89660938e-01
-1.66837500e-08,1.89742187e-01
-1.66437500e-08,1.89648438e-01
-1.66037500e-08,1.89776562e-01
-1.65637500e-08,1.89470313e-01
-1.65237500e-08,1.89268750e-01
-1.64837500e-08,1.89306250e-01
-1.64437500e-08,1.89303125e-01
-1.64037500e-08,1.89289062e-01
-1.63637500e-08,1.89315625e-01
-1.63237500e-08,1.89278125e-01
-1.62837500e-08,1.89328125e-01
-1.62437500e-08,1.89260938e-01
-1.62037500e-08,1.89365625e-01
-1.61637500e-08,1.89079688e-01
-1.61237500e-08,1.88859375e-01
-1.60837500e-08,1.88915625e-01
-1.60437500e-08,1.88895312e-01
-1.60037500e-08,1.88896875e-01
-1.59637500e-08,1.88907812e-01
-1.59237500e-08,1.88885938e-01
-1.58837500e-08,1.88921875e-01
-1.58437500e-08,1.88867188e-01
-1.58037500e-08,1.88959375e-01
-1.57637500e-08,1.88685938e-01
-1.57237500e-08,1.88453125e-01
-1.56837500e-08,1.88521875e-01
-1.56437500e-08,1.88490625e-01
-1.56037500e-08,1.88503125e-01
-1.55637500e-08,1.88503125e-01
-1.55237500e-08,1.88492188e-01
-1.54837500e-08,1.88515625e-01
-1.54437500e-08,1.88473438e-01
-1.54037500e-08,1.88553125e-01
-1.53637500e-08,1.88292188e-01
-1.53237500e-08,1.88046875e-01
-1.52837500e-08,1.88128125e-01
-1.52437500e-08,1.88081250e-01
-1.52037500e-08,1.88112500e-01
-1.51637500e-08,1.88092188e-01
-1.51237500e-08,1.88104688e-01
-1.50837500e-08,1.88096875e-01
-1.50437500e-08,1.88101563e-01
-1.50037500e-08,1.88101563e-01
-1.49637500e-08,1.88096875e-01
-1.49237500e-08,1.88104688e-01
-1.48837500e-08,1.88092188e-01
-1.48437500e-08,1.88109375e-01
-1.48037500e-08,1.88087500e-01
-1.47637500e-08,1.88117188e-01
-1.47237500e-08,1.88076563e-01
-1.46837500e-08,1.88134375e-01
-1.46437500e-08,1.88040625e-01
-1.46037500e-08,1.88314063e-01
-1.45637500e-08,1.88546875e-01
-1.45237500e-08,1.88478125e-01
-1.44837500e-08,1.88510938e-01
-1.44437500e-08,1.88496875e-01
-1.44037500e-08,1.88496875e-01
-1.43637500e-08,1.88507813e-01
-1.43237500e-08,1.88484375e-01
-1.42837500e-08,1.88526562e-01
-1.42437500e-08,1.88445313e-01
-1.42037500e-08,1.88709375e-01
-1.41637500e-08,1.88951563e-01
-1.41237500e-08,1.88875000e-01
-1.40837500e-08,1.88912500e-01
-1.40437500e-08,1.88896875e-01
-1.40037500e-08,1.88895312e-01
-1.39637500e-08,1.88917188e-01
-1.39237500e-08,1.88854688e-01
-1.38837500e-08,1.89100000e-01
-1.38437500e-08,1.89360937e-01
-1.38037500e-08,1.89265625e-01
-1.37637500e-08,1.89323437e-01
-1.37237500e-08,1.89284375e-01
-1.36837500e-08,1.89310937e-01
-1.36437500e-08,1.89295313e-01
-1.36037500e-08,1.89298437e-01
-1.35637500e-08,1.89312500e-01
-1.35237500e-08,1.89260938e-01
-1.34837500e-08,1.89493750e-01
-1.34437500e-08,1.89768750e-01
-1.34037500e-08,1.89656250e-01
-1.33637500e-08,1.89734375e-01
-1.33237500e-08,1.89671875e-01
-1.32837500e-08,1.89725000e-01
-1.32437500e-08,1.89678125e-01
-1.32037500e-08,1.89720313e-01
-1.31637500e-08,1.89679687e-01
-1.31237500e-08,1.89718750e-01
-1.30837500e-08,1.89681250e-01
-1.30437500e-08,1.89718750e-01
-1.30037500e-08,1.89681250e-01
-1.29637500e-08,1.89718750e-01
-1.29237500e-08,1.89681250e-01
-1.28837500e-08,1.89720313e-01
-1.28437500e-08,1.89676563e-01
-1.28037500e-08,1.89728125e-01
-1.27637500e-08,1.89662500e-01
-1.27237500e-08,1.89760938e-01
-1.26837500e-08,1.89485938e-01
-1.26437500e-08,1.89251562e-01
-1.26037500e-08,1.89325000e-01
-1.25637500e-08,1.89284375e-01
-1.25237500e-08,1.89310937e-01
-1.24837500e-08,1.89290625e-01
-1.24437500e-08,1.89307813e-01
-1.24037500e-08,1.89293750e-01
-1.23637500e-08,1.89304688e-01
-1.23237500e-08,1.89295313e-01
-1.22837500e-08,1.89304688e-01
-1.22437500e-08,1.89295313e-01
-1.22037500e-08,1.89304688e-01
-1.21637500e-08,1.89295313e-01
-1.21237500e-08,1.89304688e-01
-1.20837500e-08,1.89295313e-01
-1.20437500e-08,1.89304688e-01
-1.20037500e-08,1.89295313e-01
-1.19637500e-08,1.89304688e-01
-1.19237500e-08,1.89295313e-01
-1.18837500e-08,1.89304688e-01
-1.18437500e-08,1.89295313e-01
-1.18037500e-08,1.89304688e-01
-1.17637500e-08,1.89293750e-01
-1.17237500e-08,1.89306250e-01
-1.16837500e-08,1.89293750e-01
-1.16437500e-08,1.89306250e-01
-1.16037500e-08,1.89292188e-01
-1.15637500e-08,1.89307813e-01
-1.15237500e-08,1.89292188e-01
-1.14837500e-08,1.89307813e-01
-1.14437500e-08,1.89290625e-01
-1.14037500e-08,1.89309375e-01
-1.13637500e-08,1.89289062e-01
-1.13237500e-08,1.89310937e-01
-1.12837500e-08,1.89287500e-01
-1.12437500e-08,1.89314063e-01
-1.12037500e-08,1.89284375e-01
-1.11637500e-08,1.89317188e-01
-1.11237500e-08,1.89279688e-01
-1.10837500e-08,1.89323437e-01
-1.10437500e-08,1.89270313e-01
-1.10037500e-08,1.89339063e-01
-1.09637500e-08,1.89234375e-01
-1.09237500e-08,1.89520313e-01
-1.08837500e-08,1.89742187e-01
-1.08437500e-08,1.89684375e-01
-1.08037500e-08,1.89704687e-01
-1.07637500e-08,1.89701563e-01
-1.07237500e-08,1.89692187e-01
-1.06837500e-08,1.89712500e-01
-1.06437500e-08,1.89679687e-01
-1.06037500e-08,1.89732813e-01
-1.05637500e-08,1.89640625e-01
-1.05237500e-08,1.89914063e-01
-1.04837500e-08,1.90145312e-01
-1.04437500e-08,1.90079688e-01
-1.04037500e-08,1.90107813e-01
-1.03637500e-08,1.90101563e-01
-1.03237500e-08,1.90089063e-01
-1.02837500e-08,1.90123438e-01
-1.02437500e-08,1.90048438e-01
-1.02037500e-08,1.90306250e-01
-1.01637500e-08,1.90553125e-01
-1.01237500e-08,1.90473438e-01
-1.00837500e-08,1.90514062e-01
-1.00437500e-08,1.90495313e-01
-1.00037500e-08,1.90496875e-01
-9.96375000e-09,1.90515625e-01
-9.92375000e-09,1.90456250e-01
-9.88375000e-09,1.90698438e-01
-9.84375000e-09,1.90960938e-01
-9.80375000e-09,1.90864063e-01
-9.76375000e-09,1.90923438e-01
-9.72375000e-09,1.90882812e-01
-9.68375000e-09,1.90910938e-01
-9.64375000e-09,1.90895312e-01
-9.60375000e-09,1.90898438e-01
-9.56375000e-09,1.90912500e-01
-9.52375000e-09,1.90860937e-01
-9.48375000e-09,1.91093750e-01
-9.44375000e-09,1.91367188e-01
-9.40375000e-09,1.91257813e-01
-9.36375000e-09,1.91332813e-01
-9.32375000e-09,1.91273438e-01
-9.28375000e-09,1.91323437e-01
-9.24375000e-09,1.91279688e-01
-9.20375000e-09,1.91317188e-01
-9.16375000e-09,1.91284375e-01
-9.12375000e-09,1.91314062e-01
-9.08375000e-09,1.91287500e-01
-9.04375000e-09,1.91309375e-01
-9.00375000e-09,1.91292188e-01
-8.96375000e-09,1.91303125e-01
-8.92375000e-09,1.91301563e-01
-8.88375000e-09,1.91289062e-01
-8.84375000e-09,1.91335937e-01
-8.80375000e-09,1.91110937e-01
-8.76375000e-09,1.90825000e-01
-8.72375000e-09,1.90951563e-01
-8.68375000e-09,1.90856250e-01
-8.64375000e-09,1.90940625e-01
-8.60375000e-09,1.90859375e-01
-8.56375000e-09,1.90943750e-01
-8.52375000e-09,1.90846875e-01
-8.48375000e-09,1.90976563e-01
-8.44375000e-09,1.90670312e-01
-8.40375000e-09,1.90468750e-01
-8.36375000e-09,1.90506250e-01
-8.32375000e-09,1.90507813e-01
-8.28375000e-09,1.90479687e-01
-8.24375000e-09,1.90546875e-01
-8.20375000e-09,1.90300000e-01
-8.16375000e-09,1.90035938e-01
-8.12375000e-09,1.90143750e-01
-8.08375000e-09,1.90057813e-01
-8.04375000e-09,1.90160938e-01
-8.00375000e-09,1.89892188e-01
-7.96375000e-09,1.89640625e-01
-7.92375000e-09,1.89743750e-01
-7.88375000e-09,1.89654688e-01
-7.84375000e-09,1.89767188e-01
-7.80375000e-09,1.89479687e-01
-7.76375000e-09,1.89259375e-01
-7.72375000e-09,1.89309375e-01
-7.68375000e-09,1.89321875e-01
-7.64375000e-09,1.89125000e-01
-7.60375000e-09,1.88810937e-01
-7.56375000e-09,1.88968750e-01
-7.52375000e-09,1.88829688e-01
-7.48375000e-09,1.88992188e-01
-7.44375000e-09,1.88654688e-01
-7.40375000e-09,1.88485938e-01
-7.36375000e-09,1.88481250e-01
-7.32375000e-09,1.88553125e-01
-7.28375000e-09,1.88287500e-01
-7.24375000e-09,1.88054688e-01
-7.20375000e-09,1.88117188e-01
-7.16375000e-09,1.88098437e-01
-7.12375000e-09,1.88084375e-01
-7.08375000e-09,1.88143750e-01
-7.04375000e-09,1.87898438e-01
-7.00375000e-09,1.87642188e-01
-6.96375000e-09,1.87729688e-01
-6.92375000e-09,1.87685938e-01
-6.88375000e-09,1.87700000e-01
-6.84375000e-09,1.87728125e-01
-6.80375000e-09,1.87517188e-01
-6.76375000e-09,1.87221875e-01
-6.72375000e-09,1.87353125e-01
-6.68375000e-09,1.87256250e-01
-6.64375000e-09,1.87340625e-01
-6.60375000e-09,1.87260938e-01
-6.56375000e-09,1.87342188e-01
-6.52375000e-09,1.87251562e-01
-6.48375000e-09,1.87371875e-01
-6.44375000e-09,1.87076563e-01
-6.40375000e-09,1.86860938e-01
-6.36375000e-09,1.86917187e-01
-6.32375000e-09,1.86892188e-01
-6.28375000e-09,1.86904687e-01
-6.24375000e-09,1.86898438e-01
-6.20375000e-09,1.86900000e-01
-6.16375000e-09,1.86900000e-01
-6.12375000e-09,1.86900000e-01
-6.08375000e-09,1.86901563e-01
-6.04375000e-09,1.86898438e-01
-6.00375000e-09,1.86901563e-01
-5.96375000e-09,1.86898438e-01
-5.92375000e-09,1.86901563e-01
-5.88375000e-09,1.86900000e-01
-5.84375000e-09,1.86900000e-01
-5.80375000e-09,1.86900000e-01
-5.76375000e-09,1.86900000e-01
-5.72375000e-09,1.86901563e-01
-5.68375000e-09,1.86898438e-01
-5.64375000e-09,1.86903125e-01
-5.60375000e-09,1.86895313e-01
-5.56375000e-09,1.86906250e-01
-5.52375000e-09,1.86892188e-01
-5.48375000e-09,1.86910938e-01
-5.44375000e-09,1.86884375e-01
-5.40375000e-09,1.86925000e-01
-5.36375000e-09,1.86850000e-01
-5.32375000e-09,1.87104688e-01
-5.28375000e-09,1.87357812e-01
-5.24375000e-09,1.87265625e-01
-5.20375000e-09,1.87325000e-01
-5.16375000e-09,1.87279688e-01
-5.12375000e-09,1.87317188e-01
-5.08375000e-09,1.87285937e-01
-5.04375000e-09,1.87312500e-01
-5.00375000e-09,1.87289063e-01
-4.96375000e-09,1.87310937e-01
-4.92375000e-09,1.87290625e-01
-4.88375000e-09,1.87309375e-01
-4.84375000e-09,1.87292188e-01
-4.80375000e-09,1.87307813e-01
-4.76375000e-09,1.87292188e-01
-4.72375000e-09,1.87306250e-01
-4.68375000e-09,1.87293750e-01
-4.64375000e-09,1.87306250e-01
-4.60375000e-09,1.87295313e-01
-4.56375000e-09,1.87304688e-01
-4.52375000e-09,1.87296875e-01
-4.48375000e-09,1.87303125e-01
-4.44375000e-09,1.87298437e-01
-4.40375000e-09,1.87301563e-01
-4.36375000e-09,1.87300000e-01
-4.32375000e-09,1.87298437e-01
-4.28375000e-09,1.87303125e-01
-4.24375000e-09,1.87293750e-01
-4.20375000e-09,1.87312500e-01
-4.16375000e-09,1.87278125e-01
-4.12375000e-09,1.87346875e-01
-4.08375000e-09,1.87100000e-01
-4.04375000e-09,1.86837500e-01
-4.00375000e-09,1.86939063e-01
-3.96375000e-09,1.86870312e-01
-3.92375000e-09,1.86925000e-01
-3.88375000e-09,1.86878125e-01
-3.84375000e-09,1.86920313e-01
-3.80375000e-09,1.86881250e-01
-3.76375000e-09,1.86917187e-01
-3.72375000e-09,1.86882812e-01
-3.68375000e-09,1.86915625e-01
-3.64375000e-09,1.86884375e-01
-3.60375000e-09,1.86915625e-01
-3.56375000e-09,1.86884375e-01
-3.52375000e-09,1.86915625e-01
-3.48375000e-09,1.86884375e-01
-3.44375000e-09,1.86915625e-01
-3.40375000e-09,1.86884375e-01
-3.36375000e-09,1.86915625e-01
-3.32375000e-09,1.86882812e-01
-3.28375000e-09,1.86917187e-01
-3.24375000e-09,1.86881250e-01
-3.20375000e-09,1.86920313e-01
-3.16375000e-09,1.86878125e-01
-3.12375000e-09,1.86925000e-01
-3.08375000e-09,1.86868750e-01
-3.04375000e-09,1.86940625e-01
-3.00375000e-09,1.86834375e-01
-2.96375000e-09,1.87118750e-01
-2.92375000e-09,1.87343750e-01
-2.88375000e-09,1.87281250e-01
-2.84375000e-09,1.87309375e-01
-2.80375000e-09,1.87296875e-01
-2.76375000e-09,1.87300000e-01
-2.72375000e-09,1.87303125e-01
-2.68375000e-09,1.87293750e-01
-2.64375000e-09,1.87307813e-01
-2.60375000e-09,1.87289063e-01
-2.56375000e-09,1.87315625e-01
-2.52375000e-09,1.87279688e-01
-2.48375000e-09,1.87331250e-01
-2.44375000e-09,1.87243750e-01
-2.40375000e-09,1.87510938e-01
-2.36375000e-09,1.87751562e-01
-2.32375000e-09,1.87673438e-01
-2.28375000e-09,1.87715625e-01
-2.24375000e-09,1.87690625e-01
-2.20375000e-09,1.87704687e-01
-2.16375000e-09,1.87700000e-01
-2.12375000e-09,1.87693750e-01
-2.08375000e-09,1.87717187e-01
-2.04375000e-09,1.87657813e-01
-2.00375000e-09,1.87895312e-01
-1.96375000e-09,1.88167187e-01
-1.92375000e-09,1.88056250e-01
-1.88375000e-09,1.88134375e-01
-1.84375000e-09,1.88070313e-01
-1.80375000e-09,1.88128125e-01
-1.76375000e-09,1.88071875e-01
-1.72375000e-09,1.88129688e-01
-1.68375000e-09,1.88067188e-01
-1.64375000e-09,1.88142188e-01
-1.60375000e-09,1.88034375e-01
-1.56375000e-09,1.88318750e-01
-1.52375000e-09,1.88543750e-01
-1.48375000e-09,1.88479687e-01
-1.44375000e-09,1.88510938e-01
-1.40375000e-09,1.88493750e-01
-1.36375000e-09,1.88503125e-01
-1.32375000e-09,1.88498438e-01
-1.28375000e-09,1.88500000e-01
-1.24375000e-09,1.88501562e-01
-1.20375000e-09,1.88498438e-01
-1.16375000e-09,1.88503125e-01
-1.12375000e-09,1.88496875e-01
-1.08375000e-09,1.88504688e-01
-1.04375000e-09,1.88493750e-01
-1.00375000e-09,1.88506250e-01
-9.63750000e-10,1.88492188e-01
-9.23750000e-10,1.88509375e-01
-8.83750000e-10,1.88487500e-01
-8.43750000e-10,1.88515625e-01
-8.03750000e-10,1.88479687e-01
-7.63750000e-10,1.88529688e-01
-7.23750000e-10,1.88443750e-01
-6.83750000e-10,1.88709375e-01
-6.43750000e-10,1.88953125e-01
-6.03750000e-10,1.88870312e-01
-5.63750000e-10,1.88920313e-01
-5.23750000e-10,1.88885938e-01
-4.83750000e-10,1.88910938e-01
-4.43750000e-10,1.88890625e-01
-4.03750000e-10,1.88907812e-01
-3.63750000e-10,1.88893750e-01
-3.23750000e-10,1.88904688e-01
-2.83750000e-10,1.88896875e-01
-2.43750000e-10,1.88903125e-01
-2.03750000e-10,1.88898438e-01
-1.63750000e-10,1.88901563e-01
-1.23750000e-10,1.88900000e-01
-8.37500000e-11,1.88900000e-01
-4.37500000e-11,1.88901563e-01
-3.75000000e-12,1.88896875e-01
3.62500000e-11,1.88904688e-01
7.62500000e-11,1.88892188e-01
1.16250000e-10,1.88910938e-01
1.56250000e-10,1.88884375e-01
1.96250000e-10,1.88925000e-01
2.36250000e-10,1.88850000e-01
2.76250000e-10,1.89103125e-01
3.16250000e-10,1.89357813e-01
3.56250000e-10,1.89265625e-01
3.96250000e-10,1.89325000e-01
4.36250000e-10,1.89279688e-01
4.76250000e-10,1.89317188e-01
5.16250000e-10,1.89285938e-01
5.56250000e-10,1.89312500e-01
5.96250000e-10,1.89287500e-01
6.36250000e-10,1.89310937e-01
6.76250000e-10,1.89289062e-01
7.16250000e-10,1.89309375e-01
7.56250000e-10,1.89290625e-01
7.96250000e-10,1.89309375e-01
8.36250000e-10,1.89292188e-01
8.76250000e-10,1.89307813e-01
9.16250000e-10,1.89292188e-01
9.56250000e-10,1.89307813e-01
9.96250000e-10,1.89292188e-01
1.03625000e-09,1.89306250e-01
1.07625000e-09,1.89293750e-01
1.11625000e-09,1.89306250e-01
1.15625000e-09,1.89293750e-01
1.19625000e-09,1.89306250e-01
1.23625000e-09,1.89293750e-01
1.27625000e-09,1.89306250e-01
1.31625000e-09,1.89293750e-01
1.35625000e-09,1.89306250e-01
1.39625000e-09,1.89293750e-01
1.43625000e-09,1.89306250e-01
1.47625000e-09,1.89293750e-01
1.51625000e-09,1.89306250e-01
1.55625000e-09,1.89295313e-01
1.59625000e-09,1.89304688e-01
1.63625000e-09,1.89295313e-01
1.67625000e-09,1.89304688e-01
1.71625000e-09,1.89295313e-01
1.75625000e-09,1.89304688e-01
1.79625000e-09,1.89295313e-01
1.83625000e-09,1.89304688e-01
1.87625000e-09,1.89295313e-01
1.91625000e-09,1.89304688e-01
1.95625000e-09,1.89295313e-01
1.99625000e-09,1.89304688e-01
2.03625000e-09,1.89295313e-01
2.07625000e-09,1.89304688e-01
2.11625000e-09,1.89295313e-01
2.15625000e-09,1.89304688e-01
2.19625000e-09,1.89295313e-01
2.23625000e-09,1.89304688e-01
2.27625000e-09,1.89295313e-01
2.31625000e-09,1.89304688e-01
2.35625000e-09,1.89295313e-01
2.39625000e-09,1.89304688e-01
2.43625000e-09,1.89295313e-01
2.47625000e-09,1.89306250e-01
2.51625000e-09,1.89293750e-01
2.55625000e-09,1.89306250e-01
2.59625000e-09,1.89293750e-01
2.63625000e-09,1.89306250e-01
2.67625000e-09,1.89293750e-01
2.71625000e-09,1.89306250e-01
2.75625000e-09,1.89293750e-01
2.79625000e-09,1.89307813e-01
2.83625000e-09,1.89292188e-01
2.87625000e-09,1.89309375e-01
2.91625000e-09,1.89290625e-01
2.95625000e-09,1.89310937e-01
2.99625000e-09,1.89287500e-01
3.03625000e-09,1.89314063e-01
3.07625000e-09,1.89282813e-01
3.11625000e-09,1.89321875e-01
3.15625000e-09,1.89268750e-01
3.19625000e-09,1.89356250e-01
3.23625000e-09,1.89090625e-01
3.27625000e-09,1.88846875e-01
3.31625000e-09,1.88929687e-01
3.35625000e-09,1.88879688e-01
3.39625000e-09,1.88915625e-01
3.43625000e-09,1.88887500e-01
3.47625000e-09,1.88910938e-01
3.51625000e-09,1.88890625e-01
3.55625000e-09,1.88907812e-01
3.59625000e-09,1.88892188e-01
3.63625000e-09,1.88907812e-01
3.67625000e-09,1.88893750e-01
3.71625000e-09,1.88906250e-01
3.75625000e-09,1.88893750e-01
3.79625000e-09,1.88906250e-01
3.83625000e-09,1.88893750e-01
3.87625000e-09,1.88906250e-01
3.91625000e-09,1.88892188e-01
3.95625000e-09,1.88907812e-01
3.99625000e-09,1.88892188e-01
4.03625000e-09,1.88909375e-01
4.07625000e-09,1.88889063e-01
4.11625000e-09,1.88912500e-01
4.15625000e-09,1.88884375e-01
4.19625000e-09,1.88920313e-01
4.23625000e-09,1.88870312e-01
4.27625000e-09,1.88954687e-01
4.31625000e-09,1.88692187e-01
4.35625000e-09,1.88445313e-01
4.39625000e-09,1.88531250e-01
4.43625000e-09,1.88478125e-01
4.47625000e-09,1.88515625e-01
4.51625000e-09,1.88485938e-01
4.55625000e-09,1.88510938e-01
4.59625000e-09,1.88490625e-01
4.63625000e-09,1.88509375e-01
4.67625000e-09,1.88492188e-01
4.71625000e-09,1.88507813e-01
4.75625000e-09,1.88493750e-01
4.79625000e-09,1.88506250e-01
4.83625000e-09,1.88493750e-01
4.87625000e-09,1.88506250e-01
4.91625000e-09,1.88493750e-01
4.95625000e-09,1.88504688e-01
4.99625000e-09,1.88495313e-01
5.03625000e-09,1.88504688e-01
5.07625000e-09,1.88495313e-01
5.11625000e-09,1.88504688e-01
5.15625000e-09,1.88495313e-01
5.19625000e-09,1.88504688e-01
5.23625000e-09,1.88495313e-01
5.27625000e-09,1.88504688e-01
5.31625000e-09,1.88495313e-01
5.35625000e-09,1.88504688e-01
5.39625000e-09,1.88495313e-01
5.43625000e-09,1.88503125e-01
5.47625000e-09,1.88496875e-01
5.51625000e-09,1.88503125e-01
5.55625000e-09,1.88496875e-01
5.59625000e-09,1.88503125e-01
5.63625000e-09,1.88496875e-01
5.67625000e-09,1.88503125e-01
5.71625000e-09,1.88496875e-01
5.75625000e-09,1.88503125e-01
5.79625000e-09,1.88496875e-01
5.83625000e-09,1.88503125e-01
5.87625000e-09,1.88496875e-01
5.91625000e-09,1.88503125e-01
5.95625000e-09,1.88496875e-01
5.99625000e-09,1.88503125e-01
6.03625000e-09,1.88496875e-01
6.07625000e-09,1.88503125e-01
6.11625000e-09,1.88496875e-01
6.15625000e-09,1.88503125e-01
6.19625000e-09,1.88496875e-01
6.23625000e-09,1.88503125e-01
6.27625000e-09,1.88496875e-01
6.31625000e-09,1.88503125e-01
6.35625000e-09,1.88496875e-01
6.39625000e-09,1.88503125e-01
6.43625000e-09,1.88496875e-01
6.47625000e-09,1.88503125e-01
6.51625000e-09,1.88496875e-01
6.55625000e-09,1.88504688e-01
6.59625000e-09,1.88495313e-01
6.63625000e-09,1.88504688e-01
6.67625000e-09,1.88495313e-01
6.71625000e-09,1.88504688e-01
6.75625000e-09,1.88495313e-01
6.79625000e-09,1.88504688e-01
6.83625000e-09,1.88495313e-01
6.87625000e-09,1.88504688e-01
6.91625000e-09,1.88495313e-01
6.95625000e-09,1.88504688e-01
6.99625000e-09,1.88495313e-01
7.03625000e-09,1.88504688e-01
7.07625000e-09,1.88493750e-01
7.11625000e-09,1.88506250e-01
7.15625000e-09,1.88493750e-01
7.19625000e-09,1.88506250e-01
7.23625000e-09,1.88493750e-01
7.27625000e-09,1.88507813e-01
7.31625000e-09,1.88492188e-01
7.35625000e-09,1.88507813e-01
7.39625000e-09,1.88490625e-01
7.43625000e-09,1.88510938e-01
7.47625000e-09,1.88489062e-01
7.51625000e-09,1.88514062e-01
7.55625000e-09,1.88484375e-01
7.59625000e-09,1.88518750e-01
7.63625000e-09,1.88476562e-01
7.67625000e-09,1.88534375e-01
7.71625000e-09,1.88440625e-01
7.75625000e-09,1.88714063e-01
7.79625000e-09,1.88948438e-01
7.83625000e-09,1.88876563e-01
7.87625000e-09,1.88912500e-01
7.91625000e-09,1.88895312e-01
7.95625000e-09,1.88896875e-01
7.99625000e-09,1.88914063e-01
8.03625000e-09,1.88859375e-01
8.07625000e-09,1.89093750e-01
8.11625000e-09,1.89368750e-01
8.15625000e-09,1.89254688e-01
8.19625000e-09,1.89335937e-01
8.23625000e-09,1.89267188e-01
8.27625000e-09,1.89332813e-01
8.31625000e-09,1.89264062e-01
8.35625000e-09,1.89343750e-01
8.39625000e-09,1.89232813e-01
8.43625000e-09,1.89518750e-01
8.47625000e-09,1.89743750e-01
8.51625000e-09,1.89679687e-01
8.55625000e-09,1.89712500e-01
8.59625000e-09,1.89692187e-01
8.63625000e-09,1.89704687e-01
8.67625000e-09,1.89696875e-01
8.71625000e-09,1.89701563e-01
8.75625000e-09,1.89698438e-01
8.79625000e-09,1.89700000e-01
8.83625000e-09,1.89700000e-01
8.87625000e-09,1.89700000e-01
8.91625000e-09,1.89701563e-01
8.95625000e-09,1.89698438e-01
8.99625000e-09,1.89701563e-01
9.03625000e-09,1.89698438e-01
9.07625000e-09,1.89703125e-01
9.11625000e-09,1.89696875e-01
9.15625000e-09,1.89703125e-01
9.19625000e-09,1.89696875e-01
9.23625000e-09,1.89704687e-01
9.27625000e-09,1.89695313e-01
9.31625000e-09,1.89704687e-01
9.35625000e-09,1.89693750e-01
9.39625000e-09,1.89706250e-01
9.43625000e-09,1.89692187e-01
9.47625000e-09,1.89709375e-01
9.51625000e-09,1.89689063e-01
9.55625000e-09,1.89714063e-01
9.59625000e-09,1.89679687e-01
9.63625000e-09,1.89729688e-01
9.67625000e-09,1.89645312e-01
9.71625000e-09,1.89907812e-01
9.75625000e-09,1.90154688e-01
9.79625000e-09,1.90068750e-01
9.83625000e-09,1.90121875e-01
9.87625000e-09,1.90082813e-01
9.91625000e-09,1.90114063e-01
9.95625000e-09,1.90089063e-01
9.99625000e-09,1.90109375e-01
1.00362500e-08,1.90090625e-01
1.00762500e-08,1.90107813e-01
1.01162500e-08,1.90092188e-01
1.01562500e-08,1.90106250e-01
1.01962500e-08,1.90093750e-01
1.02362500e-08,1.90106250e-01
1.02762500e-08,1.90093750e-01
1.03162500e-08,1.90104688e-01
1.03562500e-08,1.90095313e-01
1.03962500e-08,1.90104688e-01
1.04362500e-08,1.90095313e-01
1.04762500e-08,1.90104688e-01
1.05162500e-08,1.90095313e-01
1.05562500e-08,1.90104688e-01
1.05962500e-08,1.90095313e-01
1.06362500e-08,1.90103125e-01
1.06762500e-08,1.90096875e-01
1.07162500e-08,1.90103125e-01
1.07562500e-08,1.90096875e-01
1.07962500e-08,1.90103125e-01
1.08362500e-08,1.90096875e-01
1.08762500e-08,1.90103125e-01
1.09162500e-08,1.90096875e-01
1.09562500e-08,1.90103125e-01
1.09962500e-08,1.90096875e-01
1.10362500e-08,1.90103125e-01
1.10762500e-08,1.90096875e-01
1.11162500e-08,1.90103125e-01
1.11562500e-08,1.90096875e-01
1.11962500e-08,1.90103125e-01
1.12362500e-08,1.90096875e-01
1.12762500e-08,1.90103125e-01
1.13162500e-08,1.90098437e-01
1.13562500e-08,1.90101563e-01
1.13962500e-08,1.90098437e-01
1.14362500e-08,1.90101563e-01
1.14762500e-08,1.90098437e-01
1.15162500e-08,1.90101563e-01
1.15562500e-08,1.90098437e-01
1.15962500e-08,1.90101563e-01
1.16362500e-08,1.90098437e-01
1.16762500e-08,1.90101563e-01
1.17162500e-08,1.90098437e-01
1.17562500e-08,1.90101563e-01
1.17962500e-08,1.90098437e-01
1.18362500e-08,1.90100000e-01
1.18762500e-08,1.90100000e-01
1.19162500e-08,1.90100000e-01
1.19562500e-08,1.90100000e-01
1.19962500e-08,1.90100000e-01
1.20362500e-08,1.90100000e-01
1.20762500e-08,1.90098437e-01
1.21162500e-08,1.90101563e-01
1.21562500e-08,1.90098437e-01
1.21962500e-08,1.90103125e-01
1.22362500e-08,1.90095313e-01
1.22762500e-08,1.90106250e-01
1.23162500e-08,1.90092188e-01
1.23562500e-08,1.90110938e-01
1.23962500e-08,1.90084375e-01
1.24362500e-08,1.90125000e-01
1.24762500e-08,1.90050000e-01
1.25162500e-08,1.90303125e-01
1.25562500e-08,1.90559375e-01
1.25962500e-08,1.90465625e-01
1.26362500e-08,1.90526562e-01
1.26762500e-08,1.90479687e-01
1.27162500e-08,1.90517188e-01
1.27562500e-08,1.90484375e-01
1.27962500e-08,1.90514062e-01
1.28362500e-08,1.90485938e-01
1.28762500e-08,1.90512500e-01
1.29162500e-08,1.90487500e-01
1.29562500e-08,1.90510938e-01
1.29962500e-08,1.90489063e-01
1.30362500e-08,1.90510938e-01
1.30762500e-08,1.90489063e-01
1.31162500e-08,1.90510938e-01
1.31562500e-08,1.90489063e-01
1.31962500e-08,1.90510938e-01
1.32362500e-08,1.90490625e-01
1.32762500e-08,1.90509375e-01
1.33162500e-08,1.90490625e-01
1.33562500e-08,1.90509375e-01
1.33962500e-08,1.90490625e-01
1.34362500e-08,1.90509375e-01
1.34762500e-08,1.90490625e-01
1.35162500e-08,1.90509375e-01
1.35562500e-08,1.90489063e-01
1.35962500e-08,1.90510938e-01
1.36362500e-08,1.90489063e-01
1.36762500e-08,1.90510938e-01
1.37162500e-08,1.90489063e-01
1.37562500e-08,1.90510938e-01
1.37962500e-08,1.90489063e-01
1.38362500e-08,1.90510938e-01
1.38762500e-08,1.90489063e-01
1.39162500e-08,1.90512500e-01
1.39562500e-08,1.90487500e-01
1.39962500e-08,1.90512500e-01
1.40362500e-08,1.90487500e-01
1.40762500e-08,1.90512500e-01
1.41162500e-08,1.90485938e-01
1.41562500e-08,1.90514062e-01
1.41962500e-08,1.90484375e-01
1.42362500e-08,1.90515625e-01
1.42762500e-08,1.90484375e-01
1.43162500e-08,1.90517188e-01
1.43562500e-08,1.90481250e-01
1.43962500e-08,1.90520313e-01
1.44362500e-08,1.90478125e-01
1.44762500e-08,1.90525000e-01
1.45162500e-08,1.90471875e-01
1.45562500e-08,1.90532813e-01
1.45962500e-08,1.90456250e-01
1.46362500e-08,1.90568750e-01
1.46762500e-08,1.90276562e-01
1.47162500e-08,1.90060937e-01
1.47562500e-08,1.90114063e-01
1.47962500e-08,1.90096875e-01
1.48362500e-08,1.90096875e-01
1.48762500e-08,1.90107813e-01
1.49162500e-08,1.90089063e-01
1.49562500e-08,1.90115625e-01
1.49962500e-08,1.90079688e-01
1.50362500e-08,1.90128125e-01
1.50762500e-08,1.90060937e-01
1.51162500e-08,1.90165625e-01
1.51562500e-08,1.89879688e-01
1.51962500e-08,1.89660938e-01
1.52362500e-08,1.89714063e-01
1.52762500e-08,1.89698438e-01
1.53162500e-08,1.89692187e-01
1.53562500e-08,1.89717187e-01
1.53962500e-08,1.89668750e-01
1.54362500e-08,1.89759375e-01
1.54762500e-08,1.89484375e-01
1.55162500e-08,1.89256250e-01
1.55562500e-08,1.89314063e-01
1.55962500e-08,1.89301563e-01
1.56362500e-08,1.89282813e-01
1.56762500e-08,1.89346875e-01
1.57162500e-08,1.89095313e-01
1.57562500e-08,1.88846875e-01
1.57962500e-08,1.88923438e-01
1.58362500e-08,1.88892188e-01
1.58762500e-08,1.88892188e-01
1.59162500e-08,1.88939063e-01
1.59562500e-08,1.88704687e-01
1.59962500e-08,1.88437500e-01
1.60362500e-08,1.88534375e-01
1.60762500e-08,1.88481250e-01
1.61162500e-08,1.88503125e-01
1.61562500e-08,1.88526562e-01
1.61962500e-08,1.88318750e-01
1.62362500e-08,1.88021875e-01
1.62762500e-08,1.88153125e-01
1.63162500e-08,1.88057813e-01
1.63562500e-08,1.88135938e-01
1.63962500e-08,1.88067188e-01
1.64362500e-08,1.88129688e-01
1.64762500e-08,1.88071875e-01
1.65162500e-08,1.88126563e-01
1.65562500e-08,1.88075000e-01
1.65962500e-08,1.88123438e-01
1.66362500e-08,1.88076563e-01
1.66762500e-08,1.88123438e-01
1.67162500e-08,1.88078125e-01
1.67562500e-08,1.88121875e-01
1.67962500e-08,1.88078125e-01
1.68362500e-08,1.88121875e-01
1.68762500e-08,1.88078125e-01
1.69162500e-08,1.88121875e-01
1.69562500e-08,1.88076563e-01
1.69962500e-08,1.88123438e-01
1.70362500e-08,1.88075000e-01
1.70762500e-08,1.88126563e-01
1.71162500e-08,1.88071875e-01
1.71562500e-08,1.88131250e-01
1.71962500e-08,1.88062500e-01
1.72362500e-08,1.88146875e-01
1.72762500e-08,1.88028125e-01
1.73162500e-08,1.88326563e-01
1.73562500e-08,1.88534375e-01
1.73962500e-08,1.88490625e-01
1.74362500e-08,1.88498438e-01
1.74762500e-08,1.88509375e-01
1.75162500e-08,1.88482813e-01
1.75562500e-08,1.88529688e-01
1.75962500e-08,1.88443750e-01
1.76362500e-08,1.88710938e-01
1.76762500e-08,1.88950000e-01
1.77162500e-08,1.88875000e-01
1.77562500e-08,1.88915625e-01
1.77962500e-08,1.88890625e-01
1.78362500e-08,1.88904688e-01
1.78762500e-08,1.88898438e-01
1.79162500e-08,1.88896875e-01
1.79562500e-08,1.88906250e-01
1.79962500e-08,1.88887500e-01
1.80362500e-08,1.88923438e-01
1.80762500e-08,1.88851563e-01
1.81162500e-08,1.89101563e-01
1.81562500e-08,1.89359375e-01
1.81962500e-08,1.89264062e-01
1.82362500e-08,1.89326563e-01
1.82762500e-08,1.89278125e-01
1.83162500e-08,1.89318750e-01
1.83562500e-08,1.89282813e-01
1.83962500e-08,1.89315625e-01
1.84362500e-08,1.89284375e-01
1.84762500e-08,1.89315625e-01
1.85162500e-08,1.89282813e-01
1.85562500e-08,1.89317188e-01
1.85962500e-08,1.89279688e-01
1.86362500e-08,1.89325000e-01
1.86762500e-08,1.89265625e-01
1.87162500e-08,1.89357813e-01
1.87562500e-08,1.89089063e-01
1.87962500e-08,1.88848438e-01
1.88362500e-08,1.88928125e-01
1.88762500e-08,1.88881250e-01
1.89162500e-08,1.88914063e-01
1.89562500e-08,1.88887500e-01
1.89962500e-08,1.88910938e-01
1.90362500e-08,1.88890625e-01
1.90762500e-08,1.88907812e-01
1.91162500e-08,1.88892188e-01
1.91562500e-08,1.88907812e-01
1.91962500e-08,1.88892188e-01
1.92362500e-08,1.88907812e-01
1.92762500e-08,1.88892188e-01
1.93162500e-08,1.88907812e-01
1.93562500e-08,1.88892188e-01
1.93962500e-08,1.88907812e-01
1.94362500e-08,1.88890625e-01
1.94762500e-08,1.88909375e-01
1.95162500e-08,1.88889063e-01
1.95562500e-08,1.88912500e-01
1.95962500e-08,1.88885938e-01
1.96362500e-08,1.88917188e-01
1.96762500e-08,1.88878125e-01
1.97162500e-08,1.88932813e-01
1.97562500e-08,1.88842188e-01
1.97962500e-08,1.89110938e-01
1.98362500e-08,1.89351563e-01
1.98762500e-08,1.89273438e-01
1.99162500e-08,1.89317188e-01
1.99562500e-08,1.89289062e-01
1.99962500e-08,1.89307813e-01
2.00362500e-08,1.89295313e-01
2.00762500e-08,1.89300000e-01
2.01162500e-08,1.89303125e-01
2.01562500e-08,1.89290625e-01
2.01962500e-08,1.89318750e-01
2.02362500e-08,1.89256250e-01
2.02762500e-08,1.89496875e-01
2.03162500e-08,1.89764062e-01
2.03562500e-08,1.89659375e-01
2.03962500e-08,1.89731250e-01
2.04362500e-08,1.89673438e-01
2.04762500e-08,1.89723438e-01
2.05162500e-08,1.89678125e-01
2.05562500e-08,1.89721875e-01
2.05962500e-08,1.89679687e-01
2.06362500e-08,1.89720313e-01
2.06762500e-08,1.89679687e-01
2.07162500e-08,1.89720313e-01
2.07562500e-08,1.89678125e-01
2.07962500e-08,1.89723438e-01
2.08362500e-08,1.89675000e-01
2.08762500e-08,1.89728125e-01
2.09162500e-08,1.89665625e-01
2.09562500e-08,1.89743750e-01
2.09962500e-08,1.89631250e-01
2.10362500e-08,1.89923438e-01
2.10762500e-08,1.90137500e-01
2.11162500e-08,1.90089063e-01
2.11562500e-08,1.90100000e-01
2.11962500e-08,1.90110938e-01
2.12362500e-08,1.90076563e-01
2.12762500e-08,1.90150000e-01
2.13162500e-08,1.89895312e-01
2.13562500e-08,1.89643750e-01
2.13962500e-08,1.89731250e-01
2.14362500e-08,1.89678125e-01
2.14762500e-08,1.89717187e-01
2.15162500e-08,1.89687500e-01
2.15562500e-08,1.89710938e-01
2.15962500e-08,1.89690625e-01
2.16362500e-08,1.89707813e-01
2.16762500e-08,1.89693750e-01
2.17162500e-08,1.89704687e-01
2.17562500e-08,1.89695313e-01
2.17962500e-08,1.89703125e-01
2.18362500e-08,1.89696875e-01
2.18762500e-08,1.89703125e-01
2.19162500e-08,1.89698438e-01
2.19562500e-08,1.89701563e-01
2.19962500e-08,1.89698438e-01
2.20362500e-08,1.89700000e-01
2.20762500e-08,1.89700000e-01
2.21162500e-08,1.89700000e-01
2.21562500e-08,1.89700000e-01
2.21962500e-08,1.89698438e-01
2.22362500e-08,1.89701563e-01
2.22762500e-08,1.89698438e-01
2.23162500e-08,1.89703125e-01
2.23562500e-08,1.89696875e-01
2.23962500e-08,1.89703125e-01
2.24362500e-08,1.89695313e-01
2.24762500e-08,1.89704687e-01
2.25162500e-08,1.89695313e-01
2.25562500e-08,1.89706250e-01
2.25962500e-08,1.89692187e-01
2.26362500e-08,1.89709375e-01
2.26762500e-08,1.89689063e-01
2.27162500e-08,1.89712500e-01
2.27562500e-08,1.89684375e-01
2.27962500e-08,1.89721875e-01
2.28362500e-08,1.89668750e-01
2.28762500e-08,1.89756250e-01
2.29162500e-08,1.89490625e-01
2.29562500e-08,1.89248438e-01
2.29962500e-08,1.89328125e-01
2.30362500e-08,1.89282813e-01
2.30762500e-08,1.89312500e-01
2.31162500e-08,1.89292188e-01
2.31562500e-08,1.89304688e-01
2.31962500e-08,1.89296875e-01
2.32362500e-08,1.89300000e-01
2.32762500e-08,1.89303125e-01
2.33162500e-08,1.89293750e-01
2.33562500e-08,1.89312500e-01
2.33962500e-08,1.89278125e-01
2.34362500e-08,1.89348437e-01
2.34762500e-08,1.89098437e-01
2.35162500e-08,1.88839063e-01
2.35562500e-08,1.88935938e-01
2.35962500e-08,1.88873438e-01
2.36362500e-08,1.88921875e-01
2.36762500e-08,1.88881250e-01
2.37162500e-08,1.88915625e-01
2.37562500e-08,1.88885938e-01
2.37962500e-08,1.88912500e-01
2.38362500e-08,1.88889063e-01
2.38762500e-08,1.88910938e-01
2.39162500e-08,1.88890625e-01
2.39562500e-08,1.88909375e-01
2.39962500e-08,1.88892188e-01
2.40362500e-08,1.88906250e-01
2.40762500e-08,1.88893750e-01
2.41162500e-08,1.88904688e-01
2.41562500e-08,1.88896875e-01
2.41962500e-08,1.88901563e-01
2.42362500e-08,1.88901563e-01
2.42762500e-08,1.88893750e-01
2.43162500e-08,1.88915625e-01
2.43562500e-08,1.88859375e-01
2.43962500e-08,1.89093750e-01
2.44362500e-08,1.89368750e-01
2.44762500e-08,1.89253125e-01
2.45162500e-08,1.89337500e-01
2.45562500e-08,1.89265625e-01
2.45962500e-08,1.89332813e-01
2.46362500e-08,1.89267188e-01
2.46762500e-08,1.89334375e-01
2.47162500e-08,1.89260938e-01
2.47562500e-08,1.89348437e-01
2.47962500e-08,1.89226563e-01
2.48362500e-08,1.89526562e-01
2.48762500e-08,1.89735938e-01
2.49162500e-08,1.89687500e-01
2.49562500e-08,1.89701563e-01
2.49962500e-08,1.89704687e-01
2.50362500e-08,1.89690625e-01
2.50762500e-08,1.89714063e-01
2.51162500e-08,1.89679687e-01
2.51562500e-08,1.89731250e-01
2.51962500e-08,1.89643750e-01
2.52362500e-08,1.89910938e-01
2.52762500e-08,1.90151563e-01
2.53162500e-08,1.90073437e-01
2.53562500e-08,1.90117188e-01
2.53962500e-08,1.90087500e-01
2.54362500e-08,1.90109375e-01
2.54762500e-08,1.90093750e-01
2.55162500e-08,1.90104688e-01
2.55562500e-08,1.90096875e-01
2.55962500e-08,1.90103125e-01
2.56362500e-08,1.90098437e-01
2.56762500e-08,1.90100000e-01
2.57162500e-08,1.90100000e-01
2.57562500e-08,1.90098437e-01
2.57962500e-08,1.90101563e-01
2.58362500e-08,1.90096875e-01
2.58762500e-08,1.90103125e-01
2.59162500e-08,1.90095313e-01
2.59562500e-08,1.90106250e-01
2.59962500e-08,1.90092188e-01
2.60362500e-08,1.90109375e-01
2.60762500e-08,1.90087500e-01
2.61162500e-08,1.90117188e-01
2.61562500e-08,1.90071875e-01
2.61962500e-08,1.90151563e-01
2.62362500e-08,1.89895312e-01
2.62762500e-08,1.89642188e-01
2.63162500e-08,1.89732813e-01
2.63562500e-08,1.89675000e-01
2.63962500e-08,1.89720313e-01
2.64362500e-08,1.89682813e-01
2.64762500e-08,1.89717187e-01
2.65162500e-08,1.89684375e-01
2.65562500e-08,1.89717187e-01
2.65962500e-08,1.89681250e-01
2.66362500e-08,1.89723438e-01
2.66762500e-08,1.89668750e-01
2.67162500e-08,1.89754688e-01
2.67562500e-08,1.89492188e-01
2.67962500e-08,1.89243750e-01
2.68362500e-08,1.89332813e-01
2.68762500e-08,1.89275000e-01
2.69162500e-08,1.89321875e-01
2.69562500e-08,1.89279688e-01
2.69962500e-08,1.89320313e-01
2.70362500e-08,1.89278125e-01
2.70762500e-08,1.89326563e-01
2.71162500e-08,1.89264062e-01
2.71562500e-08,1.89360937e-01
2.71962500e-08,1.89087500e-01
2.72362500e-08,1.88851563e-01
2.72762500e-08,1.88925000e-01
2.73162500e-08,1.88884375e-01
2.73562500e-08,1.88910938e-01
2.73962500e-08,1.88892188e-01
2.74362500e-08,1.88904688e-01
2.74762500e-08,1.88898438e-01
2.75162500e-08,1.88900000e-01
2.75562500e-08,1.88903125e-01
2.75962500e-08,1.88893750e-01
2.76362500e-08,1.88912500e-01
2.76762500e-08,1.88878125e-01
2.77162500e-08,1.88946875e-01
2.77562500e-08,1.88700000e-01
2.77962500e-08,1.88437500e-01
2.78362500e-08,1.88539063e-01
2.78762500e-08,1.88470313e-01
2.79162500e-08,1.88525000e-01
2.79562500e-08,1.88478125e-01
2.79962500e-08,1.88520313e-01
2.80362500e-08,1.88481250e-01
2.80762500e-08,1.88518750e-01
2.81162500e-08,1.88481250e-01
2.81562500e-08,1.88518750e-01
2.81962500e-08,1.88479687e-01
2.82362500e-08,1.88521875e-01
2.82762500e-08,1.88475000e-01
2.83162500e-08,1.88529688e-01
2.83562500e-08,1.88460938e-01
2.83962500e-08,1.88564063e-01
2.84362500e-08,1.88282813e-01
2.84762500e-08,1.88054688e-01
2.85162500e-08,1.88121875e-01
2.85562500e-08,1.88087500e-01
2.85962500e-08,1.88106250e-01
2.86362500e-08,1.88096875e-01
2.86762500e-08,1.88101563e-01
2.87162500e-08,1.88101563e-01
2.87562500e-08,1.88096875e-01
2.87962500e-08,1.88104688e-01
2.88362500e-08,1.88093750e-01
2.88762500e-08,1.88109375e-01
2.89162500e-08,1.88087500e-01
2.89562500e-08,1.88117188e-01
2.89962500e-08,1.88071875e-01
2.90362500e-08,1.88153125e-01
2.90762500e-08,1.87893750e-01
2.91162500e-08,1.87643750e-01
2.91562500e-08,1.87732813e-01
2.91962500e-08,1.87676563e-01
2.92362500e-08,1.87718750e-01
2.92762500e-08,1.87684375e-01
2.93162500e-08,1.87714063e-01
2.93562500e-08,1.87687500e-01
2.93962500e-08,1.87712500e-01
2.94362500e-08,1.87689063e-01
2.94762500e-08,1.87710938e-01
2.95162500e-08,1.87689063e-01
2.95562500e-08,1.87712500e-01
2.95962500e-08,1.87687500e-01
2.96362500e-08,1.87714063e-01
2.96762500e-08,1.87682813e-01
2.97162500e-08,1.87721875e-01
2.97562500e-08,1.87668750e-01
2.97962500e-08,1.87756250e-01
2.98362500e-08,1.87492188e-01
2.98762500e-08,1.87245313e-01
2.99162500e-08,1.87331250e-01
2.99562500e-08,1.87278125e-01
2.99962500e-08,1.87317188e-01
3.00362500e-08,1.87285937e-01
3.00762500e-08,1.87312500e-01
3.01162500e-08,1.87287500e-01
3.01562500e-08,1.87310937e-01
3.01962500e-08,1.87289063e-01
3.02362500e-08,1.87310937e-01
3.02762500e-08,1.87289063e-01
3.03162500e-08,1.87312500e-01
3.03562500e-08,1.87287500e-01
3.03962500e-08,1.87314063e-01
3.04362500e-08,1.87284375e-01
3.04762500e-08,1.87318750e-01
3.05162500e-08,1.87276563e-01
3.05562500e-08,1.87332813e-01
3.05962500e-08,1.87242188e-01
3.06362500e-08,1.87510938e-01
3.06762500e-08,1.87751562e-01
3.07162500e-08,1.87673438e-01
3.07562500e-08,1.87717187e-01
3.07962500e-08,1.87687500e-01
3.08362500e-08,1.87709375e-01
3.08762500e-08,1.87692187e-01
3.09162500e-08,1.87706250e-01
3.09562500e-08,1.87695313e-01
3.09962500e-08,1.87703125e-01
3.10362500e-08,1.87698438e-01
3.10762500e-08,1.87701563e-01
3.11162500e-08,1.87700000e-01
3.11562500e-08,1.87700000e-01
3.11962500e-08,1.87701563e-01
3.12362500e-08,1.87696875e-01
3.12762500e-08,1.87703125e-01
3.13162500e-08,1.87693750e-01
3.13562500e-08,1.87707813e-01
3.13962500e-08,1.87689063e-01
3.14362500e-08,1.87715625e-01
3.14762500e-08,1.87673438e-01
3.15162500e-08,1.87751562e-01
3.15562500e-08,1.87495313e-01
3.15962500e-08,1.87242188e-01
3.16362500e-08,1.87334375e-01
3.16762500e-08,1.87275000e-01
3.17162500e-08,1.87320313e-01
3.17562500e-08,1.87282813e-01
3.17962500e-08,1.87314063e-01
3.18362500e-08,1.87285937e-01
3.18762500e-08,1.87312500e-01
3.19162500e-08,1.87289063e-01
3.19562500e-08,1.87310937e-01
3.19962500e-08,1.87289063e-01
3.20362500e-08,1.87309375e-01
3.20762500e-08,1.87290625e-01
3.21162500e-08,1.87309375e-01
3.21562500e-08,1.87290625e-01
3.21962500e-08,1.87309375e-01
3.22362500e-08,1.87290625e-01
3.22762500e-08,1.87309375e-01
3.23162500e-08,1.87292188e-01
3.23562500e-08,1.87307813e-01
3.23962500e-08,1.87292188e-01
3.24362500e-08,1.87309375e-01
3.24762500e-08,1.87290625e-01
3.25162500e-08,1.87309375e-01
3.25562500e-08,1.87290625e-01
3.25962500e-08,1.87309375e-01
3.26362500e-08,1.87290625e-01
3.26762500e-08,1.87309375e-01
3.27162500e-08,1.87289063e-01
3.27562500e-08,1.87310937e-01
3.27962500e-08,1.87289063e-01
3.28362500e-08,1.87312500e-01
3.28762500e-08,1.87287500e-01
3.29162500e-08,1.87314063e-01
3.29562500e-08,1.87284375e-01
3.29962500e-08,1.87317188e-01
3.30362500e-08,1.87281250e-01
3.30762500e-08,1.87323437e-01
3.31162500e-08,1.87271875e-01
3.31562500e-08,1.87339063e-01
3.31962500e-08,1.87235938e-01
3.32362500e-08,1.87518750e-01
3.32762500e-08,1.87743750e-01
3.33162500e-08,1.87682813e-01
3.33562500e-08,1.87706250e-01
3.33962500e-08,1.87701563e-01
3.34362500e-08,1.87689063e-01
3.34762500e-08,1.87721875e-01
3.35162500e-08,1.87650000e-01
3.35562500e-08,1.87904688e-01
3.35962500e-08,1.88156250e-01
3.36362500e-08,1.88068750e-01
3.36762500e-08,1.88118750e-01
3.37162500e-08,1.88089063e-01
3.37562500e-08,1.88103125e-01
3.37962500e-08,1.88107812e-01
3.38362500e-08,1.88065625e-01
3.38762500e-08,1.88287500e-01
3.39162500e-08,1.88575000e-01
3.39562500e-08,1.88448438e-01
3.39962500e-08,1.88542188e-01
3.40362500e-08,1.88460938e-01
3.40762500e-08,1.88539063e-01
3.41162500e-08,1.88457813e-01
3.41562500e-08,1.88550000e-01
3.41962500e-08,1.88426563e-01
3.42362500e-08,1.88726563e-01
3.42762500e-08,1.88935938e-01
3.43162500e-08,1.88887500e-01
3.43562500e-08,1.88903125e-01
3.43962500e-08,1.88901563e-01
3.44362500e-08,1.88895312e-01
3.44762500e-08,1.88907812e-01
3.45162500e-08,1.88890625e-01
3.45562500e-08,1.88912500e-01
3.45962500e-08,1.88885938e-01
3.46362500e-08,1.88918750e-01
3.46762500e-08,1.88876563e-01
3.47162500e-08,1.88934375e-01
3.47562500e-08,1.88840625e-01
3.47962500e-08,1.89112500e-01
3.48362500e-08,1.89348437e-01
3.48762500e-08,1.89275000e-01
3.49162500e-08,1.89314063e-01
3.49562500e-08,1.89290625e-01
3.49962500e-08,1.89304688e-01
3.50362500e-08,1.89298437e-01
3.50762500e-08,1.89298437e-01
3.51162500e-08,1.89303125e-01
3.51562500e-08,1.89293750e-01
3.51962500e-08,1.89310937e-01
3.52362500e-08,1.89282813e-01
3.52762500e-08,1.89326563e-01
3.53162500e-08,1.89248438e-01
3.53562500e-08,1.89506250e-01
3.53962500e-08,1.89754688e-01
3.54362500e-08,1.89668750e-01
3.54762500e-08,1.89720313e-01
3.55162500e-08,1.89685938e-01
3.55562500e-08,1.89710938e-01
3.55962500e-08,1.89692187e-01
3.56362500e-08,1.89703125e-01
3.56762500e-08,1.89700000e-01
3.57162500e-08,1.89693750e-01
3.57562500e-08,1.89717187e-01
3.57962500e-08,1.89657812e-01
3.58362500e-08,1.89895312e-01
3.58762500e-08,1.90167188e-01
3.59162500e-08,1.90057813e-01
3.59562500e-08,1.90132812e-01
3.59962500e-08,1.90071875e-01
3.60362500e-08,1.90125000e-01
3.60762500e-08,1.90076563e-01
3.61162500e-08,1.90121875e-01
3.61562500e-08,1.90078125e-01
3.61962500e-08,1.90121875e-01
3.62362500e-08,1.90078125e-01
3.62762500e-08,1.90123438e-01
3.63162500e-08,1.90075000e-01
3.63562500e-08,1.90126563e-01
3.63962500e-08,1.90068750e-01
3.64362500e-08,1.90140625e-01
3.64762500e-08,1.90034375e-01
3.65162500e-08,1.90318750e-01
3.65562500e-08,1.90543750e-01
3.65962500e-08,1.90479687e-01
3.66362500e-08,1.90510938e-01
3.66762500e-08,1.90493750e-01
3.67162500e-08,1.90503125e-01
3.67562500e-08,1.90500000e-01
3.67962500e-08,1.90500000e-01
3.68362500e-08,1.90501562e-01
3.68762500e-08,1.90496875e-01
3.69162500e-08,1.90503125e-01
3.69562500e-08,1.90495313e-01
3.69962500e-08,1.90504688e-01
3.70362500e-08,1.90493750e-01
3.70762500e-08,1.90506250e-01
3.71162500e-08,1.90492188e-01
3.71562500e-08,1.90507813e-01
3.71962500e-08,1.90490625e-01
3.72362500e-08,1.90510938e-01
3.72762500e-08,1.90487500e-01
3.73162500e-08,1.90514062e-01
3.73562500e-08,1.90482813e-01
3.73962500e-08,1.90521875e-01
3.74362500e-08,1.90467187e-01
3.74762500e-08,1.90557813e-01
3.75162500e-08,1.90289062e-01
3.75562500e-08,1.90048438e-01
3.75962500e-08,1.90128125e-01
3.76362500e-08,1.90081250e-01
3.76762500e-08,1.90114063e-01
3.77162500e-08,1.90089063e-01
3.77562500e-08,1.90109375e-01
3.77962500e-08,1.90092188e-01
3.78362500e-08,1.90106250e-01
3.78762500e-08,1.90095313e-01
3.79162500e-08,1.90104688e-01
3.79562500e-08,1.90095313e-01
3.79962500e-08,1.90104688e-01
3.80362500e-08,1.90095313e-01
3.80762500e-08,1.90104688e-01
3.81162500e-08,1.90095313e-01
3.81562500e-08,1.90104688e-01
3.81962500e-08,1.90093750e-01
3.82362500e-08,1.90107813e-01
3.82762500e-08,1.90090625e-01
3.83162500e-08,1.90114063e-01
3.83562500e-08,1.90076563e-01
3.83962500e-08,1.90148438e-01
3.84362500e-08,1.89900000e-01
3.84762500e-08,1.89637500e-01
3.85162500e-08,1.89740625e-01
3.85562500e-08,1.89667188e-01
3.85962500e-08,1.89728125e-01
3.86362500e-08,1.89671875e-01
3.86762500e-08,1.89728125e-01
3.87162500e-08,1.89670312e-01
3.87562500e-08,1.89734375e-01
3.87962500e-08,1.89656250e-01
3.88362500e-08,1.89768750e-01
3.88762500e-08,1.89478125e-01
3.89162500e-08,1.89260938e-01
3.89562500e-08,1.89315625e-01
3.89962500e-08,1.89295313e-01
3.90362500e-08,1.89298437e-01
3.90762500e-08,1.89306250e-01
3.91162500e-08,1.89287500e-01
3.91562500e-08,1.89318750e-01
3.91962500e-08,1.89270313e-01
3.92362500e-08,1.89356250e-01
3.92762500e-08,1.89090625e-01
3.93162500e-08,1.88848438e-01
3.93562500e-08,1.88926563e-01
3.93962500e-08,1.88884375e-01
3.94362500e-08,1.88909375e-01
3.94762500e-08,1.88893750e-01
3.95162500e-08,1.88901563e-01
3.95562500e-08,1.88901563e-01
3.95962500e-08,1.88893750e-01
3.96362500e-08,1.88912500e-01
3.96762500e-08,1.88876563e-01
3.97162500e-08,1.88948438e-01
3.97562500e-08,1.88698438e-01
3.97962500e-08,1.88440625e-01
3.98362500e-08,1.88534375e-01
3.98762500e-08,1.88475000e-01
3.99162500e-08,1.88520313e-01
3.99562500e-08,1.88482813e-01
3.99962500e-08,1.88514062e-01
4.00362500e-08,1.88487500e-01
4.00762500e-08,1.88510938e-01
4.01162500e-08,1.88490625e-01
4.01562500e-08,1.88507813e-01
4.01962500e-08,1.88492188e-01
4.02362500e-08,1.88506250e-01
4.02762500e-08,1.88493750e-01
4.03162500e-08,1.88504688e-01
4.03562500e-08,1.88495313e-01
4.03962500e-08,1.88503125e-01
4.04362500e-08,1.88496875e-01
4.04762500e-08,1.88503125e-01
4.05162500e-08,1.88498438e-01
4.05562500e-08,1.88500000e-01
4.05962500e-08,1.88500000e-01
4.06362500e-08,1.88498438e-01
4.06762500e-08,1.88503125e-01
4.07162500e-08,1.88493750e-01
4.07562500e-08,1.88509375e-01
4.07962500e-08,1.88485938e-01
4.08362500e-08,1.88523438e-01
4.08762500e-08,1.88451563e-01
4.09162500e-08,1.88701563e-01
4.09562500e-08,1.88959375e-01
4.09962500e-08,1.88864063e-01
4.10362500e-08,1.88926563e-01
4.10762500e-08,1.88878125e-01
4.11162500e-08,1.88918750e-01
4.11562500e-08,1.88884375e-01
4.11962500e-08,1.88914063e-01
4.12362500e-08,1.88887500e-01
4.12762500e-08,1.88912500e-01
4.13162500e-08,1.88889063e-01
4.13562500e-08,1.88910938e-01
4.13962500e-08,1.88890625e-01
4.14362500e-08,1.88909375e-01
4.14762500e-08,1.88890625e-01
4.15162500e-08,1.88907812e-01
4.15562500e-08,1.88892188e-01
4.15962500e-08,1.88907812e-01
4.16362500e-08,1.88893750e-01
4.16762500e-08,1.88906250e-01
4.17162500e-08,1.88893750e-01
4.17562500e-08,1.88904688e-01
4.17962500e-08,1.88896875e-01
4.18362500e-08,1.88901563e-01
4.18762500e-08,1.88900000e-01
4.19162500e-08,1.88896875e-01
4.19562500e-08,1.88907812e-01
4.19962500e-08,1.88882812e-01
4.20362500e-08,1.88940625e-01
4.20762500e-08,1.88706250e-01
4.21162500e-08,1.88431250e-01
4.21562500e-08,1.88546875e-01
4.21962500e-08,1.88462500e-01
4.22362500e-08,1.88534375e-01
4.22762500e-08,1.88467188e-01
4.23162500e-08,1.88532813e-01
4.23562500e-08,1.88465625e-01
4.23962500e-08,1.88539063e-01
4.24362500e-08,1.88451563e-01
4.24762500e-08,1.88571875e-01
4.25162500e-08,1.88275000e-01
4.25562500e-08,1.88062500e-01
4.25962500e-08,1.88112500e-01
4.26362500e-08,1.88096875e-01
4.26762500e-08,1.88096875e-01
4.27162500e-08,1.88107812e-01
4.27562500e-08,1.88087500e-01
4.27962500e-08,1.88118750e-01
4.28362500e-08,1.88070313e-01
4.28762500e-08,1.88154688e-01
4.29162500e-08,1.87892188e-01
4.29562500e-08,1.87645312e-01
4.29962500e-08,1.87731250e-01
4.30362500e-08,1.87678125e-01
4.30762500e-08,1.87717187e-01
4.31162500e-08,1.87684375e-01
4.31562500e-08,1.87715625e-01
4.31962500e-08,1.87682813e-01
4.32362500e-08,1.87720313e-01
4.32762500e-08,1.87670313e-01
4.33162500e-08,1.87753125e-01
4.33562500e-08,1.87495313e-01
4.33962500e-08,1.87242188e-01
4.34362500e-08,1.87334375e-01
4.34762500e-08,1.87273438e-01
4.35162500e-08,1.87321875e-01
4.35562500e-08,1.87281250e-01
4.35962500e-08,1.87317188e-01
4.36362500e-08,1.87282813e-01
4.36762500e-08,1.87317188e-01
4.37162500e-08,1.87284375e-01
4.37562500e-08,1.87315625e-01
4.37962500e-08,1.87282813e-01
4.38362500e-08,1.87317188e-01
4.38762500e-08,1.87282813e-01
4.39162500e-08,1.87318750e-01
4.39562500e-08,1.87279688e-01
4.39962500e-08,1.87321875e-01
4.40362500e-08,1.87276563e-01
4.40762500e-08,1.87326563e-01
4.41162500e-08,1.87267188e-01
4.41562500e-08,1.87342188e-01
4.41962500e-08,1.87232813e-01
4.42362500e-08,1.87520313e-01
4.42762500e-08,1.87740625e-01
4.43162500e-08,1.87684375e-01
4.43562500e-08,1.87706250e-01
4.43962500e-08,1.87700000e-01
4.44362500e-08,1.87696875e-01
4.44762500e-08,1.87706250e-01
4.45162500e-08,1.87690625e-01
4.45562500e-08,1.87712500e-01
4.45962500e-08,1.87684375e-01
4.46362500e-08,1.87720313e-01
4.46762500e-08,1.87673438e-01
4.47162500e-08,1.87737500e-01
4.47562500e-08,1.87637500e-01
4.47962500e-08,1.87917187e-01
4.48362500e-08,1.88143750e-01
4.48762500e-08,1.88081250e-01
4.49162500e-08,1.88107812e-01
4.49562500e-08,1.88100000e-01
4.49962500e-08,1.88095313e-01
4.50362500e-08,1.88110938e-01
4.50762500e-08,1.88081250e-01
4.51162500e-08,1.88129688e-01
4.51562500e-08,1.88043750e-01
4.51962500e-08,1.88310937e-01
4.52362500e-08,1.88550000e-01
4.52762500e-08,1.88476562e-01
4.53162500e-08,1.88512500e-01
4.53562500e-08,1.88493750e-01
4.53962500e-08,1.88500000e-01
4.54362500e-08,1.88506250e-01
4.54762500e-08,1.88487500e-01
4.55162500e-08,1.88525000e-01
4.55562500e-08,1.88448438e-01
4.55962500e-08,1.88706250e-01
4.56362500e-08,1.88954687e-01
4.56762500e-08,1.88870312e-01
4.57162500e-08,1.88917188e-01
4.57562500e-08,1.88889063e-01
4.57962500e-08,1.88904688e-01
4.58362500e-08,1.88901563e-01
4.58762500e-08,1.88892188e-01
4.59162500e-08,1.88920313e-01
4.59562500e-08,1.88853125e-01
4.59962500e-08,1.89101563e-01
4.60362500e-08,1.89359375e-01
4.60762500e-08,1.89265625e-01
4.61162500e-08,1.89323437e-01
4.61562500e-08,1.89282813e-01
4.61962500e-08,1.89310937e-01
4.62362500e-08,1.89293750e-01
4.62762500e-08,1.89298437e-01
4.63162500e-08,1.89312500e-01
4.63562500e-08,1.89262500e-01
4.63962500e-08,1.89490625e-01
4.64362500e-08,1.89770313e-01
4.64762500e-08,1.89653125e-01
4.65162500e-08,1.89737500e-01
4.65562500e-08,1.89665625e-01
4.65962500e-08,1.89732813e-01
4.66362500e-08,1.89665625e-01
4.66762500e-08,1.89740625e-01
4.67162500e-08,1.89635938e-01
4.67562500e-08,1.89914063e-01
4.67962500e-08,1.90151563e-01
4.68362500e-08,1.90070313e-01
4.68762500e-08,1.90125000e-01
4.69162500e-08,1.90073437e-01
4.69562500e-08,1.90134375e-01
4.69962500e-08,1.90042188e-01
4.70362500e-08,1.90310937e-01
4.70762500e-08,1.90550000e-01
4.71162500e-08,1.90475000e-01
4.71562500e-08,1.90514062e-01
4.71962500e-08,1.90493750e-01
4.72362500e-08,1.90498438e-01
4.72762500e-08,1.90514062e-01
4.73162500e-08,1.90459375e-01
4.73562500e-08,1.90695313e-01
4.73962500e-08,1.90965625e-01
4.74362500e-08,1.90860937e-01
4.74762500e-08,1.90928125e-01
4.75162500e-08,1.90879688e-01
4.75562500e-08,1.90912500e-01
4.75962500e-08,1.90898438e-01
4.76362500e-08,1.90875000e-01
4.76762500e-08,1.91078125e-01
4.77162500e-08,1.91382812e-01
4.77562500e-08,1.91240625e-01
4.77962500e-08,1.91351563e-01
4.78362500e-08,1.91251562e-01
4.78762500e-08,1.91348437e-01
4.79162500e-08,1.91248438e-01
4.79562500e-08,1.91359375e-01
4.79962500e-08,1.91217187e-01
4.80362500e-08,1.91535938e-01
4.80762500e-08,1.91728125e-01
4.81162500e-08,1.91696875e-01
4.81562500e-08,1.91693750e-01
4.81962500e-08,1.91710938e-01
4.82362500e-08,1.91685938e-01
4.82762500e-08,1.91717187e-01
4.83162500e-08,1.91678125e-01
4.83562500e-08,1.91725000e-01
4.83962500e-08,1.91668750e-01
4.84362500e-08,1.91740625e-01
4.84762500e-08,1.91634375e-01
4.85162500e-08,1.91920312e-01
4.85562500e-08,1.92142188e-01
4.85962500e-08,1.92082813e-01
4.86362500e-08,1.92107813e-01
4.86762500e-08,1.92096875e-01
4.87162500e-08,1.92098437e-01
4.87562500e-08,1.92103125e-01
4.87962500e-08,1.92095313e-01
4.88362500e-08,1.92107813e-01
4.88762500e-08,1.92090625e-01
4.89162500e-08,1.92110937e-01
4.89562500e-08,1.92087500e-01
4.89962500e-08,1.92114063e-01
4.90362500e-08,1.92084375e-01
4.90762500e-08,1.92118750e-01
4.91162500e-08,1.92078125e-01
4.91562500e-08,1.92128125e-01
4.91962500e-08,1.92062500e-01
4.92362500e-08,1.92164063e-01
4.92762500e-08,1.91882812e-01
4.93162500e-08,1.91656250e-01
4.93562500e-08,1.91718750e-01
4.93962500e-08,1.91692187e-01
4.94362500e-08,1.91701563e-01
4.94762500e-08,1.91703125e-01
4.95162500e-08,1.91690625e-01
4.95562500e-08,1.91715625e-01
4.95962500e-08,1.91673438e-01
4.96362500e-08,1.91753125e-01
4.96762500e-08,1.91492188e-01
4.97162500e-08,1.91246875e-01
4.97562500e-08,1.91328125e-01
4.97962500e-08,1.91282813e-01
4.98362500e-08,1.91309375e-01
4.98762500e-08,1.91298438e-01
4.99162500e-08,1.91290625e-01
4.99562500e-08,1.91335937e-01
4.99962500e-08,1.91110937e-01
5.00362500e-08,1.90825000e-01
5.00762500e-08,1.90951563e-01
5.01162500e-08,1.90854688e-01
5.01562500e-08,1.90945313e-01
5.01962500e-08,1.90848437e-01
5.02362500e-08,1.90975000e-01
5.02762500e-08,1.90673438e-01
5.03162500e-08,1.90464063e-01
5.03562500e-08,1.90510938e-01
5.03962500e-08,1.90498438e-01
5.04362500e-08,1.90493750e-01
5.04762500e-08,1.90514062e-01
5.05162500e-08,1.90475000e-01
5.05562500e-08,1.90550000e-01
5.05962500e-08,1.90295313e-01
5.06362500e-08,1.90042188e-01
5.06762500e-08,1.90134375e-01
5.07162500e-08,1.90076563e-01
5.07562500e-08,1.90118750e-01
5.07962500e-08,1.90084375e-01
5.08362500e-08,1.90114063e-01
5.08762500e-08,1.90087500e-01
5.09162500e-08,1.90110938e-01
5.09562500e-08,1.90089063e-01
5.09962500e-08,1.90109375e-01
5.10362500e-08,1.90090625e-01
5.10762500e-08,1.90109375e-01
5.11162500e-08,1.90092188e-01
5.11562500e-08,1.90107813e-01
5.11962500e-08,1.90092188e-01
5.12362500e-08,1.90107813e-01
5.12762500e-08,1.90092188e-01
5.13162500e-08,1.90107813e-01
5.13562500e-08,1.90092188e-01
5.13962500e-08,1.90107813e-01
5.14362500e-08,1.90092188e-01
5.14762500e-08,1.90106250e-01
5.15162500e-08,1.90093750e-01
5.15562500e-08,1.90106250e-01
5.15962500e-08,1.90093750e-01
5.16362500e-08,1.90106250e-01
5.16762500e-08,1.90093750e-01
5.17162500e-08,1.90106250e-01
5.17562500e-08,1.90093750e-01
5.17962500e-08,1.90106250e-01
5.18362500e-08,1.90093750e-01
5.18762500e-08,1.90106250e-01
5.19162500e-08,1.90093750e-01
5.19562500e-08,1.90106250e-01
5.19962500e-08,1.90093750e-01
5.20362500e-08,1.90106250e-01
5.20762500e-08,1.90093750e-01
5.21162500e-08,1.90106250e-01
5.21562500e-08,1.90093750e-01
5.21962500e-08,1.90106250e-01
5.22362500e-08,1.90093750e-01
5.22762500e-08,1.90106250e-01
5.23162500e-08,1.90093750e-01
5.23562500e-08,1.90106250e-01
5.23962500e-08,1.90093750e-01
5.24362500e-08,1.90106250e-01
5.24762500e-08,1.90095313e-01
5.25162500e-08,1.90104688e-01
5.25562500e-08,1.90096875e-01
5.25962500e-08,1.90100000e-01
5.26362500e-08,1.90104688e-01
5.26762500e-08,1.90087500e-01
5.27162500e-08,1.90135938e-01
5.27562500e-08,1.89912500e-01
5.27962500e-08,1.89623438e-01
5.28362500e-08,1.89754688e-01
5.28762500e-08,1.89650000e-01
5.29162500e-08,1.89750000e-01
5.29562500e-08,1.89642188e-01
5.29962500e-08,1.89781250e-01
5.30362500e-08,1.89465625e-01
5.30762500e-08,1.89271875e-01
5.31162500e-08,1.89303125e-01
5.31562500e-08,1.89307813e-01
5.31962500e-08,1.89284375e-01
5.32362500e-08,1.89323437e-01
5.32762500e-08,1.89265625e-01
5.33162500e-08,1.89360937e-01
5.33562500e-08,1.89084375e-01
5.33962500e-08,1.88854688e-01
5.34362500e-08,1.88920313e-01
5.34762500e-08,1.88890625e-01
5.35162500e-08,1.88903125e-01
5.35562500e-08,1.88901563e-01
5.35962500e-08,1.88895312e-01
5.36362500e-08,1.88909375e-01
5.36762500e-08,1.88885938e-01
5.37162500e-08,1.88920313e-01
5.37562500e-08,1.88870312e-01
5.37962500e-08,1.88956250e-01
5.38362500e-08,1.88689063e-01
5.38762500e-08,1.88448438e-01
5.39162500e-08,1.88526562e-01
5.39562500e-08,1.88482813e-01
5.39962500e-08,1.88510938e-01
5.40362500e-08,1.88492188e-01
5.40762500e-08,1.88504688e-01
5.41162500e-08,1.88496875e-01
5.41562500e-08,1.88501562e-01
5.41962500e-08,1.88501562e-01
5.42362500e-08,1.88496875e-01
5.42762500e-08,1.88504688e-01
5.43162500e-08,1.88493750e-01
5.43562500e-08,1.88507813e-01
5.43962500e-08,1.88489062e-01
5.44362500e-08,1.88514062e-01
5.44762500e-08,1.88479687e-01
5.45162500e-08,1.88529688e-01
5.45562500e-08,1.88445313e-01
5.45962500e-08,1.88709375e-01
5.46362500e-08,1.88953125e-01
5.46762500e-08,1.88871875e-01
5.47162500e-08,1.88918750e-01
5.47562500e-08,1.88885938e-01
5.47962500e-08,1.88909375e-01
5.48362500e-08,1.88892188e-01
5.48762500e-08,1.88906250e-01
5.49162500e-08,1.88895312e-01
5.49562500e-08,1.88903125e-01
5.49962500e-08,1.88898438e-01
5.50362500e-08,1.88900000e-01
5.50762500e-08,1.88900000e-01
5.51162500e-08,1.88898438e-01
5.51562500e-08,1.88903125e-01
5.51962500e-08,1.88896875e-01
5.52362500e-08,1.88904688e-01
5.52762500e-08,1.88893750e-01
5.53162500e-08,1.88907812e-01
5.53562500e-08,1.88889063e-01
5.53962500e-08,1.88914063e-01
5.54362500e-08,1.88879688e-01
5.54762500e-08,1.88929687e-01
5.55162500e-08,1.88845313e-01
5.55562500e-08,1.89107812e-01
5.55962500e-08,1.89353125e-01
5.56362500e-08,1.89270313e-01
5.56762500e-08,1.89318750e-01
5.57162500e-08,1.89285938e-01
5.57562500e-08,1.89310937e-01
5.57962500e-08,1.89292188e-01
5.58362500e-08,1.89306250e-01
5.58762500e-08,1.89295313e-01
5.59162500e-08,1.89303125e-01
5.59562500e-08,1.89298437e-01
5.59962500e-08,1.89300000e-01
5.60362500e-08,1.89301563e-01
5.60762500e-08,1.89296875e-01
5.61162500e-08,1.89304688e-01
5.61562500e-08,1.89292188e-01
5.61962500e-08,1.89310937e-01
5.62362500e-08,1.89284375e-01
5.62762500e-08,1.89326563e-01
5.63162500e-08,1.89248438e-01
5.63562500e-08,1.89504688e-01
5.63962500e-08,1.89757813e-01
5.64362500e-08,1.89667188e-01
5.64762500e-08,1.89723438e-01
5.65162500e-08,1.89681250e-01
5.65562500e-08,1.89715625e-01
5.65962500e-08,1.89685938e-01
5.66362500e-08,1.89710938e-01
5.66762500e-08,1.89689063e-01
5.67162500e-08,1.89709375e-01
5.67562500e-08,1.89690625e-01
5.67962500e-08,1.89707813e-01
5.68362500e-08,1.89692187e-01
5.68762500e-08,1.89706250e-01
5.69162500e-08,1.89693750e-01
5.69562500e-08,1.89706250e-01
5.69962500e-08,1.89695313e-01
5.70362500e-08,1.89704687e-01
5.70762500e-08,1.89695313e-01
5.71162500e-08,1.89704687e-01
5.71562500e-08,1.89695313e-01
5.71962500e-08,1.89704687e-01
5.72362500e-08,1.89696875e-01
5.72762500e-08,1.89703125e-01
5.73162500e-08,1.89696875e-01
5.73562500e-08,1.89703125e-01
5.73962500e-08,1.89696875e-01
5.74362500e-08,1.89703125e-01
5.74762500e-08,1.89696875e-01
5.75162500e-08,1.89703125e-01
5.75562500e-08,1.89698438e-01
5.75962500e-08,1.89701563e-01
5.76362500e-08,1.89698438e-01
5.76762500e-08,1.89701563e-01
5.77162500e-08,1.89698438e-01
5.77562500e-08,1.89701563e-01
5.77962500e-08,1.89698438e-01
5.78362500e-08,1.89701563e-01
5.78762500e-08,1.89698438e-01
5.79162500e-08,1.89701563e-01
5.79562500e-08,1.89700000e-01
5.79962500e-08,1.89700000e-01
5.80362500e-08,1.89700000e-01
5.80762500e-08,1.89700000e-01
5.81162500e-08,1.89700000e-01
5.81562500e-08,1.89700000e-01
5.81962500e-08,1.89700000e-01
5.82362500e-08,1.89700000e-01
5.82762500e-08,1.89700000e-01
5.83162500e-08,1.89698438e-01
5.83562500e-08,1.89701563e-01
5.83962500e-08,1.89698438e-01
5.84362500e-08,1.89701563e-01
5.84762500e-08,1.89698438e-01
5.85162500e-08,1.89701563e-01
5.85562500e-08,1.89698438e-01
5.85962500e-08,1.89703125e-01
5.86362500e-08,1.89696875e-01
5.86762500e-08,1.89703125e-01
5.87162500e-08,1.89696875e-01
5.87562500e-08,1.89703125e-01
5.87962500e-08,1.89695313e-01
5.88362500e-08,1.89704687e-01
5.88762500e-08,1.89695313e-01
5.89162500e-08,1.89706250e-01
5.89562500e-08,1.89693750e-01
5.89962500e-08,1.89707813e-01
5.90362500e-08,1.89690625e-01
5.90762500e-08,1.89710938e-01
5.91162500e-08,1.89687500e-01
5.91562500e-08,1.89715625e-01
5.91962500e-08,1.89679687e-01
5.92362500e-08,1.89731250e-01
5.92762500e-08,1.89643750e-01
5.93162500e-08,1.89909375e-01
5.93562500e-08,1.90153125e-01
5.93962500e-08,1.90070313e-01
5.94362500e-08,1.90118750e-01
5.94762500e-08,1.90085937e-01
5.95162500e-08,1.90110938e-01
5.95562500e-08,1.90092188e-01
5.95962500e-08,1.90106250e-01
5.96362500e-08,1.90095313e-01
5.96762500e-08,1.90103125e-01
5.97162500e-08,1.90096875e-01
5.97562500e-08,1.90101563e-01
5.97962500e-08,1.90100000e-01
5.98362500e-08,1.90098437e-01
5.98762500e-08,1.90104688e-01
5.99162500e-08,1.90092188e-01
5.99562500e-08,1.90112500e-01
5.99962500e-08,1.90078125e-01
6.00362500e-08,1.90146875e-01
6.00762500e-08,1.89900000e-01
6.01162500e-08,1.89637500e-01
6.01562500e-08,1.89739062e-01
6.01962500e-08,1.89670312e-01
6.02362500e-08,1.89725000e-01
6.02762500e-08,1.89678125e-01
6.03162500e-08,1.89720313e-01
6.03562500e-08,1.89679687e-01
6.03962500e-08,1.89720313e-01
6.04362500e-08,1.89679687e-01
6.04762500e-08,1.89721875e-01
6.05162500e-08,1.89675000e-01
6.05562500e-08,1.89729688e-01
6.05962500e-08,1.89660938e-01
6.06362500e-08,1.89764062e-01
6.06762500e-08,1.89482813e-01
6.07162500e-08,1.89254688e-01
6.07562500e-08,1.89321875e-01
6.07962500e-08,1.89289062e-01
6.08362500e-08,1.89304688e-01
6.08762500e-08,1.89300000e-01
6.09162500e-08,1.89296875e-01
6.09562500e-08,1.89309375e-01
6.09962500e-08,1.89279688e-01
6.10362500e-08,1.89345313e-01
6.10762500e-08,1.89101563e-01
6.11162500e-08,1.88835937e-01
6.11562500e-08,1.88940625e-01
6.11962500e-08,1.88867188e-01
6.12362500e-08,1.88928125e-01
6.12762500e-08,1.88873438e-01
6.13162500e-08,1.88926563e-01
6.13562500e-08,1.88871875e-01
6.13962500e-08,1.88932813e-01
6.14362500e-08,1.88859375e-01
6.14762500e-08,1.88965625e-01
6.15162500e-08,1.88681250e-01
6.15562500e-08,1.88456250e-01
6.15962500e-08,1.88520313e-01
6.16362500e-08,1.88489062e-01
6.16762500e-08,1.88506250e-01
6.17162500e-08,1.88496875e-01
6.17562500e-08,1.88501562e-01
6.17962500e-08,1.88500000e-01
6.18362500e-08,1.88498438e-01
6.18762500e-08,1.88503125e-01
6.19162500e-08,1.88495313e-01
6.19562500e-08,1.88506250e-01
6.19962500e-08,1.88492188e-01
6.20362500e-08,1.88510938e-01
6.20762500e-08,1.88485938e-01
6.21162500e-08,1.88518750e-01
6.21562500e-08,1.88470313e-01
6.21962500e-08,1.88554688e-01
6.22362500e-08,1.88292188e-01
6.22762500e-08,1.88045313e-01
6.23162500e-08,1.88131250e-01
6.23562500e-08,1.88079688e-01
6.23962500e-08,1.88115625e-01
6.24362500e-08,1.88087500e-01
6.24762500e-08,1.88110938e-01
6.25162500e-08,1.88090625e-01
6.25562500e-08,1.88107812e-01
6.25962500e-08,1.88093750e-01
6.26362500e-08,1.88106250e-01
6.26762500e-08,1.88093750e-01
6.27162500e-08,1.88104688e-01
6.27562500e-08,1.88095313e-01
6.27962500e-08,1.88104688e-01
6.28362500e-08,1.88096875e-01
6.28762500e-08,1.88103125e-01
6.29162500e-08,1.88096875e-01
6.29562500e-08,1.88103125e-01
6.29962500e-08,1.88096875e-01
6.30362500e-08,1.88101563e-01
6.30762500e-08,1.88098437e-01
6.31162500e-08,1.88101563e-01
6.31562500e-08,1.88098437e-01
6.31962500e-08,1.88101563e-01
6.32362500e-08,1.88098437e-01
6.32762500e-08,1.88101563e-01
6.33162500e-08,1.88098437e-01
6.33562500e-08,1.88100000e-01
6.33962500e-08,1.88100000e-01
6.34362500e-08,1.88100000e-01
6.34762500e-08,1.88100000e-01
6.35162500e-08,1.88100000e-01
6.35562500e-08,1.88100000e-01
6.35962500e-08,1.88100000e-01
6.36362500e-08,1.88100000e-01
6.36762500e-08,1.88100000e-01
6.37162500e-08,1.88101563e-01
6.37562500e-08,1.88098437e-01
6.37962500e-08,1.88101563e-01
6.38362500e-08,1.88098437e-01
6.38762500e-08,1.88101563e-01
6.39162500e-08,1.88098437e-01
6.39562500e-08,1.88101563e-01
6.39962500e-08,1.88098437e-01
6.40362500e-08,1.88103125e-01
6.40762500e-08,1.88096875e-01
6.41162500e-08,1.88103125e-01
6.41562500e-08,1.88096875e-01
6.41962500e-08,1.88103125e-01
6.42362500e-08,1.88095313e-01
6.42762500e-08,1.88104688e-01
6.43162500e-08,1.88095313e-01
6.43562500e-08,1.88106250e-01
6.43962500e-08,1.88093750e-01
6.44362500e-08,1.88107812e-01
6.44762500e-08,1.88090625e-01
6.45162500e-08,1.88110938e-01
6.45562500e-08,1.88087500e-01
6.45962500e-08,1.88115625e-01
6.46362500e-08,1.88078125e-01
6.46762500e-08,1.88131250e-01
6.47162500e-08,1.88043750e-01
6.47562500e-08,1.88309375e-01
6.47962500e-08,1.88553125e-01
6.48362500e-08,1.88471875e-01
6.48762500e-08,1.88518750e-01
6.49162500e-08,1.88485938e-01
6.49562500e-08,1.88510938e-01
6.49962500e-08,1.88492188e-01
6.50362500e-08,1.88506250e-01
6.50762500e-08,1.88496875e-01
6.51162500e-08,1.88501562e-01
6.51562500e-08,1.88500000e-01
6.51962500e-08,1.88496875e-01
6.52362500e-08,1.88506250e-01
6.52762500e-08,1.88489062e-01
6.53162500e-08,1.88520313e-01
6.53562500e-08,1.88454687e-01
6.53962500e-08,1.88698438e-01
6.54362500e-08,1.88964063e-01
6.54762500e-08,1.88859375e-01
6.55162500e-08,1.88932813e-01
6.55562500e-08,1.88871875e-01
6.55962500e-08,1.88926563e-01
6.56362500e-08,1.88873438e-01
6.56762500e-08,1.88928125e-01
6.57162500e-08,1.88867188e-01
6.57562500e-08,1.88942187e-01
6.57962500e-08,1.88834375e-01
6.58362500e-08,1.89118750e-01
6.58762500e-08,1.89343750e-01
6.59162500e-08,1.89281250e-01
6.59562500e-08,1.89309375e-01
6.59962500e-08,1.89296875e-01
6.60362500e-08,1.89300000e-01
6.60762500e-08,1.89304688e-01
6.61162500e-08,1.89289062e-01
6.61562500e-08,1.89321875e-01
6.61962500e-08,1.89253125e-01
6.62362500e-08,1.89500000e-01
6.62762500e-08,1.89762500e-01
6.63162500e-08,1.89660938e-01
6.63562500e-08,1.89729688e-01
6.63962500e-08,1.89675000e-01
6.64362500e-08,1.89723438e-01
6.64762500e-08,1.89678125e-01
6.65162500e-08,1.89721875e-01
6.65562500e-08,1.89678125e-01
6.65962500e-08,1.89721875e-01
6.66362500e-08,1.89676563e-01
6.66762500e-08,1.89726563e-01
6.67162500e-08,1.89667188e-01
6.67562500e-08,1.89742187e-01
6.67962500e-08,1.89632812e-01
6.68362500e-08,1.89921875e-01
6.68762500e-08,1.90139063e-01
6.69162500e-08,1.90085937e-01
6.69562500e-08,1.90101563e-01
6.69962500e-08,1.90107813e-01
6.70362500e-08,1.90079688e-01
6.70762500e-08,1.90146875e-01
6.71162500e-08,1.89898438e-01
6.71562500e-08,1.89640625e-01
6.71962500e-08,1.89735938e-01
6.72362500e-08,1.89673438e-01
6.72762500e-08,1.89720313e-01
6.73162500e-08,1.89681250e-01
6.73562500e-08,1.89717187e-01
6.73962500e-08,1.89684375e-01
6.74362500e-08,1.89715625e-01
6.74762500e-08,1.89682813e-01
6.75162500e-08,1.89721875e-01
6.75562500e-08,1.89670312e-01
6.75962500e-08,1.89753125e-01
6.76362500e-08,1.89495313e-01
6.76762500e-08,1.89240625e-01
6.77162500e-08,1.89337500e-01
6.77562500e-08,1.89270313e-01
6.77962500e-08,1.89326563e-01
6.78362500e-08,1.89271875e-01
6.78762500e-08,1.89331250e-01
6.79162500e-08,1.89259375e-01
6.79562500e-08,1.89364063e-01
6.79962500e-08,1.89082813e-01
6.80362500e-08,1.88854688e-01
6.80762500e-08,1.88920313e-01
6.81162500e-08,1.88889063e-01
6.81562500e-08,1.88904688e-01
6.81962500e-08,1.88900000e-01
6.82362500e-08,1.88896875e-01
6.82762500e-08,1.88906250e-01
6.83162500e-08,1.88889063e-01
6.83562500e-08,1.88917188e-01
6.83962500e-08,1.88873438e-01
6.84362500e-08,1.88953125e-01
6.84762500e-08,1.88693750e-01
6.85162500e-08,1.88445313e-01
6.85562500e-08,1.88531250e-01
6.85962500e-08,1.88479687e-01
6.86362500e-08,1.88515625e-01
6.86762500e-08,1.88489062e-01
6.87162500e-08,1.88507813e-01
6.87562500e-08,1.88493750e-01
6.87962500e-08,1.88503125e-01
6.88362500e-08,1.88498438e-01
6.88762500e-08,1.88498438e-01
6.89162500e-08,1.88506250e-01
6.89562500e-08,1.88489062e-01
6.89962500e-08,1.88521875e-01
6.90362500e-08,1.88453125e-01
6.90762500e-08,1.88700000e-01
6.91162500e-08,1.88960938e-01
6.91562500e-08,1.88862500e-01
6.91962500e-08,1.88928125e-01
6.92362500e-08,1.88878125e-01
6.92762500e-08,1.88918750e-01
6.93162500e-08,1.88882812e-01
6.93562500e-08,1.88915625e-01
6.93962500e-08,1.88885938e-01
6.94362500e-08,1.88912500e-01
6.94762500e-08,1.88887500e-01
6.95162500e-08,1.88910938e-01
6.95562500e-08,1.88889063e-01
6.95962500e-08,1.88910938e-01
6.96362500e-08,1.88889063e-01
6.96762500e-08,1.88909375e-01
6.97162500e-08,1.88890625e-01
6.97562500e-08,1.88909375e-01
6.97962500e-08,1.88890625e-01
6.98362500e-08,1.88910938e-01
6.98762500e-08,1.88889063e-01
6.99162500e-08,1.88912500e-01
6.99562500e-08,1.88884375e-01
6.99962500e-08,1.88921875e-01
7.00362500e-08,1.88859375e-01
7.00762500e-08,1.89084375e-01
7.01162500e-08,1.89403125e-01
7.01562500e-08,1.89067188e-01
7.01962500e-08,1.88860938e-01
7.02362500e-08,1.88920313e-01
7.02762500e-08,1.88885938e-01
7.03162500e-08,1.88910938e-01
7.03562500e-08,1.88890625e-01
7.03962500e-08,1.88907812e-01
7.04362500e-08,1.88893750e-01
7.04762500e-08,1.88906250e-01
7.05162500e-08,1.88893750e-01
7.05562500e-08,1.88906250e-01
7.05962500e-08,1.88893750e-01
7.06362500e-08,1.88904688e-01
7.06762500e-08,1.88895312e-01
7.07162500e-08,1.88904688e-01
7.07562500e-08,1.88895312e-01
7.07962500e-08,1.88904688e-01
7.08362500e-08,1.88895312e-01
7.08762500e-08,1.88904688e-01
7.09162500e-08,1.88895312e-01
7.09562500e-08,1.88904688e-01
7.09962500e-08,1.88895312e-01
7.10362500e-08,1.88903125e-01
7.10762500e-08,1.88896875e-01
7.11162500e-08,1.88903125e-01
7.11562500e-08,1.88896875e-01
7.11962500e-08,1.88903125e-01
7.12362500e-08,1.88896875e-01
7.12762500e-08,1.88903125e-01
7.13162500e-08,1.88896875e-01
7.13562500e-08,1.88903125e-01
7.13962500e-08,1.88896875e-01
7.14362500e-08,1.88903125e-01
7.14762500e-08,1.88896875e-01
7.15162500e-08,1.88903125e-01
7.15562500e-08,1.88896875e-01
7.15962500e-08,1.88903125e-01
7.16362500e-08,1.88898438e-01
7.16762500e-08,1.88901563e-01
7.17162500e-08,1.88898438e-01
7.17562500e-08,1.88901563e-01
7.17962500e-08,1.88898438e-01
7.18362500e-08,1.88901563e-01
7.18762500e-08,1.88898438e-01
7.19162500e-08,1.88901563e-01
7.19562500e-08,1.88898438e-01
7.19962500e-08,1.88901563e-01
7.20362500e-08,1.88898438e-01
7.20762500e-08,1.88901563e-01
7.21162500e-08,1.88900000e-01
7.21562500e-08,1.88900000e-01
7.21962500e-08,1.88900000e-01
7.22362500e-08,1.88900000e-01
7.22762500e-08,1.88900000e-01
7.23162500e-08,1.88900000e-01
7.23562500e-08,1.88901563e-01
7.23962500e-08,1.88898438e-01
7.24362500e-08,1.88901563e-01
7.24762500e-08,1.88896875e-01
7.25162500e-08,1.88903125e-01
7.25562500e-08,1.88896875e-01
7.25962500e-08,1.88904688e-01
7.26362500e-08,1.88893750e-01
7.26762500e-08,1.88907812e-01
7.27162500e-08,1.88890625e-01
7.27562500e-08,1.88912500e-01
7.27962500e-08,1.88881250e-01
7.28362500e-08,1.88928125e-01
7.28762500e-08,1.88846875e-01
7.29162500e-08,1.89106250e-01
7.29562500e-08,1.89356250e-01
7.29962500e-08,1.89268750e-01
7.30362500e-08,1.89321875e-01
7.30762500e-08,1.89284375e-01
7.31162500e-08,1.89312500e-01
7.31562500e-08,1.89290625e-01
7.31962500e-08,1.89307813e-01
7.32362500e-08,1.89295313e-01
7.32762500e-08,1.89303125e-01
7.33162500e-08,1.89301563e-01
7.33562500e-08,1.89293750e-01
7.33962500e-08,1.89315625e-01
7.34362500e-08,1.89259375e-01
7.34762500e-08,1.89493750e-01
7.35162500e-08,1.89768750e-01
7.35562500e-08,1.89654688e-01
7.35962500e-08,1.89735938e-01
7.36362500e-08,1.89667188e-01
7.36762500e-08,1.89731250e-01
7.37162500e-08,1.89668750e-01
7.37562500e-08,1.89731250e-01
7.37962500e-08,1.89664063e-01
7.38362500e-08,1.89745313e-01
7.38762500e-08,1.89631250e-01
7.39162500e-08,1.89921875e-01
7.39562500e-08,1.90142188e-01
7.39962500e-08,1.90081250e-01
7.40362500e-08,1.90109375e-01
7.40762500e-08,1.90095313e-01
7.41162500e-08,1.90101563e-01
7.41562500e-08,1.90100000e-01
7.41962500e-08,1.90098437e-01
7.42362500e-08,1.90101563e-01
7.42762500e-08,1.90096875e-01
7.43162500e-08,1.90103125e-01
7.43562500e-08,1.90095313e-01
7.43962500e-08,1.90104688e-01
7.44362500e-08,1.90095313e-01
7.44762500e-08,1.90104688e-01
7.45162500e-08,1.90095313e-01
7.45562500e-08,1.90106250e-01
7.45962500e-08,1.90093750e-01
7.46362500e-08,1.90106250e-01
7.46762500e-08,1.90093750e-01
7.47162500e-08,1.90106250e-01
7.47562500e-08,1.90092188e-01
7.47962500e-08,1.90107813e-01
7.48362500e-08,1.90092188e-01
7.48762500e-08,1.90109375e-01
7.49162500e-08,1.90090625e-01
7.49562500e-08,1.90110938e-01
7.49962500e-08,1.90087500e-01
7.50362500e-08,1.90114063e-01
7.50762500e-08,1.90082813e-01
7.51162500e-08,1.90121875e-01
7.51562500e-08,1.90068750e-01
7.51962500e-08,1.90156250e-01
7.52362500e-08,1.89890625e-01
7.52762500e-08,1.89646875e-01
7.53162500e-08,1.89729688e-01
7.53562500e-08,1.89679687e-01
7.53962500e-08,1.89715625e-01
7.54362500e-08,1.89685938e-01
7.54762500e-08,1.89712500e-01
7.55162500e-08,1.89687500e-01
7.55562500e-08,1.89712500e-01
7.55962500e-08,1.89684375e-01
7.56362500e-08,1.89718750e-01
7.56762500e-08,1.89671875e-01
7.57162500e-08,1.89751562e-01
7.57562500e-08,1.89495313e-01
7.57962500e-08,1.89240625e-01
7.58362500e-08,1.89335937e-01
7.58762500e-08,1.89271875e-01
7.59162500e-08,1.89325000e-01
7.59562500e-08,1.89276562e-01
7.59962500e-08,1.89323437e-01
7.60362500e-08,1.89273438e-01
7.60762500e-08,1.89329688e-01
7.61162500e-08,1.89260938e-01
7.61562500e-08,1.89364063e-01
7.61962500e-08,1.89082813e-01
7.62362500e-08,1.88854688e-01
7.62762500e-08,1.88920313e-01
7.63162500e-08,1.88889063e-01
7.63562500e-08,1.88904688e-01
7.63962500e-08,1.88900000e-01
7.64362500e-08,1.88895312e-01
7.64762500e-08,1.88910938e-01
7.65162500e-08,1.88878125e-01
7.65562500e-08,1.88946875e-01
7.65962500e-08,1.88700000e-01
7.66362500e-08,1.88439063e-01
7.66762500e-08,1.88537500e-01
7.67162500e-08,1.88471875e-01
7.67562500e-08,1.88523438e-01
7.67962500e-08,1.88478125e-01
7.68362500e-08,1.88520313e-01
7.68762500e-08,1.88481250e-01
7.69162500e-08,1.88518750e-01
7.69562500e-08,1.88479687e-01
7.69962500e-08,1.88521875e-01
7.70362500e-08,1.88476562e-01
7.70762500e-08,1.88528125e-01
7.71162500e-08,1.88462500e-01
7.71562500e-08,1.88562500e-01
7.71962500e-08,1.88284375e-01
7.72362500e-08,1.88053125e-01
7.72762500e-08,1.88121875e-01
7.73162500e-08,1.88087500e-01
7.73562500e-08,1.88107812e-01
7.73962500e-08,1.88095313e-01
7.74362500e-08,1.88101563e-01
7.74762500e-08,1.88100000e-01
7.75162500e-08,1.88096875e-01
7.75562500e-08,1.88104688e-01
7.75962500e-08,1.88092188e-01
7.76362500e-08,1.88110938e-01
7.76762500e-08,1.88082813e-01
7.77162500e-08,1.88126563e-01
7.77562500e-08,1.88048437e-01
7.77962500e-08,1.88304688e-01
7.78362500e-08,1.88556250e-01
7.78762500e-08,1.88467188e-01
7.79162500e-08,1.88523438e-01
7.79562500e-08,1.88482813e-01
7.79962500e-08,1.88514062e-01
7.80362500e-08,1.88487500e-01
7.80762500e-08,1.88509375e-01
7.81162500e-08,1.88492188e-01
7.81562500e-08,1.88506250e-01
7.81962500e-08,1.88495313e-01
7.82362500e-08,1.88503125e-01
7.82762500e-08,1.88498438e-01
7.83162500e-08,1.88500000e-01
7.83562500e-08,1.88503125e-01
7.83962500e-08,1.88490625e-01
7.84362500e-08,1.88518750e-01
7.84762500e-08,1.88456250e-01
7.85162500e-08,1.88696875e-01
7.85562500e-08,1.88965625e-01
7.85962500e-08,1.88857812e-01
7.86362500e-08,1.88934375e-01
7.86762500e-08,1.88870312e-01
7.87162500e-08,1.88926563e-01
7.87562500e-08,1.88875000e-01
7.87962500e-08,1.88925000e-01
7.88362500e-08,1.88873438e-01
7.88762500e-08,1.88928125e-01
7.89162500e-08,1.88867188e-01
7.89562500e-08,1.88942187e-01
7.89962500e-08,1.88834375e-01
7.90362500e-08,1.89118750e-01
7.90762500e-08,1.89345313e-01
7.91162500e-08,1.89278125e-01
7.91562500e-08,1.89314063e-01
7.91962500e-08,1.89290625e-01
7.92362500e-08,1.89307813e-01
7.92762500e-08,1.89292188e-01
7.93162500e-08,1.89309375e-01
7.93562500e-08,1.89287500e-01
7.93962500e-08,1.89320313e-01
7.94362500e-08,1.89254688e-01
7.94762500e-08,1.89496875e-01
7.95162500e-08,1.89767188e-01
7.95562500e-08,1.89654688e-01
7.95962500e-08,1.89737500e-01
7.96362500e-08,1.89664063e-01
7.96762500e-08,1.89735938e-01
7.97162500e-08,1.89660938e-01
7.97562500e-08,1.89748438e-01
7.97962500e-08,1.89628125e-01
7.98362500e-08,1.89925000e-01
7.98762500e-08,1.90135938e-01
7.99162500e-08,1.90087500e-01
7.99562500e-08,1.90101563e-01
7.99962500e-08,1.90103125e-01
8.00362500e-08,1.90090625e-01
8.00762500e-08,1.90114063e-01
8.01162500e-08,1.90079688e-01
8.01562500e-08,1.90131250e-01
8.01962500e-08,1.90043750e-01
8.02362500e-08,1.90309375e-01
8.02762500e-08,1.90551562e-01
8.03162500e-08,1.90471875e-01
8.03562500e-08,1.90517188e-01
8.03962500e-08,1.90487500e-01
8.04362500e-08,1.90509375e-01
8.04762500e-08,1.90493750e-01
8.05162500e-08,1.90504688e-01
8.05562500e-08,1.90496875e-01
8.05962500e-08,1.90503125e-01
8.06362500e-08,1.90498438e-01
8.06762500e-08,1.90501562e-01
8.07162500e-08,1.90500000e-01
8.07562500e-08,1.90500000e-01
8.07962500e-08,1.90500000e-01
8.08362500e-08,1.90498438e-01
8.08762500e-08,1.90501562e-01
8.09162500e-08,1.90498438e-01
8.09562500e-08,1.90501562e-01
8.09962500e-08,1.90496875e-01
8.10362500e-08,1.90503125e-01
8.10762500e-08,1.90496875e-01
8.11162500e-08,1.90503125e-01
8.11562500e-08,1.90495313e-01
8.11962500e-08,1.90504688e-01
8.12362500e-08,1.90495313e-01
8.12762500e-08,1.90504688e-01
8.13162500e-08,1.90493750e-01
8.13562500e-08,1.90506250e-01
8.13962500e-08,1.90493750e-01
8.14362500e-08,1.90507813e-01
8.14762500e-08,1.90492188e-01
8.15162500e-08,1.90509375e-01
8.15562500e-08,1.90490625e-01
8.15962500e-08,1.90510938e-01
8.16362500e-08,1.90487500e-01
8.16762500e-08,1.90515625e-01
8.17162500e-08,1.90481250e-01
8.17562500e-08,1.90523438e-01
8.17962500e-08,1.90467187e-01
8.18362500e-08,1.90557813e-01
8.18762500e-08,1.90289062e-01
8.19162500e-08,1.90050000e-01
8.19562500e-08,1.90126563e-01
8.19962500e-08,1.90082813e-01
8.20362500e-08,1.90112500e-01
8.20762500e-08,1.90090625e-01
8.21162500e-08,1.90106250e-01
8.21562500e-08,1.90095313e-01
8.21962500e-08,1.90104688e-01
8.22362500e-08,1.90096875e-01
8.22762500e-08,1.90101563e-01
8.23162500e-08,1.90098437e-01
8.23562500e-08,1.90100000e-01
8.23962500e-08,1.90100000e-01
8.24362500e-08,1.90100000e-01
8.24762500e-08,1.90101563e-01
8.25162500e-08,1.90098437e-01
8.25562500e-08,1.90101563e-01
8.25962500e-08,1.90096875e-01
8.26362500e-08,1.90103125e-01
8.26762500e-08,1.90096875e-01
8.27162500e-08,1.90104688e-01
8.27562500e-08,1.90095313e-01
8.27962500e-08,1.90106250e-01
8.28362500e-08,1.90093750e-01
8.28762500e-08,1.90107813e-01
8.29162500e-08,1.90092188e-01
8.29562500e-08,1.90109375e-01
8.29962500e-08,1.90089063e-01
8.30362500e-08,1.90114063e-01
8.30762500e-08,1.90082813e-01
8.31162500e-08,1.90121875e-01
8.31562500e-08,1.90068750e-01
8.31962500e-08,1.90156250e-01
8.32362500e-08,1.89890625e-01
8.32762500e-08,1.89648438e-01
8.33162500e-08,1.89728125e-01
8.33562500e-08,1.89681250e-01
8.33962500e-08,1.89712500e-01
8.34362500e-08,1.89690625e-01
8.34762500e-08,1.89707813e-01
8.35162500e-08,1.89693750e-01
8.35562500e-08,1.89704687e-01
8.35962500e-08,1.89696875e-01
8.36362500e-08,1.89703125e-01
8.36762500e-08,1.89698438e-01
8.37162500e-08,1.89700000e-01
8.37562500e-08,1.89700000e-01
8.37962500e-08,1.89698438e-01
8.38362500e-08,1.89701563e-01
8.38762500e-08,1.89696875e-01
8.39162500e-08,1.89703125e-01
8.39562500e-08,1.89695313e-01
8.39962500e-08,1.89706250e-01
8.40362500e-08,1.89692187e-01
8.40762500e-08,1.89709375e-01
8.41162500e-08,1.89685938e-01
8.41562500e-08,1.89718750e-01
8.41962500e-08,1.89671875e-01
8.42362500e-08,1.89753125e-01
8.42762500e-08,1.89493750e-01
8.43162500e-08,1.89245313e-01
8.43562500e-08,1.89331250e-01
8.43962500e-08,1.89278125e-01
8.44362500e-08,1.89317188e-01
8.44762500e-08,1.89285938e-01
8.45162500e-08,1.89310937e-01
8.45562500e-08,1.89290625e-01
8.45962500e-08,1.89307813e-01
8.46362500e-08,1.89292188e-01
8.46762500e-08,1.89306250e-01
8.47162500e-08,1.89293750e-01
8.47562500e-08,1.89304688e-01
8.47962500e-08,1.89295313e-01
8.48362500e-08,1.89304688e-01
8.48762500e-08,1.89296875e-01
8.49162500e-08,1.89303125e-01
8.49562500e-08,1.89296875e-01
8.49962500e-08,1.89303125e-01
8.50362500e-08,1.89298437e-01
8.50762500e-08,1.89301563e-01
8.51162500e-08,1.89298437e-01
8.51562500e-08,1.89301563e-01
8.51962500e-08,1.89300000e-01
8.52362500e-08,1.89300000e-01
8.52762500e-08,1.89300000e-01
8.53162500e-08,1.89298437e-01
8.53562500e-08,1.89301563e-01
8.53962500e-08,1.89296875e-01
8.54362500e-08,1.89303125e-01
8.54762500e-08,1.89295313e-01
8.55162500e-08,1.89304688e-01
8.55562500e-08,1.89293750e-01
8.55962500e-08,1.89309375e-01
8.56362500e-08,1.89287500e-01
8.56762500e-08,1.89317188e-01
8.57162500e-08,1.89273438e-01
8.57562500e-08,1.89351563e-01
8.57962500e-08,1.89095313e-01
8.58362500e-08,1.88843750e-01
8.58762500e-08,1.88932813e-01
8.59162500e-08,1.88876563e-01
8.59562500e-08,1.88918750e-01
8.59962500e-08,1.88884375e-01
8.60362500e-08,1.88914063e-01
8.60762500e-08,1.88887500e-01
8.61162500e-08,1.88910938e-01
8.61562500e-08,1.88890625e-01
8.61962500e-08,1.88909375e-01
8.62362500e-08,1.88890625e-01
8.62762500e-08,1.88907812e-01
8.63162500e-08,1.88892188e-01
8.63562500e-08,1.88907812e-01
8.63962500e-08,1.88892188e-01
8.64362500e-08,1.88907812e-01
8.64762500e-08,1.88893750e-01
8.65162500e-08,1.88906250e-01
8.65562500e-08,1.88893750e-01
8.65962500e-08,1.88906250e-01
8.66362500e-08,1.88893750e-01
8.66762500e-08,1.88906250e-01
8.67162500e-08,1.88893750e-01
8.67562500e-08,1.88906250e-01
8.67962500e-08,1.88893750e-01
8.68362500e-08,1.88906250e-01
8.68762500e-08,1.88892188e-01
8.69162500e-08,1.88907812e-01
8.69562500e-08,1.88892188e-01
8.69962500e-08,1.88907812e-01
8.70362500e-08,1.88890625e-01
8.70762500e-08,1.88909375e-01
8.71162500e-08,1.88889063e-01
8.71562500e-08,1.88914063e-01
8.71962500e-08,1.88884375e-01
8.72362500e-08,1.88920313e-01
8.72762500e-08,1.88868750e-01
8.73162500e-08,1.88954687e-01
8.73562500e-08,1.88692187e-01
8.73962500e-08,1.88445313e-01
8.74362500e-08,1.88531250e-01
8.74762500e-08,1.88478125e-01
8.75162500e-08,1.88517188e-01
8.75562500e-08,1.88485938e-01
8.75962500e-08,1.88512500e-01
8.76362500e-08,1.88489062e-01
8.76762500e-08,1.88509375e-01
8.77162500e-08,1.88490625e-01
8.77562500e-08,1.88509375e-01
8.77962500e-08,1.88490625e-01
8.78362500e-08,1.88509375e-01
8.78762500e-08,1.88490625e-01
8.79162500e-08,1.88509375e-01
8.79562500e-08,1.88489062e-01
8.79962500e-08,1.88510938e-01
8.80362500e-08,1.88487500e-01
8.80762500e-08,1.88514062e-01
8.81162500e-08,1.88482813e-01
8.81562500e-08,1.88521875e-01
8.81962500e-08,1.88467188e-01
8.82362500e-08,1.88556250e-01
8.82762500e-08,1.88290625e-01
8.83162500e-08,1.88048437e-01
8.83562500e-08,1.88128125e-01
8.83962500e-08,1.88081250e-01
8.84362500e-08,1.88114063e-01
8.84762500e-08,1.88089063e-01
8.85162500e-08,1.88109375e-01
8.85562500e-08,1.88092188e-01
8.85962500e-08,1.88106250e-01
8.86362500e-08,1.88093750e-01
8.86762500e-08,1.88104688e-01
8.87162500e-08,1.88095313e-01
8.87562500e-08,1.88103125e-01
8.87962500e-08,1.88096875e-01
8.88362500e-08,1.88103125e-01
8.88762500e-08,1.88096875e-01
8.89162500e-08,1.88103125e-01
8.89562500e-08,1.88098437e-01
8.89962500e-08,1.88101563e-01
8.90362500e-08,1.88098437e-01
8.90762500e-08,1.88101563e-01
8.91162500e-08,1.88098437e-01
8.91562500e-08,1.88101563e-01
8.91962500e-08,1.88098437e-01
8.92362500e-08,1.88100000e-01
8.92762500e-08,1.88100000e-01
8.93162500e-08,1.88100000e-01
8.93562500e-08,1.88100000e-01
8.93962500e-08,1.88100000e-01
8.94362500e-08,1.88100000e-01
8.94762500e-08,1.88100000e-01
8.95162500e-08,1.88101563e-01
8.95562500e-08,1.88098437e-01
8.95962500e-08,1.88101563e-01
8.96362500e-08,1.88098437e-01
8.96762500e-08,1.88103125e-01
8.97162500e-08,1.88096875e-01
8.97562500e-08,1.88103125e-01
8.97962500e-08,1.88095313e-01
8.98362500e-08,1.88104688e-01
8.98762500e-08,1.88093750e-01
8.99162500e-08,1.88107812e-01
8.99562500e-08,1.88090625e-01
8.99962500e-08,1.88112500e-01
9.00362500e-08,1.88081250e-01
9.00762500e-08,1.88128125e-01
9.01162500e-08,1.88046875e-01
9.01562500e-08,1.88306250e-01
9.01962500e-08,1.88556250e-01
9.02362500e-08,1.88467188e-01
9.02762500e-08,1.88523438e-01
9.03162500e-08,1.88481250e-01
9.03562500e-08,1.88515625e-01
9.03962500e-08,1.88487500e-01
9.04362500e-08,1.88512500e-01
9.04762500e-08,1.88489062e-01
9.05162500e-08,1.88509375e-01
9.05562500e-08,1.88490625e-01
9.05962500e-08,1.88507813e-01
9.06362500e-08,1.88492188e-01
9.06762500e-08,1.88507813e-01
9.07162500e-08,1.88492188e-01
9.07562500e-08,1.88507813e-01
9.07962500e-08,1.88493750e-01
9.08362500e-08,1.88506250e-01
9.08762500e-08,1.88493750e-01
9.09162500e-08,1.88506250e-01
9.09562500e-08,1.88493750e-01
9.09962500e-08,1.88506250e-01
9.10362500e-08,1.88493750e-01
9.10762500e-08,1.88506250e-01
9.11162500e-08,1.88493750e-01
9.11562500e-08,1.88506250e-01
9.11962500e-08,1.88493750e-01
9.12362500e-08,1.88506250e-01
9.12762500e-08,1.88493750e-01
9.13162500e-08,1.88506250e-01
9.13562500e-08,1.88493750e-01
9.13962500e-08,1.88506250e-01
9.14362500e-08,1.88493750e-01
9.14762500e-08,1.88507813e-01
9.15162500e-08,1.88492188e-01
9.15562500e-08,1.88507813e-01
9.15962500e-08,1.88492188e-01
9.16362500e-08,1.88507813e-01
9.16762500e-08,1.88490625e-01
9.17162500e-08,1.88509375e-01
9.17562500e-08,1.88489062e-01
9.17962500e-08,1.88510938e-01
9.18362500e-08,1.88487500e-01
9.18762500e-08,1.88514062e-01
9.19162500e-08,1.88484375e-01
9.19562500e-08,1.88518750e-01
9.19962500e-08,1.88475000e-01
9.20362500e-08,1.88534375e-01
9.20762500e-08,1.88440625e-01
9.21162500e-08,1.88714063e-01
9.21562500e-08,1.88948438e-01
9.21962500e-08,1.88876563e-01
9.22362500e-08,1.88914063e-01
9.22762500e-08,1.88892188e-01
9.23162500e-08,1.88903125e-01
9.23562500e-08,1.88901563e-01
9.23962500e-08,1.88892188e-01
9.24362500e-08,1.88918750e-01
9.24762500e-08,1.88856250e-01
9.25162500e-08,1.89096875e-01
9.25562500e-08,1.89367188e-01
9.25962500e-08,1.89256250e-01
9.26362500e-08,1.89337500e-01
9.26762500e-08,1.89264062e-01
9.27162500e-08,1.89342188e-01
9.27562500e-08,1.89235938e-01
9.27962500e-08,1.89515625e-01
9.28362500e-08,1.89748438e-01
9.28762500e-08,1.89673438e-01
9.29162500e-08,1.89720313e-01
9.29562500e-08,1.89682813e-01
9.29962500e-08,1.89718750e-01
9.30362500e-08,1.89678125e-01
9.30762500e-08,1.89729688e-01
9.31162500e-08,1.89645312e-01
9.31562500e-08,1.89907812e-01
9.31962500e-08,1.90156250e-01
9.32362500e-08,1.90067188e-01
9.32762500e-08,1.90123438e-01
9.33162500e-08,1.90081250e-01
9.33562500e-08,1.90115625e-01
9.33962500e-08,1.90085937e-01
9.34362500e-08,1.90112500e-01
9.34762500e-08,1.90089063e-01
9.35162500e-08,1.90110938e-01
9.35562500e-08,1.90089063e-01
9.35962500e-08,1.90109375e-01
9.36362500e-08,1.90090625e-01
9.36762500e-08,1.90109375e-01
9.37162500e-08,1.90090625e-01
9.37562500e-08,1.90109375e-01
9.37962500e-08,1.90090625e-01
9.38362500e-08,1.90109375e-01
9.38762500e-08,1.90090625e-01
9.39162500e-08,1.90109375e-01
9.39562500e-08,1.90090625e-01
9.39962500e-08,1.90109375e-01
9.40362500e-08,1.90090625e-01
9.40762500e-08,1.90109375e-01
9.41162500e-08,1.90090625e-01
9.41562500e-08,1.90109375e-01
9.41962500e-08,1.90090625e-01
9.42362500e-08,1.90110938e-01
9.42762500e-08,1.90089063e-01
9.43162500e-08,1.90110938e-01
9.43562500e-08,1.90087500e-01
9.43962500e-08,1.90112500e-01
9.44362500e-08,1.90085937e-01
9.44762500e-08,1.90114063e-01
9.45162500e-08,1.90084375e-01
9.45562500e-08,1.90118750e-01
9.45962500e-08,1.90078125e-01
9.46362500e-08,1.90126563e-01
9.46762500e-08,1.90062500e-01
9.47162500e-08,1.90162500e-01
9.47562500e-08,1.89884375e-01
9.47962500e-08,1.89653125e-01
9.48362500e-08,1.89723438e-01
9.48762500e-08,1.89687500e-01
9.49162500e-08,1.89707813e-01
9.49562500e-08,1.89695313e-01
9.49962500e-08,1.89701563e-01
9.50362500e-08,1.89700000e-01
9.50762500e-08,1.89696875e-01
9.51162500e-08,1.89704687e-01
9.51562500e-08,1.89693750e-01
9.51962500e-08,1.89709375e-01
9.52362500e-08,1.89687500e-01
9.52762500e-08,1.89718750e-01
9.53162500e-08,1.89671875e-01
9.53562500e-08,1.89753125e-01
9.53962500e-08,1.89492188e-01
9.54362500e-08,1.89245313e-01
9.54762500e-08,1.89331250e-01
9.55162500e-08,1.89278125e-01
9.55562500e-08,1.89315625e-01
9.55962500e-08,1.89287500e-01
9.56362500e-08,1.89310937e-01
9.56762500e-08,1.89290625e-01
9.57162500e-08,1.89307813e-01
9.57562500e-08,1.89293750e-01
9.57962500e-08,1.89306250e-01
9.58362500e-08,1.89295313e-01
9.58762500e-08,1.89304688e-01
9.59162500e-08,1.89296875e-01
9.59562500e-08,1.89303125e-01
9.59962500e-08,1.89296875e-01
9.60362500e-08,1.89303125e-01
9.60762500e-08,1.89298437e-01
9.61162500e-08,1.89301563e-01
9.61562500e-08,1.89298437e-01
9.61962500e-08,1.89301563e-01
9.62362500e-08,1.89300000e-01
9.62762500e-08,1.89300000e-01
9.63162500e-08,1.89300000e-01
9.63562500e-08,1.89300000e-01
9.63962500e-08,1.89300000e-01
9.64362500e-08,1.89298437e-01
9.64762500e-08,1.89301563e-01
9.65162500e-08,1.89298437e-01
9.65562500e-08,1.89303125e-01
9.65962500e-08,1.89296875e-01
9.66362500e-08,1.89303125e-01
9.66762500e-08,1.89295313e-01
9.67162500e-08,1.89304688e-01
9.67562500e-08,1.89293750e-01
9.67962500e-08,1.89307813e-01
9.68362500e-08,1.89290625e-01
9.68762500e-08,1.89312500e-01
9.69162500e-08,1.89281250e-01
9.69562500e-08,1.89328125e-01
9.69962500e-08,1.89246875e-01
9.70362500e-08,1.89506250e-01
9.70762500e-08,1.89756250e-01
9.71162500e-08,1.89667188e-01
9.71562500e-08,1.89723438e-01
9.71962500e-08,1.89681250e-01
9.72362500e-08,1.89715625e-01
9.72762500e-08,1.89685938e-01
9.73162500e-08,1.89712500e-01
9.73562500e-08,1.89687500e-01
9.73962500e-08,1.89712500e-01
9.74362500e-08,1.89687500e-01
9.74762500e-08,1.89712500e-01
9.75162500e-08,1.89685938e-01
9.75562500e-08,1.89717187e-01
9.75962500e-08,1.89679687e-01
9.76362500e-08,1.89729688e-01
9.76762500e-08,1.89646875e-01
9.77162500e-08,1.89906250e-01
9.77562500e-08,1.90157812e-01
9.77962500e-08,1.90065625e-01
9.78362500e-08,1.90126563e-01
9.78762500e-08,1.90076563e-01
9.79162500e-08,1.90123438e-01
9.79562500e-08,1.90076563e-01
9.79962500e-08,1.90128125e-01
9.80362500e-08,1.90062500e-01
9.80762500e-08,1.90160938e-01
9.81162500e-08,1.89885938e-01
9.81562500e-08,1.89651563e-01
9.81962500e-08,1.89725000e-01
9.82362500e-08,1.89684375e-01
9.82762500e-08,1.89710938e-01
9.83162500e-08,1.89693750e-01
9.83562500e-08,1.89704687e-01
9.83962500e-08,1.89698438e-01
9.84362500e-08,1.89700000e-01
9.84762500e-08,1.89703125e-01
9.85162500e-08,1.89693750e-01
9.85562500e-08,1.89710938e-01
9.85962500e-08,1.89679687e-01
9.86362500e-08,1.89745313e-01
9.86762500e-08,1.89501562e-01
9.87162500e-08,1.89235938e-01
9.87562500e-08,1.89340625e-01
9.87962500e-08,1.89267188e-01
9.88362500e-08,1.89329688e-01
9.88762500e-08,1.89270313e-01
9.89162500e-08,1.89331250e-01
9.89562500e-08,1.89260938e-01
9.89962500e-08,1.89362500e-01
9.90362500e-08,1.89087500e-01
9.90762500e-08,1.88848438e-01
9.91162500e-08,1.88929687e-01
9.91562500e-08,1.88876563e-01
9.91962500e-08,1.88923438e-01
9.92362500e-08,1.88870312e-01
9.92762500e-08,1.88953125e-01
9.93162500e-08,1.88695313e-01
9.93562500e-08,1.88440625e-01
9.93962500e-08,1.88537500e-01
9.94362500e-08,1.88468750e-01
9.94762500e-08,1.88528125e-01
9.95162500e-08,1.88471875e-01
9.95562500e-08,1.88531250e-01
9.95962500e-08,1.88459375e-01
9.96362500e-08,1.88564063e-01
9.96762500e-08,1.88282813e-01
9.97162500e-08,1.88053125e-01
9.97562500e-08,1.88123438e-01
9.97962500e-08,1.88085937e-01
9.98362500e-08,1.88109375e-01
9.98762500e-08,1.88093750e-01
9.99162500e-08,1.88104688e-01
9.99562500e-08,1.88096875e-01
9.99962500e-08,1.88101563e-01
1.00036250e-07,1.88098437e-01
1.00076250e-07,1.88100000e-01
1.00116250e-07,1.88100000e-01
1.00156250e-07,1.88100000e-01
1.00196250e-07,1.88101563e-01
1.00236250e-07,1.88098437e-01
1.00276250e-07,1.88101563e-01
1.00316250e-07,1.88098437e-01
1.00356250e-07,1.88103125e-01
1.00396250e-07,1.88096875e-01
1.00436250e-07,1.88104688e-01
1.00476250e-07,1.88095313e-01
1.00516250e-07,1.88104688e-01
1.00556250e-07,1.88093750e-01
1.00596250e-07,1.88107812e-01
1.00636250e-07,1.88090625e-01
1.00676250e-07,1.88112500e-01
1.00716250e-07,1.88082813e-01
1.00756250e-07,1.88126563e-01
1.00796250e-07,1.88048437e-01
1.00836250e-07,1.88304688e-01
1.00876250e-07,1.88559375e-01
1.00916250e-07,1.88464063e-01
1.00956250e-07,1.88528125e-01
1.00996250e-07,1.88476562e-01
1.01036250e-07,1.88523438e-01
1.01076250e-07,1.88473438e-01
1.01116250e-07,1.88534375e-01
1.01156250e-07,1.88442187e-01
1.01196250e-07,1.88707813e-01
1.01236250e-07,1.88956250e-01
1.01276250e-07,1.88867188e-01
1.01316250e-07,1.88926563e-01
1.01356250e-07,1.88876563e-01
1.01396250e-07,1.88925000e-01
1.01436250e-07,1.88871875e-01
1.01476250e-07,1.88935938e-01
1.01516250e-07,1.88839063e-01
1.01556250e-07,1.89114063e-01
1.01596250e-07,1.89348437e-01
1.01636250e-07,1.89275000e-01
1.01676250e-07,1.89315625e-01
1.01716250e-07,1.89290625e-01
1.01756250e-07,1.89306250e-01
1.01796250e-07,1.89296875e-01
1.01836250e-07,1.89298437e-01
1.01876250e-07,1.89304688e-01
1.01916250e-07,1.89289062e-01
1.01956250e-07,1.89320313e-01
1.01996250e-07,1.89253125e-01
1.02036250e-07,1.89500000e-01
1.02076250e-07,1.89762500e-01
1.02116250e-07,1.89660938e-01
1.02156250e-07,1.89729688e-01
1.02196250e-07,1.89676563e-01
1.02236250e-07,1.89720313e-01
1.02276250e-07,1.89681250e-01
1.02316250e-07,1.89717187e-01
1.02356250e-07,1.89684375e-01
1.02396250e-07,1.89715625e-01
1.02436250e-07,1.89684375e-01
1.02476250e-07,1.89714063e-01
1.02516250e-07,1.89685938e-01
1.02556250e-07,1.89714063e-01
1.02596250e-07,1.89685938e-01
1.02636250e-07,1.89714063e-01
1.02676250e-07,1.89685938e-01
1.02716250e-07,1.89714063e-01
1.02756250e-07,1.89685938e-01
1.02796250e-07,1.89715625e-01
1.02836250e-07,1.89684375e-01
1.02876250e-07,1.89717187e-01
1.02916250e-07,1.89681250e-01
1.02956250e-07,1.89720313e-01
1.02996250e-07,1.89676563e-01
1.03036250e-07,1.89728125e-01
1.03076250e-07,1.89662500e-01
1.03116250e-07,1.89762500e-01
1.03156250e-07,1.89484375e-01
1.03196250e-07,1.89253125e-01
1.03236250e-07,1.89323437e-01
1.03276250e-07,1.89285938e-01
1.03316250e-07,1.89307813e-01
1.03356250e-07,1.89293750e-01
1.03396250e-07,1.89303125e-01
1.03436250e-07,1.89298437e-01
1.03476250e-07,1.89301563e-01
1.03516250e-07,1.89300000e-01
1.03556250e-07,1.89300000e-01
1.03596250e-07,1.89301563e-01
1.03636250e-07,1.89298437e-01
1.03676250e-07,1.89301563e-01
1.03716250e-07,1.89296875e-01
1.03756250e-07,1.89303125e-01
1.03796250e-07,1.89296875e-01
1.03836250e-07,1.89303125e-01
1.03876250e-07,1.89296875e-01
1.03916250e-07,1.89304688e-01
1.03956250e-07,1.89295313e-01
1.03996250e-07,1.89304688e-01
1.04036250e-07,1.89295313e-01
1.04076250e-07,1.89304688e-01
1.04116250e-07,1.89295313e-01
1.04156250e-07,1.89306250e-01
1.04196250e-07,1.89293750e-01
1.04236250e-07,1.89306250e-01
1.04276250e-07,1.89293750e-01
1.04316250e-07,1.89306250e-01
1.04356250e-07,1.89292188e-01
1.04396250e-07,1.89307813e-01
1.04436250e-07,1.89292188e-01
1.04476250e-07,1.89307813e-01
1.04516250e-07,1.89290625e-01
1.04556250e-07,1.89309375e-01
1.04596250e-07,1.89290625e-01
1.04636250e-07,1.89310937e-01
1.04676250e-07,1.89289062e-01
1.04716250e-07,1.89312500e-01
1.04756250e-07,1.89285938e-01
1.04796250e-07,1.89315625e-01
1.04836250e-07,1.89282813e-01
1.04876250e-07,1.89320313e-01
1.04916250e-07,1.89273438e-01
1.04956250e-07,1.89335937e-01
1.04996250e-07,1.89239062e-01
1.05036250e-07,1.89515625e-01
1.05076250e-07,1.89746875e-01
1.05116250e-07,1.89678125e-01
1.05156250e-07,1.89712500e-01
1.05196250e-07,1.89693750e-01
1.05236250e-07,1.89703125e-01
1.05276250e-07,1.89701563e-01
1.05316250e-07,1.89695313e-01
1.05356250e-07,1.89707813e-01
1.05396250e-07,1.89685938e-01
1.05436250e-07,1.89723438e-01
1.05476250e-07,1.89650000e-01
1.05516250e-07,1.89903125e-01
1.05556250e-07,1.90159375e-01
1.05596250e-07,1.90064063e-01
1.05636250e-07,1.90126563e-01
1.05676250e-07,1.90078125e-01
1.05716250e-07,1.90118750e-01
1.05756250e-07,1.90081250e-01
1.05796250e-07,1.90117188e-01
1.05836250e-07,1.90081250e-01
1.05876250e-07,1.90120312e-01
1.05916250e-07,1.90075000e-01
1.05956250e-07,1.90132812e-01
1.05996250e-07,1.90042188e-01
1.06036250e-07,1.90310937e-01
1.06076250e-07,1.90553125e-01
1.06116250e-07,1.90470313e-01
1.06156250e-07,1.90520313e-01
1.06196250e-07,1.90484375e-01
1.06236250e-07,1.90512500e-01
1.06276250e-07,1.90489063e-01
1.06316250e-07,1.90510938e-01
1.06356250e-07,1.90490625e-01
1.06396250e-07,1.90509375e-01
1.06436250e-07,1.90490625e-01
1.06476250e-07,1.90509375e-01
1.06516250e-07,1.90490625e-01
1.06556250e-07,1.90509375e-01
1.06596250e-07,1.90490625e-01
1.06636250e-07,1.90509375e-01
1.06676250e-07,1.90490625e-01
1.06716250e-07,1.90509375e-01
1.06756250e-07,1.90489063e-01
1.06796250e-07,1.90510938e-01
1.06836250e-07,1.90487500e-01
1.06876250e-07,1.90512500e-01
1.06916250e-07,1.90485938e-01
1.06956250e-07,1.90515625e-01
1.06996250e-07,1.90481250e-01
1.07036250e-07,1.90525000e-01
1.07076250e-07,1.90465625e-01
1.07116250e-07,1.90559375e-01
1.07156250e-07,1.90287500e-01
1.07196250e-07,1.90050000e-01
1.07236250e-07,1.90126563e-01
1.07276250e-07,1.90082813e-01
1.07316250e-07,1.90112500e-01
1.07356250e-07,1.90090625e-01
1.07396250e-07,1.90107813e-01
1.07436250e-07,1.90093750e-01
1.07476250e-07,1.90104688e-01
1.07516250e-07,1.90096875e-01
1.07556250e-07,1.90103125e-01
1.07596250e-07,1.90096875e-01
1.07636250e-07,1.90103125e-01
1.07676250e-07,1.90098437e-01
1.07716250e-07,1.90101563e-01
1.07756250e-07,1.90098437e-01
1.07796250e-07,1.90103125e-01
1.07836250e-07,1.90096875e-01
1.07876250e-07,1.90103125e-01
1.07916250e-07,1.90095313e-01
1.07956250e-07,1.90104688e-01
1.07996250e-07,1.90093750e-01
1.08036250e-07,1.90109375e-01
1.08076250e-07,1.90085937e-01
1.08116250e-07,1.90123438e-01
1.08156250e-07,1.90051562e-01
1.08196250e-07,1.90300000e-01
1.08236250e-07,1.90562500e-01
1.08276250e-07,1.90460938e-01
1.08316250e-07,1.90529688e-01
1.08356250e-07,1.90475000e-01
1.08396250e-07,1.90523438e-01
1.08436250e-07,1.90478125e-01
1.08476250e-07,1.90520313e-01
1.08516250e-07,1.90479687e-01
1.08556250e-07,1.90520313e-01
1.08596250e-07,1.90479687e-01
1.08636250e-07,1.90520313e-01
1.08676250e-07,1.90478125e-01
1.08716250e-07,1.90523438e-01
1.08756250e-07,1.90475000e-01
1.08796250e-07,1.90528125e-01
1.08836250e-07,1.90465625e-01
1.08876250e-07,1.90543750e-01
1.08916250e-07,1.90431250e-01
1.08956250e-07,1.90721875e-01
1.08996250e-07,1.90939063e-01
1.09036250e-07,1.90884375e-01
1.09076250e-07,1.90904688e-01
1.09116250e-07,1.90901563e-01
1.09156250e-07,1.90895312e-01
1.09196250e-07,1.90907812e-01
1.09236250e-07,1.90889063e-01
1.09276250e-07,1.90915625e-01
1.09316250e-07,1.90881250e-01
1.09356250e-07,1.90925000e-01
1.09396250e-07,1.90864063e-01
1.09436250e-07,1.90960938e-01
1.09476250e-07,1.90684375e-01
1.09516250e-07,1.90454687e-01
1.09556250e-07,1.90521875e-01
1.09596250e-07,1.90489063e-01
1.09636250e-07,1.90504688e-01
1.09676250e-07,1.90500000e-01
1.09716250e-07,1.90496875e-01
1.09756250e-07,1.90507813e-01
1.09796250e-07,1.90489063e-01
1.09836250e-07,1.90517188e-01
1.09876250e-07,1.90471875e-01
1.09916250e-07,1.90553125e-01
1.09956250e-07,1.90293750e-01
1.09996250e-07,1.90043750e-01
1.10036250e-07,1.90134375e-01
1.10076250e-07,1.90073437e-01
1.10116250e-07,1.90125000e-01
1.10156250e-07,1.90070313e-01
1.10196250e-07,1.90151563e-01
1.10236250e-07,1.89900000e-01
1.10276250e-07,1.89634375e-01
1.10316250e-07,1.89745313e-01
1.10356250e-07,1.89659375e-01
1.10396250e-07,1.89742187e-01
1.10436250e-07,1.89648438e-01
1.10476250e-07,1.89776562e-01
1.10516250e-07,1.89470313e-01
1.10556250e-07,1.89270313e-01
1.10596250e-07,1.89303125e-01
1.10636250e-07,1.89312500e-01
1.10676250e-07,1.89271875e-01
1.10716250e-07,1.89357813e-01
1.10756250e-07,1.89085937e-01
1.10796250e-07,1.88856250e-01
1.10836250e-07,1.88915625e-01
1.10876250e-07,1.88900000e-01
1.10916250e-07,1.88884375e-01
1.10956250e-07,1.88945313e-01
1.10996250e-07,1.88698438e-01
1.11036250e-07,1.88442187e-01
1.11076250e-07,1.88531250e-01
1.11116250e-07,1.88481250e-01
1.11156250e-07,1.88509375e-01
1.11196250e-07,1.88500000e-01
1.11236250e-07,1.88487500e-01
1.11276250e-07,1.88539063e-01
1.11316250e-07,1.88306250e-01
1.11356250e-07,1.88032813e-01
1.11396250e-07,1.88142188e-01
1.11436250e-07,1.88068750e-01
1.11476250e-07,1.88126563e-01
1.11516250e-07,1.88078125e-01
1.11556250e-07,1.88118750e-01
1.11596250e-07,1.88082813e-01
1.11636250e-07,1.88115625e-01
1.11676250e-07,1.88085937e-01
1.11716250e-07,1.88112500e-01
1.11756250e-07,1.88087500e-01
1.11796250e-07,1.88110938e-01
1.11836250e-07,1.88089063e-01
1.11876250e-07,1.88109375e-01
1.11916250e-07,1.88090625e-01
1.11956250e-07,1.88107812e-01
1.11996250e-07,1.88092188e-01
1.12036250e-07,1.88107812e-01
1.12076250e-07,1.88092188e-01
1.12116250e-07,1.88106250e-01
1.12156250e-07,1.88093750e-01
1.12196250e-07,1.88106250e-01
1.12236250e-07,1.88093750e-01
1.12276250e-07,1.88104688e-01
1.12316250e-07,1.88095313e-01
1.12356250e-07,1.88104688e-01
1.12396250e-07,1.88095313e-01
1.12436250e-07,1.88104688e-01
1.12476250e-07,1.88096875e-01
1.12516250e-07,1.88103125e-01
1.12556250e-07,1.88096875e-01
1.12596250e-07,1.88103125e-01
1.12636250e-07,1.88096875e-01
1.12676250e-07,1.88101563e-01
1.12716250e-07,1.88098437e-01
1.12756250e-07,1.88101563e-01
1.12796250e-07,1.88098437e-01
1.12836250e-07,1.88101563e-01
1.12876250e-07,1.88100000e-01
1.12916250e-07,1.88100000e-01
1.12956250e-07,1.88100000e-01
1.12996250e-07,1.88100000e-01
1.13036250e-07,1.88101563e-01
1.13076250e-07,1.88098437e-01
1.13116250e-07,1.88101563e-01
1.13156250e-07,1.88096875e-01
1.13196250e-07,1.88103125e-01
1.13236250e-07,1.88095313e-01
1.13276250e-07,1.88106250e-01
1.13316250e-07,1.88092188e-01
1.13356250e-07,1.88110938e-01
1.13396250e-07,1.88082813e-01
1.13436250e-07,1.88126563e-01
1.13476250e-07,1.88048437e-01
1.13516250e-07,1.88303125e-01
1.13556250e-07,1.88559375e-01
1.13596250e-07,1.88464063e-01
1.13636250e-07,1.88526562e-01
1.13676250e-07,1.88478125e-01
1.13716250e-07,1.88518750e-01
1.13756250e-07,1.88482813e-01
1.13796250e-07,1.88517188e-01
1.13836250e-07,1.88482813e-01
1.13876250e-07,1.88518750e-01
1.13916250e-07,1.88479687e-01
1.13956250e-07,1.88525000e-01
1.13996250e-07,1.88465625e-01
1.14036250e-07,1.88559375e-01
1.14076250e-07,1.88289062e-01
1.14116250e-07,1.88048437e-01
1.14156250e-07,1.88128125e-01
1.14196250e-07,1.88081250e-01
1.14236250e-07,1.88114063e-01
1.14276250e-07,1.88089063e-01
1.14316250e-07,1.88109375e-01
1.14356250e-07,1.88090625e-01
1.14396250e-07,1.88107812e-01
1.14436250e-07,1.88092188e-01
1.14476250e-07,1.88106250e-01
1.14516250e-07,1.88093750e-01
1.14556250e-07,1.88106250e-01
1.14596250e-07,1.88093750e-01
1.14636250e-07,1.88106250e-01
1.14676250e-07,1.88093750e-01
1.14716250e-07,1.88106250e-01
1.14756250e-07,1.88093750e-01
1.14796250e-07,1.88106250e-01
1.14836250e-07,1.88093750e-01
1.14876250e-07,1.88106250e-01
1.14916250e-07,1.88093750e-01
1.14956250e-07,1.88106250e-01
1.14996250e-07,1.88092188e-01
1.15036250e-07,1.88107812e-01
1.15076250e-07,1.88092188e-01
1.15116250e-07,1.88107812e-01
1.15156250e-07,1.88092188e-01
1.15196250e-07,1.88109375e-01
1.15236250e-07,1.88090625e-01
1.15276250e-07,1.88109375e-01
1.15316250e-07,1.88090625e-01
1.15356250e-07,1.88110938e-01
1.15396250e-07,1.88089063e-01
1.15436250e-07,1.88110938e-01
1.15476250e-07,1.88087500e-01
1.15516250e-07,1.88112500e-01
1.15556250e-07,1.88085937e-01
1.15596250e-07,1.88115625e-01
1.15636250e-07,1.88082813e-01
1.15676250e-07,1.88118750e-01
1.15716250e-07,1.88078125e-01
1.15756250e-07,1.88125000e-01
1.15796250e-07,1.88070313e-01
1.15836250e-07,1.88140625e-01
1.15876250e-07,1.88034375e-01
1.15916250e-07,1.88320313e-01
1.15956250e-07,1.88542188e-01
1.15996250e-07,1.88482813e-01
1.16036250e-07,1.88506250e-01
1.16076250e-07,1.88500000e-01
1.16116250e-07,1.88495313e-01
1.16156250e-07,1.88509375e-01
1.16196250e-07,1.88487500e-01
1.16236250e-07,1.88517188e-01
1.16276250e-07,1.88475000e-01
1.16316250e-07,1.88535938e-01
1.16356250e-07,1.88437500e-01
1.16396250e-07,1.88717187e-01
1.16436250e-07,1.88943750e-01
1.16476250e-07,1.88882812e-01
1.16516250e-07,1.88904688e-01
1.16556250e-07,1.88903125e-01
1.16596250e-07,1.88887500e-01
1.16636250e-07,1.88925000e-01
1.16676250e-07,1.88846875e-01
1.16716250e-07,1.89107812e-01
1.16756250e-07,1.89351563e-01
1.16796250e-07,1.89275000e-01
1.16836250e-07,1.89312500e-01
1.16876250e-07,1.89296875e-01
1.16916250e-07,1.89295313e-01
1.16956250e-07,1.89318750e-01
1.16996250e-07,1.89254688e-01
1.17036250e-07,1.89500000e-01
1.17076250e-07,1.89759375e-01
1.17116250e-07,1.89665625e-01
1.17156250e-07,1.89723438e-01
1.17196250e-07,1.89684375e-01
1.17236250e-07,1.89709375e-01
1.17276250e-07,1.89695313e-01
1.17316250e-07,1.89696875e-01
1.17356250e-07,1.89714063e-01
1.17396250e-07,1.89659375e-01
1.17436250e-07,1.89895312e-01
1.17476250e-07,1.90167188e-01
1.17516250e-07,1.90057813e-01
1.17556250e-07,1.90131250e-01
1.17596250e-07,1.90073437e-01
1.17636250e-07,1.90123438e-01
1.17676250e-07,1.90079688e-01
1.17716250e-07,1.90118750e-01
1.17756250e-07,1.90082813e-01
1.17796250e-07,1.90115625e-01
1.17836250e-07,1.90085937e-01
1.17876250e-07,1.90114063e-01
1.17916250e-07,1.90087500e-01
1.17956250e-07,1.90112500e-01
1.17996250e-07,1.90089063e-01
1.18036250e-07,1.90110938e-01
1.18076250e-07,1.90089063e-01
1.18116250e-07,1.90109375e-01
1.18156250e-07,1.90090625e-01
1.18196250e-07,1.90109375e-01
1.18236250e-07,1.90092188e-01
1.18276250e-07,1.90107813e-01
1.18316250e-07,1.90092188e-01
1.18356250e-07,1.90107813e-01
1.18396250e-07,1.90092188e-01
1.18436250e-07,1.90106250e-01
1.18476250e-07,1.90093750e-01
1.18516250e-07,1.90106250e-01
1.18556250e-07,1.90093750e-01
1.18596250e-07,1.90106250e-01
1.18636250e-07,1.90093750e-01
1.18676250e-07,1.90104688e-01
1.18716250e-07,1.90095313e-01
1.18756250e-07,1.90104688e-01
1.18796250e-07,1.90095313e-01
1.18836250e-07,1.90104688e-01
1.18876250e-07,1.90095313e-01
1.18916250e-07,1.90104688e-01
1.18956250e-07,1.90096875e-01
1.18996250e-07,1.90103125e-01
1.19036250e-07,1.90096875e-01
1.19076250e-07,1.90103125e-01
1.19116250e-07,1.90096875e-01
1.19156250e-07,1.90103125e-01
1.19196250e-07,1.90096875e-01
1.19236250e-07,1.90103125e-01
1.19276250e-07,1.90098437e-01
1.19316250e-07,1.90101563e-01
1.19356250e-07,1.90098437e-01
1.19396250e-07,1.90101563e-01
1.19436250e-07,1.90098437e-01
1.19476250e-07,1.90101563e-01
1.19516250e-07,1.90098437e-01
1.19556250e-07,1.90100000e-01
1.19596250e-07,1.90100000e-01
1.19636250e-07,1.90100000e-01
1.19676250e-07,1.90100000e-01
1.19716250e-07,1.90100000e-01
1.19756250e-07,1.90100000e-01
1.19796250e-07,1.90098437e-01
1.19836250e-07,1.90101563e-01
1.19876250e-07,1.90098437e-01
1.19916250e-07,1.90101563e-01
1.19956250e-07,1.90096875e-01
1.19996250e-07,1.90103125e-01
1.20036250e-07,1.90095313e-01
1.20076250e-07,1.90104688e-01
1.20116250e-07,1.90093750e-01
1.20156250e-07,1.90107813e-01
1.20196250e-07,1.90090625e-01
1.20236250e-07,1.90110938e-01
1.20276250e-07,1.90085937e-01
1.20316250e-07,1.90118750e-01
1.20356250e-07,1.90070313e-01
1.20396250e-07,1.90154688e-01
1.20436250e-07,1.89892188e-01
1.20476250e-07,1.89645312e-01
1.20516250e-07,1.89731250e-01
1.20556250e-07,1.89678125e-01
1.20596250e-07,1.89715625e-01
1.20636250e-07,1.89687500e-01
1.20676250e-07,1.89710938e-01
1.20716250e-07,1.89690625e-01
1.20756250e-07,1.89707813e-01
1.20796250e-07,1.89693750e-01
1.20836250e-07,1.89706250e-01
1.20876250e-07,1.89695313e-01
1.20916250e-07,1.89704687e-01
1.20956250e-07,1.89696875e-01
1.20996250e-07,1.89703125e-01
1.21036250e-07,1.89698438e-01
1.21076250e-07,1.89701563e-01
1.21116250e-07,1.89700000e-01
1.21156250e-07,1.89700000e-01
1.21196250e-07,1.89701563e-01
1.21236250e-07,1.89696875e-01
1.21276250e-07,1.89703125e-01
1.21316250e-07,1.89695313e-01
1.21356250e-07,1.89707813e-01
1.21396250e-07,1.89689063e-01
1.21436250e-07,1.89715625e-01
1.21476250e-07,1.89675000e-01
1.21516250e-07,1.89750000e-01
1.21556250e-07,1.89496875e-01
1.21596250e-07,1.89240625e-01
1.21636250e-07,1.89334375e-01
1.21676250e-07,1.89273438e-01
1.21716250e-07,1.89321875e-01
1.21756250e-07,1.89281250e-01
1.21796250e-07,1.89317188e-01
1.21836250e-07,1.89282813e-01
1.21876250e-07,1.89317188e-01
1.21916250e-07,1.89281250e-01
1.21956250e-07,1.89321875e-01
1.21996250e-07,1.89268750e-01
1.22036250e-07,1.89354688e-01
1.22076250e-07,1.89093750e-01
1.22116250e-07,1.88842188e-01
1.22156250e-07,1.88935938e-01
1.22196250e-07,1.88871875e-01
1.22236250e-07,1.88926563e-01
1.22276250e-07,1.88873438e-01
1.22316250e-07,1.88931250e-01
1.22356250e-07,1.88859375e-01
1.22396250e-07,1.88964063e-01
1.22436250e-07,1.88681250e-01
1.22476250e-07,1.88456250e-01
1.22516250e-07,1.88518750e-01
1.22556250e-07,1.88493750e-01
1.22596250e-07,1.88498438e-01
1.22636250e-07,1.88509375e-01
1.22676250e-07,1.88479687e-01
1.22716250e-07,1.88548437e-01
1.22756250e-07,1.88296875e-01
1.22796250e-07,1.88042188e-01
1.22836250e-07,1.88132812e-01
1.22876250e-07,1.88078125e-01
1.22916250e-07,1.88115625e-01
1.22956250e-07,1.88089063e-01
1.22996250e-07,1.88104688e-01
1.23036250e-07,1.88101563e-01
1.23076250e-07,1.88087500e-01
1.23116250e-07,1.88137500e-01
1.23156250e-07,1.87907812e-01
1.23196250e-07,1.87629688e-01
1.23236250e-07,1.87745313e-01
1.23276250e-07,1.87664063e-01
1.23316250e-07,1.87731250e-01
1.23356250e-07,1.87671875e-01
1.23396250e-07,1.87726562e-01
1.23436250e-07,1.87675000e-01
1.23476250e-07,1.87723438e-01
1.23516250e-07,1.87676563e-01
1.23556250e-07,1.87723438e-01
1.23596250e-07,1.87675000e-01
1.23636250e-07,1.87726562e-01
1.23676250e-07,1.87671875e-01
1.23716250e-07,1.87732813e-01
1.23756250e-07,1.87657813e-01
1.23796250e-07,1.87767188e-01
1.23836250e-07,1.87479688e-01
1.23876250e-07,1.87257813e-01
1.23916250e-07,1.87318750e-01
1.23956250e-07,1.87290625e-01
1.23996250e-07,1.87304688e-01
1.24036250e-07,1.87298437e-01
1.24076250e-07,1.87300000e-01
1.24116250e-07,1.87301563e-01
1.24156250e-07,1.87296875e-01
1.24196250e-07,1.87304688e-01
1.24236250e-07,1.87295313e-01
1.24276250e-07,1.87306250e-01
1.24316250e-07,1.87293750e-01
1.24356250e-07,1.87307813e-01
1.24396250e-07,1.87292188e-01
1.24436250e-07,1.87309375e-01
1.24476250e-07,1.87289063e-01
1.24516250e-07,1.87314063e-01
1.24556250e-07,1.87282813e-01
1.24596250e-07,1.87321875e-01
1.24636250e-07,1.87268750e-01
1.24676250e-07,1.87356250e-01
1.24716250e-07,1.87090625e-01
1.24756250e-07,1.86846875e-01
1.24796250e-07,1.86929687e-01
1.24836250e-07,1.86879688e-01
1.24876250e-07,1.86915625e-01
1.24916250e-07,1.86887500e-01
1.24956250e-07,1.86909375e-01
1.24996250e-07,1.86890625e-01
1.25036250e-07,1.86907812e-01
1.25076250e-07,1.86893750e-01
1.25116250e-07,1.86906250e-01
1.25156250e-07,1.86893750e-01
1.25196250e-07,1.86906250e-01
1.25236250e-07,1.86895313e-01
1.25276250e-07,1.86904687e-01
1.25316250e-07,1.86895313e-01
1.25356250e-07,1.86904687e-01
1.25396250e-07,1.86895313e-01
1.25436250e-07,1.86904687e-01
1.25476250e-07,1.86895313e-01
1.25516250e-07,1.86906250e-01
1.25556250e-07,1.86893750e-01
1.25596250e-07,1.86906250e-01
1.25636250e-07,1.86893750e-01
1.25676250e-07,1.86907812e-01
1.25716250e-07,1.86892188e-01
1.25756250e-07,1.86909375e-01
1.25796250e-07,1.86889063e-01
1.25836250e-07,1.86912500e-01
1.25876250e-07,1.86884375e-01
1.25916250e-07,1.86920313e-01
1.25956250e-07,1.86868750e-01
1.25996250e-07,1.86954687e-01
1.26036250e-07,1.86692187e-01
1.26076250e-07,1.86446875e-01
1.26116250e-07,1.86529688e-01
1.26156250e-07,1.86479688e-01
1.26196250e-07,1.86515625e-01
1.26236250e-07,1.86487500e-01
1.26276250e-07,1.86510938e-01
1.26316250e-07,1.86490625e-01
1.26356250e-07,1.86507813e-01
1.26396250e-07,1.86492188e-01
1.26436250e-07,1.86506250e-01
1.26476250e-07,1.86493750e-01
1.26516250e-07,1.86504688e-01
1.26556250e-07,1.86495313e-01
1.26596250e-07,1.86504688e-01
1.26636250e-07,1.86495313e-01
1.26676250e-07,1.86503125e-01
1.26716250e-07,1.86496875e-01
1.26756250e-07,1.86503125e-01
1.26796250e-07,1.86496875e-01
1.26836250e-07,1.86503125e-01
1.26876250e-07,1.86496875e-01
1.26916250e-07,1.86503125e-01
1.26956250e-07,1.86496875e-01
1.26996250e-07,1.86501562e-01
1.27036250e-07,1.86498438e-01
1.27076250e-07,1.86501562e-01
1.27116250e-07,1.86498438e-01
1.27156250e-07,1.86501562e-01
1.27196250e-07,1.86498438e-01
1.27236250e-07,1.86501562e-01
1.27276250e-07,1.86498438e-01
1.27316250e-07,1.86501562e-01
1.27356250e-07,1.86498438e-01
1.27396250e-07,1.86501562e-01
1.27436250e-07,1.86500000e-01
1.27476250e-07,1.86500000e-01
1.27516250e-07,1.86500000e-01
1.27556250e-07,1.86500000e-01
1.27596250e-07,1.86500000e-01
1.27636250e-07,1.86500000e-01
1.27676250e-07,1.86500000e-01
1.27716250e-07,1.86500000e-01
1.27756250e-07,1.86500000e-01
1.27796250e-07,1.86498438e-01
1.27836250e-07,1.86501562e-01
1.27876250e-07,1.86498438e-01
1.27916250e-07,1.86501562e-01
1.27956250e-07,1.86498438e-01
1.27996250e-07,1.86503125e-01
1.28036250e-07,1.86496875e-01
1.28076250e-07,1.86503125e-01
1.28116250e-07,1.86495313e-01
1.28156250e-07,1.86504688e-01
1.28196250e-07,1.86493750e-01
1.28236250e-07,1.86507813e-01
1.28276250e-07,1.86489062e-01
1.28316250e-07,1.86515625e-01
1.28356250e-07,1.86475000e-01
1.28396250e-07,1.86550000e-01
1.28436250e-07,1.86298437e-01
1.28476250e-07,1.86039063e-01
1.28516250e-07,1.86139063e-01
1.28556250e-07,1.86068750e-01
1.28596250e-07,1.86128125e-01
1.28636250e-07,1.86068750e-01
1.28676250e-07,1.86137500e-01
1.28716250e-07,1.86039063e-01
1.28756250e-07,1.86312500e-01
1.28796250e-07,1.86551563e-01
1.28836250e-07,1.86471875e-01
1.28876250e-07,1.86520313e-01
1.28916250e-07,1.86484375e-01
1.28956250e-07,1.86514062e-01
1.28996250e-07,1.86485938e-01
1.29036250e-07,1.86512500e-01
1.29076250e-07,1.86485938e-01
1.29116250e-07,1.86514062e-01
1.29156250e-07,1.86482813e-01
1.29196250e-07,1.86520313e-01
1.29236250e-07,1.86475000e-01
1.29276250e-07,1.86534375e-01
1.29316250e-07,1.86440625e-01
1.29356250e-07,1.86714062e-01
1.29396250e-07,1.86948438e-01
1.29436250e-07,1.86876563e-01
1.29476250e-07,1.86912500e-01
1.29516250e-07,1.86895313e-01
1.29556250e-07,1.86896875e-01
1.29596250e-07,1.86914063e-01
1.29636250e-07,1.86859375e-01
1.29676250e-07,1.87093750e-01
1.29716250e-07,1.87368750e-01
1.29756250e-07,1.87253125e-01
1.29796250e-07,1.87339063e-01
1.29836250e-07,1.87260938e-01
1.29876250e-07,1.87343750e-01
1.29916250e-07,1.87234375e-01
1.29956250e-07,1.87515625e-01
1.29996250e-07,1.87748438e-01
1.30036250e-07,1.87671875e-01
1.30076250e-07,1.87721875e-01
1.30116250e-07,1.87678125e-01
1.30156250e-07,1.87729688e-01
1.30196250e-07,1.87648438e-01
1.30236250e-07,1.87903125e-01
1.30276250e-07,1.88160938e-01
1.30316250e-07,1.88060937e-01
1.30356250e-07,1.88132812e-01
1.30396250e-07,1.88067188e-01
1.30436250e-07,1.88139063e-01
1.30476250e-07,1.88037500e-01
1.30516250e-07,1.88312500e-01
1.30556250e-07,1.88551563e-01
1.30596250e-07,1.88470313e-01
1.30636250e-07,1.88521875e-01
1.30676250e-07,1.88479687e-01
1.30716250e-07,1.88520313e-01
1.30756250e-07,1.88476562e-01
1.30796250e-07,1.88532813e-01
1.30836250e-07,1.88443750e-01
1.30876250e-07,1.88709375e-01
1.30916250e-07,1.88953125e-01
1.30956250e-07,1.88870312e-01
1.30996250e-07,1.88920313e-01
1.31036250e-07,1.88884375e-01
1.31076250e-07,1.88914063e-01
1.31116250e-07,1.88889063e-01
1.31156250e-07,1.88909375e-01
1.31196250e-07,1.88890625e-01
1.31236250e-07,1.88907812e-01
1.31276250e-07,1.88892188e-01
1.31316250e-07,1.88906250e-01
1.31356250e-07,1.88893750e-01
1.31396250e-07,1.88906250e-01
1.31436250e-07,1.88893750e-01
1.31476250e-07,1.88904688e-01
1.31516250e-07,1.88895312e-01
1.31556250e-07,1.88904688e-01
1.31596250e-07,1.88896875e-01
1.31636250e-07,1.88903125e-01
1.31676250e-07,1.88896875e-01
1.31716250e-07,1.88901563e-01
1.31756250e-07,1.88898438e-01
1.31796250e-07,1.88900000e-01
1.31836250e-07,1.88900000e-01
1.31876250e-07,1.88898438e-01
1.31916250e-07,1.88903125e-01
1.31956250e-07,1.88893750e-01
1.31996250e-07,1.88910938e-01
1.32036250e-07,1.88879688e-01
1.32076250e-07,1.88945313e-01
1.32116250e-07,1.88701563e-01
1.32156250e-07,1.88435938e-01
1.32196250e-07,1.88540625e-01
1.32236250e-07,1.88468750e-01
1.32276250e-07,1.88528125e-01
1.32316250e-07,1.88475000e-01
1.32356250e-07,1.88525000e-01
1.32396250e-07,1.88475000e-01
1.32436250e-07,1.88525000e-01
1.32476250e-07,1.88471875e-01
1.32516250e-07,1.88531250e-01
1.32556250e-07,1.88459375e-01
1.32596250e-07,1.88565625e-01
1.32636250e-07,1.88281250e-01
1.32676250e-07,1.88056250e-01
1.32716250e-07,1.88120312e-01
1.32756250e-07,1.88089063e-01
1.32796250e-07,1.88106250e-01
1.32836250e-07,1.88095313e-01
1.32876250e-07,1.88101563e-01
1.32916250e-07,1.88098437e-01
1.32956250e-07,1.88100000e-01
1.32996250e-07,1.88101563e-01
1.33036250e-07,1.88098437e-01
1.33076250e-07,1.88101563e-01
1.33116250e-07,1.88096875e-01
1.33156250e-07,1.88103125e-01
1.33196250e-07,1.88096875e-01
1.33236250e-07,1.88103125e-01
1.33276250e-07,1.88096875e-01
1.33316250e-07,1.88104688e-01
1.33356250e-07,1.88095313e-01
1.33396250e-07,1.88104688e-01
1.33436250e-07,1.88095313e-01
1.33476250e-07,1.88104688e-01
1.33516250e-07,1.88095313e-01
1.33556250e-07,1.88104688e-01
1.33596250e-07,1.88093750e-01
1.33636250e-07,1.88106250e-01
1.33676250e-07,1.88093750e-01
1.33716250e-07,1.88106250e-01
1.33756250e-07,1.88093750e-01
1.33796250e-07,1.88107812e-01
1.33836250e-07,1.88092188e-01
1.33876250e-07,1.88109375e-01
1.33916250e-07,1.88090625e-01
1.33956250e-07,1.88110938e-01
1.33996250e-07,1.88089063e-01
1.34036250e-07,1.88112500e-01
1.34076250e-07,1.88084375e-01
1.34116250e-07,1.88118750e-01
1.34156250e-07,1.88076563e-01
1.34196250e-07,1.88132812e-01
1.34236250e-07,1.88042188e-01
1.34276250e-07,1.88310937e-01
1.34316250e-07,1.88551563e-01
1.34356250e-07,1.88473438e-01
1.34396250e-07,1.88517188e-01
1.34436250e-07,1.88487500e-01
1.34476250e-07,1.88509375e-01
1.34516250e-07,1.88492188e-01
1.34556250e-07,1.88506250e-01
1.34596250e-07,1.88495313e-01
1.34636250e-07,1.88504688e-01
1.34676250e-07,1.88496875e-01
1.34716250e-07,1.88503125e-01
1.34756250e-07,1.88498438e-01
1.34796250e-07,1.88501562e-01
1.34836250e-07,1.88498438e-01
1.34876250e-07,1.88500000e-01
1.34916250e-07,1.88500000e-01
1.34956250e-07,1.88500000e-01
1.34996250e-07,1.88500000e-01
1.35036250e-07,1.88498438e-01
1.35076250e-07,1.88501562e-01
1.35116250e-07,1.88498438e-01
1.35156250e-07,1.88503125e-01
1.35196250e-07,1.88496875e-01
1.35236250e-07,1.88503125e-01
1.35276250e-07,1.88495313e-01
1.35316250e-07,1.88504688e-01
1.35356250e-07,1.88493750e-01
1.35396250e-07,1.88507813e-01
1.35436250e-07,1.88490625e-01
1.35476250e-07,1.88510938e-01
1.35516250e-07,1.88485938e-01
1.35556250e-07,1.88518750e-01
1.35596250e-07,1.88471875e-01
1.35636250e-07,1.88553125e-01
1.35676250e-07,1.88293750e-01
1.35716250e-07,1.88043750e-01
1.35756250e-07,1.88131250e-01
1.35796250e-07,1.88078125e-01
1.35836250e-07,1.88117188e-01
1.35876250e-07,1.88085937e-01
1.35916250e-07,1.88112500e-01
1.35956250e-07,1.88089063e-01
1.35996250e-07,1.88109375e-01
1.36036250e-07,1.88090625e-01
1.36076250e-07,1.88107812e-01
1.36116250e-07,1.88092188e-01
1.36156250e-07,1.88106250e-01
1.36196250e-07,1.88093750e-01
1.36236250e-07,1.88106250e-01
1.36276250e-07,1.88093750e-01
1.36316250e-07,1.88106250e-01
1.36356250e-07,1.88093750e-01
1.36396250e-07,1.88106250e-01
1.36436250e-07,1.88093750e-01
1.36476250e-07,1.88104688e-01
1.36516250e-07,1.88095313e-01
1.36556250e-07,1.88104688e-01
1.36596250e-07,1.88095313e-01
1.36636250e-07,1.88104688e-01
1.36676250e-07,1.88095313e-01
1.36716250e-07,1.88106250e-01
1.36756250e-07,1.88093750e-01
1.36796250e-07,1.88106250e-01
1.36836250e-07,1.88093750e-01
1.36876250e-07,1.88106250e-01
1.36916250e-07,1.88092188e-01
1.36956250e-07,1.88107812e-01
1.36996250e-07,1.88090625e-01
1.37036250e-07,1.88109375e-01
1.37076250e-07,1.88087500e-01
1.37116250e-07,1.88115625e-01
1.37156250e-07,1.88079688e-01
1.37196250e-07,1.88129688e-01
1.37236250e-07,1.88046875e-01
1.37276250e-07,1.88306250e-01
1.37316250e-07,1.88556250e-01
1.37356250e-07,1.88467188e-01
1.37396250e-07,1.88523438e-01
1.37436250e-07,1.88481250e-01
1.37476250e-07,1.88517188e-01
1.37516250e-07,1.88484375e-01
1.37556250e-07,1.88515625e-01
1.37596250e-07,1.88484375e-01
1.37636250e-07,1.88515625e-01
1.37676250e-07,1.88482813e-01
1.37716250e-07,1.88520313e-01
1.37756250e-07,1.88475000e-01
1.37796250e-07,1.88534375e-01
1.37836250e-07,1.88440625e-01
1.37876250e-07,1.88712500e-01
1.37916250e-07,1.88950000e-01
1.37956250e-07,1.88873438e-01
1.37996250e-07,1.88917188e-01
1.38036250e-07,1.88889063e-01
1.38076250e-07,1.88907812e-01
1.38116250e-07,1.88895312e-01
1.38156250e-07,1.88903125e-01
1.38196250e-07,1.88898438e-01
1.38236250e-07,1.88898438e-01
1.38276250e-07,1.88904688e-01
1.38316250e-07,1.88889063e-01
1.38356250e-07,1.88920313e-01
1.38396250e-07,1.88854688e-01
1.38436250e-07,1.89098437e-01
1.38476250e-07,1.89364063e-01
1.38516250e-07,1.89259375e-01
1.38556250e-07,1.89331250e-01
1.38596250e-07,1.89273438e-01
1.38636250e-07,1.89325000e-01
1.38676250e-07,1.89276562e-01
1.38716250e-07,1.89321875e-01
1.38756250e-07,1.89278125e-01
1.38796250e-07,1.89323437e-01
1.38836250e-07,1.89275000e-01
1.38876250e-07,1.89326563e-01
1.38916250e-07,1.89267188e-01
1.38956250e-07,1.89342188e-01
1.38996250e-07,1.89234375e-01
1.39036250e-07,1.89518750e-01
1.39076250e-07,1.89743750e-01
1.39116250e-07,1.89681250e-01
1.39156250e-07,1.89709375e-01
1.39196250e-07,1.89695313e-01
1.39236250e-07,1.89701563e-01
1.39276250e-07,1.89701563e-01
1.39316250e-07,1.89696875e-01
1.39356250e-07,1.89706250e-01
1.39396250e-07,1.89692187e-01
1.39436250e-07,1.89709375e-01
1.39476250e-07,1.89687500e-01
1.39516250e-07,1.89715625e-01
1.39556250e-07,1.89678125e-01
1.39596250e-07,1.89731250e-01
1.39636250e-07,1.89643750e-01
1.39676250e-07,1.89909375e-01
1.39716250e-07,1.90151563e-01
1.39756250e-07,1.90071875e-01
1.39796250e-07,1.90118750e-01
1.39836250e-07,1.90087500e-01
1.39876250e-07,1.90109375e-01
1.39916250e-07,1.90092188e-01
1.39956250e-07,1.90104688e-01
1.39996250e-07,1.90096875e-01
1.40036250e-07,1.90101563e-01
1.40076250e-07,1.90098437e-01
1.40116250e-07,1.90100000e-01
1.40156250e-07,1.90101563e-01
1.40196250e-07,1.90096875e-01
1.40236250e-07,1.90104688e-01
1.40276250e-07,1.90092188e-01
1.40316250e-07,1.90110938e-01
1.40356250e-07,1.90084375e-01
1.40396250e-07,1.90126563e-01
1.40436250e-07,1.90048438e-01
1.40476250e-07,1.90304688e-01
1.40516250e-07,1.90557813e-01
1.40556250e-07,1.90465625e-01
1.40596250e-07,1.90525000e-01
1.40636250e-07,1.90481250e-01
1.40676250e-07,1.90515625e-01
1.40716250e-07,1.90485938e-01
1.40756250e-07,1.90512500e-01
1.40796250e-07,1.90489063e-01
1.40836250e-07,1.90510938e-01
1.40876250e-07,1.90490625e-01
1.40916250e-07,1.90509375e-01
1.40956250e-07,1.90490625e-01
1.40996250e-07,1.90509375e-01
1.41036250e-07,1.90492188e-01
1.41076250e-07,1.90507813e-01
1.41116250e-07,1.90492188e-01
1.41156250e-07,1.90507813e-01
1.41196250e-07,1.90492188e-01
1.41236250e-07,1.90507813e-01
1.41276250e-07,1.90492188e-01
1.41316250e-07,1.90509375e-01
1.41356250e-07,1.90490625e-01
1.41396250e-07,1.90509375e-01
1.41436250e-07,1.90489063e-01
1.41476250e-07,1.90510938e-01
1.41516250e-07,1.90487500e-01
1.41556250e-07,1.90514062e-01
1.41596250e-07,1.90482813e-01
1.41636250e-07,1.90521875e-01
1.41676250e-07,1.90468750e-01
1.41716250e-07,1.90556250e-01
1.41756250e-07,1.90290625e-01
1.41796250e-07,1.90046875e-01
1.41836250e-07,1.90129688e-01
1.41876250e-07,1.90079688e-01
1.41916250e-07,1.90115625e-01
1.41956250e-07,1.90087500e-01
1.41996250e-07,1.90110938e-01
1.42036250e-07,1.90090625e-01
1.42076250e-07,1.90107813e-01
1.42116250e-07,1.90092188e-01
1.42156250e-07,1.90106250e-01
1.42196250e-07,1.90093750e-01
1.42236250e-07,1.90106250e-01
1.42276250e-07,1.90093750e-01
1.42316250e-07,1.90106250e-01
1.42356250e-07,1.90093750e-01
1.42396250e-07,1.90106250e-01
1.42436250e-07,1.90093750e-01
1.42476250e-07,1.90106250e-01
1.42516250e-07,1.90093750e-01
1.42556250e-07,1.90106250e-01
1.42596250e-07,1.90093750e-01
1.42636250e-07,1.90106250e-01
1.42676250e-07,1.90092188e-01
1.42716250e-07,1.90107813e-01
1.42756250e-07,1.90090625e-01
1.42796250e-07,1.90109375e-01
1.42836250e-07,1.90089063e-01
1.42876250e-07,1.90114063e-01
1.42916250e-07,1.90082813e-01
1.42956250e-07,1.90121875e-01
1.42996250e-07,1.90068750e-01
1.43036250e-07,1.90156250e-01
1.43076250e-07,1.89890625e-01
1.43116250e-07,1.89646875e-01
1.43156250e-07,1.89729688e-01
1.43196250e-07,1.89679687e-01
1.43236250e-07,1.89715625e-01
1.43276250e-07,1.89687500e-01
1.43316250e-07,1.89709375e-01
1.43356250e-07,1.89692187e-01
1.43396250e-07,1.89707813e-01
1.43436250e-07,1.89693750e-01
1.43476250e-07,1.89706250e-01
1.43516250e-07,1.89695313e-01
1.43556250e-07,1.89704687e-01
1.43596250e-07,1.89695313e-01
1.43636250e-07,1.89703125e-01
1.43676250e-07,1.89696875e-01
1.43716250e-07,1.89703125e-01
1.43756250e-07,1.89696875e-01
1.43796250e-07,1.89703125e-01
1.43836250e-07,1.89696875e-01
1.43876250e-07,1.89701563e-01
1.43916250e-07,1.89698438e-01
1.43956250e-07,1.89701563e-01
1.43996250e-07,1.89698438e-01
1.44036250e-07,1.89701563e-01
1.44076250e-07,1.89698438e-01
1.44116250e-07,1.89701563e-01
1.44156250e-07,1.89698438e-01
1.44196250e-07,1.89701563e-01
1.44236250e-07,1.89698438e-01
1.44276250e-07,1.89700000e-01
1.44316250e-07,1.89700000e-01
1.44356250e-07,1.89700000e-01
1.44396250e-07,1.89700000e-01
1.44436250e-07,1.89700000e-01
1.44476250e-07,1.89700000e-01
1.44516250e-07,1.89700000e-01
1.44556250e-07,1.89700000e-01
1.44596250e-07,1.89700000e-01
1.44636250e-07,1.89700000e-01
1.44676250e-07,1.89698438e-01
1.44716250e-07,1.89701563e-01
1.44756250e-07,1.89698438e-01
1.44796250e-07,1.89701563e-01
1.44836250e-07,1.89698438e-01
1.44876250e-07,1.89703125e-01
1.44916250e-07,1.89696875e-01
1.44956250e-07,1.89703125e-01
1.44996250e-07,1.89695313e-01
1.45036250e-07,1.89704687e-01
1.45076250e-07,1.89693750e-01
1.45116250e-07,1.89706250e-01
1.45156250e-07,1.89692187e-01
1.45196250e-07,1.89710938e-01
1.45236250e-07,1.89685938e-01
1.45276250e-07,1.89718750e-01
1.45316250e-07,1.89671875e-01
1.45356250e-07,1.89753125e-01
1.45396250e-07,1.89493750e-01
1.45436250e-07,1.89243750e-01
1.45476250e-07,1.89331250e-01
1.45516250e-07,1.89278125e-01
1.45556250e-07,1.89317188e-01
1.45596250e-07,1.89285938e-01
1.45636250e-07,1.89312500e-01
1.45676250e-07,1.89289062e-01
1.45716250e-07,1.89309375e-01
1.45756250e-07,1.89290625e-01
1.45796250e-07,1.89307813e-01
1.45836250e-07,1.89292188e-01
1.45876250e-07,1.89306250e-01
1.45916250e-07,1.89293750e-01
1.45956250e-07,1.89306250e-01
1.45996250e-07,1.89293750e-01
1.46036250e-07,1.89304688e-01
1.46076250e-07,1.89295313e-01
1.46116250e-07,1.89304688e-01
1.46156250e-07,1.89295313e-01
1.46196250e-07,1.89304688e-01
1.46236250e-07,1.89296875e-01
1.46276250e-07,1.89303125e-01
1.46316250e-07,1.89296875e-01
1.46356250e-07,1.89303125e-01
1.46396250e-07,1.89296875e-01
1.46436250e-07,1.89303125e-01
1.46476250e-07,1.89298437e-01
1.46516250e-07,1.89301563e-01
1.46556250e-07,1.89298437e-01
1.46596250e-07,1.89301563e-01
1.46636250e-07,1.89300000e-01
1.46676250e-07,1.89300000e-01
1.46716250e-07,1.89300000e-01
1.46756250e-07,1.89298437e-01
1.46796250e-07,1.89301563e-01
1.46836250e-07,1.89296875e-01
1.46876250e-07,1.89304688e-01
1.46916250e-07,1.89293750e-01
1.46956250e-07,1.89309375e-01
1.46996250e-07,1.89284375e-01
1.47036250e-07,1.89325000e-01
1.47076250e-07,1.89250000e-01
1.47116250e-07,1.89503125e-01
1.47156250e-07,1.89759375e-01
1.47196250e-07,1.89664063e-01
1.47236250e-07,1.89726563e-01
1.47276250e-07,1.89678125e-01
1.47316250e-07,1.89718750e-01
1.47356250e-07,1.89682813e-01
1.47396250e-07,1.89715625e-01
1.47436250e-07,1.89685938e-01
1.47476250e-07,1.89714063e-01
1.47516250e-07,1.89687500e-01
1.47556250e-07,1.89712500e-01
1.47596250e-07,1.89687500e-01
1.47636250e-07,1.89710938e-01
1.47676250e-07,1.89689063e-01
1.47716250e-07,1.89710938e-01
1.47756250e-07,1.89689063e-01
1.47796250e-07,1.89710938e-01
1.47836250e-07,1.89689063e-01
1.47876250e-07,1.89710938e-01
1.47916250e-07,1.89689063e-01
1.47956250e-07,1.89710938e-01
1.47996250e-07,1.89689063e-01
1.48036250e-07,1.89710938e-01
1.48076250e-07,1.89689063e-01
1.48116250e-07,1.89710938e-01
1.48156250e-07,1.89689063e-01
1.48196250e-07,1.89710938e-01
1.48236250e-07,1.89689063e-01
1.48276250e-07,1.89710938e-01
1.48316250e-07,1.89687500e-01
1.48356250e-07,1.89712500e-01
1.48396250e-07,1.89687500e-01
1.48436250e-07,1.89712500e-01
1.48476250e-07,1.89685938e-01
1.48516250e-07,1.89714063e-01
1.48556250e-07,1.89685938e-01
1.48596250e-07,1.89715625e-01
1.48636250e-07,1.89682813e-01
1.48676250e-07,1.89718750e-01
1.48716250e-07,1.89679687e-01
1.48756250e-07,1.89721875e-01
1.48796250e-07,1.89675000e-01
1.48836250e-07,1.89731250e-01
1.48876250e-07,1.89659375e-01
1.48916250e-07,1.89765625e-01
1.48956250e-07,1.89479687e-01
1.48996250e-07,1.89257813e-01
1.49036250e-07,1.89317188e-01
1.49076250e-07,1.89292188e-01
1.49116250e-07,1.89301563e-01
1.49156250e-07,1.89303125e-01
1.49196250e-07,1.89293750e-01
1.49236250e-07,1.89310937e-01
1.49276250e-07,1.89284375e-01
1.49316250e-07,1.89321875e-01
1.49356250e-07,1.89268750e-01
1.49396250e-07,1.89357813e-01
1.49436250e-07,1.89089063e-01
1.49476250e-07,1.88850000e-01
1.49516250e-07,1.88925000e-01
1.49556250e-07,1.88885938e-01
1.49596250e-07,1.88907812e-01
1.49636250e-07,1.88895312e-01
1.49676250e-07,1.88900000e-01
1.49716250e-07,1.88903125e-01
1.49756250e-07,1.88892188e-01
1.49796250e-07,1.88914063e-01
1.49836250e-07,1.88875000e-01
1.49876250e-07,1.88950000e-01
1.49916250e-07,1.88696875e-01
1.49956250e-07,1.88442187e-01
1.49996250e-07,1.88534375e-01
1.50036250e-07,1.88476562e-01
1.50076250e-07,1.88518750e-01
1.50116250e-07,1.88484375e-01
1.50156250e-07,1.88512500e-01
1.50196250e-07,1.88489062e-01
1.50236250e-07,1.88509375e-01
1.50276250e-07,1.88490625e-01
1.50316250e-07,1.88507813e-01
1.50356250e-07,1.88493750e-01
1.50396250e-07,1.88506250e-01
1.50436250e-07,1.88495313e-01
1.50476250e-07,1.88504688e-01
1.50516250e-07,1.88495313e-01
1.50556250e-07,1.88503125e-01
1.50596250e-07,1.88496875e-01
1.50636250e-07,1.88503125e-01
1.50676250e-07,1.88496875e-01
1.50716250e-07,1.88501562e-01
1.50756250e-07,1.88498438e-01
1.50796250e-07,1.88501562e-01
1.50836250e-07,1.88500000e-01
1.50876250e-07,1.88500000e-01
1.50916250e-07,1.88501562e-01
1.50956250e-07,1.88498438e-01
1.50996250e-07,1.88503125e-01
1.51036250e-07,1.88496875e-01
1.51076250e-07,1.88504688e-01
1.51116250e-07,1.88492188e-01
1.51156250e-07,1.88510938e-01
1.51196250e-07,1.88484375e-01
1.51236250e-07,1.88525000e-01
1.51276250e-07,1.88450000e-01
1.51316250e-07,1.88703125e-01
1.51356250e-07,1.88959375e-01
1.51396250e-07,1.88864063e-01
1.51436250e-07,1.88926563e-01
1.51476250e-07,1.88878125e-01
1.51516250e-07,1.88918750e-01
1.51556250e-07,1.88882812e-01
1.51596250e-07,1.88917188e-01
1.51636250e-07,1.88882812e-01
1.51676250e-07,1.88917188e-01
1.51716250e-07,1.88881250e-01
1.51756250e-07,1.88920313e-01
1.51796250e-07,1.88875000e-01
1.51836250e-07,1.88934375e-01
1.51876250e-07,1.88842188e-01
1.51916250e-07,1.89110938e-01
1.51956250e-07,1.89351563e-01
1.51996250e-07,1.89270313e-01
1.52036250e-07,1.89320313e-01
1.52076250e-07,1.89284375e-01
1.52116250e-07,1.89314063e-01
1.52156250e-07,1.89287500e-01
1.52196250e-07,1.89312500e-01
1.52236250e-07,1.89285938e-01
1.52276250e-07,1.89317188e-01
1.52316250e-07,1.89279688e-01
1.52356250e-07,1.89329688e-01
1.52396250e-07,1.89245313e-01
1.52436250e-07,1.89506250e-01
1.52476250e-07,1.89756250e-01
1.52516250e-07,1.89667188e-01
1.52556250e-07,1.89723438e-01
1.52596250e-07,1.89679687e-01
1.52636250e-07,1.89717187e-01
1.52676250e-07,1.89682813e-01
1.52716250e-07,1.89717187e-01
1.52756250e-07,1.89682813e-01
1.52796250e-07,1.89720313e-01
1.52836250e-07,1.89676563e-01
1.52876250e-07,1.89732813e-01
1.52916250e-07,1.89643750e-01
1.52956250e-07,1.89909375e-01
1.52996250e-07,1.90153125e-01
1.53036250e-07,1.90068750e-01
1.53076250e-07,1.90121875e-01
1.53116250e-07,1.90082813e-01
1.53156250e-07,1.90115625e-01
1.53196250e-07,1.90084375e-01
1.53236250e-07,1.90115625e-01
1.53276250e-07,1.90084375e-01
1.53316250e-07,1.90118750e-01
1.53356250e-07,1.90076563e-01
1.53396250e-07,1.90132812e-01
1.53436250e-07,1.90043750e-01
1.53476250e-07,1.90309375e-01
1.53516250e-07,1.90553125e-01
1.53556250e-07,1.90470313e-01
1.53596250e-07,1.90520313e-01
1.53636250e-07,1.90484375e-01
1.53676250e-07,1.90512500e-01
1.53716250e-07,1.90489063e-01
1.53756250e-07,1.90509375e-01
1.53796250e-07,1.90492188e-01
1.53836250e-07,1.90507813e-01
1.53876250e-07,1.90492188e-01
1.53916250e-07,1.90506250e-01
1.53956250e-07,1.90493750e-01
1.53996250e-07,1.90506250e-01
1.54036250e-07,1.90493750e-01
1.54076250e-07,1.90506250e-01
1.54116250e-07,1.90493750e-01
1.54156250e-07,1.90504688e-01
1.54196250e-07,1.90495313e-01
1.54236250e-07,1.90504688e-01
1.54276250e-07,1.90495313e-01
1.54316250e-07,1.90504688e-01
1.54356250e-07,1.90493750e-01
1.54396250e-07,1.90506250e-01
1.54436250e-07,1.90493750e-01
1.54476250e-07,1.90506250e-01
1.54516250e-07,1.90493750e-01
1.54556250e-07,1.90506250e-01
1.54596250e-07,1.90492188e-01
1.54636250e-07,1.90507813e-01
1.54676250e-07,1.90490625e-01
1.54716250e-07,1.90509375e-01
1.54756250e-07,1.90489063e-01
1.54796250e-07,1.90512500e-01
1.54836250e-07,1.90484375e-01
1.54876250e-07,1.90520313e-01
1.54916250e-07,1.90468750e-01
1.54956250e-07,1.90554688e-01
1.54996250e-07,1.90292188e-01
1.55036250e-07,1.90045313e-01
1.55076250e-07,1.90129688e-01
1.55116250e-07,1.90079688e-01
1.55156250e-07,1.90115625e-01
1.55196250e-07,1.90087500e-01
1.55236250e-07,1.90110938e-01
1.55276250e-07,1.90090625e-01
1.55316250e-07,1.90109375e-01
1.55356250e-07,1.90092188e-01
1.55396250e-07,1.90107813e-01
1.55436250e-07,1.90092188e-01
1.55476250e-07,1.90106250e-01
1.55516250e-07,1.90093750e-01
1.55556250e-07,1.90106250e-01
1.55596250e-07,1.90093750e-01
1.55636250e-07,1.90106250e-01
1.55676250e-07,1.90093750e-01
1.55716250e-07,1.90106250e-01
1.55756250e-07,1.90093750e-01
1.55796250e-07,1.90107813e-01
1.55836250e-07,1.90092188e-01
1.55876250e-07,1.90107813e-01
1.55916250e-07,1.90092188e-01
1.55956250e-07,1.90109375e-01
1.55996250e-07,1.90090625e-01
1.56036250e-07,1.90110938e-01
1.56076250e-07,1.90087500e-01
1.56116250e-07,1.90114063e-01
1.56156250e-07,1.90082813e-01
1.56196250e-07,1.90123438e-01
1.56236250e-07,1.90067188e-01
1.56276250e-07,1.90157812e-01
1.56316250e-07,1.89889063e-01
1.56356250e-07,1.89648438e-01
1.56396250e-07,1.89726563e-01
1.56436250e-07,1.89682813e-01
1.56476250e-07,1.89710938e-01
1.56516250e-07,1.89692187e-01
1.56556250e-07,1.89704687e-01
1.56596250e-07,1.89698438e-01
1.56636250e-07,1.89696875e-01
1.56676250e-07,1.89707813e-01
1.56716250e-07,1.89682813e-01
1.56756250e-07,1.89742187e-01
1.56796250e-07,1.89504688e-01
1.56836250e-07,1.89232813e-01
1.56876250e-07,1.89345313e-01
1.56916250e-07,1.89264062e-01
1.56956250e-07,1.89332813e-01
1.56996250e-07,1.89267188e-01
1.57036250e-07,1.89335937e-01
1.57076250e-07,1.89254688e-01
1.57116250e-07,1.89368750e-01
1.57156250e-07,1.89078125e-01
1.57196250e-07,1.88857812e-01
1.57236250e-07,1.88917188e-01
1.57276250e-07,1.88892188e-01
1.57316250e-07,1.88903125e-01
1.57356250e-07,1.88900000e-01
1.57396250e-07,1.88896875e-01
1.57436250e-07,1.88906250e-01
1.57476250e-07,1.88889063e-01
1.57516250e-07,1.88915625e-01
1.57556250e-07,1.88873438e-01
1.57596250e-07,1.88951563e-01
1.57636250e-07,1.88695313e-01
1.57676250e-07,1.88442187e-01
1.57716250e-07,1.88534375e-01
1.57756250e-07,1.88475000e-01
1.57796250e-07,1.88520313e-01
1.57836250e-07,1.88482813e-01
1.57876250e-07,1.88515625e-01
1.57916250e-07,1.88485938e-01
1.57956250e-07,1.88512500e-01
1.57996250e-07,1.88487500e-01
1.58036250e-07,1.88512500e-01
1.58076250e-07,1.88487500e-01
1.58116250e-07,1.88512500e-01
1.58156250e-07,1.88487500e-01
1.58196250e-07,1.88512500e-01
1.58236250e-07,1.88485938e-01
1.58276250e-07,1.88515625e-01
1.58316250e-07,1.88482813e-01
1.58356250e-07,1.88520313e-01
1.58396250e-07,1.88475000e-01
1.58436250e-07,1.88534375e-01
1.58476250e-07,1.88440625e-01
1.58516250e-07,1.88712500e-01
1.58556250e-07,1.88950000e-01
1.58596250e-07,1.88873438e-01
1.58636250e-07,1.88917188e-01
1.58676250e-07,1.88889063e-01
1.58716250e-07,1.88907812e-01
1.58756250e-07,1.88893750e-01
1.58796250e-07,1.88904688e-01
1.58836250e-07,1.88896875e-01
1.58876250e-07,1.88903125e-01
1.58916250e-07,1.88898438e-01
1.58956250e-07,1.88901563e-01
1.58996250e-07,1.88900000e-01
1.59036250e-07,1.88900000e-01
1.59076250e-07,1.88901563e-01
1.59116250e-07,1.88898438e-01
1.59156250e-07,1.88903125e-01
1.59196250e-07,1.88896875e-01
1.59236250e-07,1.88904688e-01
1.59276250e-07,1.88893750e-01
1.59316250e-07,1.88906250e-01
1.59356250e-07,1.88892188e-01
1.59396250e-07,1.88910938e-01
1.59436250e-07,1.88885938e-01
1.59476250e-07,1.88918750e-01
1.59516250e-07,1.88870312e-01
1.59556250e-07,1.88954687e-01
1.59596250e-07,1.88692187e-01
1.59636250e-07,1.88445313e-01
1.59676250e-07,1.88529688e-01
1.59716250e-07,1.88479687e-01
1.59756250e-07,1.88515625e-01
1.59796250e-07,1.88487500e-01
1.59836250e-07,1.88509375e-01
1.59876250e-07,1.88492188e-01
1.59916250e-07,1.88506250e-01
1.59956250e-07,1.88495313e-01
1.59996250e-07,1.88501562e-01
1.60036250e-07,1.88500000e-01
1.60076250e-07,1.88498438e-01
1.60116250e-07,1.88506250e-01
1.60156250e-07,1.88489062e-01
1.60196250e-07,1.88520313e-01
1.60236250e-07,1.88454687e-01
1.60276250e-07,1.88698438e-01
1.60316250e-07,1.88962500e-01
1.60356250e-07,1.88860938e-01
1.60396250e-07,1.88929687e-01
1.60436250e-07,1.88875000e-01
1.60476250e-07,1.88921875e-01
1.60516250e-07,1.88879688e-01
1.60556250e-07,1.88918750e-01
1.60596250e-07,1.88881250e-01
1.60636250e-07,1.88918750e-01
1.60676250e-07,1.88881250e-01
1.60716250e-07,1.88918750e-01
1.60756250e-07,1.88881250e-01
1.60796250e-07,1.88920313e-01
1.60836250e-07,1.88878125e-01
1.60876250e-07,1.88925000e-01
1.60916250e-07,1.88870312e-01
1.60956250e-07,1.88939063e-01
1.60996250e-07,1.88837500e-01
1.61036250e-07,1.89115625e-01
1.61076250e-07,1.89346875e-01
1.61116250e-07,1.89276562e-01
1.61156250e-07,1.89314063e-01
1.61196250e-07,1.89290625e-01
1.61236250e-07,1.89306250e-01
1.61276250e-07,1.89295313e-01
1.61316250e-07,1.89303125e-01
1.61356250e-07,1.89298437e-01
1.61396250e-07,1.89301563e-01
1.61436250e-07,1.89300000e-01
1.61476250e-07,1.89300000e-01
1.61516250e-07,1.89300000e-01
1.61556250e-07,1.89298437e-01
1.61596250e-07,1.89301563e-01
1.61636250e-07,1.89298437e-01
1.61676250e-07,1.89301563e-01
1.61716250e-07,1.89298437e-01
1.61756250e-07,1.89301563e-01
1.61796250e-07,1.89298437e-01
1.61836250e-07,1.89301563e-01
1.61876250e-07,1.89296875e-01
1.61916250e-07,1.89303125e-01
1.61956250e-07,1.89296875e-01
1.61996250e-07,1.89303125e-01
1.62036250e-07,1.89296875e-01
1.62076250e-07,1.89303125e-01
1.62116250e-07,1.89296875e-01
1.62156250e-07,1.89303125e-01
1.62196250e-07,1.89296875e-01
1.62236250e-07,1.89303125e-01
1.62276250e-07,1.89296875e-01
1.62316250e-07,1.89303125e-01
1.62356250e-07,1.89296875e-01
1.62396250e-07,1.89303125e-01
1.62436250e-07,1.89296875e-01
1.62476250e-07,1.89303125e-01
1.62516250e-07,1.89295313e-01
1.62556250e-07,1.89304688e-01
1.62596250e-07,1.89295313e-01
1.62636250e-07,1.89304688e-01
1.62676250e-07,1.89295313e-01
1.62716250e-07,1.89304688e-01
1.62756250e-07,1.89295313e-01
1.62796250e-07,1.89304688e-01
1.62836250e-07,1.89295313e-01
1.62876250e-07,1.89304688e-01
1.62916250e-07,1.89295313e-01
1.62956250e-07,1.89306250e-01
1.62996250e-07,1.89293750e-01
1.63036250e-07,1.89306250e-01
1.63076250e-07,1.89293750e-01
1.63116250e-07,1.89306250e-01
1.63156250e-07,1.89293750e-01
1.63196250e-07,1.89307813e-01
1.63236250e-07,1.89292188e-01
1.63276250e-07,1.89307813e-01
1.63316250e-07,1.89290625e-01
1.63356250e-07,1.89309375e-01
1.63396250e-07,1.89289062e-01
1.63436250e-07,1.89312500e-01
1.63476250e-07,1.89284375e-01
1.63516250e-07,1.89318750e-01
1.63556250e-07,1.89276562e-01
1.63596250e-07,1.89332813e-01
1.63636250e-07,1.89242188e-01
1.63676250e-07,1.89510938e-01
1.63716250e-07,1.89751562e-01
1.63756250e-07,1.89671875e-01
1.63796250e-07,1.89718750e-01
1.63836250e-07,1.89687500e-01
1.63876250e-07,1.89709375e-01
1.63916250e-07,1.89692187e-01
1.63956250e-07,1.89706250e-01
1.63996250e-07,1.89695313e-01
1.64036250e-07,1.89704687e-01
1.64076250e-07,1.89696875e-01
1.64116250e-07,1.89703125e-01
1.64156250e-07,1.89698438e-01
1.64196250e-07,1.89701563e-01
1.64236250e-07,1.89698438e-01
1.64276250e-07,1.89701563e-01
1.64316250e-07,1.89700000e-01
1.64356250e-07,1.89700000e-01
1.64396250e-07,1.89700000e-01
1.64436250e-07,1.89700000e-01
1.64476250e-07,1.89700000e-01
1.64516250e-07,1.89700000e-01
1.64556250e-07,1.89701563e-01
1.64596250e-07,1.89698438e-01
1.64636250e-07,1.89701563e-01
1.64676250e-07,1.89698438e-01
1.64716250e-07,1.89701563e-01
1.64756250e-07,1.89698438e-01
1.64796250e-07,1.89703125e-01
1.64836250e-07,1.89696875e-01
1.64876250e-07,1.89703125e-01
1.64916250e-07,1.89696875e-01
1.64956250e-07,1.89703125e-01
1.64996250e-07,1.89696875e-01
1.65036250e-07,1.89704687e-01
1.65076250e-07,1.89695313e-01
1.65116250e-07,1.89704687e-01
1.65156250e-07,1.89693750e-01
1.65196250e-07,1.89706250e-01
1.65236250e-07,1.89693750e-01
1.65276250e-07,1.89707813e-01
1.65316250e-07,1.89692187e-01
1.65356250e-07,1.89709375e-01
1.65396250e-07,1.89689063e-01
1.65436250e-07,1.89712500e-01
1.65476250e-07,1.89685938e-01
1.65516250e-07,1.89717187e-01
1.65556250e-07,1.89678125e-01
1.65596250e-07,1.89728125e-01
1.65636250e-07,1.89659375e-01
1.65676250e-07,1.89767188e-01
1.65716250e-07,1.89473438e-01
1.65756250e-07,1.89273438e-01
1.65796250e-07,1.89278125e-01
1.65836250e-07,1.89484375e-01
1.65876250e-07,1.89773438e-01
1.65916250e-07,1.89653125e-01
1.65956250e-07,1.89735938e-01
1.65996250e-07,1.89670312e-01
1.66036250e-07,1.89725000e-01
1.66076250e-07,1.89678125e-01
1.66116250e-07,1.89720313e-01
1.66156250e-07,1.89681250e-01
1.66196250e-07,1.89718750e-01
1.66236250e-07,1.89681250e-01
1.66276250e-07,1.89717187e-01
1.66316250e-07,1.89682813e-01
1.66356250e-07,1.89718750e-01
1.66396250e-07,1.89681250e-01
1.66436250e-07,1.89720313e-01
1.66476250e-07,1.89676563e-01
1.66516250e-07,1.89728125e-01
1.66556250e-07,1.89662500e-01
1.66596250e-07,1.89762500e-01
1.66636250e-07,1.89484375e-01
1.66676250e-07,1.89253125e-01
1.66716250e-07,1.89323437e-01
1.66756250e-07,1.89285938e-01
1.66796250e-07,1.89309375e-01
1.66836250e-07,1.89293750e-01
1.66876250e-07,1.89303125e-01
1.66916250e-07,1.89298437e-01
1.66956250e-07,1.89300000e-01
1.66996250e-07,1.89301563e-01
1.67036250e-07,1.89296875e-01
1.67076250e-07,1.89304688e-01
1.67116250e-07,1.89292188e-01
1.67156250e-07,1.89312500e-01
1.67196250e-07,1.89278125e-01
1.67236250e-07,1.89346875e-01
1.67276250e-07,1.89100000e-01
1.67316250e-07,1.88835937e-01
1.67356250e-07,1.88940625e-01
1.67396250e-07,1.88867188e-01
1.67436250e-07,1.88929687e-01
1.67476250e-07,1.88868750e-01
1.67516250e-07,1.88934375e-01
1.67556250e-07,1.88857812e-01
1.67596250e-07,1.88965625e-01
1.67636250e-07,1.88681250e-01
1.67676250e-07,1.88456250e-01
1.67716250e-07,1.88520313e-01
1.67756250e-07,1.88489062e-01
1.67796250e-07,1.88504688e-01
1.67836250e-07,1.88498438e-01
1.67876250e-07,1.88498438e-01
1.67916250e-07,1.88504688e-01
1.67956250e-07,1.88490625e-01
1.67996250e-07,1.88514062e-01
1.68036250e-07,1.88475000e-01
1.68076250e-07,1.88550000e-01
1.68116250e-07,1.88296875e-01
1.68156250e-07,1.88040625e-01
1.68196250e-07,1.88135938e-01
1.68236250e-07,1.88073437e-01
1.68276250e-07,1.88120312e-01
1.68316250e-07,1.88082813e-01
1.68356250e-07,1.88115625e-01
1.68396250e-07,1.88085937e-01
1.68436250e-07,1.88114063e-01
1.68476250e-07,1.88085937e-01
1.68516250e-07,1.88112500e-01
1.68556250e-07,1.88087500e-01
1.68596250e-07,1.88112500e-01
1.68636250e-07,1.88085937e-01
1.68676250e-07,1.88114063e-01
1.68716250e-07,1.88084375e-01
1.68756250e-07,1.88117188e-01
1.68796250e-07,1.88079688e-01
1.68836250e-07,1.88125000e-01
1.68876250e-07,1.88065625e-01
1.68916250e-07,1.88159375e-01
1.68956250e-07,1.87887500e-01
1.68996250e-07,1.87650000e-01
1.69036250e-07,1.87726562e-01
1.69076250e-07,1.87682813e-01
1.69116250e-07,1.87712500e-01
1.69156250e-07,1.87690625e-01
1.69196250e-07,1.87707813e-01
1.69236250e-07,1.87693750e-01
1.69276250e-07,1.87706250e-01
1.69316250e-07,1.87695313e-01
1.69356250e-07,1.87704687e-01
1.69396250e-07,1.87696875e-01
1.69436250e-07,1.87703125e-01
1.69476250e-07,1.87696875e-01
1.69516250e-07,1.87703125e-01
1.69556250e-07,1.87696875e-01
1.69596250e-07,1.87703125e-01
1.69636250e-07,1.87696875e-01
1.69676250e-07,1.87701563e-01
1.69716250e-07,1.87698438e-01
1.69756250e-07,1.87701563e-01
1.69796250e-07,1.87698438e-01
1.69836250e-07,1.87701563e-01
1.69876250e-07,1.87698438e-01
1.69916250e-07,1.87701563e-01
1.69956250e-07,1.87698438e-01
1.69996250e-07,1.87701563e-01
1.70036250e-07,1.87698438e-01
1.70076250e-07,1.87701563e-01
1.70116250e-07,1.87698438e-01
1.70156250e-07,1.87701563e-01
1.70196250e-07,1.87698438e-01
1.70236250e-07,1.87701563e-01
1.70276250e-07,1.87698438e-01
1.70316250e-07,1.87701563e-01
1.70356250e-07,1.87696875e-01
1.70396250e-07,1.87703125e-01
1.70436250e-07,1.87696875e-01
1.70476250e-07,1.87703125e-01
1.70516250e-07,1.87696875e-01
1.70556250e-07,1.87703125e-01
1.70596250e-07,1.87696875e-01
1.70636250e-07,1.87703125e-01
1.70676250e-07,1.87696875e-01
1.70716250e-07,1.87704687e-01
1.70756250e-07,1.87695313e-01
1.70796250e-07,1.87704687e-01
1.70836250e-07,1.87695313e-01
1.70876250e-07,1.87704687e-01
1.70916250e-07,1.87693750e-01
1.70956250e-07,1.87706250e-01
1.70996250e-07,1.87692187e-01
1.71036250e-07,1.87707813e-01
1.71076250e-07,1.87690625e-01
1.71116250e-07,1.87710938e-01
1.71156250e-07,1.87687500e-01
1.71196250e-07,1.87715625e-01
1.71236250e-07,1.87678125e-01
1.71276250e-07,1.87731250e-01
1.71316250e-07,1.87643750e-01
1.71356250e-07,1.87909375e-01
1.71396250e-07,1.88153125e-01
1.71436250e-07,1.88071875e-01
1.71476250e-07,1.88118750e-01
1.71516250e-07,1.88085937e-01
1.71556250e-07,1.88109375e-01
1.71596250e-07,1.88092188e-01
1.71636250e-07,1.88104688e-01
1.71676250e-07,1.88096875e-01
1.71716250e-07,1.88101563e-01
1.71756250e-07,1.88100000e-01
1.71796250e-07,1.88096875e-01
1.71836250e-07,1.88106250e-01
1.71876250e-07,1.88087500e-01
1.71916250e-07,1.88121875e-01
1.71956250e-07,1.88053125e-01
1.71996250e-07,1.88300000e-01
1.72036250e-07,1.88562500e-01
1.72076250e-07,1.88460938e-01
1.72116250e-07,1.88529688e-01
1.72156250e-07,1.88475000e-01
1.72196250e-07,1.88521875e-01
1.72236250e-07,1.88479687e-01
1.72276250e-07,1.88518750e-01
1.72316250e-07,1.88482813e-01
1.72356250e-07,1.88517188e-01
1.72396250e-07,1.88482813e-01
1.72436250e-07,1.88517188e-01
1.72476250e-07,1.88481250e-01
1.72516250e-07,1.88518750e-01
1.72556250e-07,1.88479687e-01
1.72596250e-07,1.88523438e-01
1.72636250e-07,1.88471875e-01
1.72676250e-07,1.88537500e-01
1.72716250e-07,1.88437500e-01
1.72756250e-07,1.88715625e-01
1.72796250e-07,1.88946875e-01
1.72836250e-07,1.88876563e-01
1.72876250e-07,1.88914063e-01
1.72916250e-07,1.88890625e-01
1.72956250e-07,1.88906250e-01
1.72996250e-07,1.88895312e-01
1.73036250e-07,1.88903125e-01
1.73076250e-07,1.88898438e-01
1.73116250e-07,1.88901563e-01
1.73156250e-07,1.88898438e-01
1.73196250e-07,1.88900000e-01
1.73236250e-07,1.88900000e-01
1.73276250e-07,1.88900000e-01
1.73316250e-07,1.88901563e-01
1.73356250e-07,1.88898438e-01
1.73396250e-07,1.88901563e-01
1.73436250e-07,1.88898438e-01
1.73476250e-07,1.88901563e-01
1.73516250e-07,1.88898438e-01
1.73556250e-07,1.88901563e-01
1.73596250e-07,1.88898438e-01
1.73636250e-07,1.88903125e-01
1.73676250e-07,1.88896875e-01
1.73716250e-07,1.88903125e-01
1.73756250e-07,1.88896875e-01
1.73796250e-07,1.88903125e-01
1.73836250e-07,1.88896875e-01
1.73876250e-07,1.88903125e-01
1.73916250e-07,1.88896875e-01
1.73956250e-07,1.88903125e-01
1.73996250e-07,1.88896875e-01
1.74036250e-07,1.88904688e-01
1.74076250e-07,1.88895312e-01
1.74116250e-07,1.88904688e-01
1.74156250e-07,1.88895312e-01
1.74196250e-07,1.88904688e-01
1.74236250e-07,1.88893750e-01
1.74276250e-07,1.88906250e-01
1.74316250e-07,1.88893750e-01
1.74356250e-07,1.88907812e-01
1.74396250e-07,1.88892188e-01
1.74436250e-07,1.88909375e-01
1.74476250e-07,1.88889063e-01
1.74516250e-07,1.88912500e-01
1.74556250e-07,1.88884375e-01
1.74596250e-07,1.88920313e-01
1.74636250e-07,1.88870312e-01
1.74676250e-07,1.88954687e-01
1.74716250e-07,1.88692187e-01
1.74756250e-07,1.88445313e-01
1.74796250e-07,1.88529688e-01
1.74836250e-07,1.88479687e-01
1.74876250e-07,1.88515625e-01
1.74916250e-07,1.88487500e-01
1.74956250e-07,1.88510938e-01
1.74996250e-07,1.88490625e-01
1.75036250e-07,1.88509375e-01
1.75076250e-07,1.88492188e-01
1.75116250e-07,1.88507813e-01
1.75156250e-07,1.88492188e-01
1.75196250e-07,1.88507813e-01
1.75236250e-07,1.88492188e-01
1.75276250e-07,1.88507813e-01
1.75316250e-07,1.88492188e-01
1.75356250e-07,1.88509375e-01
1.75396250e-07,1.88487500e-01
1.75436250e-07,1.88515625e-01
1.75476250e-07,1.88476562e-01
1.75516250e-07,1.88546875e-01
1.75556250e-07,1.88303125e-01
1.75596250e-07,1.88029688e-01
1.75636250e-07,1.88156250e-01
1.75676250e-07,1.88028125e-01
1.75716250e-07,1.88320313e-01
1.75756250e-07,1.88545313e-01
1.75796250e-07,1.88476562e-01
1.75836250e-07,1.88515625e-01
1.75876250e-07,1.88487500e-01
1.75916250e-07,1.88509375e-01
1.75956250e-07,1.88490625e-01
1.75996250e-07,1.88507813e-01
1.76036250e-07,1.88492188e-01
1.76076250e-07,1.88509375e-01
1.76116250e-07,1.88490625e-01
1.76156250e-07,1.88510938e-01
1.76196250e-07,1.88487500e-01
1.76236250e-07,1.88514062e-01
1.76276250e-07,1.88481250e-01
1.76316250e-07,1.88528125e-01
1.76356250e-07,1.88446875e-01
1.76396250e-07,1.88704687e-01
1.76436250e-07,1.88957813e-01
1.76476250e-07,1.88865625e-01
1.76516250e-07,1.88925000e-01
1.76556250e-07,1.88878125e-01
1.76596250e-07,1.88920313e-01
1.76636250e-07,1.88879688e-01
1.76676250e-07,1.88921875e-01
1.76716250e-07,1.88875000e-01
1.76756250e-07,1.88934375e-01
1.76796250e-07,1.88842188e-01
1.76836250e-07,1.89110938e-01
1.76876250e-07,1.89351563e-01
1.76916250e-07,1.89270313e-01
1.76956250e-07,1.89320313e-01
1.76996250e-07,1.89284375e-01
1.77036250e-07,1.89314063e-01
1.77076250e-07,1.89287500e-01
1.77116250e-07,1.89310937e-01
1.77156250e-07,1.89289062e-01
1.77196250e-07,1.89310937e-01
1.77236250e-07,1.89287500e-01
1.77276250e-07,1.89312500e-01
1.77316250e-07,1.89285938e-01
1.77356250e-07,1.89317188e-01
1.77396250e-07,1.89278125e-01
1.77436250e-07,1.89331250e-01
1.77476250e-07,1.89243750e-01
1.77516250e-07,1.89509375e-01
1.77556250e-07,1.89753125e-01
1.77596250e-07,1.89670312e-01
1.77636250e-07,1.89720313e-01
1.77676250e-07,1.89684375e-01
1.77716250e-07,1.89712500e-01
1.77756250e-07,1.89690625e-01
1.77796250e-07,1.89709375e-01
1.77836250e-07,1.89692187e-01
1.77876250e-07,1.89706250e-01
1.77916250e-07,1.89693750e-01
1.77956250e-07,1.89706250e-01
1.77996250e-07,1.89695313e-01
1.78036250e-07,1.89704687e-01
1.78076250e-07,1.89695313e-01
1.78116250e-07,1.89703125e-01
1.78156250e-07,1.89696875e-01
1.78196250e-07,1.89703125e-01
1.78236250e-07,1.89696875e-01
1.78276250e-07,1.89703125e-01
1.78316250e-07,1.89696875e-01
1.78356250e-07,1.89703125e-01
1.78396250e-07,1.89698438e-01
1.78436250e-07,1.89701563e-01
1.78476250e-07,1.89698438e-01
1.78516250e-07,1.89701563e-01
1.78556250e-07,1.89698438e-01
1.78596250e-07,1.89701563e-01
1.78636250e-07,1.89700000e-01
1.78676250e-07,1.89700000e-01
1.78716250e-07,1.89700000e-01
1.78756250e-07,1.89700000e-01
1.78796250e-07,1.89701563e-01
1.78836250e-07,1.89698438e-01
1.78876250e-07,1.89701563e-01
1.78916250e-07,1.89696875e-01
1.78956250e-07,1.89704687e-01
1.78996250e-07,1.89693750e-01
1.79036250e-07,1.89707813e-01
1.79076250e-07,1.89689063e-01
1.79116250e-07,1.89715625e-01
1.79156250e-07,1.89675000e-01
1.79196250e-07,1.89750000e-01
1.79236250e-07,1.89496875e-01
1.79276250e-07,1.89242188e-01
1.79316250e-07,1.89334375e-01
1.79356250e-07,1.89275000e-01
1.79396250e-07,1.89320313e-01
1.79436250e-07,1.89282813e-01
1.79476250e-07,1.89315625e-01
1.79516250e-07,1.89285938e-01
1.79556250e-07,1.89312500e-01
1.79596250e-07,1.89287500e-01
1.79636250e-07,1.89310937e-01
1.79676250e-07,1.89289062e-01
1.79716250e-07,1.89310937e-01
1.79756250e-07,1.89290625e-01
1.79796250e-07,1.89309375e-01
1.79836250e-07,1.89290625e-01
1.79876250e-07,1.89309375e-01
1.79916250e-07,1.89290625e-01
1.79956250e-07,1.89309375e-01
1.79996250e-07,1.89290625e-01
1.80036250e-07,1.89307813e-01
1.80076250e-07,1.89292188e-01
1.80116250e-07,1.89307813e-01
1.80156250e-07,1.89292188e-01
1.80196250e-07,1.89307813e-01
1.80236250e-07,1.89292188e-01
1.80276250e-07,1.89307813e-01
1.80316250e-07,1.89292188e-01
1.80356250e-07,1.89307813e-01
1.80396250e-07,1.89292188e-01
1.80436250e-07,1.89307813e-01
1.80476250e-07,1.89292188e-01
1.80516250e-07,1.89307813e-01
1.80556250e-07,1.89292188e-01
1.80596250e-07,1.89307813e-01
1.80636250e-07,1.89292188e-01
1.80676250e-07,1.89307813e-01
1.80716250e-07,1.89292188e-01
1.80756250e-07,1.89307813e-01
1.80796250e-07,1.89292188e-01
1.80836250e-07,1.89307813e-01
1.80876250e-07,1.89292188e-01
1.80916250e-07,1.89307813e-01
1.80956250e-07,1.89292188e-01
1.80996250e-07,1.89309375e-01
1.81036250e-07,1.89290625e-01
1.81076250e-07,1.89309375e-01
1.81116250e-07,1.89290625e-01
1.81156250e-07,1.89309375e-01
1.81196250e-07,1.89290625e-01
1.81236250e-07,1.89309375e-01
1.81276250e-07,1.89290625e-01
1.81316250e-07,1.89309375e-01
1.81356250e-07,1.89290625e-01
1.81396250e-07,1.89309375e-01
1.81436250e-07,1.89289062e-01
1.81476250e-07,1.89310937e-01
1.81516250e-07,1.89289062e-01
1.81556250e-07,1.89310937e-01
1.81596250e-07,1.89289062e-01
1.81636250e-07,1.89312500e-01
1.81676250e-07,1.89287500e-01
1.81716250e-07,1.89312500e-01
1.81756250e-07,1.89285938e-01
1.81796250e-07,1.89314063e-01
1.81836250e-07,1.89285938e-01
1.81876250e-07,1.89315625e-01
1.81916250e-07,1.89282813e-01
1.81956250e-07,1.89317188e-01
1.81996250e-07,1.89279688e-01
1.82036250e-07,1.89321875e-01
1.82076250e-07,1.89275000e-01
1.82116250e-07,1.89331250e-01
1.82156250e-07,1.89259375e-01
1.82196250e-07,1.89365625e-01
1.82236250e-07,1.89081250e-01
1.82276250e-07,1.88857812e-01
1.82316250e-07,1.88918750e-01
1.82356250e-07,1.88892188e-01
1.82396250e-07,1.88903125e-01
1.82436250e-07,1.88901563e-01
1.82476250e-07,1.88895312e-01
1.82516250e-07,1.88906250e-01
1.82556250e-07,1.88890625e-01
1.82596250e-07,1.88912500e-01
1.82636250e-07,1.88882812e-01
1.82676250e-07,1.88921875e-01
1.82716250e-07,1.88867188e-01
1.82756250e-07,1.88957813e-01
1.82796250e-07,1.88689063e-01
1.82836250e-07,1.88450000e-01
1.82876250e-07,1.88526562e-01
1.82916250e-07,1.88484375e-01
1.82956250e-07,1.88510938e-01
1.82996250e-07,1.88492188e-01
1.83036250e-07,1.88504688e-01
1.83076250e-07,1.88496875e-01
1.83116250e-07,1.88501562e-01
1.83156250e-07,1.88500000e-01
1.83196250e-07,1.88498438e-01
1.83236250e-07,1.88503125e-01
1.83276250e-07,1.88496875e-01
1.83316250e-07,1.88504688e-01
1.83356250e-07,1.88495313e-01
1.83396250e-07,1.88506250e-01
1.83436250e-07,1.88492188e-01
1.83476250e-07,1.88509375e-01
1.83516250e-07,1.88489062e-01
1.83556250e-07,1.88512500e-01
1.83596250e-07,1.88484375e-01
1.83636250e-07,1.88518750e-01
1.83676250e-07,1.88475000e-01
1.83716250e-07,1.88534375e-01
1.83756250e-07,1.88440625e-01
1.83796250e-07,1.88714063e-01
1.83836250e-07,1.88946875e-01
1.83876250e-07,1.88876563e-01
1.83916250e-07,1.88912500e-01
1.83956250e-07,1.88893750e-01
1.83996250e-07,1.88900000e-01
1.84036250e-07,1.88904688e-01
1.84076250e-07,1.88889063e-01
1.84116250e-07,1.88921875e-01
1.84156250e-07,1.88853125e-01
1.84196250e-07,1.89100000e-01
1.84236250e-07,1.89362500e-01
1.84276250e-07,1.89262500e-01
1.84316250e-07,1.89329688e-01
1.84356250e-07,1.89273438e-01
1.84396250e-07,1.89325000e-01
1.84436250e-07,1.89273438e-01
1.84476250e-07,1.89334375e-01
1.84516250e-07,1.89242188e-01
1.84556250e-07,1.89509375e-01
1.84596250e-07,1.89756250e-01
1.84636250e-07,1.89665625e-01
1.84676250e-07,1.89726563e-01
1.84716250e-07,1.89675000e-01
1.84756250e-07,1.89725000e-01
1.84796250e-07,1.89671875e-01
1.84836250e-07,1.89737500e-01
1.84876250e-07,1.89639063e-01
1.84916250e-07,1.89914063e-01
1.84956250e-07,1.90148438e-01
1.84996250e-07,1.90075000e-01
1.85036250e-07,1.90115625e-01
1.85076250e-07,1.90090625e-01
1.85116250e-07,1.90106250e-01
1.85156250e-07,1.90095313e-01
1.85196250e-07,1.90103125e-01
1.85236250e-07,1.90098437e-01
1.85276250e-07,1.90101563e-01
1.85316250e-07,1.90100000e-01
1.85356250e-07,1.90098437e-01
1.85396250e-07,1.90101563e-01
1.85436250e-07,1.90096875e-01
1.85476250e-07,1.90103125e-01
1.85516250e-07,1.90095313e-01
1.85556250e-07,1.90104688e-01
1.85596250e-07,1.90093750e-01
1.85636250e-07,1.90107813e-01
1.85676250e-07,1.90090625e-01
1.85716250e-07,1.90110938e-01
1.85756250e-07,1.90087500e-01
1.85796250e-07,1.90114063e-01
1.85836250e-07,1.90082813e-01
1.85876250e-07,1.90123438e-01
1.85916250e-07,1.90067188e-01
1.85956250e-07,1.90159375e-01
1.85996250e-07,1.89887500e-01
1.86036250e-07,1.89650000e-01
1.86076250e-07,1.89725000e-01
1.86116250e-07,1.89684375e-01
1.86156250e-07,1.89709375e-01
1.86196250e-07,1.89693750e-01
1.86236250e-07,1.89703125e-01
1.86276250e-07,1.89700000e-01
1.86316250e-07,1.89698438e-01
1.86356250e-07,1.89704687e-01
1.86396250e-07,1.89693750e-01
1.86436250e-07,1.89709375e-01
1.86476250e-07,1.89687500e-01
1.86516250e-07,1.89718750e-01
1.86556250e-07,1.89670312e-01
1.86596250e-07,1.89754688e-01
1.86636250e-07,1.89492188e-01
1.86676250e-07,1.89246875e-01
1.86716250e-07,1.89328125e-01
1.86756250e-07,1.89281250e-01
1.86796250e-07,1.89312500e-01
1.86836250e-07,1.89290625e-01
1.86876250e-07,1.89306250e-01
1.86916250e-07,1.89295313e-01
1.86956250e-07,1.89301563e-01
1.86996250e-07,1.89300000e-01
1.87036250e-07,1.89298437e-01
1.87076250e-07,1.89303125e-01
1.87116250e-07,1.89293750e-01
1.87156250e-07,1.89309375e-01
1.87196250e-07,1.89287500e-01
1.87236250e-07,1.89318750e-01
1.87276250e-07,1.89270313e-01
1.87316250e-07,1.89354688e-01
1.87356250e-07,1.89090625e-01
1.87396250e-07,1.88848438e-01
1.87436250e-07,1.88926563e-01
1.87476250e-07,1.88882812e-01
1.87516250e-07,1.88910938e-01
1.87556250e-07,1.88893750e-01
1.87596250e-07,1.88901563e-01
1.87636250e-07,1.88903125e-01
1.87676250e-07,1.88892188e-01
1.87716250e-07,1.88914063e-01
1.87756250e-07,1.88875000e-01
1.87796250e-07,1.88951563e-01
1.87836250e-07,1.88693750e-01
1.87876250e-07,1.88445313e-01
1.87916250e-07,1.88528125e-01
1.87956250e-07,1.88484375e-01
1.87996250e-07,1.88507813e-01
1.88036250e-07,1.88501562e-01
1.88076250e-07,1.88485938e-01
1.88116250e-07,1.88540625e-01
1.88156250e-07,1.88304688e-01
1.88196250e-07,1.88035937e-01
1.88236250e-07,1.88139063e-01
1.88276250e-07,1.88073437e-01
1.88316250e-07,1.88118750e-01
1.88356250e-07,1.88090625e-01
1.88396250e-07,1.88098437e-01
1.88436250e-07,1.88128125e-01
1.88476250e-07,1.87918750e-01
1.88516250e-07,1.87620312e-01
1.88556250e-07,1.87756250e-01
1.88596250e-07,1.87653125e-01
1.88636250e-07,1.87743750e-01
1.88676250e-07,1.87656250e-01
1.88716250e-07,1.87745313e-01
1.88756250e-07,1.87646875e-01
1.88796250e-07,1.87776563e-01
1.88836250e-07,1.87471875e-01
1.88876250e-07,1.87265625e-01
1.88916250e-07,1.87310937e-01
1.88956250e-07,1.87296875e-01
1.88996250e-07,1.87298437e-01
1.89036250e-07,1.87303125e-01
1.89076250e-07,1.87295313e-01
1.89116250e-07,1.87306250e-01
1.89156250e-07,1.87293750e-01
1.89196250e-07,1.87307813e-01
1.89236250e-07,1.87292188e-01
1.89276250e-07,1.87307813e-01
1.89316250e-07,1.87292188e-01
1.89356250e-07,1.87307813e-01
1.89396250e-07,1.87292188e-01
1.89436250e-07,1.87307813e-01
1.89476250e-07,1.87290625e-01
1.89516250e-07,1.87309375e-01
1.89556250e-07,1.87290625e-01
1.89596250e-07,1.87309375e-01
1.89636250e-07,1.87290625e-01
1.89676250e-07,1.87309375e-01
1.89716250e-07,1.87290625e-01
1.89756250e-07,1.87309375e-01
1.89796250e-07,1.87290625e-01
1.89836250e-07,1.87309375e-01
1.89876250e-07,1.87290625e-01
1.89916250e-07,1.87309375e-01
1.89956250e-07,1.87290625e-01
1.89996250e-07,1.87309375e-01
1.90036250e-07,1.87289063e-01
1.90076250e-07,1.87310937e-01
1.90116250e-07,1.87289063e-01
1.90156250e-07,1.87310937e-01
1.90196250e-07,1.87289063e-01
1.90236250e-07,1.87312500e-01
1.90276250e-07,1.87287500e-01
1.90316250e-07,1.87314063e-01
1.90356250e-07,1.87284375e-01
1.90396250e-07,1.87315625e-01
1.90436250e-07,1.87281250e-01
1.90476250e-07,1.87321875e-01
1.90516250e-07,1.87273438e-01
1.90556250e-07,1.87335937e-01
1.90596250e-07,1.87239062e-01
1.90636250e-07,1.87514062e-01
1.90676250e-07,1.87748438e-01
1.90716250e-07,1.87676563e-01
1.90756250e-07,1.87714063e-01
1.90796250e-07,1.87690625e-01
1.90836250e-07,1.87706250e-01
1.90876250e-07,1.87695313e-01
1.90916250e-07,1.87703125e-01
1.90956250e-07,1.87698438e-01
1.90996250e-07,1.87701563e-01
1.91036250e-07,1.87700000e-01
1.91076250e-07,1.87700000e-01
1.91116250e-07,1.87701563e-01
1.91156250e-07,1.87698438e-01
1.91196250e-07,1.87701563e-01
1.91236250e-07,1.87696875e-01
1.91276250e-07,1.87703125e-01
1.91316250e-07,1.87696875e-01
1.91356250e-07,1.87704687e-01
1.91396250e-07,1.87695313e-01
1.91436250e-07,1.87706250e-01
1.91476250e-07,1.87693750e-01
1.91516250e-07,1.87707813e-01
1.91556250e-07,1.87692187e-01
1.91596250e-07,1.87709375e-01
1.91636250e-07,1.87687500e-01
1.91676250e-07,1.87715625e-01
1.91716250e-07,1.87679687e-01
1.91756250e-07,1.87729688e-01
1.91796250e-07,1.87645312e-01
1.91836250e-07,1.87907812e-01
1.91876250e-07,1.88154688e-01
1.91916250e-07,1.88068750e-01
1.91956250e-07,1.88121875e-01
1.91996250e-07,1.88082813e-01
1.92036250e-07,1.88114063e-01
1.92076250e-07,1.88089063e-01
1.92116250e-07,1.88110938e-01
1.92156250e-07,1.88090625e-01
1.92196250e-07,1.88107812e-01
1.92236250e-07,1.88092188e-01
1.92276250e-07,1.88107812e-01
1.92316250e-07,1.88092188e-01
1.92356250e-07,1.88107812e-01
1.92396250e-07,1.88092188e-01
1.92436250e-07,1.88107812e-01
1.92476250e-07,1.88092188e-01
1.92516250e-07,1.88109375e-01
1.92556250e-07,1.88090625e-01
1.92596250e-07,1.88110938e-01
1.92636250e-07,1.88087500e-01
1.92676250e-07,1.88115625e-01
1.92716250e-07,1.88079688e-01
1.92756250e-07,1.88129688e-01
1.92796250e-07,1.88045313e-01
1.92836250e-07,1.88307813e-01
1.92876250e-07,1.88554688e-01
1.92916250e-07,1.88468750e-01
1.92956250e-07,1.88521875e-01
1.92996250e-07,1.88482813e-01
1.93036250e-07,1.88515625e-01
1.93076250e-07,1.88485938e-01
1.93116250e-07,1.88512500e-01
1.93156250e-07,1.88489062e-01
1.93196250e-07,1.88510938e-01
1.93236250e-07,1.88489062e-01
1.93276250e-07,1.88510938e-01
1.93316250e-07,1.88489062e-01
1.93356250e-07,1.88512500e-01
1.93396250e-07,1.88487500e-01
1.93436250e-07,1.88514062e-01
1.93476250e-07,1.88484375e-01
1.93516250e-07,1.88518750e-01
1.93556250e-07,1.88476562e-01
1.93596250e-07,1.88532813e-01
1.93636250e-07,1.88442187e-01
1.93676250e-07,1.88710938e-01
1.93716250e-07,1.88951563e-01
1.93756250e-07,1.88871875e-01
1.93796250e-07,1.88918750e-01
1.93836250e-07,1.88885938e-01
1.93876250e-07,1.88910938e-01
1.93916250e-07,1.88890625e-01
1.93956250e-07,1.88907812e-01
1.93996250e-07,1.88893750e-01
1.94036250e-07,1.88906250e-01
1.94076250e-07,1.88895312e-01
1.94116250e-07,1.88904688e-01
1.94156250e-07,1.88896875e-01
1.94196250e-07,1.88903125e-01
1.94236250e-07,1.88896875e-01
1.94276250e-07,1.88903125e-01
1.94316250e-07,1.88896875e-01
1.94356250e-07,1.88903125e-01
1.94396250e-07,1.88896875e-01
1.94436250e-07,1.88901563e-01
1.94476250e-07,1.88898438e-01
1.94516250e-07,1.88901563e-01
1.94556250e-07,1.88898438e-01
1.94596250e-07,1.88901563e-01
1.94636250e-07,1.88898438e-01
1.94676250e-07,1.88901563e-01
1.94716250e-07,1.88898438e-01
1.94756250e-07,1.88901563e-01
1.94796250e-07,1.88898438e-01
1.94836250e-07,1.88901563e-01
1.94876250e-07,1.88898438e-01
1.94916250e-07,1.88901563e-01
1.94956250e-07,1.88898438e-01
1.94996250e-07,1.88901563e-01
1.95036250e-07,1.88900000e-01
1.95076250e-07,1.88900000e-01
1.95116250e-07,1.88900000e-01
1.95156250e-07,1.88900000e-01
1.95196250e-07,1.88900000e-01
1.95236250e-07,1.88900000e-01
1.95276250e-07,1.88900000e-01
1.95316250e-07,1.88900000e-01
1.95356250e-07,1.88900000e-01
1.95396250e-07,1.88900000e-01
1.95436250e-07,1.88900000e-01
1.95476250e-07,1.88898438e-01
1.95516250e-07,1.88901563e-01
1.95556250e-07,1.88898438e-01
1.95596250e-07,1.88901563e-01
1.95636250e-07,1.88896875e-01
1.95676250e-07,1.88903125e-01
1.95716250e-07,1.88895312e-01
1.95756250e-07,1.88906250e-01
1.95796250e-07,1.88892188e-01
1.95836250e-07,1.88910938e-01
1.95876250e-07,1.88884375e-01
1.95916250e-07,1.88925000e-01
1.95956250e-07,1.88850000e-01
1.95996250e-07,1.89103125e-01
1.96036250e-07,1.89359375e-01
1.96076250e-07,1.89264062e-01
1.96116250e-07,1.89326563e-01
1.96156250e-07,1.89278125e-01
1.96196250e-07,1.89320313e-01
1.96236250e-07,1.89281250e-01
1.96276250e-07,1.89317188e-01
1.96316250e-07,1.89282813e-01
1.96356250e-07,1.89317188e-01
1.96396250e-07,1.89282813e-01
1.96436250e-07,1.89317188e-01
1.96476250e-07,1.89281250e-01
1.96516250e-07,1.89320313e-01
1.96556250e-07,1.89276562e-01
1.96596250e-07,1.89328125e-01
1.96636250e-07,1.89262500e-01
1.96676250e-07,1.89362500e-01
1.96716250e-07,1.89084375e-01
1.96756250e-07,1.88853125e-01
1.96796250e-07,1.88923438e-01
1.96836250e-07,1.88885938e-01
1.96876250e-07,1.88909375e-01
1.96916250e-07,1.88893750e-01
1.96956250e-07,1.88903125e-01
1.96996250e-07,1.88898438e-01
1.97036250e-07,1.88900000e-01
1.97076250e-07,1.88900000e-01
1.97116250e-07,1.88898438e-01
1.97156250e-07,1.88901563e-01
1.97196250e-07,1.88896875e-01
1.97236250e-07,1.88903125e-01
1.97276250e-07,1.88896875e-01
1.97316250e-07,1.88904688e-01
1.97356250e-07,1.88895312e-01
1.97396250e-07,1.88906250e-01
1.97436250e-07,1.88893750e-01
1.97476250e-07,1.88907812e-01
1.97516250e-07,1.88890625e-01
1.97556250e-07,1.88909375e-01
1.97596250e-07,1.88887500e-01
1.97636250e-07,1.88914063e-01
1.97676250e-07,1.88882812e-01
1.97716250e-07,1.88921875e-01
1.97756250e-07,1.88867188e-01
1.97796250e-07,1.88957813e-01
1.97836250e-07,1.88689063e-01
1.97876250e-07,1.88448438e-01
1.97916250e-07,1.88526562e-01
1.97956250e-07,1.88482813e-01
1.97996250e-07,1.88512500e-01
1.98036250e-07,1.88490625e-01
1.98076250e-07,1.88506250e-01
1.98116250e-07,1.88495313e-01
1.98156250e-07,1.88503125e-01
1.98196250e-07,1.88498438e-01
1.98236250e-07,1.88500000e-01
1.98276250e-07,1.88501562e-01
1.98316250e-07,1.88496875e-01
1.98356250e-07,1.88504688e-01
1.98396250e-07,1.88493750e-01
1.98436250e-07,1.88509375e-01
1.98476250e-07,1.88487500e-01
1.98516250e-07,1.88517188e-01
1.98556250e-07,1.88471875e-01
1.98596250e-07,1.88553125e-01
1.98636250e-07,1.88293750e-01
1.98676250e-07,1.88043750e-01
1.98716250e-07,1.88131250e-01
1.98756250e-07,1.88078125e-01
1.98796250e-07,1.88117188e-01
1.98836250e-07,1.88087500e-01
1.98876250e-07,1.88110938e-01
1.98916250e-07,1.88090625e-01
1.98956250e-07,1.88107812e-01
1.98996250e-07,1.88093750e-01
1.99036250e-07,1.88104688e-01
1.99076250e-07,1.88096875e-01
1.99116250e-07,1.88101563e-01
1.99156250e-07,1.88100000e-01
1.99196250e-07,1.88096875e-01
1.99236250e-07,1.88106250e-01
1.99276250e-07,1.88089063e-01
1.99316250e-07,1.88120312e-01
1.99356250e-07,1.88054688e-01
1.99396250e-07,1.88298437e-01
1.99436250e-07,1.88564063e-01
1.99476250e-07,1.88460938e-01
1.99516250e-07,1.88531250e-01
1.99556250e-07,1.88473438e-01
1.99596250e-07,1.88523438e-01
1.99636250e-07,1.88478125e-01
1.99676250e-07,1.88521875e-01
1.99716250e-07,1.88478125e-01
1.99756250e-07,1.88521875e-01
1.99796250e-07,1.88476562e-01
1.99836250e-07,1.88525000e-01
1.99876250e-07,1.88470313e-01
1.99916250e-07,1.88539063e-01
1.99956250e-07,1.88435938e-01
1.99996250e-07,1.88717187e-01
2.00036250e-07,1.88945313e-01
2.00076250e-07,1.88878125e-01
2.00116250e-07,1.88912500e-01
2.00156250e-07,1.88892188e-01
2.00196250e-07,1.88904688e-01
2.00236250e-07,1.88896875e-01
2.00276250e-07,1.88901563e-01
2.00316250e-07,1.88900000e-01
2.00356250e-07,1.88898438e-01
2.00396250e-07,1.88903125e-01
2.00436250e-07,1.88896875e-01
2.00476250e-07,1.88906250e-01
2.00516250e-07,1.88892188e-01
2.00556250e-07,1.88910938e-01
2.00596250e-07,1.88884375e-01
2.00636250e-07,1.88925000e-01
2.00676250e-07,1.88850000e-01
2.00716250e-07,1.89101563e-01
2.00756250e-07,1.89360937e-01
2.00796250e-07,1.89262500e-01
2.00836250e-07,1.89328125e-01
2.00876250e-07,1.89275000e-01
2.00916250e-07,1.89321875e-01
2.00956250e-07,1.89278125e-01
2.00996250e-07,1.89321875e-01
2.01036250e-07,1.89275000e-01
2.01076250e-07,1.89329688e-01
2.01116250e-07,1.89262500e-01
2.01156250e-07,1.89362500e-01
2.01196250e-07,1.89084375e-01
2.01236250e-07,1.88853125e-01
2.01276250e-07,1.88923438e-01
2.01316250e-07,1.88885938e-01
2.01356250e-07,1.88909375e-01
2.01396250e-07,1.88893750e-01
2.01436250e-07,1.88903125e-01
2.01476250e-07,1.88898438e-01
2.01516250e-07,1.88900000e-01
2.01556250e-07,1.88900000e-01
2.01596250e-07,1.88898438e-01
2.01636250e-07,1.88903125e-01
2.01676250e-07,1.88895312e-01
2.01716250e-07,1.88906250e-01
2.01756250e-07,1.88892188e-01
2.01796250e-07,1.88909375e-01
2.01836250e-07,1.88885938e-01
2.01876250e-07,1.88918750e-01
2.01916250e-07,1.88871875e-01
2.01956250e-07,1.88953125e-01
2.01996250e-07,1.88692187e-01
2.02036250e-07,1.88445313e-01
2.02076250e-07,1.88531250e-01
2.02116250e-07,1.88479687e-01
2.02156250e-07,1.88515625e-01
2.02196250e-07,1.88487500e-01
2.02236250e-07,1.88509375e-01
2.02276250e-07,1.88492188e-01
2.02316250e-07,1.88504688e-01
2.02356250e-07,1.88496875e-01
2.02396250e-07,1.88501562e-01
2.02436250e-07,1.88501562e-01
2.02476250e-07,1.88495313e-01
2.02516250e-07,1.88509375e-01
2.02556250e-07,1.88479687e-01
2.02596250e-07,1.88545313e-01
2.02636250e-07,1.88301563e-01
2.02676250e-07,1.88035937e-01
2.02716250e-07,1.88140625e-01
2.02756250e-07,1.88068750e-01
2.02796250e-07,1.88126563e-01
2.02836250e-07,1.88076563e-01
2.02876250e-07,1.88121875e-01
2.02916250e-07,1.88079688e-01
2.02956250e-07,1.88120312e-01
2.02996250e-07,1.88079688e-01
2.03036250e-07,1.88120312e-01
2.03076250e-07,1.88078125e-01
2.03116250e-07,1.88123438e-01
2.03156250e-07,1.88075000e-01
2.03196250e-07,1.88129688e-01
2.03236250e-07,1.88060937e-01
2.03276250e-07,1.88164063e-01
2.03316250e-07,1.87882812e-01
2.03356250e-07,1.87654688e-01
2.03396250e-07,1.87721875e-01
2.03436250e-07,1.87687500e-01
2.03476250e-07,1.87707813e-01
2.03516250e-07,1.87695313e-01
2.03556250e-07,1.87703125e-01
2.03596250e-07,1.87698438e-01
2.03636250e-07,1.87701563e-01
2.03676250e-07,1.87700000e-01
2.03716250e-07,1.87700000e-01
2.03756250e-07,1.87700000e-01
2.03796250e-07,1.87698438e-01
2.03836250e-07,1.87701563e-01
2.03876250e-07,1.87698438e-01
2.03916250e-07,1.87701563e-01
2.03956250e-07,1.87698438e-01
2.03996250e-07,1.87701563e-01
2.04036250e-07,1.87696875e-01
2.04076250e-07,1.87703125e-01
2.04116250e-07,1.87696875e-01
2.04156250e-07,1.87703125e-01
2.04196250e-07,1.87696875e-01
2.04236250e-07,1.87703125e-01
2.04276250e-07,1.87696875e-01
2.04316250e-07,1.87703125e-01
2.04356250e-07,1.87696875e-01
2.04396250e-07,1.87703125e-01
2.04436250e-07,1.87696875e-01
2.04476250e-07,1.87703125e-01
2.04516250e-07,1.87696875e-01
2.04556250e-07,1.87703125e-01
2.04596250e-07,1.87696875e-01
2.04636250e-07,1.87703125e-01
2.04676250e-07,1.87695313e-01
2.04716250e-07,1.87704687e-01
2.04756250e-07,1.87695313e-01
2.04796250e-07,1.87704687e-01
2.04836250e-07,1.87695313e-01
2.04876250e-07,1.87704687e-01
2.04916250e-07,1.87695313e-01
2.04956250e-07,1.87704687e-01
2.04996250e-07,1.87695313e-01
2.05036250e-07,1.87704687e-01
2.05076250e-07,1.87695313e-01
2.05116250e-07,1.87704687e-01
2.05156250e-07,1.87695313e-01
2.05196250e-07,1.87704687e-01
2.05236250e-07,1.87693750e-01
2.05276250e-07,1.87706250e-01
2.05316250e-07,1.87693750e-01
2.05356250e-07,1.87706250e-01
2.05396250e-07,1.87693750e-01
2.05436250e-07,1.87706250e-01
2.05476250e-07,1.87693750e-01
2.05516250e-07,1.87707813e-01
2.05556250e-07,1.87692187e-01
2.05596250e-07,1.87707813e-01
2.05636250e-07,1.87692187e-01
2.05676250e-07,1.87709375e-01
2.05716250e-07,1.87690625e-01
2.05756250e-07,1.87709375e-01
2.05796250e-07,1.87689063e-01
2.05836250e-07,1.87712500e-01
2.05876250e-07,1.87687500e-01
2.05916250e-07,1.87715625e-01
2.05956250e-07,1.87682813e-01
2.05996250e-07,1.87720313e-01
2.06036250e-07,1.87673438e-01
2.06076250e-07,1.87735938e-01
2.06116250e-07,1.87639063e-01
2.06156250e-07,1.87915625e-01
2.06196250e-07,1.88146875e-01
2.06236250e-07,1.88078125e-01
2.06276250e-07,1.88110938e-01
2.06316250e-07,1.88093750e-01
2.06356250e-07,1.88100000e-01
2.06396250e-07,1.88104688e-01
2.06436250e-07,1.88089063e-01
2.06476250e-07,1.88120312e-01
2.06516250e-07,1.88053125e-01
2.06556250e-07,1.88298437e-01
2.06596250e-07,1.88564063e-01
2.06636250e-07,1.88459375e-01
2.06676250e-07,1.88534375e-01
2.06716250e-07,1.88467188e-01
2.06756250e-07,1.88537500e-01
2.06796250e-07,1.88440625e-01
2.06836250e-07,1.88709375e-01
2.06876250e-07,1.88956250e-01
2.06916250e-07,1.88865625e-01
2.06956250e-07,1.88929687e-01
2.06996250e-07,1.88868750e-01
2.07036250e-07,1.88939063e-01
2.07076250e-07,1.88837500e-01
2.07116250e-07,1.89115625e-01
2.07156250e-07,1.89346875e-01
2.07196250e-07,1.89278125e-01
2.07236250e-07,1.89310937e-01
2.07276250e-07,1.89296875e-01
2.07316250e-07,1.89295313e-01
2.07356250e-07,1.89315625e-01
2.07396250e-07,1.89259375e-01
2.07436250e-07,1.89495313e-01
2.07476250e-07,1.89767188e-01
2.07516250e-07,1.89656250e-01
2.07556250e-07,1.89734375e-01
2.07596250e-07,1.89670312e-01
2.07636250e-07,1.89728125e-01
2.07676250e-07,1.89673438e-01
2.07716250e-07,1.89728125e-01
2.07756250e-07,1.89667188e-01
2.07796250e-07,1.89740625e-01
2.07836250e-07,1.89635938e-01
2.07876250e-07,1.89917188e-01
2.07916250e-07,1.90146875e-01
2.07956250e-07,1.90076563e-01
2.07996250e-07,1.90115625e-01
2.08036250e-07,1.90089063e-01
2.08076250e-07,1.90109375e-01
2.08116250e-07,1.90092188e-01
2.08156250e-07,1.90107813e-01
2.08196250e-07,1.90090625e-01
2.08236250e-07,1.90110938e-01
2.08276250e-07,1.90084375e-01
2.08316250e-07,1.90125000e-01
2.08356250e-07,1.90051562e-01
2.08396250e-07,1.90301563e-01
2.08436250e-07,1.90560937e-01
2.08476250e-07,1.90460938e-01
2.08516250e-07,1.90529688e-01
2.08556250e-07,1.90473438e-01
2.08596250e-07,1.90525000e-01
2.08636250e-07,1.90475000e-01
2.08676250e-07,1.90526562e-01
2.08716250e-07,1.90468750e-01
2.08756250e-07,1.90539062e-01
2.08796250e-07,1.90435938e-01
2.08836250e-07,1.90717187e-01
2.08876250e-07,1.90945313e-01
2.08916250e-07,1.90878125e-01
2.08956250e-07,1.90914063e-01
2.08996250e-07,1.90890625e-01
2.09036250e-07,1.90906250e-01
2.09076250e-07,1.90896875e-01
2.09116250e-07,1.90903125e-01
2.09156250e-07,1.90898438e-01
2.09196250e-07,1.90900000e-01
2.09236250e-07,1.90900000e-01
2.09276250e-07,1.90900000e-01
2.09316250e-07,1.90901563e-01
2.09356250e-07,1.90898438e-01
2.09396250e-07,1.90901563e-01
2.09436250e-07,1.90898438e-01
2.09476250e-07,1.90903125e-01
2.09516250e-07,1.90896875e-01
2.09556250e-07,1.90903125e-01
2.09596250e-07,1.90896875e-01
2.09636250e-07,1.90904688e-01
2.09676250e-07,1.90895312e-01
2.09716250e-07,1.90904688e-01
2.09756250e-07,1.90893750e-01
2.09796250e-07,1.90907812e-01
2.09836250e-07,1.90890625e-01
2.09876250e-07,1.90910938e-01
2.09916250e-07,1.90885938e-01
2.09956250e-07,1.90918750e-01
2.09996250e-07,1.90871875e-01
2.10036250e-07,1.90951563e-01
2.10076250e-07,1.90695313e-01
2.10116250e-07,1.90442187e-01
2.10156250e-07,1.90535938e-01
2.10196250e-07,1.90473438e-01
2.10236250e-07,1.90523438e-01
2.10276250e-07,1.90476563e-01
2.10316250e-07,1.90526562e-01
2.10356250e-07,1.90465625e-01
2.10396250e-07,1.90557813e-01
2.10436250e-07,1.90290625e-01
2.10476250e-07,1.90046875e-01
2.10516250e-07,1.90131250e-01
2.10556250e-07,1.90076563e-01
2.10596250e-07,1.90120312e-01
2.10636250e-07,1.90081250e-01
2.10676250e-07,1.90118750e-01
2.10716250e-07,1.90079688e-01
2.10756250e-07,1.90125000e-01
2.10796250e-07,1.90065625e-01
2.10836250e-07,1.90157812e-01
2.10876250e-07,1.89889063e-01
2.10916250e-07,1.89648438e-01
2.10956250e-07,1.89728125e-01
2.10996250e-07,1.89681250e-01
2.11036250e-07,1.89714063e-01
2.11076250e-07,1.89689063e-01
2.11116250e-07,1.89709375e-01
2.11156250e-07,1.89692187e-01
2.11196250e-07,1.89707813e-01
2.11236250e-07,1.89693750e-01
2.11276250e-07,1.89706250e-01
2.11316250e-07,1.89693750e-01
2.11356250e-07,1.89706250e-01
2.11396250e-07,1.89693750e-01
2.11436250e-07,1.89706250e-01
2.11476250e-07,1.89693750e-01
2.11516250e-07,1.89706250e-01
2.11556250e-07,1.89693750e-01
2.11596250e-07,1.89707813e-01
2.11636250e-07,1.89692187e-01
2.11676250e-07,1.89709375e-01
2.11716250e-07,1.89689063e-01
2.11756250e-07,1.89714063e-01
2.11796250e-07,1.89681250e-01
2.11836250e-07,1.89728125e-01
2.11876250e-07,1.89646875e-01
2.11916250e-07,1.89906250e-01
2.11956250e-07,1.90156250e-01
2.11996250e-07,1.90067188e-01
2.12036250e-07,1.90125000e-01
2.12076250e-07,1.90079688e-01
2.12116250e-07,1.90117188e-01
2.12156250e-07,1.90084375e-01
2.12196250e-07,1.90115625e-01
2.12236250e-07,1.90085937e-01
2.12276250e-07,1.90114063e-01
2.12316250e-07,1.90085937e-01
2.12356250e-07,1.90115625e-01
2.12396250e-07,1.90082813e-01
2.12436250e-07,1.90118750e-01
2.12476250e-07,1.90078125e-01
2.12516250e-07,1.90126563e-01
2.12556250e-07,1.90064063e-01
2.12596250e-07,1.90160938e-01
2.12636250e-07,1.89885938e-01
2.12676250e-07,1.89651563e-01
2.12716250e-07,1.89725000e-01
2.12756250e-07,1.89685938e-01
2.12796250e-07,1.89709375e-01
2.12836250e-07,1.89693750e-01
2.12876250e-07,1.89703125e-01
2.12916250e-07,1.89698438e-01
2.12956250e-07,1.89700000e-01
2.12996250e-07,1.89701563e-01
2.13036250e-07,1.89695313e-01
2.13076250e-07,1.89706250e-01
2.13116250e-07,1.89690625e-01
2.13156250e-07,1.89715625e-01
2.13196250e-07,1.89675000e-01
2.13236250e-07,1.89750000e-01
2.13276250e-07,1.89496875e-01
2.13316250e-07,1.89240625e-01
2.13356250e-07,1.89335937e-01
2.13396250e-07,1.89273438e-01
2.13436250e-07,1.89321875e-01
2.13476250e-07,1.89281250e-01
2.13516250e-07,1.89317188e-01
2.13556250e-07,1.89284375e-01
2.13596250e-07,1.89315625e-01
2.13636250e-07,1.89282813e-01
2.13676250e-07,1.89317188e-01
2.13716250e-07,1.89279688e-01
2.13756250e-07,1.89323437e-01
2.13796250e-07,1.89267188e-01
2.13836250e-07,1.89357813e-01
2.13876250e-07,1.89090625e-01
2.13916250e-07,1.88846875e-01
2.13956250e-07,1.88929687e-01
2.13996250e-07,1.88879688e-01
2.14036250e-07,1.88917188e-01
2.14076250e-07,1.88885938e-01
2.14116250e-07,1.88912500e-01
2.14156250e-07,1.88887500e-01
2.14196250e-07,1.88912500e-01
2.14236250e-07,1.88887500e-01
2.14276250e-07,1.88914063e-01
2.14316250e-07,1.88884375e-01
2.14356250e-07,1.88918750e-01
2.14396250e-07,1.88876563e-01
2.14436250e-07,1.88932813e-01
2.14476250e-07,1.88842188e-01
2.14516250e-07,1.89110938e-01
2.14556250e-07,1.89350000e-01
2.14596250e-07,1.89273438e-01
2.14636250e-07,1.89317188e-01
2.14676250e-07,1.89289062e-01
2.14716250e-07,1.89307813e-01
2.14756250e-07,1.89296875e-01
2.14796250e-07,1.89300000e-01
2.14836250e-07,1.89303125e-01
2.14876250e-07,1.89290625e-01
2.14916250e-07,1.89318750e-01
2.14956250e-07,1.89256250e-01
2.14996250e-07,1.89496875e-01
2.15036250e-07,1.89765625e-01
2.15076250e-07,1.89657812e-01
2.15116250e-07,1.89734375e-01
2.15156250e-07,1.89668750e-01
2.15196250e-07,1.89731250e-01
2.15236250e-07,1.89667188e-01
2.15276250e-07,1.89740625e-01
2.15316250e-07,1.89635938e-01
2.15356250e-07,1.89915625e-01
2.15396250e-07,1.90148438e-01
2.15436250e-07,1.90073437e-01
2.15476250e-07,1.90118750e-01
2.15516250e-07,1.90084375e-01
2.15556250e-07,1.90115625e-01
2.15596250e-07,1.90081250e-01
2.15636250e-07,1.90128125e-01
2.15676250e-07,1.90048438e-01
2.15716250e-07,1.90303125e-01
2.15756250e-07,1.90559375e-01
2.15796250e-07,1.90462500e-01
2.15836250e-07,1.90528125e-01
2.15876250e-07,1.90476563e-01
2.15916250e-07,1.90521875e-01
2.15956250e-07,1.90478125e-01
2.15996250e-07,1.90521875e-01
2.16036250e-07,1.90478125e-01
2.16076250e-07,1.90525000e-01
2.16116250e-07,1.90470313e-01
2.16156250e-07,1.90539062e-01
2.16196250e-07,1.90437500e-01
2.16236250e-07,1.90715625e-01
2.16276250e-07,1.90946875e-01
2.16316250e-07,1.90876563e-01
2.16356250e-07,1.90914063e-01
2.16396250e-07,1.90890625e-01
2.16436250e-07,1.90906250e-01
2.16476250e-07,1.90895312e-01
2.16516250e-07,1.90903125e-01
2.16556250e-07,1.90898438e-01
2.16596250e-07,1.90901563e-01
2.16636250e-07,1.90900000e-01
2.16676250e-07,1.90900000e-01
2.16716250e-07,1.90900000e-01
2.16756250e-07,1.90898438e-01
2.16796250e-07,1.90901563e-01
2.16836250e-07,1.90898438e-01
2.16876250e-07,1.90901563e-01
2.16916250e-07,1.90898438e-01
2.16956250e-07,1.90901563e-01
2.16996250e-07,1.90896875e-01
2.17036250e-07,1.90903125e-01
2.17076250e-07,1.90896875e-01
2.17116250e-07,1.90903125e-01
2.17156250e-07,1.90896875e-01
2.17196250e-07,1.90903125e-01
2.17236250e-07,1.90896875e-01
2.17276250e-07,1.90903125e-01
2.17316250e-07,1.90895312e-01
2.17356250e-07,1.90904688e-01
2.17396250e-07,1.90895312e-01
2.17436250e-07,1.90904688e-01
2.17476250e-07,1.90895312e-01
2.17516250e-07,1.90906250e-01
2.17556250e-07,1.90893750e-01
2.17596250e-07,1.90906250e-01
2.17636250e-07,1.90893750e-01
2.17676250e-07,1.90907812e-01
2.17716250e-07,1.90892188e-01
2.17756250e-07,1.90909375e-01
2.17796250e-07,1.90889063e-01
2.17836250e-07,1.90912500e-01
2.17876250e-07,1.90885938e-01
2.17916250e-07,1.90917188e-01
2.17956250e-07,1.90878125e-01
2.17996250e-07,1.90931250e-01
2.18036250e-07,1.90843750e-01
2.18076250e-07,1.91109375e-01
2.18116250e-07,1.91351563e-01
2.18156250e-07,1.91271875e-01
2.18196250e-07,1.91318750e-01
2.18236250e-07,1.91285938e-01
2.18276250e-07,1.91310938e-01
2.18316250e-07,1.91290625e-01
2.18356250e-07,1.91307813e-01
2.18396250e-07,1.91293750e-01
2.18436250e-07,1.91304688e-01
2.18476250e-07,1.91295313e-01
2.18516250e-07,1.91303125e-01
2.18556250e-07,1.91296875e-01
2.18596250e-07,1.91303125e-01
2.18636250e-07,1.91298438e-01
2.18676250e-07,1.91301563e-01
2.18716250e-07,1.91298438e-01
2.18756250e-07,1.91301563e-01
2.18796250e-07,1.91298438e-01
2.18836250e-07,1.91300000e-01
2.18876250e-07,1.91300000e-01
2.18916250e-07,1.91300000e-01
2.18956250e-07,1.91300000e-01
2.18996250e-07,1.91300000e-01
2.19036250e-07,1.91301563e-01
2.19076250e-07,1.91298438e-01
2.19116250e-07,1.91301563e-01
2.19156250e-07,1.91298438e-01
2.19196250e-07,1.91301563e-01
2.19236250e-07,1.91296875e-01
2.19276250e-07,1.91303125e-01
2.19316250e-07,1.91295313e-01
2.19356250e-07,1.91304688e-01
2.19396250e-07,1.91293750e-01
2.19436250e-07,1.91306250e-01
2.19476250e-07,1.91292188e-01
2.19516250e-07,1.91310938e-01
2.19556250e-07,1.91285938e-01
2.19596250e-07,1.91318750e-01
2.19636250e-07,1.91271875e-01
2.19676250e-07,1.91353125e-01
2.19716250e-07,1.91093750e-01
2.19756250e-07,1.90843750e-01
2.19796250e-07,1.90932812e-01
2.19836250e-07,1.90876563e-01
2.19876250e-07,1.90917188e-01
2.19916250e-07,1.90885938e-01
2.19956250e-07,1.90912500e-01
2.19996250e-07,1.90889063e-01
2.20036250e-07,1.90910938e-01
2.20076250e-07,1.90890625e-01
2.20116250e-07,1.90909375e-01
2.20156250e-07,1.90892188e-01
2.20196250e-07,1.90907812e-01
2.20236250e-07,1.90892188e-01
2.20276250e-07,1.90907812e-01
2.20316250e-07,1.90892188e-01
2.20356250e-07,1.90906250e-01
2.20396250e-07,1.90893750e-01
2.20436250e-07,1.90906250e-01
2.20476250e-07,1.90893750e-01
2.20516250e-07,1.90906250e-01
2.20556250e-07,1.90892188e-01
2.20596250e-07,1.90907812e-01
2.20636250e-07,1.90892188e-01
2.20676250e-07,1.90907812e-01
2.20716250e-07,1.90890625e-01
2.20756250e-07,1.90909375e-01
2.20796250e-07,1.90889063e-01
2.20836250e-07,1.90912500e-01
2.20876250e-07,1.90884375e-01
2.20916250e-07,1.90920312e-01
2.20956250e-07,1.90870313e-01
2.20996250e-07,1.90954687e-01
2.21036250e-07,1.90692187e-01
2.21076250e-07,1.90445313e-01
2.21116250e-07,1.90531250e-01
2.21156250e-07,1.90476563e-01
2.21196250e-07,1.90518750e-01
2.21236250e-07,1.90482813e-01
2.21276250e-07,1.90515625e-01
2.21316250e-07,1.90484375e-01
2.21356250e-07,1.90515625e-01
2.21396250e-07,1.90481250e-01
2.21436250e-07,1.90521875e-01
2.21476250e-07,1.90468750e-01
2.21516250e-07,1.90556250e-01
2.21556250e-07,1.90292188e-01
2.21596250e-07,1.90045313e-01
2.21636250e-07,1.90132812e-01
2.21676250e-07,1.90076563e-01
2.21716250e-07,1.90120312e-01
2.21756250e-07,1.90081250e-01
2.21796250e-07,1.90118750e-01
2.21836250e-07,1.90079688e-01
2.21876250e-07,1.90123438e-01
2.21916250e-07,1.90067188e-01
2.21956250e-07,1.90156250e-01
2.21996250e-07,1.89890625e-01
2.22036250e-07,1.89646875e-01
2.22076250e-07,1.89731250e-01
2.22116250e-07,1.89678125e-01
2.22156250e-07,1.89717187e-01
2.22196250e-07,1.89684375e-01
2.22236250e-07,1.89714063e-01
2.22276250e-07,1.89687500e-01
2.22316250e-07,1.89712500e-01
2.22356250e-07,1.89687500e-01
2.22396250e-07,1.89714063e-01
2.22436250e-07,1.89685938e-01
2.22476250e-07,1.89717187e-01
2.22516250e-07,1.89681250e-01
2.22556250e-07,1.89725000e-01
2.22596250e-07,1.89665625e-01
2.22636250e-07,1.89759375e-01
2.22676250e-07,1.89487500e-01
2.22716250e-07,1.89250000e-01
2.22756250e-07,1.89326563e-01
2.22796250e-07,1.89282813e-01
2.22836250e-07,1.89312500e-01
2.22876250e-07,1.89292188e-01
2.22916250e-07,1.89306250e-01
2.22956250e-07,1.89295313e-01
2.22996250e-07,1.89303125e-01
2.23036250e-07,1.89298437e-01
2.23076250e-07,1.89300000e-01
2.23116250e-07,1.89303125e-01
2.23156250e-07,1.89295313e-01
2.23196250e-07,1.89307813e-01
2.23236250e-07,1.89285938e-01
2.23276250e-07,1.89323437e-01
2.23316250e-07,1.89251562e-01
2.23356250e-07,1.89501562e-01
2.23396250e-07,1.89760938e-01
2.23436250e-07,1.89664063e-01
2.23476250e-07,1.89726563e-01
2.23516250e-07,1.89678125e-01
2.23556250e-07,1.89718750e-01
2.23596250e-07,1.89682813e-01
2.23636250e-07,1.89715625e-01
2.23676250e-07,1.89684375e-01
2.23716250e-07,1.89714063e-01
2.23756250e-07,1.89685938e-01
2.23796250e-07,1.89714063e-01
2.23836250e-07,1.89685938e-01
2.23876250e-07,1.89714063e-01
2.23916250e-07,1.89685938e-01
2.23956250e-07,1.89715625e-01
2.23996250e-07,1.89684375e-01
2.24036250e-07,1.89717187e-01
2.24076250e-07,1.89681250e-01
2.24116250e-07,1.89721875e-01
2.24156250e-07,1.89673438e-01
2.24196250e-07,1.89735938e-01
2.24236250e-07,1.89639063e-01
2.24276250e-07,1.89914063e-01
2.24316250e-07,1.90148438e-01
2.24356250e-07,1.90075000e-01
2.24396250e-07,1.90115625e-01
2.24436250e-07,1.90089063e-01
2.24476250e-07,1.90107813e-01
2.24516250e-07,1.90093750e-01
2.24556250e-07,1.90104688e-01
2.24596250e-07,1.90096875e-01
2.24636250e-07,1.90101563e-01
2.24676250e-07,1.90098437e-01
2.24716250e-07,1.90101563e-01
2.24756250e-07,1.90100000e-01
2.24796250e-07,1.90100000e-01
2.24836250e-07,1.90100000e-01
2.24876250e-07,1.90100000e-01
2.24916250e-07,1.90100000e-01
2.24956250e-07,1.90098437e-01
2.24996250e-07,1.90101563e-01
2.25036250e-07,1.90098437e-01
2.25076250e-07,1.90101563e-01
2.25116250e-07,1.90098437e-01
2.25156250e-07,1.90101563e-01
2.25196250e-07,1.90098437e-01
2.25236250e-07,1.90103125e-01
2.25276250e-07,1.90096875e-01
2.25316250e-07,1.90103125e-01
2.25356250e-07,1.90096875e-01
2.25396250e-07,1.90103125e-01
2.25436250e-07,1.90096875e-01
2.25476250e-07,1.90104688e-01
2.25516250e-07,1.90095313e-01
2.25556250e-07,1.90104688e-01
2.25596250e-07,1.90093750e-01
2.25636250e-07,1.90106250e-01
2.25676250e-07,1.90093750e-01
2.25716250e-07,1.90107813e-01
2.25756250e-07,1.90090625e-01
2.25796250e-07,1.90110938e-01
2.25836250e-07,1.90085937e-01
2.25876250e-07,1.90120312e-01
2.25916250e-07,1.90070313e-01
2.25956250e-07,1.90154688e-01
2.25996250e-07,1.89893750e-01
2.26036250e-07,1.89643750e-01
2.26076250e-07,1.89731250e-01
2.26116250e-07,1.89678125e-01
2.26156250e-07,1.89717187e-01
2.26196250e-07,1.89684375e-01
2.26236250e-07,1.89714063e-01
2.26276250e-07,1.89687500e-01
2.26316250e-07,1.89710938e-01
2.26356250e-07,1.89689063e-01
2.26396250e-07,1.89710938e-01
2.26436250e-07,1.89689063e-01
2.26476250e-07,1.89712500e-01
2.26516250e-07,1.89687500e-01
2.26556250e-07,1.89714063e-01
2.26596250e-07,1.89682813e-01
2.26636250e-07,1.89721875e-01
2.26676250e-07,1.89668750e-01
2.26716250e-07,1.89756250e-01
2.26756250e-07,1.89490625e-01
2.26796250e-07,1.89246875e-01
2.26836250e-07,1.89329688e-01
2.26876250e-07,1.89279688e-01
2.26916250e-07,1.89315625e-01
2.26956250e-07,1.89287500e-01
2.26996250e-07,1.89310937e-01
2.27036250e-07,1.89290625e-01
2.27076250e-07,1.89309375e-01
2.27116250e-07,1.89292188e-01
2.27156250e-07,1.89307813e-01
2.27196250e-07,1.89292188e-01
2.27236250e-07,1.89306250e-01
2.27276250e-07,1.89293750e-01
2.27316250e-07,1.89306250e-01
2.27356250e-07,1.89293750e-01
2.27396250e-07,1.89306250e-01
2.27436250e-07,1.89293750e-01
2.27476250e-07,1.89306250e-01
2.27516250e-07,1.89293750e-01
2.27556250e-07,1.89306250e-01
2.27596250e-07,1.89293750e-01
2.27636250e-07,1.89306250e-01
2.27676250e-07,1.89293750e-01
2.27716250e-07,1.89307813e-01
2.27756250e-07,1.89292188e-01
2.27796250e-07,1.89307813e-01
2.27836250e-07,1.89290625e-01
2.27876250e-07,1.89309375e-01
2.27916250e-07,1.89290625e-01
2.27956250e-07,1.89310937e-01
2.27996250e-07,1.89287500e-01
2.28036250e-07,1.89314063e-01
2.28076250e-07,1.89282813e-01
2.28116250e-07,1.89323437e-01
2.28156250e-07,1.89267188e-01
2.28196250e-07,1.89357813e-01
2.28236250e-07,1.89089063e-01
2.28276250e-07,1.88848438e-01
2.28316250e-07,1.88928125e-01
2.28356250e-07,1.88881250e-01
2.28396250e-07,1.88914063e-01
2.28436250e-07,1.88889063e-01
2.28476250e-07,1.88907812e-01
2.28516250e-07,1.88893750e-01
2.28556250e-07,1.88906250e-01
2.28596250e-07,1.88895312e-01
2.28636250e-07,1.88904688e-01
2.28676250e-07,1.88896875e-01
2.28716250e-07,1.88903125e-01
2.28756250e-07,1.88896875e-01
2.28796250e-07,1.88901563e-01
2.28836250e-07,1.88898438e-01
2.28876250e-07,1.88901563e-01
2.28916250e-07,1.88898438e-01
2.28956250e-07,1.88901563e-01
2.28996250e-07,1.88898438e-01
2.29036250e-07,1.88900000e-01
2.29076250e-07,1.88900000e-01
2.29116250e-07,1.88900000e-01
2.29156250e-07,1.88900000e-01
2.29196250e-07,1.88900000e-01
2.29236250e-07,1.88900000e-01
2.29276250e-07,1.88900000e-01
2.29316250e-07,1.88900000e-01
2.29356250e-07,1.88898438e-01
2.29396250e-07,1.88901563e-01
2.29436250e-07,1.88898438e-01
2.29476250e-07,1.88901563e-01
2.29516250e-07,1.88898438e-01
2.29556250e-07,1.88901563e-01
2.29596250e-07,1.88898438e-01
2.29636250e-07,1.88901563e-01
2.29676250e-07,1.88896875e-01
2.29716250e-07,1.88903125e-01
2.29756250e-07,1.88896875e-01
2.29796250e-07,1.88903125e-01
2.29836250e-07,1.88896875e-01
2.29876250e-07,1.88904688e-01
2.29916250e-07,1.88895312e-01
2.29956250e-07,1.88904688e-01
2.29996250e-07,1.88895312e-01
2.30036250e-07,1.88906250e-01
2.30076250e-07,1.88893750e-01
2.30116250e-07,1.88907812e-01
2.30156250e-07,1.88890625e-01
2.30196250e-07,1.88910938e-01
2.30236250e-07,1.88887500e-01
2.30276250e-07,1.88915625e-01
2.30316250e-07,1.88879688e-01
2.30356250e-07,1.88931250e-01
2.30396250e-07,1.88843750e-01
2.30436250e-07,1.89109375e-01
2.30476250e-07,1.89353125e-01
2.30516250e-07,1.89270313e-01
2.30556250e-07,1.89320313e-01
2.30596250e-07,1.89285938e-01
2.30636250e-07,1.89310937e-01
2.30676250e-07,1.89290625e-01
2.30716250e-07,1.89307813e-01
2.30756250e-07,1.89293750e-01
2.30796250e-07,1.89306250e-01
2.30836250e-07,1.89295313e-01
2.30876250e-07,1.89304688e-01
2.30916250e-07,1.89296875e-01
2.30956250e-07,1.89303125e-01
2.30996250e-07,1.89298437e-01
2.31036250e-07,1.89301563e-01
2.31076250e-07,1.89298437e-01
2.31116250e-07,1.89300000e-01
2.31156250e-07,1.89300000e-01
2.31196250e-07,1.89300000e-01
2.31236250e-07,1.89301563e-01
2.31276250e-07,1.89298437e-01
2.31316250e-07,1.89303125e-01
2.31356250e-07,1.89296875e-01
2.31396250e-07,1.89304688e-01
2.31436250e-07,1.89293750e-01
2.31476250e-07,1.89307813e-01
2.31516250e-07,1.89290625e-01
2.31556250e-07,1.89312500e-01
2.31596250e-07,1.89281250e-01
2.31636250e-07,1.89328125e-01
2.31676250e-07,1.89246875e-01
2.31716250e-07,1.89506250e-01
2.31756250e-07,1.89756250e-01
2.31796250e-07,1.89668750e-01
2.31836250e-07,1.89721875e-01
2.31876250e-07,1.89682813e-01
2.31916250e-07,1.89714063e-01
2.31956250e-07,1.89689063e-01
2.31996250e-07,1.89709375e-01
2.32036250e-07,1.89692187e-01
2.32076250e-07,1.89706250e-01
2.32116250e-07,1.89693750e-01
2.32156250e-07,1.89704687e-01
2.32196250e-07,1.89696875e-01
2.32236250e-07,1.89701563e-01
2.32276250e-07,1.89700000e-01
2.32316250e-07,1.89696875e-01
2.32356250e-07,1.89706250e-01
2.32396250e-07,1.89689063e-01
2.32436250e-07,1.89720313e-01
2.32476250e-07,1.89654688e-01
2.32516250e-07,1.89898438e-01
2.32556250e-07,1.90162500e-01
2.32596250e-07,1.90060937e-01
2.32636250e-07,1.90129688e-01
2.32676250e-07,1.90075000e-01
2.32716250e-07,1.90121875e-01
2.32756250e-07,1.90079688e-01
2.32796250e-07,1.90118750e-01
2.32836250e-07,1.90082813e-01
2.32876250e-07,1.90117188e-01
2.32916250e-07,1.90084375e-01
2.32956250e-07,1.90115625e-01
2.32996250e-07,1.90084375e-01
2.33036250e-07,1.90115625e-01
2.33076250e-07,1.90084375e-01
2.33116250e-07,1.90115625e-01
2.33156250e-07,1.90084375e-01
2.33196250e-07,1.90115625e-01
2.33236250e-07,1.90084375e-01
2.33276250e-07,1.90115625e-01
2.33316250e-07,1.90084375e-01
2.33356250e-07,1.90117188e-01
2.33396250e-07,1.90082813e-01
2.33436250e-07,1.90118750e-01
2.33476250e-07,1.90081250e-01
2.33516250e-07,1.90120312e-01
2.33556250e-07,1.90078125e-01
2.33596250e-07,1.90125000e-01
2.33636250e-07,1.90071875e-01
2.33676250e-07,1.90134375e-01
2.33716250e-07,1.90056250e-01
2.33756250e-07,1.90170312e-01
2.33796250e-07,1.89876563e-01
2.33836250e-07,1.89662500e-01
2.33876250e-07,1.89710938e-01
2.33916250e-07,1.89700000e-01
2.33956250e-07,1.89690625e-01
2.33996250e-07,1.89717187e-01
2.34036250e-07,1.89670312e-01
2.34076250e-07,1.89756250e-01
2.34116250e-07,1.89487500e-01
2.34156250e-07,1.89253125e-01
2.34196250e-07,1.89320313e-01
2.34236250e-07,1.89295313e-01
2.34276250e-07,1.89290625e-01
2.34316250e-07,1.89337500e-01
2.34356250e-07,1.89109375e-01
2.34396250e-07,1.88829688e-01
2.34436250e-07,1.88946875e-01
2.34476250e-07,1.88860938e-01
2.34516250e-07,1.88937500e-01
2.34556250e-07,1.88856250e-01
2.34596250e-07,1.88964063e-01
2.34636250e-07,1.88685938e-01
2.34676250e-07,1.88450000e-01
2.34716250e-07,1.88529688e-01
2.34756250e-07,1.88475000e-01
2.34796250e-07,1.88525000e-01
2.34836250e-07,1.88467188e-01
2.34876250e-07,1.88556250e-01
2.34916250e-07,1.88292188e-01
2.34956250e-07,1.88045313e-01
2.34996250e-07,1.88131250e-01
2.35036250e-07,1.88076563e-01
2.35076250e-07,1.88118750e-01
2.35116250e-07,1.88084375e-01
2.35156250e-07,1.88114063e-01
2.35196250e-07,1.88087500e-01
2.35236250e-07,1.88112500e-01
2.35276250e-07,1.88087500e-01
2.35316250e-07,1.88112500e-01
2.35356250e-07,1.88087500e-01
2.35396250e-07,1.88112500e-01
2.35436250e-07,1.88085937e-01
2.35476250e-07,1.88115625e-01
2.35516250e-07,1.88081250e-01
2.35556250e-07,1.88123438e-01
2.35596250e-07,1.88067188e-01
2.35636250e-07,1.88156250e-01
2.35676250e-07,1.87890625e-01
2.35716250e-07,1.87646875e-01
2.35756250e-07,1.87729688e-01
2.35796250e-07,1.87679687e-01
2.35836250e-07,1.87715625e-01
2.35876250e-07,1.87687500e-01
2.35916250e-07,1.87710938e-01
2.35956250e-07,1.87690625e-01
2.35996250e-07,1.87707813e-01
2.36036250e-07,1.87692187e-01
2.36076250e-07,1.87706250e-01
2.36116250e-07,1.87693750e-01
2.36156250e-07,1.87706250e-01
2.36196250e-07,1.87693750e-01
2.36236250e-07,1.87706250e-01
2.36276250e-07,1.87693750e-01
2.36316250e-07,1.87706250e-01
2.36356250e-07,1.87693750e-01
2.36396250e-07,1.87706250e-01
2.36436250e-07,1.87693750e-01
2.36476250e-07,1.87706250e-01
2.36516250e-07,1.87693750e-01
2.36556250e-07,1.87706250e-01
2.36596250e-07,1.87693750e-01
2.36636250e-07,1.87706250e-01
2.36676250e-07,1.87693750e-01
2.36716250e-07,1.87707813e-01
2.36756250e-07,1.87692187e-01
2.36796250e-07,1.87707813e-01
2.36836250e-07,1.87692187e-01
2.36876250e-07,1.87709375e-01
2.36916250e-07,1.87690625e-01
2.36956250e-07,1.87709375e-01
2.36996250e-07,1.87689063e-01
2.37036250e-07,1.87712500e-01
2.37076250e-07,1.87685938e-01
2.37116250e-07,1.87715625e-01
2.37156250e-07,1.87682813e-01
2.37196250e-07,1.87720313e-01
2.37236250e-07,1.87673438e-01
2.37276250e-07,1.87735938e-01
2.37316250e-07,1.87637500e-01
2.37356250e-07,1.87915625e-01
2.37396250e-07,1.88145312e-01
2.37436250e-07,1.88079688e-01
2.37476250e-07,1.88109375e-01
2.37516250e-07,1.88096875e-01
2.37556250e-07,1.88098437e-01
2.37596250e-07,1.88107812e-01
2.37636250e-07,1.88085937e-01
2.37676250e-07,1.88125000e-01
2.37716250e-07,1.88048437e-01
2.37756250e-07,1.88306250e-01
2.37796250e-07,1.88554688e-01
2.37836250e-07,1.88470313e-01
2.37876250e-07,1.88517188e-01
2.37916250e-07,1.88490625e-01
2.37956250e-07,1.88501562e-01
2.37996250e-07,1.88510938e-01
2.38036250e-07,1.88464063e-01
2.38076250e-07,1.88690625e-01
2.38116250e-07,1.88971875e-01
2.38156250e-07,1.88853125e-01
2.38196250e-07,1.88937500e-01
2.38236250e-07,1.88865625e-01
2.38276250e-07,1.88931250e-01
2.38316250e-07,1.88868750e-01
2.38356250e-07,1.88932813e-01
2.38396250e-07,1.88864063e-01
2.38436250e-07,1.88945313e-01
2.38476250e-07,1.88831250e-01
2.38516250e-07,1.89121875e-01
2.38556250e-07,1.89340625e-01
2.38596250e-07,1.89282813e-01
2.38636250e-07,1.89309375e-01
2.38676250e-07,1.89295313e-01
2.38716250e-07,1.89301563e-01
2.38756250e-07,1.89301563e-01
2.38796250e-07,1.89296875e-01
2.38836250e-07,1.89303125e-01
2.38876250e-07,1.89295313e-01
2.38916250e-07,1.89306250e-01
2.38956250e-07,1.89292188e-01
2.38996250e-07,1.89310937e-01
2.39036250e-07,1.89285938e-01
2.39076250e-07,1.89318750e-01
2.39116250e-07,1.89271875e-01
2.39156250e-07,1.89353125e-01
2.39196250e-07,1.89093750e-01
2.39236250e-07,1.88843750e-01
2.39276250e-07,1.88932813e-01
2.39316250e-07,1.88875000e-01
2.39356250e-07,1.88920313e-01
2.39396250e-07,1.88882812e-01
2.39436250e-07,1.88915625e-01
2.39476250e-07,1.88884375e-01
2.39516250e-07,1.88915625e-01
2.39556250e-07,1.88882812e-01
2.39596250e-07,1.88917188e-01
2.39636250e-07,1.88879688e-01
2.39676250e-07,1.88925000e-01
2.39716250e-07,1.88865625e-01
2.39756250e-07,1.88959375e-01
2.39796250e-07,1.88687500e-01
2.39836250e-07,1.88450000e-01
2.39876250e-07,1.88526562e-01
2.39916250e-07,1.88482813e-01
2.39956250e-07,1.88512500e-01
2.39996250e-07,1.88490625e-01
2.40036250e-07,1.88507813e-01
2.40076250e-07,1.88493750e-01
2.40116250e-07,1.88504688e-01
2.40156250e-07,1.88496875e-01
2.40196250e-07,1.88503125e-01
2.40236250e-07,1.88498438e-01
2.40276250e-07,1.88501562e-01
2.40316250e-07,1.88500000e-01
2.40356250e-07,1.88500000e-01
2.40396250e-07,1.88501562e-01
2.40436250e-07,1.88498438e-01
2.40476250e-07,1.88503125e-01
2.40516250e-07,1.88495313e-01
2.40556250e-07,1.88506250e-01
2.40596250e-07,1.88492188e-01
2.40636250e-07,1.88510938e-01
2.40676250e-07,1.88482813e-01
2.40716250e-07,1.88526562e-01
2.40756250e-07,1.88448438e-01
2.40796250e-07,1.88704687e-01
2.40836250e-07,1.88957813e-01
2.40876250e-07,1.88867188e-01
2.40916250e-07,1.88923438e-01
2.40956250e-07,1.88881250e-01
2.40996250e-07,1.88915625e-01
2.41036250e-07,1.88885938e-01
2.41076250e-07,1.88912500e-01
2.41116250e-07,1.88889063e-01
2.41156250e-07,1.88909375e-01
2.41196250e-07,1.88890625e-01
2.41236250e-07,1.88907812e-01
2.41276250e-07,1.88892188e-01
2.41316250e-07,1.88907812e-01
2.41356250e-07,1.88892188e-01
2.41396250e-07,1.88906250e-01
2.41436250e-07,1.88893750e-01
2.41476250e-07,1.88906250e-01
2.41516250e-07,1.88893750e-01
2.41556250e-07,1.88904688e-01
2.41596250e-07,1.88895312e-01
2.41636250e-07,1.88904688e-01
2.41676250e-07,1.88895312e-01
2.41716250e-07,1.88903125e-01
2.41756250e-07,1.88896875e-01
2.41796250e-07,1.88903125e-01
2.41836250e-07,1.88898438e-01
2.41876250e-07,1.88901563e-01
2.41916250e-07,1.88900000e-01
2.41956250e-07,1.88898438e-01
2.41996250e-07,1.88903125e-01
2.42036250e-07,1.88893750e-01
2.42076250e-07,1.88910938e-01
2.42116250e-07,1.88879688e-01
2.42156250e-07,1.88945313e-01
2.42196250e-07,1.88701563e-01
2.42236250e-07,1.88435938e-01
2.42276250e-07,1.88540625e-01
2.42316250e-07,1.88467188e-01
2.42356250e-07,1.88528125e-01
2.42396250e-07,1.88473438e-01
2.42436250e-07,1.88526562e-01
2.42476250e-07,1.88471875e-01
2.42516250e-07,1.88531250e-01
2.42556250e-07,1.88459375e-01
2.42596250e-07,1.88564063e-01
2.42636250e-07,1.88284375e-01
2.42676250e-07,1.88053125e-01
2.42716250e-07,1.88125000e-01
2.42756250e-07,1.88084375e-01
2.42796250e-07,1.88112500e-01
2.42836250e-07,1.88089063e-01
2.42876250e-07,1.88110938e-01
2.42916250e-07,1.88087500e-01
2.42956250e-07,1.88117188e-01
2.42996250e-07,1.88073437e-01
2.43036250e-07,1.88150000e-01
2.43076250e-07,1.87896875e-01
2.43116250e-07,1.87640625e-01
2.43156250e-07,1.87735938e-01
2.43196250e-07,1.87671875e-01
2.43236250e-07,1.87723438e-01
2.43276250e-07,1.87679687e-01
2.43316250e-07,1.87718750e-01
2.43356250e-07,1.87682813e-01
2.43396250e-07,1.87717187e-01
2.43436250e-07,1.87684375e-01
2.43476250e-07,1.87715625e-01
2.43516250e-07,1.87684375e-01
2.43556250e-07,1.87715625e-01
2.43596250e-07,1.87684375e-01
2.43636250e-07,1.87715625e-01
2.43676250e-07,1.87684375e-01
2.43716250e-07,1.87715625e-01
2.43756250e-07,1.87684375e-01
2.43796250e-07,1.87715625e-01
2.43836250e-07,1.87684375e-01
2.43876250e-07,1.87717187e-01
2.43916250e-07,1.87682813e-01
2.43956250e-07,1.87718750e-01
2.43996250e-07,1.87681250e-01
2.44036250e-07,1.87720313e-01
2.44076250e-07,1.87678125e-01
2.44116250e-07,1.87723438e-01
2.44156250e-07,1.87675000e-01
2.44196250e-07,1.87729688e-01
2.44236250e-07,1.87665625e-01
2.44276250e-07,1.87745313e-01
2.44316250e-07,1.87629688e-01
2.44356250e-07,1.87923438e-01
2.44396250e-07,1.88137500e-01
2.44436250e-07,1.88087500e-01
2.44476250e-07,1.88101563e-01
2.44516250e-07,1.88104688e-01
2.44556250e-07,1.88089063e-01
2.44596250e-07,1.88115625e-01
2.44636250e-07,1.88076563e-01
2.44676250e-07,1.88134375e-01
2.44716250e-07,1.88039063e-01
2.44756250e-07,1.88314063e-01
2.44796250e-07,1.88546875e-01
2.44836250e-07,1.88479687e-01
2.44876250e-07,1.88509375e-01
2.44916250e-07,1.88496875e-01
2.44956250e-07,1.88496875e-01
2.44996250e-07,1.88507813e-01
2.45036250e-07,1.88484375e-01
2.45076250e-07,1.88526562e-01
2.45116250e-07,1.88448438e-01
2.45156250e-07,1.88706250e-01
2.45196250e-07,1.88954687e-01
2.45236250e-07,1.88870312e-01
2.45276250e-07,1.88920313e-01
2.45316250e-07,1.88885938e-01
2.45356250e-07,1.88910938e-01
2.45396250e-07,1.88892188e-01
2.45436250e-07,1.88904688e-01
2.45476250e-07,1.88896875e-01
2.45516250e-07,1.88900000e-01
2.45556250e-07,1.88901563e-01
2.45596250e-07,1.88895312e-01
2.45636250e-07,1.88909375e-01
2.45676250e-07,1.88885938e-01
2.45716250e-07,1.88925000e-01
2.45756250e-07,1.88850000e-01
2.45796250e-07,1.89103125e-01
2.45836250e-07,1.89359375e-01
2.45876250e-07,1.89265625e-01
2.45916250e-07,1.89325000e-01
2.45956250e-07,1.89279688e-01
2.45996250e-07,1.89317188e-01
2.46036250e-07,1.89285938e-01
2.46076250e-07,1.89312500e-01
2.46116250e-07,1.89289062e-01
2.46156250e-07,1.89310937e-01
2.46196250e-07,1.89290625e-01
2.46236250e-07,1.89309375e-01
2.46276250e-07,1.89290625e-01
2.46316250e-07,1.89307813e-01
2.46356250e-07,1.89292188e-01
2.46396250e-07,1.89307813e-01
2.46436250e-07,1.89292188e-01
2.46476250e-07,1.89307813e-01
2.46516250e-07,1.89292188e-01
2.46556250e-07,1.89307813e-01
2.46596250e-07,1.89292188e-01
2.46636250e-07,1.89309375e-01
2.46676250e-07,1.89290625e-01
2.46716250e-07,1.89310937e-01
2.46756250e-07,1.89287500e-01
2.46796250e-07,1.89315625e-01
2.46836250e-07,1.89279688e-01
2.46876250e-07,1.89329688e-01
2.46916250e-07,1.89246875e-01
2.46956250e-07,1.89506250e-01
2.46996250e-07,1.89756250e-01
2.47036250e-07,1.89667188e-01
2.47076250e-07,1.89723438e-01
2.47116250e-07,1.89681250e-01
2.47156250e-07,1.89715625e-01
2.47196250e-07,1.89685938e-01
2.47236250e-07,1.89714063e-01
2.47276250e-07,1.89685938e-01
2.47316250e-07,1.89712500e-01
2.47356250e-07,1.89685938e-01
2.47396250e-07,1.89714063e-01
2.47436250e-07,1.89685938e-01
2.47476250e-07,1.89715625e-01
2.47516250e-07,1.89682813e-01
2.47556250e-07,1.89720313e-01
2.47596250e-07,1.89675000e-01
2.47636250e-07,1.89735938e-01
2.47676250e-07,1.89640625e-01
2.47716250e-07,1.89912500e-01
2.47756250e-07,1.90148438e-01
2.47796250e-07,1.90075000e-01
2.47836250e-07,1.90115625e-01
2.47876250e-07,1.90089063e-01
2.47916250e-07,1.90107813e-01
2.47956250e-07,1.90093750e-01
2.47996250e-07,1.90104688e-01
2.48036250e-07,1.90096875e-01
2.48076250e-07,1.90101563e-01
2.48116250e-07,1.90098437e-01
2.48156250e-07,1.90100000e-01
2.48196250e-07,1.90100000e-01
2.48236250e-07,1.90098437e-01
2.48276250e-07,1.90101563e-01
2.48316250e-07,1.90098437e-01
2.48356250e-07,1.90103125e-01
2.48396250e-07,1.90096875e-01
2.48436250e-07,1.90103125e-01
2.48476250e-07,1.90095313e-01
2.48516250e-07,1.90104688e-01
2.48556250e-07,1.90093750e-01
2.48596250e-07,1.90106250e-01
2.48636250e-07,1.90092188e-01
2.48676250e-07,1.90109375e-01
2.48716250e-07,1.90089063e-01
2.48756250e-07,1.90112500e-01
2.48796250e-07,1.90084375e-01
2.48836250e-07,1.90121875e-01
2.48876250e-07,1.90068750e-01
2.48916250e-07,1.90156250e-01
2.48956250e-07,1.89890625e-01
2.48996250e-07,1.89646875e-01
2.49036250e-07,1.89728125e-01
2.49076250e-07,1.89681250e-01
2.49116250e-07,1.89714063e-01
2.49156250e-07,1.89689063e-01
2.49196250e-07,1.89707813e-01
2.49236250e-07,1.89693750e-01
2.49276250e-07,1.89704687e-01
2.49316250e-07,1.89696875e-01
2.49356250e-07,1.89701563e-01
2.49396250e-07,1.89698438e-01
2.49436250e-07,1.89700000e-01
2.49476250e-07,1.89701563e-01
2.49516250e-07,1.89696875e-01
2.49556250e-07,1.89704687e-01
2.49596250e-07,1.89693750e-01
2.49636250e-07,1.89709375e-01
2.49676250e-07,1.89684375e-01
2.49716250e-07,1.89725000e-01
2.49756250e-07,1.89650000e-01
2.49796250e-07,1.89903125e-01
2.49836250e-07,1.90159375e-01
2.49876250e-07,1.90064063e-01
2.49916250e-07,1.90126563e-01
2.49956250e-07,1.90078125e-01
2.49996250e-07,1.90120312e-01
2.50036250e-07,1.90081250e-01
2.50076250e-07,1.90118750e-01
2.50116250e-07,1.90081250e-01
2.50156250e-07,1.90120312e-01
2.50196250e-07,1.90075000e-01
2.50236250e-07,1.90132812e-01
2.50276250e-07,1.90043750e-01
2.50316250e-07,1.90309375e-01
2.50356250e-07,1.90554688e-01
2.50396250e-07,1.90468750e-01
2.50436250e-07,1.90525000e-01
2.50476250e-07,1.90478125e-01
2.50516250e-07,1.90521875e-01
2.50556250e-07,1.90475000e-01
2.50596250e-07,1.90532813e-01
2.50636250e-07,1.90443750e-01
2.50676250e-07,1.90709375e-01
2.50716250e-07,1.90954687e-01
2.50756250e-07,1.90868750e-01
2.50796250e-07,1.90923438e-01
2.50836250e-07,1.90881250e-01
2.50876250e-07,1.90918750e-01
2.50916250e-07,1.90882812e-01
2.50956250e-07,1.90918750e-01
2.50996250e-07,1.90876563e-01
2.51036250e-07,1.90931250e-01
2.51076250e-07,1.90843750e-01
2.51116250e-07,1.91107813e-01
2.51156250e-07,1.91354688e-01
2.51196250e-07,1.91268750e-01
2.51236250e-07,1.91323437e-01
2.51276250e-07,1.91281250e-01
2.51316250e-07,1.91317188e-01
2.51356250e-07,1.91282813e-01
2.51396250e-07,1.91315625e-01
2.51436250e-07,1.91282813e-01
2.51476250e-07,1.91318750e-01
2.51516250e-07,1.91278125e-01
2.51556250e-07,1.91326563e-01
2.51596250e-07,1.91264062e-01
2.51636250e-07,1.91360937e-01
2.51676250e-07,1.91085937e-01
2.51716250e-07,1.90851563e-01
2.51756250e-07,1.90925000e-01
2.51796250e-07,1.90885938e-01
2.51836250e-07,1.90909375e-01
2.51876250e-07,1.90895312e-01
2.51916250e-07,1.90901563e-01
2.51956250e-07,1.90901563e-01
2.51996250e-07,1.90895312e-01
2.52036250e-07,1.90910938e-01
2.52076250e-07,1.90879688e-01
2.52116250e-07,1.90945313e-01
2.52156250e-07,1.90701563e-01
2.52196250e-07,1.90435938e-01
2.52236250e-07,1.90542188e-01
2.52276250e-07,1.90467187e-01
2.52316250e-07,1.90529688e-01
2.52356250e-07,1.90470313e-01
2.52396250e-07,1.90532813e-01
2.52436250e-07,1.90459375e-01
2.52476250e-07,1.90564063e-01
2.52516250e-07,1.90282813e-01
2.52556250e-07,1.90053125e-01
2.52596250e-07,1.90123438e-01
2.52636250e-07,1.90085937e-01
2.52676250e-07,1.90110938e-01
2.52716250e-07,1.90092188e-01
2.52756250e-07,1.90106250e-01
2.52796250e-07,1.90095313e-01
2.52836250e-07,1.90104688e-01
2.52876250e-07,1.90096875e-01
2.52916250e-07,1.90103125e-01
2.52956250e-07,1.90096875e-01
2.52996250e-07,1.90103125e-01
2.53036250e-07,1.90096875e-01
2.53076250e-07,1.90103125e-01
2.53116250e-07,1.90096875e-01
2.53156250e-07,1.90103125e-01
2.53196250e-07,1.90096875e-01
2.53236250e-07,1.90103125e-01
2.53276250e-07,1.90096875e-01
2.53316250e-07,1.90103125e-01
2.53356250e-07,1.90096875e-01
2.53396250e-07,1.90103125e-01
2.53436250e-07,1.90096875e-01
2.53476250e-07,1.90103125e-01
2.53516250e-07,1.90096875e-01
2.53556250e-07,1.90103125e-01
2.53596250e-07,1.90096875e-01
2.53636250e-07,1.90103125e-01
2.53676250e-07,1.90096875e-01
2.53716250e-07,1.90103125e-01
2.53756250e-07,1.90096875e-01
2.53796250e-07,1.90103125e-01
2.53836250e-07,1.90096875e-01
2.53876250e-07,1.90103125e-01
2.53916250e-07,1.90096875e-01
2.53956250e-07,1.90104688e-01
2.53996250e-07,1.90095313e-01
2.54036250e-07,1.90104688e-01
2.54076250e-07,1.90095313e-01
2.54116250e-07,1.90104688e-01
2.54156250e-07,1.90095313e-01
2.54196250e-07,1.90104688e-01
2.54236250e-07,1.90093750e-01
2.54276250e-07,1.90106250e-01
2.54316250e-07,1.90093750e-01
2.54356250e-07,1.90106250e-01
2.54396250e-07,1.90092188e-01
2.54436250e-07,1.90107813e-01
2.54476250e-07,1.90090625e-01
2.54516250e-07,1.90109375e-01
2.54556250e-07,1.90089063e-01
2.54596250e-07,1.90112500e-01
2.54636250e-07,1.90085937e-01
2.54676250e-07,1.90115625e-01
2.54716250e-07,1.90081250e-01
2.54756250e-07,1.90125000e-01
2.54796250e-07,1.90065625e-01
2.54836250e-07,1.90159375e-01
2.54876250e-07,1.89887500e-01
2.54916250e-07,1.89650000e-01
2.54956250e-07,1.89725000e-01
2.54996250e-07,1.89684375e-01
2.55036250e-07,1.89709375e-01
2.55076250e-07,1.89693750e-01
2.55116250e-07,1.89704687e-01
2.55156250e-07,1.89698438e-01
2.55196250e-07,1.89700000e-01
2.55236250e-07,1.89701563e-01
2.55276250e-07,1.89696875e-01
2.55316250e-07,1.89706250e-01
2.55356250e-07,1.89692187e-01
2.55396250e-07,1.89712500e-01
2.55436250e-07,1.89682813e-01
2.55476250e-07,1.89726563e-01
2.55516250e-07,1.89646875e-01
2.55556250e-07,1.89906250e-01
2.55596250e-07,1.90156250e-01
2.55636250e-07,1.90067188e-01
2.55676250e-07,1.90121875e-01
2.55716250e-07,1.90082813e-01
2.55756250e-07,1.90114063e-01
2.55796250e-07,1.90087500e-01
2.55836250e-07,1.90109375e-01
2.55876250e-07,1.90090625e-01
2.55916250e-07,1.90107813e-01
2.55956250e-07,1.90093750e-01
2.55996250e-07,1.90106250e-01
2.56036250e-07,1.90093750e-01
2.56076250e-07,1.90104688e-01
2.56116250e-07,1.90095313e-01
2.56156250e-07,1.90104688e-01
2.56196250e-07,1.90096875e-01
2.56236250e-07,1.90103125e-01
2.56276250e-07,1.90096875e-01
2.56316250e-07,1.90103125e-01
2.56356250e-07,1.90098437e-01
2.56396250e-07,1.90101563e-01
2.56436250e-07,1.90098437e-01
2.56476250e-07,1.90101563e-01
2.56516250e-07,1.90098437e-01
2.56556250e-07,1.90100000e-01
2.56596250e-07,1.90100000e-01
2.56636250e-07,1.90100000e-01
2.56676250e-07,1.90100000e-01
2.56716250e-07,1.90100000e-01
2.56756250e-07,1.90101563e-01
2.56796250e-07,1.90098437e-01
2.56836250e-07,1.90101563e-01
2.56876250e-07,1.90098437e-01
2.56916250e-07,1.90103125e-01
2.56956250e-07,1.90096875e-01
2.56996250e-07,1.90103125e-01
2.57036250e-07,1.90095313e-01
2.57076250e-07,1.90104688e-01
2.57116250e-07,1.90093750e-01
2.57156250e-07,1.90106250e-01
2.57196250e-07,1.90092188e-01
2.57236250e-07,1.90109375e-01
2.57276250e-07,1.90089063e-01
2.57316250e-07,1.90112500e-01
2.57356250e-07,1.90082813e-01
2.57396250e-07,1.90121875e-01
2.57436250e-07,1.90068750e-01
2.57476250e-07,1.90156250e-01
2.57516250e-07,1.89889063e-01
2.57556250e-07,1.89648438e-01
2.57596250e-07,1.89726563e-01
2.57636250e-07,1.89682813e-01
2.57676250e-07,1.89710938e-01
2.57716250e-07,1.89692187e-01
2.57756250e-07,1.89704687e-01
2.57796250e-07,1.89696875e-01
2.57836250e-07,1.89700000e-01
2.57876250e-07,1.89701563e-01
2.57916250e-07,1.89695313e-01
2.57956250e-07,1.89709375e-01
2.57996250e-07,1.89685938e-01
2.58036250e-07,1.89725000e-01
2.58076250e-07,1.89650000e-01
2.58116250e-07,1.89904688e-01
2.58156250e-07,1.90157812e-01
2.58196250e-07,1.90067188e-01
2.58236250e-07,1.90123438e-01
2.58276250e-07,1.90082813e-01
2.58316250e-07,1.90114063e-01
2.58356250e-07,1.90089063e-01
2.58396250e-07,1.90109375e-01
2.58436250e-07,1.90093750e-01
2.58476250e-07,1.90104688e-01
2.58516250e-07,1.90096875e-01
2.58556250e-07,1.90100000e-01
2.58596250e-07,1.90103125e-01
2.58636250e-07,1.90090625e-01
2.58676250e-07,1.90118750e-01
2.58716250e-07,1.90056250e-01
2.58756250e-07,1.90298438e-01
2.58796250e-07,1.90564063e-01
2.58836250e-07,1.90459375e-01
2.58876250e-07,1.90529688e-01
2.58916250e-07,1.90475000e-01
2.58956250e-07,1.90521875e-01
2.58996250e-07,1.90479687e-01
2.59036250e-07,1.90518750e-01
2.59076250e-07,1.90482813e-01
2.59116250e-07,1.90517188e-01
2.59156250e-07,1.90484375e-01
2.59196250e-07,1.90515625e-01
2.59236250e-07,1.90485938e-01
2.59276250e-07,1.90514062e-01
2.59316250e-07,1.90485938e-01
2.59356250e-07,1.90514062e-01
2.59396250e-07,1.90485938e-01
2.59436250e-07,1.90514062e-01
2.59476250e-07,1.90485938e-01
2.59516250e-07,1.90514062e-01
2.59556250e-07,1.90485938e-01
2.59596250e-07,1.90515625e-01
2.59636250e-07,1.90484375e-01
2.59676250e-07,1.90517188e-01
2.59716250e-07,1.90481250e-01
2.59756250e-07,1.90520313e-01
2.59796250e-07,1.90476563e-01
2.59836250e-07,1.90528125e-01
2.59876250e-07,1.90462500e-01
2.59916250e-07,1.90562500e-01
2.59956250e-07,1.90284375e-01
2.59996250e-07,1.90053125e-01
2.60036250e-07,1.90123438e-01
2.60076250e-07,1.90085937e-01
2.60116250e-07,1.90109375e-01
2.60156250e-07,1.90093750e-01
2.60196250e-07,1.90104688e-01
2.60236250e-07,1.90096875e-01
2.60276250e-07,1.90101563e-01
2.60316250e-07,1.90098437e-01
2.60356250e-07,1.90100000e-01
2.60396250e-07,1.90100000e-01
2.60436250e-07,1.90100000e-01
2.60476250e-07,1.90101563e-01
2.60516250e-07,1.90098437e-01
2.60556250e-07,1.90101563e-01
2.60596250e-07,1.90098437e-01
2.60636250e-07,1.90101563e-01
2.60676250e-07,1.90098437e-01
2.60716250e-07,1.90101563e-01
2.60756250e-07,1.90096875e-01
2.60796250e-07,1.90103125e-01
2.60836250e-07,1.90096875e-01
2.60876250e-07,1.90103125e-01
2.60916250e-07,1.90096875e-01
2.60956250e-07,1.90103125e-01
2.60996250e-07,1.90096875e-01
2.61036250e-07,1.90103125e-01
2.61076250e-07,1.90095313e-01
2.61116250e-07,1.90104688e-01
2.61156250e-07,1.90095313e-01
2.61196250e-07,1.90104688e-01
2.61236250e-07,1.90095313e-01
2.61276250e-07,1.90106250e-01
2.61316250e-07,1.90093750e-01
2.61356250e-07,1.90106250e-01
2.61396250e-07,1.90092188e-01
2.61436250e-07,1.90109375e-01
2.61476250e-07,1.90089063e-01
2.61516250e-07,1.90112500e-01
2.61556250e-07,1.90084375e-01
2.61596250e-07,1.90120312e-01
2.61636250e-07,1.90070313e-01
2.61676250e-07,1.90154688e-01
2.61716250e-07,1.89892188e-01
2.61756250e-07,1.89645312e-01
2.61796250e-07,1.89731250e-01
2.61836250e-07,1.89678125e-01
2.61876250e-07,1.89717187e-01
2.61916250e-07,1.89685938e-01
2.61956250e-07,1.89712500e-01
2.61996250e-07,1.89689063e-01
2.62036250e-07,1.89709375e-01
2.62076250e-07,1.89690625e-01
2.62116250e-07,1.89709375e-01
2.62156250e-07,1.89690625e-01
2.62196250e-07,1.89709375e-01
2.62236250e-07,1.89690625e-01
2.62276250e-07,1.89709375e-01
2.62316250e-07,1.89690625e-01
2.62356250e-07,1.89709375e-01
2.62396250e-07,1.89689063e-01
2.62436250e-07,1.89710938e-01
2.62476250e-07,1.89687500e-01
2.62516250e-07,1.89714063e-01
2.62556250e-07,1.89682813e-01
2.62596250e-07,1.89721875e-01
2.62636250e-07,1.89667188e-01
2.62676250e-07,1.89756250e-01
2.62716250e-07,1.89490625e-01
2.62756250e-07,1.89248438e-01
2.62796250e-07,1.89328125e-01
2.62836250e-07,1.89281250e-01
2.62876250e-07,1.89314063e-01
2.62916250e-07,1.89289062e-01
2.62956250e-07,1.89309375e-01
2.62996250e-07,1.89292188e-01
2.63036250e-07,1.89306250e-01
2.63076250e-07,1.89293750e-01
2.63116250e-07,1.89304688e-01
2.63156250e-07,1.89295313e-01
2.63196250e-07,1.89303125e-01
2.63236250e-07,1.89296875e-01
2.63276250e-07,1.89303125e-01
2.63316250e-07,1.89298437e-01
2.63356250e-07,1.89301563e-01
2.63396250e-07,1.89298437e-01
2.63436250e-07,1.89301563e-01
2.63476250e-07,1.89300000e-01
2.63516250e-07,1.89300000e-01
2.63556250e-07,1.89300000e-01
2.63596250e-07,1.89298437e-01
2.63636250e-07,1.89301563e-01
2.63676250e-07,1.89296875e-01
2.63716250e-07,1.89304688e-01
2.63756250e-07,1.89293750e-01
2.63796250e-07,1.89307813e-01
2.63836250e-07,1.89289062e-01
2.63876250e-07,1.89315625e-01
2.63916250e-07,1.89275000e-01
2.63956250e-07,1.89350000e-01
2.63996250e-07,1.89096875e-01
2.64036250e-07,1.88840625e-01
2.64076250e-07,1.88935938e-01
2.64116250e-07,1.88873438e-01
2.64156250e-07,1.88921875e-01
2.64196250e-07,1.88881250e-01
2.64236250e-07,1.88917188e-01
2.64276250e-07,1.88884375e-01
2.64316250e-07,1.88914063e-01
2.64356250e-07,1.88885938e-01
2.64396250e-07,1.88914063e-01
2.64436250e-07,1.88885938e-01
2.64476250e-07,1.88914063e-01
2.64516250e-07,1.88885938e-01
2.64556250e-07,1.88914063e-01
2.64596250e-07,1.88884375e-01
2.64636250e-07,1.88917188e-01
2.64676250e-07,1.88879688e-01
2.64716250e-07,1.88925000e-01
2.64756250e-07,1.88865625e-01
2.64796250e-07,1.88959375e-01
2.64836250e-07,1.88687500e-01
2.64876250e-07,1.88450000e-01
2.64916250e-07,1.88526562e-01
2.64956250e-07,1.88481250e-01
2.64996250e-07,1.88514062e-01
2.65036250e-07,1.88489062e-01
2.65076250e-07,1.88509375e-01
2.65116250e-07,1.88492188e-01
2.65156250e-07,1.88507813e-01
2.65196250e-07,1.88492188e-01
2.65236250e-07,1.88506250e-01
2.65276250e-07,1.88492188e-01
2.65316250e-07,1.88507813e-01
2.65356250e-07,1.88492188e-01
2.65396250e-07,1.88509375e-01
2.65436250e-07,1.88489062e-01
2.65476250e-07,1.88514062e-01
2.65516250e-07,1.88481250e-01
2.65556250e-07,1.88528125e-01
2.65596250e-07,1.88446875e-01
2.65636250e-07,1.88706250e-01
2.65676250e-07,1.88956250e-01
2.65716250e-07,1.88867188e-01
2.65756250e-07,1.88923438e-01
2.65796250e-07,1.88881250e-01
2.65836250e-07,1.88915625e-01
2.65876250e-07,1.88885938e-01
2.65916250e-07,1.88912500e-01
2.65956250e-07,1.88889063e-01
2.65996250e-07,1.88910938e-01
2.66036250e-07,1.88889063e-01
2.66076250e-07,1.88909375e-01
2.66116250e-07,1.88890625e-01
2.66156250e-07,1.88909375e-01
2.66196250e-07,1.88890625e-01
2.66236250e-07,1.88909375e-01
2.66276250e-07,1.88890625e-01
2.66316250e-07,1.88909375e-01
2.66356250e-07,1.88890625e-01
2.66396250e-07,1.88909375e-01
2.66436250e-07,1.88890625e-01
2.66476250e-07,1.88909375e-01
2.66516250e-07,1.88890625e-01
2.66556250e-07,1.88909375e-01
2.66596250e-07,1.88889063e-01
2.66636250e-07,1.88910938e-01
2.66676250e-07,1.88889063e-01
2.66716250e-07,1.88912500e-01
2.66756250e-07,1.88887500e-01
2.66796250e-07,1.88914063e-01
2.66836250e-07,1.88884375e-01
2.66876250e-07,1.88917188e-01
2.66916250e-07,1.88879688e-01
2.66956250e-07,1.88925000e-01
2.66996250e-07,1.88864063e-01
2.67036250e-07,1.88960938e-01
2.67076250e-07,1.88685938e-01
2.67116250e-07,1.88451563e-01
2.67156250e-07,1.88525000e-01
2.67196250e-07,1.88484375e-01
2.67236250e-07,1.88509375e-01
2.67276250e-07,1.88493750e-01
2.67316250e-07,1.88504688e-01
2.67356250e-07,1.88496875e-01
2.67396250e-07,1.88501562e-01
2.67436250e-07,1.88500000e-01
2.67476250e-07,1.88500000e-01
2.67516250e-07,1.88501562e-01
2.67556250e-07,1.88498438e-01
2.67596250e-07,1.88503125e-01
2.67636250e-07,1.88496875e-01
2.67676250e-07,1.88504688e-01
2.67716250e-07,1.88493750e-01
2.67756250e-07,1.88507813e-01
2.67796250e-07,1.88490625e-01
2.67836250e-07,1.88510938e-01
2.67876250e-07,1.88485938e-01
2.67916250e-07,1.88520313e-01
2.67956250e-07,1.88470313e-01
2.67996250e-07,1.88554688e-01
2.68036250e-07,1.88292188e-01
2.68076250e-07,1.88045313e-01
2.68116250e-07,1.88131250e-01
2.68156250e-07,1.88078125e-01
2.68196250e-07,1.88115625e-01
2.68236250e-07,1.88087500e-01
2.68276250e-07,1.88110938e-01
2.68316250e-07,1.88090625e-01
2.68356250e-07,1.88107812e-01
2.68396250e-07,1.88092188e-01
2.68436250e-07,1.88106250e-01
2.68476250e-07,1.88093750e-01
2.68516250e-07,1.88104688e-01
2.68556250e-07,1.88095313e-01
2.68596250e-07,1.88104688e-01
2.68636250e-07,1.88095313e-01
2.68676250e-07,1.88103125e-01
2.68716250e-07,1.88096875e-01
2.68756250e-07,1.88103125e-01
2.68796250e-07,1.88096875e-01
2.68836250e-07,1.88103125e-01
2.68876250e-07,1.88096875e-01
2.68916250e-07,1.88103125e-01
2.68956250e-07,1.88096875e-01
2.68996250e-07,1.88101563e-01
2.69036250e-07,1.88098437e-01
2.69076250e-07,1.88101563e-01
2.69116250e-07,1.88098437e-01
2.69156250e-07,1.88101563e-01
2.69196250e-07,1.88098437e-01
2.69236250e-07,1.88101563e-01
2.69276250e-07,1.88098437e-01
2.69316250e-07,1.88101563e-01
2.69356250e-07,1.88098437e-01
2.69396250e-07,1.88101563e-01
2.69436250e-07,1.88098437e-01
2.69476250e-07,1.88101563e-01
2.69516250e-07,1.88098437e-01
2.69556250e-07,1.88101563e-01
2.69596250e-07,1.88100000e-01
2.69636250e-07,1.88100000e-01
2.69676250e-07,1.88100000e-01
2.69716250e-07,1.88100000e-01
2.69756250e-07,1.88100000e-01
2.69796250e-07,1.88100000e-01
2.69836250e-07,1.88100000e-01
2.69876250e-07,1.88100000e-01
2.69916250e-07,1.88100000e-01
2.69956250e-07,1.88100000e-01
2.69996250e-07,1.88100000e-01
2.70036250e-07,1.88100000e-01
2.70076250e-07,1.88100000e-01
2.70116250e-07,1.88100000e-01
2.70156250e-07,1.88100000e-01
2.70196250e-07,1.88100000e-01
2.70236250e-07,1.88100000e-01
2.70276250e-07,1.88100000e-01
2.70316250e-07,1.88101563e-01
2.70356250e-07,1.88098437e-01
2.70396250e-07,1.88101563e-01
2.70436250e-07,1.88098437e-01
2.70476250e-07,1.88101563e-01
2.70516250e-07,1.88098437e-01
2.70556250e-07,1.88101563e-01
2.70596250e-07,1.88098437e-01
2.70636250e-07,1.88101563e-01
2.70676250e-07,1.88096875e-01
2.70716250e-07,1.88103125e-01
2.70756250e-07,1.88096875e-01
2.70796250e-07,1.88103125e-01
2.70836250e-07,1.88095313e-01
2.70876250e-07,1.88104688e-01
2.70916250e-07,1.88093750e-01
2.70956250e-07,1.88107812e-01
2.70996250e-07,1.88090625e-01
2.71036250e-07,1.88112500e-01
2.71076250e-07,1.88082813e-01
2.71116250e-07,1.88126563e-01
2.71156250e-07,1.88048437e-01
2.71196250e-07,1.88303125e-01
2.71236250e-07,1.88559375e-01
2.71276250e-07,1.88464063e-01
2.71316250e-07,1.88528125e-01
2.71356250e-07,1.88475000e-01
2.71396250e-07,1.88525000e-01
2.71436250e-07,1.88471875e-01
2.71476250e-07,1.88535938e-01
2.71516250e-07,1.88442187e-01
2.71556250e-07,1.88709375e-01
2.71596250e-07,1.88953125e-01
2.71636250e-07,1.88868750e-01
2.71676250e-07,1.88923438e-01
2.71716250e-07,1.88878125e-01
2.71756250e-07,1.88921875e-01
2.71796250e-07,1.88875000e-01
2.71836250e-07,1.88932813e-01
2.71876250e-07,1.88843750e-01
2.71916250e-07,1.89109375e-01
2.71956250e-07,1.89354688e-01
2.71996250e-07,1.89268750e-01
2.72036250e-07,1.89323437e-01
2.72076250e-07,1.89281250e-01
2.72116250e-07,1.89317188e-01
2.72156250e-07,1.89282813e-01
2.72196250e-07,1.89318750e-01
2.72236250e-07,1.89276562e-01
2.72276250e-07,1.89331250e-01
2.72316250e-07,1.89245313e-01
2.72356250e-07,1.89507813e-01
2.72396250e-07,1.89756250e-01
2.72436250e-07,1.89667188e-01
2.72476250e-07,1.89725000e-01
2.72516250e-07,1.89679687e-01
2.72556250e-07,1.89718750e-01
2.72596250e-07,1.89681250e-01
2.72636250e-07,1.89718750e-01
2.72676250e-07,1.89679687e-01
2.72716250e-07,1.89723438e-01
2.72756250e-07,1.89671875e-01
2.72796250e-07,1.89737500e-01
2.72836250e-07,1.89637500e-01
2.72876250e-07,1.89915625e-01
2.72916250e-07,1.90145312e-01
2.72956250e-07,1.90078125e-01
2.72996250e-07,1.90110938e-01
2.73036250e-07,1.90093750e-01
2.73076250e-07,1.90101563e-01
2.73116250e-07,1.90101563e-01
2.73156250e-07,1.90093750e-01
2.73196250e-07,1.90110938e-01
2.73236250e-07,1.90084375e-01
2.73276250e-07,1.90126563e-01
2.73316250e-07,1.90046875e-01
2.73356250e-07,1.90307813e-01
2.73396250e-07,1.90554688e-01
2.73436250e-07,1.90471875e-01
2.73476250e-07,1.90518750e-01
2.73516250e-07,1.90489063e-01
2.73556250e-07,1.90506250e-01
2.73596250e-07,1.90500000e-01
2.73636250e-07,1.90493750e-01
2.73676250e-07,1.90517188e-01
2.73716250e-07,1.90456250e-01
2.73756250e-07,1.90698438e-01
2.73796250e-07,1.90964063e-01
2.73836250e-07,1.90860937e-01
2.73876250e-07,1.90928125e-01
2.73916250e-07,1.90878125e-01
2.73956250e-07,1.90917188e-01
2.73996250e-07,1.90885938e-01
2.74036250e-07,1.90910938e-01
2.74076250e-07,1.90893750e-01
2.74116250e-07,1.90900000e-01
2.74156250e-07,1.90909375e-01
2.74196250e-07,1.90864063e-01
2.74236250e-07,1.91089063e-01
2.74276250e-07,1.91373438e-01
2.74316250e-07,1.91251562e-01
2.74356250e-07,1.91339063e-01
2.74396250e-07,1.91265625e-01
2.74436250e-07,1.91331250e-01
2.74476250e-07,1.91270313e-01
2.74516250e-07,1.91328125e-01
2.74556250e-07,1.91271875e-01
2.74596250e-07,1.91328125e-01
2.74636250e-07,1.91271875e-01
2.74676250e-07,1.91328125e-01
2.74716250e-07,1.91271875e-01
2.74756250e-07,1.91329688e-01
2.74796250e-07,1.91270313e-01
2.74836250e-07,1.91332813e-01
2.74876250e-07,1.91264062e-01
2.74916250e-07,1.91340625e-01
2.74956250e-07,1.91250000e-01
2.74996250e-07,1.91376563e-01
2.75036250e-07,1.91070313e-01
2.75076250e-07,1.90867188e-01
2.75116250e-07,1.90907812e-01
2.75156250e-07,1.90903125e-01
2.75196250e-07,1.90890625e-01
2.75236250e-07,1.90915625e-01
2.75276250e-07,1.90879688e-01
2.75316250e-07,1.90926563e-01
2.75356250e-07,1.90860937e-01
2.75396250e-07,1.90965625e-01
2.75436250e-07,1.90681250e-01
2.75476250e-07,1.90459375e-01
2.75516250e-07,1.90515625e-01
2.75556250e-07,1.90495313e-01
2.75596250e-07,1.90495313e-01
2.75636250e-07,1.90512500e-01
2.75676250e-07,1.90476563e-01
2.75716250e-07,1.90550000e-01
2.75756250e-07,1.90296875e-01
2.75796250e-07,1.90040625e-01
2.75836250e-07,1.90135938e-01
2.75876250e-07,1.90071875e-01
2.75916250e-07,1.90126563e-01
2.75956250e-07,1.90068750e-01
2.75996250e-07,1.90153125e-01
2.76036250e-07,1.89896875e-01
2.76076250e-07,1.89637500e-01
2.76116250e-07,1.89742187e-01
2.76156250e-07,1.89662500e-01
2.76196250e-07,1.89739062e-01
2.76236250e-07,1.89653125e-01
2.76276250e-07,1.89771875e-01
2.76316250e-07,1.89475000e-01
2.76356250e-07,1.89262500e-01
2.76396250e-07,1.89312500e-01
2.76436250e-07,1.89300000e-01
2.76476250e-07,1.89292188e-01
2.76516250e-07,1.89315625e-01
2.76556250e-07,1.89271875e-01
2.76596250e-07,1.89354688e-01
2.76636250e-07,1.89090625e-01
2.76676250e-07,1.88848438e-01
2.76716250e-07,1.88926563e-01
2.76756250e-07,1.88884375e-01
2.76796250e-07,1.88907812e-01
2.76836250e-07,1.88896875e-01
2.76876250e-07,1.88896875e-01
2.76916250e-07,1.88909375e-01
2.76956250e-07,1.88879688e-01
2.76996250e-07,1.88946875e-01
2.77036250e-07,1.88700000e-01
2.77076250e-07,1.88439063e-01
2.77116250e-07,1.88535938e-01
2.77156250e-07,1.88473438e-01
2.77196250e-07,1.88521875e-01
2.77236250e-07,1.88482813e-01
2.77276250e-07,1.88515625e-01
2.77316250e-07,1.88485938e-01
2.77356250e-07,1.88512500e-01
2.77396250e-07,1.88489062e-01
2.77436250e-07,1.88510938e-01
2.77476250e-07,1.88490625e-01
2.77516250e-07,1.88509375e-01
2.77556250e-07,1.88492188e-01
2.77596250e-07,1.88507813e-01
2.77636250e-07,1.88492188e-01
2.77676250e-07,1.88507813e-01
2.77716250e-07,1.88492188e-01
2.77756250e-07,1.88507813e-01
2.77796250e-07,1.88492188e-01
2.77836250e-07,1.88507813e-01
2.77876250e-07,1.88492188e-01
2.77916250e-07,1.88509375e-01
2.77956250e-07,1.88490625e-01
2.77996250e-07,1.88510938e-01
2.78036250e-07,1.88487500e-01
2.78076250e-07,1.88515625e-01
2.78116250e-07,1.88479687e-01
2.78156250e-07,1.88529688e-01
2.78196250e-07,1.88446875e-01
2.78236250e-07,1.88706250e-01
2.78276250e-07,1.88956250e-01
2.78316250e-07,1.88867188e-01
2.78356250e-07,1.88923438e-01
2.78396250e-07,1.88879688e-01
2.78436250e-07,1.88917188e-01
2.78476250e-07,1.88884375e-01
2.78516250e-07,1.88915625e-01
2.78556250e-07,1.88884375e-01
2.78596250e-07,1.88915625e-01
2.78636250e-07,1.88884375e-01
2.78676250e-07,1.88917188e-01
2.78716250e-07,1.88881250e-01
2.78756250e-07,1.88921875e-01
2.78796250e-07,1.88873438e-01
2.78836250e-07,1.88935938e-01
2.78876250e-07,1.88839063e-01
2.78916250e-07,1.89114063e-01
2.78956250e-07,1.89348437e-01
2.78996250e-07,1.89275000e-01
2.79036250e-07,1.89315625e-01
2.79076250e-07,1.89289062e-01
2.79116250e-07,1.89307813e-01
2.79156250e-07,1.89295313e-01
2.79196250e-07,1.89303125e-01
2.79236250e-07,1.89298437e-01
2.79276250e-07,1.89301563e-01
2.79316250e-07,1.89300000e-01
2.79356250e-07,1.89300000e-01
2.79396250e-07,1.89301563e-01
2.79436250e-07,1.89298437e-01
2.79476250e-07,1.89303125e-01
2.79516250e-07,1.89296875e-01
2.79556250e-07,1.89304688e-01
2.79596250e-07,1.89295313e-01
2.79636250e-07,1.89306250e-01
2.79676250e-07,1.89292188e-01
2.79716250e-07,1.89309375e-01
2.79756250e-07,1.89289062e-01
2.79796250e-07,1.89315625e-01
2.79836250e-07,1.89279688e-01
2.79876250e-07,1.89329688e-01
2.79916250e-07,1.89245313e-01
2.79956250e-07,1.89507813e-01
2.79996250e-07,1.89754688e-01
2.80036250e-07,1.89670312e-01
2.80076250e-07,1.89720313e-01
2.80116250e-07,1.89684375e-01
2.80156250e-07,1.89712500e-01
2.80196250e-07,1.89690625e-01
2.80236250e-07,1.89707813e-01
2.80276250e-07,1.89692187e-01
2.80316250e-07,1.89706250e-01
2.80356250e-07,1.89695313e-01
2.80396250e-07,1.89704687e-01
2.80436250e-07,1.89695313e-01
2.80476250e-07,1.89703125e-01
2.80516250e-07,1.89696875e-01
2.80556250e-07,1.89703125e-01
2.80596250e-07,1.89696875e-01
2.80636250e-07,1.89701563e-01
2.80676250e-07,1.89698438e-01
2.80716250e-07,1.89701563e-01
2.80756250e-07,1.89698438e-01
2.80796250e-07,1.89700000e-01
2.80836250e-07,1.89700000e-01
2.80876250e-07,1.89700000e-01
2.80916250e-07,1.89700000e-01
2.80956250e-07,1.89700000e-01
2.80996250e-07,1.89700000e-01
2.81036250e-07,1.89698438e-01
2.81076250e-07,1.89701563e-01
2.81116250e-07,1.89698438e-01
2.81156250e-07,1.89701563e-01
2.81196250e-07,1.89696875e-01
2.81236250e-07,1.89703125e-01
2.81276250e-07,1.89696875e-01
2.81316250e-07,1.89703125e-01
2.81356250e-07,1.89695313e-01
2.81396250e-07,1.89704687e-01
2.81436250e-07,1.89693750e-01
2.81476250e-07,1.89707813e-01
2.81516250e-07,1.89690625e-01
2.81556250e-07,1.89710938e-01
2.81596250e-07,1.89685938e-01
2.81636250e-07,1.89718750e-01
2.81676250e-07,1.89671875e-01
2.81716250e-07,1.89753125e-01
2.81756250e-07,1.89493750e-01
2.81796250e-07,1.89243750e-01
2.81836250e-07,1.89331250e-01
2.81876250e-07,1.89278125e-01
2.81916250e-07,1.89317188e-01
2.81956250e-07,1.89284375e-01
2.81996250e-07,1.89312500e-01
2.82036250e-07,1.89287500e-01
2.82076250e-07,1.89310937e-01
2.82116250e-07,1.89289062e-01
2.82156250e-07,1.89310937e-01
2.82196250e-07,1.89287500e-01
2.82236250e-07,1.89312500e-01
2.82276250e-07,1.89284375e-01
2.82316250e-07,1.89320313e-01
2.82356250e-07,1.89271875e-01
2.82396250e-07,1.89353125e-01
2.82436250e-07,1.89095313e-01
2.82476250e-07,1.88842188e-01
2.82516250e-07,1.88934375e-01
2.82556250e-07,1.88873438e-01
2.82596250e-07,1.88923438e-01
2.82636250e-07,1.88879688e-01
2.82676250e-07,1.88920313e-01
2.82716250e-07,1.88878125e-01
2.82756250e-07,1.88923438e-01
2.82796250e-07,1.88871875e-01
2.82836250e-07,1.88937500e-01
2.82876250e-07,1.88837500e-01
2.82916250e-07,1.89115625e-01
2.82956250e-07,1.89346875e-01
2.82996250e-07,1.89278125e-01
2.83036250e-07,1.89312500e-01
2.83076250e-07,1.89292188e-01
2.83116250e-07,1.89303125e-01
2.83156250e-07,1.89298437e-01
2.83196250e-07,1.89298437e-01
2.83236250e-07,1.89304688e-01
2.83276250e-07,1.89292188e-01
2.83316250e-07,1.89310937e-01
2.83356250e-07,1.89282813e-01
2.83396250e-07,1.89326563e-01
2.83436250e-07,1.89248438e-01
2.83476250e-07,1.89504688e-01
2.83516250e-07,1.89756250e-01
2.83556250e-07,1.89667188e-01
2.83596250e-07,1.89723438e-01
2.83636250e-07,1.89682813e-01
2.83676250e-07,1.89714063e-01
2.83716250e-07,1.89687500e-01
2.83756250e-07,1.89710938e-01
2.83796250e-07,1.89690625e-01
2.83836250e-07,1.89707813e-01
2.83876250e-07,1.89692187e-01
2.83916250e-07,1.89706250e-01
2.83956250e-07,1.89693750e-01
2.83996250e-07,1.89704687e-01
2.84036250e-07,1.89695313e-01
2.84076250e-07,1.89704687e-01
2.84116250e-07,1.89696875e-01
2.84156250e-07,1.89703125e-01
2.84196250e-07,1.89696875e-01
2.84236250e-07,1.89703125e-01
2.84276250e-07,1.89698438e-01
2.84316250e-07,1.89701563e-01
2.84356250e-07,1.89698438e-01
2.84396250e-07,1.89700000e-01
2.84436250e-07,1.89700000e-01
2.84476250e-07,1.89700000e-01
2.84516250e-07,1.89701563e-01
2.84556250e-07,1.89698438e-01
2.84596250e-07,1.89703125e-01
2.84636250e-07,1.89696875e-01
2.84676250e-07,1.89704687e-01
2.84716250e-07,1.89693750e-01
2.84756250e-07,1.89709375e-01
2.84796250e-07,1.89687500e-01
2.84836250e-07,1.89717187e-01
2.84876250e-07,1.89673438e-01
2.84916250e-07,1.89751562e-01
2.84956250e-07,1.89495313e-01
2.84996250e-07,1.89242188e-01
2.85036250e-07,1.89332813e-01
2.85076250e-07,1.89276562e-01
2.85116250e-07,1.89318750e-01
2.85156250e-07,1.89284375e-01
2.85196250e-07,1.89314063e-01
2.85236250e-07,1.89287500e-01
2.85276250e-07,1.89310937e-01
2.85316250e-07,1.89290625e-01
2.85356250e-07,1.89309375e-01
2.85396250e-07,1.89292188e-01
2.85436250e-07,1.89307813e-01
2.85476250e-07,1.89292188e-01
2.85516250e-07,1.89307813e-01
2.85556250e-07,1.89293750e-01
2.85596250e-07,1.89306250e-01
2.85636250e-07,1.89293750e-01
2.85676250e-07,1.89306250e-01
2.85716250e-07,1.89293750e-01
2.85756250e-07,1.89306250e-01
2.85796250e-07,1.89295313e-01
2.85836250e-07,1.89304688e-01
2.85876250e-07,1.89295313e-01
2.85916250e-07,1.89304688e-01
2.85956250e-07,1.89295313e-01
2.85996250e-07,1.89304688e-01
2.86036250e-07,1.89295313e-01
2.86076250e-07,1.89304688e-01
2.86116250e-07,1.89295313e-01
2.86156250e-07,1.89304688e-01
2.86196250e-07,1.89295313e-01
2.86236250e-07,1.89304688e-01
2.86276250e-07,1.89296875e-01
2.86316250e-07,1.89303125e-01
2.86356250e-07,1.89296875e-01
2.86396250e-07,1.89303125e-01
2.86436250e-07,1.89296875e-01
2.86476250e-07,1.89303125e-01
2.86516250e-07,1.89296875e-01
2.86556250e-07,1.89303125e-01
2.86596250e-07,1.89296875e-01
2.86636250e-07,1.89303125e-01
2.86676250e-07,1.89296875e-01
2.86716250e-07,1.89303125e-01
2.86756250e-07,1.89296875e-01
2.86796250e-07,1.89303125e-01
2.86836250e-07,1.89296875e-01
2.86876250e-07,1.89303125e-01
2.86916250e-07,1.89296875e-01
2.86956250e-07,1.89303125e-01
2.86996250e-07,1.89296875e-01
2.87036250e-07,1.89303125e-01
2.87076250e-07,1.89296875e-01
2.87116250e-07,1.89303125e-01
2.87156250e-07,1.89296875e-01
2.87196250e-07,1.89303125e-01
2.87236250e-07,1.89296875e-01
2.87276250e-07,1.89303125e-01
2.87316250e-07,1.89298437e-01
2.87356250e-07,1.89301563e-01
2.87396250e-07,1.89298437e-01
2.87436250e-07,1.89301563e-01
2.87476250e-07,1.89298437e-01
2.87516250e-07,1.89301563e-01
2.87556250e-07,1.89298437e-01
2.87596250e-07,1.89301563e-01
2.87636250e-07,1.89298437e-01
2.87676250e-07,1.89301563e-01
2.87716250e-07,1.89298437e-01
2.87756250e-07,1.89301563e-01
2.87796250e-07,1.89298437e-01
2.87836250e-07,1.89301563e-01
2.87876250e-07,1.89298437e-01
2.87916250e-07,1.89301563e-01
2.87956250e-07,1.89298437e-01
2.87996250e-07,1.89301563e-01
2.88036250e-07,1.89298437e-01
2.88076250e-07,1.89301563e-01
2.88116250e-07,1.89298437e-01
2.88156250e-07,1.89301563e-01
2.88196250e-07,1.89298437e-01
2.88236250e-07,1.89301563e-01
2.88276250e-07,1.89298437e-01
2.88316250e-07,1.89301563e-01
2.88356250e-07,1.89298437e-01
2.88396250e-07,1.89301563e-01
2.88436250e-07,1.89298437e-01
2.88476250e-07,1.89301563e-01
2.88516250e-07,1.89298437e-01
2.88556250e-07,1.89301563e-01
2.88596250e-07,1.89298437e-01
2.88636250e-07,1.89301563e-01
2.88676250e-07,1.89298437e-01
2.88716250e-07,1.89301563e-01
2.88756250e-07,1.89298437e-01
2.88796250e-07,1.89301563e-01
2.88836250e-07,1.89300000e-01
2.88876250e-07,1.89300000e-01
2.88916250e-07,1.89300000e-01
2.88956250e-07,1.89300000e-01
2.88996250e-07,1.89300000e-01
2.89036250e-07,1.89300000e-01
2.89076250e-07,1.89300000e-01
2.89116250e-07,1.89300000e-01
2.89156250e-07,1.89300000e-01
2.89196250e-07,1.89300000e-01
2.89236250e-07,1.89300000e-01
2.89276250e-07,1.89300000e-01
2.89316250e-07,1.89300000e-01
2.89356250e-07,1.89300000e-01
2.89396250e-07,1.89300000e-01
2.89436250e-07,1.89300000e-01
2.89476250e-07,1.89300000e-01
2.89516250e-07,1.89300000e-01
2.89556250e-07,1.89301563e-01
2.89596250e-07,1.89298437e-01
2.89636250e-07,1.89301563e-01
2.89676250e-07,1.89298437e-01
2.89716250e-07,1.89301563e-01
2.89756250e-07,1.89298437e-01
2.89796250e-07,1.89303125e-01
2.89836250e-07,1.89296875e-01
2.89876250e-07,1.89303125e-01
2.89916250e-07,1.89296875e-01
2.89956250e-07,1.89304688e-01
2.89996250e-07,1.89295313e-01
2.90036250e-07,1.89306250e-01
2.90076250e-07,1.89292188e-01
2.90116250e-07,1.89309375e-01
2.90156250e-07,1.89287500e-01
2.90196250e-07,1.89318750e-01
2.90236250e-07,1.89271875e-01
2.90276250e-07,1.89353125e-01
2.90316250e-07,1.89093750e-01
2.90356250e-07,1.88843750e-01
2.90396250e-07,1.88932813e-01
2.90436250e-07,1.88876563e-01
2.90476250e-07,1.88918750e-01
2.90516250e-07,1.88884375e-01
2.90556250e-07,1.88912500e-01
2.90596250e-07,1.88887500e-01
2.90636250e-07,1.88910938e-01
2.90676250e-07,1.88890625e-01
2.90716250e-07,1.88909375e-01
2.90756250e-07,1.88892188e-01
2.90796250e-07,1.88907812e-01
2.90836250e-07,1.88892188e-01
2.90876250e-07,1.88907812e-01
2.90916250e-07,1.88892188e-01
2.90956250e-07,1.88906250e-01
2.90996250e-07,1.88893750e-01
2.91036250e-07,1.88906250e-01
2.91076250e-07,1.88893750e-01
2.91116250e-07,1.88906250e-01
2.91156250e-07,1.88893750e-01
2.91196250e-07,1.88906250e-01
2.91236250e-07,1.88893750e-01
2.91276250e-07,1.88906250e-01
2.91316250e-07,1.88893750e-01
2.91356250e-07,1.88906250e-01
2.91396250e-07,1.88893750e-01
2.91436250e-07,1.88906250e-01
2.91476250e-07,1.88893750e-01
2.91516250e-07,1.88906250e-01
2.91556250e-07,1.88893750e-01
2.91596250e-07,1.88906250e-01
2.91636250e-07,1.88893750e-01
2.91676250e-07,1.88907812e-01
2.91716250e-07,1.88892188e-01
2.91756250e-07,1.88907812e-01
2.91796250e-07,1.88892188e-01
2.91836250e-07,1.88907812e-01
2.91876250e-07,1.88890625e-01
2.91916250e-07,1.88909375e-01
2.91956250e-07,1.88889063e-01
2.91996250e-07,1.88910938e-01
2.92036250e-07,1.88887500e-01
2.92076250e-07,1.88915625e-01
2.92116250e-07,1.88881250e-01
2.92156250e-07,1.88923438e-01
2.92196250e-07,1.88867188e-01
2.92236250e-07,1.88957813e-01
2.92276250e-07,1.88689063e-01
2.92316250e-07,1.88448438e-01
2.92356250e-07,1.88528125e-01
2.92396250e-07,1.88481250e-01
2.92436250e-07,1.88514062e-01
2.92476250e-07,1.88489062e-01
2.92516250e-07,1.88507813e-01
2.92556250e-07,1.88493750e-01
2.92596250e-07,1.88506250e-01
2.92636250e-07,1.88495313e-01
2.92676250e-07,1.88504688e-01
2.92716250e-07,1.88496875e-01
2.92756250e-07,1.88503125e-01
2.92796250e-07,1.88496875e-01
2.92836250e-07,1.88501562e-01
2.92876250e-07,1.88498438e-01
2.92916250e-07,1.88501562e-01
2.92956250e-07,1.88498438e-01
2.92996250e-07,1.88501562e-01
2.93036250e-07,1.88498438e-01
2.93076250e-07,1.88500000e-01
2.93116250e-07,1.88500000e-01
2.93156250e-07,1.88500000e-01
2.93196250e-07,1.88500000e-01
2.93236250e-07,1.88500000e-01
2.93276250e-07,1.88500000e-01
2.93316250e-07,1.88500000e-01
2.93356250e-07,1.88500000e-01
2.93396250e-07,1.88498438e-01
2.93436250e-07,1.88501562e-01
2.93476250e-07,1.88498438e-01
2.93516250e-07,1.88501562e-01
2.93556250e-07,1.88498438e-01
2.93596250e-07,1.88503125e-01
2.93636250e-07,1.88496875e-01
2.93676250e-07,1.88503125e-01
2.93716250e-07,1.88495313e-01
2.93756250e-07,1.88504688e-01
2.93796250e-07,1.88493750e-01
2.93836250e-07,1.88507813e-01
2.93876250e-07,1.88490625e-01
2.93916250e-07,1.88512500e-01
2.93956250e-07,1.88482813e-01
2.93996250e-07,1.88526562e-01
2.94036250e-07,1.88448438e-01
2.94076250e-07,1.88704687e-01
2.94116250e-07,1.88957813e-01
2.94156250e-07,1.88865625e-01
2.94196250e-07,1.88925000e-01
2.94236250e-07,1.88879688e-01
2.94276250e-07,1.88917188e-01
2.94316250e-07,1.88884375e-01
2.94356250e-07,1.88914063e-01
2.94396250e-07,1.88887500e-01
2.94436250e-07,1.88912500e-01
2.94476250e-07,1.88887500e-01
2.94516250e-07,1.88912500e-01
2.94556250e-07,1.88887500e-01
2.94596250e-07,1.88912500e-01
2.94636250e-07,1.88887500e-01
2.94676250e-07,1.88914063e-01
2.94716250e-07,1.88885938e-01
2.94756250e-07,1.88915625e-01
2.94796250e-07,1.88882812e-01
2.94836250e-07,1.88920313e-01
2.94876250e-07,1.88875000e-01
2.94916250e-07,1.88934375e-01
2.94956250e-07,1.88840625e-01
2.94996250e-07,1.89112500e-01
2.95036250e-07,1.89350000e-01
2.95076250e-07,1.89275000e-01
2.95116250e-07,1.89315625e-01
2.95156250e-07,1.89289062e-01
2.95196250e-07,1.89307813e-01
2.95236250e-07,1.89293750e-01
2.95276250e-07,1.89304688e-01
2.95316250e-07,1.89296875e-01
2.95356250e-07,1.89303125e-01
2.95396250e-07,1.89298437e-01
2.95436250e-07,1.89301563e-01
2.95476250e-07,1.89298437e-01
2.95516250e-07,1.89300000e-01
2.95556250e-07,1.89300000e-01
2.95596250e-07,1.89300000e-01
2.95636250e-07,1.89301563e-01
2.95676250e-07,1.89298437e-01
2.95716250e-07,1.89301563e-01
2.95756250e-07,1.89298437e-01
2.95796250e-07,1.89303125e-01
2.95836250e-07,1.89296875e-01
2.95876250e-07,1.89303125e-01
2.95916250e-07,1.89295313e-01
2.95956250e-07,1.89304688e-01
2.95996250e-07,1.89293750e-01
2.96036250e-07,1.89306250e-01
2.96076250e-07,1.89292188e-01
2.96116250e-07,1.89309375e-01
2.96156250e-07,1.89287500e-01
2.96196250e-07,1.89315625e-01
2.96236250e-07,1.89279688e-01
2.96276250e-07,1.89329688e-01
2.96316250e-07,1.89245313e-01
2.96356250e-07,1.89507813e-01
2.96396250e-07,1.89753125e-01
2.96436250e-07,1.89670312e-01
2.96476250e-07,1.89720313e-01
2.96516250e-07,1.89685938e-01
2.96556250e-07,1.89710938e-01
2.96596250e-07,1.89690625e-01
2.96636250e-07,1.89707813e-01
2.96676250e-07,1.89695313e-01
2.96716250e-07,1.89704687e-01
2.96756250e-07,1.89696875e-01
2.96796250e-07,1.89701563e-01
2.96836250e-07,1.89701563e-01
2.96876250e-07,1.89696875e-01
2.96916250e-07,1.89706250e-01
2.96956250e-07,1.89687500e-01
2.96996250e-07,1.89721875e-01
2.97036250e-07,1.89653125e-01
2.97076250e-07,1.89900000e-01
2.97116250e-07,1.90162500e-01
2.97156250e-07,1.90060937e-01
2.97196250e-07,1.90129688e-01
2.97236250e-07,1.90075000e-01
2.97276250e-07,1.90121875e-01
2.97316250e-07,1.90079688e-01
2.97356250e-07,1.90118750e-01
2.97396250e-07,1.90081250e-01
2.97436250e-07,1.90118750e-01
2.97476250e-07,1.90082813e-01
2.97516250e-07,1.90118750e-01
2.97556250e-07,1.90081250e-01
2.97596250e-07,1.90120312e-01
2.97636250e-07,1.90078125e-01
2.97676250e-07,1.90125000e-01
2.97716250e-07,1.90070313e-01
2.97756250e-07,1.90139063e-01
2.97796250e-07,1.90035938e-01
2.97836250e-07,1.90317188e-01
2.97876250e-07,1.90545313e-01
2.97916250e-07,1.90478125e-01
2.97956250e-07,1.90512500e-01
2.97996250e-07,1.90492188e-01
2.98036250e-07,1.90504688e-01
2.98076250e-07,1.90498438e-01
2.98116250e-07,1.90500000e-01
2.98156250e-07,1.90501562e-01
2.98196250e-07,1.90496875e-01
2.98236250e-07,1.90504688e-01
2.98276250e-07,1.90493750e-01
2.98316250e-07,1.90507813e-01
2.98356250e-07,1.90489063e-01
2.98396250e-07,1.90514062e-01
2.98436250e-07,1.90481250e-01
2.98476250e-07,1.90528125e-01
2.98516250e-07,1.90446875e-01
2.98556250e-07,1.90706250e-01
2.98596250e-07,1.90956250e-01
2.98636250e-07,1.90868750e-01
2.98676250e-07,1.90921875e-01
2.98716250e-07,1.90882812e-01
2.98756250e-07,1.90914063e-01
2.98796250e-07,1.90887500e-01
2.98836250e-07,1.90910938e-01
2.98876250e-07,1.90890625e-01
2.98916250e-07,1.90909375e-01
2.98956250e-07,1.90890625e-01
2.98996250e-07,1.90907812e-01
2.99036250e-07,1.90892188e-01
2.99076250e-07,1.90907812e-01
2.99116250e-07,1.90892188e-01
2.99156250e-07,1.90907812e-01
2.99196250e-07,1.90892188e-01
2.99236250e-07,1.90907812e-01
2.99276250e-07,1.90890625e-01
2.99316250e-07,1.90909375e-01
2.99356250e-07,1.90889063e-01
2.99396250e-07,1.90912500e-01
2.99436250e-07,1.90884375e-01
2.99476250e-07,1.90920312e-01
2.99516250e-07,1.90870313e-01
2.99556250e-07,1.90954687e-01
2.99596250e-07,1.90693750e-01
2.99636250e-07,1.90443750e-01
2.99676250e-07,1.90532813e-01
2.99716250e-07,1.90475000e-01
2.99756250e-07,1.90520313e-01
2.99796250e-07,1.90481250e-01
2.99836250e-07,1.90518750e-01
2.99876250e-07,1.90479687e-01
2.99916250e-07,1.90523438e-01
2.99956250e-07,1.90468750e-01
2.99996250e-07,1.90554688e-01
3.00036250e-07,1.90293750e-01
3.00076250e-07,1.90043750e-01
3.00116250e-07,1.90135938e-01
3.00156250e-07,1.90071875e-01
3.00196250e-07,1.90128125e-01
3.00236250e-07,1.90065625e-01
3.00276250e-07,1.90157812e-01
3.00316250e-07,1.89892188e-01
3.00356250e-07,1.89643750e-01
3.00396250e-07,1.89734375e-01
3.00436250e-07,1.89671875e-01
3.00476250e-07,1.89729688e-01
3.00516250e-07,1.89664063e-01
3.00556250e-07,1.89757813e-01
3.00596250e-07,1.89490625e-01
3.00636250e-07,1.89245313e-01
3.00676250e-07,1.89334375e-01
3.00716250e-07,1.89271875e-01
3.00756250e-07,1.89328125e-01
3.00796250e-07,1.89265625e-01
3.00836250e-07,1.89356250e-01
3.00876250e-07,1.89093750e-01
3.00916250e-07,1.88842188e-01
3.00956250e-07,1.88935938e-01
3.00996250e-07,1.88868750e-01
3.01036250e-07,1.88931250e-01
3.01076250e-07,1.88862500e-01
3.01116250e-07,1.88960938e-01
3.01156250e-07,1.88687500e-01
3.01196250e-07,1.88450000e-01
3.01236250e-07,1.88526562e-01
3.01276250e-07,1.88481250e-01
3.01316250e-07,1.88514062e-01
3.01356250e-07,1.88489062e-01
3.01396250e-07,1.88509375e-01
3.01436250e-07,1.88492188e-01
3.01476250e-07,1.88507813e-01
3.01516250e-07,1.88493750e-01
3.01556250e-07,1.88506250e-01
3.01596250e-07,1.88493750e-01
3.01636250e-07,1.88506250e-01
3.01676250e-07,1.88493750e-01
3.01716250e-07,1.88506250e-01
3.01756250e-07,1.88495313e-01
3.01796250e-07,1.88504688e-01
3.01836250e-07,1.88495313e-01
3.01876250e-07,1.88504688e-01
3.01916250e-07,1.88495313e-01
3.01956250e-07,1.88504688e-01
3.01996250e-07,1.88493750e-01
3.02036250e-07,1.88506250e-01
3.02076250e-07,1.88493750e-01
3.02116250e-07,1.88506250e-01
3.02156250e-07,1.88493750e-01
3.02196250e-07,1.88506250e-01
3.02236250e-07,1.88493750e-01
3.02276250e-07,1.88506250e-01
3.02316250e-07,1.88492188e-01
3.02356250e-07,1.88507813e-01
3.02396250e-07,1.88492188e-01
3.02436250e-07,1.88509375e-01
3.02476250e-07,1.88490625e-01
3.02516250e-07,1.88510938e-01
3.02556250e-07,1.88489062e-01
3.02596250e-07,1.88512500e-01
3.02636250e-07,1.88485938e-01
3.02676250e-07,1.88515625e-01
3.02716250e-07,1.88479687e-01
3.02756250e-07,1.88525000e-01
3.02796250e-07,1.88465625e-01
3.02836250e-07,1.88559375e-01
3.02876250e-07,1.88285938e-01
3.02916250e-07,1.88051563e-01
3.02956250e-07,1.88123438e-01
3.02996250e-07,1.88085937e-01
3.03036250e-07,1.88107812e-01
3.03076250e-07,1.88095313e-01
3.03116250e-07,1.88101563e-01
3.03156250e-07,1.88101563e-01
3.03196250e-07,1.88096875e-01
3.03236250e-07,1.88106250e-01
3.03276250e-07,1.88089063e-01
3.03316250e-07,1.88117188e-01
3.03356250e-07,1.88073437e-01
3.03396250e-07,1.88153125e-01
3.03436250e-07,1.87893750e-01
3.03476250e-07,1.87645312e-01
3.03516250e-07,1.87731250e-01
3.03556250e-07,1.87679687e-01
3.03596250e-07,1.87714063e-01
3.03636250e-07,1.87690625e-01
3.03676250e-07,1.87706250e-01
3.03716250e-07,1.87696875e-01
3.03756250e-07,1.87698438e-01
3.03796250e-07,1.87707813e-01
3.03836250e-07,1.87682813e-01
3.03876250e-07,1.87743750e-01
3.03916250e-07,1.87503125e-01
3.03956250e-07,1.87234375e-01
3.03996250e-07,1.87340625e-01
3.04036250e-07,1.87268750e-01
3.04076250e-07,1.87326563e-01
3.04116250e-07,1.87276563e-01
3.04156250e-07,1.87320313e-01
3.04196250e-07,1.87281250e-01
3.04236250e-07,1.87318750e-01
3.04276250e-07,1.87282813e-01
3.04316250e-07,1.87317188e-01
3.04356250e-07,1.87282813e-01
3.04396250e-07,1.87317188e-01
3.04436250e-07,1.87282813e-01
3.04476250e-07,1.87317188e-01
3.04516250e-07,1.87281250e-01
3.04556250e-07,1.87318750e-01
3.04596250e-07,1.87279688e-01
3.04636250e-07,1.87323437e-01
3.04676250e-07,1.87271875e-01
3.04716250e-07,1.87337500e-01
3.04756250e-07,1.87237500e-01
3.04796250e-07,1.87514062e-01
3.04836250e-07,1.87748438e-01
3.04876250e-07,1.87675000e-01
3.04916250e-07,1.87715625e-01
3.04956250e-07,1.87689063e-01
3.04996250e-07,1.87707813e-01
3.05036250e-07,1.87693750e-01
3.05076250e-07,1.87706250e-01
3.05116250e-07,1.87695313e-01
3.05156250e-07,1.87704687e-01
3.05196250e-07,1.87693750e-01
3.05236250e-07,1.87706250e-01
3.05276250e-07,1.87692187e-01
3.05316250e-07,1.87710938e-01
3.05356250e-07,1.87684375e-01
3.05396250e-07,1.87725000e-01
3.05436250e-07,1.87650000e-01
3.05476250e-07,1.87901563e-01
3.05516250e-07,1.88160938e-01
3.05556250e-07,1.88062500e-01
3.05596250e-07,1.88128125e-01
3.05636250e-07,1.88076563e-01
3.05676250e-07,1.88120312e-01
3.05716250e-07,1.88081250e-01
3.05756250e-07,1.88117188e-01
3.05796250e-07,1.88082813e-01
3.05836250e-07,1.88117188e-01
3.05876250e-07,1.88084375e-01
3.05916250e-07,1.88115625e-01
3.05956250e-07,1.88084375e-01
3.05996250e-07,1.88117188e-01
3.06036250e-07,1.88082813e-01
3.06076250e-07,1.88117188e-01
3.06116250e-07,1.88081250e-01
3.06156250e-07,1.88118750e-01
3.06196250e-07,1.88079688e-01
3.06236250e-07,1.88121875e-01
3.06276250e-07,1.88075000e-01
3.06316250e-07,1.88128125e-01
3.06356250e-07,1.88067188e-01
3.06396250e-07,1.88143750e-01
3.06436250e-07,1.88031250e-01
3.06476250e-07,1.88321875e-01
3.06516250e-07,1.88539063e-01
3.06556250e-07,1.88485938e-01
3.06596250e-07,1.88503125e-01
3.06636250e-07,1.88503125e-01
3.06676250e-07,1.88490625e-01
3.06716250e-07,1.88514062e-01
3.06756250e-07,1.88478125e-01
3.06796250e-07,1.88532813e-01
3.06836250e-07,1.88440625e-01
3.06876250e-07,1.88714063e-01
3.06916250e-07,1.88946875e-01
3.06956250e-07,1.88879688e-01
3.06996250e-07,1.88907812e-01
3.07036250e-07,1.88900000e-01
3.07076250e-07,1.88890625e-01
3.07116250e-07,1.88921875e-01
3.07156250e-07,1.88851563e-01
3.07196250e-07,1.89103125e-01
3.07236250e-07,1.89356250e-01
3.07276250e-07,1.89268750e-01
3.07316250e-07,1.89318750e-01
3.07356250e-07,1.89289062e-01
3.07396250e-07,1.89303125e-01
3.07436250e-07,1.89309375e-01
3.07476250e-07,1.89264062e-01
3.07516250e-07,1.89489062e-01
3.07556250e-07,1.89773438e-01
3.07596250e-07,1.89650000e-01
3.07636250e-07,1.89740625e-01
3.07676250e-07,1.89662500e-01
3.07716250e-07,1.89735938e-01
3.07756250e-07,1.89660938e-01
3.07796250e-07,1.89746875e-01
3.07836250e-07,1.89629688e-01
3.07876250e-07,1.89921875e-01
3.07916250e-07,1.90140625e-01
3.07956250e-07,1.90081250e-01
3.07996250e-07,1.90109375e-01
3.08036250e-07,1.90095313e-01
3.08076250e-07,1.90103125e-01
3.08116250e-07,1.90100000e-01
3.08156250e-07,1.90100000e-01
3.08196250e-07,1.90101563e-01
3.08236250e-07,1.90098437e-01
3.08276250e-07,1.90101563e-01
3.08316250e-07,1.90096875e-01
3.08356250e-07,1.90103125e-01
3.08396250e-07,1.90096875e-01
3.08436250e-07,1.90103125e-01
3.08476250e-07,1.90096875e-01
3.08516250e-07,1.90103125e-01
3.08556250e-07,1.90095313e-01
3.08596250e-07,1.90104688e-01
3.08636250e-07,1.90095313e-01
3.08676250e-07,1.90104688e-01
3.08716250e-07,1.90095313e-01
3.08756250e-07,1.90106250e-01
3.08796250e-07,1.90093750e-01
3.08836250e-07,1.90106250e-01
3.08876250e-07,1.90092188e-01
3.08916250e-07,1.90107813e-01
3.08956250e-07,1.90090625e-01
3.08996250e-07,1.90110938e-01
3.09036250e-07,1.90087500e-01
3.09076250e-07,1.90115625e-01
3.09116250e-07,1.90078125e-01
3.09156250e-07,1.90131250e-01
3.09196250e-07,1.90043750e-01
3.09236250e-07,1.90309375e-01
3.09276250e-07,1.90553125e-01
3.09316250e-07,1.90470313e-01
3.09356250e-07,1.90520313e-01
3.09396250e-07,1.90484375e-01
3.09436250e-07,1.90510938e-01
3.09476250e-07,1.90490625e-01
3.09516250e-07,1.90507813e-01
3.09556250e-07,1.90493750e-01
3.09596250e-07,1.90506250e-01
3.09636250e-07,1.90495313e-01
3.09676250e-07,1.90503125e-01
3.09716250e-07,1.90496875e-01
3.09756250e-07,1.90501562e-01
3.09796250e-07,1.90500000e-01
3.09836250e-07,1.90500000e-01
3.09876250e-07,1.90501562e-01
3.09916250e-07,1.90495313e-01
3.09956250e-07,1.90507813e-01
3.09996250e-07,1.90487500e-01
3.10036250e-07,1.90521875e-01
3.10076250e-07,1.90453125e-01
3.10116250e-07,1.90700000e-01
3.10156250e-07,1.90962500e-01
3.10196250e-07,1.90860937e-01
3.10236250e-07,1.90929688e-01
3.10276250e-07,1.90875000e-01
3.10316250e-07,1.90923438e-01
3.10356250e-07,1.90878125e-01
3.10396250e-07,1.90920312e-01
3.10436250e-07,1.90879688e-01
3.10476250e-07,1.90920312e-01
3.10516250e-07,1.90878125e-01
3.10556250e-07,1.90921875e-01
3.10596250e-07,1.90875000e-01
3.10636250e-07,1.90929688e-01
3.10676250e-07,1.90860937e-01
3.10716250e-07,1.90964063e-01
3.10756250e-07,1.90684375e-01
3.10796250e-07,1.90453125e-01
3.10836250e-07,1.90523438e-01
3.10876250e-07,1.90485938e-01
3.10916250e-07,1.90510938e-01
3.10956250e-07,1.90490625e-01
3.10996250e-07,1.90507813e-01
3.11036250e-07,1.90490625e-01
3.11076250e-07,1.90512500e-01
3.11116250e-07,1.90479687e-01
3.11156250e-07,1.90543750e-01
3.11196250e-07,1.90304688e-01
3.11236250e-07,1.90029688e-01
3.11276250e-07,1.90148438e-01
3.11316250e-07,1.90056250e-01
3.11356250e-07,1.90143750e-01
3.11396250e-07,1.90048438e-01
3.11436250e-07,1.90175000e-01
3.11476250e-07,1.89871875e-01
3.11516250e-07,1.89667188e-01
3.11556250e-07,1.89709375e-01
3.11596250e-07,1.89701563e-01
3.11636250e-07,1.89690625e-01
3.11676250e-07,1.89718750e-01
3.11716250e-07,1.89670312e-01
3.11756250e-07,1.89756250e-01
3.11796250e-07,1.89489062e-01
3.11836250e-07,1.89250000e-01
3.11876250e-07,1.89325000e-01
3.11916250e-07,1.89284375e-01
3.11956250e-07,1.89309375e-01
3.11996250e-07,1.89295313e-01
3.12036250e-07,1.89300000e-01
3.12076250e-07,1.89303125e-01
3.12116250e-07,1.89292188e-01
3.12156250e-07,1.89314063e-01
3.12196250e-07,1.89275000e-01
3.12236250e-07,1.89350000e-01
3.12276250e-07,1.89096875e-01
3.12316250e-07,1.88842188e-01
3.12356250e-07,1.88934375e-01
3.12396250e-07,1.88876563e-01
3.12436250e-07,1.88918750e-01
3.12476250e-07,1.88884375e-01
3.12516250e-07,1.88912500e-01
3.12556250e-07,1.88889063e-01
3.12596250e-07,1.88909375e-01
3.12636250e-07,1.88890625e-01
3.12676250e-07,1.88907812e-01
3.12716250e-07,1.88892188e-01
3.12756250e-07,1.88906250e-01
3.12796250e-07,1.88893750e-01
3.12836250e-07,1.88904688e-01
3.12876250e-07,1.88895312e-01
3.12916250e-07,1.88904688e-01
3.12956250e-07,1.88895312e-01
3.12996250e-07,1.88903125e-01
3.13036250e-07,1.88896875e-01
3.13076250e-07,1.88903125e-01
3.13116250e-07,1.88896875e-01
3.13156250e-07,1.88903125e-01
3.13196250e-07,1.88898438e-01
3.13236250e-07,1.88901563e-01
3.13276250e-07,1.88898438e-01
3.13316250e-07,1.88901563e-01
3.13356250e-07,1.88898438e-01
3.13396250e-07,1.88901563e-01
3.13436250e-07,1.88898438e-01
3.13476250e-07,1.88900000e-01
3.13516250e-07,1.88900000e-01
3.13556250e-07,1.88900000e-01
3.13596250e-07,1.88900000e-01
3.13636250e-07,1.88900000e-01
3.13676250e-07,1.88900000e-01
3.13716250e-07,1.88898438e-01
3.13756250e-07,1.88901563e-01
3.13796250e-07,1.88898438e-01
3.13836250e-07,1.88901563e-01
3.13876250e-07,1.88898438e-01
3.13916250e-07,1.88903125e-01
3.13956250e-07,1.88896875e-01
3.13996250e-07,1.88903125e-01
3.14036250e-07,1.88895312e-01
3.14076250e-07,1.88904688e-01
3.14116250e-07,1.88893750e-01
3.14156250e-07,1.88906250e-01
3.14196250e-07,1.88892188e-01
3.14236250e-07,1.88909375e-01
3.14276250e-07,1.88889063e-01
3.14316250e-07,1.88915625e-01
3.14356250e-07,1.88879688e-01
3.14396250e-07,1.88929687e-01
3.14436250e-07,1.88845313e-01
3.14476250e-07,1.89107812e-01
3.14516250e-07,1.89353125e-01
3.14556250e-07,1.89270313e-01
3.14596250e-07,1.89320313e-01
3.14636250e-07,1.89284375e-01
3.14676250e-07,1.89310937e-01
3.14716250e-07,1.89290625e-01
3.14756250e-07,1.89307813e-01
3.14796250e-07,1.89295313e-01
3.14836250e-07,1.89304688e-01
3.14876250e-07,1.89296875e-01
3.14916250e-07,1.89301563e-01
3.14956250e-07,1.89301563e-01
3.14996250e-07,1.89296875e-01
3.15036250e-07,1.89306250e-01
3.15076250e-07,1.89287500e-01
3.15116250e-07,1.89321875e-01
3.15156250e-07,1.89253125e-01
3.15196250e-07,1.89500000e-01
3.15236250e-07,1.89762500e-01
3.15276250e-07,1.89662500e-01
3.15316250e-07,1.89728125e-01
3.15356250e-07,1.89676563e-01
3.15396250e-07,1.89721875e-01
3.15436250e-07,1.89681250e-01
3.15476250e-07,1.89717187e-01
3.15516250e-07,1.89682813e-01
3.15556250e-07,1.89717187e-01
3.15596250e-07,1.89684375e-01
3.15636250e-07,1.89715625e-01
3.15676250e-07,1.89682813e-01
3.15716250e-07,1.89717187e-01
3.15756250e-07,1.89682813e-01
3.15796250e-07,1.89718750e-01
3.15836250e-07,1.89679687e-01
3.15876250e-07,1.89723438e-01
3.15916250e-07,1.89671875e-01
3.15956250e-07,1.89737500e-01
3.15996250e-07,1.89637500e-01
3.16036250e-07,1.89915625e-01
3.16076250e-07,1.90146875e-01
3.16116250e-07,1.90078125e-01
3.16156250e-07,1.90112500e-01
3.16196250e-07,1.90092188e-01
3.16236250e-07,1.90104688e-01
3.16276250e-07,1.90098437e-01
3.16316250e-07,1.90100000e-01
3.16356250e-07,1.90101563e-01
3.16396250e-07,1.90096875e-01
3.16436250e-07,1.90104688e-01
3.16476250e-07,1.90093750e-01
3.16516250e-07,1.90109375e-01
3.16556250e-07,1.90087500e-01
3.16596250e-07,1.90117188e-01
3.16636250e-07,1.90073437e-01
3.16676250e-07,1.90151563e-01
3.16716250e-07,1.89895312e-01
3.16756250e-07,1.89643750e-01
3.16796250e-07,1.89732813e-01
3.16836250e-07,1.89676563e-01
3.16876250e-07,1.89718750e-01
3.16916250e-07,1.89684375e-01
3.16956250e-07,1.89714063e-01
3.16996250e-07,1.89687500e-01
3.17036250e-07,1.89710938e-01
3.17076250e-07,1.89689063e-01
3.17116250e-07,1.89710938e-01
3.17156250e-07,1.89690625e-01
3.17196250e-07,1.89709375e-01
3.17236250e-07,1.89690625e-01
3.17276250e-07,1.89709375e-01
3.17316250e-07,1.89690625e-01
3.17356250e-07,1.89710938e-01
3.17396250e-07,1.89689063e-01
3.17436250e-07,1.89710938e-01
3.17476250e-07,1.89687500e-01
3.17516250e-07,1.89712500e-01
3.17556250e-07,1.89685938e-01
3.17596250e-07,1.89717187e-01
3.17636250e-07,1.89681250e-01
3.17676250e-07,1.89725000e-01
3.17716250e-07,1.89665625e-01
3.17756250e-07,1.89759375e-01
3.17796250e-07,1.89487500e-01
3.17836250e-07,1.89250000e-01
3.17876250e-07,1.89326563e-01
3.17916250e-07,1.89284375e-01
3.17956250e-07,1.89310937e-01
3.17996250e-07,1.89292188e-01
3.18036250e-07,1.89306250e-01
3.18076250e-07,1.89296875e-01
3.18116250e-07,1.89301563e-01
3.18156250e-07,1.89300000e-01
3.18196250e-07,1.89298437e-01
3.18236250e-07,1.89303125e-01
3.18276250e-07,1.89295313e-01
3.18316250e-07,1.89306250e-01
3.18356250e-07,1.89290625e-01
3.18396250e-07,1.89315625e-01
3.18436250e-07,1.89275000e-01
3.18476250e-07,1.89350000e-01
3.18516250e-07,1.89096875e-01
3.18556250e-07,1.88840625e-01
3.18596250e-07,1.88934375e-01
3.18636250e-07,1.88875000e-01
3.18676250e-07,1.88920313e-01
3.18716250e-07,1.88882812e-01
3.18756250e-07,1.88915625e-01
3.18796250e-07,1.88885938e-01
3.18836250e-07,1.88912500e-01
3.18876250e-07,1.88887500e-01
3.18916250e-07,1.88910938e-01
3.18956250e-07,1.88889063e-01
3.18996250e-07,1.88910938e-01
3.19036250e-07,1.88889063e-01
3.19076250e-07,1.88910938e-01
3.19116250e-07,1.88889063e-01
3.19156250e-07,1.88910938e-01
3.19196250e-07,1.88889063e-01
3.19236250e-07,1.88910938e-01
3.19276250e-07,1.88889063e-01
3.19316250e-07,1.88912500e-01
3.19356250e-07,1.88887500e-01
3.19396250e-07,1.88914063e-01
3.19436250e-07,1.88884375e-01
3.19476250e-07,1.88918750e-01
3.19516250e-07,1.88875000e-01
3.19556250e-07,1.88934375e-01
3.19596250e-07,1.88842188e-01
3.19636250e-07,1.89110938e-01
3.19676250e-07,1.89351563e-01
3.19716250e-07,1.89273438e-01
3.19756250e-07,1.89317188e-01
3.19796250e-07,1.89287500e-01
3.19836250e-07,1.89309375e-01
3.19876250e-07,1.89292188e-01
3.19916250e-07,1.89306250e-01
3.19956250e-07,1.89295313e-01
3.19996250e-07,1.89304688e-01
3.20036250e-07,1.89295313e-01
3.20076250e-07,1.89303125e-01
3.20116250e-07,1.89296875e-01
3.20156250e-07,1.89303125e-01
3.20196250e-07,1.89296875e-01
3.20236250e-07,1.89301563e-01
3.20276250e-07,1.89298437e-01
3.20316250e-07,1.89301563e-01
3.20356250e-07,1.89298437e-01
3.20396250e-07,1.89301563e-01
3.20436250e-07,1.89298437e-01
3.20476250e-07,1.89301563e-01
3.20516250e-07,1.89298437e-01
3.20556250e-07,1.89301563e-01
3.20596250e-07,1.89298437e-01
3.20636250e-07,1.89300000e-01
3.20676250e-07,1.89300000e-01
3.20716250e-07,1.89300000e-01
3.20756250e-07,1.89300000e-01
3.20796250e-07,1.89300000e-01
3.20836250e-07,1.89300000e-01
3.20876250e-07,1.89300000e-01
3.20916250e-07,1.89300000e-01
3.20956250e-07,1.89300000e-01
3.20996250e-07,1.89300000e-01
3.21036250e-07,1.89300000e-01
3.21076250e-07,1.89300000e-01
3.21116250e-07,1.89300000e-01
3.21156250e-07,1.89300000e-01
3.21196250e-07,1.89300000e-01
3.21236250e-07,1.89300000e-01
3.21276250e-07,1.89298437e-01
3.21316250e-07,1.89301563e-01
3.21356250e-07,1.89298437e-01
3.21396250e-07,1.89301563e-01
3.21436250e-07,1.89298437e-01
3.21476250e-07,1.89301563e-01
3.21516250e-07,1.89296875e-01
3.21556250e-07,1.89303125e-01
3.21596250e-07,1.89295313e-01
3.21636250e-07,1.89304688e-01
3.21676250e-07,1.89293750e-01
3.21716250e-07,1.89307813e-01
3.21756250e-07,1.89289062e-01
3.21796250e-07,1.89315625e-01
3.21836250e-07,1.89275000e-01
3.21876250e-07,1.89350000e-01
3.21916250e-07,1.89096875e-01
3.21956250e-07,1.88840625e-01
3.21996250e-07,1.88935938e-01
3.22036250e-07,1.88871875e-01
3.22076250e-07,1.88923438e-01
3.22116250e-07,1.88879688e-01
3.22156250e-07,1.88918750e-01
3.22196250e-07,1.88881250e-01
3.22236250e-07,1.88918750e-01
3.22276250e-07,1.88879688e-01
3.22316250e-07,1.88921875e-01
3.22356250e-07,1.88876563e-01
3.22396250e-07,1.88928125e-01
3.22436250e-07,1.88860938e-01
3.22476250e-07,1.88962500e-01
3.22516250e-07,1.88684375e-01
3.22556250e-07,1.88453125e-01
3.22596250e-07,1.88521875e-01
3.22636250e-07,1.88487500e-01
3.22676250e-07,1.88507813e-01
3.22716250e-07,1.88496875e-01
3.22756250e-07,1.88501562e-01
3.22796250e-07,1.88501562e-01
3.22836250e-07,1.88496875e-01
3.22876250e-07,1.88506250e-01
3.22916250e-07,1.88490625e-01
3.22956250e-07,1.88515625e-01
3.22996250e-07,1.88475000e-01
3.23036250e-07,1.88550000e-01
3.23076250e-07,1.88296875e-01
3.23116250e-07,1.88040625e-01
3.23156250e-07,1.88135938e-01
3.23196250e-07,1.88073437e-01
3.23236250e-07,1.88121875e-01
3.23276250e-07,1.88079688e-01
3.23316250e-07,1.88118750e-01
3.23356250e-07,1.88081250e-01
3.23396250e-07,1.88120312e-01
3.23436250e-07,1.88075000e-01
3.23476250e-07,1.88132812e-01
3.23516250e-07,1.88043750e-01
3.23556250e-07,1.88309375e-01
3.23596250e-07,1.88554688e-01
3.23636250e-07,1.88468750e-01
3.23676250e-07,1.88523438e-01
3.23716250e-07,1.88479687e-01
3.23756250e-07,1.88518750e-01
3.23796250e-07,1.88481250e-01
3.23836250e-07,1.88521875e-01
3.23876250e-07,1.88473438e-01
3.23916250e-07,1.88534375e-01
3.23956250e-07,1.88440625e-01
3.23996250e-07,1.88712500e-01
3.24036250e-07,1.88948438e-01
3.24076250e-07,1.88876563e-01
3.24116250e-07,1.88912500e-01
3.24156250e-07,1.88893750e-01
3.24196250e-07,1.88898438e-01
3.24236250e-07,1.88912500e-01
3.24276250e-07,1.88862500e-01
3.24316250e-07,1.89090625e-01
3.24356250e-07,1.89373438e-01
3.24396250e-07,1.89250000e-01
3.24436250e-07,1.89343750e-01
3.24476250e-07,1.89256250e-01
3.24516250e-07,1.89350000e-01
3.24556250e-07,1.89226563e-01
3.24596250e-07,1.89525000e-01
3.24636250e-07,1.89739062e-01
3.24676250e-07,1.89684375e-01
3.24716250e-07,1.89706250e-01
3.24756250e-07,1.89698438e-01
3.24796250e-07,1.89698438e-01
3.24836250e-07,1.89704687e-01
3.24876250e-07,1.89693750e-01
3.24916250e-07,1.89707813e-01
3.24956250e-07,1.89689063e-01
3.24996250e-07,1.89714063e-01
3.25036250e-07,1.89679687e-01
3.25076250e-07,1.89729688e-01
3.25116250e-07,1.89645312e-01
3.25156250e-07,1.89907812e-01
3.25196250e-07,1.90154688e-01
3.25236250e-07,1.90070313e-01
3.25276250e-07,1.90120312e-01
3.25316250e-07,1.90084375e-01
3.25356250e-07,1.90112500e-01
3.25396250e-07,1.90089063e-01
3.25436250e-07,1.90109375e-01
3.25476250e-07,1.90092188e-01
3.25516250e-07,1.90107813e-01
3.25556250e-07,1.90093750e-01
3.25596250e-07,1.90106250e-01
3.25636250e-07,1.90095313e-01
3.25676250e-07,1.90104688e-01
3.25716250e-07,1.90095313e-01
3.25756250e-07,1.90104688e-01
3.25796250e-07,1.90095313e-01
3.25836250e-07,1.90104688e-01
3.25876250e-07,1.90096875e-01
3.25916250e-07,1.90103125e-01
3.25956250e-07,1.90096875e-01
3.25996250e-07,1.90103125e-01
3.26036250e-07,1.90096875e-01
3.26076250e-07,1.90103125e-01
3.26116250e-07,1.90096875e-01
3.26156250e-07,1.90103125e-01
3.26196250e-07,1.90096875e-01
3.26236250e-07,1.90103125e-01
3.26276250e-07,1.90096875e-01
3.26316250e-07,1.90103125e-01
3.26356250e-07,1.90096875e-01
3.26396250e-07,1.90103125e-01
3.26436250e-07,1.90096875e-01
3.26476250e-07,1.90103125e-01
3.26516250e-07,1.90096875e-01
3.26556250e-07,1.90103125e-01
3.26596250e-07,1.90096875e-01
3.26636250e-07,1.90103125e-01
3.26676250e-07,1.90096875e-01
3.26716250e-07,1.90103125e-01
3.26756250e-07,1.90096875e-01
3.26796250e-07,1.90103125e-01
3.26836250e-07,1.90096875e-01
3.26876250e-07,1.90103125e-01
3.26916250e-07,1.90096875e-01
3.26956250e-07,1.90103125e-01
3.26996250e-07,1.90096875e-01
3.27036250e-07,1.90103125e-01
3.27076250e-07,1.90096875e-01
3.27116250e-07,1.90103125e-01
3.27156250e-07,1.90096875e-01
3.27196250e-07,1.90103125e-01
3.27236250e-07,1.90096875e-01
3.27276250e-07,1.90103125e-01
3.27316250e-07,1.90096875e-01
3.27356250e-07,1.90103125e-01
3.27396250e-07,1.90096875e-01
3.27436250e-07,1.90103125e-01
3.27476250e-07,1.90096875e-01
3.27516250e-07,1.90103125e-01
3.27556250e-07,1.90096875e-01
3.27596250e-07,1.90103125e-01
3.27636250e-07,1.90096875e-01
3.27676250e-07,1.90103125e-01
3.27716250e-07,1.90096875e-01
3.27756250e-07,1.90103125e-01
3.27796250e-07,1.90096875e-01
3.27836250e-07,1.90103125e-01
3.27876250e-07,1.90096875e-01
3.27916250e-07,1.90103125e-01
3.27956250e-07,1.90096875e-01
3.27996250e-07,1.90103125e-01
3.28036250e-07,1.90096875e-01
3.28076250e-07,1.90103125e-01
3.28116250e-07,1.90096875e-01
3.28156250e-07,1.90103125e-01
3.28196250e-07,1.90096875e-01
3.28236250e-07,1.90103125e-01
3.28276250e-07,1.90096875e-01
3.28316250e-07,1.90103125e-01
3.28356250e-07,1.90096875e-01
3.28396250e-07,1.90103125e-01
3.28436250e-07,1.90096875e-01
3.28476250e-07,1.90103125e-01
3.28516250e-07,1.90095313e-01
3.28556250e-07,1.90104688e-01
3.28596250e-07,1.90095313e-01
3.28636250e-07,1.90104688e-01
3.28676250e-07,1.90095313e-01
3.28716250e-07,1.90104688e-01
3.28756250e-07,1.90095313e-01
3.28796250e-07,1.90104688e-01
3.28836250e-07,1.90095313e-01
3.28876250e-07,1.90104688e-01
3.28916250e-07,1.90093750e-01
3.28956250e-07,1.90106250e-01
3.28996250e-07,1.90093750e-01
3.29036250e-07,1.90106250e-01
3.29076250e-07,1.90092188e-01
3.29116250e-07,1.90107813e-01
3.29156250e-07,1.90092188e-01
3.29196250e-07,1.90109375e-01
3.29236250e-07,1.90090625e-01
3.29276250e-07,1.90110938e-01
3.29316250e-07,1.90087500e-01
3.29356250e-07,1.90115625e-01
3.29396250e-07,1.90081250e-01
3.29436250e-07,1.90123438e-01
3.29476250e-07,1.90067188e-01
3.29516250e-07,1.90157812e-01
3.29556250e-07,1.89889063e-01
3.29596250e-07,1.89650000e-01
3.29636250e-07,1.89726563e-01
3.29676250e-07,1.89682813e-01
3.29716250e-07,1.89710938e-01
3.29756250e-07,1.89692187e-01
3.29796250e-07,1.89704687e-01
3.29836250e-07,1.89696875e-01
3.29876250e-07,1.89700000e-01
3.29916250e-07,1.89703125e-01
3.29956250e-07,1.89693750e-01
3.29996250e-07,1.89710938e-01
3.30036250e-07,1.89679687e-01
3.30076250e-07,1.89745313e-01
3.30116250e-07,1.89501562e-01
3.30156250e-07,1.89235938e-01
3.30196250e-07,1.89340625e-01
3.30236250e-07,1.89268750e-01
3.30276250e-07,1.89328125e-01
3.30316250e-07,1.89273438e-01
3.30356250e-07,1.89326563e-01
3.30396250e-07,1.89271875e-01
3.30436250e-07,1.89332813e-01
3.30476250e-07,1.89259375e-01
3.30516250e-07,1.89365625e-01
3.30556250e-07,1.89081250e-01
3.30596250e-07,1.88856250e-01
3.30636250e-07,1.88920313e-01
3.30676250e-07,1.88890625e-01
3.30716250e-07,1.88904688e-01
3.30756250e-07,1.88900000e-01
3.30796250e-07,1.88895312e-01
3.30836250e-07,1.88910938e-01
3.30876250e-07,1.88878125e-01
3.30916250e-07,1.88946875e-01
3.30956250e-07,1.88700000e-01
3.30996250e-07,1.88437500e-01
3.31036250e-07,1.88537500e-01
3.31076250e-07,1.88470313e-01
3.31116250e-07,1.88525000e-01
3.31156250e-07,1.88478125e-01
3.31196250e-07,1.88520313e-01
3.31236250e-07,1.88479687e-01
3.31276250e-07,1.88520313e-01
3.31316250e-07,1.88479687e-01
3.31356250e-07,1.88521875e-01
3.31396250e-07,1.88476562e-01
3.31436250e-07,1.88528125e-01
3.31476250e-07,1.88462500e-01
3.31516250e-07,1.88562500e-01
3.31556250e-07,1.88284375e-01
3.31596250e-07,1.88053125e-01
3.31636250e-07,1.88123438e-01
3.31676250e-07,1.88085937e-01
3.31716250e-07,1.88109375e-01
3.31756250e-07,1.88093750e-01
3.31796250e-07,1.88104688e-01
3.31836250e-07,1.88096875e-01
3.31876250e-07,1.88101563e-01
3.31916250e-07,1.88098437e-01
3.31956250e-07,1.88100000e-01
3.31996250e-07,1.88100000e-01
3.32036250e-07,1.88100000e-01
3.32076250e-07,1.88101563e-01
3.32116250e-07,1.88098437e-01
3.32156250e-07,1.88101563e-01
3.32196250e-07,1.88098437e-01
3.32236250e-07,1.88101563e-01
3.32276250e-07,1.88098437e-01
3.32316250e-07,1.88103125e-01
3.32356250e-07,1.88096875e-01
3.32396250e-07,1.88103125e-01
3.32436250e-07,1.88096875e-01
3.32476250e-07,1.88103125e-01
3.32516250e-07,1.88096875e-01
3.32556250e-07,1.88103125e-01
3.32596250e-07,1.88095313e-01
3.32636250e-07,1.88104688e-01
3.32676250e-07,1.88095313e-01
3.32716250e-07,1.88104688e-01
3.32756250e-07,1.88095313e-01
3.32796250e-07,1.88106250e-01
3.32836250e-07,1.88093750e-01
3.32876250e-07,1.88106250e-01
3.32916250e-07,1.88093750e-01
3.32956250e-07,1.88106250e-01
3.32996250e-07,1.88092188e-01
3.33036250e-07,1.88107812e-01
3.33076250e-07,1.88092188e-01
3.33116250e-07,1.88109375e-01
3.33156250e-07,1.88090625e-01
3.33196250e-07,1.88110938e-01
3.33236250e-07,1.88087500e-01
3.33276250e-07,1.88114063e-01
3.33316250e-07,1.88084375e-01
3.33356250e-07,1.88118750e-01
3.33396250e-07,1.88075000e-01
3.33436250e-07,1.88134375e-01
3.33476250e-07,1.88040625e-01
3.33516250e-07,1.88312500e-01
3.33556250e-07,1.88548437e-01
3.33596250e-07,1.88475000e-01
3.33636250e-07,1.88515625e-01
3.33676250e-07,1.88489062e-01
3.33716250e-07,1.88506250e-01
3.33756250e-07,1.88495313e-01
3.33796250e-07,1.88503125e-01
3.33836250e-07,1.88498438e-01
3.33876250e-07,1.88500000e-01
3.33916250e-07,1.88501562e-01
3.33956250e-07,1.88498438e-01
3.33996250e-07,1.88503125e-01
3.34036250e-07,1.88495313e-01
3.34076250e-07,1.88504688e-01
3.34116250e-07,1.88493750e-01
3.34156250e-07,1.88507813e-01
3.34196250e-07,1.88490625e-01
3.34236250e-07,1.88510938e-01
3.34276250e-07,1.88485938e-01
3.34316250e-07,1.88517188e-01
3.34356250e-07,1.88478125e-01
3.34396250e-07,1.88532813e-01
3.34436250e-07,1.88442187e-01
3.34476250e-07,1.88710938e-01
3.34516250e-07,1.88950000e-01
3.34556250e-07,1.88873438e-01
3.34596250e-07,1.88915625e-01
3.34636250e-07,1.88889063e-01
3.34676250e-07,1.88907812e-01
3.34716250e-07,1.88895312e-01
3.34756250e-07,1.88903125e-01
3.34796250e-07,1.88900000e-01
3.34836250e-07,1.88898438e-01
3.34876250e-07,1.88903125e-01
3.34916250e-07,1.88895312e-01
3.34956250e-07,1.88907812e-01
3.34996250e-07,1.88889063e-01
3.35036250e-07,1.88914063e-01
3.35076250e-07,1.88879688e-01
3.35116250e-07,1.88929687e-01
3.35156250e-07,1.88843750e-01
3.35196250e-07,1.89109375e-01
3.35236250e-07,1.89351563e-01
3.35276250e-07,1.89273438e-01
3.35316250e-07,1.89317188e-01
3.35356250e-07,1.89289062e-01
3.35396250e-07,1.89306250e-01
3.35436250e-07,1.89298437e-01
3.35476250e-07,1.89298437e-01
3.35516250e-07,1.89306250e-01
3.35556250e-07,1.89287500e-01
3.35596250e-07,1.89323437e-01
3.35636250e-07,1.89250000e-01
3.35676250e-07,1.89503125e-01
3.35716250e-07,1.89757813e-01
3.35756250e-07,1.89667188e-01
3.35796250e-07,1.89721875e-01
3.35836250e-07,1.89685938e-01
3.35876250e-07,1.89709375e-01
3.35916250e-07,1.89695313e-01
3.35956250e-07,1.89696875e-01
3.35996250e-07,1.89714063e-01
