Model,MSO66B
Label,
Waveform Type,ANALOG
Horizontal Units,s
Sample Interval,4.00000000e-11
Record Length,10000
Zero Index,1599.06250000
Vertical Units,A
ANALOG_Thumbnail,
yOffset,1.84500000e-01
yPosition,8.40000000e-01

Labels,
TIME,CH1
-6.39625000e-08,1.83678125e-01
-6.39225000e-08,1.83731250e-01
-6.38825000e-08,1.83643750e-01
-6.38425000e-08,1.83907813e-01
-6.38025000e-08,1.84154687e-01
-6.37625000e-08,1.84070312e-01
-6.37225000e-08,1.84121875e-01
-6.36825000e-08,1.84082812e-01
-6.36425000e-08,1.84114063e-01
-6.36025000e-08,1.84087500e-01
-6.35625000e-08,1.84110938e-01
-6.35225000e-08,1.84090625e-01
-6.34825000e-08,1.84109375e-01
-6.34425000e-08,1.84092188e-01
-6.34025000e-08,1.84107812e-01
-6.33625000e-08,1.84092188e-01
-6.33225000e-08,1.84107812e-01
-6.32825000e-08,1.84092188e-01
-6.32425000e-08,1.84107812e-01
-6.32025000e-08,1.84092188e-01
-6.31625000e-08,1.84107812e-01
-6.31225000e-08,1.84090625e-01
-6.30825000e-08,1.84109375e-01
-6.30425000e-08,1.84090625e-01
-6.30025000e-08,1.84110938e-01
-6.29625000e-08,1.84089063e-01
-6.29225000e-08,1.84112500e-01
-6.28825000e-08,1.84084375e-01
-6.28425000e-08,1.84117188e-01
-6.28025000e-08,1.84076563e-01
-6.27625000e-08,1.84132813e-01
-6.27225000e-08,1.84042188e-01
-6.26825000e-08,1.84310937e-01
-6.26425000e-08,1.84551563e-01
-6.26025000e-08,1.84471875e-01
-6.25625000e-08,1.84518750e-01
-6.25225000e-08,1.84485938e-01
-6.24825000e-08,1.84510937e-01
-6.24425000e-08,1.84492188e-01
-6.24025000e-08,1.84506250e-01
-6.23625000e-08,1.84495313e-01
-6.23225000e-08,1.84504688e-01
-6.22825000e-08,1.84496875e-01
-6.22425000e-08,1.84503125e-01
-6.22025000e-08,1.84498438e-01
-6.21625000e-08,1.84501562e-01
-6.21225000e-08,1.84500000e-01
-6.20825000e-08,1.84500000e-01
-6.20425000e-08,1.84501562e-01
-6.20025000e-08,1.84496875e-01
-6.19625000e-08,1.84504688e-01
-6.19225000e-08,1.84493750e-01
-6.18825000e-08,1.84509375e-01
-6.18425000e-08,1.84485938e-01
-6.18025000e-08,1.84523437e-01
-6.17625000e-08,1.84451562e-01
-6.17225000e-08,1.84701562e-01
-6.16825000e-08,1.84960938e-01
-6.16425000e-08,1.84862500e-01
-6.16025000e-08,1.84929687e-01
-6.15625000e-08,1.84875000e-01
-6.15225000e-08,1.84923438e-01
-6.14825000e-08,1.84878125e-01
-6.14425000e-08,1.84921875e-01
-6.14025000e-08,1.84876563e-01
-6.13625000e-08,1.84925000e-01
-6.13225000e-08,1.84870312e-01
-6.12825000e-08,1.84939063e-01
-6.12425000e-08,1.84837500e-01
-6.12025000e-08,1.85115625e-01
-6.11625000e-08,1.85346875e-01
-6.11225000e-08,1.85276563e-01
-6.10825000e-08,1.85314063e-01
-6.10425000e-08,1.85290625e-01
-6.10025000e-08,1.85306250e-01
-6.09625000e-08,1.85295313e-01
-6.09225000e-08,1.85303125e-01
-6.08825000e-08,1.85296875e-01
-6.08425000e-08,1.85301563e-01
-6.08025000e-08,1.85298437e-01
-6.07625000e-08,1.85300000e-01
-6.07225000e-08,1.85300000e-01
-6.06825000e-08,1.85300000e-01
-6.06425000e-08,1.85300000e-01
-6.06025000e-08,1.85300000e-01
-6.05625000e-08,1.85301563e-01
-6.05225000e-08,1.85298437e-01
-6.04825000e-08,1.85301563e-01
-6.04425000e-08,1.85298437e-01
-6.04025000e-08,1.85301563e-01
-6.03625000e-08,1.85298437e-01
-6.03225000e-08,1.85303125e-01
-6.02825000e-08,1.85296875e-01
-6.02425000e-08,1.85303125e-01
-6.02025000e-08,1.85296875e-01
-6.01625000e-08,1.85304688e-01
-6.01225000e-08,1.85295313e-01
-6.00825000e-08,1.85304688e-01
-6.00425000e-08,1.85293750e-01
-6.00025000e-08,1.85306250e-01
-5.99625000e-08,1.85292188e-01
-5.99225000e-08,1.85310937e-01
-5.98825000e-08,1.85285937e-01
-5.98425000e-08,1.85318750e-01
-5.98025000e-08,1.85271875e-01
-5.97625000e-08,1.85353125e-01
-5.97225000e-08,1.85095312e-01
-5.96825000e-08,1.84842188e-01
-5.96425000e-08,1.84934375e-01
-5.96025000e-08,1.84875000e-01
-5.95625000e-08,1.84920313e-01
-5.95225000e-08,1.84882812e-01
-5.94825000e-08,1.84915625e-01
-5.94425000e-08,1.84884375e-01
-5.94025000e-08,1.84915625e-01
-5.93625000e-08,1.84884375e-01
-5.93225000e-08,1.84917187e-01
-5.92825000e-08,1.84879688e-01
-5.92425000e-08,1.84925000e-01
-5.92025000e-08,1.84865625e-01
-5.91625000e-08,1.84957813e-01
-5.91225000e-08,1.84689063e-01
-5.90825000e-08,1.84448438e-01
-5.90425000e-08,1.84528125e-01
-5.90025000e-08,1.84481250e-01
-5.89625000e-08,1.84514063e-01
-5.89225000e-08,1.84489062e-01
-5.88825000e-08,1.84509375e-01
-5.88425000e-08,1.84492188e-01
-5.88025000e-08,1.84507813e-01
-5.87625000e-08,1.84493750e-01
-5.87225000e-08,1.84506250e-01
-5.86825000e-08,1.84495313e-01
-5.86425000e-08,1.84504688e-01
-5.86025000e-08,1.84495313e-01
-5.85625000e-08,1.84504688e-01
-5.85225000e-08,1.84495313e-01
-5.84825000e-08,1.84504688e-01
-5.84425000e-08,1.84495313e-01
-5.84025000e-08,1.84504688e-01
-5.83625000e-08,1.84495313e-01
-5.83225000e-08,1.84504688e-01
-5.82825000e-08,1.84495313e-01
-5.82425000e-08,1.84504688e-01
-5.82025000e-08,1.84495313e-01
-5.81625000e-08,1.84504688e-01
-5.81225000e-08,1.84495313e-01
-5.80825000e-08,1.84504688e-01
-5.80425000e-08,1.84495313e-01
-5.80025000e-08,1.84504688e-01
-5.79625000e-08,1.84495313e-01
-5.79225000e-08,1.84504688e-01
-5.78825000e-08,1.84495313e-01
-5.78425000e-08,1.84506250e-01
-5.78025000e-08,1.84493750e-01
-5.77625000e-08,1.84506250e-01
-5.77225000e-08,1.84492188e-01
-5.76825000e-08,1.84507813e-01
-5.76425000e-08,1.84492188e-01
-5.76025000e-08,1.84509375e-01
-5.75625000e-08,1.84489062e-01
-5.75225000e-08,1.84512500e-01
-5.74825000e-08,1.84484375e-01
-5.74425000e-08,1.84521875e-01
-5.74025000e-08,1.84468750e-01
-5.73625000e-08,1.84556250e-01
-5.73225000e-08,1.84290625e-01
-5.72825000e-08,1.84046875e-01
-5.72425000e-08,1.84129687e-01
-5.72025000e-08,1.84079688e-01
-5.71625000e-08,1.84115625e-01
-5.71225000e-08,1.84087500e-01
-5.70825000e-08,1.84110938e-01
-5.70425000e-08,1.84090625e-01
-5.70025000e-08,1.84107812e-01
-5.69625000e-08,1.84093750e-01
-5.69225000e-08,1.84106250e-01
-5.68825000e-08,1.84093750e-01
-5.68425000e-08,1.84106250e-01
-5.68025000e-08,1.84095312e-01
-5.67625000e-08,1.84104688e-01
-5.67225000e-08,1.84095312e-01
-5.66825000e-08,1.84104688e-01
-5.66425000e-08,1.84095312e-01
-5.66025000e-08,1.84104688e-01
-5.65625000e-08,1.84095312e-01
-5.65225000e-08,1.84104688e-01
-5.64825000e-08,1.84095312e-01
-5.64425000e-08,1.84104688e-01
-5.64025000e-08,1.84095312e-01
-5.63625000e-08,1.84104688e-01
-5.63225000e-08,1.84095312e-01
-5.62825000e-08,1.84104688e-01
-5.62425000e-08,1.84095312e-01
-5.62025000e-08,1.84106250e-01
-5.61625000e-08,1.84093750e-01
-5.61225000e-08,1.84107812e-01
-5.60825000e-08,1.84092188e-01
-5.60425000e-08,1.84109375e-01
-5.60025000e-08,1.84089063e-01
-5.59625000e-08,1.84114063e-01
-5.59225000e-08,1.84081250e-01
-5.58825000e-08,1.84128125e-01
-5.58425000e-08,1.84046875e-01
-5.58025000e-08,1.84306250e-01
-5.57625000e-08,1.84556250e-01
-5.57225000e-08,1.84467188e-01
-5.56825000e-08,1.84523437e-01
-5.56425000e-08,1.84481250e-01
-5.56025000e-08,1.84515625e-01
-5.55625000e-08,1.84485938e-01
-5.55225000e-08,1.84512500e-01
-5.54825000e-08,1.84489062e-01
-5.54425000e-08,1.84510937e-01
-5.54025000e-08,1.84490625e-01
-5.53625000e-08,1.84509375e-01
-5.53225000e-08,1.84490625e-01
-5.52825000e-08,1.84509375e-01
-5.52425000e-08,1.84490625e-01
-5.52025000e-08,1.84509375e-01
-5.51625000e-08,1.84490625e-01
-5.51225000e-08,1.84510937e-01
-5.50825000e-08,1.84489062e-01
-5.50425000e-08,1.84510937e-01
-5.50025000e-08,1.84487500e-01
-5.49625000e-08,1.84514063e-01
-5.49225000e-08,1.84484375e-01
-5.48825000e-08,1.84517188e-01
-5.48425000e-08,1.84479688e-01
-5.48025000e-08,1.84525000e-01
-5.47625000e-08,1.84465625e-01
-5.47225000e-08,1.84560937e-01
-5.46825000e-08,1.84285937e-01
-5.46425000e-08,1.84051563e-01
-5.46025000e-08,1.84123438e-01
-5.45625000e-08,1.84085938e-01
-5.45225000e-08,1.84109375e-01
-5.44825000e-08,1.84095312e-01
-5.44425000e-08,1.84101563e-01
-5.44025000e-08,1.84101563e-01
-5.43625000e-08,1.84093750e-01
-5.43225000e-08,1.84110938e-01
-5.42825000e-08,1.84078125e-01
-5.42425000e-08,1.84146875e-01
-5.42025000e-08,1.83900000e-01
-5.41625000e-08,1.83637500e-01
-5.41225000e-08,1.83739062e-01
-5.40825000e-08,1.83668750e-01
-5.40425000e-08,1.83726562e-01
-5.40025000e-08,1.83675000e-01
-5.39625000e-08,1.83725000e-01
-5.39225000e-08,1.83673438e-01
-5.38825000e-08,1.83729688e-01
-5.38425000e-08,1.83662500e-01
-5.38025000e-08,1.83762500e-01
-5.37625000e-08,1.83485938e-01
-5.37225000e-08,1.83251563e-01
-5.36825000e-08,1.83325000e-01
-5.36425000e-08,1.83284375e-01
-5.36025000e-08,1.83310937e-01
-5.35625000e-08,1.83290625e-01
-5.35225000e-08,1.83306250e-01
-5.34825000e-08,1.83293750e-01
-5.34425000e-08,1.83304688e-01
-5.34025000e-08,1.83295313e-01
-5.33625000e-08,1.83304688e-01
-5.33225000e-08,1.83296875e-01
-5.32825000e-08,1.83303125e-01
-5.32425000e-08,1.83296875e-01
-5.32025000e-08,1.83303125e-01
-5.31625000e-08,1.83296875e-01
-5.31225000e-08,1.83303125e-01
-5.30825000e-08,1.83296875e-01
-5.30425000e-08,1.83303125e-01
-5.30025000e-08,1.83296875e-01
-5.29625000e-08,1.83303125e-01
-5.29225000e-08,1.83296875e-01
-5.28825000e-08,1.83303125e-01
-5.28425000e-08,1.83296875e-01
-5.28025000e-08,1.83303125e-01
-5.27625000e-08,1.83296875e-01
-5.27225000e-08,1.83304688e-01
-5.26825000e-08,1.83295313e-01
-5.26425000e-08,1.83304688e-01
-5.26025000e-08,1.83295313e-01
-5.25625000e-08,1.83306250e-01
-5.25225000e-08,1.83293750e-01
-5.24825000e-08,1.83307813e-01
-5.24425000e-08,1.83292188e-01
-5.24025000e-08,1.83309375e-01
-5.23625000e-08,1.83289063e-01
-5.23225000e-08,1.83314063e-01
-5.22825000e-08,1.83279688e-01
-5.22425000e-08,1.83329688e-01
-5.22025000e-08,1.83245313e-01
-5.21625000e-08,1.83507813e-01
-5.21225000e-08,1.83754688e-01
-5.20825000e-08,1.83668750e-01
-5.20425000e-08,1.83721875e-01
-5.20025000e-08,1.83682813e-01
-5.19625000e-08,1.83714062e-01
-5.19225000e-08,1.83687500e-01
-5.18825000e-08,1.83710938e-01
-5.18425000e-08,1.83690625e-01
-5.18025000e-08,1.83709375e-01
-5.17625000e-08,1.83692187e-01
-5.17225000e-08,1.83707813e-01
-5.16825000e-08,1.83692187e-01
-5.16425000e-08,1.83707813e-01
-5.16025000e-08,1.83692187e-01
-5.15625000e-08,1.83707813e-01
-5.15225000e-08,1.83692187e-01
-5.14825000e-08,1.83707813e-01
-5.14425000e-08,1.83692187e-01
-5.14025000e-08,1.83707813e-01
-5.13625000e-08,1.83692187e-01
-5.13225000e-08,1.83707813e-01
-5.12825000e-08,1.83690625e-01
-5.12425000e-08,1.83709375e-01
-5.12025000e-08,1.83690625e-01
-5.11625000e-08,1.83710938e-01
-5.11225000e-08,1.83687500e-01
-5.10825000e-08,1.83714062e-01
-5.10425000e-08,1.83682813e-01
-5.10025000e-08,1.83721875e-01
-5.09625000e-08,1.83667187e-01
-5.09225000e-08,1.83757813e-01
-5.08825000e-08,1.83489062e-01
-5.08425000e-08,1.83248437e-01
-5.08025000e-08,1.83328125e-01
-5.07625000e-08,1.83281250e-01
-5.07225000e-08,1.83314063e-01
-5.06825000e-08,1.83289063e-01
-5.06425000e-08,1.83307813e-01
-5.06025000e-08,1.83293750e-01
-5.05625000e-08,1.83306250e-01
-5.05225000e-08,1.83295313e-01
-5.04825000e-08,1.83303125e-01
-5.04425000e-08,1.83296875e-01
-5.04025000e-08,1.83301563e-01
-5.03625000e-08,1.83298437e-01
-5.03225000e-08,1.83300000e-01
-5.02825000e-08,1.83300000e-01
-5.02425000e-08,1.83298437e-01
-5.02025000e-08,1.83301563e-01
-5.01625000e-08,1.83296875e-01
-5.01225000e-08,1.83304688e-01
-5.00825000e-08,1.83292188e-01
-5.00425000e-08,1.83310937e-01
-5.00025000e-08,1.83284375e-01
-4.99625000e-08,1.83325000e-01
-4.99225000e-08,1.83250000e-01
-4.98825000e-08,1.83503125e-01
-4.98425000e-08,1.83759375e-01
-4.98025000e-08,1.83665625e-01
-4.97625000e-08,1.83725000e-01
-4.97225000e-08,1.83679687e-01
-4.96825000e-08,1.83717188e-01
-4.96425000e-08,1.83685938e-01
-4.96025000e-08,1.83712500e-01
-4.95625000e-08,1.83689062e-01
-4.95225000e-08,1.83710938e-01
-4.94825000e-08,1.83690625e-01
-4.94425000e-08,1.83707813e-01
-4.94025000e-08,1.83693750e-01
-4.93625000e-08,1.83703125e-01
-4.93225000e-08,1.83698438e-01
-4.92825000e-08,1.83695313e-01
-4.92425000e-08,1.83714062e-01
-4.92025000e-08,1.83662500e-01
-4.91625000e-08,1.83890625e-01
-4.91225000e-08,1.84171875e-01
-4.90825000e-08,1.84050000e-01
-4.90425000e-08,1.84140625e-01
-4.90025000e-08,1.84062500e-01
-4.89625000e-08,1.84135938e-01
-4.89225000e-08,1.84064063e-01
-4.88825000e-08,1.84139063e-01
-4.88425000e-08,1.84056250e-01
-4.88025000e-08,1.84153125e-01
-4.87625000e-08,1.84023437e-01
-4.87225000e-08,1.84331250e-01
-4.86825000e-08,1.84531250e-01
-4.86425000e-08,1.84493750e-01
-4.86025000e-08,1.84495313e-01
-4.85625000e-08,1.84510937e-01
-4.85225000e-08,1.84484375e-01
-4.84825000e-08,1.84521875e-01
-4.84425000e-08,1.84471875e-01
-4.84025000e-08,1.84539063e-01
-4.83625000e-08,1.84434375e-01
-4.83225000e-08,1.84720313e-01
-4.82825000e-08,1.84939063e-01
-4.82425000e-08,1.84885938e-01
-4.82025000e-08,1.84901563e-01
-4.81625000e-08,1.84907813e-01
-4.81225000e-08,1.84884375e-01
-4.80825000e-08,1.84928125e-01
-4.80425000e-08,1.84843750e-01
-4.80025000e-08,1.85110938e-01
-4.79625000e-08,1.85348438e-01
-4.79225000e-08,1.85278125e-01
-4.78825000e-08,1.85310937e-01
-4.78425000e-08,1.85298437e-01
-4.78025000e-08,1.85293750e-01
-4.77625000e-08,1.85318750e-01
-4.77225000e-08,1.85254688e-01
-4.76825000e-08,1.85500000e-01
-4.76425000e-08,1.85760938e-01
-4.76025000e-08,1.85664063e-01
-4.75625000e-08,1.85725000e-01
-4.75225000e-08,1.85681250e-01
-4.74825000e-08,1.85715625e-01
-4.74425000e-08,1.85687500e-01
-4.74025000e-08,1.85710938e-01
-4.73625000e-08,1.85690625e-01
-4.73225000e-08,1.85707813e-01
-4.72825000e-08,1.85693750e-01
-4.72425000e-08,1.85704688e-01
-4.72025000e-08,1.85695313e-01
-4.71625000e-08,1.85703125e-01
-4.71225000e-08,1.85698438e-01
-4.70825000e-08,1.85701563e-01
-4.70425000e-08,1.85700000e-01
-4.70025000e-08,1.85698438e-01
-4.69625000e-08,1.85703125e-01
-4.69225000e-08,1.85695313e-01
-4.68825000e-08,1.85706250e-01
-4.68425000e-08,1.85692187e-01
-4.68025000e-08,1.85710938e-01
-4.67625000e-08,1.85685938e-01
-4.67225000e-08,1.85720313e-01
-4.66825000e-08,1.85670313e-01
-4.66425000e-08,1.85756250e-01
-4.66025000e-08,1.85490625e-01
-4.65625000e-08,1.85248438e-01
-4.65225000e-08,1.85326563e-01
-4.64825000e-08,1.85285937e-01
-4.64425000e-08,1.85306250e-01
-4.64025000e-08,1.85301563e-01
-4.63625000e-08,1.85287500e-01
-4.63225000e-08,1.85339063e-01
-4.62825000e-08,1.85107812e-01
-4.62425000e-08,1.84829688e-01
-4.62025000e-08,1.84946875e-01
-4.61625000e-08,1.84860938e-01
-4.61225000e-08,1.84939063e-01
-4.60825000e-08,1.84856250e-01
-4.60425000e-08,1.84965625e-01
-4.60025000e-08,1.84684375e-01
-4.59625000e-08,1.84450000e-01
-4.59225000e-08,1.84529688e-01
-4.58825000e-08,1.84475000e-01
-4.58425000e-08,1.84525000e-01
-4.58025000e-08,1.84467188e-01
-4.57625000e-08,1.84556250e-01
-4.57225000e-08,1.84290625e-01
-4.56825000e-08,1.84046875e-01
-4.56425000e-08,1.84128125e-01
-4.56025000e-08,1.84081250e-01
-4.55625000e-08,1.84112500e-01
-4.55225000e-08,1.84092188e-01
-4.54825000e-08,1.84103125e-01
-4.54425000e-08,1.84103125e-01
-4.54025000e-08,1.84085938e-01
-4.53625000e-08,1.84139063e-01
-4.53225000e-08,1.83907813e-01
-4.52825000e-08,1.83631250e-01
-4.52425000e-08,1.83745313e-01
-4.52025000e-08,1.83664063e-01
-4.51625000e-08,1.83731250e-01
-4.51225000e-08,1.83671875e-01
-4.50825000e-08,1.83726562e-01
-4.50425000e-08,1.83675000e-01
-4.50025000e-08,1.83725000e-01
-4.49625000e-08,1.83675000e-01
-4.49225000e-08,1.83726562e-01
-4.48825000e-08,1.83671875e-01
-4.48425000e-08,1.83729688e-01
-4.48025000e-08,1.83665625e-01
-4.47625000e-08,1.83743750e-01
-4.47225000e-08,1.83631250e-01
-4.46825000e-08,1.83921875e-01
-4.46425000e-08,1.84140625e-01
-4.46025000e-08,1.84084375e-01
-4.45625000e-08,1.84106250e-01
-4.45225000e-08,1.84098438e-01
-4.44825000e-08,1.84098438e-01
-4.44425000e-08,1.84104688e-01
-4.44025000e-08,1.84092188e-01
-4.43625000e-08,1.84109375e-01
-4.43225000e-08,1.84087500e-01
-4.42825000e-08,1.84115625e-01
-4.42425000e-08,1.84078125e-01
-4.42025000e-08,1.84131250e-01
-4.41625000e-08,1.84043750e-01
-4.41225000e-08,1.84310937e-01
-4.40825000e-08,1.84551563e-01
-4.40425000e-08,1.84471875e-01
-4.40025000e-08,1.84518750e-01
-4.39625000e-08,1.84485938e-01
-4.39225000e-08,1.84509375e-01
-4.38825000e-08,1.84492188e-01
-4.38425000e-08,1.84506250e-01
-4.38025000e-08,1.84495313e-01
-4.37625000e-08,1.84504688e-01
-4.37225000e-08,1.84496875e-01
-4.36825000e-08,1.84503125e-01
-4.36425000e-08,1.84496875e-01
-4.36025000e-08,1.84501562e-01
-4.35625000e-08,1.84498438e-01
-4.35225000e-08,1.84501562e-01
-4.34825000e-08,1.84498438e-01
-4.34425000e-08,1.84501562e-01
-4.34025000e-08,1.84500000e-01
-4.33625000e-08,1.84500000e-01
-4.33225000e-08,1.84500000e-01
-4.32825000e-08,1.84500000e-01
-4.32425000e-08,1.84500000e-01
-4.32025000e-08,1.84500000e-01
-4.31625000e-08,1.84500000e-01
-4.31225000e-08,1.84500000e-01
-4.30825000e-08,1.84500000e-01
-4.30425000e-08,1.84498438e-01
-4.30025000e-08,1.84501562e-01
-4.29625000e-08,1.84498438e-01
-4.29225000e-08,1.84501562e-01
-4.28825000e-08,1.84498438e-01
-4.28425000e-08,1.84501562e-01
-4.28025000e-08,1.84498438e-01
-4.27625000e-08,1.84501562e-01
-4.27225000e-08,1.84496875e-01
-4.26825000e-08,1.84503125e-01
-4.26425000e-08,1.84496875e-01
-4.26025000e-08,1.84503125e-01
-4.25625000e-08,1.84496875e-01
-4.25225000e-08,1.84504688e-01
-4.24825000e-08,1.84495313e-01
-4.24425000e-08,1.84506250e-01
-4.24025000e-08,1.84493750e-01
-4.23625000e-08,1.84507813e-01
-4.23225000e-08,1.84489062e-01
-4.22825000e-08,1.84514063e-01
-4.22425000e-08,1.84481250e-01
-4.22025000e-08,1.84528125e-01
-4.21625000e-08,1.84446875e-01
-4.21225000e-08,1.84706250e-01
-4.20825000e-08,1.84956250e-01
-4.20425000e-08,1.84867188e-01
-4.20025000e-08,1.84923438e-01
-4.19625000e-08,1.84881250e-01
-4.19225000e-08,1.84917187e-01
-4.18825000e-08,1.84884375e-01
-4.18425000e-08,1.84914063e-01
-4.18025000e-08,1.84887500e-01
-4.17625000e-08,1.84912500e-01
-4.17225000e-08,1.84887500e-01
-4.16825000e-08,1.84912500e-01
-4.16425000e-08,1.84885938e-01
-4.16025000e-08,1.84915625e-01
-4.15625000e-08,1.84882812e-01
-4.15225000e-08,1.84920313e-01
-4.14825000e-08,1.84875000e-01
-4.14425000e-08,1.84934375e-01
-4.14025000e-08,1.84842188e-01
-4.13625000e-08,1.85110938e-01
-4.13225000e-08,1.85351563e-01
-4.12825000e-08,1.85273437e-01
-4.12425000e-08,1.85317188e-01
-4.12025000e-08,1.85287500e-01
-4.11625000e-08,1.85309375e-01
-4.11225000e-08,1.85292188e-01
-4.10825000e-08,1.85306250e-01
-4.10425000e-08,1.85293750e-01
-4.10025000e-08,1.85304688e-01
-4.09625000e-08,1.85295313e-01
-4.09225000e-08,1.85303125e-01
-4.08825000e-08,1.85296875e-01
-4.08425000e-08,1.85303125e-01
-4.08025000e-08,1.85296875e-01
-4.07625000e-08,1.85301563e-01
-4.07225000e-08,1.85298437e-01
-4.06825000e-08,1.85301563e-01
-4.06425000e-08,1.85298437e-01
-4.06025000e-08,1.85301563e-01
-4.05625000e-08,1.85300000e-01
-4.05225000e-08,1.85300000e-01
-4.04825000e-08,1.85300000e-01
-4.04425000e-08,1.85298437e-01
-4.04025000e-08,1.85301563e-01
-4.03625000e-08,1.85296875e-01
-4.03225000e-08,1.85306250e-01
-4.02825000e-08,1.85290625e-01
-4.02425000e-08,1.85318750e-01
-4.02025000e-08,1.85259375e-01
-4.01625000e-08,1.85490625e-01
-4.01225000e-08,1.85776563e-01
-4.00825000e-08,1.85637500e-01
-4.00425000e-08,1.85778125e-01
-4.00025000e-08,1.85475000e-01
-3.99625000e-08,1.85260938e-01
-3.99225000e-08,1.85317188e-01
-3.98825000e-08,1.85290625e-01
-3.98425000e-08,1.85306250e-01
-3.98025000e-08,1.85295313e-01
-3.97625000e-08,1.85303125e-01
-3.97225000e-08,1.85298437e-01
-3.96825000e-08,1.85301563e-01
-3.96425000e-08,1.85300000e-01
-3.96025000e-08,1.85300000e-01
-3.95625000e-08,1.85300000e-01
-3.95225000e-08,1.85300000e-01
-3.94825000e-08,1.85300000e-01
-3.94425000e-08,1.85300000e-01
-3.94025000e-08,1.85300000e-01
-3.93625000e-08,1.85300000e-01
-3.93225000e-08,1.85300000e-01
-3.92825000e-08,1.85298437e-01
-3.92425000e-08,1.85301563e-01
-3.92025000e-08,1.85298437e-01
-3.91625000e-08,1.85301563e-01
-3.91225000e-08,1.85298437e-01
-3.90825000e-08,1.85301563e-01
-3.90425000e-08,1.85298437e-01
-3.90025000e-08,1.85301563e-01
-3.89625000e-08,1.85298437e-01
-3.89225000e-08,1.85301563e-01
-3.88825000e-08,1.85298437e-01
-3.88425000e-08,1.85301563e-01
-3.88025000e-08,1.85298437e-01
-3.87625000e-08,1.85301563e-01
-3.87225000e-08,1.85298437e-01
-3.86825000e-08,1.85301563e-01
-3.86425000e-08,1.85298437e-01
-3.86025000e-08,1.85301563e-01
-3.85625000e-08,1.85296875e-01
-3.85225000e-08,1.85303125e-01
-3.84825000e-08,1.85296875e-01
-3.84425000e-08,1.85303125e-01
-3.84025000e-08,1.85296875e-01
-3.83625000e-08,1.85303125e-01
-3.83225000e-08,1.85296875e-01
-3.82825000e-08,1.85304688e-01
-3.82425000e-08,1.85295313e-01
-3.82025000e-08,1.85304688e-01
-3.81625000e-08,1.85295313e-01
-3.81225000e-08,1.85306250e-01
-3.80825000e-08,1.85293750e-01
-3.80425000e-08,1.85306250e-01
-3.80025000e-08,1.85292188e-01
-3.79625000e-08,1.85309375e-01
-3.79225000e-08,1.85289063e-01
-3.78825000e-08,1.85312500e-01
-3.78425000e-08,1.85284375e-01
-3.78025000e-08,1.85320313e-01
-3.77625000e-08,1.85268750e-01
-3.77225000e-08,1.85356250e-01
-3.76825000e-08,1.85090625e-01
-3.76425000e-08,1.84846875e-01
-3.76025000e-08,1.84929687e-01
-3.75625000e-08,1.84881250e-01
-3.75225000e-08,1.84914063e-01
-3.74825000e-08,1.84889063e-01
-3.74425000e-08,1.84907813e-01
-3.74025000e-08,1.84893750e-01
-3.73625000e-08,1.84904687e-01
-3.73225000e-08,1.84896875e-01
-3.72825000e-08,1.84901563e-01
-3.72425000e-08,1.84900000e-01
-3.72025000e-08,1.84898438e-01
-3.71625000e-08,1.84903125e-01
-3.71225000e-08,1.84893750e-01
-3.70825000e-08,1.84912500e-01
-3.70425000e-08,1.84878125e-01
-3.70025000e-08,1.84946875e-01
-3.69625000e-08,1.84700000e-01
-3.69225000e-08,1.84437500e-01
-3.68825000e-08,1.84537500e-01
-3.68425000e-08,1.84471875e-01
-3.68025000e-08,1.84523437e-01
-3.67625000e-08,1.84479688e-01
-3.67225000e-08,1.84518750e-01
-3.66825000e-08,1.84482813e-01
-3.66425000e-08,1.84517188e-01
-3.66025000e-08,1.84484375e-01
-3.65625000e-08,1.84515625e-01
-3.65225000e-08,1.84484375e-01
-3.64825000e-08,1.84515625e-01
-3.64425000e-08,1.84484375e-01
-3.64025000e-08,1.84515625e-01
-3.63625000e-08,1.84484375e-01
-3.63225000e-08,1.84515625e-01
-3.62825000e-08,1.84484375e-01
-3.62425000e-08,1.84517188e-01
-3.62025000e-08,1.84481250e-01
-3.61625000e-08,1.84518750e-01
-3.61225000e-08,1.84478125e-01
-3.60825000e-08,1.84525000e-01
-3.60425000e-08,1.84470313e-01
-3.60025000e-08,1.84539063e-01
-3.59625000e-08,1.84435938e-01
-3.59225000e-08,1.84717188e-01
-3.58825000e-08,1.84943750e-01
-3.58425000e-08,1.84879688e-01
-3.58025000e-08,1.84910938e-01
-3.57625000e-08,1.84895313e-01
-3.57225000e-08,1.84901563e-01
-3.56825000e-08,1.84901563e-01
-3.56425000e-08,1.84896875e-01
-3.56025000e-08,1.84904687e-01
-3.55625000e-08,1.84893750e-01
-3.55225000e-08,1.84909375e-01
-3.54825000e-08,1.84887500e-01
-3.54425000e-08,1.84915625e-01
-3.54025000e-08,1.84879688e-01
-3.53625000e-08,1.84931250e-01
-3.53225000e-08,1.84843750e-01
-3.52825000e-08,1.85109375e-01
-3.52425000e-08,1.85351563e-01
-3.52025000e-08,1.85271875e-01
-3.51625000e-08,1.85317188e-01
-3.51225000e-08,1.85287500e-01
-3.50825000e-08,1.85309375e-01
-3.50425000e-08,1.85293750e-01
-3.50025000e-08,1.85304688e-01
-3.49625000e-08,1.85298437e-01
-3.49225000e-08,1.85300000e-01
-3.48825000e-08,1.85301563e-01
-3.48425000e-08,1.85295313e-01
-3.48025000e-08,1.85307813e-01
-3.47625000e-08,1.85285937e-01
-3.47225000e-08,1.85323438e-01
-3.46825000e-08,1.85251562e-01
-3.46425000e-08,1.85501562e-01
-3.46025000e-08,1.85760938e-01
-3.45625000e-08,1.85662500e-01
-3.45225000e-08,1.85728125e-01
-3.44825000e-08,1.85676563e-01
-3.44425000e-08,1.85720313e-01
-3.44025000e-08,1.85681250e-01
-3.43625000e-08,1.85717188e-01
-3.43225000e-08,1.85684375e-01
-3.42825000e-08,1.85715625e-01
-3.42425000e-08,1.85684375e-01
-3.42025000e-08,1.85717188e-01
-3.41625000e-08,1.85682813e-01
-3.41225000e-08,1.85718750e-01
-3.40825000e-08,1.85678125e-01
-3.40425000e-08,1.85726562e-01
-3.40025000e-08,1.85664063e-01
-3.39625000e-08,1.85760938e-01
-3.39225000e-08,1.85485938e-01
-3.38825000e-08,1.85251562e-01
-3.38425000e-08,1.85325000e-01
-3.38025000e-08,1.85285937e-01
-3.37625000e-08,1.85309375e-01
-3.37225000e-08,1.85293750e-01
-3.36825000e-08,1.85304688e-01
-3.36425000e-08,1.85298437e-01
-3.36025000e-08,1.85300000e-01
-3.35625000e-08,1.85301563e-01
-3.35225000e-08,1.85296875e-01
-3.34825000e-08,1.85306250e-01
-3.34425000e-08,1.85290625e-01
-3.34025000e-08,1.85314063e-01
-3.33625000e-08,1.85275000e-01
-3.33225000e-08,1.85350000e-01
-3.32825000e-08,1.85096875e-01
-3.32425000e-08,1.84840625e-01
-3.32025000e-08,1.84935938e-01
-3.31625000e-08,1.84873438e-01
-3.31225000e-08,1.84921875e-01
-3.30825000e-08,1.84881250e-01
-3.30425000e-08,1.84917187e-01
-3.30025000e-08,1.84884375e-01
-3.29625000e-08,1.84914063e-01
-3.29225000e-08,1.84885938e-01
-3.28825000e-08,1.84912500e-01
-3.28425000e-08,1.84887500e-01
-3.28025000e-08,1.84912500e-01
-3.27625000e-08,1.84887500e-01
-3.27225000e-08,1.84912500e-01
-3.26825000e-08,1.84887500e-01
-3.26425000e-08,1.84912500e-01
-3.26025000e-08,1.84887500e-01
-3.25625000e-08,1.84912500e-01
-3.25225000e-08,1.84887500e-01
-3.24825000e-08,1.84914063e-01
-3.24425000e-08,1.84885938e-01
-3.24025000e-08,1.84914063e-01
-3.23625000e-08,1.84884375e-01
-3.23225000e-08,1.84917187e-01
-3.22825000e-08,1.84882812e-01
-3.22425000e-08,1.84918750e-01
-3.22025000e-08,1.84878125e-01
-3.21625000e-08,1.84925000e-01
-3.21225000e-08,1.84868750e-01
-3.20825000e-08,1.84940625e-01
-3.20425000e-08,1.84834375e-01
-3.20025000e-08,1.85120312e-01
-3.19625000e-08,1.85342188e-01
-3.19225000e-08,1.85282813e-01
-3.18825000e-08,1.85306250e-01
-3.18425000e-08,1.85300000e-01
-3.18025000e-08,1.85293750e-01
-3.17625000e-08,1.85310937e-01
-3.17225000e-08,1.85281250e-01
-3.16825000e-08,1.85329688e-01
-3.16425000e-08,1.85243750e-01
-3.16025000e-08,1.85510938e-01
-3.15625000e-08,1.85750000e-01
-3.15225000e-08,1.85675000e-01
-3.14825000e-08,1.85712500e-01
-3.14425000e-08,1.85695313e-01
-3.14025000e-08,1.85696875e-01
-3.13625000e-08,1.85714062e-01
-3.13225000e-08,1.85659375e-01
-3.12825000e-08,1.85893750e-01
-3.12425000e-08,1.86167187e-01
-3.12025000e-08,1.86056250e-01
-3.11625000e-08,1.86134375e-01
-3.11225000e-08,1.86068750e-01
-3.10825000e-08,1.86131250e-01
-3.10425000e-08,1.86067188e-01
-3.10025000e-08,1.86140625e-01
-3.09625000e-08,1.86035937e-01
-3.09225000e-08,1.86315625e-01
-3.08825000e-08,1.86546875e-01
-3.08425000e-08,1.86475000e-01
-3.08025000e-08,1.86517188e-01
-3.07625000e-08,1.86487500e-01
-3.07225000e-08,1.86510938e-01
-3.06825000e-08,1.86490625e-01
-3.06425000e-08,1.86509375e-01
-3.06025000e-08,1.86490625e-01
-3.05625000e-08,1.86509375e-01
-3.05225000e-08,1.86490625e-01
-3.04825000e-08,1.86510938e-01
-3.04425000e-08,1.86487500e-01
-3.04025000e-08,1.86515625e-01
-3.03625000e-08,1.86478125e-01
-3.03225000e-08,1.86531250e-01
-3.02825000e-08,1.86443750e-01
-3.02425000e-08,1.86709375e-01
-3.02025000e-08,1.86953125e-01
-3.01625000e-08,1.86870312e-01
-3.01225000e-08,1.86920313e-01
-3.00825000e-08,1.86884375e-01
-3.00425000e-08,1.86912500e-01
-3.00025000e-08,1.86889063e-01
-2.99625000e-08,1.86909375e-01
-2.99225000e-08,1.86892188e-01
-2.98825000e-08,1.86906250e-01
-2.98425000e-08,1.86893750e-01
-2.98025000e-08,1.86904687e-01
-2.97625000e-08,1.86895313e-01
-2.97225000e-08,1.86904687e-01
-2.96825000e-08,1.86895313e-01
-2.96425000e-08,1.86903125e-01
-2.96025000e-08,1.86896875e-01
-2.95625000e-08,1.86903125e-01
-2.95225000e-08,1.86896875e-01
-2.94825000e-08,1.86903125e-01
-2.94425000e-08,1.86898438e-01
-2.94025000e-08,1.86901563e-01
-2.93625000e-08,1.86898438e-01
-2.93225000e-08,1.86901563e-01
-2.92825000e-08,1.86898438e-01
-2.92425000e-08,1.86901563e-01
-2.92025000e-08,1.86898438e-01
-2.91625000e-08,1.86900000e-01
-2.91225000e-08,1.86900000e-01
-2.90825000e-08,1.86900000e-01
-2.90425000e-08,1.86900000e-01
-2.90025000e-08,1.86900000e-01
-2.89625000e-08,1.86900000e-01
-2.89225000e-08,1.86900000e-01
-2.88825000e-08,1.86900000e-01
-2.88425000e-08,1.86900000e-01
-2.88025000e-08,1.86901563e-01
-2.87625000e-08,1.86898438e-01
-2.87225000e-08,1.86901563e-01
-2.86825000e-08,1.86898438e-01
-2.86425000e-08,1.86901563e-01
-2.86025000e-08,1.86898438e-01
-2.85625000e-08,1.86901563e-01
-2.85225000e-08,1.86896875e-01
-2.84825000e-08,1.86903125e-01
-2.84425000e-08,1.86896875e-01
-2.84025000e-08,1.86903125e-01
-2.83625000e-08,1.86895313e-01
-2.83225000e-08,1.86904687e-01
-2.82825000e-08,1.86895313e-01
-2.82425000e-08,1.86906250e-01
-2.82025000e-08,1.86893750e-01
-2.81625000e-08,1.86907812e-01
-2.81225000e-08,1.86892188e-01
-2.80825000e-08,1.86909375e-01
-2.80425000e-08,1.86889063e-01
-2.80025000e-08,1.86912500e-01
-2.79625000e-08,1.86884375e-01
-2.79225000e-08,1.86921875e-01
-2.78825000e-08,1.86868750e-01
-2.78425000e-08,1.86956250e-01
-2.78025000e-08,1.86690625e-01
-2.77625000e-08,1.86448438e-01
-2.77225000e-08,1.86528125e-01
-2.76825000e-08,1.86481250e-01
-2.76425000e-08,1.86512500e-01
-2.76025000e-08,1.86490625e-01
-2.75625000e-08,1.86507813e-01
-2.75225000e-08,1.86495313e-01
-2.74825000e-08,1.86503125e-01
-2.74425000e-08,1.86498438e-01
-2.74025000e-08,1.86500000e-01
-2.73625000e-08,1.86501562e-01
-2.73225000e-08,1.86496875e-01
-2.72825000e-08,1.86506250e-01
-2.72425000e-08,1.86490625e-01
-2.72025000e-08,1.86514062e-01
-2.71625000e-08,1.86475000e-01
-2.71225000e-08,1.86550000e-01
-2.70825000e-08,1.86296875e-01
-2.70425000e-08,1.86040625e-01
-2.70025000e-08,1.86134375e-01
-2.69625000e-08,1.86075000e-01
-2.69225000e-08,1.86120312e-01
-2.68825000e-08,1.86082812e-01
-2.68425000e-08,1.86114063e-01
-2.68025000e-08,1.86087500e-01
-2.67625000e-08,1.86112500e-01
-2.67225000e-08,1.86089063e-01
-2.66825000e-08,1.86110938e-01
-2.66425000e-08,1.86090625e-01
-2.66025000e-08,1.86109375e-01
-2.65625000e-08,1.86092188e-01
-2.65225000e-08,1.86107812e-01
-2.64825000e-08,1.86092188e-01
-2.64425000e-08,1.86107812e-01
-2.64025000e-08,1.86093750e-01
-2.63625000e-08,1.86106250e-01
-2.63225000e-08,1.86093750e-01
-2.62825000e-08,1.86106250e-01
-2.62425000e-08,1.86093750e-01
-2.62025000e-08,1.86106250e-01
-2.61625000e-08,1.86093750e-01
-2.61225000e-08,1.86106250e-01
-2.60825000e-08,1.86095312e-01
-2.60425000e-08,1.86104688e-01
-2.60025000e-08,1.86095312e-01
-2.59625000e-08,1.86104688e-01
-2.59225000e-08,1.86095312e-01
-2.58825000e-08,1.86104688e-01
-2.58425000e-08,1.86095312e-01
-2.58025000e-08,1.86104688e-01
-2.57625000e-08,1.86095312e-01
-2.57225000e-08,1.86104688e-01
-2.56825000e-08,1.86095312e-01
-2.56425000e-08,1.86104688e-01
-2.56025000e-08,1.86095312e-01
-2.55625000e-08,1.86103125e-01
-2.55225000e-08,1.86096875e-01
-2.54825000e-08,1.86103125e-01
-2.54425000e-08,1.86096875e-01
-2.54025000e-08,1.86103125e-01
-2.53625000e-08,1.86096875e-01
-2.53225000e-08,1.86103125e-01
-2.52825000e-08,1.86096875e-01
-2.52425000e-08,1.86103125e-01
-2.52025000e-08,1.86096875e-01
-2.51625000e-08,1.86103125e-01
-2.51225000e-08,1.86096875e-01
-2.50825000e-08,1.86103125e-01
-2.50425000e-08,1.86096875e-01
-2.50025000e-08,1.86103125e-01
-2.49625000e-08,1.86096875e-01
-2.49225000e-08,1.86103125e-01
-2.48825000e-08,1.86096875e-01
-2.48425000e-08,1.86103125e-01
-2.48025000e-08,1.86098438e-01
-2.47625000e-08,1.86101563e-01
-2.47225000e-08,1.86098438e-01
-2.46825000e-08,1.86101563e-01
-2.46425000e-08,1.86098438e-01
-2.46025000e-08,1.86101563e-01
-2.45625000e-08,1.86098438e-01
-2.45225000e-08,1.86101563e-01
-2.44825000e-08,1.86100000e-01
-2.44425000e-08,1.86100000e-01
-2.44025000e-08,1.86100000e-01
-2.43625000e-08,1.86100000e-01
-2.43225000e-08,1.86101563e-01
-2.42825000e-08,1.86098438e-01
-2.42425000e-08,1.86103125e-01
-2.42025000e-08,1.86095312e-01
-2.41625000e-08,1.86106250e-01
-2.41225000e-08,1.86090625e-01
-2.40825000e-08,1.86114063e-01
-2.40425000e-08,1.86076563e-01
-2.40025000e-08,1.86148438e-01
-2.39625000e-08,1.85898438e-01
-2.39225000e-08,1.85639063e-01
-2.38825000e-08,1.85737500e-01
-2.38425000e-08,1.85670313e-01
-2.38025000e-08,1.85725000e-01
-2.37625000e-08,1.85678125e-01
-2.37225000e-08,1.85720313e-01
-2.36825000e-08,1.85679687e-01
-2.36425000e-08,1.85720313e-01
-2.36025000e-08,1.85678125e-01
-2.35625000e-08,1.85721875e-01
-2.35225000e-08,1.85675000e-01
-2.34825000e-08,1.85729688e-01
-2.34425000e-08,1.85660938e-01
-2.34025000e-08,1.85764062e-01
-2.33625000e-08,1.85482813e-01
-2.33225000e-08,1.85254688e-01
-2.32825000e-08,1.85321875e-01
-2.32425000e-08,1.85287500e-01
-2.32025000e-08,1.85307813e-01
-2.31625000e-08,1.85295313e-01
-2.31225000e-08,1.85301563e-01
-2.30825000e-08,1.85300000e-01
-2.30425000e-08,1.85300000e-01
-2.30025000e-08,1.85301563e-01
-2.29625000e-08,1.85296875e-01
-2.29225000e-08,1.85304688e-01
-2.28825000e-08,1.85293750e-01
-2.28425000e-08,1.85307813e-01
-2.28025000e-08,1.85290625e-01
-2.27625000e-08,1.85312500e-01
-2.27225000e-08,1.85281250e-01
-2.26825000e-08,1.85328125e-01
-2.26425000e-08,1.85246875e-01
-2.26025000e-08,1.85506250e-01
-2.25625000e-08,1.85756250e-01
-2.25225000e-08,1.85667187e-01
-2.24825000e-08,1.85723438e-01
-2.24425000e-08,1.85681250e-01
-2.24025000e-08,1.85715625e-01
-2.23625000e-08,1.85685938e-01
-2.23225000e-08,1.85712500e-01
-2.22825000e-08,1.85687500e-01
-2.22425000e-08,1.85712500e-01
-2.22025000e-08,1.85687500e-01
-2.21625000e-08,1.85712500e-01
-2.21225000e-08,1.85687500e-01
-2.20825000e-08,1.85714062e-01
-2.20425000e-08,1.85684375e-01
-2.20025000e-08,1.85718750e-01
-2.19625000e-08,1.85676563e-01
-2.19225000e-08,1.85732813e-01
-2.18825000e-08,1.85642187e-01
-2.18425000e-08,1.85910938e-01
-2.18025000e-08,1.86151563e-01
-2.17625000e-08,1.86071875e-01
-2.17225000e-08,1.86118750e-01
-2.16825000e-08,1.86085938e-01
-2.16425000e-08,1.86110938e-01
-2.16025000e-08,1.86090625e-01
-2.15625000e-08,1.86107812e-01
-2.15225000e-08,1.86092188e-01
-2.14825000e-08,1.86106250e-01
-2.14425000e-08,1.86093750e-01
-2.14025000e-08,1.86104688e-01
-2.13625000e-08,1.86095312e-01
-2.13225000e-08,1.86104688e-01
-2.12825000e-08,1.86095312e-01
-2.12425000e-08,1.86104688e-01
-2.12025000e-08,1.86096875e-01
-2.11625000e-08,1.86103125e-01
-2.11225000e-08,1.86096875e-01
-2.10825000e-08,1.86103125e-01
-2.10425000e-08,1.86096875e-01
-2.10025000e-08,1.86103125e-01
-2.09625000e-08,1.86096875e-01
-2.09225000e-08,1.86103125e-01
-2.08825000e-08,1.86096875e-01
-2.08425000e-08,1.86103125e-01
-2.08025000e-08,1.86096875e-01
-2.07625000e-08,1.86103125e-01
-2.07225000e-08,1.86096875e-01
-2.06825000e-08,1.86103125e-01
-2.06425000e-08,1.86096875e-01
-2.06025000e-08,1.86103125e-01
-2.05625000e-08,1.86098438e-01
-2.05225000e-08,1.86101563e-01
-2.04825000e-08,1.86098438e-01
-2.04425000e-08,1.86101563e-01
-2.04025000e-08,1.86098438e-01
-2.03625000e-08,1.86101563e-01
-2.03225000e-08,1.86098438e-01
-2.02825000e-08,1.86101563e-01
-2.02425000e-08,1.86098438e-01
-2.02025000e-08,1.86101563e-01
-2.01625000e-08,1.86098438e-01
-2.01225000e-08,1.86101563e-01
-2.00825000e-08,1.86098438e-01
-2.00425000e-08,1.86101563e-01
-2.00025000e-08,1.86098438e-01
-1.99625000e-08,1.86101563e-01
-1.99225000e-08,1.86098438e-01
-1.98825000e-08,1.86101563e-01
-1.98425000e-08,1.86098438e-01
-1.98025000e-08,1.86101563e-01
-1.97625000e-08,1.86098438e-01
-1.97225000e-08,1.86101563e-01
-1.96825000e-08,1.86098438e-01
-1.96425000e-08,1.86101563e-01
-1.96025000e-08,1.86098438e-01
-1.95625000e-08,1.86101563e-01
-1.95225000e-08,1.86098438e-01
-1.94825000e-08,1.86101563e-01
-1.94425000e-08,1.86098438e-01
-1.94025000e-08,1.86101563e-01
-1.93625000e-08,1.86098438e-01
-1.93225000e-08,1.86101563e-01
-1.92825000e-08,1.86098438e-01
-1.92425000e-08,1.86101563e-01
-1.92025000e-08,1.86098438e-01
-1.91625000e-08,1.86101563e-01
-1.91225000e-08,1.86098438e-01
-1.90825000e-08,1.86101563e-01
-1.90425000e-08,1.86098438e-01
-1.90025000e-08,1.86101563e-01
-1.89625000e-08,1.86098438e-01
-1.89225000e-08,1.86101563e-01
-1.88825000e-08,1.86098438e-01
-1.88425000e-08,1.86101563e-01
-1.88025000e-08,1.86098438e-01
-1.87625000e-08,1.86101563e-01
-1.87225000e-08,1.86098438e-01
-1.86825000e-08,1.86101563e-01
-1.86425000e-08,1.86098438e-01
-1.86025000e-08,1.86101563e-01
-1.85625000e-08,1.86098438e-01
-1.85225000e-08,1.86101563e-01
-1.84825000e-08,1.86098438e-01
-1.84425000e-08,1.86101563e-01
-1.84025000e-08,1.86098438e-01
-1.83625000e-08,1.86101563e-01
-1.83225000e-08,1.86098438e-01
-1.82825000e-08,1.86101563e-01
-1.82425000e-08,1.86098438e-01
-1.82025000e-08,1.86101563e-01
-1.81625000e-08,1.86098438e-01
-1.81225000e-08,1.86101563e-01
-1.80825000e-08,1.86098438e-01
-1.80425000e-08,1.86101563e-01
-1.80025000e-08,1.86098438e-01
-1.79625000e-08,1.86101563e-01
-1.79225000e-08,1.86098438e-01
-1.78825000e-08,1.86101563e-01
-1.78425000e-08,1.86098438e-01
-1.78025000e-08,1.86101563e-01
-1.77625000e-08,1.86098438e-01
-1.77225000e-08,1.86101563e-01
-1.76825000e-08,1.86098438e-01
-1.76425000e-08,1.86101563e-01
-1.76025000e-08,1.86098438e-01
-1.75625000e-08,1.86101563e-01
-1.75225000e-08,1.86096875e-01
-1.74825000e-08,1.86103125e-01
-1.74425000e-08,1.86096875e-01
-1.74025000e-08,1.86103125e-01
-1.73625000e-08,1.86096875e-01
-1.73225000e-08,1.86103125e-01
-1.72825000e-08,1.86096875e-01
-1.72425000e-08,1.86103125e-01
-1.72025000e-08,1.86096875e-01
-1.71625000e-08,1.86103125e-01
-1.71225000e-08,1.86096875e-01
-1.70825000e-08,1.86103125e-01
-1.70425000e-08,1.86096875e-01
-1.70025000e-08,1.86103125e-01
-1.69625000e-08,1.86096875e-01
-1.69225000e-08,1.86103125e-01
-1.68825000e-08,1.86096875e-01
-1.68425000e-08,1.86103125e-01
-1.68025000e-08,1.86096875e-01
-1.67625000e-08,1.86103125e-01
-1.67225000e-08,1.86096875e-01
-1.66825000e-08,1.86103125e-01
-1.66425000e-08,1.86096875e-01
-1.66025000e-08,1.86103125e-01
-1.65625000e-08,1.86096875e-01
-1.65225000e-08,1.86103125e-01
-1.64825000e-08,1.86096875e-01
-1.64425000e-08,1.86104688e-01
-1.64025000e-08,1.86095312e-01
-1.63625000e-08,1.86104688e-01
-1.63225000e-08,1.86095312e-01
-1.62825000e-08,1.86104688e-01
-1.62425000e-08,1.86095312e-01
-1.62025000e-08,1.86104688e-01
-1.61625000e-08,1.86093750e-01
-1.61225000e-08,1.86106250e-01
-1.60825000e-08,1.86093750e-01
-1.60425000e-08,1.86106250e-01
-1.60025000e-08,1.86093750e-01
-1.59625000e-08,1.86107812e-01
-1.59225000e-08,1.86092188e-01
-1.58825000e-08,1.86109375e-01
-1.58425000e-08,1.86090625e-01
-1.58025000e-08,1.86110938e-01
-1.57625000e-08,1.86087500e-01
-1.57225000e-08,1.86115625e-01
-1.56825000e-08,1.86081250e-01
-1.56425000e-08,1.86123438e-01
-1.56025000e-08,1.86067188e-01
-1.55625000e-08,1.86159375e-01
-1.55225000e-08,1.85887500e-01
-1.54825000e-08,1.85650000e-01
-1.54425000e-08,1.85725000e-01
-1.54025000e-08,1.85684375e-01
-1.53625000e-08,1.85709375e-01
-1.53225000e-08,1.85693750e-01
-1.52825000e-08,1.85701563e-01
-1.52425000e-08,1.85701563e-01
-1.52025000e-08,1.85695313e-01
-1.51625000e-08,1.85710938e-01
-1.51225000e-08,1.85678125e-01
-1.50825000e-08,1.85746875e-01
-1.50425000e-08,1.85500000e-01
-1.50025000e-08,1.85237500e-01
-1.49625000e-08,1.85337500e-01
-1.49225000e-08,1.85271875e-01
-1.48825000e-08,1.85323438e-01
-1.48425000e-08,1.85279688e-01
-1.48025000e-08,1.85318750e-01
-1.47625000e-08,1.85282813e-01
-1.47225000e-08,1.85317188e-01
-1.46825000e-08,1.85282813e-01
-1.46425000e-08,1.85317188e-01
-1.46025000e-08,1.85282813e-01
-1.45625000e-08,1.85317188e-01
-1.45225000e-08,1.85281250e-01
-1.44825000e-08,1.85320313e-01
-1.44425000e-08,1.85278125e-01
-1.44025000e-08,1.85328125e-01
-1.43625000e-08,1.85262500e-01
-1.43225000e-08,1.85360938e-01
-1.42825000e-08,1.85085938e-01
-1.42425000e-08,1.84851563e-01
-1.42025000e-08,1.84925000e-01
-1.41625000e-08,1.84884375e-01
-1.41225000e-08,1.84909375e-01
-1.40825000e-08,1.84892187e-01
-1.40425000e-08,1.84904687e-01
-1.40025000e-08,1.84896875e-01
-1.39625000e-08,1.84903125e-01
-1.39225000e-08,1.84898438e-01
-1.38825000e-08,1.84901563e-01
-1.38425000e-08,1.84900000e-01
-1.38025000e-08,1.84900000e-01
-1.37625000e-08,1.84900000e-01
-1.37225000e-08,1.84898438e-01
-1.36825000e-08,1.84901563e-01
-1.36425000e-08,1.84898438e-01
-1.36025000e-08,1.84903125e-01
-1.35625000e-08,1.84896875e-01
-1.35225000e-08,1.84903125e-01
-1.34825000e-08,1.84895313e-01
-1.34425000e-08,1.84904687e-01
-1.34025000e-08,1.84893750e-01
-1.33625000e-08,1.84907813e-01
-1.33225000e-08,1.84890625e-01
-1.32825000e-08,1.84910938e-01
-1.32425000e-08,1.84885938e-01
-1.32025000e-08,1.84918750e-01
-1.31625000e-08,1.84871875e-01
-1.31225000e-08,1.84953125e-01
-1.30825000e-08,1.84693750e-01
-1.30425000e-08,1.84445313e-01
-1.30025000e-08,1.84531250e-01
-1.29625000e-08,1.84478125e-01
-1.29225000e-08,1.84517188e-01
-1.28825000e-08,1.84485938e-01
-1.28425000e-08,1.84512500e-01
-1.28025000e-08,1.84489062e-01
-1.27625000e-08,1.84509375e-01
-1.27225000e-08,1.84492188e-01
-1.26825000e-08,1.84507813e-01
-1.26425000e-08,1.84492188e-01
-1.26025000e-08,1.84506250e-01
-1.25625000e-08,1.84493750e-01
-1.25225000e-08,1.84506250e-01
-1.24825000e-08,1.84493750e-01
-1.24425000e-08,1.84504688e-01
-1.24025000e-08,1.84495313e-01
-1.23625000e-08,1.84504688e-01
-1.23225000e-08,1.84495313e-01
-1.22825000e-08,1.84504688e-01
-1.22425000e-08,1.84495313e-01
-1.22025000e-08,1.84504688e-01
-1.21625000e-08,1.84495313e-01
-1.21225000e-08,1.84504688e-01
-1.20825000e-08,1.84495313e-01
-1.20425000e-08,1.84503125e-01
-1.20025000e-08,1.84496875e-01
-1.19625000e-08,1.84503125e-01
-1.19225000e-08,1.84496875e-01
-1.18825000e-08,1.84503125e-01
-1.18425000e-08,1.84496875e-01
-1.18025000e-08,1.84503125e-01
-1.17625000e-08,1.84496875e-01
-1.17225000e-08,1.84503125e-01
-1.16825000e-08,1.84496875e-01
-1.16425000e-08,1.84503125e-01
-1.16025000e-08,1.84496875e-01
-1.15625000e-08,1.84503125e-01
-1.15225000e-08,1.84496875e-01
-1.14825000e-08,1.84503125e-01
-1.14425000e-08,1.84496875e-01
-1.14025000e-08,1.84503125e-01
-1.13625000e-08,1.84496875e-01
-1.13225000e-08,1.84503125e-01
-1.12825000e-08,1.84496875e-01
-1.12425000e-08,1.84503125e-01
-1.12025000e-08,1.84496875e-01
-1.11625000e-08,1.84503125e-01
-1.11225000e-08,1.84496875e-01
-1.10825000e-08,1.84503125e-01
-1.10425000e-08,1.84496875e-01
-1.10025000e-08,1.84503125e-01
-1.09625000e-08,1.84496875e-01
-1.09225000e-08,1.84501562e-01
-1.08825000e-08,1.84498438e-01
-1.08425000e-08,1.84501562e-01
-1.08025000e-08,1.84498438e-01
-1.07625000e-08,1.84501562e-01
-1.07225000e-08,1.84498438e-01
-1.06825000e-08,1.84501562e-01
-1.06425000e-08,1.84498438e-01
-1.06025000e-08,1.84501562e-01
-1.05625000e-08,1.84498438e-01
-1.05225000e-08,1.84500000e-01
-1.04825000e-08,1.84500000e-01
-1.04425000e-08,1.84500000e-01
-1.04025000e-08,1.84500000e-01
-1.03625000e-08,1.84498438e-01
-1.03225000e-08,1.84501562e-01
-1.02825000e-08,1.84496875e-01
-1.02425000e-08,1.84504688e-01
-1.02025000e-08,1.84493750e-01
-1.01625000e-08,1.84509375e-01
-1.01225000e-08,1.84485938e-01
-1.00825000e-08,1.84523437e-01
-1.00425000e-08,1.84451562e-01
-1.00025000e-08,1.84701562e-01
-9.96250000e-09,1.84960938e-01
-9.92250000e-09,1.84862500e-01
-9.88250000e-09,1.84928125e-01
-9.84250000e-09,1.84876563e-01
-9.80250000e-09,1.84920313e-01
-9.76250000e-09,1.84881250e-01
-9.72250000e-09,1.84917187e-01
-9.68250000e-09,1.84882812e-01
-9.64250000e-09,1.84915625e-01
-9.60250000e-09,1.84884375e-01
-9.56250000e-09,1.84915625e-01
-9.52250000e-09,1.84884375e-01
-9.48250000e-09,1.84915625e-01
-9.44250000e-09,1.84882812e-01
-9.40250000e-09,1.84917187e-01
-9.36250000e-09,1.84882812e-01
-9.32250000e-09,1.84918750e-01
-9.28250000e-09,1.84879688e-01
-9.24250000e-09,1.84921875e-01
-9.20250000e-09,1.84876563e-01
-9.16250000e-09,1.84926563e-01
-9.12250000e-09,1.84867188e-01
-9.08250000e-09,1.84942188e-01
-9.04250000e-09,1.84832812e-01
-9.00250000e-09,1.85121875e-01
-8.96250000e-09,1.85340625e-01
-8.92250000e-09,1.85284375e-01
-8.88250000e-09,1.85304688e-01
-8.84250000e-09,1.85303125e-01
-8.80250000e-09,1.85290625e-01
-8.76250000e-09,1.85315625e-01
-8.72250000e-09,1.85273437e-01
-8.68250000e-09,1.85353125e-01
-8.64250000e-09,1.85092188e-01
-8.60250000e-09,1.84845312e-01
-8.56250000e-09,1.84929687e-01
-8.52250000e-09,1.84879688e-01
-8.48250000e-09,1.84914063e-01
-8.44250000e-09,1.84889063e-01
-8.40250000e-09,1.84909375e-01
-8.36250000e-09,1.84893750e-01
-8.32250000e-09,1.84904687e-01
-8.28250000e-09,1.84895313e-01
-8.24250000e-09,1.84903125e-01
-8.20250000e-09,1.84896875e-01
-8.16250000e-09,1.84901563e-01
-8.12250000e-09,1.84898438e-01
-8.08250000e-09,1.84900000e-01
-8.04250000e-09,1.84900000e-01
-8.00250000e-09,1.84900000e-01
-7.96250000e-09,1.84901563e-01
-7.92250000e-09,1.84898438e-01
-7.88250000e-09,1.84901563e-01
-7.84250000e-09,1.84896875e-01
-7.80250000e-09,1.84903125e-01
-7.76250000e-09,1.84896875e-01
-7.72250000e-09,1.84904687e-01
-7.68250000e-09,1.84895313e-01
-7.64250000e-09,1.84906250e-01
-7.60250000e-09,1.84893750e-01
-7.56250000e-09,1.84907813e-01
-7.52250000e-09,1.84892187e-01
-7.48250000e-09,1.84909375e-01
-7.44250000e-09,1.84889063e-01
-7.40250000e-09,1.84914063e-01
-7.36250000e-09,1.84882812e-01
-7.32250000e-09,1.84921875e-01
-7.28250000e-09,1.84867188e-01
-7.24250000e-09,1.84957813e-01
-7.20250000e-09,1.84689063e-01
-7.16250000e-09,1.84448438e-01
-7.12250000e-09,1.84526563e-01
-7.08250000e-09,1.84482813e-01
-7.04250000e-09,1.84512500e-01
-7.00250000e-09,1.84490625e-01
-6.96250000e-09,1.84506250e-01
-6.92250000e-09,1.84495313e-01
-6.88250000e-09,1.84503125e-01
-6.84250000e-09,1.84498438e-01
-6.80250000e-09,1.84500000e-01
-6.76250000e-09,1.84500000e-01
-6.72250000e-09,1.84498438e-01
-6.68250000e-09,1.84503125e-01
-6.64250000e-09,1.84495313e-01
-6.60250000e-09,1.84506250e-01
-6.56250000e-09,1.84492188e-01
-6.52250000e-09,1.84509375e-01
-6.48250000e-09,1.84485938e-01
-6.44250000e-09,1.84518750e-01
-6.40250000e-09,1.84471875e-01
-6.36250000e-09,1.84554688e-01
-6.32250000e-09,1.84292188e-01
-6.28250000e-09,1.84045313e-01
-6.24250000e-09,1.84129687e-01
-6.20250000e-09,1.84079688e-01
-6.16250000e-09,1.84114063e-01
-6.12250000e-09,1.84089063e-01
-6.08250000e-09,1.84107812e-01
-6.04250000e-09,1.84093750e-01
-6.00250000e-09,1.84103125e-01
-5.96250000e-09,1.84098438e-01
-5.92250000e-09,1.84098438e-01
-5.88250000e-09,1.84104688e-01
-5.84250000e-09,1.84089063e-01
-5.80250000e-09,1.84120312e-01
-5.76250000e-09,1.84054688e-01
-5.72250000e-09,1.84300000e-01
-5.68250000e-09,1.84562500e-01
-5.64250000e-09,1.84460938e-01
-5.60250000e-09,1.84529688e-01
-5.56250000e-09,1.84475000e-01
-5.52250000e-09,1.84521875e-01
-5.48250000e-09,1.84479688e-01
-5.44250000e-09,1.84518750e-01
-5.40250000e-09,1.84481250e-01
-5.36250000e-09,1.84518750e-01
-5.32250000e-09,1.84481250e-01
-5.28250000e-09,1.84518750e-01
-5.24250000e-09,1.84479688e-01
-5.20250000e-09,1.84523437e-01
-5.16250000e-09,1.84471875e-01
-5.12250000e-09,1.84535937e-01
-5.08250000e-09,1.84439063e-01
-5.04250000e-09,1.84714062e-01
-5.00250000e-09,1.84948438e-01
-4.96250000e-09,1.84875000e-01
-4.92250000e-09,1.84915625e-01
-4.88250000e-09,1.84889063e-01
-4.84250000e-09,1.84909375e-01
-4.80250000e-09,1.84893750e-01
-4.76250000e-09,1.84906250e-01
-4.72250000e-09,1.84895313e-01
-4.68250000e-09,1.84904687e-01
-4.64250000e-09,1.84896875e-01
-4.60250000e-09,1.84903125e-01
-4.56250000e-09,1.84896875e-01
-4.52250000e-09,1.84903125e-01
-4.48250000e-09,1.84896875e-01
-4.44250000e-09,1.84903125e-01
-4.40250000e-09,1.84896875e-01
-4.36250000e-09,1.84903125e-01
-4.32250000e-09,1.84896875e-01
-4.28250000e-09,1.84903125e-01
-4.24250000e-09,1.84895313e-01
-4.20250000e-09,1.84904687e-01
-4.16250000e-09,1.84895313e-01
-4.12250000e-09,1.84906250e-01
-4.08250000e-09,1.84893750e-01
-4.04250000e-09,1.84907813e-01
-4.00250000e-09,1.84892187e-01
-3.96250000e-09,1.84909375e-01
-3.92250000e-09,1.84887500e-01
-3.88250000e-09,1.84915625e-01
-3.84250000e-09,1.84879688e-01
-3.80250000e-09,1.84929687e-01
-3.76250000e-09,1.84845312e-01
-3.72250000e-09,1.85107812e-01
-3.68250000e-09,1.85354688e-01
-3.64250000e-09,1.85270313e-01
-3.60250000e-09,1.85320313e-01
-3.56250000e-09,1.85284375e-01
-3.52250000e-09,1.85312500e-01
-3.48250000e-09,1.85289063e-01
-3.44250000e-09,1.85309375e-01
-3.40250000e-09,1.85292188e-01
-3.36250000e-09,1.85306250e-01
-3.32250000e-09,1.85293750e-01
-3.28250000e-09,1.85304688e-01
-3.24250000e-09,1.85295313e-01
-3.20250000e-09,1.85304688e-01
-3.16250000e-09,1.85296875e-01
-3.12250000e-09,1.85303125e-01
-3.08250000e-09,1.85296875e-01
-3.04250000e-09,1.85301563e-01
-3.00250000e-09,1.85298437e-01
-2.96250000e-09,1.85300000e-01
-2.92250000e-09,1.85300000e-01
-2.88250000e-09,1.85298437e-01
-2.84250000e-09,1.85301563e-01
-2.80250000e-09,1.85296875e-01
-2.76250000e-09,1.85304688e-01
-2.72250000e-09,1.85293750e-01
-2.68250000e-09,1.85309375e-01
-2.64250000e-09,1.85284375e-01
-2.60250000e-09,1.85325000e-01
-2.56250000e-09,1.85250000e-01
-2.52250000e-09,1.85503125e-01
-2.48250000e-09,1.85759375e-01
-2.44250000e-09,1.85664063e-01
-2.40250000e-09,1.85726562e-01
-2.36250000e-09,1.85678125e-01
-2.32250000e-09,1.85718750e-01
-2.28250000e-09,1.85684375e-01
-2.24250000e-09,1.85714062e-01
-2.20250000e-09,1.85685938e-01
-2.16250000e-09,1.85712500e-01
-2.12250000e-09,1.85687500e-01
-2.08250000e-09,1.85710938e-01
-2.04250000e-09,1.85689063e-01
-2.00250000e-09,1.85710938e-01
-1.96250000e-09,1.85689063e-01
-1.92250000e-09,1.85710938e-01
-1.88250000e-09,1.85690625e-01
-1.84250000e-09,1.85709375e-01
-1.80250000e-09,1.85690625e-01
-1.76250000e-09,1.85709375e-01
-1.72250000e-09,1.85690625e-01
-1.68250000e-09,1.85709375e-01
-1.64250000e-09,1.85690625e-01
-1.60250000e-09,1.85709375e-01
-1.56250000e-09,1.85690625e-01
-1.52250000e-09,1.85709375e-01
-1.48250000e-09,1.85690625e-01
-1.44250000e-09,1.85710938e-01
-1.40250000e-09,1.85689063e-01
-1.36250000e-09,1.85710938e-01
-1.32250000e-09,1.85689063e-01
-1.28250000e-09,1.85712500e-01
-1.24250000e-09,1.85687500e-01
-1.20250000e-09,1.85714062e-01
-1.16250000e-09,1.85685938e-01
-1.12250000e-09,1.85715625e-01
-1.08250000e-09,1.85681250e-01
-1.04250000e-09,1.85721875e-01
-1.00250000e-09,1.85673438e-01
-9.62500000e-10,1.85735938e-01
-9.22500000e-10,1.85639063e-01
-8.82500000e-10,1.85914063e-01
-8.42500000e-10,1.86148438e-01
-8.02500000e-10,1.86076563e-01
-7.62500000e-10,1.86114063e-01
-7.22500000e-10,1.86090625e-01
-6.82500000e-10,1.86106250e-01
-6.42500000e-10,1.86095312e-01
-6.02500000e-10,1.86103125e-01
-5.62500000e-10,1.86098438e-01
-5.22500000e-10,1.86100000e-01
-4.82500000e-10,1.86100000e-01
-4.42500000e-10,1.86098438e-01
-4.02500000e-10,1.86101563e-01
-3.62500000e-10,1.86096875e-01
-3.22500000e-10,1.86103125e-01
-2.82500000e-10,1.86095312e-01
-2.42500000e-10,1.86104688e-01
-2.02500000e-10,1.86093750e-01
-1.62500000e-10,1.86107812e-01
-1.22500000e-10,1.86090625e-01
-8.25000000e-11,1.86110938e-01
-4.25000000e-11,1.86087500e-01
-2.50000000e-12,1.86115625e-01
3.75000000e-11,1.86078125e-01
7.75000000e-11,1.86131250e-01
1.17500000e-10,1.86042188e-01
1.57500000e-10,1.86310937e-01
1.97500000e-10,1.86551563e-01
2.37500000e-10,1.86473438e-01
2.77500000e-10,1.86515625e-01
3.17500000e-10,1.86490625e-01
3.57500000e-10,1.86504688e-01
3.97500000e-10,1.86500000e-01
4.37500000e-10,1.86493750e-01
4.77500000e-10,1.86515625e-01
5.17500000e-10,1.86459375e-01
5.57500000e-10,1.86693750e-01
5.97500000e-10,1.86968750e-01
6.37500000e-10,1.86854688e-01
6.77500000e-10,1.86937500e-01
7.17500000e-10,1.86867188e-01
7.57500000e-10,1.86932813e-01
7.97500000e-10,1.86864063e-01
8.37500000e-10,1.86943750e-01
8.77500000e-10,1.86832813e-01
9.17500000e-10,1.87120312e-01
9.57500000e-10,1.87343750e-01
9.97500000e-10,1.87279688e-01
1.03750000e-09,1.87310937e-01
1.07750000e-09,1.87293750e-01
1.11750000e-09,1.87303125e-01
1.15750000e-09,1.87298437e-01
1.19750000e-09,1.87300000e-01
1.23750000e-09,1.87301563e-01
1.27750000e-09,1.87296875e-01
1.31750000e-09,1.87304688e-01
1.35750000e-09,1.87293750e-01
1.39750000e-09,1.87307813e-01
1.43750000e-09,1.87287500e-01
1.47750000e-09,1.87320313e-01
1.51750000e-09,1.87256250e-01
1.55750000e-09,1.87493750e-01
1.59750000e-09,1.87773438e-01
1.63750000e-09,1.87640625e-01
1.67750000e-09,1.87773438e-01
1.71750000e-09,1.87478125e-01
1.75750000e-09,1.87256250e-01
1.79750000e-09,1.87321875e-01
1.83750000e-09,1.87285937e-01
1.87750000e-09,1.87310937e-01
1.91750000e-09,1.87290625e-01
1.95750000e-09,1.87307813e-01
1.99750000e-09,1.87292188e-01
2.03750000e-09,1.87307813e-01
2.07750000e-09,1.87292188e-01
2.11750000e-09,1.87307813e-01
2.15750000e-09,1.87290625e-01
2.19750000e-09,1.87310937e-01
2.23750000e-09,1.87285937e-01
2.27750000e-09,1.87318750e-01
2.31750000e-09,1.87273438e-01
2.35750000e-09,1.87351563e-01
2.39750000e-09,1.87095312e-01
2.43750000e-09,1.86840625e-01
2.47750000e-09,1.86935938e-01
2.51750000e-09,1.86873438e-01
2.55750000e-09,1.86923438e-01
2.59750000e-09,1.86878125e-01
2.63750000e-09,1.86921875e-01
2.67750000e-09,1.86876563e-01
2.71750000e-09,1.86928125e-01
2.75750000e-09,1.86864063e-01
2.79750000e-09,1.86960938e-01
2.83750000e-09,1.86687500e-01
2.87750000e-09,1.86450000e-01
2.91750000e-09,1.86526562e-01
2.95750000e-09,1.86482813e-01
2.99750000e-09,1.86512500e-01
3.03750000e-09,1.86490625e-01
3.07750000e-09,1.86507813e-01
3.11750000e-09,1.86493750e-01
3.15750000e-09,1.86506250e-01
3.19750000e-09,1.86495313e-01
3.23750000e-09,1.86504688e-01
3.27750000e-09,1.86495313e-01
3.31750000e-09,1.86503125e-01
3.35750000e-09,1.86496875e-01
3.39750000e-09,1.86503125e-01
3.43750000e-09,1.86496875e-01
3.47750000e-09,1.86503125e-01
3.51750000e-09,1.86496875e-01
3.55750000e-09,1.86501562e-01
3.59750000e-09,1.86498438e-01
3.63750000e-09,1.86501562e-01
3.67750000e-09,1.86498438e-01
3.71750000e-09,1.86501562e-01
3.75750000e-09,1.86498438e-01
3.79750000e-09,1.86501562e-01
3.83750000e-09,1.86498438e-01
3.87750000e-09,1.86501562e-01
3.91750000e-09,1.86498438e-01
3.95750000e-09,1.86501562e-01
3.99750000e-09,1.86498438e-01
4.03750000e-09,1.86500000e-01
4.07750000e-09,1.86500000e-01
4.11750000e-09,1.86500000e-01
4.15750000e-09,1.86500000e-01
4.19750000e-09,1.86500000e-01
4.23750000e-09,1.86501562e-01
4.27750000e-09,1.86498438e-01
4.31750000e-09,1.86503125e-01
4.35750000e-09,1.86495313e-01
4.39750000e-09,1.86507813e-01
4.43750000e-09,1.86487500e-01
4.47750000e-09,1.86521875e-01
4.51750000e-09,1.86454687e-01
4.55750000e-09,1.86698438e-01
4.59750000e-09,1.86964063e-01
4.63750000e-09,1.86857812e-01
4.67750000e-09,1.86934375e-01
4.71750000e-09,1.86870312e-01
4.75750000e-09,1.86929687e-01
4.79750000e-09,1.86868750e-01
4.83750000e-09,1.86934375e-01
4.87750000e-09,1.86856250e-01
4.91750000e-09,1.86967188e-01
4.95750000e-09,1.86679687e-01
4.99750000e-09,1.86457813e-01
5.03750000e-09,1.86518750e-01
5.07750000e-09,1.86490625e-01
5.11750000e-09,1.86504688e-01
5.15750000e-09,1.86498438e-01
5.19750000e-09,1.86498438e-01
5.23750000e-09,1.86503125e-01
5.27750000e-09,1.86495313e-01
5.31750000e-09,1.86506250e-01
5.35750000e-09,1.86492188e-01
5.39750000e-09,1.86509375e-01
5.43750000e-09,1.86487500e-01
5.47750000e-09,1.86514062e-01
5.51750000e-09,1.86481250e-01
5.55750000e-09,1.86525000e-01
5.59750000e-09,1.86465625e-01
5.63750000e-09,1.86559375e-01
5.67750000e-09,1.86285937e-01
5.71750000e-09,1.86053125e-01
5.75750000e-09,1.86121875e-01
5.79750000e-09,1.86089063e-01
5.83750000e-09,1.86104688e-01
5.87750000e-09,1.86100000e-01
5.91750000e-09,1.86093750e-01
5.95750000e-09,1.86112500e-01
5.99750000e-09,1.86076563e-01
6.03750000e-09,1.86150000e-01
6.07750000e-09,1.85895313e-01
6.11750000e-09,1.85643750e-01
6.15750000e-09,1.85731250e-01
6.19750000e-09,1.85679687e-01
6.23750000e-09,1.85714062e-01
6.27750000e-09,1.85690625e-01
6.31750000e-09,1.85703125e-01
6.35750000e-09,1.85703125e-01
6.39750000e-09,1.85685938e-01
6.43750000e-09,1.85739062e-01
6.47750000e-09,1.85506250e-01
6.51750000e-09,1.85231250e-01
6.55750000e-09,1.85343750e-01
6.59750000e-09,1.85265625e-01
6.63750000e-09,1.85329688e-01
6.67750000e-09,1.85273437e-01
6.71750000e-09,1.85325000e-01
6.75750000e-09,1.85275000e-01
6.79750000e-09,1.85323438e-01
6.83750000e-09,1.85275000e-01
6.87750000e-09,1.85325000e-01
6.91750000e-09,1.85271875e-01
6.95750000e-09,1.85332812e-01
6.99750000e-09,1.85259375e-01
7.03750000e-09,1.85365625e-01
7.07750000e-09,1.85081250e-01
7.11750000e-09,1.84856250e-01
7.15750000e-09,1.84920313e-01
7.19750000e-09,1.84887500e-01
7.23750000e-09,1.84907813e-01
7.27750000e-09,1.84895313e-01
7.31750000e-09,1.84903125e-01
7.35750000e-09,1.84898438e-01
7.39750000e-09,1.84900000e-01
7.43750000e-09,1.84900000e-01
7.47750000e-09,1.84900000e-01
7.51750000e-09,1.84900000e-01
7.55750000e-09,1.84898438e-01
7.59750000e-09,1.84901563e-01
7.63750000e-09,1.84898438e-01
7.67750000e-09,1.84901563e-01
7.71750000e-09,1.84898438e-01
7.75750000e-09,1.84901563e-01
7.79750000e-09,1.84898438e-01
7.83750000e-09,1.84901563e-01
7.87750000e-09,1.84898438e-01
7.91750000e-09,1.84901563e-01
7.95750000e-09,1.84898438e-01
7.99750000e-09,1.84901563e-01
8.03750000e-09,1.84898438e-01
8.07750000e-09,1.84901563e-01
8.11750000e-09,1.84898438e-01
8.15750000e-09,1.84900000e-01
8.19750000e-09,1.84900000e-01
8.23750000e-09,1.84900000e-01
8.27750000e-09,1.84900000e-01
8.31750000e-09,1.84898438e-01
8.35750000e-09,1.84901563e-01
8.39750000e-09,1.84896875e-01
8.43750000e-09,1.84904687e-01
8.47750000e-09,1.84893750e-01
8.51750000e-09,1.84909375e-01
8.55750000e-09,1.84885938e-01
8.59750000e-09,1.84923438e-01
8.63750000e-09,1.84851563e-01
8.67750000e-09,1.85101563e-01
8.71750000e-09,1.85360938e-01
8.75750000e-09,1.85262500e-01
8.79750000e-09,1.85328125e-01
8.83750000e-09,1.85276563e-01
8.87750000e-09,1.85320313e-01
8.91750000e-09,1.85281250e-01
8.95750000e-09,1.85318750e-01
8.99750000e-09,1.85282813e-01
9.03750000e-09,1.85317188e-01
9.07750000e-09,1.85282813e-01
9.11750000e-09,1.85317188e-01
9.15750000e-09,1.85281250e-01
9.19750000e-09,1.85320313e-01
9.23750000e-09,1.85278125e-01
9.27750000e-09,1.85325000e-01
9.31750000e-09,1.85270313e-01
9.35750000e-09,1.85339063e-01
9.39750000e-09,1.85235938e-01
9.43750000e-09,1.85517188e-01
9.47750000e-09,1.85745313e-01
9.51750000e-09,1.85678125e-01
9.55750000e-09,1.85712500e-01
9.59750000e-09,1.85692187e-01
9.63750000e-09,1.85704688e-01
9.67750000e-09,1.85698438e-01
9.71750000e-09,1.85700000e-01
9.75750000e-09,1.85700000e-01
9.79750000e-09,1.85698438e-01
9.83750000e-09,1.85703125e-01
9.87750000e-09,1.85696875e-01
9.91750000e-09,1.85704688e-01
9.95750000e-09,1.85695313e-01
9.99750000e-09,1.85706250e-01
1.00375000e-08,1.85692187e-01
1.00775000e-08,1.85709375e-01
1.01175000e-08,1.85689063e-01
1.01575000e-08,1.85712500e-01
1.01975000e-08,1.85684375e-01
1.02375000e-08,1.85720313e-01
1.02775000e-08,1.85668750e-01
1.03175000e-08,1.85756250e-01
1.03575000e-08,1.85490625e-01
1.03975000e-08,1.85246875e-01
1.04375000e-08,1.85329688e-01
1.04775000e-08,1.85279688e-01
1.05175000e-08,1.85315625e-01
1.05575000e-08,1.85287500e-01
1.05975000e-08,1.85309375e-01
1.06375000e-08,1.85292188e-01
1.06775000e-08,1.85307813e-01
1.07175000e-08,1.85293750e-01
1.07575000e-08,1.85306250e-01
1.07975000e-08,1.85295313e-01
1.08375000e-08,1.85304688e-01
1.08775000e-08,1.85295313e-01
1.09175000e-08,1.85304688e-01
1.09575000e-08,1.85295313e-01
1.09975000e-08,1.85304688e-01
1.10375000e-08,1.85296875e-01
1.10775000e-08,1.85303125e-01
1.11175000e-08,1.85296875e-01
1.11575000e-08,1.85303125e-01
1.11975000e-08,1.85295313e-01
1.12375000e-08,1.85304688e-01
1.12775000e-08,1.85295313e-01
1.13175000e-08,1.85304688e-01
1.13575000e-08,1.85295313e-01
1.13975000e-08,1.85306250e-01
1.14375000e-08,1.85293750e-01
1.14775000e-08,1.85307813e-01
1.15175000e-08,1.85290625e-01
1.15575000e-08,1.85312500e-01
1.15975000e-08,1.85282813e-01
1.16375000e-08,1.85326563e-01
1.16775000e-08,1.85248438e-01
1.17175000e-08,1.85503125e-01
1.17575000e-08,1.85759375e-01
1.17975000e-08,1.85664063e-01
1.18375000e-08,1.85726562e-01
1.18775000e-08,1.85676563e-01
1.19175000e-08,1.85721875e-01
1.19575000e-08,1.85678125e-01
1.19975000e-08,1.85723438e-01
1.20375000e-08,1.85673438e-01
1.20775000e-08,1.85735938e-01
1.21175000e-08,1.85640625e-01
1.21575000e-08,1.85910938e-01
1.21975000e-08,1.86151563e-01
1.22375000e-08,1.86070313e-01
1.22775000e-08,1.86120312e-01
1.23175000e-08,1.86082812e-01
1.23575000e-08,1.86115625e-01
1.23975000e-08,1.86084375e-01
1.24375000e-08,1.86117188e-01
1.24775000e-08,1.86078125e-01
1.25175000e-08,1.86129688e-01
1.25575000e-08,1.86045313e-01
1.25975000e-08,1.86307813e-01
1.26375000e-08,1.86554688e-01
1.26775000e-08,1.86468750e-01
1.27175000e-08,1.86523438e-01
1.27575000e-08,1.86481250e-01
1.27975000e-08,1.86515625e-01
1.28375000e-08,1.86485938e-01
1.28775000e-08,1.86512500e-01
1.29175000e-08,1.86487500e-01
1.29575000e-08,1.86510938e-01
1.29975000e-08,1.86489062e-01
1.30375000e-08,1.86510938e-01
1.30775000e-08,1.86489062e-01
1.31175000e-08,1.86510938e-01
1.31575000e-08,1.86489062e-01
1.31975000e-08,1.86510938e-01
1.32375000e-08,1.86489062e-01
1.32775000e-08,1.86510938e-01
1.33175000e-08,1.86489062e-01
1.33575000e-08,1.86510938e-01
1.33975000e-08,1.86487500e-01
1.34375000e-08,1.86512500e-01
1.34775000e-08,1.86487500e-01
1.35175000e-08,1.86514062e-01
1.35575000e-08,1.86484375e-01
1.35975000e-08,1.86517188e-01
1.36375000e-08,1.86479688e-01
1.36775000e-08,1.86525000e-01
1.37175000e-08,1.86465625e-01
1.37575000e-08,1.86559375e-01
1.37975000e-08,1.86287500e-01
1.38375000e-08,1.86050000e-01
1.38775000e-08,1.86128125e-01
1.39175000e-08,1.86081250e-01
1.39575000e-08,1.86115625e-01
1.39975000e-08,1.86085938e-01
1.40375000e-08,1.86117188e-01
1.40775000e-08,1.86076563e-01
1.41175000e-08,1.86146875e-01
1.41575000e-08,1.85903125e-01
1.41975000e-08,1.85632812e-01
1.42375000e-08,1.85746875e-01
1.42775000e-08,1.85657813e-01
1.43175000e-08,1.85743750e-01
1.43575000e-08,1.85648438e-01
1.43975000e-08,1.85775000e-01
1.44375000e-08,1.85470313e-01
1.44775000e-08,1.85268750e-01
1.45175000e-08,1.85304688e-01
1.45575000e-08,1.85309375e-01
1.45975000e-08,1.85275000e-01
1.46375000e-08,1.85353125e-01
1.46775000e-08,1.85090625e-01
1.47175000e-08,1.84850000e-01
1.47575000e-08,1.84921875e-01
1.47975000e-08,1.84892187e-01
1.48375000e-08,1.84893750e-01
1.48775000e-08,1.84934375e-01
1.49175000e-08,1.84710938e-01
1.49575000e-08,1.84426563e-01
1.49975000e-08,1.84550000e-01
1.50375000e-08,1.84457813e-01
1.50775000e-08,1.84540625e-01
1.51175000e-08,1.84454688e-01
1.51575000e-08,1.84567188e-01
1.51975000e-08,1.84281250e-01
1.52375000e-08,1.84053125e-01
1.52775000e-08,1.84126563e-01
1.53175000e-08,1.84079688e-01
1.53575000e-08,1.84120312e-01
1.53975000e-08,1.84073437e-01
1.54375000e-08,1.84150000e-01
1.54775000e-08,1.83900000e-01
1.55175000e-08,1.83635938e-01
1.55575000e-08,1.83742188e-01
1.55975000e-08,1.83662500e-01
1.56375000e-08,1.83737500e-01
1.56775000e-08,1.83654687e-01
1.57175000e-08,1.83768750e-01
1.57575000e-08,1.83479688e-01
1.57975000e-08,1.83257813e-01
1.58375000e-08,1.83317188e-01
1.58775000e-08,1.83292188e-01
1.59175000e-08,1.83300000e-01
1.59575000e-08,1.83306250e-01
1.59975000e-08,1.83282813e-01
1.60375000e-08,1.83343750e-01
1.60775000e-08,1.83103125e-01
1.61175000e-08,1.82832812e-01
1.61575000e-08,1.82943750e-01
1.61975000e-08,1.82864063e-01
1.62375000e-08,1.82932813e-01
1.62775000e-08,1.82868750e-01
1.63175000e-08,1.82934375e-01
1.63575000e-08,1.82856250e-01
1.63975000e-08,1.82967188e-01
1.64375000e-08,1.82681250e-01
1.64775000e-08,1.82456250e-01
1.65175000e-08,1.82520313e-01
1.65575000e-08,1.82489063e-01
1.65975000e-08,1.82507813e-01
1.66375000e-08,1.82495313e-01
1.66775000e-08,1.82503125e-01
1.67175000e-08,1.82498437e-01
1.67575000e-08,1.82500000e-01
1.67975000e-08,1.82500000e-01
1.68375000e-08,1.82498437e-01
1.68775000e-08,1.82501563e-01
1.69175000e-08,1.82496875e-01
1.69575000e-08,1.82503125e-01
1.69975000e-08,1.82496875e-01
1.70375000e-08,1.82504688e-01
1.70775000e-08,1.82495313e-01
1.71175000e-08,1.82506250e-01
1.71575000e-08,1.82493750e-01
1.71975000e-08,1.82507813e-01
1.72375000e-08,1.82490625e-01
1.72775000e-08,1.82512500e-01
1.73175000e-08,1.82482813e-01
1.73575000e-08,1.82526563e-01
1.73975000e-08,1.82450000e-01
1.74375000e-08,1.82701562e-01
1.74775000e-08,1.82960938e-01
1.75175000e-08,1.82859375e-01
1.75575000e-08,1.82934375e-01
1.75975000e-08,1.82865625e-01
1.76375000e-08,1.82940625e-01
1.76775000e-08,1.82835938e-01
1.77175000e-08,1.83117188e-01
1.77575000e-08,1.83345312e-01
1.77975000e-08,1.83279688e-01
1.78375000e-08,1.83306250e-01
1.78775000e-08,1.83306250e-01
1.79175000e-08,1.83268750e-01
1.79575000e-08,1.83484375e-01
1.79975000e-08,1.83779688e-01
1.80375000e-08,1.83640625e-01
1.80775000e-08,1.83759375e-01
1.81175000e-08,1.83621875e-01
1.81575000e-08,1.83926563e-01
1.81975000e-08,1.84139063e-01
1.82375000e-08,1.84079688e-01
1.82775000e-08,1.84120312e-01
1.83175000e-08,1.84060938e-01
1.83575000e-08,1.84287500e-01
1.83975000e-08,1.84579688e-01
1.84375000e-08,1.84435938e-01
1.84775000e-08,1.84565625e-01
1.85175000e-08,1.84412500e-01
1.85575000e-08,1.84740625e-01
1.85975000e-08,1.84920313e-01
1.86375000e-08,1.84906250e-01
1.86775000e-08,1.84879688e-01
1.87175000e-08,1.84935938e-01
1.87575000e-08,1.84835938e-01
1.87975000e-08,1.85120312e-01
1.88375000e-08,1.85337500e-01
1.88775000e-08,1.85290625e-01
1.89175000e-08,1.85293750e-01
1.89575000e-08,1.85321875e-01
1.89975000e-08,1.85248438e-01
1.90375000e-08,1.85507813e-01
1.90775000e-08,1.85751562e-01
1.91175000e-08,1.85675000e-01
1.91575000e-08,1.85712500e-01
1.91975000e-08,1.85696875e-01
1.92375000e-08,1.85693750e-01
1.92775000e-08,1.85718750e-01
1.93175000e-08,1.85653125e-01
1.93575000e-08,1.85901563e-01
1.93975000e-08,1.86157813e-01
1.94375000e-08,1.86067188e-01
1.94775000e-08,1.86121875e-01
1.95175000e-08,1.86085938e-01
1.95575000e-08,1.86107812e-01
1.95975000e-08,1.86096875e-01
1.96375000e-08,1.86095312e-01
1.96775000e-08,1.86115625e-01
1.97175000e-08,1.86057813e-01
1.97575000e-08,1.86296875e-01
1.97975000e-08,1.86565625e-01
1.98375000e-08,1.86459375e-01
1.98775000e-08,1.86529688e-01
1.99175000e-08,1.86475000e-01
1.99575000e-08,1.86520313e-01
1.99975000e-08,1.86481250e-01
2.00375000e-08,1.86515625e-01
2.00775000e-08,1.86485938e-01
2.01175000e-08,1.86512500e-01
2.01575000e-08,1.86487500e-01
2.01975000e-08,1.86510938e-01
2.02375000e-08,1.86490625e-01
2.02775000e-08,1.86509375e-01
2.03175000e-08,1.86492188e-01
2.03575000e-08,1.86507813e-01
2.03975000e-08,1.86493750e-01
2.04375000e-08,1.86504688e-01
2.04775000e-08,1.86495313e-01
2.05175000e-08,1.86503125e-01
2.05575000e-08,1.86498438e-01
2.05975000e-08,1.86500000e-01
2.06375000e-08,1.86501562e-01
2.06775000e-08,1.86493750e-01
2.07175000e-08,1.86510938e-01
2.07575000e-08,1.86479688e-01
2.07975000e-08,1.86545313e-01
2.08375000e-08,1.86301563e-01
2.08775000e-08,1.86037500e-01
2.09175000e-08,1.86139063e-01
2.09575000e-08,1.86070313e-01
2.09975000e-08,1.86125000e-01
2.10375000e-08,1.86078125e-01
2.10775000e-08,1.86118750e-01
2.11175000e-08,1.86081250e-01
2.11575000e-08,1.86117188e-01
2.11975000e-08,1.86084375e-01
2.12375000e-08,1.86115625e-01
2.12775000e-08,1.86084375e-01
2.13175000e-08,1.86114063e-01
2.13575000e-08,1.86085938e-01
2.13975000e-08,1.86114063e-01
2.14375000e-08,1.86085938e-01
2.14775000e-08,1.86114063e-01
2.15175000e-08,1.86085938e-01
2.15575000e-08,1.86114063e-01
2.15975000e-08,1.86085938e-01
2.16375000e-08,1.86114063e-01
2.16775000e-08,1.86085938e-01
2.17175000e-08,1.86115625e-01
2.17575000e-08,1.86084375e-01
2.17975000e-08,1.86115625e-01
2.18375000e-08,1.86082812e-01
2.18775000e-08,1.86118750e-01
2.19175000e-08,1.86079688e-01
2.19575000e-08,1.86123438e-01
2.19975000e-08,1.86070313e-01
2.20375000e-08,1.86139063e-01
2.20775000e-08,1.86035937e-01
2.21175000e-08,1.86317188e-01
2.21575000e-08,1.86545313e-01
2.21975000e-08,1.86479688e-01
2.22375000e-08,1.86510938e-01
2.22775000e-08,1.86495313e-01
2.23175000e-08,1.86501562e-01
2.23575000e-08,1.86501562e-01
2.23975000e-08,1.86495313e-01
2.24375000e-08,1.86509375e-01
2.24775000e-08,1.86485938e-01
2.25175000e-08,1.86525000e-01
2.25575000e-08,1.86450000e-01
2.25975000e-08,1.86703125e-01
2.26375000e-08,1.86959375e-01
2.26775000e-08,1.86864063e-01
2.27175000e-08,1.86928125e-01
2.27575000e-08,1.86876563e-01
2.27975000e-08,1.86921875e-01
2.28375000e-08,1.86878125e-01
2.28775000e-08,1.86923438e-01
2.29175000e-08,1.86873438e-01
2.29575000e-08,1.86935938e-01
2.29975000e-08,1.86840625e-01
2.30375000e-08,1.87112500e-01
2.30775000e-08,1.87351563e-01
2.31175000e-08,1.87271875e-01
2.31575000e-08,1.87318750e-01
2.31975000e-08,1.87285937e-01
2.32375000e-08,1.87310937e-01
2.32775000e-08,1.87290625e-01
2.33175000e-08,1.87307813e-01
2.33575000e-08,1.87292188e-01
2.33975000e-08,1.87307813e-01
2.34375000e-08,1.87293750e-01
2.34775000e-08,1.87306250e-01
2.35175000e-08,1.87293750e-01
2.35575000e-08,1.87306250e-01
2.35975000e-08,1.87293750e-01
2.36375000e-08,1.87306250e-01
2.36775000e-08,1.87293750e-01
2.37175000e-08,1.87306250e-01
2.37575000e-08,1.87293750e-01
2.37975000e-08,1.87306250e-01
2.38375000e-08,1.87293750e-01
2.38775000e-08,1.87307813e-01
2.39175000e-08,1.87292188e-01
2.39575000e-08,1.87307813e-01
2.39975000e-08,1.87290625e-01
2.40375000e-08,1.87309375e-01
2.40775000e-08,1.87289063e-01
2.41175000e-08,1.87312500e-01
2.41575000e-08,1.87285937e-01
2.41975000e-08,1.87317188e-01
2.42375000e-08,1.87278125e-01
2.42775000e-08,1.87331250e-01
2.43175000e-08,1.87243750e-01
2.43575000e-08,1.87509375e-01
2.43975000e-08,1.87753125e-01
2.44375000e-08,1.87671875e-01
2.44775000e-08,1.87718750e-01
2.45175000e-08,1.87685938e-01
2.45575000e-08,1.87710938e-01
2.45975000e-08,1.87690625e-01
2.46375000e-08,1.87707813e-01
2.46775000e-08,1.87693750e-01
2.47175000e-08,1.87706250e-01
2.47575000e-08,1.87695313e-01
2.47975000e-08,1.87704687e-01
2.48375000e-08,1.87695313e-01
2.48775000e-08,1.87703125e-01
2.49175000e-08,1.87696875e-01
2.49575000e-08,1.87703125e-01
2.49975000e-08,1.87696875e-01
2.50375000e-08,1.87703125e-01
2.50775000e-08,1.87698438e-01
2.51175000e-08,1.87701563e-01
2.51575000e-08,1.87698438e-01
2.51975000e-08,1.87701563e-01
2.52375000e-08,1.87698438e-01
2.52775000e-08,1.87700000e-01
2.53175000e-08,1.87700000e-01
2.53575000e-08,1.87700000e-01
2.53975000e-08,1.87700000e-01
2.54375000e-08,1.87700000e-01
2.54775000e-08,1.87701563e-01
2.55175000e-08,1.87698438e-01
2.55575000e-08,1.87701563e-01
2.55975000e-08,1.87696875e-01
2.56375000e-08,1.87704687e-01
2.56775000e-08,1.87695313e-01
2.57175000e-08,1.87707813e-01
2.57575000e-08,1.87689063e-01
2.57975000e-08,1.87715625e-01
2.58375000e-08,1.87675000e-01
2.58775000e-08,1.87750000e-01
2.59175000e-08,1.87496875e-01
2.59575000e-08,1.87239062e-01
2.59975000e-08,1.87335937e-01
2.60375000e-08,1.87271875e-01
2.60775000e-08,1.87323437e-01
2.61175000e-08,1.87279688e-01
2.61575000e-08,1.87318750e-01
2.61975000e-08,1.87281250e-01
2.62375000e-08,1.87318750e-01
2.62775000e-08,1.87281250e-01
2.63175000e-08,1.87320313e-01
2.63575000e-08,1.87276563e-01
2.63975000e-08,1.87326563e-01
2.64375000e-08,1.87264062e-01
2.64775000e-08,1.87360938e-01
2.65175000e-08,1.87087500e-01
2.65575000e-08,1.86850000e-01
2.65975000e-08,1.86926563e-01
2.66375000e-08,1.86882812e-01
2.66775000e-08,1.86912500e-01
2.67175000e-08,1.86889063e-01
2.67575000e-08,1.86909375e-01
2.67975000e-08,1.86890625e-01
2.68375000e-08,1.86910938e-01
2.68775000e-08,1.86887500e-01
2.69175000e-08,1.86917187e-01
2.69575000e-08,1.86875000e-01
2.69975000e-08,1.86950000e-01
2.70375000e-08,1.86698438e-01
2.70775000e-08,1.86439063e-01
2.71175000e-08,1.86537500e-01
2.71575000e-08,1.86470313e-01
2.71975000e-08,1.86526562e-01
2.72375000e-08,1.86476562e-01
2.72775000e-08,1.86523438e-01
2.73175000e-08,1.86476562e-01
2.73575000e-08,1.86525000e-01
2.73975000e-08,1.86471875e-01
2.74375000e-08,1.86532813e-01
2.74775000e-08,1.86457813e-01
2.75175000e-08,1.86567188e-01
2.75575000e-08,1.86278125e-01
2.75975000e-08,1.86059375e-01
2.76375000e-08,1.86115625e-01
2.76775000e-08,1.86095312e-01
2.77175000e-08,1.86098438e-01
2.77575000e-08,1.86106250e-01
2.77975000e-08,1.86089063e-01
2.78375000e-08,1.86118750e-01
2.78775000e-08,1.86070313e-01
2.79175000e-08,1.86156250e-01
2.79575000e-08,1.85890625e-01
2.79975000e-08,1.85648438e-01
2.80375000e-08,1.85725000e-01
2.80775000e-08,1.85685938e-01
2.81175000e-08,1.85706250e-01
2.81575000e-08,1.85701563e-01
2.81975000e-08,1.85687500e-01
2.82375000e-08,1.85739062e-01
2.82775000e-08,1.85507813e-01
2.83175000e-08,1.85229688e-01
2.83575000e-08,1.85346875e-01
2.83975000e-08,1.85259375e-01
2.84375000e-08,1.85339063e-01
2.84775000e-08,1.85254688e-01
2.85175000e-08,1.85367188e-01
2.85575000e-08,1.85082812e-01
2.85975000e-08,1.84851563e-01
2.86375000e-08,1.84926563e-01
2.86775000e-08,1.84878125e-01
2.87175000e-08,1.84921875e-01
2.87575000e-08,1.84871875e-01
2.87975000e-08,1.84951562e-01
2.88375000e-08,1.84698438e-01
2.88775000e-08,1.84437500e-01
2.89175000e-08,1.84540625e-01
2.89575000e-08,1.84465625e-01
2.89975000e-08,1.84534375e-01
2.90375000e-08,1.84457813e-01
2.90775000e-08,1.84564063e-01
2.91175000e-08,1.84284375e-01
2.91575000e-08,1.84051563e-01
2.91975000e-08,1.84125000e-01
2.92375000e-08,1.84082812e-01
2.92775000e-08,1.84112500e-01
2.93175000e-08,1.84089063e-01
2.93575000e-08,1.84110938e-01
2.93975000e-08,1.84089063e-01
2.94375000e-08,1.84110938e-01
2.94775000e-08,1.84085938e-01
2.95175000e-08,1.84117188e-01
2.95575000e-08,1.84073437e-01
2.95975000e-08,1.84150000e-01
2.96375000e-08,1.83896875e-01
2.96775000e-08,1.83639063e-01
2.97175000e-08,1.83737500e-01
2.97575000e-08,1.83670313e-01
2.97975000e-08,1.83726562e-01
2.98375000e-08,1.83675000e-01
2.98775000e-08,1.83726562e-01
2.99175000e-08,1.83670313e-01
2.99575000e-08,1.83739062e-01
2.99975000e-08,1.83637500e-01
3.00375000e-08,1.83915625e-01
3.00775000e-08,1.84146875e-01
3.01175000e-08,1.84076563e-01
3.01575000e-08,1.84114063e-01
3.01975000e-08,1.84090625e-01
3.02375000e-08,1.84106250e-01
3.02775000e-08,1.84096875e-01
3.03175000e-08,1.84101563e-01
3.03575000e-08,1.84100000e-01
3.03975000e-08,1.84098438e-01
3.04375000e-08,1.84103125e-01
3.04775000e-08,1.84093750e-01
3.05175000e-08,1.84109375e-01
3.05575000e-08,1.84085938e-01
3.05975000e-08,1.84123438e-01
3.06375000e-08,1.84051563e-01
3.06775000e-08,1.84301563e-01
3.07175000e-08,1.84560937e-01
3.07575000e-08,1.84462500e-01
3.07975000e-08,1.84528125e-01
3.08375000e-08,1.84476562e-01
3.08775000e-08,1.84521875e-01
3.09175000e-08,1.84479688e-01
3.09575000e-08,1.84518750e-01
3.09975000e-08,1.84481250e-01
3.10375000e-08,1.84520313e-01
3.10775000e-08,1.84479688e-01
3.11175000e-08,1.84523437e-01
3.11575000e-08,1.84471875e-01
3.11975000e-08,1.84537500e-01
3.12375000e-08,1.84437500e-01
3.12775000e-08,1.84714062e-01
3.13175000e-08,1.84948438e-01
3.13575000e-08,1.84876563e-01
3.13975000e-08,1.84915625e-01
3.14375000e-08,1.84889063e-01
3.14775000e-08,1.84907813e-01
3.15175000e-08,1.84893750e-01
3.15575000e-08,1.84904687e-01
3.15975000e-08,1.84896875e-01
3.16375000e-08,1.84903125e-01
3.16775000e-08,1.84898438e-01
3.17175000e-08,1.84901563e-01
3.17575000e-08,1.84898438e-01
3.17975000e-08,1.84900000e-01
3.18375000e-08,1.84900000e-01
3.18775000e-08,1.84900000e-01
3.19175000e-08,1.84900000e-01
3.19575000e-08,1.84900000e-01
3.19975000e-08,1.84900000e-01
3.20375000e-08,1.84900000e-01
3.20775000e-08,1.84901563e-01
3.21175000e-08,1.84898438e-01
3.21575000e-08,1.84901563e-01
3.21975000e-08,1.84898438e-01
3.22375000e-08,1.84901563e-01
3.22775000e-08,1.84898438e-01
3.23175000e-08,1.84901563e-01
3.23575000e-08,1.84898438e-01
3.23975000e-08,1.84901563e-01
3.24375000e-08,1.84898438e-01
3.24775000e-08,1.84901563e-01
3.25175000e-08,1.84898438e-01
3.25575000e-08,1.84901563e-01
3.25975000e-08,1.84898438e-01
3.26375000e-08,1.84901563e-01
3.26775000e-08,1.84898438e-01
3.27175000e-08,1.84901563e-01
3.27575000e-08,1.84898438e-01
3.27975000e-08,1.84901563e-01
3.28375000e-08,1.84898438e-01
3.28775000e-08,1.84901563e-01
3.29175000e-08,1.84898438e-01
3.29575000e-08,1.84901563e-01
3.29975000e-08,1.84898438e-01
3.30375000e-08,1.84901563e-01
3.30775000e-08,1.84900000e-01
3.31175000e-08,1.84900000e-01
3.31575000e-08,1.84900000e-01
3.31975000e-08,1.84900000e-01
3.32375000e-08,1.84901563e-01
3.32775000e-08,1.84898438e-01
3.33175000e-08,1.84903125e-01
3.33575000e-08,1.84895313e-01
3.33975000e-08,1.84907813e-01
3.34375000e-08,1.84887500e-01
3.34775000e-08,1.84921875e-01
3.35175000e-08,1.84853125e-01
3.35575000e-08,1.85098438e-01
3.35975000e-08,1.85364063e-01
3.36375000e-08,1.85259375e-01
3.36775000e-08,1.85331250e-01
3.37175000e-08,1.85271875e-01
3.37575000e-08,1.85325000e-01
3.37975000e-08,1.85275000e-01
3.38375000e-08,1.85325000e-01
3.38775000e-08,1.85273437e-01
3.39175000e-08,1.85328125e-01
3.39575000e-08,1.85267188e-01
3.39975000e-08,1.85342188e-01
3.40375000e-08,1.85232813e-01
3.40775000e-08,1.85520313e-01
3.41175000e-08,1.85742188e-01
3.41575000e-08,1.85681250e-01
3.41975000e-08,1.85707813e-01
3.42375000e-08,1.85696875e-01
3.42775000e-08,1.85700000e-01
3.43175000e-08,1.85703125e-01
3.43575000e-08,1.85695313e-01
3.43975000e-08,1.85706250e-01
3.44375000e-08,1.85692187e-01
3.44775000e-08,1.85710938e-01
3.45175000e-08,1.85687500e-01
3.45575000e-08,1.85717188e-01
3.45975000e-08,1.85678125e-01
3.46375000e-08,1.85732813e-01
3.46775000e-08,1.85642187e-01
3.47175000e-08,1.85910938e-01
3.47575000e-08,1.86151563e-01
3.47975000e-08,1.86073437e-01
3.48375000e-08,1.86117188e-01
3.48775000e-08,1.86087500e-01
3.49175000e-08,1.86109375e-01
3.49575000e-08,1.86093750e-01
3.49975000e-08,1.86104688e-01
3.50375000e-08,1.86095312e-01
3.50775000e-08,1.86103125e-01
3.51175000e-08,1.86098438e-01
3.51575000e-08,1.86101563e-01
3.51975000e-08,1.86100000e-01
3.52375000e-08,1.86100000e-01
3.52775000e-08,1.86100000e-01
3.53175000e-08,1.86098438e-01
3.53575000e-08,1.86101563e-01
3.53975000e-08,1.86098438e-01
3.54375000e-08,1.86101563e-01
3.54775000e-08,1.86096875e-01
3.55175000e-08,1.86103125e-01
3.55575000e-08,1.86096875e-01
3.55975000e-08,1.86103125e-01
3.56375000e-08,1.86095312e-01
3.56775000e-08,1.86104688e-01
3.57175000e-08,1.86095312e-01
3.57575000e-08,1.86106250e-01
3.57975000e-08,1.86093750e-01
3.58375000e-08,1.86106250e-01
3.58775000e-08,1.86093750e-01
3.59175000e-08,1.86107812e-01
3.59575000e-08,1.86092188e-01
3.59975000e-08,1.86109375e-01
3.60375000e-08,1.86090625e-01
3.60775000e-08,1.86110938e-01
3.61175000e-08,1.86087500e-01
3.61575000e-08,1.86114063e-01
3.61975000e-08,1.86084375e-01
3.62375000e-08,1.86120312e-01
3.62775000e-08,1.86075000e-01
3.63175000e-08,1.86134375e-01
3.63575000e-08,1.86040625e-01
3.63975000e-08,1.86314063e-01
3.64375000e-08,1.86548437e-01
3.64775000e-08,1.86475000e-01
3.65175000e-08,1.86514062e-01
3.65575000e-08,1.86490625e-01
3.65975000e-08,1.86506250e-01
3.66375000e-08,1.86496875e-01
3.66775000e-08,1.86501562e-01
3.67175000e-08,1.86500000e-01
3.67575000e-08,1.86498438e-01
3.67975000e-08,1.86503125e-01
3.68375000e-08,1.86495313e-01
3.68775000e-08,1.86506250e-01
3.69175000e-08,1.86492188e-01
3.69575000e-08,1.86510938e-01
3.69975000e-08,1.86487500e-01
3.70375000e-08,1.86517188e-01
3.70775000e-08,1.86478125e-01
3.71175000e-08,1.86532813e-01
3.71575000e-08,1.86442187e-01
3.71975000e-08,1.86710938e-01
3.72375000e-08,1.86950000e-01
3.72775000e-08,1.86875000e-01
3.73175000e-08,1.86915625e-01
3.73575000e-08,1.86890625e-01
3.73975000e-08,1.86904687e-01
3.74375000e-08,1.86898438e-01
3.74775000e-08,1.86898438e-01
3.75175000e-08,1.86904687e-01
3.75575000e-08,1.86890625e-01
3.75975000e-08,1.86914063e-01
3.76375000e-08,1.86875000e-01
3.76775000e-08,1.86950000e-01
3.77175000e-08,1.86695313e-01
3.77575000e-08,1.86442187e-01
3.77975000e-08,1.86532813e-01
3.78375000e-08,1.86476562e-01
3.78775000e-08,1.86517188e-01
3.79175000e-08,1.86485938e-01
3.79575000e-08,1.86510938e-01
3.79975000e-08,1.86490625e-01
3.80375000e-08,1.86507813e-01
3.80775000e-08,1.86493750e-01
3.81175000e-08,1.86504688e-01
3.81575000e-08,1.86496875e-01
3.81975000e-08,1.86501562e-01
3.82375000e-08,1.86500000e-01
3.82775000e-08,1.86498438e-01
3.83175000e-08,1.86504688e-01
3.83575000e-08,1.86492188e-01
3.83975000e-08,1.86512500e-01
3.84375000e-08,1.86476562e-01
3.84775000e-08,1.86548437e-01
3.85175000e-08,1.86298437e-01
3.85575000e-08,1.86039063e-01
3.85975000e-08,1.86135938e-01
3.86375000e-08,1.86073437e-01
3.86775000e-08,1.86121875e-01
3.87175000e-08,1.86081250e-01
3.87575000e-08,1.86117188e-01
3.87975000e-08,1.86084375e-01
3.88375000e-08,1.86114063e-01
3.88775000e-08,1.86085938e-01
3.89175000e-08,1.86112500e-01
3.89575000e-08,1.86087500e-01
3.89975000e-08,1.86112500e-01
3.90375000e-08,1.86089063e-01
3.90775000e-08,1.86110938e-01
3.91175000e-08,1.86089063e-01
3.91575000e-08,1.86110938e-01
3.91975000e-08,1.86089063e-01
3.92375000e-08,1.86112500e-01
3.92775000e-08,1.86087500e-01
3.93175000e-08,1.86114063e-01
3.93575000e-08,1.86085938e-01
3.93975000e-08,1.86117188e-01
3.94375000e-08,1.86081250e-01
3.94775000e-08,1.86125000e-01
3.95175000e-08,1.86065625e-01
3.95575000e-08,1.86157813e-01
3.95975000e-08,1.85889063e-01
3.96375000e-08,1.85648438e-01
3.96775000e-08,1.85728125e-01
3.97175000e-08,1.85681250e-01
3.97575000e-08,1.85714062e-01
3.97975000e-08,1.85689063e-01
3.98375000e-08,1.85707813e-01
3.98775000e-08,1.85692187e-01
3.99175000e-08,1.85706250e-01
3.99575000e-08,1.85693750e-01
3.99975000e-08,1.85704688e-01
4.00375000e-08,1.85695313e-01
4.00775000e-08,1.85704688e-01
4.01175000e-08,1.85696875e-01
4.01575000e-08,1.85703125e-01
4.01975000e-08,1.85696875e-01
4.02375000e-08,1.85703125e-01
4.02775000e-08,1.85696875e-01
4.03175000e-08,1.85701563e-01
4.03575000e-08,1.85698438e-01
4.03975000e-08,1.85701563e-01
4.04375000e-08,1.85698438e-01
4.04775000e-08,1.85700000e-01
4.05175000e-08,1.85700000e-01
4.05575000e-08,1.85698438e-01
4.05975000e-08,1.85703125e-01
4.06375000e-08,1.85693750e-01
4.06775000e-08,1.85710938e-01
4.07175000e-08,1.85681250e-01
4.07575000e-08,1.85743750e-01
4.07975000e-08,1.85504688e-01
4.08375000e-08,1.85232813e-01
4.08775000e-08,1.85343750e-01
4.09175000e-08,1.85264062e-01
4.09575000e-08,1.85332812e-01
4.09975000e-08,1.85268750e-01
4.10375000e-08,1.85332812e-01
4.10775000e-08,1.85265625e-01
4.11175000e-08,1.85339063e-01
4.11575000e-08,1.85251562e-01
4.11975000e-08,1.85373438e-01
4.12375000e-08,1.85071875e-01
4.12775000e-08,1.84867188e-01
4.13175000e-08,1.84907813e-01
4.13575000e-08,1.84903125e-01
4.13975000e-08,1.84887500e-01
4.14375000e-08,1.84920313e-01
4.14775000e-08,1.84867188e-01
4.15175000e-08,1.84959375e-01
4.15575000e-08,1.84685938e-01
4.15975000e-08,1.84454688e-01
4.16375000e-08,1.84518750e-01
4.16775000e-08,1.84493750e-01
4.17175000e-08,1.84498438e-01
4.17575000e-08,1.84510937e-01
4.17975000e-08,1.84476562e-01
4.18375000e-08,1.84550000e-01
4.18775000e-08,1.84293750e-01
4.19175000e-08,1.84045313e-01
4.19575000e-08,1.84128125e-01
4.19975000e-08,1.84084375e-01
4.20375000e-08,1.84107812e-01
4.20775000e-08,1.84101563e-01
4.21175000e-08,1.84085938e-01
4.21575000e-08,1.84140625e-01
4.21975000e-08,1.83904687e-01
4.22375000e-08,1.83632813e-01
4.22775000e-08,1.83742188e-01
4.23175000e-08,1.83668750e-01
4.23575000e-08,1.83726562e-01
4.23975000e-08,1.83678125e-01
4.24375000e-08,1.83720313e-01
4.24775000e-08,1.83682813e-01
4.25175000e-08,1.83717188e-01
4.25575000e-08,1.83684375e-01
4.25975000e-08,1.83714062e-01
4.26375000e-08,1.83685938e-01
4.26775000e-08,1.83712500e-01
4.27175000e-08,1.83687500e-01
4.27575000e-08,1.83712500e-01
4.27975000e-08,1.83689062e-01
4.28375000e-08,1.83710938e-01
4.28775000e-08,1.83689062e-01
4.29175000e-08,1.83710938e-01
4.29575000e-08,1.83689062e-01
4.29975000e-08,1.83710938e-01
4.30375000e-08,1.83689062e-01
4.30775000e-08,1.83712500e-01
4.31175000e-08,1.83687500e-01
4.31575000e-08,1.83714062e-01
4.31975000e-08,1.83684375e-01
4.32375000e-08,1.83718750e-01
4.32775000e-08,1.83676563e-01
4.33175000e-08,1.83732813e-01
4.33575000e-08,1.83643750e-01
4.33975000e-08,1.83909375e-01
4.34375000e-08,1.84153125e-01
4.34775000e-08,1.84070312e-01
4.35175000e-08,1.84121875e-01
4.35575000e-08,1.84082812e-01
4.35975000e-08,1.84114063e-01
4.36375000e-08,1.84087500e-01
4.36775000e-08,1.84112500e-01
4.37175000e-08,1.84087500e-01
4.37575000e-08,1.84114063e-01
4.37975000e-08,1.84084375e-01
4.38375000e-08,1.84117188e-01
4.38775000e-08,1.84078125e-01
4.39175000e-08,1.84131250e-01
4.39575000e-08,1.84043750e-01
4.39975000e-08,1.84309375e-01
4.40375000e-08,1.84553125e-01
4.40775000e-08,1.84470313e-01
4.41175000e-08,1.84520313e-01
4.41575000e-08,1.84484375e-01
4.41975000e-08,1.84512500e-01
4.42375000e-08,1.84489062e-01
4.42775000e-08,1.84509375e-01
4.43175000e-08,1.84492188e-01
4.43575000e-08,1.84507813e-01
4.43975000e-08,1.84492188e-01
4.44375000e-08,1.84506250e-01
4.44775000e-08,1.84493750e-01
4.45175000e-08,1.84506250e-01
4.45575000e-08,1.84493750e-01
4.45975000e-08,1.84506250e-01
4.46375000e-08,1.84493750e-01
4.46775000e-08,1.84507813e-01
4.47175000e-08,1.84492188e-01
4.47575000e-08,1.84509375e-01
4.47975000e-08,1.84489062e-01
4.48375000e-08,1.84512500e-01
4.48775000e-08,1.84482813e-01
4.49175000e-08,1.84526563e-01
4.49575000e-08,1.84448438e-01
4.49975000e-08,1.84703125e-01
4.50375000e-08,1.84959375e-01
4.50775000e-08,1.84862500e-01
4.51175000e-08,1.84928125e-01
4.51575000e-08,1.84875000e-01
4.51975000e-08,1.84923438e-01
4.52375000e-08,1.84875000e-01
4.52775000e-08,1.84926563e-01
4.53175000e-08,1.84868750e-01
4.53575000e-08,1.84940625e-01
4.53975000e-08,1.84834375e-01
4.54375000e-08,1.85118750e-01
4.54775000e-08,1.85343750e-01
4.55175000e-08,1.85281250e-01
4.55575000e-08,1.85307813e-01
4.55975000e-08,1.85300000e-01
4.56375000e-08,1.85292188e-01
4.56775000e-08,1.85318750e-01
4.57175000e-08,1.85254688e-01
4.57575000e-08,1.85498438e-01
4.57975000e-08,1.85764062e-01
4.58375000e-08,1.85659375e-01
4.58775000e-08,1.85731250e-01
4.59175000e-08,1.85671875e-01
4.59575000e-08,1.85728125e-01
4.59975000e-08,1.85670313e-01
4.60375000e-08,1.85737500e-01
4.60775000e-08,1.85639063e-01
4.61175000e-08,1.85912500e-01
4.61575000e-08,1.86151563e-01
4.61975000e-08,1.86070313e-01
4.62375000e-08,1.86121875e-01
4.62775000e-08,1.86082812e-01
4.63175000e-08,1.86117188e-01
4.63575000e-08,1.86082812e-01
4.63975000e-08,1.86118750e-01
4.64375000e-08,1.86076563e-01
4.64775000e-08,1.86132812e-01
4.65175000e-08,1.86042188e-01
4.65575000e-08,1.86309375e-01
4.65975000e-08,1.86553125e-01
4.66375000e-08,1.86471875e-01
4.66775000e-08,1.86518750e-01
4.67175000e-08,1.86485938e-01
4.67575000e-08,1.86510938e-01
4.67975000e-08,1.86490625e-01
4.68375000e-08,1.86507813e-01
4.68775000e-08,1.86492188e-01
4.69175000e-08,1.86506250e-01
4.69575000e-08,1.86493750e-01
4.69975000e-08,1.86504688e-01
4.70375000e-08,1.86495313e-01
4.70775000e-08,1.86504688e-01
4.71175000e-08,1.86496875e-01
4.71575000e-08,1.86503125e-01
4.71975000e-08,1.86496875e-01
4.72375000e-08,1.86503125e-01
4.72775000e-08,1.86498438e-01
4.73175000e-08,1.86501562e-01
4.73575000e-08,1.86498438e-01
4.73975000e-08,1.86501562e-01
4.74375000e-08,1.86498438e-01
4.74775000e-08,1.86501562e-01
4.75175000e-08,1.86500000e-01
4.75575000e-08,1.86500000e-01
4.75975000e-08,1.86500000e-01
4.76375000e-08,1.86500000e-01
4.76775000e-08,1.86500000e-01
4.77175000e-08,1.86500000e-01
4.77575000e-08,1.86501562e-01
4.77975000e-08,1.86498438e-01
4.78375000e-08,1.86501562e-01
4.78775000e-08,1.86498438e-01
4.79175000e-08,1.86503125e-01
4.79575000e-08,1.86496875e-01
4.79975000e-08,1.86503125e-01
4.80375000e-08,1.86495313e-01
4.80775000e-08,1.86504688e-01
4.81175000e-08,1.86493750e-01
4.81575000e-08,1.86506250e-01
4.81975000e-08,1.86492188e-01
4.82375000e-08,1.86509375e-01
4.82775000e-08,1.86489062e-01
4.83175000e-08,1.86514062e-01
4.83575000e-08,1.86479688e-01
4.83975000e-08,1.86529688e-01
4.84375000e-08,1.86445313e-01
4.84775000e-08,1.86707813e-01
4.85175000e-08,1.86954687e-01
4.85575000e-08,1.86870312e-01
4.85975000e-08,1.86920313e-01
4.86375000e-08,1.86884375e-01
4.86775000e-08,1.86912500e-01
4.87175000e-08,1.86890625e-01
4.87575000e-08,1.86907812e-01
4.87975000e-08,1.86893750e-01
4.88375000e-08,1.86906250e-01
4.88775000e-08,1.86895313e-01
4.89175000e-08,1.86903125e-01
4.89575000e-08,1.86896875e-01
4.89975000e-08,1.86901563e-01
4.90375000e-08,1.86898438e-01
4.90775000e-08,1.86900000e-01
4.91175000e-08,1.86901563e-01
4.91575000e-08,1.86896875e-01
4.91975000e-08,1.86904687e-01
4.92375000e-08,1.86893750e-01
4.92775000e-08,1.86909375e-01
4.93175000e-08,1.86884375e-01
4.93575000e-08,1.86925000e-01
4.93975000e-08,1.86850000e-01
4.94375000e-08,1.87103125e-01
4.94775000e-08,1.87359375e-01
4.95175000e-08,1.87264062e-01
4.95575000e-08,1.87326563e-01
4.95975000e-08,1.87279688e-01
4.96375000e-08,1.87317188e-01
4.96775000e-08,1.87284375e-01
4.97175000e-08,1.87314063e-01
4.97575000e-08,1.87287500e-01
4.97975000e-08,1.87312500e-01
4.98375000e-08,1.87289063e-01
4.98775000e-08,1.87310937e-01
4.99175000e-08,1.87290625e-01
4.99575000e-08,1.87309375e-01
4.99975000e-08,1.87290625e-01
5.00375000e-08,1.87309375e-01
5.00775000e-08,1.87290625e-01
5.01175000e-08,1.87309375e-01
5.01575000e-08,1.87292188e-01
5.01975000e-08,1.87307813e-01
5.02375000e-08,1.87292188e-01
5.02775000e-08,1.87307813e-01
5.03175000e-08,1.87292188e-01
5.03575000e-08,1.87307813e-01
5.03975000e-08,1.87292188e-01
5.04375000e-08,1.87307813e-01
5.04775000e-08,1.87290625e-01
5.05175000e-08,1.87309375e-01
5.05575000e-08,1.87290625e-01
5.05975000e-08,1.87309375e-01
5.06375000e-08,1.87289063e-01
5.06775000e-08,1.87310937e-01
5.07175000e-08,1.87287500e-01
5.07575000e-08,1.87314063e-01
5.07975000e-08,1.87282813e-01
5.08375000e-08,1.87321875e-01
5.08775000e-08,1.87268750e-01
5.09175000e-08,1.87354688e-01
5.09575000e-08,1.87092188e-01
5.09975000e-08,1.86845312e-01
5.10375000e-08,1.86932813e-01
5.10775000e-08,1.86876563e-01
5.11175000e-08,1.86921875e-01
5.11575000e-08,1.86879688e-01
5.11975000e-08,1.86923438e-01
5.12375000e-08,1.86868750e-01
5.12775000e-08,1.86954687e-01
5.13175000e-08,1.86693750e-01
5.13575000e-08,1.86442187e-01
5.13975000e-08,1.86535937e-01
5.14375000e-08,1.86471875e-01
5.14775000e-08,1.86525000e-01
5.15175000e-08,1.86475000e-01
5.15575000e-08,1.86528125e-01
5.15975000e-08,1.86462500e-01
5.16375000e-08,1.86560937e-01
5.16775000e-08,1.86285937e-01
5.17175000e-08,1.86050000e-01
5.17575000e-08,1.86126563e-01
5.17975000e-08,1.86082812e-01
5.18375000e-08,1.86112500e-01
5.18775000e-08,1.86090625e-01
5.19175000e-08,1.86107812e-01
5.19575000e-08,1.86093750e-01
5.19975000e-08,1.86106250e-01
5.20375000e-08,1.86095312e-01
5.20775000e-08,1.86104688e-01
5.21175000e-08,1.86095312e-01
5.21575000e-08,1.86104688e-01
5.21975000e-08,1.86096875e-01
5.22375000e-08,1.86103125e-01
5.22775000e-08,1.86096875e-01
5.23175000e-08,1.86103125e-01
5.23575000e-08,1.86096875e-01
5.23975000e-08,1.86103125e-01
5.24375000e-08,1.86096875e-01
5.24775000e-08,1.86103125e-01
5.25175000e-08,1.86096875e-01
5.25575000e-08,1.86103125e-01
5.25975000e-08,1.86096875e-01
5.26375000e-08,1.86103125e-01
5.26775000e-08,1.86096875e-01
5.27175000e-08,1.86103125e-01
5.27575000e-08,1.86095312e-01
5.27975000e-08,1.86104688e-01
5.28375000e-08,1.86095312e-01
5.28775000e-08,1.86104688e-01
5.29175000e-08,1.86095312e-01
5.29575000e-08,1.86104688e-01
5.29975000e-08,1.86093750e-01
5.30375000e-08,1.86106250e-01
5.30775000e-08,1.86093750e-01
5.31175000e-08,1.86107812e-01
5.31575000e-08,1.86090625e-01
5.31975000e-08,1.86109375e-01
5.32375000e-08,1.86089063e-01
5.32775000e-08,1.86114063e-01
5.33175000e-08,1.86082812e-01
5.33575000e-08,1.86121875e-01
5.33975000e-08,1.86068750e-01
5.34375000e-08,1.86156250e-01
5.34775000e-08,1.85890625e-01
5.35175000e-08,1.85648438e-01
5.35575000e-08,1.85728125e-01
5.35975000e-08,1.85681250e-01
5.36375000e-08,1.85712500e-01
5.36775000e-08,1.85690625e-01
5.37175000e-08,1.85706250e-01
5.37575000e-08,1.85695313e-01
5.37975000e-08,1.85703125e-01
5.38375000e-08,1.85698438e-01
5.38775000e-08,1.85698438e-01
5.39175000e-08,1.85703125e-01
5.39575000e-08,1.85692187e-01
5.39975000e-08,1.85712500e-01
5.40375000e-08,1.85676563e-01
5.40775000e-08,1.85748438e-01
5.41175000e-08,1.85498438e-01
5.41575000e-08,1.85239062e-01
5.41975000e-08,1.85337500e-01
5.42375000e-08,1.85271875e-01
5.42775000e-08,1.85321875e-01
5.43175000e-08,1.85279688e-01
5.43575000e-08,1.85317188e-01
5.43975000e-08,1.85284375e-01
5.44375000e-08,1.85315625e-01
5.44775000e-08,1.85285937e-01
5.45175000e-08,1.85314063e-01
5.45575000e-08,1.85287500e-01
5.45975000e-08,1.85312500e-01
5.46375000e-08,1.85287500e-01
5.46775000e-08,1.85312500e-01
5.47175000e-08,1.85287500e-01
5.47575000e-08,1.85312500e-01
5.47975000e-08,1.85287500e-01
5.48375000e-08,1.85312500e-01
5.48775000e-08,1.85285937e-01
5.49175000e-08,1.85314063e-01
5.49575000e-08,1.85285937e-01
5.49975000e-08,1.85315625e-01
5.50375000e-08,1.85284375e-01
5.50775000e-08,1.85317188e-01
5.51175000e-08,1.85279688e-01
5.51575000e-08,1.85323438e-01
5.51975000e-08,1.85271875e-01
5.52375000e-08,1.85337500e-01
5.52775000e-08,1.85235938e-01
5.53175000e-08,1.85517188e-01
5.53575000e-08,1.85745313e-01
5.53975000e-08,1.85679687e-01
5.54375000e-08,1.85710938e-01
5.54775000e-08,1.85695313e-01
5.55175000e-08,1.85701563e-01
5.55575000e-08,1.85703125e-01
5.55975000e-08,1.85693750e-01
5.56375000e-08,1.85709375e-01
5.56775000e-08,1.85684375e-01
5.57175000e-08,1.85726562e-01
5.57575000e-08,1.85648438e-01
5.57975000e-08,1.85904687e-01
5.58375000e-08,1.86156250e-01
5.58775000e-08,1.86067188e-01
5.59175000e-08,1.86123438e-01
5.59575000e-08,1.86082812e-01
5.59975000e-08,1.86114063e-01
5.60375000e-08,1.86087500e-01
5.60775000e-08,1.86110938e-01
5.61175000e-08,1.86090625e-01
5.61575000e-08,1.86109375e-01
5.61975000e-08,1.86092188e-01
5.62375000e-08,1.86107812e-01
5.62775000e-08,1.86093750e-01
5.63175000e-08,1.86106250e-01
5.63575000e-08,1.86093750e-01
5.63975000e-08,1.86106250e-01
5.64375000e-08,1.86095312e-01
5.64775000e-08,1.86104688e-01
5.65175000e-08,1.86095312e-01
5.65575000e-08,1.86104688e-01
5.65975000e-08,1.86095312e-01
5.66375000e-08,1.86104688e-01
5.66775000e-08,1.86095312e-01
5.67175000e-08,1.86103125e-01
5.67575000e-08,1.86096875e-01
5.67975000e-08,1.86103125e-01
5.68375000e-08,1.86096875e-01
5.68775000e-08,1.86103125e-01
5.69175000e-08,1.86096875e-01
5.69575000e-08,1.86103125e-01
5.69975000e-08,1.86096875e-01
5.70375000e-08,1.86103125e-01
5.70775000e-08,1.86096875e-01
5.71175000e-08,1.86103125e-01
5.71575000e-08,1.86096875e-01
5.71975000e-08,1.86103125e-01
5.72375000e-08,1.86096875e-01
5.72775000e-08,1.86103125e-01
5.73175000e-08,1.86098438e-01
5.73575000e-08,1.86101563e-01
5.73975000e-08,1.86098438e-01
5.74375000e-08,1.86101563e-01
5.74775000e-08,1.86098438e-01
5.75175000e-08,1.86101563e-01
5.75575000e-08,1.86098438e-01
5.75975000e-08,1.86101563e-01
5.76375000e-08,1.86098438e-01
5.76775000e-08,1.86101563e-01
5.77175000e-08,1.86100000e-01
5.77575000e-08,1.86100000e-01
5.77975000e-08,1.86100000e-01
5.78375000e-08,1.86100000e-01
5.78775000e-08,1.86101563e-01
5.79175000e-08,1.86096875e-01
5.79575000e-08,1.86103125e-01
5.79975000e-08,1.86093750e-01
5.80375000e-08,1.86109375e-01
5.80775000e-08,1.86085938e-01
5.81175000e-08,1.86123438e-01
5.81575000e-08,1.86053125e-01
5.81975000e-08,1.86300000e-01
5.82375000e-08,1.86562500e-01
5.82775000e-08,1.86460938e-01
5.83175000e-08,1.86529688e-01
5.83575000e-08,1.86475000e-01
5.83975000e-08,1.86523438e-01
5.84375000e-08,1.86478125e-01
5.84775000e-08,1.86520313e-01
5.85175000e-08,1.86479688e-01
5.85575000e-08,1.86520313e-01
5.85975000e-08,1.86478125e-01
5.86375000e-08,1.86521875e-01
5.86775000e-08,1.86475000e-01
5.87175000e-08,1.86526562e-01
5.87575000e-08,1.86467188e-01
5.87975000e-08,1.86542188e-01
5.88375000e-08,1.86432813e-01
5.88775000e-08,1.86720313e-01
5.89175000e-08,1.86940625e-01
5.89575000e-08,1.86882812e-01
5.89975000e-08,1.86906250e-01
5.90375000e-08,1.86900000e-01
5.90775000e-08,1.86895313e-01
5.91175000e-08,1.86909375e-01
5.91575000e-08,1.86884375e-01
5.91975000e-08,1.86926563e-01
5.92375000e-08,1.86848438e-01
5.92775000e-08,1.87104688e-01
5.93175000e-08,1.87359375e-01
5.93575000e-08,1.87264062e-01
5.93975000e-08,1.87328125e-01
5.94375000e-08,1.87271875e-01
5.94775000e-08,1.87332813e-01
5.95175000e-08,1.87245313e-01
5.95575000e-08,1.87504688e-01
5.95975000e-08,1.87760938e-01
5.96375000e-08,1.87659375e-01
5.96775000e-08,1.87735938e-01
5.97175000e-08,1.87662500e-01
5.97575000e-08,1.87745313e-01
5.97975000e-08,1.87631250e-01
5.98375000e-08,1.87921875e-01
5.98775000e-08,1.88140625e-01
5.99175000e-08,1.88084375e-01
5.99575000e-08,1.88103125e-01
5.99975000e-08,1.88103125e-01
6.00375000e-08,1.88087500e-01
6.00775000e-08,1.88123438e-01
6.01175000e-08,1.88050000e-01
6.01575000e-08,1.88304688e-01
6.01975000e-08,1.88556250e-01
6.02375000e-08,1.88468750e-01
6.02775000e-08,1.88521875e-01
6.03175000e-08,1.88484375e-01
6.03575000e-08,1.88512500e-01
6.03975000e-08,1.88490625e-01
6.04375000e-08,1.88506250e-01
6.04775000e-08,1.88496875e-01
6.05175000e-08,1.88500000e-01
6.05575000e-08,1.88503125e-01
6.05975000e-08,1.88490625e-01
6.06375000e-08,1.88518750e-01
6.06775000e-08,1.88456250e-01
6.07175000e-08,1.88696875e-01
6.07575000e-08,1.88964063e-01
6.07975000e-08,1.88859375e-01
6.08375000e-08,1.88931250e-01
6.08775000e-08,1.88873438e-01
6.09175000e-08,1.88925000e-01
6.09575000e-08,1.88876563e-01
6.09975000e-08,1.88921875e-01
6.10375000e-08,1.88876563e-01
6.10775000e-08,1.88923438e-01
6.11175000e-08,1.88873438e-01
6.11575000e-08,1.88929687e-01
6.11975000e-08,1.88860938e-01
6.12375000e-08,1.88964063e-01
6.12775000e-08,1.88682813e-01
6.13175000e-08,1.88454687e-01
6.13575000e-08,1.88521875e-01
6.13975000e-08,1.88485938e-01
6.14375000e-08,1.88507813e-01
6.14775000e-08,1.88493750e-01
6.15175000e-08,1.88503125e-01
6.15575000e-08,1.88498438e-01
6.15975000e-08,1.88501562e-01
6.16375000e-08,1.88500000e-01
6.16775000e-08,1.88498438e-01
6.17175000e-08,1.88501562e-01
6.17575000e-08,1.88496875e-01
6.17975000e-08,1.88504688e-01
6.18375000e-08,1.88493750e-01
6.18775000e-08,1.88507813e-01
6.19175000e-08,1.88489062e-01
6.19575000e-08,1.88515625e-01
6.19975000e-08,1.88475000e-01
6.20375000e-08,1.88550000e-01
6.20775000e-08,1.88298437e-01
6.21175000e-08,1.88039063e-01
6.21575000e-08,1.88137500e-01
6.21975000e-08,1.88070313e-01
6.22375000e-08,1.88125000e-01
6.22775000e-08,1.88076563e-01
6.23175000e-08,1.88123438e-01
6.23575000e-08,1.88075000e-01
6.23975000e-08,1.88128125e-01
6.24375000e-08,1.88062500e-01
6.24775000e-08,1.88160938e-01
6.25175000e-08,1.87887500e-01
6.25575000e-08,1.87650000e-01
6.25975000e-08,1.87728125e-01
6.26375000e-08,1.87681250e-01
6.26775000e-08,1.87717187e-01
6.27175000e-08,1.87684375e-01
6.27575000e-08,1.87718750e-01
6.27975000e-08,1.87673438e-01
6.28375000e-08,1.87750000e-01
6.28775000e-08,1.87498438e-01
6.29175000e-08,1.87237500e-01
6.29575000e-08,1.87340625e-01
6.29975000e-08,1.87267188e-01
6.30375000e-08,1.87331250e-01
6.30775000e-08,1.87268750e-01
6.31175000e-08,1.87335937e-01
6.31575000e-08,1.87254688e-01
6.31975000e-08,1.87368750e-01
6.32375000e-08,1.87078125e-01
6.32775000e-08,1.86859375e-01
6.33175000e-08,1.86915625e-01
6.33575000e-08,1.86895313e-01
6.33975000e-08,1.86898438e-01
6.34375000e-08,1.86906250e-01
6.34775000e-08,1.86889063e-01
6.35175000e-08,1.86917187e-01
6.35575000e-08,1.86871875e-01
6.35975000e-08,1.86954687e-01
6.36375000e-08,1.86690625e-01
6.36775000e-08,1.86446875e-01
6.37175000e-08,1.86528125e-01
6.37575000e-08,1.86481250e-01
6.37975000e-08,1.86512500e-01
6.38375000e-08,1.86492188e-01
6.38775000e-08,1.86504688e-01
6.39175000e-08,1.86498438e-01
6.39575000e-08,1.86500000e-01
6.39975000e-08,1.86503125e-01
6.40375000e-08,1.86492188e-01
6.40775000e-08,1.86514062e-01
6.41175000e-08,1.86476562e-01
6.41575000e-08,1.86548437e-01
6.41975000e-08,1.86296875e-01
6.42375000e-08,1.86040625e-01
6.42775000e-08,1.86135938e-01
6.43175000e-08,1.86075000e-01
6.43575000e-08,1.86120312e-01
6.43975000e-08,1.86082812e-01
6.44375000e-08,1.86114063e-01
6.44775000e-08,1.86087500e-01
6.45175000e-08,1.86110938e-01
6.45575000e-08,1.86089063e-01
6.45975000e-08,1.86109375e-01
6.46375000e-08,1.86090625e-01
6.46775000e-08,1.86107812e-01
6.47175000e-08,1.86092188e-01
6.47575000e-08,1.86107812e-01
6.47975000e-08,1.86093750e-01
6.48375000e-08,1.86106250e-01
6.48775000e-08,1.86093750e-01
6.49175000e-08,1.86106250e-01
6.49575000e-08,1.86095312e-01
6.49975000e-08,1.86104688e-01
6.50375000e-08,1.86095312e-01
6.50775000e-08,1.86104688e-01
6.51175000e-08,1.86095312e-01
6.51575000e-08,1.86103125e-01
6.51975000e-08,1.86096875e-01
6.52375000e-08,1.86103125e-01
6.52775000e-08,1.86096875e-01
6.53175000e-08,1.86103125e-01
6.53575000e-08,1.86098438e-01
6.53975000e-08,1.86101563e-01
6.54375000e-08,1.86098438e-01
6.54775000e-08,1.86101563e-01
6.55175000e-08,1.86098438e-01
6.55575000e-08,1.86101563e-01
6.55975000e-08,1.86100000e-01
6.56375000e-08,1.86100000e-01
6.56775000e-08,1.86100000e-01
6.57175000e-08,1.86098438e-01
6.57575000e-08,1.86101563e-01
6.57975000e-08,1.86096875e-01
6.58375000e-08,1.86103125e-01
6.58775000e-08,1.86095312e-01
6.59175000e-08,1.86106250e-01
6.59575000e-08,1.86092188e-01
6.59975000e-08,1.86110938e-01
6.60375000e-08,1.86082812e-01
6.60775000e-08,1.86126563e-01
6.61175000e-08,1.86048437e-01
6.61575000e-08,1.86304688e-01
6.61975000e-08,1.86557813e-01
6.62375000e-08,1.86465625e-01
6.62775000e-08,1.86525000e-01
6.63175000e-08,1.86481250e-01
6.63575000e-08,1.86515625e-01
6.63975000e-08,1.86485938e-01
6.64375000e-08,1.86512500e-01
6.64775000e-08,1.86489062e-01
6.65175000e-08,1.86510938e-01
6.65575000e-08,1.86490625e-01
6.65975000e-08,1.86509375e-01
6.66375000e-08,1.86490625e-01
6.66775000e-08,1.86507813e-01
6.67175000e-08,1.86492188e-01
6.67575000e-08,1.86507813e-01
6.67975000e-08,1.86492188e-01
6.68375000e-08,1.86507813e-01
6.68775000e-08,1.86493750e-01
6.69175000e-08,1.86506250e-01
6.69575000e-08,1.86493750e-01
6.69975000e-08,1.86506250e-01
6.70375000e-08,1.86493750e-01
6.70775000e-08,1.86506250e-01
6.71175000e-08,1.86493750e-01
6.71575000e-08,1.86506250e-01
6.71975000e-08,1.86493750e-01
6.72375000e-08,1.86506250e-01
6.72775000e-08,1.86495313e-01
6.73175000e-08,1.86504688e-01
6.73575000e-08,1.86495313e-01
6.73975000e-08,1.86504688e-01
6.74375000e-08,1.86495313e-01
6.74775000e-08,1.86504688e-01
6.75175000e-08,1.86495313e-01
6.75575000e-08,1.86504688e-01
6.75975000e-08,1.86495313e-01
6.76375000e-08,1.86504688e-01
6.76775000e-08,1.86495313e-01
6.77175000e-08,1.86504688e-01
6.77575000e-08,1.86495313e-01
6.77975000e-08,1.86504688e-01
6.78375000e-08,1.86495313e-01
6.78775000e-08,1.86504688e-01
6.79175000e-08,1.86495313e-01
6.79575000e-08,1.86504688e-01
6.79975000e-08,1.86495313e-01
6.80375000e-08,1.86504688e-01
6.80775000e-08,1.86495313e-01
6.81175000e-08,1.86504688e-01
6.81575000e-08,1.86495313e-01
6.81975000e-08,1.86504688e-01
6.82375000e-08,1.86495313e-01
6.82775000e-08,1.86504688e-01
6.83175000e-08,1.86495313e-01
6.83575000e-08,1.86504688e-01
6.83975000e-08,1.86495313e-01
6.84375000e-08,1.86504688e-01
6.84775000e-08,1.86495313e-01
6.85175000e-08,1.86504688e-01
6.85575000e-08,1.86495313e-01
6.85975000e-08,1.86504688e-01
6.86375000e-08,1.86495313e-01
6.86775000e-08,1.86504688e-01
6.87175000e-08,1.86495313e-01
6.87575000e-08,1.86504688e-01
6.87975000e-08,1.86495313e-01
6.88375000e-08,1.86504688e-01
6.88775000e-08,1.86495313e-01
6.89175000e-08,1.86504688e-01
6.89575000e-08,1.86495313e-01
6.89975000e-08,1.86504688e-01
6.90375000e-08,1.86495313e-01
6.90775000e-08,1.86506250e-01
6.91175000e-08,1.86493750e-01
6.91575000e-08,1.86506250e-01
6.91975000e-08,1.86493750e-01
6.92375000e-08,1.86506250e-01
6.92775000e-08,1.86492188e-01
6.93175000e-08,1.86507813e-01
6.93575000e-08,1.86490625e-01
6.93975000e-08,1.86510938e-01
6.94375000e-08,1.86487500e-01
6.94775000e-08,1.86515625e-01
6.95175000e-08,1.86479688e-01
6.95575000e-08,1.86529688e-01
6.95975000e-08,1.86445313e-01
6.96375000e-08,1.86706250e-01
6.96775000e-08,1.86956250e-01
6.97175000e-08,1.86867188e-01
6.97575000e-08,1.86923438e-01
6.97975000e-08,1.86881250e-01
6.98375000e-08,1.86917187e-01
6.98775000e-08,1.86884375e-01
6.99175000e-08,1.86915625e-01
6.99575000e-08,1.86882812e-01
6.99975000e-08,1.86918750e-01
7.00375000e-08,1.86876563e-01
7.00775000e-08,1.86932813e-01
7.01175000e-08,1.86842188e-01
7.01575000e-08,1.87109375e-01
7.01975000e-08,1.87353125e-01
7.02375000e-08,1.87270313e-01
7.02775000e-08,1.87320313e-01
7.03175000e-08,1.87284375e-01
7.03575000e-08,1.87312500e-01
7.03975000e-08,1.87289063e-01
7.04375000e-08,1.87309375e-01
7.04775000e-08,1.87292188e-01
7.05175000e-08,1.87307813e-01
7.05575000e-08,1.87293750e-01
7.05975000e-08,1.87306250e-01
7.06375000e-08,1.87293750e-01
7.06775000e-08,1.87306250e-01
7.07175000e-08,1.87293750e-01
7.07575000e-08,1.87304688e-01
7.07975000e-08,1.87295313e-01
7.08375000e-08,1.87304688e-01
7.08775000e-08,1.87295313e-01
7.09175000e-08,1.87304688e-01
7.09575000e-08,1.87295313e-01
7.09975000e-08,1.87304688e-01
7.10375000e-08,1.87295313e-01
7.10775000e-08,1.87304688e-01
7.11175000e-08,1.87295313e-01
7.11575000e-08,1.87304688e-01
7.11975000e-08,1.87295313e-01
7.12375000e-08,1.87304688e-01
7.12775000e-08,1.87295313e-01
7.13175000e-08,1.87304688e-01
7.13575000e-08,1.87295313e-01
7.13975000e-08,1.87304688e-01
7.14375000e-08,1.87295313e-01
7.14775000e-08,1.87304688e-01
7.15175000e-08,1.87295313e-01
7.15575000e-08,1.87304688e-01
7.15975000e-08,1.87295313e-01
7.16375000e-08,1.87304688e-01
7.16775000e-08,1.87295313e-01
7.17175000e-08,1.87304688e-01
7.17575000e-08,1.87293750e-01
7.17975000e-08,1.87306250e-01
7.18375000e-08,1.87293750e-01
7.18775000e-08,1.87306250e-01
7.19175000e-08,1.87293750e-01
7.19575000e-08,1.87306250e-01
7.19975000e-08,1.87292188e-01
7.20375000e-08,1.87307813e-01
7.20775000e-08,1.87292188e-01
7.21175000e-08,1.87309375e-01
7.21575000e-08,1.87290625e-01
7.21975000e-08,1.87310937e-01
7.22375000e-08,1.87287500e-01
7.22775000e-08,1.87314063e-01
7.23175000e-08,1.87282813e-01
7.23575000e-08,1.87321875e-01
7.23975000e-08,1.87268750e-01
7.24375000e-08,1.87356250e-01
7.24775000e-08,1.87090625e-01
7.25175000e-08,1.86846875e-01
7.25575000e-08,1.86929687e-01
7.25975000e-08,1.86879688e-01
7.26375000e-08,1.86914063e-01
7.26775000e-08,1.86887500e-01
7.27175000e-08,1.86909375e-01
7.27575000e-08,1.86892188e-01
7.27975000e-08,1.86907812e-01
7.28375000e-08,1.86893750e-01
7.28775000e-08,1.86906250e-01
7.29175000e-08,1.86893750e-01
7.29575000e-08,1.86906250e-01
7.29975000e-08,1.86895313e-01
7.30375000e-08,1.86904687e-01
7.30775000e-08,1.86895313e-01
7.31175000e-08,1.86904687e-01
7.31575000e-08,1.86895313e-01
7.31975000e-08,1.86904687e-01
7.32375000e-08,1.86893750e-01
7.32775000e-08,1.86906250e-01
7.33175000e-08,1.86893750e-01
7.33575000e-08,1.86907812e-01
7.33975000e-08,1.86892188e-01
7.34375000e-08,1.86909375e-01
7.34775000e-08,1.86889063e-01
7.35175000e-08,1.86912500e-01
7.35575000e-08,1.86884375e-01
7.35975000e-08,1.86920313e-01
7.36375000e-08,1.86868750e-01
7.36775000e-08,1.86956250e-01
7.37175000e-08,1.86690625e-01
7.37575000e-08,1.86446875e-01
7.37975000e-08,1.86528125e-01
7.38375000e-08,1.86481250e-01
7.38775000e-08,1.86512500e-01
7.39175000e-08,1.86492188e-01
7.39575000e-08,1.86503125e-01
7.39975000e-08,1.86503125e-01
7.40375000e-08,1.86487500e-01
7.40775000e-08,1.86537500e-01
7.41175000e-08,1.86309375e-01
7.41575000e-08,1.86028125e-01
7.41975000e-08,1.86150000e-01
7.42375000e-08,1.86056250e-01
7.42775000e-08,1.86142188e-01
7.43175000e-08,1.86051563e-01
7.43575000e-08,1.86170313e-01
7.43975000e-08,1.85878125e-01
7.44375000e-08,1.85657813e-01
7.44775000e-08,1.85721875e-01
7.45175000e-08,1.85684375e-01
7.45575000e-08,1.85715625e-01
7.45975000e-08,1.85678125e-01
7.46375000e-08,1.85743750e-01
7.46775000e-08,1.85504688e-01
7.47175000e-08,1.85229688e-01
7.47575000e-08,1.85348438e-01
7.47975000e-08,1.85256250e-01
7.48375000e-08,1.85343750e-01
7.48775000e-08,1.85248438e-01
7.49175000e-08,1.85375000e-01
7.49575000e-08,1.85071875e-01
7.49975000e-08,1.84865625e-01
7.50375000e-08,1.84910938e-01
7.50775000e-08,1.84898438e-01
7.51175000e-08,1.84895313e-01
7.51575000e-08,1.84907813e-01
7.51975000e-08,1.84889063e-01
7.52375000e-08,1.84915625e-01
7.52775000e-08,1.84881250e-01
7.53175000e-08,1.84925000e-01
7.53575000e-08,1.84864063e-01
7.53975000e-08,1.84962500e-01
7.54375000e-08,1.84682813e-01
7.54775000e-08,1.84454688e-01
7.55175000e-08,1.84518750e-01
7.55575000e-08,1.84492188e-01
7.55975000e-08,1.84501562e-01
7.56375000e-08,1.84506250e-01
7.56775000e-08,1.84487500e-01
7.57175000e-08,1.84525000e-01
7.57575000e-08,1.84450000e-01
7.57975000e-08,1.84704688e-01
7.58375000e-08,1.84956250e-01
7.58775000e-08,1.84868750e-01
7.59175000e-08,1.84921875e-01
7.59575000e-08,1.84884375e-01
7.59975000e-08,1.84912500e-01
7.60375000e-08,1.84890625e-01
7.60775000e-08,1.84906250e-01
7.61175000e-08,1.84895313e-01
7.61575000e-08,1.84903125e-01
7.61975000e-08,1.84900000e-01
7.62375000e-08,1.84898438e-01
7.62775000e-08,1.84906250e-01
7.63175000e-08,1.84889063e-01
7.63575000e-08,1.84921875e-01
7.63975000e-08,1.84853125e-01
7.64375000e-08,1.85100000e-01
7.64775000e-08,1.85362500e-01
7.65175000e-08,1.85260938e-01
7.65575000e-08,1.85329688e-01
7.65975000e-08,1.85275000e-01
7.66375000e-08,1.85323438e-01
7.66775000e-08,1.85278125e-01
7.67175000e-08,1.85321875e-01
7.67575000e-08,1.85278125e-01
7.67975000e-08,1.85325000e-01
7.68375000e-08,1.85271875e-01
7.68775000e-08,1.85337500e-01
7.69175000e-08,1.85239062e-01
7.69575000e-08,1.85514063e-01
7.69975000e-08,1.85748438e-01
7.70375000e-08,1.85675000e-01
7.70775000e-08,1.85717188e-01
7.71175000e-08,1.85687500e-01
7.71575000e-08,1.85709375e-01
7.71975000e-08,1.85692187e-01
7.72375000e-08,1.85706250e-01
7.72775000e-08,1.85693750e-01
7.73175000e-08,1.85704688e-01
7.73575000e-08,1.85695313e-01
7.73975000e-08,1.85704688e-01
7.74375000e-08,1.85695313e-01
7.74775000e-08,1.85704688e-01
7.75175000e-08,1.85695313e-01
7.75575000e-08,1.85704688e-01
7.75975000e-08,1.85695313e-01
7.76375000e-08,1.85704688e-01
7.76775000e-08,1.85695313e-01
7.77175000e-08,1.85706250e-01
7.77575000e-08,1.85693750e-01
7.77975000e-08,1.85706250e-01
7.78375000e-08,1.85692187e-01
7.78775000e-08,1.85707813e-01
7.79175000e-08,1.85690625e-01
7.79575000e-08,1.85710938e-01
7.79975000e-08,1.85687500e-01
7.80375000e-08,1.85715625e-01
7.80775000e-08,1.85678125e-01
7.81175000e-08,1.85731250e-01
7.81575000e-08,1.85643750e-01
7.81975000e-08,1.85909375e-01
7.82375000e-08,1.86153125e-01
7.82775000e-08,1.86071875e-01
7.83175000e-08,1.86118750e-01
7.83575000e-08,1.86085938e-01
7.83975000e-08,1.86110938e-01
7.84375000e-08,1.86092188e-01
7.84775000e-08,1.86106250e-01
7.85175000e-08,1.86095312e-01
7.85575000e-08,1.86103125e-01
7.85975000e-08,1.86098438e-01
7.86375000e-08,1.86100000e-01
7.86775000e-08,1.86101563e-01
7.87175000e-08,1.86095312e-01
7.87575000e-08,1.86107812e-01
7.87975000e-08,1.86087500e-01
7.88375000e-08,1.86121875e-01
7.88775000e-08,1.86053125e-01
7.89175000e-08,1.86300000e-01
7.89575000e-08,1.86562500e-01
7.89975000e-08,1.86462500e-01
7.90375000e-08,1.86529688e-01
7.90775000e-08,1.86475000e-01
7.91175000e-08,1.86521875e-01
7.91575000e-08,1.86479688e-01
7.91975000e-08,1.86520313e-01
7.92375000e-08,1.86481250e-01
7.92775000e-08,1.86520313e-01
7.93175000e-08,1.86478125e-01
7.93575000e-08,1.86523438e-01
7.93975000e-08,1.86471875e-01
7.94375000e-08,1.86537500e-01
7.94775000e-08,1.86437500e-01
7.95175000e-08,1.86714062e-01
7.95575000e-08,1.86948438e-01
7.95975000e-08,1.86875000e-01
7.96375000e-08,1.86915625e-01
7.96775000e-08,1.86889063e-01
7.97175000e-08,1.86907812e-01
7.97575000e-08,1.86893750e-01
7.97975000e-08,1.86904687e-01
7.98375000e-08,1.86895313e-01
7.98775000e-08,1.86903125e-01
7.99175000e-08,1.86896875e-01
7.99575000e-08,1.86903125e-01
7.99975000e-08,1.86896875e-01
8.00375000e-08,1.86903125e-01
8.00775000e-08,1.86896875e-01
8.01175000e-08,1.86903125e-01
8.01575000e-08,1.86896875e-01
8.01975000e-08,1.86903125e-01
8.02375000e-08,1.86896875e-01
8.02775000e-08,1.86903125e-01
8.03175000e-08,1.86896875e-01
8.03575000e-08,1.86904687e-01
8.03975000e-08,1.86895313e-01
8.04375000e-08,1.86906250e-01
8.04775000e-08,1.86892188e-01
8.05175000e-08,1.86909375e-01
8.05575000e-08,1.86887500e-01
8.05975000e-08,1.86917187e-01
8.06375000e-08,1.86873438e-01
8.06775000e-08,1.86951563e-01
8.07175000e-08,1.86696875e-01
8.07575000e-08,1.86440625e-01
8.07975000e-08,1.86535937e-01
8.08375000e-08,1.86473438e-01
8.08775000e-08,1.86521875e-01
8.09175000e-08,1.86479688e-01
8.09575000e-08,1.86518750e-01
8.09975000e-08,1.86482813e-01
8.10375000e-08,1.86517188e-01
8.10775000e-08,1.86481250e-01
8.11175000e-08,1.86520313e-01
8.11575000e-08,1.86478125e-01
8.11975000e-08,1.86526562e-01
8.12375000e-08,1.86464062e-01
8.12775000e-08,1.86560937e-01
8.13175000e-08,1.86285937e-01
8.13575000e-08,1.86050000e-01
8.13975000e-08,1.86125000e-01
8.14375000e-08,1.86082812e-01
8.14775000e-08,1.86110938e-01
8.15175000e-08,1.86090625e-01
8.15575000e-08,1.86106250e-01
8.15975000e-08,1.86093750e-01
8.16375000e-08,1.86104688e-01
8.16775000e-08,1.86096875e-01
8.17175000e-08,1.86103125e-01
8.17575000e-08,1.86096875e-01
8.17975000e-08,1.86103125e-01
8.18375000e-08,1.86098438e-01
8.18775000e-08,1.86101563e-01
8.19175000e-08,1.86098438e-01
8.19575000e-08,1.86101563e-01
8.19975000e-08,1.86098438e-01
8.20375000e-08,1.86101563e-01
8.20775000e-08,1.86098438e-01
8.21175000e-08,1.86101563e-01
8.21575000e-08,1.86098438e-01
8.21975000e-08,1.86101563e-01
8.22375000e-08,1.86098438e-01
8.22775000e-08,1.86101563e-01
8.23175000e-08,1.86098438e-01
8.23575000e-08,1.86101563e-01
8.23975000e-08,1.86098438e-01
8.24375000e-08,1.86101563e-01
8.24775000e-08,1.86098438e-01
8.25175000e-08,1.86101563e-01
8.25575000e-08,1.86098438e-01
8.25975000e-08,1.86101563e-01
8.26375000e-08,1.86098438e-01
8.26775000e-08,1.86101563e-01
8.27175000e-08,1.86096875e-01
8.27575000e-08,1.86103125e-01
8.27975000e-08,1.86096875e-01
8.28375000e-08,1.86104688e-01
8.28775000e-08,1.86093750e-01
8.29175000e-08,1.86107812e-01
8.29575000e-08,1.86090625e-01
8.29975000e-08,1.86114063e-01
8.30375000e-08,1.86076563e-01
8.30775000e-08,1.86148438e-01
8.31175000e-08,1.85900000e-01
8.31575000e-08,1.85637500e-01
8.31975000e-08,1.85740625e-01
8.32375000e-08,1.85667187e-01
8.32775000e-08,1.85731250e-01
8.33175000e-08,1.85667187e-01
8.33575000e-08,1.85740625e-01
8.33975000e-08,1.85635938e-01
8.34375000e-08,1.85915625e-01
8.34775000e-08,1.86146875e-01
8.35175000e-08,1.86076563e-01
8.35575000e-08,1.86115625e-01
8.35975000e-08,1.86089063e-01
8.36375000e-08,1.86107812e-01
8.36775000e-08,1.86093750e-01
8.37175000e-08,1.86106250e-01
8.37575000e-08,1.86093750e-01
8.37975000e-08,1.86106250e-01
8.38375000e-08,1.86093750e-01
8.38775000e-08,1.86106250e-01
8.39175000e-08,1.86092188e-01
8.39575000e-08,1.86110938e-01
8.39975000e-08,1.86085938e-01
8.40375000e-08,1.86123438e-01
8.40775000e-08,1.86053125e-01
8.41175000e-08,1.86300000e-01
8.41575000e-08,1.86564063e-01
8.41975000e-08,1.86457813e-01
8.42375000e-08,1.86534375e-01
8.42775000e-08,1.86468750e-01
8.43175000e-08,1.86531250e-01
8.43575000e-08,1.86464062e-01
8.43975000e-08,1.86543750e-01
8.44375000e-08,1.86431250e-01
8.44775000e-08,1.86721875e-01
8.45175000e-08,1.86940625e-01
8.45575000e-08,1.86884375e-01
8.45975000e-08,1.86904687e-01
8.46375000e-08,1.86903125e-01
8.46775000e-08,1.86889063e-01
8.47175000e-08,1.86921875e-01
8.47575000e-08,1.86851563e-01
8.47975000e-08,1.87103125e-01
8.48375000e-08,1.87359375e-01
8.48775000e-08,1.87265625e-01
8.49175000e-08,1.87325000e-01
8.49575000e-08,1.87279688e-01
8.49975000e-08,1.87315625e-01
8.50375000e-08,1.87285937e-01
8.50775000e-08,1.87312500e-01
8.51175000e-08,1.87289063e-01
8.51575000e-08,1.87310937e-01
8.51975000e-08,1.87290625e-01
8.52375000e-08,1.87309375e-01
8.52775000e-08,1.87290625e-01
8.53175000e-08,1.87309375e-01
8.53575000e-08,1.87292188e-01
8.53975000e-08,1.87307813e-01
8.54375000e-08,1.87292188e-01
8.54775000e-08,1.87309375e-01
8.55175000e-08,1.87290625e-01
8.55575000e-08,1.87309375e-01
8.55975000e-08,1.87289063e-01
8.56375000e-08,1.87312500e-01
8.56775000e-08,1.87284375e-01
8.57175000e-08,1.87320313e-01
8.57575000e-08,1.87271875e-01
8.57975000e-08,1.87353125e-01
8.58375000e-08,1.87095312e-01
8.58775000e-08,1.86842188e-01
8.59175000e-08,1.86935938e-01
8.59575000e-08,1.86871875e-01
8.59975000e-08,1.86925000e-01
8.60375000e-08,1.86875000e-01
8.60775000e-08,1.86928125e-01
8.61175000e-08,1.86864063e-01
8.61575000e-08,1.86960938e-01
8.61975000e-08,1.86687500e-01
8.62375000e-08,1.86450000e-01
8.62775000e-08,1.86526562e-01
8.63175000e-08,1.86481250e-01
8.63575000e-08,1.86514062e-01
8.63975000e-08,1.86489062e-01
8.64375000e-08,1.86509375e-01
8.64775000e-08,1.86492188e-01
8.65175000e-08,1.86506250e-01
8.65575000e-08,1.86493750e-01
8.65975000e-08,1.86506250e-01
8.66375000e-08,1.86495313e-01
8.66775000e-08,1.86504688e-01
8.67175000e-08,1.86495313e-01
8.67575000e-08,1.86504688e-01
8.67975000e-08,1.86495313e-01
8.68375000e-08,1.86503125e-01
8.68775000e-08,1.86496875e-01
8.69175000e-08,1.86503125e-01
8.69575000e-08,1.86496875e-01
8.69975000e-08,1.86503125e-01
8.70375000e-08,1.86496875e-01
8.70775000e-08,1.86503125e-01
8.71175000e-08,1.86496875e-01
8.71575000e-08,1.86503125e-01
8.71975000e-08,1.86496875e-01
8.72375000e-08,1.86503125e-01
8.72775000e-08,1.86496875e-01
8.73175000e-08,1.86503125e-01
8.73575000e-08,1.86496875e-01
8.73975000e-08,1.86501562e-01
8.74375000e-08,1.86498438e-01
8.74775000e-08,1.86501562e-01
8.75175000e-08,1.86498438e-01
8.75575000e-08,1.86501562e-01
8.75975000e-08,1.86498438e-01
8.76375000e-08,1.86501562e-01
8.76775000e-08,1.86498438e-01
8.77175000e-08,1.86501562e-01
8.77575000e-08,1.86498438e-01
8.77975000e-08,1.86501562e-01
8.78375000e-08,1.86498438e-01
8.78775000e-08,1.86501562e-01
8.79175000e-08,1.86498438e-01
8.79575000e-08,1.86501562e-01
8.79975000e-08,1.86500000e-01
8.80375000e-08,1.86500000e-01
8.80775000e-08,1.86500000e-01
8.81175000e-08,1.86500000e-01
8.81575000e-08,1.86501562e-01
8.81975000e-08,1.86498438e-01
8.82375000e-08,1.86503125e-01
8.82775000e-08,1.86495313e-01
8.83175000e-08,1.86506250e-01
8.83575000e-08,1.86490625e-01
8.83975000e-08,1.86514062e-01
8.84375000e-08,1.86476562e-01
8.84775000e-08,1.86548437e-01
8.85175000e-08,1.86298437e-01
8.85575000e-08,1.86037500e-01
8.85975000e-08,1.86139063e-01
8.86375000e-08,1.86070313e-01
8.86775000e-08,1.86125000e-01
8.87175000e-08,1.86078125e-01
8.87575000e-08,1.86121875e-01
8.87975000e-08,1.86079688e-01
8.88375000e-08,1.86120312e-01
8.88775000e-08,1.86078125e-01
8.89175000e-08,1.86123438e-01
8.89575000e-08,1.86075000e-01
8.89975000e-08,1.86129688e-01
8.90375000e-08,1.86060937e-01
8.90775000e-08,1.86164063e-01
8.91175000e-08,1.85882812e-01
8.91575000e-08,1.85654687e-01
8.91975000e-08,1.85721875e-01
8.92375000e-08,1.85689063e-01
8.92775000e-08,1.85706250e-01
8.93175000e-08,1.85696875e-01
8.93575000e-08,1.85701563e-01
8.93975000e-08,1.85700000e-01
8.94375000e-08,1.85698438e-01
8.94775000e-08,1.85703125e-01
8.95175000e-08,1.85695313e-01
8.95575000e-08,1.85706250e-01
8.95975000e-08,1.85692187e-01
8.96375000e-08,1.85710938e-01
8.96775000e-08,1.85685938e-01
8.97175000e-08,1.85718750e-01
8.97575000e-08,1.85671875e-01
8.97975000e-08,1.85753125e-01
8.98375000e-08,1.85493750e-01
8.98775000e-08,1.85242188e-01
8.99175000e-08,1.85334375e-01
8.99575000e-08,1.85275000e-01
8.99975000e-08,1.85321875e-01
9.00375000e-08,1.85279688e-01
9.00775000e-08,1.85320313e-01
9.01175000e-08,1.85276563e-01
9.01575000e-08,1.85332812e-01
9.01975000e-08,1.85243750e-01
9.02375000e-08,1.85507813e-01
9.02775000e-08,1.85756250e-01
9.03175000e-08,1.85667187e-01
9.03575000e-08,1.85725000e-01
9.03975000e-08,1.85679687e-01
9.04375000e-08,1.85718750e-01
9.04775000e-08,1.85681250e-01
9.05175000e-08,1.85718750e-01
9.05575000e-08,1.85679687e-01
9.05975000e-08,1.85723438e-01
9.06375000e-08,1.85671875e-01
9.06775000e-08,1.85737500e-01
9.07175000e-08,1.85637500e-01
9.07575000e-08,1.85917187e-01
9.07975000e-08,1.86145312e-01
9.08375000e-08,1.86079688e-01
9.08775000e-08,1.86109375e-01
9.09175000e-08,1.86098438e-01
9.09575000e-08,1.86093750e-01
9.09975000e-08,1.86117188e-01
9.10375000e-08,1.86057813e-01
9.10775000e-08,1.86295313e-01
9.11175000e-08,1.86567188e-01
9.11575000e-08,1.86456250e-01
9.11975000e-08,1.86537500e-01
9.12375000e-08,1.86464062e-01
9.12775000e-08,1.86542188e-01
9.13175000e-08,1.86435938e-01
9.13575000e-08,1.86714062e-01
9.13975000e-08,1.86950000e-01
9.14375000e-08,1.86870312e-01
9.14775000e-08,1.86923438e-01
9.15175000e-08,1.86875000e-01
9.15575000e-08,1.86931250e-01
9.15975000e-08,1.86845312e-01
9.16375000e-08,1.87104688e-01
9.16775000e-08,1.87357812e-01
9.17175000e-08,1.87264062e-01
9.17575000e-08,1.87328125e-01
9.17975000e-08,1.87273438e-01
9.18375000e-08,1.87326563e-01
9.18775000e-08,1.87270313e-01
9.19175000e-08,1.87337500e-01
9.19575000e-08,1.87239062e-01
9.19975000e-08,1.87514062e-01
9.20375000e-08,1.87748438e-01
9.20775000e-08,1.87675000e-01
9.21175000e-08,1.87717187e-01
9.21575000e-08,1.87687500e-01
9.21975000e-08,1.87709375e-01
9.22375000e-08,1.87692187e-01
9.22775000e-08,1.87706250e-01
9.23175000e-08,1.87693750e-01
9.23575000e-08,1.87704687e-01
9.23975000e-08,1.87695313e-01
9.24375000e-08,1.87704687e-01
9.24775000e-08,1.87695313e-01
9.25175000e-08,1.87703125e-01
9.25575000e-08,1.87696875e-01
9.25975000e-08,1.87703125e-01
9.26375000e-08,1.87696875e-01
9.26775000e-08,1.87703125e-01
9.27175000e-08,1.87696875e-01
9.27575000e-08,1.87703125e-01
9.27975000e-08,1.87696875e-01
9.28375000e-08,1.87703125e-01
9.28775000e-08,1.87696875e-01
9.29175000e-08,1.87703125e-01
9.29575000e-08,1.87696875e-01
9.29975000e-08,1.87703125e-01
9.30375000e-08,1.87696875e-01
9.30775000e-08,1.87703125e-01
9.31175000e-08,1.87696875e-01
9.31575000e-08,1.87703125e-01
9.31975000e-08,1.87696875e-01
9.32375000e-08,1.87703125e-01
9.32775000e-08,1.87696875e-01
9.33175000e-08,1.87703125e-01
9.33575000e-08,1.87696875e-01
9.33975000e-08,1.87703125e-01
9.34375000e-08,1.87696875e-01
9.34775000e-08,1.87703125e-01
9.35175000e-08,1.87696875e-01
9.35575000e-08,1.87703125e-01
9.35975000e-08,1.87696875e-01
9.36375000e-08,1.87703125e-01
9.36775000e-08,1.87696875e-01
9.37175000e-08,1.87703125e-01
9.37575000e-08,1.87695313e-01
9.37975000e-08,1.87704687e-01
9.38375000e-08,1.87695313e-01
9.38775000e-08,1.87704687e-01
9.39175000e-08,1.87695313e-01
9.39575000e-08,1.87704687e-01
9.39975000e-08,1.87695313e-01
9.40375000e-08,1.87704687e-01
9.40775000e-08,1.87695313e-01
9.41175000e-08,1.87706250e-01
9.41575000e-08,1.87693750e-01
9.41975000e-08,1.87706250e-01
9.42375000e-08,1.87693750e-01
9.42775000e-08,1.87706250e-01
9.43175000e-08,1.87692187e-01
9.43575000e-08,1.87707813e-01
9.43975000e-08,1.87690625e-01
9.44375000e-08,1.87709375e-01
9.44775000e-08,1.87689063e-01
9.45175000e-08,1.87712500e-01
9.45575000e-08,1.87685938e-01
9.45975000e-08,1.87717187e-01
9.46375000e-08,1.87676563e-01
9.46775000e-08,1.87732813e-01
9.47175000e-08,1.87642188e-01
9.47575000e-08,1.87910938e-01
9.47975000e-08,1.88151563e-01
9.48375000e-08,1.88071875e-01
9.48775000e-08,1.88118750e-01
9.49175000e-08,1.88087500e-01
9.49575000e-08,1.88110938e-01
9.49975000e-08,1.88092188e-01
9.50375000e-08,1.88106250e-01
9.50775000e-08,1.88095313e-01
9.51175000e-08,1.88104688e-01
9.51575000e-08,1.88096875e-01
9.51975000e-08,1.88103125e-01
9.52375000e-08,1.88096875e-01
9.52775000e-08,1.88101563e-01
9.53175000e-08,1.88098437e-01
9.53575000e-08,1.88101563e-01
9.53975000e-08,1.88098437e-01
9.54375000e-08,1.88100000e-01
9.54775000e-08,1.88100000e-01
9.55175000e-08,1.88100000e-01
9.55575000e-08,1.88100000e-01
9.55975000e-08,1.88098437e-01
9.56375000e-08,1.88101563e-01
9.56775000e-08,1.88098437e-01
9.57175000e-08,1.88101563e-01
9.57575000e-08,1.88098437e-01
9.57975000e-08,1.88103125e-01
9.58375000e-08,1.88096875e-01
9.58775000e-08,1.88103125e-01
9.59175000e-08,1.88095313e-01
9.59575000e-08,1.88106250e-01
9.59975000e-08,1.88093750e-01
9.60375000e-08,1.88109375e-01
9.60775000e-08,1.88089063e-01
9.61175000e-08,1.88115625e-01
9.61575000e-08,1.88075000e-01
9.61975000e-08,1.88150000e-01
9.62375000e-08,1.87898438e-01
9.62775000e-08,1.87639063e-01
9.63175000e-08,1.87737500e-01
9.63575000e-08,1.87670313e-01
9.63975000e-08,1.87728125e-01
9.64375000e-08,1.87671875e-01
9.64775000e-08,1.87731250e-01
9.65175000e-08,1.87660938e-01
9.65575000e-08,1.87764062e-01
9.65975000e-08,1.87484375e-01
9.66375000e-08,1.87253125e-01
9.66775000e-08,1.87321875e-01
9.67175000e-08,1.87289063e-01
9.67575000e-08,1.87304688e-01
9.67975000e-08,1.87303125e-01
9.68375000e-08,1.87287500e-01
9.68775000e-08,1.87337500e-01
9.69175000e-08,1.87109375e-01
9.69575000e-08,1.86828125e-01
9.69975000e-08,1.86950000e-01
9.70375000e-08,1.86856250e-01
9.70775000e-08,1.86943750e-01
9.71175000e-08,1.86850000e-01
9.71575000e-08,1.86973438e-01
9.71975000e-08,1.86675000e-01
9.72375000e-08,1.86460938e-01
9.72775000e-08,1.86515625e-01
9.73175000e-08,1.86493750e-01
9.73575000e-08,1.86501562e-01
9.73975000e-08,1.86501562e-01
9.74375000e-08,1.86496875e-01
9.74775000e-08,1.86504688e-01
9.75175000e-08,1.86495313e-01
9.75575000e-08,1.86506250e-01
9.75975000e-08,1.86492188e-01
9.76375000e-08,1.86507813e-01
9.76775000e-08,1.86490625e-01
9.77175000e-08,1.86509375e-01
9.77575000e-08,1.86489062e-01
9.77975000e-08,1.86510938e-01
9.78375000e-08,1.86487500e-01
9.78775000e-08,1.86514062e-01
9.79175000e-08,1.86484375e-01
9.79575000e-08,1.86517188e-01
9.79975000e-08,1.86481250e-01
9.80375000e-08,1.86520313e-01
9.80775000e-08,1.86476562e-01
9.81175000e-08,1.86528125e-01
9.81575000e-08,1.86465625e-01
9.81975000e-08,1.86545313e-01
9.82375000e-08,1.86428125e-01
9.82775000e-08,1.86726562e-01
9.83175000e-08,1.86932813e-01
9.83575000e-08,1.86895313e-01
9.83975000e-08,1.86889063e-01
9.84375000e-08,1.86926563e-01
9.84775000e-08,1.86845312e-01
9.85175000e-08,1.87112500e-01
9.85575000e-08,1.87345312e-01
9.85975000e-08,1.87282813e-01
9.86375000e-08,1.87301563e-01
9.86775000e-08,1.87314063e-01
9.87175000e-08,1.87256250e-01
9.87575000e-08,1.87500000e-01
9.87975000e-08,1.87759375e-01
9.88375000e-08,1.87667187e-01
9.88775000e-08,1.87718750e-01
9.89175000e-08,1.87689063e-01
9.89575000e-08,1.87701563e-01
9.89975000e-08,1.87710938e-01
9.90375000e-08,1.87660938e-01
9.90775000e-08,1.87893750e-01
9.91175000e-08,1.88167187e-01
9.91575000e-08,1.88057813e-01
9.91975000e-08,1.88132812e-01
9.92375000e-08,1.88073437e-01
9.92775000e-08,1.88121875e-01
9.93175000e-08,1.88079688e-01
9.93575000e-08,1.88117188e-01
9.93975000e-08,1.88084375e-01
9.94375000e-08,1.88114063e-01
9.94775000e-08,1.88087500e-01
9.95175000e-08,1.88112500e-01
9.95575000e-08,1.88089063e-01
9.95975000e-08,1.88109375e-01
9.96375000e-08,1.88090625e-01
9.96775000e-08,1.88107812e-01
9.97175000e-08,1.88093750e-01
9.97575000e-08,1.88106250e-01
9.97975000e-08,1.88095313e-01
9.98375000e-08,1.88103125e-01
9.98775000e-08,1.88098437e-01
9.99175000e-08,1.88100000e-01
9.99575000e-08,1.88101563e-01
9.99975000e-08,1.88093750e-01
1.00037500e-07,1.88110938e-01
1.00077500e-07,1.88079688e-01
1.00117500e-07,1.88145312e-01
1.00157500e-07,1.87901563e-01
1.00197500e-07,1.87637500e-01
1.00237500e-07,1.87739062e-01
1.00277500e-07,1.87670313e-01
1.00317500e-07,1.87723438e-01
1.00357500e-07,1.87679687e-01
1.00397500e-07,1.87718750e-01
1.00437500e-07,1.87682813e-01
1.00477500e-07,1.87715625e-01
1.00517500e-07,1.87685938e-01
1.00557500e-07,1.87714063e-01
1.00597500e-07,1.87685938e-01
1.00637500e-07,1.87712500e-01
1.00677500e-07,1.87687500e-01
1.00717500e-07,1.87712500e-01
1.00757500e-07,1.87689063e-01
1.00797500e-07,1.87710938e-01
1.00837500e-07,1.87689063e-01
1.00877500e-07,1.87710938e-01
1.00917500e-07,1.87689063e-01
1.00957500e-07,1.87709375e-01
1.00997500e-07,1.87690625e-01
1.01037500e-07,1.87709375e-01
1.01077500e-07,1.87690625e-01
1.01117500e-07,1.87709375e-01
1.01157500e-07,1.87690625e-01
1.01197500e-07,1.87709375e-01
1.01237500e-07,1.87690625e-01
1.01277500e-07,1.87707813e-01
1.01317500e-07,1.87692187e-01
1.01357500e-07,1.87707813e-01
1.01397500e-07,1.87692187e-01
1.01437500e-07,1.87707813e-01
1.01477500e-07,1.87692187e-01
1.01517500e-07,1.87707813e-01
1.01557500e-07,1.87692187e-01
1.01597500e-07,1.87707813e-01
1.01637500e-07,1.87692187e-01
1.01677500e-07,1.87707813e-01
1.01717500e-07,1.87692187e-01
1.01757500e-07,1.87707813e-01
1.01797500e-07,1.87692187e-01
1.01837500e-07,1.87707813e-01
1.01877500e-07,1.87693750e-01
1.01917500e-07,1.87706250e-01
1.01957500e-07,1.87693750e-01
1.01997500e-07,1.87706250e-01
1.02037500e-07,1.87693750e-01
1.02077500e-07,1.87706250e-01
1.02117500e-07,1.87693750e-01
1.02157500e-07,1.87706250e-01
1.02197500e-07,1.87693750e-01
1.02237500e-07,1.87706250e-01
1.02277500e-07,1.87693750e-01
1.02317500e-07,1.87706250e-01
1.02357500e-07,1.87693750e-01
1.02397500e-07,1.87706250e-01
1.02437500e-07,1.87693750e-01
1.02477500e-07,1.87706250e-01
1.02517500e-07,1.87693750e-01
1.02557500e-07,1.87706250e-01
1.02597500e-07,1.87695313e-01
1.02637500e-07,1.87704687e-01
1.02677500e-07,1.87695313e-01
1.02717500e-07,1.87704687e-01
1.02757500e-07,1.87695313e-01
1.02797500e-07,1.87704687e-01
1.02837500e-07,1.87695313e-01
1.02877500e-07,1.87704687e-01
1.02917500e-07,1.87696875e-01
1.02957500e-07,1.87703125e-01
1.02997500e-07,1.87696875e-01
1.03037500e-07,1.87701563e-01
1.03077500e-07,1.87698438e-01
1.03117500e-07,1.87700000e-01
1.03157500e-07,1.87701563e-01
1.03197500e-07,1.87696875e-01
1.03237500e-07,1.87706250e-01
1.03277500e-07,1.87689063e-01
1.03317500e-07,1.87720313e-01
1.03357500e-07,1.87654688e-01
1.03397500e-07,1.87898438e-01
1.03437500e-07,1.88164063e-01
1.03477500e-07,1.88059375e-01
1.03517500e-07,1.88131250e-01
1.03557500e-07,1.88073437e-01
1.03597500e-07,1.88123438e-01
1.03637500e-07,1.88078125e-01
1.03677500e-07,1.88120312e-01
1.03717500e-07,1.88079688e-01
1.03757500e-07,1.88120312e-01
1.03797500e-07,1.88081250e-01
1.03837500e-07,1.88118750e-01
1.03877500e-07,1.88081250e-01
1.03917500e-07,1.88120312e-01
1.03957500e-07,1.88079688e-01
1.03997500e-07,1.88120312e-01
1.04037500e-07,1.88078125e-01
1.04077500e-07,1.88123438e-01
1.04117500e-07,1.88075000e-01
1.04157500e-07,1.88128125e-01
1.04197500e-07,1.88065625e-01
1.04237500e-07,1.88143750e-01
1.04277500e-07,1.88031250e-01
1.04317500e-07,1.88321875e-01
1.04357500e-07,1.88540625e-01
1.04397500e-07,1.88484375e-01
1.04437500e-07,1.88506250e-01
1.04477500e-07,1.88498438e-01
1.04517500e-07,1.88496875e-01
1.04557500e-07,1.88504688e-01
1.04597500e-07,1.88492188e-01
1.04637500e-07,1.88509375e-01
1.04677500e-07,1.88489062e-01
1.04717500e-07,1.88514062e-01
1.04757500e-07,1.88484375e-01
1.04797500e-07,1.88520313e-01
1.04837500e-07,1.88475000e-01
1.04877500e-07,1.88535938e-01
1.04917500e-07,1.88439063e-01
1.04957500e-07,1.88714063e-01
1.04997500e-07,1.88946875e-01
1.05037500e-07,1.88876563e-01
1.05077500e-07,1.88912500e-01
1.05117500e-07,1.88892188e-01
1.05157500e-07,1.88904688e-01
1.05197500e-07,1.88898438e-01
1.05237500e-07,1.88900000e-01
1.05277500e-07,1.88901563e-01
1.05317500e-07,1.88896875e-01
1.05357500e-07,1.88904688e-01
1.05397500e-07,1.88893750e-01
1.05437500e-07,1.88909375e-01
1.05477500e-07,1.88889063e-01
1.05517500e-07,1.88914063e-01
1.05557500e-07,1.88882812e-01
1.05597500e-07,1.88923438e-01
1.05637500e-07,1.88867188e-01
1.05677500e-07,1.88957813e-01
1.05717500e-07,1.88687500e-01
1.05757500e-07,1.88450000e-01
1.05797500e-07,1.88525000e-01
1.05837500e-07,1.88484375e-01
1.05877500e-07,1.88509375e-01
1.05917500e-07,1.88493750e-01
1.05957500e-07,1.88503125e-01
1.05997500e-07,1.88500000e-01
1.06037500e-07,1.88496875e-01
1.06077500e-07,1.88506250e-01
1.06117500e-07,1.88490625e-01
1.06157500e-07,1.88515625e-01
1.06197500e-07,1.88475000e-01
1.06237500e-07,1.88551563e-01
1.06277500e-07,1.88295313e-01
1.06317500e-07,1.88042188e-01
1.06357500e-07,1.88132812e-01
1.06397500e-07,1.88076563e-01
1.06437500e-07,1.88118750e-01
1.06477500e-07,1.88084375e-01
1.06517500e-07,1.88112500e-01
1.06557500e-07,1.88089063e-01
1.06597500e-07,1.88109375e-01
1.06637500e-07,1.88090625e-01
1.06677500e-07,1.88107812e-01
1.06717500e-07,1.88092188e-01
1.06757500e-07,1.88106250e-01
1.06797500e-07,1.88093750e-01
1.06837500e-07,1.88106250e-01
1.06877500e-07,1.88093750e-01
1.06917500e-07,1.88104688e-01
1.06957500e-07,1.88095313e-01
1.06997500e-07,1.88104688e-01
1.07037500e-07,1.88095313e-01
1.07077500e-07,1.88104688e-01
1.07117500e-07,1.88095313e-01
1.07157500e-07,1.88104688e-01
1.07197500e-07,1.88095313e-01
1.07237500e-07,1.88103125e-01
1.07277500e-07,1.88096875e-01
1.07317500e-07,1.88103125e-01
1.07357500e-07,1.88096875e-01
1.07397500e-07,1.88103125e-01
1.07437500e-07,1.88096875e-01
1.07477500e-07,1.88103125e-01
1.07517500e-07,1.88096875e-01
1.07557500e-07,1.88103125e-01
1.07597500e-07,1.88096875e-01
1.07637500e-07,1.88103125e-01
1.07677500e-07,1.88095313e-01
1.07717500e-07,1.88104688e-01
1.07757500e-07,1.88095313e-01
1.07797500e-07,1.88104688e-01
1.07837500e-07,1.88095313e-01
1.07877500e-07,1.88106250e-01
1.07917500e-07,1.88093750e-01
1.07957500e-07,1.88107812e-01
1.07997500e-07,1.88090625e-01
1.08037500e-07,1.88110938e-01
1.08077500e-07,1.88085937e-01
1.08117500e-07,1.88118750e-01
1.08157500e-07,1.88071875e-01
1.08197500e-07,1.88153125e-01
1.08237500e-07,1.87893750e-01
1.08277500e-07,1.87643750e-01
1.08317500e-07,1.87732813e-01
1.08357500e-07,1.87676563e-01
1.08397500e-07,1.87718750e-01
1.08437500e-07,1.87684375e-01
1.08477500e-07,1.87714063e-01
1.08517500e-07,1.87687500e-01
1.08557500e-07,1.87710938e-01
1.08597500e-07,1.87690625e-01
1.08637500e-07,1.87709375e-01
1.08677500e-07,1.87690625e-01
1.08717500e-07,1.87709375e-01
1.08757500e-07,1.87692187e-01
1.08797500e-07,1.87707813e-01
1.08837500e-07,1.87692187e-01
1.08877500e-07,1.87707813e-01
1.08917500e-07,1.87692187e-01
1.08957500e-07,1.87707813e-01
1.08997500e-07,1.87692187e-01
1.09037500e-07,1.87707813e-01
1.09077500e-07,1.87692187e-01
1.09117500e-07,1.87707813e-01
1.09157500e-07,1.87692187e-01
1.09197500e-07,1.87707813e-01
1.09237500e-07,1.87690625e-01
1.09277500e-07,1.87709375e-01
1.09317500e-07,1.87690625e-01
1.09357500e-07,1.87709375e-01
1.09397500e-07,1.87690625e-01
1.09437500e-07,1.87710938e-01
1.09477500e-07,1.87689063e-01
1.09517500e-07,1.87710938e-01
1.09557500e-07,1.87687500e-01
1.09597500e-07,1.87712500e-01
1.09637500e-07,1.87685938e-01
1.09677500e-07,1.87715625e-01
1.09717500e-07,1.87681250e-01
1.09757500e-07,1.87721875e-01
1.09797500e-07,1.87673438e-01
1.09837500e-07,1.87735938e-01
1.09877500e-07,1.87639063e-01
1.09917500e-07,1.87914063e-01
1.09957500e-07,1.88148438e-01
1.09997500e-07,1.88076563e-01
1.10037500e-07,1.88114063e-01
1.10077500e-07,1.88090625e-01
1.10117500e-07,1.88106250e-01
1.10157500e-07,1.88096875e-01
1.10197500e-07,1.88101563e-01
1.10237500e-07,1.88100000e-01
1.10277500e-07,1.88100000e-01
1.10317500e-07,1.88101563e-01
1.10357500e-07,1.88096875e-01
1.10397500e-07,1.88103125e-01
1.10437500e-07,1.88095313e-01
1.10477500e-07,1.88104688e-01
1.10517500e-07,1.88093750e-01
1.10557500e-07,1.88107812e-01
1.10597500e-07,1.88090625e-01
1.10637500e-07,1.88110938e-01
1.10677500e-07,1.88087500e-01
1.10717500e-07,1.88114063e-01
1.10757500e-07,1.88081250e-01
1.10797500e-07,1.88123438e-01
1.10837500e-07,1.88065625e-01
1.10877500e-07,1.88159375e-01
1.10917500e-07,1.87885938e-01
1.10957500e-07,1.87653125e-01
1.10997500e-07,1.87721875e-01
1.11037500e-07,1.87689063e-01
1.11077500e-07,1.87703125e-01
1.11117500e-07,1.87704687e-01
1.11157500e-07,1.87684375e-01
1.11197500e-07,1.87742188e-01
1.11237500e-07,1.87504688e-01
1.11277500e-07,1.87232813e-01
1.11317500e-07,1.87345312e-01
1.11357500e-07,1.87262500e-01
1.11397500e-07,1.87335937e-01
1.11437500e-07,1.87257813e-01
1.11477500e-07,1.87364063e-01
1.11517500e-07,1.87085938e-01
1.11557500e-07,1.86848438e-01
1.11597500e-07,1.86929687e-01
1.11637500e-07,1.86875000e-01
1.11677500e-07,1.86925000e-01
1.11717500e-07,1.86868750e-01
1.11757500e-07,1.86954687e-01
1.11797500e-07,1.86693750e-01
1.11837500e-07,1.86442187e-01
1.11877500e-07,1.86537500e-01
1.11917500e-07,1.86468750e-01
1.11957500e-07,1.86529688e-01
1.11997500e-07,1.86464062e-01
1.12037500e-07,1.86559375e-01
1.12077500e-07,1.86290625e-01
1.12117500e-07,1.86045313e-01
1.12157500e-07,1.86132812e-01
1.12197500e-07,1.86075000e-01
1.12237500e-07,1.86123438e-01
1.12277500e-07,1.86076563e-01
1.12317500e-07,1.86126563e-01
1.12357500e-07,1.86064063e-01
1.12397500e-07,1.86159375e-01
1.12437500e-07,1.85887500e-01
1.12477500e-07,1.85650000e-01
1.12517500e-07,1.85726562e-01
1.12557500e-07,1.85684375e-01
1.12597500e-07,1.85710938e-01
1.12637500e-07,1.85692187e-01
1.12677500e-07,1.85704688e-01
1.12717500e-07,1.85696875e-01
1.12757500e-07,1.85700000e-01
1.12797500e-07,1.85701563e-01
1.12837500e-07,1.85695313e-01
1.12877500e-07,1.85710938e-01
1.12917500e-07,1.85679687e-01
1.12957500e-07,1.85745313e-01
1.12997500e-07,1.85501562e-01
1.13037500e-07,1.85235938e-01
1.13077500e-07,1.85340625e-01
1.13117500e-07,1.85268750e-01
1.13157500e-07,1.85326563e-01
1.13197500e-07,1.85275000e-01
1.13237500e-07,1.85323438e-01
1.13277500e-07,1.85276563e-01
1.13317500e-07,1.85323438e-01
1.13357500e-07,1.85275000e-01
1.13397500e-07,1.85328125e-01
1.13437500e-07,1.85267188e-01
1.13477500e-07,1.85342188e-01
1.13517500e-07,1.85232813e-01
1.13557500e-07,1.85520313e-01
1.13597500e-07,1.85740625e-01
1.13637500e-07,1.85682813e-01
1.13677500e-07,1.85706250e-01
1.13717500e-07,1.85700000e-01
1.13757500e-07,1.85693750e-01
1.13797500e-07,1.85710938e-01
1.13837500e-07,1.85681250e-01
1.13877500e-07,1.85729688e-01
1.13917500e-07,1.85643750e-01
1.13957500e-07,1.85910938e-01
1.13997500e-07,1.86148438e-01
1.14037500e-07,1.86078125e-01
1.14077500e-07,1.86106250e-01
1.14117500e-07,1.86109375e-01
1.14157500e-07,1.86062500e-01
1.14197500e-07,1.86293750e-01
1.14237500e-07,1.86567188e-01
1.14277500e-07,1.86460938e-01
1.14317500e-07,1.86525000e-01
1.14357500e-07,1.86487500e-01
1.14397500e-07,1.86485938e-01
1.14437500e-07,1.86667187e-01
1.14477500e-07,1.86996875e-01
1.14517500e-07,1.86821875e-01
1.14557500e-07,1.86978125e-01
1.14597500e-07,1.86801563e-01
1.14637500e-07,1.87150000e-01
1.14677500e-07,1.87312500e-01
1.14717500e-07,1.87314063e-01
1.14757500e-07,1.87273438e-01
1.14797500e-07,1.87342188e-01
1.14837500e-07,1.87229688e-01
1.14877500e-07,1.87525000e-01
1.14917500e-07,1.87732813e-01
1.14957500e-07,1.87693750e-01
1.14997500e-07,1.87690625e-01
1.15037500e-07,1.87725000e-01
1.15077500e-07,1.87646875e-01
1.15117500e-07,1.87909375e-01
1.15157500e-07,1.88151563e-01
1.15197500e-07,1.88075000e-01
1.15237500e-07,1.88114063e-01
1.15277500e-07,1.88093750e-01
1.15317500e-07,1.88101563e-01
1.15357500e-07,1.88104688e-01
1.15397500e-07,1.88089063e-01
1.15437500e-07,1.88121875e-01
1.15477500e-07,1.88051563e-01
1.15517500e-07,1.88303125e-01
1.15557500e-07,1.88559375e-01
1.15597500e-07,1.88465625e-01
1.15637500e-07,1.88523438e-01
1.15677500e-07,1.88481250e-01
1.15717500e-07,1.88515625e-01
1.15757500e-07,1.88487500e-01
1.15797500e-07,1.88510938e-01
1.15837500e-07,1.88490625e-01
1.15877500e-07,1.88507813e-01
1.15917500e-07,1.88492188e-01
1.15957500e-07,1.88506250e-01
1.15997500e-07,1.88493750e-01
1.16037500e-07,1.88504688e-01
1.16077500e-07,1.88495313e-01
1.16117500e-07,1.88503125e-01
1.16157500e-07,1.88496875e-01
1.16197500e-07,1.88503125e-01
1.16237500e-07,1.88498438e-01
1.16277500e-07,1.88501562e-01
1.16317500e-07,1.88498438e-01
1.16357500e-07,1.88501562e-01
1.16397500e-07,1.88500000e-01
1.16437500e-07,1.88500000e-01
1.16477500e-07,1.88500000e-01
1.16517500e-07,1.88498438e-01
1.16557500e-07,1.88501562e-01
1.16597500e-07,1.88498438e-01
1.16637500e-07,1.88503125e-01
1.16677500e-07,1.88496875e-01
1.16717500e-07,1.88504688e-01
1.16757500e-07,1.88495313e-01
1.16797500e-07,1.88506250e-01
1.16837500e-07,1.88492188e-01
1.16877500e-07,1.88510938e-01
1.16917500e-07,1.88485938e-01
1.16957500e-07,1.88518750e-01
1.16997500e-07,1.88471875e-01
1.17037500e-07,1.88553125e-01
1.17077500e-07,1.88293750e-01
1.17117500e-07,1.88045313e-01
1.17157500e-07,1.88131250e-01
1.17197500e-07,1.88078125e-01
1.17237500e-07,1.88117188e-01
1.17277500e-07,1.88085937e-01
1.17317500e-07,1.88112500e-01
1.17357500e-07,1.88089063e-01
1.17397500e-07,1.88109375e-01
1.17437500e-07,1.88092188e-01
1.17477500e-07,1.88107812e-01
1.17517500e-07,1.88093750e-01
1.17557500e-07,1.88106250e-01
1.17597500e-07,1.88093750e-01
1.17637500e-07,1.88104688e-01
1.17677500e-07,1.88095313e-01
1.17717500e-07,1.88104688e-01
1.17757500e-07,1.88095313e-01
1.17797500e-07,1.88104688e-01
1.17837500e-07,1.88096875e-01
1.17877500e-07,1.88103125e-01
1.17917500e-07,1.88096875e-01
1.17957500e-07,1.88103125e-01
1.17997500e-07,1.88096875e-01
1.18037500e-07,1.88103125e-01
1.18077500e-07,1.88096875e-01
1.18117500e-07,1.88103125e-01
1.18157500e-07,1.88096875e-01
1.18197500e-07,1.88101563e-01
1.18237500e-07,1.88098437e-01
1.18277500e-07,1.88101563e-01
1.18317500e-07,1.88098437e-01
1.18357500e-07,1.88101563e-01
1.18397500e-07,1.88098437e-01
1.18437500e-07,1.88101563e-01
1.18477500e-07,1.88098437e-01
1.18517500e-07,1.88101563e-01
1.18557500e-07,1.88098437e-01
1.18597500e-07,1.88101563e-01
1.18637500e-07,1.88098437e-01
1.18677500e-07,1.88101563e-01
1.18717500e-07,1.88098437e-01
1.18757500e-07,1.88101563e-01
1.18797500e-07,1.88098437e-01
1.18837500e-07,1.88100000e-01
1.18877500e-07,1.88100000e-01
1.18917500e-07,1.88100000e-01
1.18957500e-07,1.88100000e-01
1.18997500e-07,1.88100000e-01
1.19037500e-07,1.88100000e-01
1.19077500e-07,1.88100000e-01
1.19117500e-07,1.88100000e-01
1.19157500e-07,1.88100000e-01
1.19197500e-07,1.88100000e-01
1.19237500e-07,1.88100000e-01
1.19277500e-07,1.88100000e-01
1.19317500e-07,1.88100000e-01
1.19357500e-07,1.88100000e-01
1.19397500e-07,1.88100000e-01
1.19437500e-07,1.88100000e-01
1.19477500e-07,1.88100000e-01
1.19517500e-07,1.88100000e-01
1.19557500e-07,1.88100000e-01
1.19597500e-07,1.88100000e-01
1.19637500e-07,1.88100000e-01
1.19677500e-07,1.88101563e-01
1.19717500e-07,1.88098437e-01
1.19757500e-07,1.88101563e-01
1.19797500e-07,1.88098437e-01
1.19837500e-07,1.88101563e-01
1.19877500e-07,1.88098437e-01
1.19917500e-07,1.88101563e-01
1.19957500e-07,1.88098437e-01
1.19997500e-07,1.88101563e-01
1.20037500e-07,1.88098437e-01
1.20077500e-07,1.88101563e-01
1.20117500e-07,1.88098437e-01
1.20157500e-07,1.88101563e-01
1.20197500e-07,1.88098437e-01
1.20237500e-07,1.88101563e-01
1.20277500e-07,1.88098437e-01
1.20317500e-07,1.88101563e-01
1.20357500e-07,1.88096875e-01
1.20397500e-07,1.88103125e-01
1.20437500e-07,1.88096875e-01
1.20477500e-07,1.88103125e-01
1.20517500e-07,1.88096875e-01
1.20557500e-07,1.88103125e-01
1.20597500e-07,1.88096875e-01
1.20637500e-07,1.88103125e-01
1.20677500e-07,1.88096875e-01
1.20717500e-07,1.88103125e-01
1.20757500e-07,1.88095313e-01
1.20797500e-07,1.88104688e-01
1.20837500e-07,1.88095313e-01
1.20877500e-07,1.88104688e-01
1.20917500e-07,1.88095313e-01
1.20957500e-07,1.88106250e-01
1.20997500e-07,1.88093750e-01
1.21037500e-07,1.88106250e-01
1.21077500e-07,1.88092188e-01
1.21117500e-07,1.88107812e-01
1.21157500e-07,1.88090625e-01
1.21197500e-07,1.88109375e-01
1.21237500e-07,1.88089063e-01
1.21277500e-07,1.88114063e-01
1.21317500e-07,1.88082813e-01
1.21357500e-07,1.88121875e-01
1.21397500e-07,1.88068750e-01
1.21437500e-07,1.88156250e-01
1.21477500e-07,1.87890625e-01
1.21517500e-07,1.87646875e-01
1.21557500e-07,1.87728125e-01
1.21597500e-07,1.87681250e-01
1.21637500e-07,1.87714063e-01
1.21677500e-07,1.87689063e-01
1.21717500e-07,1.87709375e-01
1.21757500e-07,1.87692187e-01
1.21797500e-07,1.87706250e-01
1.21837500e-07,1.87695313e-01
1.21877500e-07,1.87704687e-01
1.21917500e-07,1.87696875e-01
1.21957500e-07,1.87703125e-01
1.21997500e-07,1.87696875e-01
1.22037500e-07,1.87701563e-01
1.22077500e-07,1.87698438e-01
1.22117500e-07,1.87701563e-01
1.22157500e-07,1.87698438e-01
1.22197500e-07,1.87701563e-01
1.22237500e-07,1.87700000e-01
1.22277500e-07,1.87700000e-01
1.22317500e-07,1.87700000e-01
1.22357500e-07,1.87700000e-01
1.22397500e-07,1.87700000e-01
1.22437500e-07,1.87700000e-01
1.22477500e-07,1.87700000e-01
1.22517500e-07,1.87698438e-01
1.22557500e-07,1.87701563e-01
1.22597500e-07,1.87698438e-01
1.22637500e-07,1.87701563e-01
1.22677500e-07,1.87698438e-01
1.22717500e-07,1.87701563e-01
1.22757500e-07,1.87698438e-01
1.22797500e-07,1.87703125e-01
1.22837500e-07,1.87696875e-01
1.22877500e-07,1.87703125e-01
1.22917500e-07,1.87696875e-01
1.22957500e-07,1.87703125e-01
1.22997500e-07,1.87696875e-01
1.23037500e-07,1.87704687e-01
1.23077500e-07,1.87695313e-01
1.23117500e-07,1.87704687e-01
1.23157500e-07,1.87695313e-01
1.23197500e-07,1.87706250e-01
1.23237500e-07,1.87693750e-01
1.23277500e-07,1.87706250e-01
1.23317500e-07,1.87692187e-01
1.23357500e-07,1.87707813e-01
1.23397500e-07,1.87690625e-01
1.23437500e-07,1.87710938e-01
1.23477500e-07,1.87687500e-01
1.23517500e-07,1.87714063e-01
1.23557500e-07,1.87682813e-01
1.23597500e-07,1.87723438e-01
1.23637500e-07,1.87667187e-01
1.23677500e-07,1.87757813e-01
1.23717500e-07,1.87489062e-01
1.23757500e-07,1.87248438e-01
1.23797500e-07,1.87326563e-01
1.23837500e-07,1.87282813e-01
1.23877500e-07,1.87312500e-01
1.23917500e-07,1.87290625e-01
1.23957500e-07,1.87306250e-01
1.23997500e-07,1.87295313e-01
1.24037500e-07,1.87303125e-01
1.24077500e-07,1.87296875e-01
1.24117500e-07,1.87301563e-01
1.24157500e-07,1.87300000e-01
1.24197500e-07,1.87300000e-01
1.24237500e-07,1.87301563e-01
1.24277500e-07,1.87298437e-01
1.24317500e-07,1.87303125e-01
1.24357500e-07,1.87296875e-01
1.24397500e-07,1.87304688e-01
1.24437500e-07,1.87293750e-01
1.24477500e-07,1.87307813e-01
1.24517500e-07,1.87290625e-01
1.24557500e-07,1.87312500e-01
1.24597500e-07,1.87284375e-01
1.24637500e-07,1.87320313e-01
1.24677500e-07,1.87268750e-01
1.24717500e-07,1.87356250e-01
1.24757500e-07,1.87089063e-01
1.24797500e-07,1.86848438e-01
1.24837500e-07,1.86926563e-01
1.24877500e-07,1.86882812e-01
1.24917500e-07,1.86910938e-01
1.24957500e-07,1.86893750e-01
1.24997500e-07,1.86901563e-01
1.25037500e-07,1.86903125e-01
1.25077500e-07,1.86890625e-01
1.25117500e-07,1.86920313e-01
1.25157500e-07,1.86854688e-01
1.25197500e-07,1.87098438e-01
1.25237500e-07,1.87362500e-01
1.25277500e-07,1.87260938e-01
1.25317500e-07,1.87329688e-01
1.25357500e-07,1.87276563e-01
1.25397500e-07,1.87320313e-01
1.25437500e-07,1.87281250e-01
1.25477500e-07,1.87317188e-01
1.25517500e-07,1.87284375e-01
1.25557500e-07,1.87315625e-01
1.25597500e-07,1.87285937e-01
1.25637500e-07,1.87314063e-01
1.25677500e-07,1.87285937e-01
1.25717500e-07,1.87314063e-01
1.25757500e-07,1.87285937e-01
1.25797500e-07,1.87314063e-01
1.25837500e-07,1.87285937e-01
1.25877500e-07,1.87315625e-01
1.25917500e-07,1.87282813e-01
1.25957500e-07,1.87320313e-01
1.25997500e-07,1.87275000e-01
1.26037500e-07,1.87334375e-01
1.26077500e-07,1.87242188e-01
1.26117500e-07,1.87510938e-01
1.26157500e-07,1.87751562e-01
1.26197500e-07,1.87671875e-01
1.26237500e-07,1.87720313e-01
1.26277500e-07,1.87684375e-01
1.26317500e-07,1.87714063e-01
1.26357500e-07,1.87687500e-01
1.26397500e-07,1.87712500e-01
1.26437500e-07,1.87685938e-01
1.26477500e-07,1.87715625e-01
1.26517500e-07,1.87679687e-01
1.26557500e-07,1.87728125e-01
1.26597500e-07,1.87646875e-01
1.26637500e-07,1.87904688e-01
1.26677500e-07,1.88157813e-01
1.26717500e-07,1.88065625e-01
1.26757500e-07,1.88126563e-01
1.26797500e-07,1.88076563e-01
1.26837500e-07,1.88121875e-01
1.26877500e-07,1.88078125e-01
1.26917500e-07,1.88123438e-01
1.26957500e-07,1.88073437e-01
1.26997500e-07,1.88135938e-01
1.27037500e-07,1.88040625e-01
1.27077500e-07,1.88312500e-01
1.27117500e-07,1.88550000e-01
1.27157500e-07,1.88473438e-01
1.27197500e-07,1.88517188e-01
1.27237500e-07,1.88487500e-01
1.27277500e-07,1.88510938e-01
1.27317500e-07,1.88490625e-01
1.27357500e-07,1.88507813e-01
1.27397500e-07,1.88493750e-01
1.27437500e-07,1.88506250e-01
1.27477500e-07,1.88495313e-01
1.27517500e-07,1.88504688e-01
1.27557500e-07,1.88495313e-01
1.27597500e-07,1.88504688e-01
1.27637500e-07,1.88495313e-01
1.27677500e-07,1.88504688e-01
1.27717500e-07,1.88495313e-01
1.27757500e-07,1.88504688e-01
1.27797500e-07,1.88495313e-01
1.27837500e-07,1.88504688e-01
1.27877500e-07,1.88495313e-01
1.27917500e-07,1.88504688e-01
1.27957500e-07,1.88495313e-01
1.27997500e-07,1.88504688e-01
1.28037500e-07,1.88495313e-01
1.28077500e-07,1.88504688e-01
1.28117500e-07,1.88495313e-01
1.28157500e-07,1.88504688e-01
1.28197500e-07,1.88493750e-01
1.28237500e-07,1.88506250e-01
1.28277500e-07,1.88493750e-01
1.28317500e-07,1.88506250e-01
1.28357500e-07,1.88492188e-01
1.28397500e-07,1.88507813e-01
1.28437500e-07,1.88492188e-01
1.28477500e-07,1.88509375e-01
1.28517500e-07,1.88490625e-01
1.28557500e-07,1.88510938e-01
1.28597500e-07,1.88487500e-01
1.28637500e-07,1.88515625e-01
1.28677500e-07,1.88481250e-01
1.28717500e-07,1.88523438e-01
1.28757500e-07,1.88467188e-01
1.28797500e-07,1.88557813e-01
1.28837500e-07,1.88289062e-01
1.28877500e-07,1.88050000e-01
1.28917500e-07,1.88126563e-01
1.28957500e-07,1.88082813e-01
1.28997500e-07,1.88110938e-01
1.29037500e-07,1.88092188e-01
1.29077500e-07,1.88106250e-01
1.29117500e-07,1.88095313e-01
1.29157500e-07,1.88103125e-01
1.29197500e-07,1.88098437e-01
1.29237500e-07,1.88100000e-01
1.29277500e-07,1.88101563e-01
1.29317500e-07,1.88096875e-01
1.29357500e-07,1.88104688e-01
1.29397500e-07,1.88093750e-01
1.29437500e-07,1.88109375e-01
1.29477500e-07,1.88087500e-01
1.29517500e-07,1.88117188e-01
1.29557500e-07,1.88071875e-01
1.29597500e-07,1.88153125e-01
1.29637500e-07,1.87893750e-01
1.29677500e-07,1.87643750e-01
1.29717500e-07,1.87732813e-01
1.29757500e-07,1.87678125e-01
1.29797500e-07,1.87717187e-01
1.29837500e-07,1.87685938e-01
1.29877500e-07,1.87712500e-01
1.29917500e-07,1.87689063e-01
1.29957500e-07,1.87709375e-01
1.29997500e-07,1.87692187e-01
1.30037500e-07,1.87707813e-01
1.30077500e-07,1.87693750e-01
1.30117500e-07,1.87706250e-01
1.30157500e-07,1.87693750e-01
1.30197500e-07,1.87704687e-01
1.30237500e-07,1.87695313e-01
1.30277500e-07,1.87704687e-01
1.30317500e-07,1.87695313e-01
1.30357500e-07,1.87703125e-01
1.30397500e-07,1.87696875e-01
1.30437500e-07,1.87703125e-01
1.30477500e-07,1.87696875e-01
1.30517500e-07,1.87703125e-01
1.30557500e-07,1.87698438e-01
1.30597500e-07,1.87701563e-01
1.30637500e-07,1.87698438e-01
1.30677500e-07,1.87701563e-01
1.30717500e-07,1.87698438e-01
1.30757500e-07,1.87701563e-01
1.30797500e-07,1.87698438e-01
1.30837500e-07,1.87700000e-01
1.30877500e-07,1.87700000e-01
1.30917500e-07,1.87700000e-01
1.30957500e-07,1.87700000e-01
1.30997500e-07,1.87700000e-01
1.31037500e-07,1.87701563e-01
1.31077500e-07,1.87698438e-01
1.31117500e-07,1.87701563e-01
1.31157500e-07,1.87696875e-01
1.31197500e-07,1.87703125e-01
1.31237500e-07,1.87696875e-01
1.31277500e-07,1.87704687e-01
1.31317500e-07,1.87695313e-01
1.31357500e-07,1.87706250e-01
1.31397500e-07,1.87692187e-01
1.31437500e-07,1.87710938e-01
1.31477500e-07,1.87685938e-01
1.31517500e-07,1.87718750e-01
1.31557500e-07,1.87671875e-01
1.31597500e-07,1.87753125e-01
1.31637500e-07,1.87493750e-01
1.31677500e-07,1.87243750e-01
1.31717500e-07,1.87331250e-01
1.31757500e-07,1.87278125e-01
1.31797500e-07,1.87317188e-01
1.31837500e-07,1.87285937e-01
1.31877500e-07,1.87312500e-01
1.31917500e-07,1.87289063e-01
1.31957500e-07,1.87309375e-01
1.31997500e-07,1.87292188e-01
1.32037500e-07,1.87307813e-01
1.32077500e-07,1.87292188e-01
1.32117500e-07,1.87306250e-01
1.32157500e-07,1.87293750e-01
1.32197500e-07,1.87306250e-01
1.32237500e-07,1.87295313e-01
1.32277500e-07,1.87304688e-01
1.32317500e-07,1.87295313e-01
1.32357500e-07,1.87304688e-01
1.32397500e-07,1.87295313e-01
1.32437500e-07,1.87303125e-01
1.32477500e-07,1.87296875e-01
1.32517500e-07,1.87303125e-01
1.32557500e-07,1.87296875e-01
1.32597500e-07,1.87303125e-01
1.32637500e-07,1.87296875e-01
1.32677500e-07,1.87303125e-01
1.32717500e-07,1.87298437e-01
1.32757500e-07,1.87301563e-01
1.32797500e-07,1.87298437e-01
1.32837500e-07,1.87301563e-01
1.32877500e-07,1.87298437e-01
1.32917500e-07,1.87301563e-01
1.32957500e-07,1.87298437e-01
1.32997500e-07,1.87300000e-01
1.33037500e-07,1.87300000e-01
1.33077500e-07,1.87300000e-01
1.33117500e-07,1.87300000e-01
1.33157500e-07,1.87298437e-01
1.33197500e-07,1.87301563e-01
1.33237500e-07,1.87298437e-01
1.33277500e-07,1.87303125e-01
1.33317500e-07,1.87296875e-01
1.33357500e-07,1.87304688e-01
1.33397500e-07,1.87295313e-01
1.33437500e-07,1.87306250e-01
1.33477500e-07,1.87290625e-01
1.33517500e-07,1.87312500e-01
1.33557500e-07,1.87282813e-01
1.33597500e-07,1.87326563e-01
1.33637500e-07,1.87248438e-01
1.33677500e-07,1.87504688e-01
1.33717500e-07,1.87757813e-01
1.33757500e-07,1.87667187e-01
1.33797500e-07,1.87723438e-01
1.33837500e-07,1.87681250e-01
1.33877500e-07,1.87715625e-01
1.33917500e-07,1.87685938e-01
1.33957500e-07,1.87712500e-01
1.33997500e-07,1.87689063e-01
1.34037500e-07,1.87710938e-01
1.34077500e-07,1.87690625e-01
1.34117500e-07,1.87709375e-01
1.34157500e-07,1.87692187e-01
1.34197500e-07,1.87707813e-01
1.34237500e-07,1.87692187e-01
1.34277500e-07,1.87707813e-01
1.34317500e-07,1.87692187e-01
1.34357500e-07,1.87706250e-01
1.34397500e-07,1.87693750e-01
1.34437500e-07,1.87706250e-01
1.34477500e-07,1.87693750e-01
1.34517500e-07,1.87706250e-01
1.34557500e-07,1.87693750e-01
1.34597500e-07,1.87706250e-01
1.34637500e-07,1.87693750e-01
1.34677500e-07,1.87706250e-01
1.34717500e-07,1.87693750e-01
1.34757500e-07,1.87706250e-01
1.34797500e-07,1.87693750e-01
1.34837500e-07,1.87704687e-01
1.34877500e-07,1.87693750e-01
1.34917500e-07,1.87704687e-01
1.34957500e-07,1.87695313e-01
1.34997500e-07,1.87704687e-01
1.35037500e-07,1.87695313e-01
1.35077500e-07,1.87704687e-01
1.35117500e-07,1.87695313e-01
1.35157500e-07,1.87704687e-01
1.35197500e-07,1.87695313e-01
1.35237500e-07,1.87706250e-01
1.35277500e-07,1.87693750e-01
1.35317500e-07,1.87706250e-01
1.35357500e-07,1.87693750e-01
1.35397500e-07,1.87706250e-01
1.35437500e-07,1.87693750e-01
1.35477500e-07,1.87706250e-01
1.35517500e-07,1.87693750e-01
1.35557500e-07,1.87706250e-01
1.35597500e-07,1.87692187e-01
1.35637500e-07,1.87707813e-01
1.35677500e-07,1.87692187e-01
1.35717500e-07,1.87709375e-01
1.35757500e-07,1.87690625e-01
1.35797500e-07,1.87710938e-01
1.35837500e-07,1.87685938e-01
1.35877500e-07,1.87715625e-01
1.35917500e-07,1.87678125e-01
1.35957500e-07,1.87731250e-01
1.35997500e-07,1.87645312e-01
1.36037500e-07,1.87907812e-01
1.36077500e-07,1.88154688e-01
1.36117500e-07,1.88068750e-01
1.36157500e-07,1.88121875e-01
1.36197500e-07,1.88082813e-01
1.36237500e-07,1.88114063e-01
1.36277500e-07,1.88087500e-01
1.36317500e-07,1.88112500e-01
1.36357500e-07,1.88087500e-01
1.36397500e-07,1.88112500e-01
1.36437500e-07,1.88085937e-01
1.36477500e-07,1.88115625e-01
1.36517500e-07,1.88079688e-01
1.36557500e-07,1.88129688e-01
1.36597500e-07,1.88045313e-01
1.36637500e-07,1.88306250e-01
1.36677500e-07,1.88556250e-01
1.36717500e-07,1.88467188e-01
1.36757500e-07,1.88525000e-01
1.36797500e-07,1.88478125e-01
1.36837500e-07,1.88520313e-01
1.36877500e-07,1.88479687e-01
1.36917500e-07,1.88520313e-01
1.36957500e-07,1.88475000e-01
1.36997500e-07,1.88532813e-01
1.37037500e-07,1.88442187e-01
1.37077500e-07,1.88709375e-01
1.37117500e-07,1.88953125e-01
1.37157500e-07,1.88868750e-01
1.37197500e-07,1.88921875e-01
1.37237500e-07,1.88881250e-01
1.37277500e-07,1.88917188e-01
1.37317500e-07,1.88882812e-01
1.37357500e-07,1.88918750e-01
1.37397500e-07,1.88878125e-01
1.37437500e-07,1.88931250e-01
1.37477500e-07,1.88845313e-01
1.37517500e-07,1.89107812e-01
1.37557500e-07,1.89354688e-01
1.37597500e-07,1.89267188e-01
1.37637500e-07,1.89323437e-01
1.37677500e-07,1.89281250e-01
1.37717500e-07,1.89317188e-01
1.37757500e-07,1.89282813e-01
1.37797500e-07,1.89317188e-01
1.37837500e-07,1.89282813e-01
1.37877500e-07,1.89320313e-01
1.37917500e-07,1.89275000e-01
1.37957500e-07,1.89332813e-01
1.37997500e-07,1.89242188e-01
1.38037500e-07,1.89510938e-01
1.38077500e-07,1.89753125e-01
1.38117500e-07,1.89670312e-01
1.38157500e-07,1.89720313e-01
1.38197500e-07,1.89684375e-01
1.38237500e-07,1.89712500e-01
1.38277500e-07,1.89687500e-01
1.38317500e-07,1.89710938e-01
1.38357500e-07,1.89689063e-01
1.38397500e-07,1.89710938e-01
1.38437500e-07,1.89687500e-01
1.38477500e-07,1.89712500e-01
1.38517500e-07,1.89684375e-01
1.38557500e-07,1.89720313e-01
1.38597500e-07,1.89670312e-01
1.38637500e-07,1.89754688e-01
1.38677500e-07,1.89493750e-01
1.38717500e-07,1.89243750e-01
1.38757500e-07,1.89332813e-01
1.38797500e-07,1.89276562e-01
1.38837500e-07,1.89320313e-01
1.38877500e-07,1.89282813e-01
1.38917500e-07,1.89315625e-01
1.38957500e-07,1.89284375e-01
1.38997500e-07,1.89315625e-01
1.39037500e-07,1.89284375e-01
1.39077500e-07,1.89317188e-01
1.39117500e-07,1.89279688e-01
1.39157500e-07,1.89325000e-01
1.39197500e-07,1.89265625e-01
1.39237500e-07,1.89359375e-01
1.39277500e-07,1.89089063e-01
1.39317500e-07,1.88848438e-01
1.39357500e-07,1.88926563e-01
1.39397500e-07,1.88882812e-01
1.39437500e-07,1.88912500e-01
1.39477500e-07,1.88889063e-01
1.39517500e-07,1.88907812e-01
1.39557500e-07,1.88893750e-01
1.39597500e-07,1.88906250e-01
1.39637500e-07,1.88895312e-01
1.39677500e-07,1.88904688e-01
1.39717500e-07,1.88895312e-01
1.39757500e-07,1.88903125e-01
1.39797500e-07,1.88896875e-01
1.39837500e-07,1.88903125e-01
1.39877500e-07,1.88896875e-01
1.39917500e-07,1.88903125e-01
1.39957500e-07,1.88896875e-01
1.39997500e-07,1.88901563e-01
1.40037500e-07,1.88898438e-01
1.40077500e-07,1.88901563e-01
1.40117500e-07,1.88898438e-01
1.40157500e-07,1.88901563e-01
1.40197500e-07,1.88898438e-01
1.40237500e-07,1.88901563e-01
1.40277500e-07,1.88898438e-01
1.40317500e-07,1.88901563e-01
1.40357500e-07,1.88898438e-01
1.40397500e-07,1.88901563e-01
1.40437500e-07,1.88898438e-01
1.40477500e-07,1.88901563e-01
1.40517500e-07,1.88898438e-01
1.40557500e-07,1.88901563e-01
1.40597500e-07,1.88900000e-01
1.40637500e-07,1.88900000e-01
1.40677500e-07,1.88900000e-01
1.40717500e-07,1.88900000e-01
1.40757500e-07,1.88900000e-01
1.40797500e-07,1.88900000e-01
1.40837500e-07,1.88900000e-01
1.40877500e-07,1.88900000e-01
1.40917500e-07,1.88900000e-01
1.40957500e-07,1.88900000e-01
1.40997500e-07,1.88901563e-01
1.41037500e-07,1.88898438e-01
1.41077500e-07,1.88901563e-01
1.41117500e-07,1.88898438e-01
1.41157500e-07,1.88903125e-01
1.41197500e-07,1.88896875e-01
1.41237500e-07,1.88904688e-01
1.41277500e-07,1.88893750e-01
1.41317500e-07,1.88907812e-01
1.41357500e-07,1.88889063e-01
1.41397500e-07,1.88915625e-01
1.41437500e-07,1.88875000e-01
1.41477500e-07,1.88948438e-01
1.41517500e-07,1.88698438e-01
1.41557500e-07,1.88439063e-01
1.41597500e-07,1.88537500e-01
1.41637500e-07,1.88471875e-01
1.41677500e-07,1.88523438e-01
1.41717500e-07,1.88478125e-01
1.41757500e-07,1.88520313e-01
1.41797500e-07,1.88479687e-01
1.41837500e-07,1.88520313e-01
1.41877500e-07,1.88479687e-01
1.41917500e-07,1.88521875e-01
1.41957500e-07,1.88475000e-01
1.41997500e-07,1.88529688e-01
1.42037500e-07,1.88460938e-01
1.42077500e-07,1.88564063e-01
1.42117500e-07,1.88282813e-01
1.42157500e-07,1.88054688e-01
1.42197500e-07,1.88120312e-01
1.42237500e-07,1.88089063e-01
1.42277500e-07,1.88104688e-01
1.42317500e-07,1.88098437e-01
1.42357500e-07,1.88098437e-01
1.42397500e-07,1.88104688e-01
1.42437500e-07,1.88090625e-01
1.42477500e-07,1.88115625e-01
1.42517500e-07,1.88075000e-01
1.42557500e-07,1.88150000e-01
1.42597500e-07,1.87896875e-01
1.42637500e-07,1.87642188e-01
1.42677500e-07,1.87734375e-01
1.42717500e-07,1.87675000e-01
1.42757500e-07,1.87720313e-01
1.42797500e-07,1.87682813e-01
1.42837500e-07,1.87715625e-01
1.42877500e-07,1.87685938e-01
1.42917500e-07,1.87712500e-01
1.42957500e-07,1.87687500e-01
1.42997500e-07,1.87712500e-01
1.43037500e-07,1.87689063e-01
1.43077500e-07,1.87712500e-01
1.43117500e-07,1.87687500e-01
1.43157500e-07,1.87712500e-01
1.43197500e-07,1.87685938e-01
1.43237500e-07,1.87715625e-01
1.43277500e-07,1.87681250e-01
1.43317500e-07,1.87723438e-01
1.43357500e-07,1.87667187e-01
1.43397500e-07,1.87757813e-01
1.43437500e-07,1.87489062e-01
1.43477500e-07,1.87248438e-01
1.43517500e-07,1.87328125e-01
1.43557500e-07,1.87281250e-01
1.43597500e-07,1.87314063e-01
1.43637500e-07,1.87289063e-01
1.43677500e-07,1.87309375e-01
1.43717500e-07,1.87292188e-01
1.43757500e-07,1.87307813e-01
1.43797500e-07,1.87293750e-01
1.43837500e-07,1.87306250e-01
1.43877500e-07,1.87295313e-01
1.43917500e-07,1.87304688e-01
1.43957500e-07,1.87295313e-01
1.43997500e-07,1.87304688e-01
1.44037500e-07,1.87295313e-01
1.44077500e-07,1.87304688e-01
1.44117500e-07,1.87296875e-01
1.44157500e-07,1.87303125e-01
1.44197500e-07,1.87296875e-01
1.44237500e-07,1.87303125e-01
1.44277500e-07,1.87296875e-01
1.44317500e-07,1.87303125e-01
1.44357500e-07,1.87296875e-01
1.44397500e-07,1.87303125e-01
1.44437500e-07,1.87296875e-01
1.44477500e-07,1.87303125e-01
1.44517500e-07,1.87296875e-01
1.44557500e-07,1.87303125e-01
1.44597500e-07,1.87296875e-01
1.44637500e-07,1.87303125e-01
1.44677500e-07,1.87296875e-01
1.44717500e-07,1.87303125e-01
1.44757500e-07,1.87296875e-01
1.44797500e-07,1.87303125e-01
1.44837500e-07,1.87296875e-01
1.44877500e-07,1.87303125e-01
1.44917500e-07,1.87296875e-01
1.44957500e-07,1.87303125e-01
1.44997500e-07,1.87296875e-01
1.45037500e-07,1.87303125e-01
1.45077500e-07,1.87296875e-01
1.45117500e-07,1.87303125e-01
1.45157500e-07,1.87296875e-01
1.45197500e-07,1.87303125e-01
1.45237500e-07,1.87296875e-01
1.45277500e-07,1.87303125e-01
1.45317500e-07,1.87296875e-01
1.45357500e-07,1.87303125e-01
1.45397500e-07,1.87296875e-01
1.45437500e-07,1.87303125e-01
1.45477500e-07,1.87296875e-01
1.45517500e-07,1.87303125e-01
1.45557500e-07,1.87296875e-01
1.45597500e-07,1.87304688e-01
1.45637500e-07,1.87295313e-01
1.45677500e-07,1.87304688e-01
1.45717500e-07,1.87295313e-01
1.45757500e-07,1.87304688e-01
1.45797500e-07,1.87295313e-01
1.45837500e-07,1.87304688e-01
1.45877500e-07,1.87295313e-01
1.45917500e-07,1.87304688e-01
1.45957500e-07,1.87295313e-01
1.45997500e-07,1.87304688e-01
1.46037500e-07,1.87295313e-01
1.46077500e-07,1.87306250e-01
1.46117500e-07,1.87293750e-01
1.46157500e-07,1.87306250e-01
1.46197500e-07,1.87293750e-01
1.46237500e-07,1.87306250e-01
1.46277500e-07,1.87292188e-01
1.46317500e-07,1.87307813e-01
1.46357500e-07,1.87292188e-01
1.46397500e-07,1.87309375e-01
1.46437500e-07,1.87290625e-01
1.46477500e-07,1.87310937e-01
1.46517500e-07,1.87287500e-01
1.46557500e-07,1.87314063e-01
1.46597500e-07,1.87284375e-01
1.46637500e-07,1.87318750e-01
1.46677500e-07,1.87275000e-01
1.46717500e-07,1.87334375e-01
1.46757500e-07,1.87240625e-01
1.46797500e-07,1.87514062e-01
1.46837500e-07,1.87748438e-01
1.46877500e-07,1.87676563e-01
1.46917500e-07,1.87712500e-01
1.46957500e-07,1.87695313e-01
1.46997500e-07,1.87696875e-01
1.47037500e-07,1.87714063e-01
1.47077500e-07,1.87660938e-01
1.47117500e-07,1.87892188e-01
1.47157500e-07,1.88170313e-01
1.47197500e-07,1.88051563e-01
1.47237500e-07,1.88142188e-01
1.47277500e-07,1.88057813e-01
1.47317500e-07,1.88148438e-01
1.47357500e-07,1.88028125e-01
1.47397500e-07,1.88325000e-01
1.47437500e-07,1.88537500e-01
1.47477500e-07,1.88487500e-01
1.47517500e-07,1.88498438e-01
1.47557500e-07,1.88514062e-01
1.47597500e-07,1.88460938e-01
1.47637500e-07,1.88692187e-01
1.47677500e-07,1.88971875e-01
1.47717500e-07,1.88848438e-01
1.47757500e-07,1.88951563e-01
1.47797500e-07,1.88829688e-01
1.47837500e-07,1.89118750e-01
1.47877500e-07,1.89346875e-01
1.47917500e-07,1.89273438e-01
1.47957500e-07,1.89320313e-01
1.47997500e-07,1.89278125e-01
1.48037500e-07,1.89328125e-01
1.48077500e-07,1.89248438e-01
1.48117500e-07,1.89501562e-01
1.48157500e-07,1.89760938e-01
1.48197500e-07,1.89660938e-01
1.48237500e-07,1.89732813e-01
1.48277500e-07,1.89670312e-01
1.48317500e-07,1.89729688e-01
1.48357500e-07,1.89667188e-01
1.48397500e-07,1.89742187e-01
1.48437500e-07,1.89634375e-01
1.48477500e-07,1.89918750e-01
1.48517500e-07,1.90143750e-01
1.48557500e-07,1.90079688e-01
1.48597500e-07,1.90110938e-01
1.48637500e-07,1.90093750e-01
1.48677500e-07,1.90103125e-01
1.48717500e-07,1.90098437e-01
1.48757500e-07,1.90100000e-01
1.48797500e-07,1.90101563e-01
1.48837500e-07,1.90096875e-01
1.48877500e-07,1.90103125e-01
1.48917500e-07,1.90095313e-01
1.48957500e-07,1.90106250e-01
1.48997500e-07,1.90093750e-01
1.49037500e-07,1.90107813e-01
1.49077500e-07,1.90090625e-01
1.49117500e-07,1.90112500e-01
1.49157500e-07,1.90084375e-01
1.49197500e-07,1.90120312e-01
1.49237500e-07,1.90070313e-01
1.49277500e-07,1.90156250e-01
1.49317500e-07,1.89890625e-01
1.49357500e-07,1.89646875e-01
1.49397500e-07,1.89729688e-01
1.49437500e-07,1.89679687e-01
1.49477500e-07,1.89715625e-01
1.49517500e-07,1.89687500e-01
1.49557500e-07,1.89709375e-01
1.49597500e-07,1.89692187e-01
1.49637500e-07,1.89706250e-01
1.49677500e-07,1.89693750e-01
1.49717500e-07,1.89704687e-01
1.49757500e-07,1.89695313e-01
1.49797500e-07,1.89704687e-01
1.49837500e-07,1.89696875e-01
1.49877500e-07,1.89703125e-01
1.49917500e-07,1.89696875e-01
1.49957500e-07,1.89703125e-01
1.49997500e-07,1.89696875e-01
1.50037500e-07,1.89703125e-01
1.50077500e-07,1.89698438e-01
1.50117500e-07,1.89701563e-01
1.50157500e-07,1.89698438e-01
1.50197500e-07,1.89701563e-01
1.50237500e-07,1.89698438e-01
1.50277500e-07,1.89701563e-01
1.50317500e-07,1.89698438e-01
1.50357500e-07,1.89701563e-01
1.50397500e-07,1.89698438e-01
1.50437500e-07,1.89703125e-01
1.50477500e-07,1.89696875e-01
1.50517500e-07,1.89703125e-01
1.50557500e-07,1.89695313e-01
1.50597500e-07,1.89706250e-01
1.50637500e-07,1.89692187e-01
1.50677500e-07,1.89709375e-01
1.50717500e-07,1.89685938e-01
1.50757500e-07,1.89723438e-01
1.50797500e-07,1.89651563e-01
1.50837500e-07,1.89901563e-01
1.50877500e-07,1.90162500e-01
1.50917500e-07,1.90060937e-01
1.50957500e-07,1.90129688e-01
1.50997500e-07,1.90073437e-01
1.51037500e-07,1.90123438e-01
1.51077500e-07,1.90076563e-01
1.51117500e-07,1.90123438e-01
1.51157500e-07,1.90075000e-01
1.51197500e-07,1.90126563e-01
1.51237500e-07,1.90068750e-01
1.51277500e-07,1.90140625e-01
1.51317500e-07,1.90034375e-01
1.51357500e-07,1.90318750e-01
1.51397500e-07,1.90543750e-01
1.51437500e-07,1.90479687e-01
1.51477500e-07,1.90510938e-01
1.51517500e-07,1.90493750e-01
1.51557500e-07,1.90503125e-01
1.51597500e-07,1.90500000e-01
1.51637500e-07,1.90498438e-01
1.51677500e-07,1.90503125e-01
1.51717500e-07,1.90495313e-01
1.51757500e-07,1.90504688e-01
1.51797500e-07,1.90493750e-01
1.51837500e-07,1.90507813e-01
1.51877500e-07,1.90492188e-01
1.51917500e-07,1.90509375e-01
1.51957500e-07,1.90489063e-01
1.51997500e-07,1.90512500e-01
1.52037500e-07,1.90485938e-01
1.52077500e-07,1.90517188e-01
1.52117500e-07,1.90479687e-01
1.52157500e-07,1.90526562e-01
1.52197500e-07,1.90464063e-01
1.52237500e-07,1.90560937e-01
1.52277500e-07,1.90284375e-01
1.52317500e-07,1.90053125e-01
1.52357500e-07,1.90121875e-01
1.52397500e-07,1.90087500e-01
1.52437500e-07,1.90106250e-01
1.52477500e-07,1.90098437e-01
1.52517500e-07,1.90098437e-01
1.52557500e-07,1.90104688e-01
1.52597500e-07,1.90093750e-01
1.52637500e-07,1.90109375e-01
1.52677500e-07,1.90085937e-01
1.52717500e-07,1.90120312e-01
1.52757500e-07,1.90068750e-01
1.52797500e-07,1.90156250e-01
1.52837500e-07,1.89889063e-01
1.52877500e-07,1.89648438e-01
1.52917500e-07,1.89726563e-01
1.52957500e-07,1.89684375e-01
1.52997500e-07,1.89709375e-01
1.53037500e-07,1.89693750e-01
1.53077500e-07,1.89703125e-01
1.53117500e-07,1.89700000e-01
1.53157500e-07,1.89696875e-01
1.53197500e-07,1.89706250e-01
1.53237500e-07,1.89689063e-01
1.53277500e-07,1.89717187e-01
1.53317500e-07,1.89671875e-01
1.53357500e-07,1.89753125e-01
1.53397500e-07,1.89492188e-01
1.53437500e-07,1.89246875e-01
1.53477500e-07,1.89328125e-01
1.53517500e-07,1.89282813e-01
1.53557500e-07,1.89310937e-01
1.53597500e-07,1.89293750e-01
1.53637500e-07,1.89303125e-01
1.53677500e-07,1.89301563e-01
1.53717500e-07,1.89293750e-01
1.53757500e-07,1.89312500e-01
1.53797500e-07,1.89276562e-01
1.53837500e-07,1.89350000e-01
1.53877500e-07,1.89096875e-01
1.53917500e-07,1.88842188e-01
1.53957500e-07,1.88931250e-01
1.53997500e-07,1.88879688e-01
1.54037500e-07,1.88912500e-01
1.54077500e-07,1.88895312e-01
1.54117500e-07,1.88892188e-01
1.54157500e-07,1.88932813e-01
1.54197500e-07,1.88714063e-01
1.54237500e-07,1.88423438e-01
1.54277500e-07,1.88553125e-01
1.54317500e-07,1.88453125e-01
1.54357500e-07,1.88545313e-01
1.54397500e-07,1.88448438e-01
1.54437500e-07,1.88575000e-01
1.54477500e-07,1.88273438e-01
1.54517500e-07,1.88064063e-01
1.54557500e-07,1.88110938e-01
1.54597500e-07,1.88100000e-01
1.54637500e-07,1.88087500e-01
1.54677500e-07,1.88137500e-01
1.54717500e-07,1.87910938e-01
1.54757500e-07,1.87623438e-01
1.54797500e-07,1.87757813e-01
1.54837500e-07,1.87640625e-01
1.54877500e-07,1.87779688e-01
1.54917500e-07,1.87468750e-01
1.54957500e-07,1.87270313e-01
1.54997500e-07,1.87303125e-01
1.55037500e-07,1.87310937e-01
1.55077500e-07,1.87275000e-01
1.55117500e-07,1.87353125e-01
1.55157500e-07,1.87090625e-01
1.55197500e-07,1.86851563e-01
1.55237500e-07,1.86920313e-01
1.55277500e-07,1.86893750e-01
1.55317500e-07,1.86890625e-01
1.55357500e-07,1.86939063e-01
1.55397500e-07,1.86704688e-01
1.55437500e-07,1.86434375e-01
1.55477500e-07,1.86539063e-01
1.55517500e-07,1.86471875e-01
1.55557500e-07,1.86520313e-01
1.55597500e-07,1.86485938e-01
1.55637500e-07,1.86509375e-01
1.55677500e-07,1.86498438e-01
1.55717500e-07,1.86490625e-01
1.55757500e-07,1.86535937e-01
1.55797500e-07,1.86310937e-01
1.55837500e-07,1.86028125e-01
1.55877500e-07,1.86146875e-01
1.55917500e-07,1.86062500e-01
1.55957500e-07,1.86131250e-01
1.55997500e-07,1.86071875e-01
1.56037500e-07,1.86125000e-01
1.56077500e-07,1.86076563e-01
1.56117500e-07,1.86121875e-01
1.56157500e-07,1.86078125e-01
1.56197500e-07,1.86120312e-01
1.56237500e-07,1.86081250e-01
1.56277500e-07,1.86118750e-01
1.56317500e-07,1.86081250e-01
1.56357500e-07,1.86117188e-01
1.56397500e-07,1.86082812e-01
1.56437500e-07,1.86117188e-01
1.56477500e-07,1.86082812e-01
1.56517500e-07,1.86115625e-01
1.56557500e-07,1.86084375e-01
1.56597500e-07,1.86115625e-01
1.56637500e-07,1.86084375e-01
1.56677500e-07,1.86115625e-01
1.56717500e-07,1.86084375e-01
1.56757500e-07,1.86115625e-01
1.56797500e-07,1.86085938e-01
1.56837500e-07,1.86114063e-01
1.56877500e-07,1.86085938e-01
1.56917500e-07,1.86114063e-01
1.56957500e-07,1.86085938e-01
1.56997500e-07,1.86114063e-01
1.57037500e-07,1.86085938e-01
1.57077500e-07,1.86114063e-01
1.57117500e-07,1.86085938e-01
1.57157500e-07,1.86114063e-01
1.57197500e-07,1.86085938e-01
1.57237500e-07,1.86114063e-01
1.57277500e-07,1.86085938e-01
1.57317500e-07,1.86114063e-01
1.57357500e-07,1.86085938e-01
1.57397500e-07,1.86114063e-01
1.57437500e-07,1.86085938e-01
1.57477500e-07,1.86115625e-01
1.57517500e-07,1.86084375e-01
1.57557500e-07,1.86115625e-01
1.57597500e-07,1.86084375e-01
1.57637500e-07,1.86115625e-01
1.57677500e-07,1.86084375e-01
1.57717500e-07,1.86117188e-01
1.57757500e-07,1.86082812e-01
1.57797500e-07,1.86117188e-01
1.57837500e-07,1.86081250e-01
1.57877500e-07,1.86118750e-01
1.57917500e-07,1.86079688e-01
1.57957500e-07,1.86120312e-01
1.57997500e-07,1.86078125e-01
1.58037500e-07,1.86123438e-01
1.58077500e-07,1.86073437e-01
1.58117500e-07,1.86129688e-01
1.58157500e-07,1.86065625e-01
1.58197500e-07,1.86145312e-01
1.58237500e-07,1.86029688e-01
1.58277500e-07,1.86323437e-01
1.58317500e-07,1.86537500e-01
1.58357500e-07,1.86487500e-01
1.58397500e-07,1.86503125e-01
1.58437500e-07,1.86503125e-01
1.58477500e-07,1.86490625e-01
1.58517500e-07,1.86514062e-01
1.58557500e-07,1.86479688e-01
1.58597500e-07,1.86531250e-01
1.58637500e-07,1.86443750e-01
1.58677500e-07,1.86709375e-01
1.58717500e-07,1.86953125e-01
1.58757500e-07,1.86868750e-01
1.58797500e-07,1.86923438e-01
1.58837500e-07,1.86878125e-01
1.58877500e-07,1.86926563e-01
1.58917500e-07,1.86851563e-01
1.58957500e-07,1.87098438e-01
1.58997500e-07,1.87367188e-01
1.59037500e-07,1.87253125e-01
1.59077500e-07,1.87343750e-01
1.59117500e-07,1.87254688e-01
1.59157500e-07,1.87353125e-01
1.59197500e-07,1.87221875e-01
1.59237500e-07,1.87532813e-01
1.59277500e-07,1.87728125e-01
1.59317500e-07,1.87698438e-01
1.59357500e-07,1.87685938e-01
1.59397500e-07,1.87729688e-01
1.59437500e-07,1.87642188e-01
1.59477500e-07,1.87915625e-01
1.59517500e-07,1.88143750e-01
1.59557500e-07,1.88084375e-01
1.59597500e-07,1.88100000e-01
1.59637500e-07,1.88117188e-01
1.59677500e-07,1.88054688e-01
1.59717500e-07,1.88303125e-01
1.59757500e-07,1.88556250e-01
1.59797500e-07,1.88471875e-01
1.59837500e-07,1.88512500e-01
1.59877500e-07,1.88501562e-01
1.59917500e-07,1.88470313e-01
1.59957500e-07,1.88684375e-01
1.59997500e-07,1.88976563e-01
1.60037500e-07,1.88846875e-01
1.60077500e-07,1.88945313e-01
1.60117500e-07,1.88854688e-01
1.60157500e-07,1.88950000e-01
1.60197500e-07,1.88828125e-01
1.60237500e-07,1.89123438e-01
1.60277500e-07,1.89340625e-01
1.60317500e-07,1.89281250e-01
1.60357500e-07,1.89310937e-01
1.60397500e-07,1.89292188e-01
1.60437500e-07,1.89306250e-01
1.60477500e-07,1.89293750e-01
1.60517500e-07,1.89306250e-01
1.60557500e-07,1.89292188e-01
1.60597500e-07,1.89310937e-01
1.60637500e-07,1.89284375e-01
1.60677500e-07,1.89323437e-01
1.60717500e-07,1.89251562e-01
1.60757500e-07,1.89501562e-01
1.60797500e-07,1.89760938e-01
1.60837500e-07,1.89660938e-01
1.60877500e-07,1.89729688e-01
1.60917500e-07,1.89675000e-01
1.60957500e-07,1.89723438e-01
1.60997500e-07,1.89676563e-01
1.61037500e-07,1.89723438e-01
1.61077500e-07,1.89675000e-01
1.61117500e-07,1.89729688e-01
1.61157500e-07,1.89660938e-01
1.61197500e-07,1.89764062e-01
1.61237500e-07,1.89484375e-01
1.61277500e-07,1.89253125e-01
1.61317500e-07,1.89323437e-01
1.61357500e-07,1.89285938e-01
1.61397500e-07,1.89309375e-01
1.61437500e-07,1.89293750e-01
1.61477500e-07,1.89304688e-01
1.61517500e-07,1.89296875e-01
1.61557500e-07,1.89301563e-01
1.61597500e-07,1.89300000e-01
1.61637500e-07,1.89300000e-01
1.61677500e-07,1.89301563e-01
1.61717500e-07,1.89298437e-01
1.61757500e-07,1.89301563e-01
1.61797500e-07,1.89296875e-01
1.61837500e-07,1.89303125e-01
1.61877500e-07,1.89295313e-01
1.61917500e-07,1.89306250e-01
1.61957500e-07,1.89292188e-01
1.61997500e-07,1.89309375e-01
1.62037500e-07,1.89287500e-01
1.62077500e-07,1.89318750e-01
1.62117500e-07,1.89271875e-01
1.62157500e-07,1.89353125e-01
1.62197500e-07,1.89093750e-01
1.62237500e-07,1.88843750e-01
1.62277500e-07,1.88932813e-01
1.62317500e-07,1.88876563e-01
1.62357500e-07,1.88918750e-01
1.62397500e-07,1.88884375e-01
1.62437500e-07,1.88912500e-01
1.62477500e-07,1.88889063e-01
1.62517500e-07,1.88910938e-01
1.62557500e-07,1.88890625e-01
1.62597500e-07,1.88909375e-01
1.62637500e-07,1.88892188e-01
1.62677500e-07,1.88907812e-01
1.62717500e-07,1.88892188e-01
1.62757500e-07,1.88906250e-01
1.62797500e-07,1.88893750e-01
1.62837500e-07,1.88906250e-01
1.62877500e-07,1.88893750e-01
1.62917500e-07,1.88906250e-01
1.62957500e-07,1.88893750e-01
1.62997500e-07,1.88906250e-01
1.63037500e-07,1.88895312e-01
1.63077500e-07,1.88904688e-01
1.63117500e-07,1.88895312e-01
1.63157500e-07,1.88904688e-01
1.63197500e-07,1.88895312e-01
1.63237500e-07,1.88904688e-01
1.63277500e-07,1.88895312e-01
1.63317500e-07,1.88904688e-01
1.63357500e-07,1.88895312e-01
1.63397500e-07,1.88903125e-01
1.63437500e-07,1.88896875e-01
1.63477500e-07,1.88903125e-01
1.63517500e-07,1.88896875e-01
1.63557500e-07,1.88903125e-01
1.63597500e-07,1.88898438e-01
1.63637500e-07,1.88901563e-01
1.63677500e-07,1.88900000e-01
1.63717500e-07,1.88900000e-01
1.63757500e-07,1.88901563e-01
1.63797500e-07,1.88896875e-01
1.63837500e-07,1.88906250e-01
1.63877500e-07,1.88889063e-01
1.63917500e-07,1.88921875e-01
1.63957500e-07,1.88854688e-01
1.63997500e-07,1.89098437e-01
1.64037500e-07,1.89364063e-01
1.64077500e-07,1.89259375e-01
1.64117500e-07,1.89331250e-01
1.64157500e-07,1.89273438e-01
1.64197500e-07,1.89323437e-01
1.64237500e-07,1.89278125e-01
1.64277500e-07,1.89320313e-01
1.64317500e-07,1.89279688e-01
1.64357500e-07,1.89318750e-01
1.64397500e-07,1.89281250e-01
1.64437500e-07,1.89318750e-01
1.64477500e-07,1.89279688e-01
1.64517500e-07,1.89320313e-01
1.64557500e-07,1.89279688e-01
1.64597500e-07,1.89321875e-01
1.64637500e-07,1.89276562e-01
1.64677500e-07,1.89325000e-01
1.64717500e-07,1.89271875e-01
1.64757500e-07,1.89332813e-01
1.64797500e-07,1.89256250e-01
1.64837500e-07,1.89368750e-01
1.64877500e-07,1.89078125e-01
1.64917500e-07,1.88859375e-01
1.64957500e-07,1.88915625e-01
1.64997500e-07,1.88893750e-01
1.65037500e-07,1.88901563e-01
1.65077500e-07,1.88903125e-01
1.65117500e-07,1.88895312e-01
1.65157500e-07,1.88907812e-01
1.65197500e-07,1.88890625e-01
1.65237500e-07,1.88910938e-01
1.65277500e-07,1.88885938e-01
1.65317500e-07,1.88917188e-01
1.65357500e-07,1.88879688e-01
1.65397500e-07,1.88926563e-01
1.65437500e-07,1.88864063e-01
1.65477500e-07,1.88962500e-01
1.65517500e-07,1.88684375e-01
1.65557500e-07,1.88454687e-01
1.65597500e-07,1.88521875e-01
1.65637500e-07,1.88489062e-01
1.65677500e-07,1.88506250e-01
1.65717500e-07,1.88498438e-01
1.65757500e-07,1.88498438e-01
1.65797500e-07,1.88504688e-01
1.65837500e-07,1.88493750e-01
1.65877500e-07,1.88509375e-01
1.65917500e-07,1.88485938e-01
1.65957500e-07,1.88520313e-01
1.65997500e-07,1.88470313e-01
1.66037500e-07,1.88554688e-01
1.66077500e-07,1.88290625e-01
1.66117500e-07,1.88046875e-01
1.66157500e-07,1.88128125e-01
1.66197500e-07,1.88081250e-01
1.66237500e-07,1.88114063e-01
1.66277500e-07,1.88090625e-01
1.66317500e-07,1.88107812e-01
1.66357500e-07,1.88093750e-01
1.66397500e-07,1.88104688e-01
1.66437500e-07,1.88096875e-01
1.66477500e-07,1.88101563e-01
1.66517500e-07,1.88098437e-01
1.66557500e-07,1.88100000e-01
1.66597500e-07,1.88100000e-01
1.66637500e-07,1.88098437e-01
1.66677500e-07,1.88101563e-01
1.66717500e-07,1.88096875e-01
1.66757500e-07,1.88104688e-01
1.66797500e-07,1.88095313e-01
1.66837500e-07,1.88106250e-01
1.66877500e-07,1.88093750e-01
1.66917500e-07,1.88107812e-01
1.66957500e-07,1.88090625e-01
1.66997500e-07,1.88110938e-01
1.67037500e-07,1.88085937e-01
1.67077500e-07,1.88117188e-01
1.67117500e-07,1.88078125e-01
1.67157500e-07,1.88132812e-01
1.67197500e-07,1.88042188e-01
1.67237500e-07,1.88310937e-01
1.67277500e-07,1.88551563e-01
1.67317500e-07,1.88473438e-01
1.67357500e-07,1.88517188e-01
1.67397500e-07,1.88487500e-01
1.67437500e-07,1.88507813e-01
1.67477500e-07,1.88493750e-01
1.67517500e-07,1.88504688e-01
1.67557500e-07,1.88496875e-01
1.67597500e-07,1.88501562e-01
1.67637500e-07,1.88500000e-01
1.67677500e-07,1.88498438e-01
1.67717500e-07,1.88503125e-01
1.67757500e-07,1.88495313e-01
1.67797500e-07,1.88506250e-01
1.67837500e-07,1.88490625e-01
1.67877500e-07,1.88512500e-01
1.67917500e-07,1.88481250e-01
1.67957500e-07,1.88528125e-01
1.67997500e-07,1.88446875e-01
1.68037500e-07,1.88706250e-01
1.68077500e-07,1.88954687e-01
1.68117500e-07,1.88868750e-01
1.68157500e-07,1.88921875e-01
1.68197500e-07,1.88882812e-01
1.68237500e-07,1.88912500e-01
1.68277500e-07,1.88889063e-01
1.68317500e-07,1.88909375e-01
1.68357500e-07,1.88892188e-01
1.68397500e-07,1.88906250e-01
1.68437500e-07,1.88893750e-01
1.68477500e-07,1.88904688e-01
1.68517500e-07,1.88895312e-01
1.68557500e-07,1.88904688e-01
1.68597500e-07,1.88896875e-01
1.68637500e-07,1.88903125e-01
1.68677500e-07,1.88896875e-01
1.68717500e-07,1.88901563e-01
1.68757500e-07,1.88898438e-01
1.68797500e-07,1.88901563e-01
1.68837500e-07,1.88898438e-01
1.68877500e-07,1.88900000e-01
1.68917500e-07,1.88900000e-01
1.68957500e-07,1.88900000e-01
1.68997500e-07,1.88900000e-01
1.69037500e-07,1.88898438e-01
1.69077500e-07,1.88901563e-01
1.69117500e-07,1.88898438e-01
1.69157500e-07,1.88901563e-01
1.69197500e-07,1.88896875e-01
1.69237500e-07,1.88903125e-01
1.69277500e-07,1.88896875e-01
1.69317500e-07,1.88904688e-01
1.69357500e-07,1.88895312e-01
1.69397500e-07,1.88904688e-01
1.69437500e-07,1.88893750e-01
1.69477500e-07,1.88906250e-01
1.69517500e-07,1.88892188e-01
1.69557500e-07,1.88909375e-01
1.69597500e-07,1.88889063e-01
1.69637500e-07,1.88914063e-01
1.69677500e-07,1.88882812e-01
1.69717500e-07,1.88921875e-01
1.69757500e-07,1.88868750e-01
1.69797500e-07,1.88956250e-01
1.69837500e-07,1.88689063e-01
1.69877500e-07,1.88448438e-01
1.69917500e-07,1.88528125e-01
1.69957500e-07,1.88482813e-01
1.69997500e-07,1.88512500e-01
1.70037500e-07,1.88490625e-01
1.70077500e-07,1.88506250e-01
1.70117500e-07,1.88495313e-01
1.70157500e-07,1.88503125e-01
1.70197500e-07,1.88498438e-01
1.70237500e-07,1.88500000e-01
1.70277500e-07,1.88503125e-01
1.70317500e-07,1.88495313e-01
1.70357500e-07,1.88506250e-01
1.70397500e-07,1.88489062e-01
1.70437500e-07,1.88515625e-01
1.70477500e-07,1.88473438e-01
1.70517500e-07,1.88551563e-01
1.70557500e-07,1.88295313e-01
1.70597500e-07,1.88042188e-01
1.70637500e-07,1.88132812e-01
1.70677500e-07,1.88076563e-01
1.70717500e-07,1.88118750e-01
1.70757500e-07,1.88084375e-01
1.70797500e-07,1.88112500e-01
1.70837500e-07,1.88089063e-01
1.70877500e-07,1.88109375e-01
1.70917500e-07,1.88090625e-01
1.70957500e-07,1.88107812e-01
1.70997500e-07,1.88092188e-01
1.71037500e-07,1.88106250e-01
1.71077500e-07,1.88093750e-01
1.71117500e-07,1.88106250e-01
1.71157500e-07,1.88093750e-01
1.71197500e-07,1.88104688e-01
1.71237500e-07,1.88095313e-01
1.71277500e-07,1.88104688e-01
1.71317500e-07,1.88095313e-01
1.71357500e-07,1.88103125e-01
1.71397500e-07,1.88096875e-01
1.71437500e-07,1.88103125e-01
1.71477500e-07,1.88096875e-01
1.71517500e-07,1.88103125e-01
1.71557500e-07,1.88096875e-01
1.71597500e-07,1.88101563e-01
1.71637500e-07,1.88098437e-01
1.71677500e-07,1.88101563e-01
1.71717500e-07,1.88098437e-01
1.71757500e-07,1.88101563e-01
1.71797500e-07,1.88098437e-01
1.71837500e-07,1.88101563e-01
1.71877500e-07,1.88100000e-01
1.71917500e-07,1.88100000e-01
1.71957500e-07,1.88100000e-01
1.71997500e-07,1.88100000e-01
1.72037500e-07,1.88100000e-01
1.72077500e-07,1.88100000e-01
1.72117500e-07,1.88100000e-01
1.72157500e-07,1.88098437e-01
1.72197500e-07,1.88101563e-01
1.72237500e-07,1.88098437e-01
1.72277500e-07,1.88101563e-01
1.72317500e-07,1.88098437e-01
1.72357500e-07,1.88103125e-01
1.72397500e-07,1.88096875e-01
1.72437500e-07,1.88103125e-01
1.72477500e-07,1.88096875e-01
1.72517500e-07,1.88104688e-01
1.72557500e-07,1.88095313e-01
1.72597500e-07,1.88106250e-01
1.72637500e-07,1.88093750e-01
1.72677500e-07,1.88107812e-01
1.72717500e-07,1.88090625e-01
1.72757500e-07,1.88110938e-01
1.72797500e-07,1.88087500e-01
1.72837500e-07,1.88115625e-01
1.72877500e-07,1.88078125e-01
1.72917500e-07,1.88131250e-01
1.72957500e-07,1.88043750e-01
1.72997500e-07,1.88309375e-01
1.73037500e-07,1.88551563e-01
1.73077500e-07,1.88471875e-01
1.73117500e-07,1.88518750e-01
1.73157500e-07,1.88487500e-01
1.73197500e-07,1.88509375e-01
1.73237500e-07,1.88493750e-01
1.73277500e-07,1.88504688e-01
1.73317500e-07,1.88496875e-01
1.73357500e-07,1.88501562e-01
1.73397500e-07,1.88500000e-01
1.73437500e-07,1.88498438e-01
1.73477500e-07,1.88504688e-01
1.73517500e-07,1.88493750e-01
1.73557500e-07,1.88510938e-01
1.73597500e-07,1.88484375e-01
1.73637500e-07,1.88525000e-01
1.73677500e-07,1.88448438e-01
1.73717500e-07,1.88704687e-01
1.73757500e-07,1.88957813e-01
1.73797500e-07,1.88867188e-01
1.73837500e-07,1.88923438e-01
1.73877500e-07,1.88881250e-01
1.73917500e-07,1.88915625e-01
1.73957500e-07,1.88887500e-01
1.73997500e-07,1.88910938e-01
1.74037500e-07,1.88890625e-01
1.74077500e-07,1.88907812e-01
1.74117500e-07,1.88893750e-01
1.74157500e-07,1.88906250e-01
1.74197500e-07,1.88895312e-01
1.74237500e-07,1.88903125e-01
1.74277500e-07,1.88896875e-01
1.74317500e-07,1.88901563e-01
1.74357500e-07,1.88900000e-01
1.74397500e-07,1.88898438e-01
1.74437500e-07,1.88904688e-01
1.74477500e-07,1.88892188e-01
1.74517500e-07,1.88912500e-01
1.74557500e-07,1.88878125e-01
1.74597500e-07,1.88948438e-01
1.74637500e-07,1.88698438e-01
1.74677500e-07,1.88439063e-01
1.74717500e-07,1.88537500e-01
1.74757500e-07,1.88471875e-01
1.74797500e-07,1.88521875e-01
1.74837500e-07,1.88481250e-01
1.74877500e-07,1.88517188e-01
1.74917500e-07,1.88484375e-01
1.74957500e-07,1.88514062e-01
1.74997500e-07,1.88485938e-01
1.75037500e-07,1.88512500e-01
1.75077500e-07,1.88487500e-01
1.75117500e-07,1.88510938e-01
1.75157500e-07,1.88489062e-01
1.75197500e-07,1.88510938e-01
1.75237500e-07,1.88489062e-01
1.75277500e-07,1.88510938e-01
1.75317500e-07,1.88490625e-01
1.75357500e-07,1.88509375e-01
1.75397500e-07,1.88490625e-01
1.75437500e-07,1.88509375e-01
1.75477500e-07,1.88490625e-01
1.75517500e-07,1.88509375e-01
1.75557500e-07,1.88490625e-01
1.75597500e-07,1.88509375e-01
1.75637500e-07,1.88490625e-01
1.75677500e-07,1.88509375e-01
1.75717500e-07,1.88490625e-01
1.75757500e-07,1.88509375e-01
1.75797500e-07,1.88490625e-01
1.75837500e-07,1.88509375e-01
1.75877500e-07,1.88490625e-01
1.75917500e-07,1.88509375e-01
1.75957500e-07,1.88490625e-01
1.75997500e-07,1.88509375e-01
1.76037500e-07,1.88490625e-01
1.76077500e-07,1.88509375e-01
1.76117500e-07,1.88490625e-01
1.76157500e-07,1.88509375e-01
1.76197500e-07,1.88489062e-01
1.76237500e-07,1.88510938e-01
1.76277500e-07,1.88489062e-01
1.76317500e-07,1.88512500e-01
1.76357500e-07,1.88487500e-01
1.76397500e-07,1.88514062e-01
1.76437500e-07,1.88485938e-01
1.76477500e-07,1.88515625e-01
1.76517500e-07,1.88481250e-01
1.76557500e-07,1.88521875e-01
1.76597500e-07,1.88473438e-01
1.76637500e-07,1.88537500e-01
1.76677500e-07,1.88437500e-01
1.76717500e-07,1.88715625e-01
1.76757500e-07,1.88946875e-01
1.76797500e-07,1.88878125e-01
1.76837500e-07,1.88912500e-01
1.76877500e-07,1.88893750e-01
1.76917500e-07,1.88903125e-01
1.76957500e-07,1.88900000e-01
1.76997500e-07,1.88896875e-01
1.77037500e-07,1.88907812e-01
1.77077500e-07,1.88885938e-01
1.77117500e-07,1.88923438e-01
1.77157500e-07,1.88851563e-01
1.77197500e-07,1.89101563e-01
1.77237500e-07,1.89360937e-01
1.77277500e-07,1.89262500e-01
1.77317500e-07,1.89328125e-01
1.77357500e-07,1.89276562e-01
1.77397500e-07,1.89321875e-01
1.77437500e-07,1.89278125e-01
1.77477500e-07,1.89323437e-01
1.77517500e-07,1.89273438e-01
1.77557500e-07,1.89335937e-01
1.77597500e-07,1.89240625e-01
1.77637500e-07,1.89510938e-01
1.77677500e-07,1.89751562e-01
1.77717500e-07,1.89670312e-01
1.77757500e-07,1.89720313e-01
1.77797500e-07,1.89682813e-01
1.77837500e-07,1.89714063e-01
1.77877500e-07,1.89685938e-01
1.77917500e-07,1.89714063e-01
1.77957500e-07,1.89684375e-01
1.77997500e-07,1.89717187e-01
1.78037500e-07,1.89678125e-01
1.78077500e-07,1.89731250e-01
1.78117500e-07,1.89643750e-01
1.78157500e-07,1.89909375e-01
1.78197500e-07,1.90154688e-01
1.78237500e-07,1.90070313e-01
1.78277500e-07,1.90121875e-01
1.78317500e-07,1.90082813e-01
1.78357500e-07,1.90114063e-01
1.78397500e-07,1.90087500e-01
1.78437500e-07,1.90110938e-01
1.78477500e-07,1.90090625e-01
1.78517500e-07,1.90109375e-01
1.78557500e-07,1.90090625e-01
1.78597500e-07,1.90107813e-01
1.78637500e-07,1.90092188e-01
1.78677500e-07,1.90107813e-01
1.78717500e-07,1.90092188e-01
1.78757500e-07,1.90107813e-01
1.78797500e-07,1.90092188e-01
1.78837500e-07,1.90109375e-01
1.78877500e-07,1.90090625e-01
1.78917500e-07,1.90109375e-01
1.78957500e-07,1.90089063e-01
1.78997500e-07,1.90110938e-01
1.79037500e-07,1.90087500e-01
1.79077500e-07,1.90115625e-01
1.79117500e-07,1.90081250e-01
1.79157500e-07,1.90123438e-01
1.79197500e-07,1.90067188e-01
1.79237500e-07,1.90157812e-01
1.79277500e-07,1.89889063e-01
1.79317500e-07,1.89648438e-01
1.79357500e-07,1.89726563e-01
1.79397500e-07,1.89682813e-01
1.79437500e-07,1.89712500e-01
1.79477500e-07,1.89690625e-01
1.79517500e-07,1.89707813e-01
1.79557500e-07,1.89695313e-01
1.79597500e-07,1.89704687e-01
1.79637500e-07,1.89696875e-01
1.79677500e-07,1.89701563e-01
1.79717500e-07,1.89700000e-01
1.79757500e-07,1.89698438e-01
1.79797500e-07,1.89704687e-01
1.79837500e-07,1.89692187e-01
1.79877500e-07,1.89712500e-01
1.79917500e-07,1.89678125e-01
1.79957500e-07,1.89746875e-01
1.79997500e-07,1.89501562e-01
1.80037500e-07,1.89235938e-01
1.80077500e-07,1.89340625e-01
1.80117500e-07,1.89268750e-01
1.80157500e-07,1.89328125e-01
1.80197500e-07,1.89273438e-01
1.80237500e-07,1.89326563e-01
1.80277500e-07,1.89271875e-01
1.80317500e-07,1.89332813e-01
1.80357500e-07,1.89257813e-01
1.80397500e-07,1.89365625e-01
1.80437500e-07,1.89081250e-01
1.80477500e-07,1.88856250e-01
1.80517500e-07,1.88918750e-01
1.80557500e-07,1.88890625e-01
1.80597500e-07,1.88903125e-01
1.80637500e-07,1.88901563e-01
1.80677500e-07,1.88893750e-01
1.80717500e-07,1.88912500e-01
1.80757500e-07,1.88878125e-01
1.80797500e-07,1.88946875e-01
1.80837500e-07,1.88698438e-01
1.80877500e-07,1.88439063e-01
1.80917500e-07,1.88537500e-01
1.80957500e-07,1.88471875e-01
1.80997500e-07,1.88525000e-01
1.81037500e-07,1.88478125e-01
1.81077500e-07,1.88520313e-01
1.81117500e-07,1.88479687e-01
1.81157500e-07,1.88521875e-01
1.81197500e-07,1.88476562e-01
1.81237500e-07,1.88528125e-01
1.81277500e-07,1.88462500e-01
1.81317500e-07,1.88560937e-01
1.81357500e-07,1.88285938e-01
1.81397500e-07,1.88051563e-01
1.81437500e-07,1.88125000e-01
1.81477500e-07,1.88084375e-01
1.81517500e-07,1.88110938e-01
1.81557500e-07,1.88092188e-01
1.81597500e-07,1.88106250e-01
1.81637500e-07,1.88095313e-01
1.81677500e-07,1.88104688e-01
1.81717500e-07,1.88096875e-01
1.81757500e-07,1.88103125e-01
1.81797500e-07,1.88098437e-01
1.81837500e-07,1.88101563e-01
1.81877500e-07,1.88098437e-01
1.81917500e-07,1.88101563e-01
1.81957500e-07,1.88098437e-01
1.81997500e-07,1.88101563e-01
1.82037500e-07,1.88100000e-01
1.82077500e-07,1.88100000e-01
1.82117500e-07,1.88100000e-01
1.82157500e-07,1.88100000e-01
1.82197500e-07,1.88100000e-01
1.82237500e-07,1.88100000e-01
1.82277500e-07,1.88100000e-01
1.82317500e-07,1.88100000e-01
1.82357500e-07,1.88100000e-01
1.82397500e-07,1.88100000e-01
1.82437500e-07,1.88100000e-01
1.82477500e-07,1.88100000e-01
1.82517500e-07,1.88100000e-01
1.82557500e-07,1.88100000e-01
1.82597500e-07,1.88101563e-01
1.82637500e-07,1.88098437e-01
1.82677500e-07,1.88101563e-01
1.82717500e-07,1.88098437e-01
1.82757500e-07,1.88101563e-01
1.82797500e-07,1.88098437e-01
1.82837500e-07,1.88101563e-01
1.82877500e-07,1.88098437e-01
1.82917500e-07,1.88101563e-01
1.82957500e-07,1.88098437e-01
1.82997500e-07,1.88101563e-01
1.83037500e-07,1.88098437e-01
1.83077500e-07,1.88101563e-01
1.83117500e-07,1.88098437e-01
1.83157500e-07,1.88101563e-01
1.83197500e-07,1.88098437e-01
1.83237500e-07,1.88101563e-01
1.83277500e-07,1.88098437e-01
1.83317500e-07,1.88101563e-01
1.83357500e-07,1.88096875e-01
1.83397500e-07,1.88103125e-01
1.83437500e-07,1.88096875e-01
1.83477500e-07,1.88103125e-01
1.83517500e-07,1.88096875e-01
1.83557500e-07,1.88103125e-01
1.83597500e-07,1.88096875e-01
1.83637500e-07,1.88103125e-01
1.83677500e-07,1.88096875e-01
1.83717500e-07,1.88104688e-01
1.83757500e-07,1.88095313e-01
1.83797500e-07,1.88104688e-01
1.83837500e-07,1.88095313e-01
1.83877500e-07,1.88104688e-01
1.83917500e-07,1.88093750e-01
1.83957500e-07,1.88106250e-01
1.83997500e-07,1.88092188e-01
1.84037500e-07,1.88107812e-01
1.84077500e-07,1.88090625e-01
1.84117500e-07,1.88110938e-01
1.84157500e-07,1.88087500e-01
1.84197500e-07,1.88115625e-01
1.84237500e-07,1.88079688e-01
1.84277500e-07,1.88131250e-01
1.84317500e-07,1.88045313e-01
1.84357500e-07,1.88307813e-01
1.84397500e-07,1.88553125e-01
1.84437500e-07,1.88470313e-01
1.84477500e-07,1.88520313e-01
1.84517500e-07,1.88484375e-01
1.84557500e-07,1.88512500e-01
1.84597500e-07,1.88489062e-01
1.84637500e-07,1.88509375e-01
1.84677500e-07,1.88490625e-01
1.84717500e-07,1.88507813e-01
1.84757500e-07,1.88492188e-01
1.84797500e-07,1.88507813e-01
1.84837500e-07,1.88492188e-01
1.84877500e-07,1.88507813e-01
1.84917500e-07,1.88492188e-01
1.84957500e-07,1.88509375e-01
1.84997500e-07,1.88489062e-01
1.85037500e-07,1.88512500e-01
1.85077500e-07,1.88482813e-01
1.85117500e-07,1.88526562e-01
1.85157500e-07,1.88450000e-01
1.85197500e-07,1.88703125e-01
1.85237500e-07,1.88959375e-01
1.85277500e-07,1.88862500e-01
1.85317500e-07,1.88928125e-01
1.85357500e-07,1.88875000e-01
1.85397500e-07,1.88923438e-01
1.85437500e-07,1.88875000e-01
1.85477500e-07,1.88926563e-01
1.85517500e-07,1.88868750e-01
1.85557500e-07,1.88940625e-01
1.85597500e-07,1.88835937e-01
1.85637500e-07,1.89117188e-01
1.85677500e-07,1.89345313e-01
1.85717500e-07,1.89279688e-01
1.85757500e-07,1.89310937e-01
1.85797500e-07,1.89295313e-01
1.85837500e-07,1.89301563e-01
1.85877500e-07,1.89301563e-01
1.85917500e-07,1.89293750e-01
1.85957500e-07,1.89309375e-01
1.85997500e-07,1.89284375e-01
1.86037500e-07,1.89325000e-01
1.86077500e-07,1.89248438e-01
1.86117500e-07,1.89504688e-01
1.86157500e-07,1.89757813e-01
1.86197500e-07,1.89667188e-01
1.86237500e-07,1.89723438e-01
1.86277500e-07,1.89681250e-01
1.86317500e-07,1.89715625e-01
1.86357500e-07,1.89687500e-01
1.86397500e-07,1.89710938e-01
1.86437500e-07,1.89690625e-01
1.86477500e-07,1.89709375e-01
1.86517500e-07,1.89692187e-01
1.86557500e-07,1.89707813e-01
1.86597500e-07,1.89693750e-01
1.86637500e-07,1.89706250e-01
1.86677500e-07,1.89693750e-01
1.86717500e-07,1.89706250e-01
1.86757500e-07,1.89695313e-01
1.86797500e-07,1.89704687e-01
1.86837500e-07,1.89695313e-01
1.86877500e-07,1.89704687e-01
1.86917500e-07,1.89695313e-01
1.86957500e-07,1.89704687e-01
1.86997500e-07,1.89695313e-01
1.87037500e-07,1.89703125e-01
1.87077500e-07,1.89696875e-01
1.87117500e-07,1.89703125e-01
1.87157500e-07,1.89696875e-01
1.87197500e-07,1.89703125e-01
1.87237500e-07,1.89696875e-01
1.87277500e-07,1.89703125e-01
1.87317500e-07,1.89696875e-01
1.87357500e-07,1.89703125e-01
1.87397500e-07,1.89696875e-01
1.87437500e-07,1.89703125e-01
1.87477500e-07,1.89696875e-01
1.87517500e-07,1.89701563e-01
1.87557500e-07,1.89698438e-01
1.87597500e-07,1.89701563e-01
1.87637500e-07,1.89698438e-01
1.87677500e-07,1.89701563e-01
1.87717500e-07,1.89698438e-01
1.87757500e-07,1.89701563e-01
1.87797500e-07,1.89698438e-01
1.87837500e-07,1.89701563e-01
1.87877500e-07,1.89698438e-01
1.87917500e-07,1.89701563e-01
1.87957500e-07,1.89698438e-01
1.87997500e-07,1.89701563e-01
1.88037500e-07,1.89698438e-01
1.88077500e-07,1.89701563e-01
1.88117500e-07,1.89698438e-01
1.88157500e-07,1.89701563e-01
1.88197500e-07,1.89698438e-01
1.88237500e-07,1.89701563e-01
1.88277500e-07,1.89698438e-01
1.88317500e-07,1.89701563e-01
1.88357500e-07,1.89698438e-01
1.88397500e-07,1.89701563e-01
1.88437500e-07,1.89698438e-01
1.88477500e-07,1.89700000e-01
1.88517500e-07,1.89700000e-01
1.88557500e-07,1.89700000e-01
1.88597500e-07,1.89700000e-01
1.88637500e-07,1.89700000e-01
1.88677500e-07,1.89700000e-01
1.88717500e-07,1.89700000e-01
1.88757500e-07,1.89700000e-01
1.88797500e-07,1.89700000e-01
1.88837500e-07,1.89700000e-01
1.88877500e-07,1.89700000e-01
1.88917500e-07,1.89700000e-01
1.88957500e-07,1.89700000e-01
1.88997500e-07,1.89700000e-01
1.89037500e-07,1.89700000e-01
1.89077500e-07,1.89700000e-01
1.89117500e-07,1.89700000e-01
1.89157500e-07,1.89700000e-01
1.89197500e-07,1.89700000e-01
1.89237500e-07,1.89700000e-01
1.89277500e-07,1.89700000e-01
1.89317500e-07,1.89700000e-01
1.89357500e-07,1.89700000e-01
1.89397500e-07,1.89701563e-01
1.89437500e-07,1.89698438e-01
1.89477500e-07,1.89701563e-01
1.89517500e-07,1.89698438e-01
1.89557500e-07,1.89701563e-01
1.89597500e-07,1.89698438e-01
1.89637500e-07,1.89701563e-01
1.89677500e-07,1.89698438e-01
1.89717500e-07,1.89701563e-01
1.89757500e-07,1.89698438e-01
1.89797500e-07,1.89701563e-01
1.89837500e-07,1.89696875e-01
1.89877500e-07,1.89703125e-01
1.89917500e-07,1.89696875e-01
1.89957500e-07,1.89703125e-01
1.89997500e-07,1.89696875e-01
1.90037500e-07,1.89703125e-01
1.90077500e-07,1.89695313e-01
1.90117500e-07,1.89704687e-01
1.90157500e-07,1.89695313e-01
1.90197500e-07,1.89706250e-01
1.90237500e-07,1.89693750e-01
1.90277500e-07,1.89707813e-01
1.90317500e-07,1.89690625e-01
1.90357500e-07,1.89712500e-01
1.90397500e-07,1.89685938e-01
1.90437500e-07,1.89720313e-01
1.90477500e-07,1.89670312e-01
1.90517500e-07,1.89754688e-01
1.90557500e-07,1.89492188e-01
1.90597500e-07,1.89245313e-01
1.90637500e-07,1.89331250e-01
1.90677500e-07,1.89278125e-01
1.90717500e-07,1.89315625e-01
1.90757500e-07,1.89287500e-01
1.90797500e-07,1.89310937e-01
1.90837500e-07,1.89290625e-01
1.90877500e-07,1.89309375e-01
1.90917500e-07,1.89292188e-01
1.90957500e-07,1.89306250e-01
1.90997500e-07,1.89293750e-01
1.91037500e-07,1.89306250e-01
1.91077500e-07,1.89295313e-01
1.91117500e-07,1.89304688e-01
1.91157500e-07,1.89295313e-01
1.91197500e-07,1.89304688e-01
1.91237500e-07,1.89295313e-01
1.91277500e-07,1.89304688e-01
1.91317500e-07,1.89296875e-01
1.91357500e-07,1.89303125e-01
1.91397500e-07,1.89296875e-01
1.91437500e-07,1.89303125e-01
1.91477500e-07,1.89296875e-01
1.91517500e-07,1.89303125e-01
1.91557500e-07,1.89296875e-01
1.91597500e-07,1.89303125e-01
1.91637500e-07,1.89296875e-01
1.91677500e-07,1.89303125e-01
1.91717500e-07,1.89298437e-01
1.91757500e-07,1.89301563e-01
1.91797500e-07,1.89298437e-01
1.91837500e-07,1.89301563e-01
1.91877500e-07,1.89298437e-01
1.91917500e-07,1.89301563e-01
1.91957500e-07,1.89298437e-01
1.91997500e-07,1.89301563e-01
1.92037500e-07,1.89298437e-01
1.92077500e-07,1.89301563e-01
1.92117500e-07,1.89298437e-01
1.92157500e-07,1.89301563e-01
1.92197500e-07,1.89298437e-01
1.92237500e-07,1.89301563e-01
1.92277500e-07,1.89300000e-01
1.92317500e-07,1.89300000e-01
1.92357500e-07,1.89300000e-01
1.92397500e-07,1.89300000e-01
1.92437500e-07,1.89300000e-01
1.92477500e-07,1.89300000e-01
1.92517500e-07,1.89300000e-01
1.92557500e-07,1.89298437e-01
1.92597500e-07,1.89301563e-01
1.92637500e-07,1.89298437e-01
1.92677500e-07,1.89301563e-01
1.92717500e-07,1.89296875e-01
1.92757500e-07,1.89304688e-01
1.92797500e-07,1.89295313e-01
1.92837500e-07,1.89307813e-01
1.92877500e-07,1.89290625e-01
1.92917500e-07,1.89314063e-01
1.92957500e-07,1.89276562e-01
1.92997500e-07,1.89348437e-01
1.93037500e-07,1.89098437e-01
1.93077500e-07,1.88839063e-01
1.93117500e-07,1.88937500e-01
1.93157500e-07,1.88870312e-01
1.93197500e-07,1.88926563e-01
1.93237500e-07,1.88875000e-01
1.93277500e-07,1.88925000e-01
1.93317500e-07,1.88873438e-01
1.93357500e-07,1.88929687e-01
1.93397500e-07,1.88860938e-01
1.93437500e-07,1.88962500e-01
1.93477500e-07,1.88684375e-01
1.93517500e-07,1.88453125e-01
1.93557500e-07,1.88523438e-01
1.93597500e-07,1.88484375e-01
1.93637500e-07,1.88510938e-01
1.93677500e-07,1.88492188e-01
1.93717500e-07,1.88506250e-01
1.93757500e-07,1.88495313e-01
1.93797500e-07,1.88503125e-01
1.93837500e-07,1.88496875e-01
1.93877500e-07,1.88503125e-01
1.93917500e-07,1.88498438e-01
1.93957500e-07,1.88501562e-01
1.93997500e-07,1.88498438e-01
1.94037500e-07,1.88501562e-01
1.94077500e-07,1.88498438e-01
1.94117500e-07,1.88501562e-01
1.94157500e-07,1.88498438e-01
1.94197500e-07,1.88500000e-01
1.94237500e-07,1.88500000e-01
1.94277500e-07,1.88500000e-01
1.94317500e-07,1.88500000e-01
1.94357500e-07,1.88500000e-01
1.94397500e-07,1.88500000e-01
1.94437500e-07,1.88500000e-01
1.94477500e-07,1.88500000e-01
1.94517500e-07,1.88500000e-01
1.94557500e-07,1.88500000e-01
1.94597500e-07,1.88500000e-01
1.94637500e-07,1.88500000e-01
1.94677500e-07,1.88500000e-01
1.94717500e-07,1.88500000e-01
1.94757500e-07,1.88500000e-01
1.94797500e-07,1.88500000e-01
1.94837500e-07,1.88500000e-01
1.94877500e-07,1.88500000e-01
1.94917500e-07,1.88500000e-01
1.94957500e-07,1.88500000e-01
1.94997500e-07,1.88500000e-01
1.95037500e-07,1.88500000e-01
1.95077500e-07,1.88500000e-01
1.95117500e-07,1.88500000e-01
1.95157500e-07,1.88500000e-01
1.95197500e-07,1.88500000e-01
1.95237500e-07,1.88500000e-01
1.95277500e-07,1.88500000e-01
1.95317500e-07,1.88500000e-01
1.95357500e-07,1.88500000e-01
1.95397500e-07,1.88501562e-01
1.95437500e-07,1.88498438e-01
1.95477500e-07,1.88501562e-01
1.95517500e-07,1.88498438e-01
1.95557500e-07,1.88501562e-01
1.95597500e-07,1.88498438e-01
1.95637500e-07,1.88501562e-01
1.95677500e-07,1.88498438e-01
1.95717500e-07,1.88501562e-01
1.95757500e-07,1.88498438e-01
1.95797500e-07,1.88503125e-01
1.95837500e-07,1.88496875e-01
1.95877500e-07,1.88503125e-01
1.95917500e-07,1.88495313e-01
1.95957500e-07,1.88504688e-01
1.95997500e-07,1.88493750e-01
1.96037500e-07,1.88507813e-01
1.96077500e-07,1.88490625e-01
1.96117500e-07,1.88512500e-01
1.96157500e-07,1.88482813e-01
1.96197500e-07,1.88526562e-01
1.96237500e-07,1.88448438e-01
1.96277500e-07,1.88704687e-01
1.96317500e-07,1.88957813e-01
1.96357500e-07,1.88865625e-01
1.96397500e-07,1.88925000e-01
1.96437500e-07,1.88879688e-01
1.96477500e-07,1.88918750e-01
1.96517500e-07,1.88882812e-01
1.96557500e-07,1.88915625e-01
1.96597500e-07,1.88884375e-01
1.96637500e-07,1.88915625e-01
1.96677500e-07,1.88884375e-01
1.96717500e-07,1.88917188e-01
1.96757500e-07,1.88881250e-01
1.96797500e-07,1.88921875e-01
1.96837500e-07,1.88873438e-01
1.96877500e-07,1.88935938e-01
1.96917500e-07,1.88840625e-01
1.96957500e-07,1.89112500e-01
1.96997500e-07,1.89350000e-01
1.97037500e-07,1.89275000e-01
1.97077500e-07,1.89315625e-01
1.97117500e-07,1.89289062e-01
1.97157500e-07,1.89307813e-01
1.97197500e-07,1.89293750e-01
1.97237500e-07,1.89304688e-01
1.97277500e-07,1.89295313e-01
1.97317500e-07,1.89303125e-01
1.97357500e-07,1.89298437e-01
1.97397500e-07,1.89301563e-01
1.97437500e-07,1.89298437e-01
1.97477500e-07,1.89300000e-01
1.97517500e-07,1.89300000e-01
1.97557500e-07,1.89300000e-01
1.97597500e-07,1.89301563e-01
1.97637500e-07,1.89298437e-01
1.97677500e-07,1.89301563e-01
1.97717500e-07,1.89296875e-01
1.97757500e-07,1.89304688e-01
1.97797500e-07,1.89295313e-01
1.97837500e-07,1.89306250e-01
1.97877500e-07,1.89290625e-01
1.97917500e-07,1.89310937e-01
1.97957500e-07,1.89282813e-01
1.97997500e-07,1.89326563e-01
1.98037500e-07,1.89248438e-01
1.98077500e-07,1.89504688e-01
1.98117500e-07,1.89757813e-01
1.98157500e-07,1.89665625e-01
1.98197500e-07,1.89725000e-01
1.98237500e-07,1.89679687e-01
1.98277500e-07,1.89717187e-01
1.98317500e-07,1.89684375e-01
1.98357500e-07,1.89714063e-01
1.98397500e-07,1.89685938e-01
1.98437500e-07,1.89714063e-01
1.98477500e-07,1.89687500e-01
1.98517500e-07,1.89712500e-01
1.98557500e-07,1.89685938e-01
1.98597500e-07,1.89714063e-01
1.98637500e-07,1.89685938e-01
1.98677500e-07,1.89715625e-01
1.98717500e-07,1.89682813e-01
1.98757500e-07,1.89720313e-01
1.98797500e-07,1.89675000e-01
1.98837500e-07,1.89734375e-01
1.98877500e-07,1.89640625e-01
1.98917500e-07,1.89912500e-01
1.98957500e-07,1.90150000e-01
1.98997500e-07,1.90073437e-01
1.99037500e-07,1.90117188e-01
1.99077500e-07,1.90087500e-01
1.99117500e-07,1.90109375e-01
1.99157500e-07,1.90092188e-01
1.99197500e-07,1.90106250e-01
1.99237500e-07,1.90095313e-01
1.99277500e-07,1.90104688e-01
1.99317500e-07,1.90096875e-01
1.99357500e-07,1.90103125e-01
1.99397500e-07,1.90096875e-01
1.99437500e-07,1.90101563e-01
1.99477500e-07,1.90098437e-01
1.99517500e-07,1.90101563e-01
1.99557500e-07,1.90098437e-01
1.99597500e-07,1.90101563e-01
1.99637500e-07,1.90098437e-01
1.99677500e-07,1.90101563e-01
1.99717500e-07,1.90098437e-01
1.99757500e-07,1.90101563e-01
1.99797500e-07,1.90098437e-01
1.99837500e-07,1.90101563e-01
1.99877500e-07,1.90098437e-01
1.99917500e-07,1.90101563e-01
1.99957500e-07,1.90098437e-01
1.99997500e-07,1.90103125e-01
2.00037500e-07,1.90096875e-01
2.00077500e-07,1.90103125e-01
2.00117500e-07,1.90095313e-01
2.00157500e-07,1.90106250e-01
2.00197500e-07,1.90090625e-01
2.00237500e-07,1.90114063e-01
2.00277500e-07,1.90076563e-01
2.00317500e-07,1.90146875e-01
2.00357500e-07,1.89900000e-01
2.00397500e-07,1.89637500e-01
2.00437500e-07,1.89740625e-01
2.00477500e-07,1.89668750e-01
2.00517500e-07,1.89728125e-01
2.00557500e-07,1.89673438e-01
2.00597500e-07,1.89726563e-01
2.00637500e-07,1.89671875e-01
2.00677500e-07,1.89732813e-01
2.00717500e-07,1.89657812e-01
2.00757500e-07,1.89767188e-01
2.00797500e-07,1.89479687e-01
2.00837500e-07,1.89257813e-01
2.00877500e-07,1.89318750e-01
2.00917500e-07,1.89290625e-01
2.00957500e-07,1.89303125e-01
2.00997500e-07,1.89300000e-01
2.01037500e-07,1.89296875e-01
2.01077500e-07,1.89304688e-01
2.01117500e-07,1.89292188e-01
2.01157500e-07,1.89310937e-01
2.01197500e-07,1.89285938e-01
2.01237500e-07,1.89320313e-01
2.01277500e-07,1.89268750e-01
2.01317500e-07,1.89356250e-01
2.01357500e-07,1.89090625e-01
2.01397500e-07,1.88848438e-01
2.01437500e-07,1.88926563e-01
2.01477500e-07,1.88882812e-01
2.01517500e-07,1.88910938e-01
2.01557500e-07,1.88893750e-01
2.01597500e-07,1.88901563e-01
2.01637500e-07,1.88903125e-01
2.01677500e-07,1.88890625e-01
2.01717500e-07,1.88918750e-01
2.01757500e-07,1.88854688e-01
2.01797500e-07,1.89098437e-01
2.01837500e-07,1.89364063e-01
2.01877500e-07,1.89260938e-01
2.01917500e-07,1.89329688e-01
2.01957500e-07,1.89275000e-01
2.01997500e-07,1.89321875e-01
2.02037500e-07,1.89279688e-01
2.02077500e-07,1.89320313e-01
2.02117500e-07,1.89279688e-01
2.02157500e-07,1.89320313e-01
2.02197500e-07,1.89278125e-01
2.02237500e-07,1.89323437e-01
2.02277500e-07,1.89271875e-01
2.02317500e-07,1.89337500e-01
2.02357500e-07,1.89239062e-01
2.02397500e-07,1.89514062e-01
2.02437500e-07,1.89748438e-01
2.02477500e-07,1.89675000e-01
2.02517500e-07,1.89715625e-01
2.02557500e-07,1.89689063e-01
2.02597500e-07,1.89709375e-01
2.02637500e-07,1.89693750e-01
2.02677500e-07,1.89706250e-01
2.02717500e-07,1.89695313e-01
2.02757500e-07,1.89704687e-01
2.02797500e-07,1.89696875e-01
2.02837500e-07,1.89703125e-01
2.02877500e-07,1.89696875e-01
2.02917500e-07,1.89703125e-01
2.02957500e-07,1.89696875e-01
2.02997500e-07,1.89703125e-01
2.03037500e-07,1.89696875e-01
2.03077500e-07,1.89703125e-01
2.03117500e-07,1.89696875e-01
2.03157500e-07,1.89703125e-01
2.03197500e-07,1.89696875e-01
2.03237500e-07,1.89703125e-01
2.03277500e-07,1.89695313e-01
2.03317500e-07,1.89704687e-01
2.03357500e-07,1.89695313e-01
2.03397500e-07,1.89704687e-01
2.03437500e-07,1.89693750e-01
2.03477500e-07,1.89706250e-01
2.03517500e-07,1.89692187e-01
2.03557500e-07,1.89709375e-01
2.03597500e-07,1.89689063e-01
2.03637500e-07,1.89712500e-01
2.03677500e-07,1.89684375e-01
2.03717500e-07,1.89720313e-01
2.03757500e-07,1.89670312e-01
2.03797500e-07,1.89754688e-01
2.03837500e-07,1.89492188e-01
2.03877500e-07,1.89246875e-01
2.03917500e-07,1.89329688e-01
2.03957500e-07,1.89279688e-01
2.03997500e-07,1.89315625e-01
2.04037500e-07,1.89289062e-01
2.04077500e-07,1.89309375e-01
2.04117500e-07,1.89292188e-01
2.04157500e-07,1.89306250e-01
2.04197500e-07,1.89295313e-01
2.04237500e-07,1.89303125e-01
2.04277500e-07,1.89298437e-01
2.04317500e-07,1.89300000e-01
2.04357500e-07,1.89303125e-01
2.04397500e-07,1.89293750e-01
2.04437500e-07,1.89310937e-01
2.04477500e-07,1.89279688e-01
2.04517500e-07,1.89345313e-01
2.04557500e-07,1.89101563e-01
2.04597500e-07,1.88835937e-01
2.04637500e-07,1.88940625e-01
2.04677500e-07,1.88868750e-01
2.04717500e-07,1.88926563e-01
2.04757500e-07,1.88875000e-01
2.04797500e-07,1.88923438e-01
2.04837500e-07,1.88878125e-01
2.04877500e-07,1.88923438e-01
2.04917500e-07,1.88876563e-01
2.04957500e-07,1.88926563e-01
2.04997500e-07,1.88868750e-01
2.05037500e-07,1.88940625e-01
2.05077500e-07,1.88835937e-01
2.05117500e-07,1.89117188e-01
2.05157500e-07,1.89345313e-01
2.05197500e-07,1.89278125e-01
2.05237500e-07,1.89312500e-01
2.05277500e-07,1.89292188e-01
2.05317500e-07,1.89304688e-01
2.05357500e-07,1.89296875e-01
2.05397500e-07,1.89301563e-01
2.05437500e-07,1.89300000e-01
2.05477500e-07,1.89298437e-01
2.05517500e-07,1.89301563e-01
2.05557500e-07,1.89298437e-01
2.05597500e-07,1.89303125e-01
2.05637500e-07,1.89296875e-01
2.05677500e-07,1.89304688e-01
2.05717500e-07,1.89295313e-01
2.05757500e-07,1.89306250e-01
2.05797500e-07,1.89293750e-01
2.05837500e-07,1.89307813e-01
2.05877500e-07,1.89292188e-01
2.05917500e-07,1.89309375e-01
2.05957500e-07,1.89287500e-01
2.05997500e-07,1.89315625e-01
2.06037500e-07,1.89279688e-01
2.06077500e-07,1.89329688e-01
2.06117500e-07,1.89245313e-01
2.06157500e-07,1.89507813e-01
2.06197500e-07,1.89754688e-01
2.06237500e-07,1.89670312e-01
2.06277500e-07,1.89720313e-01
2.06317500e-07,1.89684375e-01
2.06357500e-07,1.89712500e-01
2.06397500e-07,1.89689063e-01
2.06437500e-07,1.89709375e-01
2.06477500e-07,1.89692187e-01
2.06517500e-07,1.89707813e-01
2.06557500e-07,1.89693750e-01
2.06597500e-07,1.89706250e-01
2.06637500e-07,1.89693750e-01
2.06677500e-07,1.89706250e-01
2.06717500e-07,1.89695313e-01
2.06757500e-07,1.89704687e-01
2.06797500e-07,1.89695313e-01
2.06837500e-07,1.89704687e-01
2.06877500e-07,1.89695313e-01
2.06917500e-07,1.89704687e-01
2.06957500e-07,1.89695313e-01
2.06997500e-07,1.89704687e-01
2.07037500e-07,1.89695313e-01
2.07077500e-07,1.89703125e-01
2.07117500e-07,1.89696875e-01
2.07157500e-07,1.89703125e-01
2.07197500e-07,1.89696875e-01
2.07237500e-07,1.89703125e-01
2.07277500e-07,1.89696875e-01
2.07317500e-07,1.89703125e-01
2.07357500e-07,1.89696875e-01
2.07397500e-07,1.89703125e-01
2.07437500e-07,1.89696875e-01
2.07477500e-07,1.89703125e-01
2.07517500e-07,1.89696875e-01
2.07557500e-07,1.89703125e-01
2.07597500e-07,1.89695313e-01
2.07637500e-07,1.89704687e-01
2.07677500e-07,1.89695313e-01
2.07717500e-07,1.89704687e-01
2.07757500e-07,1.89695313e-01
2.07797500e-07,1.89704687e-01
2.07837500e-07,1.89695313e-01
2.07877500e-07,1.89704687e-01
2.07917500e-07,1.89695313e-01
2.07957500e-07,1.89704687e-01
2.07997500e-07,1.89695313e-01
2.08037500e-07,1.89706250e-01
2.08077500e-07,1.89693750e-01
2.08117500e-07,1.89706250e-01
2.08157500e-07,1.89693750e-01
2.08197500e-07,1.89706250e-01
2.08237500e-07,1.89692187e-01
2.08277500e-07,1.89707813e-01
2.08317500e-07,1.89692187e-01
2.08357500e-07,1.89709375e-01
2.08397500e-07,1.89689063e-01
2.08437500e-07,1.89710938e-01
2.08477500e-07,1.89687500e-01
2.08517500e-07,1.89715625e-01
2.08557500e-07,1.89681250e-01
2.08597500e-07,1.89723438e-01
2.08637500e-07,1.89667188e-01
2.08677500e-07,1.89757813e-01
2.08717500e-07,1.89487500e-01
2.08757500e-07,1.89250000e-01
2.08797500e-07,1.89326563e-01
2.08837500e-07,1.89282813e-01
2.08877500e-07,1.89310937e-01
2.08917500e-07,1.89292188e-01
2.08957500e-07,1.89304688e-01
2.08997500e-07,1.89296875e-01
2.09037500e-07,1.89301563e-01
2.09077500e-07,1.89300000e-01
2.09117500e-07,1.89298437e-01
2.09157500e-07,1.89303125e-01
2.09197500e-07,1.89295313e-01
2.09237500e-07,1.89307813e-01
2.09277500e-07,1.89289062e-01
2.09317500e-07,1.89317188e-01
2.09357500e-07,1.89273438e-01
2.09397500e-07,1.89351563e-01
2.09437500e-07,1.89095313e-01
2.09477500e-07,1.88843750e-01
2.09517500e-07,1.88932813e-01
2.09557500e-07,1.88876563e-01
2.09597500e-07,1.88918750e-01
2.09637500e-07,1.88885938e-01
2.09677500e-07,1.88912500e-01
2.09717500e-07,1.88889063e-01
2.09757500e-07,1.88909375e-01
2.09797500e-07,1.88892188e-01
2.09837500e-07,1.88907812e-01
2.09877500e-07,1.88893750e-01
2.09917500e-07,1.88906250e-01
2.09957500e-07,1.88893750e-01
2.09997500e-07,1.88904688e-01
2.10037500e-07,1.88895312e-01
2.10077500e-07,1.88904688e-01
2.10117500e-07,1.88896875e-01
2.10157500e-07,1.88903125e-01
2.10197500e-07,1.88896875e-01
2.10237500e-07,1.88901563e-01
2.10277500e-07,1.88898438e-01
2.10317500e-07,1.88901563e-01
2.10357500e-07,1.88900000e-01
2.10397500e-07,1.88900000e-01
2.10437500e-07,1.88901563e-01
2.10477500e-07,1.88898438e-01
2.10517500e-07,1.88903125e-01
2.10557500e-07,1.88895312e-01
2.10597500e-07,1.88906250e-01
2.10637500e-07,1.88892188e-01
2.10677500e-07,1.88910938e-01
2.10717500e-07,1.88884375e-01
2.10757500e-07,1.88926563e-01
2.10797500e-07,1.88848438e-01
2.10837500e-07,1.89104688e-01
2.10877500e-07,1.89357813e-01
2.10917500e-07,1.89265625e-01
2.10957500e-07,1.89323437e-01
2.10997500e-07,1.89281250e-01
2.11037500e-07,1.89315625e-01
2.11077500e-07,1.89285938e-01
2.11117500e-07,1.89310937e-01
2.11157500e-07,1.89290625e-01
2.11197500e-07,1.89309375e-01
2.11237500e-07,1.89292188e-01
2.11277500e-07,1.89306250e-01
2.11317500e-07,1.89295313e-01
2.11357500e-07,1.89303125e-01
2.11397500e-07,1.89298437e-01
2.11437500e-07,1.89300000e-01
2.11477500e-07,1.89303125e-01
2.11517500e-07,1.89290625e-01
2.11557500e-07,1.89318750e-01
2.11597500e-07,1.89256250e-01
2.11637500e-07,1.89496875e-01
2.11677500e-07,1.89765625e-01
2.11717500e-07,1.89657812e-01
2.11757500e-07,1.89732813e-01
2.11797500e-07,1.89671875e-01
2.11837500e-07,1.89726563e-01
2.11877500e-07,1.89675000e-01
2.11917500e-07,1.89723438e-01
2.11957500e-07,1.89676563e-01
2.11997500e-07,1.89725000e-01
2.12037500e-07,1.89673438e-01
2.12077500e-07,1.89728125e-01
2.12117500e-07,1.89667188e-01
2.12157500e-07,1.89742187e-01
2.12197500e-07,1.89632812e-01
2.12237500e-07,1.89918750e-01
2.12277500e-07,1.90143750e-01
2.12317500e-07,1.90079688e-01
2.12357500e-07,1.90110938e-01
2.12397500e-07,1.90093750e-01
2.12437500e-07,1.90103125e-01
2.12477500e-07,1.90098437e-01
2.12517500e-07,1.90100000e-01
2.12557500e-07,1.90101563e-01
2.12597500e-07,1.90098437e-01
2.12637500e-07,1.90101563e-01
2.12677500e-07,1.90096875e-01
2.12717500e-07,1.90103125e-01
2.12757500e-07,1.90096875e-01
2.12797500e-07,1.90103125e-01
2.12837500e-07,1.90096875e-01
2.12877500e-07,1.90103125e-01
2.12917500e-07,1.90096875e-01
2.12957500e-07,1.90103125e-01
2.12997500e-07,1.90096875e-01
2.13037500e-07,1.90103125e-01
2.13077500e-07,1.90096875e-01
2.13117500e-07,1.90101563e-01
2.13157500e-07,1.90098437e-01
2.13197500e-07,1.90101563e-01
2.13237500e-07,1.90100000e-01
2.13277500e-07,1.90098437e-01
2.13317500e-07,1.90103125e-01
2.13357500e-07,1.90093750e-01
2.13397500e-07,1.90110938e-01
2.13437500e-07,1.90079688e-01
2.13477500e-07,1.90145312e-01
2.13517500e-07,1.89903125e-01
2.13557500e-07,1.89634375e-01
2.13597500e-07,1.89742187e-01
2.13637500e-07,1.89667188e-01
2.13677500e-07,1.89728125e-01
2.13717500e-07,1.89675000e-01
2.13757500e-07,1.89723438e-01
2.13797500e-07,1.89676563e-01
2.13837500e-07,1.89721875e-01
2.13877500e-07,1.89678125e-01
2.13917500e-07,1.89721875e-01
2.13957500e-07,1.89678125e-01
2.13997500e-07,1.89721875e-01
2.14037500e-07,1.89676563e-01
2.14077500e-07,1.89723438e-01
2.14117500e-07,1.89675000e-01
2.14157500e-07,1.89726563e-01
2.14197500e-07,1.89670312e-01
2.14237500e-07,1.89732813e-01
2.14277500e-07,1.89662500e-01
2.14317500e-07,1.89748438e-01
2.14357500e-07,1.89626563e-01
2.14397500e-07,1.89928125e-01
2.14437500e-07,1.90134375e-01
2.14477500e-07,1.90090625e-01
2.14517500e-07,1.90098437e-01
2.14557500e-07,1.90109375e-01
2.14597500e-07,1.90085937e-01
2.14637500e-07,1.90120312e-01
2.14677500e-07,1.90071875e-01
2.14717500e-07,1.90139063e-01
2.14757500e-07,1.90034375e-01
2.14797500e-07,1.90320313e-01
2.14837500e-07,1.90539062e-01
2.14877500e-07,1.90485938e-01
2.14917500e-07,1.90501562e-01
2.14957500e-07,1.90507813e-01
2.14997500e-07,1.90484375e-01
2.15037500e-07,1.90528125e-01
2.15077500e-07,1.90443750e-01
2.15117500e-07,1.90710938e-01
2.15157500e-07,1.90950000e-01
2.15197500e-07,1.90876563e-01
2.15237500e-07,1.90912500e-01
2.15277500e-07,1.90895312e-01
2.15317500e-07,1.90900000e-01
2.15357500e-07,1.90906250e-01
2.15397500e-07,1.90885938e-01
2.15437500e-07,1.90925000e-01
2.15477500e-07,1.90848437e-01
2.15517500e-07,1.91106250e-01
2.15557500e-07,1.91354688e-01
2.15597500e-07,1.91270313e-01
2.15637500e-07,1.91320313e-01
2.15677500e-07,1.91285938e-01
2.15717500e-07,1.91309375e-01
2.15757500e-07,1.91293750e-01
2.15797500e-07,1.91303125e-01
2.15837500e-07,1.91300000e-01
2.15877500e-07,1.91296875e-01
2.15917500e-07,1.91306250e-01
2.15957500e-07,1.91289062e-01
2.15997500e-07,1.91317188e-01
2.16037500e-07,1.91273438e-01
2.16077500e-07,1.91353125e-01
2.16117500e-07,1.91092188e-01
2.16157500e-07,1.90846875e-01
2.16197500e-07,1.90928125e-01
2.16237500e-07,1.90882812e-01
2.16277500e-07,1.90910938e-01
2.16317500e-07,1.90895312e-01
2.16357500e-07,1.90900000e-01
2.16397500e-07,1.90907812e-01
2.16437500e-07,1.90881250e-01
2.16477500e-07,1.90945313e-01
2.16517500e-07,1.90700000e-01
2.16557500e-07,1.90439063e-01
2.16597500e-07,1.90534375e-01
2.16637500e-07,1.90476563e-01
2.16677500e-07,1.90515625e-01
2.16717500e-07,1.90492188e-01
2.16757500e-07,1.90496875e-01
2.16797500e-07,1.90529688e-01
2.16837500e-07,1.90317188e-01
2.16877500e-07,1.90020313e-01
2.16917500e-07,1.90157812e-01
2.16957500e-07,1.90048438e-01
2.16997500e-07,1.90150000e-01
2.17037500e-07,1.90043750e-01
2.17077500e-07,1.90179687e-01
2.17117500e-07,1.89868750e-01
2.17157500e-07,1.89668750e-01
2.17197500e-07,1.89707813e-01
2.17237500e-07,1.89703125e-01
2.17277500e-07,1.89690625e-01
2.17317500e-07,1.89717187e-01
2.17357500e-07,1.89671875e-01
2.17397500e-07,1.89753125e-01
2.17437500e-07,1.89493750e-01
2.17477500e-07,1.89243750e-01
2.17517500e-07,1.89332813e-01
2.17557500e-07,1.89275000e-01
2.17597500e-07,1.89320313e-01
2.17637500e-07,1.89281250e-01
2.17677500e-07,1.89318750e-01
2.17717500e-07,1.89279688e-01
2.17757500e-07,1.89325000e-01
2.17797500e-07,1.89265625e-01
2.17837500e-07,1.89357813e-01
2.17877500e-07,1.89089063e-01
2.17917500e-07,1.88848438e-01
2.17957500e-07,1.88928125e-01
2.17997500e-07,1.88881250e-01
2.18037500e-07,1.88914063e-01
2.18077500e-07,1.88887500e-01
2.18117500e-07,1.88909375e-01
2.18157500e-07,1.88892188e-01
2.18197500e-07,1.88907812e-01
2.18237500e-07,1.88893750e-01
2.18277500e-07,1.88906250e-01
2.18317500e-07,1.88895312e-01
2.18357500e-07,1.88904688e-01
2.18397500e-07,1.88895312e-01
2.18437500e-07,1.88903125e-01
2.18477500e-07,1.88896875e-01
2.18517500e-07,1.88901563e-01
2.18557500e-07,1.88898438e-01
2.18597500e-07,1.88901563e-01
2.18637500e-07,1.88900000e-01
2.18677500e-07,1.88898438e-01
2.18717500e-07,1.88903125e-01
2.18757500e-07,1.88895312e-01
2.18797500e-07,1.88907812e-01
2.18837500e-07,1.88887500e-01
2.18877500e-07,1.88921875e-01
2.18917500e-07,1.88853125e-01
2.18957500e-07,1.89098437e-01
2.18997500e-07,1.89364063e-01
2.19037500e-07,1.89259375e-01
2.19077500e-07,1.89331250e-01
2.19117500e-07,1.89273438e-01
2.19157500e-07,1.89325000e-01
2.19197500e-07,1.89276562e-01
2.19237500e-07,1.89323437e-01
2.19277500e-07,1.89275000e-01
2.19317500e-07,1.89328125e-01
2.19357500e-07,1.89267188e-01
2.19397500e-07,1.89342188e-01
2.19437500e-07,1.89234375e-01
2.19477500e-07,1.89518750e-01
2.19517500e-07,1.89743750e-01
2.19557500e-07,1.89681250e-01
2.19597500e-07,1.89709375e-01
2.19637500e-07,1.89695313e-01
2.19677500e-07,1.89700000e-01
2.19717500e-07,1.89703125e-01
2.19757500e-07,1.89693750e-01
2.19797500e-07,1.89710938e-01
2.19837500e-07,1.89684375e-01
2.19877500e-07,1.89726563e-01
2.19917500e-07,1.89648438e-01
2.19957500e-07,1.89904688e-01
2.19997500e-07,1.90157812e-01
2.20037500e-07,1.90065625e-01
2.20077500e-07,1.90125000e-01
2.20117500e-07,1.90081250e-01
2.20157500e-07,1.90117188e-01
2.20197500e-07,1.90085937e-01
2.20237500e-07,1.90114063e-01
2.20277500e-07,1.90087500e-01
2.20317500e-07,1.90112500e-01
2.20357500e-07,1.90089063e-01
2.20397500e-07,1.90110938e-01
2.20437500e-07,1.90089063e-01
2.20477500e-07,1.90110938e-01
2.20517500e-07,1.90089063e-01
2.20557500e-07,1.90112500e-01
2.20597500e-07,1.90087500e-01
2.20637500e-07,1.90114063e-01
2.20677500e-07,1.90085937e-01
2.20717500e-07,1.90115625e-01
2.20757500e-07,1.90081250e-01
2.20797500e-07,1.90121875e-01
2.20837500e-07,1.90071875e-01
2.20877500e-07,1.90137500e-01
2.20917500e-07,1.90037500e-01
2.20957500e-07,1.90317188e-01
2.20997500e-07,1.90543750e-01
2.21037500e-07,1.90482813e-01
2.21077500e-07,1.90504688e-01
2.21117500e-07,1.90504688e-01
2.21157500e-07,1.90482813e-01
2.21197500e-07,1.90543750e-01
2.21237500e-07,1.90301563e-01
2.21277500e-07,1.90037500e-01
2.21317500e-07,1.90139063e-01
2.21357500e-07,1.90071875e-01
2.21397500e-07,1.90123438e-01
2.21437500e-07,1.90079688e-01
2.21477500e-07,1.90117188e-01
2.21517500e-07,1.90084375e-01
2.21557500e-07,1.90114063e-01
2.21597500e-07,1.90085937e-01
2.21637500e-07,1.90112500e-01
2.21677500e-07,1.90087500e-01
2.21717500e-07,1.90112500e-01
2.21757500e-07,1.90089063e-01
2.21797500e-07,1.90110938e-01
2.21837500e-07,1.90089063e-01
2.21877500e-07,1.90110938e-01
2.21917500e-07,1.90089063e-01
2.21957500e-07,1.90110938e-01
2.21997500e-07,1.90089063e-01
2.22037500e-07,1.90112500e-01
2.22077500e-07,1.90087500e-01
2.22117500e-07,1.90114063e-01
2.22157500e-07,1.90084375e-01
2.22197500e-07,1.90117188e-01
2.22237500e-07,1.90079688e-01
2.22277500e-07,1.90125000e-01
2.22317500e-07,1.90065625e-01
2.22357500e-07,1.90159375e-01
2.22397500e-07,1.89887500e-01
2.22437500e-07,1.89650000e-01
2.22477500e-07,1.89726563e-01
2.22517500e-07,1.89682813e-01
2.22557500e-07,1.89712500e-01
2.22597500e-07,1.89690625e-01
2.22637500e-07,1.89707813e-01
2.22677500e-07,1.89693750e-01
2.22717500e-07,1.89704687e-01
2.22757500e-07,1.89695313e-01
2.22797500e-07,1.89703125e-01
2.22837500e-07,1.89696875e-01
2.22877500e-07,1.89703125e-01
2.22917500e-07,1.89696875e-01
2.22957500e-07,1.89701563e-01
2.22997500e-07,1.89698438e-01
2.23037500e-07,1.89701563e-01
2.23077500e-07,1.89698438e-01
2.23117500e-07,1.89701563e-01
2.23157500e-07,1.89698438e-01
2.23197500e-07,1.89701563e-01
2.23237500e-07,1.89698438e-01
2.23277500e-07,1.89701563e-01
2.23317500e-07,1.89698438e-01
2.23357500e-07,1.89701563e-01
2.23397500e-07,1.89698438e-01
2.23437500e-07,1.89701563e-01
2.23477500e-07,1.89698438e-01
2.23517500e-07,1.89700000e-01
2.23557500e-07,1.89700000e-01
2.23597500e-07,1.89700000e-01
2.23637500e-07,1.89700000e-01
2.23677500e-07,1.89700000e-01
2.23717500e-07,1.89700000e-01
2.23757500e-07,1.89700000e-01
2.23797500e-07,1.89700000e-01
2.23837500e-07,1.89700000e-01
2.23877500e-07,1.89700000e-01
2.23917500e-07,1.89700000e-01
2.23957500e-07,1.89700000e-01
2.23997500e-07,1.89700000e-01
2.24037500e-07,1.89700000e-01
2.24077500e-07,1.89700000e-01
2.24117500e-07,1.89700000e-01
2.24157500e-07,1.89701563e-01
2.24197500e-07,1.89698438e-01
2.24237500e-07,1.89701563e-01
2.24277500e-07,1.89698438e-01
2.24317500e-07,1.89701563e-01
2.24357500e-07,1.89698438e-01
2.24397500e-07,1.89701563e-01
2.24437500e-07,1.89698438e-01
2.24477500e-07,1.89701563e-01
2.24517500e-07,1.89698438e-01
2.24557500e-07,1.89701563e-01
2.24597500e-07,1.89698438e-01
2.24637500e-07,1.89701563e-01
2.24677500e-07,1.89698438e-01
2.24717500e-07,1.89701563e-01
2.24757500e-07,1.89698438e-01
2.24797500e-07,1.89701563e-01
2.24837500e-07,1.89698438e-01
2.24877500e-07,1.89701563e-01
2.24917500e-07,1.89698438e-01
2.24957500e-07,1.89703125e-01
2.24997500e-07,1.89696875e-01
2.25037500e-07,1.89703125e-01
2.25077500e-07,1.89696875e-01
2.25117500e-07,1.89703125e-01
2.25157500e-07,1.89696875e-01
2.25197500e-07,1.89703125e-01
2.25237500e-07,1.89695313e-01
2.25277500e-07,1.89704687e-01
2.25317500e-07,1.89695313e-01
2.25357500e-07,1.89706250e-01
2.25397500e-07,1.89693750e-01
2.25437500e-07,1.89707813e-01
2.25477500e-07,1.89690625e-01
2.25517500e-07,1.89710938e-01
2.25557500e-07,1.89685938e-01
2.25597500e-07,1.89718750e-01
2.25637500e-07,1.89670312e-01
2.25677500e-07,1.89753125e-01
2.25717500e-07,1.89493750e-01
2.25757500e-07,1.89245313e-01
2.25797500e-07,1.89331250e-01
2.25837500e-07,1.89278125e-01
2.25877500e-07,1.89317188e-01
2.25917500e-07,1.89285938e-01
2.25957500e-07,1.89312500e-01
2.25997500e-07,1.89289062e-01
2.26037500e-07,1.89309375e-01
2.26077500e-07,1.89290625e-01
2.26117500e-07,1.89309375e-01
2.26157500e-07,1.89292188e-01
2.26197500e-07,1.89307813e-01
2.26237500e-07,1.89292188e-01
2.26277500e-07,1.89307813e-01
2.26317500e-07,1.89292188e-01
2.26357500e-07,1.89307813e-01
2.26397500e-07,1.89292188e-01
2.26437500e-07,1.89307813e-01
2.26477500e-07,1.89292188e-01
2.26517500e-07,1.89309375e-01
2.26557500e-07,1.89290625e-01
2.26597500e-07,1.89310937e-01
2.26637500e-07,1.89287500e-01
2.26677500e-07,1.89315625e-01
2.26717500e-07,1.89279688e-01
2.26757500e-07,1.89329688e-01
2.26797500e-07,1.89245313e-01
2.26837500e-07,1.89507813e-01
2.26877500e-07,1.89754688e-01
2.26917500e-07,1.89668750e-01
2.26957500e-07,1.89721875e-01
2.26997500e-07,1.89682813e-01
2.27037500e-07,1.89714063e-01
2.27077500e-07,1.89687500e-01
2.27117500e-07,1.89712500e-01
2.27157500e-07,1.89689063e-01
2.27197500e-07,1.89710938e-01
2.27237500e-07,1.89689063e-01
2.27277500e-07,1.89710938e-01
2.27317500e-07,1.89689063e-01
2.27357500e-07,1.89710938e-01
2.27397500e-07,1.89687500e-01
2.27437500e-07,1.89712500e-01
2.27477500e-07,1.89685938e-01
2.27517500e-07,1.89715625e-01
2.27557500e-07,1.89681250e-01
2.27597500e-07,1.89725000e-01
2.27637500e-07,1.89665625e-01
2.27677500e-07,1.89759375e-01
2.27717500e-07,1.89487500e-01
2.27757500e-07,1.89251562e-01
2.27797500e-07,1.89325000e-01
2.27837500e-07,1.89285938e-01
2.27877500e-07,1.89307813e-01
2.27917500e-07,1.89296875e-01
2.27957500e-07,1.89298437e-01
2.27997500e-07,1.89307813e-01
2.28037500e-07,1.89282813e-01
2.28077500e-07,1.89343750e-01
2.28117500e-07,1.89103125e-01
2.28157500e-07,1.88832813e-01
2.28197500e-07,1.88943750e-01
2.28237500e-07,1.88865625e-01
2.28277500e-07,1.88931250e-01
2.28317500e-07,1.88868750e-01
2.28357500e-07,1.88934375e-01
2.28397500e-07,1.88857812e-01
2.28437500e-07,1.88965625e-01
2.28477500e-07,1.88682813e-01
2.28517500e-07,1.88454687e-01
2.28557500e-07,1.88521875e-01
2.28597500e-07,1.88485938e-01
2.28637500e-07,1.88509375e-01
2.28677500e-07,1.88493750e-01
2.28717500e-07,1.88504688e-01
2.28757500e-07,1.88495313e-01
2.28797500e-07,1.88503125e-01
2.28837500e-07,1.88496875e-01
2.28877500e-07,1.88501562e-01
2.28917500e-07,1.88498438e-01
2.28957500e-07,1.88501562e-01
2.28997500e-07,1.88498438e-01
2.29037500e-07,1.88501562e-01
2.29077500e-07,1.88498438e-01
2.29117500e-07,1.88501562e-01
2.29157500e-07,1.88498438e-01
2.29197500e-07,1.88501562e-01
2.29237500e-07,1.88498438e-01
2.29277500e-07,1.88501562e-01
2.29317500e-07,1.88498438e-01
2.29357500e-07,1.88501562e-01
2.29397500e-07,1.88496875e-01
2.29437500e-07,1.88503125e-01
2.29477500e-07,1.88496875e-01
2.29517500e-07,1.88503125e-01
2.29557500e-07,1.88496875e-01
2.29597500e-07,1.88503125e-01
2.29637500e-07,1.88495313e-01
2.29677500e-07,1.88504688e-01
2.29717500e-07,1.88495313e-01
2.29757500e-07,1.88506250e-01
2.29797500e-07,1.88493750e-01
2.29837500e-07,1.88507813e-01
2.29877500e-07,1.88490625e-01
2.29917500e-07,1.88510938e-01
2.29957500e-07,1.88487500e-01
2.29997500e-07,1.88515625e-01
2.30037500e-07,1.88478125e-01
2.30077500e-07,1.88531250e-01
2.30117500e-07,1.88443750e-01
2.30157500e-07,1.88709375e-01
2.30197500e-07,1.88951563e-01
2.30237500e-07,1.88871875e-01
2.30277500e-07,1.88917188e-01
2.30317500e-07,1.88887500e-01
2.30357500e-07,1.88907812e-01
2.30397500e-07,1.88895312e-01
2.30437500e-07,1.88903125e-01
2.30477500e-07,1.88900000e-01
2.30517500e-07,1.88896875e-01
2.30557500e-07,1.88907812e-01
2.30597500e-07,1.88887500e-01
2.30637500e-07,1.88923438e-01
2.30677500e-07,1.88851563e-01
2.30717500e-07,1.89103125e-01
2.30757500e-07,1.89359375e-01
2.30797500e-07,1.89265625e-01
2.30837500e-07,1.89325000e-01
2.30877500e-07,1.89281250e-01
2.30917500e-07,1.89314063e-01
2.30957500e-07,1.89289062e-01
2.30997500e-07,1.89307813e-01
2.31037500e-07,1.89296875e-01
2.31077500e-07,1.89296875e-01
2.31117500e-07,1.89312500e-01
2.31157500e-07,1.89262500e-01
2.31197500e-07,1.89492188e-01
2.31237500e-07,1.89770313e-01
2.31277500e-07,1.89653125e-01
2.31317500e-07,1.89737500e-01
2.31357500e-07,1.89667188e-01
2.31397500e-07,1.89729688e-01
2.31437500e-07,1.89671875e-01
2.31477500e-07,1.89726563e-01
2.31517500e-07,1.89673438e-01
2.31557500e-07,1.89726563e-01
2.31597500e-07,1.89673438e-01
2.31637500e-07,1.89728125e-01
2.31677500e-07,1.89670312e-01
2.31717500e-07,1.89732813e-01
2.31757500e-07,1.89662500e-01
2.31797500e-07,1.89746875e-01
2.31837500e-07,1.89628125e-01
2.31877500e-07,1.89925000e-01
2.31917500e-07,1.90135938e-01
2.31957500e-07,1.90087500e-01
2.31997500e-07,1.90101563e-01
2.32037500e-07,1.90104688e-01
2.32077500e-07,1.90092188e-01
2.32117500e-07,1.90112500e-01
2.32157500e-07,1.90082813e-01
2.32197500e-07,1.90123438e-01
2.32237500e-07,1.90067188e-01
2.32277500e-07,1.90159375e-01
2.32317500e-07,1.89887500e-01
2.32357500e-07,1.89650000e-01
2.32397500e-07,1.89725000e-01
2.32437500e-07,1.89684375e-01
2.32477500e-07,1.89709375e-01
2.32517500e-07,1.89693750e-01
2.32557500e-07,1.89704687e-01
2.32597500e-07,1.89696875e-01
2.32637500e-07,1.89701563e-01
2.32677500e-07,1.89700000e-01
2.32717500e-07,1.89698438e-01
2.32757500e-07,1.89701563e-01
2.32797500e-07,1.89696875e-01
2.32837500e-07,1.89703125e-01
2.32877500e-07,1.89696875e-01
2.32917500e-07,1.89704687e-01
2.32957500e-07,1.89695313e-01
2.32997500e-07,1.89706250e-01
2.33037500e-07,1.89693750e-01
2.33077500e-07,1.89707813e-01
2.33117500e-07,1.89692187e-01
2.33157500e-07,1.89709375e-01
2.33197500e-07,1.89690625e-01
2.33237500e-07,1.89710938e-01
2.33277500e-07,1.89687500e-01
2.33317500e-07,1.89714063e-01
2.33357500e-07,1.89682813e-01
2.33397500e-07,1.89720313e-01
2.33437500e-07,1.89675000e-01
2.33477500e-07,1.89735938e-01
2.33517500e-07,1.89639063e-01
2.33557500e-07,1.89914063e-01
2.33597500e-07,1.90146875e-01
2.33637500e-07,1.90076563e-01
2.33677500e-07,1.90112500e-01
2.33717500e-07,1.90093750e-01
2.33757500e-07,1.90103125e-01
2.33797500e-07,1.90101563e-01
2.33837500e-07,1.90095313e-01
2.33877500e-07,1.90109375e-01
2.33917500e-07,1.90084375e-01
2.33957500e-07,1.90125000e-01
2.33997500e-07,1.90048438e-01
2.34037500e-07,1.90304688e-01
2.34077500e-07,1.90557813e-01
2.34117500e-07,1.90467187e-01
2.34157500e-07,1.90523438e-01
2.34197500e-07,1.90481250e-01
2.34237500e-07,1.90514062e-01
2.34277500e-07,1.90487500e-01
2.34317500e-07,1.90510938e-01
2.34357500e-07,1.90490625e-01
2.34397500e-07,1.90507813e-01
2.34437500e-07,1.90492188e-01
2.34477500e-07,1.90506250e-01
2.34517500e-07,1.90493750e-01
2.34557500e-07,1.90506250e-01
2.34597500e-07,1.90495313e-01
2.34637500e-07,1.90504688e-01
2.34677500e-07,1.90495313e-01
2.34717500e-07,1.90503125e-01
2.34757500e-07,1.90496875e-01
2.34797500e-07,1.90503125e-01
2.34837500e-07,1.90496875e-01
2.34877500e-07,1.90503125e-01
2.34917500e-07,1.90496875e-01
2.34957500e-07,1.90501562e-01
2.34997500e-07,1.90498438e-01
2.35037500e-07,1.90501562e-01
2.35077500e-07,1.90498438e-01
2.35117500e-07,1.90501562e-01
2.35157500e-07,1.90498438e-01
2.35197500e-07,1.90500000e-01
2.35237500e-07,1.90500000e-01
2.35277500e-07,1.90500000e-01
2.35317500e-07,1.90500000e-01
2.35357500e-07,1.90500000e-01
2.35397500e-07,1.90500000e-01
2.35437500e-07,1.90498438e-01
2.35477500e-07,1.90501562e-01
2.35517500e-07,1.90498438e-01
2.35557500e-07,1.90501562e-01
2.35597500e-07,1.90496875e-01
2.35637500e-07,1.90503125e-01
2.35677500e-07,1.90495313e-01
2.35717500e-07,1.90504688e-01
2.35757500e-07,1.90493750e-01
2.35797500e-07,1.90507813e-01
2.35837500e-07,1.90490625e-01
2.35877500e-07,1.90512500e-01
2.35917500e-07,1.90482813e-01
2.35957500e-07,1.90526562e-01
2.35997500e-07,1.90448438e-01
2.36037500e-07,1.90704687e-01
2.36077500e-07,1.90957813e-01
2.36117500e-07,1.90867188e-01
2.36157500e-07,1.90923438e-01
2.36197500e-07,1.90881250e-01
2.36237500e-07,1.90915625e-01
2.36277500e-07,1.90885938e-01
2.36317500e-07,1.90912500e-01
2.36357500e-07,1.90887500e-01
2.36397500e-07,1.90910938e-01
2.36437500e-07,1.90889063e-01
2.36477500e-07,1.90910938e-01
2.36517500e-07,1.90889063e-01
2.36557500e-07,1.90910938e-01
2.36597500e-07,1.90889063e-01
2.36637500e-07,1.90910938e-01
2.36677500e-07,1.90887500e-01
2.36717500e-07,1.90914063e-01
2.36757500e-07,1.90884375e-01
2.36797500e-07,1.90918750e-01
2.36837500e-07,1.90876563e-01
2.36877500e-07,1.90932812e-01
2.36917500e-07,1.90843750e-01
2.36957500e-07,1.91109375e-01
2.36997500e-07,1.91353125e-01
2.37037500e-07,1.91270313e-01
2.37077500e-07,1.91320313e-01
2.37117500e-07,1.91284375e-01
2.37157500e-07,1.91312500e-01
2.37197500e-07,1.91289062e-01
2.37237500e-07,1.91310938e-01
2.37277500e-07,1.91290625e-01
2.37317500e-07,1.91309375e-01
2.37357500e-07,1.91290625e-01
2.37397500e-07,1.91309375e-01
2.37437500e-07,1.91289062e-01
2.37477500e-07,1.91310938e-01
2.37517500e-07,1.91287500e-01
2.37557500e-07,1.91315625e-01
2.37597500e-07,1.91279688e-01
2.37637500e-07,1.91329688e-01
2.37677500e-07,1.91245313e-01
2.37717500e-07,1.91507813e-01
2.37757500e-07,1.91754688e-01
2.37797500e-07,1.91668750e-01
2.37837500e-07,1.91721875e-01
2.37877500e-07,1.91682813e-01
2.37917500e-07,1.91715625e-01
2.37957500e-07,1.91685938e-01
2.37997500e-07,1.91712500e-01
2.38037500e-07,1.91687500e-01
2.38077500e-07,1.91710938e-01
2.38117500e-07,1.91687500e-01
2.38157500e-07,1.91712500e-01
2.38197500e-07,1.91687500e-01
2.38237500e-07,1.91714063e-01
2.38277500e-07,1.91684375e-01
2.38317500e-07,1.91718750e-01
2.38357500e-07,1.91676563e-01
2.38397500e-07,1.91732813e-01
2.38437500e-07,1.91642188e-01
2.38477500e-07,1.91910938e-01
2.38517500e-07,1.92151563e-01
2.38557500e-07,1.92071875e-01
2.38597500e-07,1.92118750e-01
2.38637500e-07,1.92085937e-01
2.38677500e-07,1.92110937e-01
2.38717500e-07,1.92090625e-01
2.38757500e-07,1.92107813e-01
2.38797500e-07,1.92092188e-01
2.38837500e-07,1.92106250e-01
2.38877500e-07,1.92093750e-01
2.38917500e-07,1.92104688e-01
2.38957500e-07,1.92095313e-01
2.38997500e-07,1.92104688e-01
2.39037500e-07,1.92095313e-01
2.39077500e-07,1.92104688e-01
2.39117500e-07,1.92095313e-01
2.39157500e-07,1.92103125e-01
2.39197500e-07,1.92096875e-01
2.39237500e-07,1.92103125e-01
2.39277500e-07,1.92096875e-01
2.39317500e-07,1.92103125e-01
2.39357500e-07,1.92096875e-01
2.39397500e-07,1.92103125e-01
2.39437500e-07,1.92096875e-01
2.39477500e-07,1.92103125e-01
2.39517500e-07,1.92096875e-01
2.39557500e-07,1.92103125e-01
2.39597500e-07,1.92096875e-01
2.39637500e-07,1.92103125e-01
2.39677500e-07,1.92096875e-01
2.39717500e-07,1.92103125e-01
2.39757500e-07,1.92096875e-01
2.39797500e-07,1.92103125e-01
2.39837500e-07,1.92096875e-01
2.39877500e-07,1.92103125e-01
2.39917500e-07,1.92096875e-01
2.39957500e-07,1.92103125e-01
2.39997500e-07,1.92096875e-01
2.40037500e-07,1.92103125e-01
2.40077500e-07,1.92096875e-01
2.40117500e-07,1.92103125e-01
2.40157500e-07,1.92096875e-01
2.40197500e-07,1.92103125e-01
2.40237500e-07,1.92096875e-01
2.40277500e-07,1.92103125e-01
2.40317500e-07,1.92095313e-01
2.40357500e-07,1.92104688e-01
2.40397500e-07,1.92095313e-01
2.40437500e-07,1.92104688e-01
2.40477500e-07,1.92095313e-01
2.40517500e-07,1.92104688e-01
2.40557500e-07,1.92095313e-01
2.40597500e-07,1.92104688e-01
2.40637500e-07,1.92095313e-01
2.40677500e-07,1.92106250e-01
2.40717500e-07,1.92093750e-01
2.40757500e-07,1.92106250e-01
2.40797500e-07,1.92093750e-01
2.40837500e-07,1.92107813e-01
2.40877500e-07,1.92092188e-01
2.40917500e-07,1.92107813e-01
2.40957500e-07,1.92090625e-01
2.40997500e-07,1.92110937e-01
2.41037500e-07,1.92087500e-01
2.41077500e-07,1.92114063e-01
2.41117500e-07,1.92082813e-01
2.41157500e-07,1.92121875e-01
2.41197500e-07,1.92067188e-01
2.41237500e-07,1.92156250e-01
2.41277500e-07,1.91890625e-01
2.41317500e-07,1.91648438e-01
2.41357500e-07,1.91728125e-01
2.41397500e-07,1.91681250e-01
2.41437500e-07,1.91714063e-01
2.41477500e-07,1.91689063e-01
2.41517500e-07,1.91709375e-01
2.41557500e-07,1.91692187e-01
2.41597500e-07,1.91706250e-01
2.41637500e-07,1.91695313e-01
2.41677500e-07,1.91704687e-01
2.41717500e-07,1.91696875e-01
2.41757500e-07,1.91703125e-01
2.41797500e-07,1.91696875e-01
2.41837500e-07,1.91703125e-01
2.41877500e-07,1.91698438e-01
2.41917500e-07,1.91701563e-01
2.41957500e-07,1.91698438e-01
2.41997500e-07,1.91701563e-01
2.42037500e-07,1.91698438e-01
2.42077500e-07,1.91700000e-01
2.42117500e-07,1.91700000e-01
2.42157500e-07,1.91700000e-01
2.42197500e-07,1.91700000e-01
2.42237500e-07,1.91700000e-01
2.42277500e-07,1.91700000e-01
2.42317500e-07,1.91700000e-01
2.42357500e-07,1.91700000e-01
2.42397500e-07,1.91700000e-01
2.42437500e-07,1.91701563e-01
2.42477500e-07,1.91698438e-01
2.42517500e-07,1.91701563e-01
2.42557500e-07,1.91698438e-01
2.42597500e-07,1.91701563e-01
2.42637500e-07,1.91698438e-01
2.42677500e-07,1.91701563e-01
2.42717500e-07,1.91696875e-01
2.42757500e-07,1.91703125e-01
2.42797500e-07,1.91696875e-01
2.42837500e-07,1.91703125e-01
2.42877500e-07,1.91696875e-01
2.42917500e-07,1.91703125e-01
2.42957500e-07,1.91695313e-01
2.42997500e-07,1.91704687e-01
2.43037500e-07,1.91695313e-01
2.43077500e-07,1.91704687e-01
2.43117500e-07,1.91693750e-01
2.43157500e-07,1.91706250e-01
2.43197500e-07,1.91692187e-01
2.43237500e-07,1.91707813e-01
2.43277500e-07,1.91690625e-01
2.43317500e-07,1.91710938e-01
2.43357500e-07,1.91687500e-01
2.43397500e-07,1.91715625e-01
2.43437500e-07,1.91678125e-01
2.43477500e-07,1.91731250e-01
2.43517500e-07,1.91643750e-01
2.43557500e-07,1.91909375e-01
2.43597500e-07,1.92153125e-01
2.43637500e-07,1.92071875e-01
2.43677500e-07,1.92118750e-01
2.43717500e-07,1.92085937e-01
2.43757500e-07,1.92110937e-01
2.43797500e-07,1.92092188e-01
2.43837500e-07,1.92106250e-01
2.43877500e-07,1.92095313e-01
2.43917500e-07,1.92104688e-01
2.43957500e-07,1.92096875e-01
2.43997500e-07,1.92103125e-01
2.44037500e-07,1.92098437e-01
2.44077500e-07,1.92100000e-01
2.44117500e-07,1.92100000e-01
2.44157500e-07,1.92098437e-01
2.44197500e-07,1.92101563e-01
2.44237500e-07,1.92096875e-01
2.44277500e-07,1.92104688e-01
2.44317500e-07,1.92093750e-01
2.44357500e-07,1.92107813e-01
2.44397500e-07,1.92089063e-01
2.44437500e-07,1.92117188e-01
2.44477500e-07,1.92073437e-01
2.44517500e-07,1.92151563e-01
2.44557500e-07,1.91895312e-01
2.44597500e-07,1.91642188e-01
2.44637500e-07,1.91732813e-01
2.44677500e-07,1.91676563e-01
2.44717500e-07,1.91718750e-01
2.44757500e-07,1.91684375e-01
2.44797500e-07,1.91714063e-01
2.44837500e-07,1.91687500e-01
2.44877500e-07,1.91710938e-01
2.44917500e-07,1.91690625e-01
2.44957500e-07,1.91709375e-01
2.44997500e-07,1.91692187e-01
2.45037500e-07,1.91707813e-01
2.45077500e-07,1.91692187e-01
2.45117500e-07,1.91707813e-01
2.45157500e-07,1.91693750e-01
2.45197500e-07,1.91706250e-01
2.45237500e-07,1.91693750e-01
2.45277500e-07,1.91706250e-01
2.45317500e-07,1.91693750e-01
2.45357500e-07,1.91704687e-01
2.45397500e-07,1.91695313e-01
2.45437500e-07,1.91704687e-01
2.45477500e-07,1.91695313e-01
2.45517500e-07,1.91704687e-01
2.45557500e-07,1.91695313e-01
2.45597500e-07,1.91704687e-01
2.45637500e-07,1.91695313e-01
2.45677500e-07,1.91704687e-01
2.45717500e-07,1.91695313e-01
2.45757500e-07,1.91704687e-01
2.45797500e-07,1.91695313e-01
2.45837500e-07,1.91704687e-01
2.45877500e-07,1.91696875e-01
2.45917500e-07,1.91703125e-01
2.45957500e-07,1.91696875e-01
2.45997500e-07,1.91703125e-01
2.46037500e-07,1.91696875e-01
2.46077500e-07,1.91703125e-01
2.46117500e-07,1.91696875e-01
2.46157500e-07,1.91703125e-01
2.46197500e-07,1.91696875e-01
2.46237500e-07,1.91703125e-01
2.46277500e-07,1.91696875e-01
2.46317500e-07,1.91703125e-01
2.46357500e-07,1.91696875e-01
2.46397500e-07,1.91703125e-01
2.46437500e-07,1.91696875e-01
2.46477500e-07,1.91703125e-01
2.46517500e-07,1.91696875e-01
2.46557500e-07,1.91703125e-01
2.46597500e-07,1.91696875e-01
2.46637500e-07,1.91703125e-01
2.46677500e-07,1.91696875e-01
2.46717500e-07,1.91703125e-01
2.46757500e-07,1.91696875e-01
2.46797500e-07,1.91703125e-01
2.46837500e-07,1.91696875e-01
2.46877500e-07,1.91703125e-01
2.46917500e-07,1.91698438e-01
2.46957500e-07,1.91701563e-01
2.46997500e-07,1.91698438e-01
2.47037500e-07,1.91701563e-01
2.47077500e-07,1.91698438e-01
2.47117500e-07,1.91701563e-01
2.47157500e-07,1.91698438e-01
2.47197500e-07,1.91701563e-01
2.47237500e-07,1.91698438e-01
2.47277500e-07,1.91701563e-01
2.47317500e-07,1.91698438e-01
2.47357500e-07,1.91701563e-01
2.47397500e-07,1.91698438e-01
2.47437500e-07,1.91701563e-01
2.47477500e-07,1.91698438e-01
2.47517500e-07,1.91701563e-01
2.47557500e-07,1.91698438e-01
2.47597500e-07,1.91701563e-01
2.47637500e-07,1.91698438e-01
2.47677500e-07,1.91701563e-01
2.47717500e-07,1.91698438e-01
2.47757500e-07,1.91701563e-01
2.47797500e-07,1.91698438e-01
2.47837500e-07,1.91701563e-01
2.47877500e-07,1.91698438e-01
2.47917500e-07,1.91701563e-01
2.47957500e-07,1.91698438e-01
2.47997500e-07,1.91701563e-01
2.48037500e-07,1.91698438e-01
2.48077500e-07,1.91701563e-01
2.48117500e-07,1.91700000e-01
2.48157500e-07,1.91700000e-01
2.48197500e-07,1.91700000e-01
2.48237500e-07,1.91700000e-01
2.48277500e-07,1.91700000e-01
2.48317500e-07,1.91700000e-01
2.48357500e-07,1.91700000e-01
2.48397500e-07,1.91700000e-01
2.48437500e-07,1.91700000e-01
2.48477500e-07,1.91700000e-01
2.48517500e-07,1.91700000e-01
2.48557500e-07,1.91700000e-01
2.48597500e-07,1.91700000e-01
2.48637500e-07,1.91698438e-01
2.48677500e-07,1.91701563e-01
2.48717500e-07,1.91698438e-01
2.48757500e-07,1.91701563e-01
2.48797500e-07,1.91698438e-01
2.48837500e-07,1.91701563e-01
2.48877500e-07,1.91696875e-01
2.48917500e-07,1.91703125e-01
2.48957500e-07,1.91696875e-01
2.48997500e-07,1.91703125e-01
2.49037500e-07,1.91695313e-01
2.49077500e-07,1.91704687e-01
2.49117500e-07,1.91693750e-01
2.49157500e-07,1.91707813e-01
2.49197500e-07,1.91690625e-01
2.49237500e-07,1.91710938e-01
2.49277500e-07,1.91685938e-01
2.49317500e-07,1.91720313e-01
2.49357500e-07,1.91670312e-01
2.49397500e-07,1.91754688e-01
2.49437500e-07,1.91492188e-01
2.49477500e-07,1.91246875e-01
2.49517500e-07,1.91329688e-01
2.49557500e-07,1.91281250e-01
2.49597500e-07,1.91314062e-01
2.49637500e-07,1.91290625e-01
2.49677500e-07,1.91306250e-01
2.49717500e-07,1.91296875e-01
2.49757500e-07,1.91298438e-01
2.49797500e-07,1.91306250e-01
2.49837500e-07,1.91282813e-01
2.49877500e-07,1.91342188e-01
2.49917500e-07,1.91104688e-01
2.49957500e-07,1.90832813e-01
2.49997500e-07,1.90943750e-01
2.50037500e-07,1.90865625e-01
2.50077500e-07,1.90929688e-01
2.50117500e-07,1.90871875e-01
2.50157500e-07,1.90926563e-01
2.50197500e-07,1.90873438e-01
2.50237500e-07,1.90926563e-01
2.50277500e-07,1.90870313e-01
2.50317500e-07,1.90932812e-01
2.50357500e-07,1.90857813e-01
2.50397500e-07,1.90967187e-01
2.50437500e-07,1.90681250e-01
2.50477500e-07,1.90456250e-01
2.50517500e-07,1.90520313e-01
2.50557500e-07,1.90489063e-01
2.50597500e-07,1.90506250e-01
2.50637500e-07,1.90496875e-01
2.50677500e-07,1.90501562e-01
2.50717500e-07,1.90500000e-01
2.50757500e-07,1.90500000e-01
2.50797500e-07,1.90501562e-01
2.50837500e-07,1.90498438e-01
2.50877500e-07,1.90501562e-01
2.50917500e-07,1.90496875e-01
2.50957500e-07,1.90503125e-01
2.50997500e-07,1.90496875e-01
2.51037500e-07,1.90503125e-01
2.51077500e-07,1.90496875e-01
2.51117500e-07,1.90503125e-01
2.51157500e-07,1.90496875e-01
2.51197500e-07,1.90503125e-01
2.51237500e-07,1.90495313e-01
2.51277500e-07,1.90504688e-01
2.51317500e-07,1.90495313e-01
2.51357500e-07,1.90504688e-01
2.51397500e-07,1.90495313e-01
2.51437500e-07,1.90504688e-01
2.51477500e-07,1.90495313e-01
2.51517500e-07,1.90504688e-01
2.51557500e-07,1.90495313e-01
2.51597500e-07,1.90504688e-01
2.51637500e-07,1.90495313e-01
2.51677500e-07,1.90504688e-01
2.51717500e-07,1.90495313e-01
2.51757500e-07,1.90504688e-01
2.51797500e-07,1.90495313e-01
2.51837500e-07,1.90504688e-01
2.51877500e-07,1.90495313e-01
2.51917500e-07,1.90504688e-01
2.51957500e-07,1.90493750e-01
2.51997500e-07,1.90506250e-01
2.52037500e-07,1.90493750e-01
2.52077500e-07,1.90506250e-01
2.52117500e-07,1.90493750e-01
2.52157500e-07,1.90506250e-01
2.52197500e-07,1.90493750e-01
2.52237500e-07,1.90506250e-01
2.52277500e-07,1.90493750e-01
2.52317500e-07,1.90506250e-01
2.52357500e-07,1.90493750e-01
2.52397500e-07,1.90506250e-01
2.52437500e-07,1.90493750e-01
2.52477500e-07,1.90507813e-01
2.52517500e-07,1.90492188e-01
2.52557500e-07,1.90507813e-01
2.52597500e-07,1.90492188e-01
2.52637500e-07,1.90507813e-01
2.52677500e-07,1.90490625e-01
2.52717500e-07,1.90509375e-01
2.52757500e-07,1.90490625e-01
2.52797500e-07,1.90509375e-01
2.52837500e-07,1.90489063e-01
2.52877500e-07,1.90510938e-01
2.52917500e-07,1.90489063e-01
2.52957500e-07,1.90512500e-01
2.52997500e-07,1.90485938e-01
2.53037500e-07,1.90515625e-01
2.53077500e-07,1.90482813e-01
2.53117500e-07,1.90518750e-01
2.53157500e-07,1.90478125e-01
2.53197500e-07,1.90528125e-01
2.53237500e-07,1.90462500e-01
2.53277500e-07,1.90562500e-01
2.53317500e-07,1.90282813e-01
2.53357500e-07,1.90054688e-01
2.53397500e-07,1.90120312e-01
2.53437500e-07,1.90090625e-01
2.53477500e-07,1.90103125e-01
2.53517500e-07,1.90101563e-01
2.53557500e-07,1.90093750e-01
2.53597500e-07,1.90112500e-01
2.53637500e-07,1.90076563e-01
2.53677500e-07,1.90148438e-01
2.53717500e-07,1.89898438e-01
2.53757500e-07,1.89639063e-01
2.53797500e-07,1.89737500e-01
2.53837500e-07,1.89671875e-01
2.53877500e-07,1.89725000e-01
2.53917500e-07,1.89675000e-01
2.53957500e-07,1.89726563e-01
2.53997500e-07,1.89665625e-01
2.54037500e-07,1.89757813e-01
2.54077500e-07,1.89490625e-01
2.54117500e-07,1.89245313e-01
2.54157500e-07,1.89332813e-01
2.54197500e-07,1.89275000e-01
2.54237500e-07,1.89321875e-01
2.54277500e-07,1.89279688e-01
2.54317500e-07,1.89320313e-01
2.54357500e-07,1.89276562e-01
2.54397500e-07,1.89328125e-01
2.54437500e-07,1.89262500e-01
2.54477500e-07,1.89360937e-01
2.54517500e-07,1.89085937e-01
2.54557500e-07,1.88851563e-01
2.54597500e-07,1.88923438e-01
2.54637500e-07,1.88885938e-01
2.54677500e-07,1.88909375e-01
2.54717500e-07,1.88895312e-01
2.54757500e-07,1.88903125e-01
2.54797500e-07,1.88900000e-01
2.54837500e-07,1.88898438e-01
2.54877500e-07,1.88903125e-01
2.54917500e-07,1.88893750e-01
2.54957500e-07,1.88909375e-01
2.54997500e-07,1.88884375e-01
2.55037500e-07,1.88925000e-01
2.55077500e-07,1.88850000e-01
2.55117500e-07,1.89103125e-01
2.55157500e-07,1.89359375e-01
2.55197500e-07,1.89265625e-01
2.55237500e-07,1.89326563e-01
2.55277500e-07,1.89278125e-01
2.55317500e-07,1.89318750e-01
2.55357500e-07,1.89281250e-01
2.55397500e-07,1.89320313e-01
2.55437500e-07,1.89276562e-01
2.55477500e-07,1.89331250e-01
2.55517500e-07,1.89246875e-01
2.55557500e-07,1.89504688e-01
2.55597500e-07,1.89759375e-01
2.55637500e-07,1.89660938e-01
2.55677500e-07,1.89732813e-01
2.55717500e-07,1.89665625e-01
2.55757500e-07,1.89740625e-01
2.55797500e-07,1.89634375e-01
2.55837500e-07,1.89917188e-01
2.55877500e-07,1.90143750e-01
2.55917500e-07,1.90079688e-01
2.55957500e-07,1.90109375e-01
2.55997500e-07,1.90098437e-01
2.56037500e-07,1.90093750e-01
2.56077500e-07,1.90117188e-01
2.56117500e-07,1.90057813e-01
2.56157500e-07,1.90296875e-01
2.56197500e-07,1.90565625e-01
2.56237500e-07,1.90457813e-01
2.56277500e-07,1.90532813e-01
2.56317500e-07,1.90471875e-01
2.56357500e-07,1.90526562e-01
2.56397500e-07,1.90473438e-01
2.56437500e-07,1.90528125e-01
2.56477500e-07,1.90468750e-01
2.56517500e-07,1.90540625e-01
2.56557500e-07,1.90435938e-01
2.56597500e-07,1.90717187e-01
2.56637500e-07,1.90946875e-01
2.56677500e-07,1.90876563e-01
2.56717500e-07,1.90914063e-01
2.56757500e-07,1.90890625e-01
2.56797500e-07,1.90907812e-01
2.56837500e-07,1.90895312e-01
2.56877500e-07,1.90904688e-01
2.56917500e-07,1.90896875e-01
2.56957500e-07,1.90903125e-01
2.56997500e-07,1.90896875e-01
2.57037500e-07,1.90901563e-01
2.57077500e-07,1.90898438e-01
2.57117500e-07,1.90901563e-01
2.57157500e-07,1.90898438e-01
2.57197500e-07,1.90901563e-01
2.57237500e-07,1.90898438e-01
2.57277500e-07,1.90901563e-01
2.57317500e-07,1.90898438e-01
2.57357500e-07,1.90901563e-01
2.57397500e-07,1.90898438e-01
2.57437500e-07,1.90901563e-01
2.57477500e-07,1.90898438e-01
2.57517500e-07,1.90901563e-01
2.57557500e-07,1.90898438e-01
2.57597500e-07,1.90901563e-01
2.57637500e-07,1.90898438e-01
2.57677500e-07,1.90901563e-01
2.57717500e-07,1.90898438e-01
2.57757500e-07,1.90901563e-01
2.57797500e-07,1.90898438e-01
2.57837500e-07,1.90903125e-01
2.57877500e-07,1.90896875e-01
2.57917500e-07,1.90903125e-01
2.57957500e-07,1.90896875e-01
2.57997500e-07,1.90903125e-01
2.58037500e-07,1.90896875e-01
2.58077500e-07,1.90903125e-01
2.58117500e-07,1.90896875e-01
2.58157500e-07,1.90904688e-01
2.58197500e-07,1.90895312e-01
2.58237500e-07,1.90904688e-01
2.58277500e-07,1.90895312e-01
2.58317500e-07,1.90906250e-01
2.58357500e-07,1.90893750e-01
2.58397500e-07,1.90906250e-01
2.58437500e-07,1.90892188e-01
2.58477500e-07,1.90907812e-01
2.58517500e-07,1.90890625e-01
2.58557500e-07,1.90910938e-01
2.58597500e-07,1.90887500e-01
2.58637500e-07,1.90914063e-01
2.58677500e-07,1.90882812e-01
2.58717500e-07,1.90923438e-01
2.58757500e-07,1.90867188e-01
2.58797500e-07,1.90957813e-01
2.58837500e-07,1.90689063e-01
2.58877500e-07,1.90448438e-01
2.58917500e-07,1.90526562e-01
2.58957500e-07,1.90482813e-01
2.58997500e-07,1.90510938e-01
2.59037500e-07,1.90492188e-01
2.59077500e-07,1.90506250e-01
2.59117500e-07,1.90496875e-01
2.59157500e-07,1.90501562e-01
2.59197500e-07,1.90500000e-01
2.59237500e-07,1.90498438e-01
2.59277500e-07,1.90503125e-01
2.59317500e-07,1.90493750e-01
2.59357500e-07,1.90507813e-01
2.59397500e-07,1.90489063e-01
2.59437500e-07,1.90517188e-01
2.59477500e-07,1.90473438e-01
2.59517500e-07,1.90553125e-01
2.59557500e-07,1.90293750e-01
2.59597500e-07,1.90043750e-01
2.59637500e-07,1.90131250e-01
2.59677500e-07,1.90078125e-01
2.59717500e-07,1.90115625e-01
2.59757500e-07,1.90087500e-01
2.59797500e-07,1.90109375e-01
2.59837500e-07,1.90092188e-01
2.59877500e-07,1.90104688e-01
2.59917500e-07,1.90096875e-01
2.59957500e-07,1.90101563e-01
2.59997500e-07,1.90101563e-01
2.60037500e-07,1.90093750e-01
2.60077500e-07,1.90110938e-01
2.60117500e-07,1.90079688e-01
2.60157500e-07,1.90146875e-01
2.60197500e-07,1.89900000e-01
2.60237500e-07,1.89637500e-01
2.60277500e-07,1.89737500e-01
2.60317500e-07,1.89671875e-01
2.60357500e-07,1.89723438e-01
2.60397500e-07,1.89679687e-01
2.60437500e-07,1.89717187e-01
2.60477500e-07,1.89684375e-01
2.60517500e-07,1.89715625e-01
2.60557500e-07,1.89685938e-01
2.60597500e-07,1.89712500e-01
2.60637500e-07,1.89687500e-01
2.60677500e-07,1.89712500e-01
2.60717500e-07,1.89689063e-01
2.60757500e-07,1.89710938e-01
2.60797500e-07,1.89689063e-01
2.60837500e-07,1.89710938e-01
2.60877500e-07,1.89690625e-01
2.60917500e-07,1.89709375e-01
2.60957500e-07,1.89690625e-01
2.60997500e-07,1.89709375e-01
2.61037500e-07,1.89690625e-01
2.61077500e-07,1.89709375e-01
2.61117500e-07,1.89690625e-01
2.61157500e-07,1.89709375e-01
2.61197500e-07,1.89692187e-01
2.61237500e-07,1.89707813e-01
2.61277500e-07,1.89692187e-01
2.61317500e-07,1.89707813e-01
2.61357500e-07,1.89692187e-01
2.61397500e-07,1.89707813e-01
2.61437500e-07,1.89692187e-01
2.61477500e-07,1.89707813e-01
2.61517500e-07,1.89692187e-01
2.61557500e-07,1.89707813e-01
2.61597500e-07,1.89692187e-01
2.61637500e-07,1.89707813e-01
2.61677500e-07,1.89692187e-01
2.61717500e-07,1.89707813e-01
2.61757500e-07,1.89692187e-01
2.61797500e-07,1.89707813e-01
2.61837500e-07,1.89692187e-01
2.61877500e-07,1.89707813e-01
2.61917500e-07,1.89692187e-01
2.61957500e-07,1.89707813e-01
2.61997500e-07,1.89692187e-01
2.62037500e-07,1.89707813e-01
2.62077500e-07,1.89692187e-01
2.62117500e-07,1.89707813e-01
2.62157500e-07,1.89692187e-01
2.62197500e-07,1.89707813e-01
2.62237500e-07,1.89692187e-01
2.62277500e-07,1.89707813e-01
2.62317500e-07,1.89692187e-01
2.62357500e-07,1.89707813e-01
2.62397500e-07,1.89692187e-01
2.62437500e-07,1.89707813e-01
2.62477500e-07,1.89692187e-01
2.62517500e-07,1.89707813e-01
2.62557500e-07,1.89692187e-01
2.62597500e-07,1.89707813e-01
2.62637500e-07,1.89692187e-01
2.62677500e-07,1.89707813e-01
2.62717500e-07,1.89692187e-01
2.62757500e-07,1.89707813e-01
2.62797500e-07,1.89692187e-01
2.62837500e-07,1.89707813e-01
2.62877500e-07,1.89692187e-01
2.62917500e-07,1.89707813e-01
2.62957500e-07,1.89692187e-01
2.62997500e-07,1.89707813e-01
2.63037500e-07,1.89692187e-01
2.63077500e-07,1.89707813e-01
2.63117500e-07,1.89692187e-01
2.63157500e-07,1.89707813e-01
2.63197500e-07,1.89692187e-01
2.63237500e-07,1.89707813e-01
2.63277500e-07,1.89690625e-01
2.63317500e-07,1.89709375e-01
2.63357500e-07,1.89690625e-01
2.63397500e-07,1.89709375e-01
2.63437500e-07,1.89690625e-01
2.63477500e-07,1.89709375e-01
2.63517500e-07,1.89690625e-01
2.63557500e-07,1.89710938e-01
2.63597500e-07,1.89689063e-01
2.63637500e-07,1.89710938e-01
2.63677500e-07,1.89689063e-01
2.63717500e-07,1.89712500e-01
2.63757500e-07,1.89687500e-01
2.63797500e-07,1.89712500e-01
2.63837500e-07,1.89685938e-01
2.63877500e-07,1.89715625e-01
2.63917500e-07,1.89684375e-01
2.63957500e-07,1.89717187e-01
2.63997500e-07,1.89679687e-01
2.64037500e-07,1.89723438e-01
2.64077500e-07,1.89671875e-01
2.64117500e-07,1.89739062e-01
2.64157500e-07,1.89635938e-01
2.64197500e-07,1.89917188e-01
2.64237500e-07,1.90145312e-01
2.64277500e-07,1.90079688e-01
2.64317500e-07,1.90110938e-01
2.64357500e-07,1.90095313e-01
2.64397500e-07,1.90101563e-01
2.64437500e-07,1.90101563e-01
2.64477500e-07,1.90095313e-01
2.64517500e-07,1.90106250e-01
2.64557500e-07,1.90090625e-01
2.64597500e-07,1.90114063e-01
2.64637500e-07,1.90081250e-01
2.64677500e-07,1.90129688e-01
2.64717500e-07,1.90045313e-01
2.64757500e-07,1.90307813e-01
2.64797500e-07,1.90553125e-01
2.64837500e-07,1.90470313e-01
2.64877500e-07,1.90520313e-01
2.64917500e-07,1.90485938e-01
2.64957500e-07,1.90510938e-01
2.64997500e-07,1.90490625e-01
2.65037500e-07,1.90507813e-01
2.65077500e-07,1.90493750e-01
2.65117500e-07,1.90504688e-01
2.65157500e-07,1.90495313e-01
2.65197500e-07,1.90503125e-01
2.65237500e-07,1.90496875e-01
2.65277500e-07,1.90503125e-01
2.65317500e-07,1.90498438e-01
2.65357500e-07,1.90501562e-01
2.65397500e-07,1.90498438e-01
2.65437500e-07,1.90500000e-01
2.65477500e-07,1.90500000e-01
2.65517500e-07,1.90500000e-01
2.65557500e-07,1.90500000e-01
2.65597500e-07,1.90498438e-01
2.65637500e-07,1.90501562e-01
2.65677500e-07,1.90498438e-01
2.65717500e-07,1.90501562e-01
2.65757500e-07,1.90498438e-01
2.65797500e-07,1.90503125e-01
2.65837500e-07,1.90496875e-01
2.65877500e-07,1.90503125e-01
2.65917500e-07,1.90496875e-01
2.65957500e-07,1.90504688e-01
2.65997500e-07,1.90495313e-01
2.66037500e-07,1.90506250e-01
2.66077500e-07,1.90493750e-01
2.66117500e-07,1.90507813e-01
2.66157500e-07,1.90490625e-01
2.66197500e-07,1.90510938e-01
2.66237500e-07,1.90485938e-01
2.66277500e-07,1.90518750e-01
2.66317500e-07,1.90470313e-01
2.66357500e-07,1.90553125e-01
2.66397500e-07,1.90293750e-01
2.66437500e-07,1.90043750e-01
2.66477500e-07,1.90131250e-01
2.66517500e-07,1.90078125e-01
2.66557500e-07,1.90117188e-01
2.66597500e-07,1.90084375e-01
2.66637500e-07,1.90114063e-01
2.66677500e-07,1.90087500e-01
2.66717500e-07,1.90110938e-01
2.66757500e-07,1.90089063e-01
2.66797500e-07,1.90110938e-01
2.66837500e-07,1.90087500e-01
2.66877500e-07,1.90112500e-01
2.66917500e-07,1.90085937e-01
2.66957500e-07,1.90117188e-01
2.66997500e-07,1.90078125e-01
2.67037500e-07,1.90131250e-01
2.67077500e-07,1.90043750e-01
2.67117500e-07,1.90307813e-01
2.67157500e-07,1.90554688e-01
2.67197500e-07,1.90468750e-01
2.67237500e-07,1.90521875e-01
2.67277500e-07,1.90482813e-01
2.67317500e-07,1.90514062e-01
2.67357500e-07,1.90487500e-01
2.67397500e-07,1.90510938e-01
2.67437500e-07,1.90489063e-01
2.67477500e-07,1.90509375e-01
2.67517500e-07,1.90490625e-01
2.67557500e-07,1.90509375e-01
2.67597500e-07,1.90490625e-01
2.67637500e-07,1.90509375e-01
2.67677500e-07,1.90490625e-01
2.67717500e-07,1.90509375e-01
2.67757500e-07,1.90490625e-01
2.67797500e-07,1.90509375e-01
2.67837500e-07,1.90490625e-01
2.67877500e-07,1.90509375e-01
2.67917500e-07,1.90490625e-01
2.67957500e-07,1.90510938e-01
2.67997500e-07,1.90489063e-01
2.68037500e-07,1.90512500e-01
2.68077500e-07,1.90487500e-01
2.68117500e-07,1.90514062e-01
2.68157500e-07,1.90482813e-01
2.68197500e-07,1.90520313e-01
2.68237500e-07,1.90475000e-01
2.68277500e-07,1.90534375e-01
2.68317500e-07,1.90440625e-01
2.68357500e-07,1.90712500e-01
2.68397500e-07,1.90950000e-01
2.68437500e-07,1.90875000e-01
2.68477500e-07,1.90915625e-01
2.68517500e-07,1.90889063e-01
2.68557500e-07,1.90907812e-01
2.68597500e-07,1.90893750e-01
2.68637500e-07,1.90903125e-01
2.68677500e-07,1.90896875e-01
2.68717500e-07,1.90901563e-01
2.68757500e-07,1.90900000e-01
2.68797500e-07,1.90900000e-01
2.68837500e-07,1.90901563e-01
2.68877500e-07,1.90898438e-01
2.68917500e-07,1.90903125e-01
2.68957500e-07,1.90896875e-01
2.68997500e-07,1.90904688e-01
2.69037500e-07,1.90895312e-01
2.69077500e-07,1.90906250e-01
2.69117500e-07,1.90892188e-01
2.69157500e-07,1.90909375e-01
2.69197500e-07,1.90889063e-01
2.69237500e-07,1.90914063e-01
2.69277500e-07,1.90881250e-01
2.69317500e-07,1.90929688e-01
2.69357500e-07,1.90845313e-01
2.69397500e-07,1.91107813e-01
2.69437500e-07,1.91354688e-01
2.69477500e-07,1.91268750e-01
2.69517500e-07,1.91321875e-01
2.69557500e-07,1.91282813e-01
2.69597500e-07,1.91314062e-01
2.69637500e-07,1.91287500e-01
2.69677500e-07,1.91310938e-01
2.69717500e-07,1.91290625e-01
2.69757500e-07,1.91309375e-01
2.69797500e-07,1.91292188e-01
2.69837500e-07,1.91307813e-01
2.69877500e-07,1.91292188e-01
2.69917500e-07,1.91307813e-01
2.69957500e-07,1.91292188e-01
2.69997500e-07,1.91309375e-01
2.70037500e-07,1.91290625e-01
2.70077500e-07,1.91310938e-01
2.70117500e-07,1.91287500e-01
2.70157500e-07,1.91315625e-01
2.70197500e-07,1.91279688e-01
2.70237500e-07,1.91329688e-01
2.70277500e-07,1.91245313e-01
2.70317500e-07,1.91506250e-01
2.70357500e-07,1.91756250e-01
2.70397500e-07,1.91667188e-01
2.70437500e-07,1.91723438e-01
2.70477500e-07,1.91681250e-01
2.70517500e-07,1.91715625e-01
2.70557500e-07,1.91685938e-01
2.70597500e-07,1.91712500e-01
2.70637500e-07,1.91689063e-01
2.70677500e-07,1.91710938e-01
2.70717500e-07,1.91689063e-01
2.70757500e-07,1.91710938e-01
2.70797500e-07,1.91690625e-01
2.70837500e-07,1.91709375e-01
2.70877500e-07,1.91690625e-01
2.70917500e-07,1.91709375e-01
2.70957500e-07,1.91690625e-01
2.70997500e-07,1.91709375e-01
2.71037500e-07,1.91689063e-01
2.71077500e-07,1.91710938e-01
2.71117500e-07,1.91689063e-01
2.71157500e-07,1.91710938e-01
2.71197500e-07,1.91687500e-01
2.71237500e-07,1.91712500e-01
2.71277500e-07,1.91687500e-01
2.71317500e-07,1.91714063e-01
2.71357500e-07,1.91685938e-01
2.71397500e-07,1.91715625e-01
2.71437500e-07,1.91682813e-01
2.71477500e-07,1.91720313e-01
2.71517500e-07,1.91676563e-01
2.71557500e-07,1.91728125e-01
2.71597500e-07,1.91662500e-01
2.71637500e-07,1.91764062e-01
2.71677500e-07,1.91482813e-01
2.71717500e-07,1.91254688e-01
2.71757500e-07,1.91321875e-01
2.71797500e-07,1.91289062e-01
2.71837500e-07,1.91306250e-01
2.71877500e-07,1.91296875e-01
2.71917500e-07,1.91300000e-01
2.71957500e-07,1.91301563e-01
2.71997500e-07,1.91296875e-01
2.72037500e-07,1.91304688e-01
2.72077500e-07,1.91293750e-01
2.72117500e-07,1.91307813e-01
2.72157500e-07,1.91290625e-01
2.72197500e-07,1.91310938e-01
2.72237500e-07,1.91285938e-01
2.72277500e-07,1.91317188e-01
2.72317500e-07,1.91279688e-01
2.72357500e-07,1.91326563e-01
2.72397500e-07,1.91264062e-01
2.72437500e-07,1.91362500e-01
2.72477500e-07,1.91084375e-01
2.72517500e-07,1.90854688e-01
2.72557500e-07,1.90920312e-01
2.72597500e-07,1.90889063e-01
2.72637500e-07,1.90904688e-01
2.72677500e-07,1.90900000e-01
2.72717500e-07,1.90895312e-01
2.72757500e-07,1.90907812e-01
2.72797500e-07,1.90887500e-01
2.72837500e-07,1.90920312e-01
2.72877500e-07,1.90868750e-01
2.72917500e-07,1.90956250e-01
2.72957500e-07,1.90689063e-01
2.72997500e-07,1.90450000e-01
2.73037500e-07,1.90525000e-01
2.73077500e-07,1.90485938e-01
2.73117500e-07,1.90506250e-01
2.73157500e-07,1.90500000e-01
2.73197500e-07,1.90495313e-01
2.73237500e-07,1.90512500e-01
2.73277500e-07,1.90476563e-01
2.73317500e-07,1.90550000e-01
2.73357500e-07,1.90296875e-01
2.73397500e-07,1.90042188e-01
2.73437500e-07,1.90132812e-01
2.73477500e-07,1.90078125e-01
2.73517500e-07,1.90115625e-01
2.73557500e-07,1.90089063e-01
2.73597500e-07,1.90107813e-01
2.73637500e-07,1.90095313e-01
2.73677500e-07,1.90103125e-01
2.73717500e-07,1.90100000e-01
2.73757500e-07,1.90096875e-01
2.73797500e-07,1.90106250e-01
2.73837500e-07,1.90089063e-01
2.73877500e-07,1.90117188e-01
2.73917500e-07,1.90070313e-01
2.73957500e-07,1.90156250e-01
2.73997500e-07,1.89889063e-01
2.74037500e-07,1.89653125e-01
2.74077500e-07,1.89717187e-01
2.74117500e-07,1.89701563e-01
2.74157500e-07,1.89668750e-01
2.74197500e-07,1.89889063e-01
2.74237500e-07,1.90171875e-01
2.74277500e-07,1.90054688e-01
2.74317500e-07,1.90134375e-01
2.74357500e-07,1.90071875e-01
2.74397500e-07,1.90125000e-01
2.74437500e-07,1.90078125e-01
2.74477500e-07,1.90118750e-01
2.74517500e-07,1.90082813e-01
2.74557500e-07,1.90115625e-01
2.74597500e-07,1.90087500e-01
2.74637500e-07,1.90110938e-01
2.74677500e-07,1.90090625e-01
2.74717500e-07,1.90106250e-01
2.74757500e-07,1.90096875e-01
2.74797500e-07,1.90096875e-01
2.74837500e-07,1.90112500e-01
2.74877500e-07,1.90062500e-01
2.74917500e-07,1.90290625e-01
2.74957500e-07,1.90571875e-01
2.74997500e-07,1.90451563e-01
2.75037500e-07,1.90539062e-01
2.75077500e-07,1.90465625e-01
2.75117500e-07,1.90532813e-01
2.75157500e-07,1.90468750e-01
2.75197500e-07,1.90531250e-01
2.75237500e-07,1.90468750e-01
2.75277500e-07,1.90534375e-01
2.75317500e-07,1.90462500e-01
2.75357500e-07,1.90546875e-01
2.75397500e-07,1.90428125e-01
2.75437500e-07,1.90723438e-01
2.75477500e-07,1.90939063e-01
2.75517500e-07,1.90884375e-01
2.75557500e-07,1.90906250e-01
2.75597500e-07,1.90898438e-01
2.75637500e-07,1.90898438e-01
2.75677500e-07,1.90903125e-01
2.75717500e-07,1.90895312e-01
2.75757500e-07,1.90906250e-01
2.75797500e-07,1.90893750e-01
2.75837500e-07,1.90907812e-01
2.75877500e-07,1.90892188e-01
2.75917500e-07,1.90907812e-01
2.75957500e-07,1.90890625e-01
2.75997500e-07,1.90909375e-01
2.76037500e-07,1.90889063e-01
2.76077500e-07,1.90910938e-01
2.76117500e-07,1.90887500e-01
2.76157500e-07,1.90914063e-01
2.76197500e-07,1.90882812e-01
2.76237500e-07,1.90920312e-01
2.76277500e-07,1.90875000e-01
2.76317500e-07,1.90934375e-01
2.76357500e-07,1.90840625e-01
2.76397500e-07,1.91112500e-01
2.76437500e-07,1.91350000e-01
2.76477500e-07,1.91273438e-01
2.76517500e-07,1.91317188e-01
2.76557500e-07,1.91287500e-01
2.76597500e-07,1.91309375e-01
2.76637500e-07,1.91292188e-01
2.76677500e-07,1.91306250e-01
2.76717500e-07,1.91295313e-01
2.76757500e-07,1.91304688e-01
2.76797500e-07,1.91295313e-01
2.76837500e-07,1.91304688e-01
2.76877500e-07,1.91295313e-01
2.76917500e-07,1.91304688e-01
2.76957500e-07,1.91295313e-01
2.76997500e-07,1.91304688e-01
2.77037500e-07,1.91293750e-01
2.77077500e-07,1.91307813e-01
2.77117500e-07,1.91289062e-01
2.77157500e-07,1.91315625e-01
2.77197500e-07,1.91275000e-01
2.77237500e-07,1.91348437e-01
2.77277500e-07,1.91098437e-01
2.77317500e-07,1.90839063e-01
2.77357500e-07,1.90937500e-01
2.77397500e-07,1.90870313e-01
2.77437500e-07,1.90925000e-01
2.77477500e-07,1.90876563e-01
2.77517500e-07,1.90923438e-01
2.77557500e-07,1.90876563e-01
2.77597500e-07,1.90923438e-01
2.77637500e-07,1.90873438e-01
2.77677500e-07,1.90931250e-01
2.77717500e-07,1.90859375e-01
2.77757500e-07,1.90965625e-01
2.77797500e-07,1.90681250e-01
2.77837500e-07,1.90456250e-01
2.77877500e-07,1.90518750e-01
2.77917500e-07,1.90492188e-01
2.77957500e-07,1.90503125e-01
2.77997500e-07,1.90503125e-01
2.78037500e-07,1.90492188e-01
2.78077500e-07,1.90514062e-01
2.78117500e-07,1.90476563e-01
2.78157500e-07,1.90550000e-01
2.78197500e-07,1.90296875e-01
2.78237500e-07,1.90040625e-01
2.78277500e-07,1.90135938e-01
2.78317500e-07,1.90075000e-01
2.78357500e-07,1.90120312e-01
2.78397500e-07,1.90081250e-01
2.78437500e-07,1.90115625e-01
2.78477500e-07,1.90084375e-01
2.78517500e-07,1.90114063e-01
2.78557500e-07,1.90085937e-01
2.78597500e-07,1.90115625e-01
2.78637500e-07,1.90084375e-01
2.78677500e-07,1.90117188e-01
2.78717500e-07,1.90079688e-01
2.78757500e-07,1.90125000e-01
2.78797500e-07,1.90065625e-01
2.78837500e-07,1.90157812e-01
2.78877500e-07,1.89889063e-01
2.78917500e-07,1.89648438e-01
2.78957500e-07,1.89728125e-01
2.78997500e-07,1.89681250e-01
2.79037500e-07,1.89714063e-01
2.79077500e-07,1.89689063e-01
2.79117500e-07,1.89709375e-01
2.79157500e-07,1.89692187e-01
2.79197500e-07,1.89706250e-01
2.79237500e-07,1.89693750e-01
2.79277500e-07,1.89704687e-01
2.79317500e-07,1.89695313e-01
2.79357500e-07,1.89704687e-01
2.79397500e-07,1.89696875e-01
2.79437500e-07,1.89703125e-01
2.79477500e-07,1.89696875e-01
2.79517500e-07,1.89703125e-01
2.79557500e-07,1.89696875e-01
2.79597500e-07,1.89703125e-01
2.79637500e-07,1.89696875e-01
2.79677500e-07,1.89703125e-01
2.79717500e-07,1.89698438e-01
2.79757500e-07,1.89701563e-01
2.79797500e-07,1.89698438e-01
2.79837500e-07,1.89701563e-01
2.79877500e-07,1.89698438e-01
2.79917500e-07,1.89701563e-01
2.79957500e-07,1.89698438e-01
2.79997500e-07,1.89701563e-01
2.80037500e-07,1.89698438e-01
2.80077500e-07,1.89701563e-01
2.80117500e-07,1.89698438e-01
2.80157500e-07,1.89701563e-01
2.80197500e-07,1.89700000e-01
2.80237500e-07,1.89700000e-01
2.80277500e-07,1.89700000e-01
2.80317500e-07,1.89700000e-01
2.80357500e-07,1.89700000e-01
2.80397500e-07,1.89700000e-01
2.80437500e-07,1.89700000e-01
2.80477500e-07,1.89698438e-01
2.80517500e-07,1.89701563e-01
2.80557500e-07,1.89698438e-01
2.80597500e-07,1.89703125e-01
2.80637500e-07,1.89696875e-01
2.80677500e-07,1.89704687e-01
2.80717500e-07,1.89693750e-01
2.80757500e-07,1.89707813e-01
2.80797500e-07,1.89689063e-01
2.80837500e-07,1.89715625e-01
2.80877500e-07,1.89675000e-01
2.80917500e-07,1.89750000e-01
2.80957500e-07,1.89498438e-01
2.80997500e-07,1.89239062e-01
2.81037500e-07,1.89337500e-01
2.81077500e-07,1.89271875e-01
2.81117500e-07,1.89325000e-01
2.81157500e-07,1.89276562e-01
2.81197500e-07,1.89323437e-01
2.81237500e-07,1.89276562e-01
2.81277500e-07,1.89328125e-01
2.81317500e-07,1.89264062e-01
2.81357500e-07,1.89360937e-01
2.81397500e-07,1.89087500e-01
2.81437500e-07,1.88848438e-01
2.81477500e-07,1.88928125e-01
2.81517500e-07,1.88879688e-01
2.81557500e-07,1.88915625e-01
2.81597500e-07,1.88884375e-01
2.81637500e-07,1.88915625e-01
2.81677500e-07,1.88882812e-01
2.81717500e-07,1.88921875e-01
2.81757500e-07,1.88870312e-01
2.81797500e-07,1.88954687e-01
2.81837500e-07,1.88693750e-01
2.81877500e-07,1.88443750e-01
2.81917500e-07,1.88532813e-01
2.81957500e-07,1.88476562e-01
2.81997500e-07,1.88518750e-01
2.82037500e-07,1.88484375e-01
2.82077500e-07,1.88514062e-01
2.82117500e-07,1.88487500e-01
2.82157500e-07,1.88512500e-01
2.82197500e-07,1.88489062e-01
2.82237500e-07,1.88510938e-01
2.82277500e-07,1.88489062e-01
2.82317500e-07,1.88510938e-01
2.82357500e-07,1.88490625e-01
2.82397500e-07,1.88509375e-01
2.82437500e-07,1.88490625e-01
2.82477500e-07,1.88509375e-01
2.82517500e-07,1.88490625e-01
2.82557500e-07,1.88509375e-01
2.82597500e-07,1.88489062e-01
2.82637500e-07,1.88510938e-01
2.82677500e-07,1.88489062e-01
2.82717500e-07,1.88510938e-01
2.82757500e-07,1.88489062e-01
2.82797500e-07,1.88512500e-01
2.82837500e-07,1.88487500e-01
2.82877500e-07,1.88514062e-01
2.82917500e-07,1.88484375e-01
2.82957500e-07,1.88517188e-01
2.82997500e-07,1.88481250e-01
2.83037500e-07,1.88521875e-01
2.83077500e-07,1.88473438e-01
2.83117500e-07,1.88537500e-01
2.83157500e-07,1.88437500e-01
2.83197500e-07,1.88715625e-01
2.83237500e-07,1.88946875e-01
2.83277500e-07,1.88878125e-01
2.83317500e-07,1.88912500e-01
2.83357500e-07,1.88893750e-01
2.83397500e-07,1.88903125e-01
2.83437500e-07,1.88900000e-01
2.83477500e-07,1.88898438e-01
2.83517500e-07,1.88904688e-01
2.83557500e-07,1.88892188e-01
2.83597500e-07,1.88910938e-01
2.83637500e-07,1.88882812e-01
2.83677500e-07,1.88926563e-01
2.83717500e-07,1.88846875e-01
2.83757500e-07,1.89106250e-01
2.83797500e-07,1.89356250e-01
2.83837500e-07,1.89267188e-01
2.83877500e-07,1.89321875e-01
2.83917500e-07,1.89282813e-01
2.83957500e-07,1.89314063e-01
2.83997500e-07,1.89287500e-01
2.84037500e-07,1.89310937e-01
2.84077500e-07,1.89290625e-01
2.84117500e-07,1.89307813e-01
2.84157500e-07,1.89292188e-01
2.84197500e-07,1.89306250e-01
2.84237500e-07,1.89293750e-01
2.84277500e-07,1.89306250e-01
2.84317500e-07,1.89295313e-01
2.84357500e-07,1.89304688e-01
2.84397500e-07,1.89295313e-01
2.84437500e-07,1.89304688e-01
2.84477500e-07,1.89295313e-01
2.84517500e-07,1.89304688e-01
2.84557500e-07,1.89296875e-01
2.84597500e-07,1.89303125e-01
2.84637500e-07,1.89296875e-01
2.84677500e-07,1.89303125e-01
2.84717500e-07,1.89296875e-01
2.84757500e-07,1.89303125e-01
2.84797500e-07,1.89296875e-01
2.84837500e-07,1.89303125e-01
2.84877500e-07,1.89296875e-01
2.84917500e-07,1.89303125e-01
2.84957500e-07,1.89296875e-01
2.84997500e-07,1.89303125e-01
2.85037500e-07,1.89296875e-01
2.85077500e-07,1.89303125e-01
2.85117500e-07,1.89296875e-01
2.85157500e-07,1.89303125e-01
2.85197500e-07,1.89296875e-01
2.85237500e-07,1.89303125e-01
2.85277500e-07,1.89296875e-01
2.85317500e-07,1.89303125e-01
2.85357500e-07,1.89296875e-01
2.85397500e-07,1.89303125e-01
2.85437500e-07,1.89296875e-01
2.85477500e-07,1.89303125e-01
2.85517500e-07,1.89296875e-01
2.85557500e-07,1.89303125e-01
2.85597500e-07,1.89296875e-01
2.85637500e-07,1.89303125e-01
2.85677500e-07,1.89296875e-01
2.85717500e-07,1.89304688e-01
2.85757500e-07,1.89295313e-01
2.85797500e-07,1.89304688e-01
2.85837500e-07,1.89295313e-01
2.85877500e-07,1.89304688e-01
2.85917500e-07,1.89295313e-01
2.85957500e-07,1.89306250e-01
2.85997500e-07,1.89293750e-01
2.86037500e-07,1.89307813e-01
2.86077500e-07,1.89292188e-01
2.86117500e-07,1.89309375e-01
2.86157500e-07,1.89289062e-01
2.86197500e-07,1.89312500e-01
2.86237500e-07,1.89285938e-01
2.86277500e-07,1.89317188e-01
2.86317500e-07,1.89276562e-01
2.86357500e-07,1.89332813e-01
2.86397500e-07,1.89242188e-01
2.86437500e-07,1.89512500e-01
2.86477500e-07,1.89750000e-01
2.86517500e-07,1.89675000e-01
2.86557500e-07,1.89714063e-01
2.86597500e-07,1.89692187e-01
2.86637500e-07,1.89701563e-01
2.86677500e-07,1.89706250e-01
2.86717500e-07,1.89682813e-01
2.86757500e-07,1.89742187e-01
2.86797500e-07,1.89503125e-01
2.86837500e-07,1.89234375e-01
2.86877500e-07,1.89340625e-01
2.86917500e-07,1.89268750e-01
2.86957500e-07,1.89326563e-01
2.86997500e-07,1.89276562e-01
2.87037500e-07,1.89321875e-01
2.87077500e-07,1.89279688e-01
2.87117500e-07,1.89318750e-01
2.87157500e-07,1.89281250e-01
2.87197500e-07,1.89318750e-01
2.87237500e-07,1.89281250e-01
2.87277500e-07,1.89320313e-01
2.87317500e-07,1.89279688e-01
2.87357500e-07,1.89321875e-01
2.87397500e-07,1.89275000e-01
2.87437500e-07,1.89329688e-01
2.87477500e-07,1.89260938e-01
2.87517500e-07,1.89364063e-01
2.87557500e-07,1.89082813e-01
2.87597500e-07,1.88854688e-01
2.87637500e-07,1.88921875e-01
2.87677500e-07,1.88887500e-01
2.87717500e-07,1.88907812e-01
2.87757500e-07,1.88895312e-01
2.87797500e-07,1.88903125e-01
2.87837500e-07,1.88898438e-01
2.87877500e-07,1.88900000e-01
2.87917500e-07,1.88900000e-01
2.87957500e-07,1.88898438e-01
2.87997500e-07,1.88901563e-01
2.88037500e-07,1.88898438e-01
2.88077500e-07,1.88903125e-01
2.88117500e-07,1.88896875e-01
2.88157500e-07,1.88903125e-01
2.88197500e-07,1.88896875e-01
2.88237500e-07,1.88904688e-01
2.88277500e-07,1.88895312e-01
2.88317500e-07,1.88904688e-01
2.88357500e-07,1.88895312e-01
2.88397500e-07,1.88906250e-01
2.88437500e-07,1.88893750e-01
2.88477500e-07,1.88906250e-01
2.88517500e-07,1.88892188e-01
2.88557500e-07,1.88907812e-01
2.88597500e-07,1.88890625e-01
2.88637500e-07,1.88910938e-01
2.88677500e-07,1.88887500e-01
2.88717500e-07,1.88915625e-01
2.88757500e-07,1.88879688e-01
2.88797500e-07,1.88929687e-01
2.88837500e-07,1.88846875e-01
2.88877500e-07,1.89106250e-01
2.88917500e-07,1.89357813e-01
2.88957500e-07,1.89264062e-01
2.88997500e-07,1.89328125e-01
2.89037500e-07,1.89271875e-01
2.89077500e-07,1.89334375e-01
2.89117500e-07,1.89243750e-01
2.89157500e-07,1.89506250e-01
2.89197500e-07,1.89757813e-01
2.89237500e-07,1.89664063e-01
2.89277500e-07,1.89731250e-01
2.89317500e-07,1.89668750e-01
2.89357500e-07,1.89737500e-01
2.89397500e-07,1.89639063e-01
2.89437500e-07,1.89912500e-01
2.89477500e-07,1.90153125e-01
2.89517500e-07,1.90068750e-01
2.89557500e-07,1.90125000e-01
2.89597500e-07,1.90075000e-01
2.89637500e-07,1.90131250e-01
2.89677500e-07,1.90046875e-01
2.89717500e-07,1.90304688e-01
2.89757500e-07,1.90559375e-01
2.89797500e-07,1.90462500e-01
2.89837500e-07,1.90531250e-01
2.89877500e-07,1.90471875e-01
2.89917500e-07,1.90529688e-01
2.89957500e-07,1.90467187e-01
2.89997500e-07,1.90542188e-01
2.90037500e-07,1.90434375e-01
2.90077500e-07,1.90718750e-01
2.90117500e-07,1.90943750e-01
2.90157500e-07,1.90879688e-01
2.90197500e-07,1.90910938e-01
2.90237500e-07,1.90893750e-01
2.90277500e-07,1.90903125e-01
2.90317500e-07,1.90900000e-01
2.90357500e-07,1.90898438e-01
2.90397500e-07,1.90903125e-01
2.90437500e-07,1.90895312e-01
2.90477500e-07,1.90904688e-01
2.90517500e-07,1.90893750e-01
2.90557500e-07,1.90907812e-01
2.90597500e-07,1.90890625e-01
2.90637500e-07,1.90910938e-01
2.90677500e-07,1.90887500e-01
2.90717500e-07,1.90914063e-01
2.90757500e-07,1.90882812e-01
2.90797500e-07,1.90921875e-01
2.90837500e-07,1.90871875e-01
2.90877500e-07,1.90939063e-01
2.90917500e-07,1.90834375e-01
2.90957500e-07,1.91120313e-01
2.90997500e-07,1.91337500e-01
2.91037500e-07,1.91290625e-01
2.91077500e-07,1.91289062e-01
2.91117500e-07,1.91340625e-01
2.91157500e-07,1.91103125e-01
2.91197500e-07,1.90835937e-01
2.91237500e-07,1.90937500e-01
2.91277500e-07,1.90873438e-01
2.91317500e-07,1.90921875e-01
2.91357500e-07,1.90882812e-01
2.91397500e-07,1.90914063e-01
2.91437500e-07,1.90887500e-01
2.91477500e-07,1.90910938e-01
2.91517500e-07,1.90890625e-01
2.91557500e-07,1.90907812e-01
2.91597500e-07,1.90893750e-01
2.91637500e-07,1.90904688e-01
2.91677500e-07,1.90896875e-01
2.91717500e-07,1.90903125e-01
2.91757500e-07,1.90898438e-01
2.91797500e-07,1.90900000e-01
2.91837500e-07,1.90901563e-01
2.91877500e-07,1.90896875e-01
2.91917500e-07,1.90906250e-01
2.91957500e-07,1.90890625e-01
2.91997500e-07,1.90915625e-01
2.92037500e-07,1.90875000e-01
2.92077500e-07,1.90950000e-01
2.92117500e-07,1.90695313e-01
2.92157500e-07,1.90442187e-01
2.92197500e-07,1.90532813e-01
2.92237500e-07,1.90476563e-01
2.92277500e-07,1.90517188e-01
2.92317500e-07,1.90485938e-01
2.92357500e-07,1.90510938e-01
2.92397500e-07,1.90492188e-01
2.92437500e-07,1.90506250e-01
2.92477500e-07,1.90496875e-01
2.92517500e-07,1.90498438e-01
2.92557500e-07,1.90506250e-01
2.92597500e-07,1.90482813e-01
2.92637500e-07,1.90542188e-01
2.92677500e-07,1.90304688e-01
2.92717500e-07,1.90032813e-01
2.92757500e-07,1.90142188e-01
2.92797500e-07,1.90067188e-01
2.92837500e-07,1.90128125e-01
2.92877500e-07,1.90075000e-01
2.92917500e-07,1.90123438e-01
2.92957500e-07,1.90078125e-01
2.92997500e-07,1.90120312e-01
2.93037500e-07,1.90079688e-01
2.93077500e-07,1.90120312e-01
2.93117500e-07,1.90079688e-01
2.93157500e-07,1.90120312e-01
2.93197500e-07,1.90079688e-01
2.93237500e-07,1.90121875e-01
2.93277500e-07,1.90076563e-01
2.93317500e-07,1.90125000e-01
2.93357500e-07,1.90070313e-01
2.93397500e-07,1.90139063e-01
2.93437500e-07,1.90035938e-01
2.93477500e-07,1.90315625e-01
2.93517500e-07,1.90546875e-01
2.93557500e-07,1.90476563e-01
2.93597500e-07,1.90514062e-01
2.93637500e-07,1.90489063e-01
2.93677500e-07,1.90509375e-01
2.93717500e-07,1.90490625e-01
2.93757500e-07,1.90509375e-01
2.93797500e-07,1.90485938e-01
2.93837500e-07,1.90521875e-01
2.93877500e-07,1.90454687e-01
2.93917500e-07,1.90696875e-01
2.93957500e-07,1.90965625e-01
2.93997500e-07,1.90856250e-01
2.94037500e-07,1.90935938e-01
2.94077500e-07,1.90865625e-01
2.94117500e-07,1.90934375e-01
2.94157500e-07,1.90862500e-01
2.94197500e-07,1.90946875e-01
2.94237500e-07,1.90829688e-01
2.94277500e-07,1.91123437e-01
2.94317500e-07,1.91339063e-01
2.94357500e-07,1.91284375e-01
2.94397500e-07,1.91306250e-01
2.94437500e-07,1.91300000e-01
2.94477500e-07,1.91296875e-01
2.94517500e-07,1.91306250e-01
2.94557500e-07,1.91290625e-01
2.94597500e-07,1.91310938e-01
2.94637500e-07,1.91285938e-01
2.94677500e-07,1.91318750e-01
2.94717500e-07,1.91276562e-01
2.94757500e-07,1.91334375e-01
2.94797500e-07,1.91239063e-01
2.94837500e-07,1.91514062e-01
2.94877500e-07,1.91746875e-01
2.94917500e-07,1.91678125e-01
2.94957500e-07,1.91710938e-01
2.94997500e-07,1.91695313e-01
2.95037500e-07,1.91698438e-01
2.95077500e-07,1.91709375e-01
2.95117500e-07,1.91679688e-01
2.95157500e-07,1.91746875e-01
2.95197500e-07,1.91500000e-01
2.95237500e-07,1.91239063e-01
2.95277500e-07,1.91337500e-01
2.95317500e-07,1.91271875e-01
2.95357500e-07,1.91323437e-01
2.95397500e-07,1.91279688e-01
2.95437500e-07,1.91317188e-01
2.95477500e-07,1.91282813e-01
2.95517500e-07,1.91315625e-01
2.95557500e-07,1.91284375e-01
2.95597500e-07,1.91315625e-01
2.95637500e-07,1.91282813e-01
2.95677500e-07,1.91317188e-01
2.95717500e-07,1.91279688e-01
2.95757500e-07,1.91325000e-01
2.95797500e-07,1.91265625e-01
2.95837500e-07,1.91357813e-01
2.95877500e-07,1.91089063e-01
2.95917500e-07,1.90848437e-01
2.95957500e-07,1.90928125e-01
2.95997500e-07,1.90881250e-01
2.96037500e-07,1.90914063e-01
2.96077500e-07,1.90889063e-01
2.96117500e-07,1.90909375e-01
2.96157500e-07,1.90892188e-01
2.96197500e-07,1.90907812e-01
2.96237500e-07,1.90893750e-01
2.96277500e-07,1.90906250e-01
2.96317500e-07,1.90893750e-01
2.96357500e-07,1.90904688e-01
2.96397500e-07,1.90895312e-01
2.96437500e-07,1.90904688e-01
2.96477500e-07,1.90895312e-01
2.96517500e-07,1.90904688e-01
2.96557500e-07,1.90895312e-01
2.96597500e-07,1.90904688e-01
2.96637500e-07,1.90895312e-01
2.96677500e-07,1.90904688e-01
2.96717500e-07,1.90895312e-01
2.96757500e-07,1.90904688e-01
2.96797500e-07,1.90895312e-01
2.96837500e-07,1.90904688e-01
2.96877500e-07,1.90895312e-01
2.96917500e-07,1.90904688e-01
2.96957500e-07,1.90893750e-01
2.96997500e-07,1.90906250e-01
2.97037500e-07,1.90893750e-01
2.97077500e-07,1.90906250e-01
2.97117500e-07,1.90893750e-01
2.97157500e-07,1.90906250e-01
2.97197500e-07,1.90893750e-01
2.97237500e-07,1.90907812e-01
2.97277500e-07,1.90892188e-01
2.97317500e-07,1.90907812e-01
2.97357500e-07,1.90890625e-01
2.97397500e-07,1.90909375e-01
2.97437500e-07,1.90890625e-01
2.97477500e-07,1.90910938e-01
2.97517500e-07,1.90889063e-01
2.97557500e-07,1.90912500e-01
2.97597500e-07,1.90885938e-01
2.97637500e-07,1.90915625e-01
2.97677500e-07,1.90881250e-01
2.97717500e-07,1.90921875e-01
2.97757500e-07,1.90873438e-01
2.97797500e-07,1.90937500e-01
2.97837500e-07,1.90837500e-01
2.97877500e-07,1.91117188e-01
2.97917500e-07,1.91345313e-01
2.97957500e-07,1.91279688e-01
2.97997500e-07,1.91309375e-01
2.98037500e-07,1.91296875e-01
2.98077500e-07,1.91296875e-01
2.98117500e-07,1.91307813e-01
2.98157500e-07,1.91284375e-01
2.98197500e-07,1.91326563e-01
2.98237500e-07,1.91246875e-01
2.98277500e-07,1.91506250e-01
2.98317500e-07,1.91754688e-01
2.98357500e-07,1.91671875e-01
2.98397500e-07,1.91717187e-01
2.98437500e-07,1.91689063e-01
2.98477500e-07,1.91706250e-01
2.98517500e-07,1.91700000e-01
2.98557500e-07,1.91693750e-01
2.98597500e-07,1.91717187e-01
2.98637500e-07,1.91656250e-01
2.98677500e-07,1.91896875e-01
2.98717500e-07,1.92164063e-01
2.98757500e-07,1.92059375e-01
2.98797500e-07,1.92129688e-01
2.98837500e-07,1.92075000e-01
2.98877500e-07,1.92121875e-01
2.98917500e-07,1.92081250e-01
2.98957500e-07,1.92117188e-01
2.98997500e-07,1.92084375e-01
2.99037500e-07,1.92115625e-01
2.99077500e-07,1.92085937e-01
2.99117500e-07,1.92114063e-01
2.99157500e-07,1.92085937e-01
2.99197500e-07,1.92114063e-01
2.99237500e-07,1.92087500e-01
2.99277500e-07,1.92112500e-01
2.99317500e-07,1.92085937e-01
2.99357500e-07,1.92114063e-01
2.99397500e-07,1.92085937e-01
2.99437500e-07,1.92115625e-01
2.99477500e-07,1.92081250e-01
2.99517500e-07,1.92123437e-01
2.99557500e-07,1.92068750e-01
2.99597500e-07,1.92156250e-01
2.99637500e-07,1.91892188e-01
2.99677500e-07,1.91643750e-01
2.99717500e-07,1.91732813e-01
2.99757500e-07,1.91675000e-01
2.99797500e-07,1.91723438e-01
2.99837500e-07,1.91676563e-01
2.99877500e-07,1.91726563e-01
2.99917500e-07,1.91664063e-01
2.99957500e-07,1.91760938e-01
2.99997500e-07,1.91487500e-01
3.00037500e-07,1.91251562e-01
3.00077500e-07,1.91323437e-01
3.00117500e-07,1.91287500e-01
3.00157500e-07,1.91306250e-01
3.00197500e-07,1.91301563e-01
3.00237500e-07,1.91287500e-01
3.00277500e-07,1.91339063e-01
3.00317500e-07,1.91107813e-01
3.00357500e-07,1.90829688e-01
3.00397500e-07,1.90945313e-01
3.00437500e-07,1.90862500e-01
3.00477500e-07,1.90932812e-01
3.00517500e-07,1.90868750e-01
3.00557500e-07,1.90931250e-01
3.00597500e-07,1.90868750e-01
3.00637500e-07,1.90935938e-01
3.00677500e-07,1.90856250e-01
3.00717500e-07,1.90968750e-01
3.00757500e-07,1.90679688e-01
3.00797500e-07,1.90457813e-01
3.00837500e-07,1.90518750e-01
3.00877500e-07,1.90489063e-01
3.00917500e-07,1.90506250e-01
3.00957500e-07,1.90496875e-01
3.00997500e-07,1.90501562e-01
3.01037500e-07,1.90500000e-01
3.01077500e-07,1.90500000e-01
3.01117500e-07,1.90500000e-01
3.01157500e-07,1.90500000e-01
3.01197500e-07,1.90500000e-01
3.01237500e-07,1.90501562e-01
3.01277500e-07,1.90496875e-01
3.01317500e-07,1.90506250e-01
3.01357500e-07,1.90490625e-01
3.01397500e-07,1.90518750e-01
3.01437500e-07,1.90456250e-01
3.01477500e-07,1.90695313e-01
3.01517500e-07,1.90967187e-01
3.01557500e-07,1.90854688e-01
3.01597500e-07,1.90935938e-01
3.01637500e-07,1.90867188e-01
3.01677500e-07,1.90931250e-01
3.01717500e-07,1.90867188e-01
3.01757500e-07,1.90934375e-01
3.01797500e-07,1.90860937e-01
3.01837500e-07,1.90948438e-01
3.01877500e-07,1.90826563e-01
3.01917500e-07,1.91126563e-01
3.01957500e-07,1.91335937e-01
3.01997500e-07,1.91289062e-01
3.02037500e-07,1.91300000e-01
3.02077500e-07,1.91307813e-01
3.02117500e-07,1.91284375e-01
3.02157500e-07,1.91326563e-01
3.02197500e-07,1.91248438e-01
3.02237500e-07,1.91506250e-01
3.02277500e-07,1.91756250e-01
3.02317500e-07,1.91665625e-01
3.02357500e-07,1.91726563e-01
3.02397500e-07,1.91675000e-01
3.02437500e-07,1.91731250e-01
3.02477500e-07,1.91646875e-01
3.02517500e-07,1.91903125e-01
3.02557500e-07,1.92162500e-01
3.02597500e-07,1.92057813e-01
3.02637500e-07,1.92137500e-01
3.02677500e-07,1.92060938e-01
3.02717500e-07,1.92146875e-01
3.02757500e-07,1.92029688e-01
3.02797500e-07,1.92323437e-01
3.02837500e-07,1.92539062e-01
3.02877500e-07,1.92485938e-01
3.02917500e-07,1.92503125e-01
3.02957500e-07,1.92504687e-01
3.02997500e-07,1.92487500e-01
3.03037500e-07,1.92525000e-01
3.03077500e-07,1.92448438e-01
3.03117500e-07,1.92704687e-01
3.03157500e-07,1.92956250e-01
3.03197500e-07,1.92868750e-01
3.03237500e-07,1.92921875e-01
3.03277500e-07,1.92882813e-01
3.03317500e-07,1.92912500e-01
3.03357500e-07,1.92889063e-01
3.03397500e-07,1.92909375e-01
3.03437500e-07,1.92892188e-01
3.03477500e-07,1.92906250e-01
3.03517500e-07,1.92893750e-01
3.03557500e-07,1.92904688e-01
3.03597500e-07,1.92895312e-01
3.03637500e-07,1.92903125e-01
3.03677500e-07,1.92896875e-01
3.03717500e-07,1.92903125e-01
3.03757500e-07,1.92896875e-01
3.03797500e-07,1.92901563e-01
3.03837500e-07,1.92898438e-01
3.03877500e-07,1.92901563e-01
3.03917500e-07,1.92898438e-01
3.03957500e-07,1.92901563e-01
3.03997500e-07,1.92898438e-01
3.04037500e-07,1.92901563e-01
3.04077500e-07,1.92898438e-01
3.04117500e-07,1.92901563e-01
3.04157500e-07,1.92898438e-01
3.04197500e-07,1.92901563e-01
3.04237500e-07,1.92898438e-01
3.04277500e-07,1.92903125e-01
3.04317500e-07,1.92896875e-01
3.04357500e-07,1.92904688e-01
3.04397500e-07,1.92892188e-01
3.04437500e-07,1.92912500e-01
3.04477500e-07,1.92878125e-01
3.04517500e-07,1.92945313e-01
3.04557500e-07,1.92701563e-01
3.04597500e-07,1.92434375e-01
3.04637500e-07,1.92542188e-01
3.04677500e-07,1.92465625e-01
3.04717500e-07,1.92531250e-01
3.04757500e-07,1.92470313e-01
3.04797500e-07,1.92531250e-01
3.04837500e-07,1.92467187e-01
3.04877500e-07,1.92537500e-01
3.04917500e-07,1.92453125e-01
3.04957500e-07,1.92573437e-01
3.04997500e-07,1.92273438e-01
3.05037500e-07,1.92065625e-01
3.05077500e-07,1.92109375e-01
3.05117500e-07,1.92103125e-01
3.05157500e-07,1.92089063e-01
3.05197500e-07,1.92118750e-01
3.05237500e-07,1.92068750e-01
3.05277500e-07,1.92159375e-01
3.05317500e-07,1.91885937e-01
3.05357500e-07,1.91653125e-01
3.05397500e-07,1.91720313e-01
3.05437500e-07,1.91692187e-01
3.05477500e-07,1.91698438e-01
3.05517500e-07,1.91709375e-01
3.05557500e-07,1.91676563e-01
3.05597500e-07,1.91750000e-01
3.05637500e-07,1.91493750e-01
3.05677500e-07,1.91246875e-01
3.05717500e-07,1.91326563e-01
3.05757500e-07,1.91289062e-01
3.05797500e-07,1.91296875e-01
3.05837500e-07,1.91331250e-01
3.05877500e-07,1.91114063e-01
3.05917500e-07,1.90825000e-01
3.05957500e-07,1.90951563e-01
3.05997500e-07,1.90856250e-01
3.06037500e-07,1.90942187e-01
3.06077500e-07,1.90851563e-01
3.06117500e-07,1.90968750e-01
3.06157500e-07,1.90681250e-01
3.06197500e-07,1.90454687e-01
3.06237500e-07,1.90525000e-01
3.06277500e-07,1.90479687e-01
3.06317500e-07,1.90521875e-01
3.06357500e-07,1.90471875e-01
3.06397500e-07,1.90551562e-01
3.06437500e-07,1.90296875e-01
3.06477500e-07,1.90040625e-01
3.06517500e-07,1.90135938e-01
3.06557500e-07,1.90071875e-01
3.06597500e-07,1.90123438e-01
3.06637500e-07,1.90079688e-01
3.06677500e-07,1.90120312e-01
3.06717500e-07,1.90079688e-01
3.06757500e-07,1.90120312e-01
3.06797500e-07,1.90078125e-01
3.06837500e-07,1.90126563e-01
3.06877500e-07,1.90065625e-01
3.06917500e-07,1.90157812e-01
3.06957500e-07,1.89889063e-01
3.06997500e-07,1.89646875e-01
3.07037500e-07,1.89731250e-01
3.07077500e-07,1.89676563e-01
3.07117500e-07,1.89721875e-01
3.07157500e-07,1.89675000e-01
3.07197500e-07,1.89732813e-01
3.07237500e-07,1.89643750e-01
3.07277500e-07,1.89907812e-01
3.07317500e-07,1.90156250e-01
3.07357500e-07,1.90067188e-01
3.07397500e-07,1.90123438e-01
3.07437500e-07,1.90081250e-01
3.07477500e-07,1.90117188e-01
3.07517500e-07,1.90084375e-01
3.07557500e-07,1.90115625e-01
3.07597500e-07,1.90085937e-01
3.07637500e-07,1.90114063e-01
3.07677500e-07,1.90084375e-01
3.07717500e-07,1.90115625e-01
3.07757500e-07,1.90082813e-01
3.07797500e-07,1.90120312e-01
3.07837500e-07,1.90075000e-01
3.07877500e-07,1.90134375e-01
3.07917500e-07,1.90040625e-01
3.07957500e-07,1.90312500e-01
3.07997500e-07,1.90550000e-01
3.08037500e-07,1.90473438e-01
3.08077500e-07,1.90517188e-01
3.08117500e-07,1.90487500e-01
3.08157500e-07,1.90509375e-01
3.08197500e-07,1.90492188e-01
3.08237500e-07,1.90506250e-01
3.08277500e-07,1.90495313e-01
3.08317500e-07,1.90504688e-01
3.08357500e-07,1.90496875e-01
3.08397500e-07,1.90503125e-01
3.08437500e-07,1.90496875e-01
3.08477500e-07,1.90503125e-01
3.08517500e-07,1.90496875e-01
3.08557500e-07,1.90501562e-01
3.08597500e-07,1.90498438e-01
3.08637500e-07,1.90501562e-01
3.08677500e-07,1.90498438e-01
3.08717500e-07,1.90501562e-01
3.08757500e-07,1.90498438e-01
3.08797500e-07,1.90501562e-01
3.08837500e-07,1.90498438e-01
3.08877500e-07,1.90501562e-01
3.08917500e-07,1.90498438e-01
3.08957500e-07,1.90501562e-01
3.08997500e-07,1.90498438e-01
3.09037500e-07,1.90501562e-01
3.09077500e-07,1.90498438e-01
3.09117500e-07,1.90501562e-01
3.09157500e-07,1.90498438e-01
3.09197500e-07,1.90501562e-01
3.09237500e-07,1.90498438e-01
3.09277500e-07,1.90501562e-01
3.09317500e-07,1.90498438e-01
3.09357500e-07,1.90501562e-01
3.09397500e-07,1.90498438e-01
3.09437500e-07,1.90501562e-01
3.09477500e-07,1.90498438e-01
3.09517500e-07,1.90501562e-01
3.09557500e-07,1.90498438e-01
3.09597500e-07,1.90501562e-01
3.09637500e-07,1.90498438e-01
3.09677500e-07,1.90501562e-01
3.09717500e-07,1.90498438e-01
3.09757500e-07,1.90501562e-01
3.09797500e-07,1.90498438e-01
3.09837500e-07,1.90501562e-01
3.09877500e-07,1.90498438e-01
3.09917500e-07,1.90501562e-01
3.09957500e-07,1.90498438e-01
3.09997500e-07,1.90501562e-01
3.10037500e-07,1.90498438e-01
3.10077500e-07,1.90501562e-01
3.10117500e-07,1.90498438e-01
3.10157500e-07,1.90501562e-01
3.10197500e-07,1.90498438e-01
3.10237500e-07,1.90503125e-01
3.10277500e-07,1.90496875e-01
3.10317500e-07,1.90503125e-01
3.10357500e-07,1.90496875e-01
3.10397500e-07,1.90503125e-01
3.10437500e-07,1.90496875e-01
3.10477500e-07,1.90503125e-01
3.10517500e-07,1.90496875e-01
3.10557500e-07,1.90503125e-01
3.10597500e-07,1.90495313e-01
3.10637500e-07,1.90504688e-01
3.10677500e-07,1.90495313e-01
3.10717500e-07,1.90504688e-01
3.10757500e-07,1.90495313e-01
3.10797500e-07,1.90506250e-01
3.10837500e-07,1.90493750e-01
3.10877500e-07,1.90506250e-01
3.10917500e-07,1.90492188e-01
3.10957500e-07,1.90509375e-01
3.10997500e-07,1.90490625e-01
3.11037500e-07,1.90510938e-01
3.11077500e-07,1.90485938e-01
3.11117500e-07,1.90517188e-01
3.11157500e-07,1.90478125e-01
3.11197500e-07,1.90531250e-01
3.11237500e-07,1.90443750e-01
3.11277500e-07,1.90710938e-01
3.11317500e-07,1.90951563e-01
3.11357500e-07,1.90873438e-01
3.11397500e-07,1.90917188e-01
3.11437500e-07,1.90887500e-01
3.11477500e-07,1.90907812e-01
3.11517500e-07,1.90895312e-01
3.11557500e-07,1.90901563e-01
3.11597500e-07,1.90903125e-01
3.11637500e-07,1.90892188e-01
3.11677500e-07,1.90918750e-01
3.11717500e-07,1.90856250e-01
3.11757500e-07,1.91095313e-01
3.11797500e-07,1.91367188e-01
3.11837500e-07,1.91256250e-01
3.11877500e-07,1.91334375e-01
3.11917500e-07,1.91270313e-01
3.11957500e-07,1.91328125e-01
3.11997500e-07,1.91271875e-01
3.12037500e-07,1.91329688e-01
3.12077500e-07,1.91265625e-01
3.12117500e-07,1.91343750e-01
3.12157500e-07,1.91232813e-01
3.12197500e-07,1.91520313e-01
3.12237500e-07,1.91742187e-01
3.12277500e-07,1.91681250e-01
3.12317500e-07,1.91707813e-01
3.12357500e-07,1.91696875e-01
3.12397500e-07,1.91700000e-01
3.12437500e-07,1.91704687e-01
3.12477500e-07,1.91692187e-01
3.12517500e-07,1.91710938e-01
3.12557500e-07,1.91682813e-01
3.12597500e-07,1.91726563e-01
3.12637500e-07,1.91648438e-01
3.12677500e-07,1.91906250e-01
3.12717500e-07,1.92156250e-01
3.12757500e-07,1.92067188e-01
3.12797500e-07,1.92123437e-01
3.12837500e-07,1.92082813e-01
3.12877500e-07,1.92114063e-01
3.12917500e-07,1.92087500e-01
3.12957500e-07,1.92110937e-01
3.12997500e-07,1.92090625e-01
3.13037500e-07,1.92109375e-01
3.13077500e-07,1.92092188e-01
3.13117500e-07,1.92107813e-01
3.13157500e-07,1.92092188e-01
3.13197500e-07,1.92107813e-01
3.13237500e-07,1.92093750e-01
3.13277500e-07,1.92106250e-01
3.13317500e-07,1.92093750e-01
3.13357500e-07,1.92106250e-01
3.13397500e-07,1.92093750e-01
3.13437500e-07,1.92106250e-01
3.13477500e-07,1.92093750e-01
3.13517500e-07,1.92106250e-01
3.13557500e-07,1.92093750e-01
3.13597500e-07,1.92106250e-01
3.13637500e-07,1.92093750e-01
3.13677500e-07,1.92104688e-01
3.13717500e-07,1.92095313e-01
3.13757500e-07,1.92104688e-01
3.13797500e-07,1.92095313e-01
3.13837500e-07,1.92104688e-01
3.13877500e-07,1.92093750e-01
3.13917500e-07,1.92106250e-01
3.13957500e-07,1.92093750e-01
3.13997500e-07,1.92106250e-01
3.14037500e-07,1.92093750e-01
3.14077500e-07,1.92106250e-01
3.14117500e-07,1.92093750e-01
3.14157500e-07,1.92106250e-01
3.14197500e-07,1.92093750e-01
3.14237500e-07,1.92106250e-01
3.14277500e-07,1.92093750e-01
3.14317500e-07,1.92106250e-01
3.14357500e-07,1.92093750e-01
3.14397500e-07,1.92107813e-01
3.14437500e-07,1.92092188e-01
3.14477500e-07,1.92107813e-01
3.14517500e-07,1.92092188e-01
3.14557500e-07,1.92107813e-01
3.14597500e-07,1.92090625e-01
3.14637500e-07,1.92109375e-01
3.14677500e-07,1.92090625e-01
3.14717500e-07,1.92110937e-01
3.14757500e-07,1.92089063e-01
3.14797500e-07,1.92112500e-01
3.14837500e-07,1.92085937e-01
3.14877500e-07,1.92117188e-01
3.14917500e-07,1.92079688e-01
3.14957500e-07,1.92125000e-01
3.14997500e-07,1.92065625e-01
3.15037500e-07,1.92159375e-01
3.15077500e-07,1.91887500e-01
3.15117500e-07,1.91651563e-01
3.15157500e-07,1.91725000e-01
3.15197500e-07,1.91684375e-01
3.15237500e-07,1.91710938e-01
3.15277500e-07,1.91692187e-01
3.15317500e-07,1.91704687e-01
3.15357500e-07,1.91696875e-01
3.15397500e-07,1.91701563e-01
3.15437500e-07,1.91700000e-01
3.15477500e-07,1.91700000e-01
3.15517500e-07,1.91701563e-01
3.15557500e-07,1.91696875e-01
3.15597500e-07,1.91704687e-01
3.15637500e-07,1.91695313e-01
3.15677500e-07,1.91706250e-01
3.15717500e-07,1.91692187e-01
3.15757500e-07,1.91710938e-01
3.15797500e-07,1.91685938e-01
3.15837500e-07,1.91718750e-01
3.15877500e-07,1.91670312e-01
3.15917500e-07,1.91754688e-01
3.15957500e-07,1.91492188e-01
3.15997500e-07,1.91245313e-01
3.16037500e-07,1.91331250e-01
3.16077500e-07,1.91279688e-01
3.16117500e-07,1.91315625e-01
3.16157500e-07,1.91287500e-01
3.16197500e-07,1.91310938e-01
3.16237500e-07,1.91290625e-01
3.16277500e-07,1.91307813e-01
3.16317500e-07,1.91293750e-01
3.16357500e-07,1.91306250e-01
3.16397500e-07,1.91295313e-01
3.16437500e-07,1.91304688e-01
3.16477500e-07,1.91295313e-01
3.16517500e-07,1.91303125e-01
3.16557500e-07,1.91296875e-01
3.16597500e-07,1.91303125e-01
3.16637500e-07,1.91296875e-01
3.16677500e-07,1.91301563e-01
3.16717500e-07,1.91298438e-01
3.16757500e-07,1.91301563e-01
3.16797500e-07,1.91298438e-01
3.16837500e-07,1.91300000e-01
3.16877500e-07,1.91300000e-01
3.16917500e-07,1.91300000e-01
3.16957500e-07,1.91300000e-01
3.16997500e-07,1.91300000e-01
3.17037500e-07,1.91301563e-01
3.17077500e-07,1.91298438e-01
3.17117500e-07,1.91301563e-01
3.17157500e-07,1.91296875e-01
3.17197500e-07,1.91303125e-01
3.17237500e-07,1.91295313e-01
3.17277500e-07,1.91304688e-01
3.17317500e-07,1.91293750e-01
3.17357500e-07,1.91309375e-01
3.17397500e-07,1.91287500e-01
3.17437500e-07,1.91317188e-01
3.17477500e-07,1.91273438e-01
3.17517500e-07,1.91351563e-01
3.17557500e-07,1.91095313e-01
3.17597500e-07,1.90842188e-01
3.17637500e-07,1.90934375e-01
3.17677500e-07,1.90875000e-01
3.17717500e-07,1.90920312e-01
3.17757500e-07,1.90881250e-01
3.17797500e-07,1.90917188e-01
3.17837500e-07,1.90884375e-01
3.17877500e-07,1.90915625e-01
3.17917500e-07,1.90884375e-01
3.17957500e-07,1.90915625e-01
3.17997500e-07,1.90882812e-01
3.18037500e-07,1.90918750e-01
3.18077500e-07,1.90879688e-01
3.18117500e-07,1.90925000e-01
3.18157500e-07,1.90865625e-01
3.18197500e-07,1.90959375e-01
3.18237500e-07,1.90687500e-01
3.18277500e-07,1.90450000e-01
3.18317500e-07,1.90525000e-01
3.18357500e-07,1.90484375e-01
3.18397500e-07,1.90510938e-01
3.18437500e-07,1.90492188e-01
3.18477500e-07,1.90504688e-01
3.18517500e-07,1.90496875e-01
3.18557500e-07,1.90500000e-01
3.18597500e-07,1.90501562e-01
3.18637500e-07,1.90495313e-01
3.18677500e-07,1.90510938e-01
3.18717500e-07,1.90479687e-01
3.18757500e-07,1.90545313e-01
3.18797500e-07,1.90301563e-01
3.18837500e-07,1.90035938e-01
3.18877500e-07,1.90140625e-01
3.18917500e-07,1.90067188e-01
3.18957500e-07,1.90128125e-01
3.18997500e-07,1.90073437e-01
3.19037500e-07,1.90125000e-01
3.19077500e-07,1.90075000e-01
3.19117500e-07,1.90125000e-01
3.19157500e-07,1.90073437e-01
3.19197500e-07,1.90129688e-01
3.19237500e-07,1.90065625e-01
3.19277500e-07,1.90143750e-01
3.19317500e-07,1.90031250e-01
3.19357500e-07,1.90321875e-01
3.19397500e-07,1.90539062e-01
3.19437500e-07,1.90485938e-01
3.19477500e-07,1.90504688e-01
3.19517500e-07,1.90503125e-01
3.19557500e-07,1.90492188e-01
3.19597500e-07,1.90512500e-01
3.19637500e-07,1.90479687e-01
3.19677500e-07,1.90531250e-01
3.19717500e-07,1.90443750e-01
3.19757500e-07,1.90710938e-01
3.19797500e-07,1.90950000e-01
3.19837500e-07,1.90876563e-01
3.19877500e-07,1.90912500e-01
3.19917500e-07,1.90895312e-01
3.19957500e-07,1.90896875e-01
3.19997500e-07,1.90914063e-01
3.20037500e-07,1.90859375e-01
3.20077500e-07,1.91093750e-01
3.20117500e-07,1.91368750e-01
3.20157500e-07,1.91254688e-01
3.20197500e-07,1.91339063e-01
3.20237500e-07,1.91262500e-01
3.20277500e-07,1.91343750e-01
3.20317500e-07,1.91234375e-01
3.20357500e-07,1.91515625e-01
3.20397500e-07,1.91748438e-01
3.20437500e-07,1.91671875e-01
3.20477500e-07,1.91720313e-01
3.20517500e-07,1.91681250e-01
3.20557500e-07,1.91718750e-01
3.20597500e-07,1.91678125e-01
3.20637500e-07,1.91731250e-01
3.20677500e-07,1.91645312e-01
3.20717500e-07,1.91907812e-01
3.20757500e-07,1.92154688e-01
3.20797500e-07,1.92068750e-01
3.20837500e-07,1.92121875e-01
3.20877500e-07,1.92082813e-01
3.20917500e-07,1.92114063e-01
3.20957500e-07,1.92087500e-01
3.20997500e-07,1.92112500e-01
3.21037500e-07,1.92089063e-01
3.21077500e-07,1.92110937e-01
3.21117500e-07,1.92090625e-01
3.21157500e-07,1.92110937e-01
3.21197500e-07,1.92089063e-01
3.21237500e-07,1.92110937e-01
3.21277500e-07,1.92087500e-01
3.21317500e-07,1.92114063e-01
3.21357500e-07,1.92084375e-01
3.21397500e-07,1.92120313e-01
3.21437500e-07,1.92070313e-01
3.21477500e-07,1.92153125e-01
3.21517500e-07,1.91893750e-01
3.21557500e-07,1.91642188e-01
3.21597500e-07,1.91734375e-01
3.21637500e-07,1.91673438e-01
3.21677500e-07,1.91723438e-01
3.21717500e-07,1.91676563e-01
3.21757500e-07,1.91726563e-01
3.21797500e-07,1.91665625e-01
3.21837500e-07,1.91757813e-01
3.21877500e-07,1.91490625e-01
3.21917500e-07,1.91245313e-01
3.21957500e-07,1.91332813e-01
3.21997500e-07,1.91273438e-01
3.22037500e-07,1.91326563e-01
3.22077500e-07,1.91267188e-01
3.22117500e-07,1.91356250e-01
3.22157500e-07,1.91092188e-01
3.22197500e-07,1.90843750e-01
3.22237500e-07,1.90934375e-01
3.22277500e-07,1.90871875e-01
3.22317500e-07,1.90925000e-01
3.22357500e-07,1.90873438e-01
3.22397500e-07,1.90929688e-01
3.22437500e-07,1.90862500e-01
3.22477500e-07,1.90962500e-01
3.22517500e-07,1.90685938e-01
3.22557500e-07,1.90451563e-01
3.22597500e-07,1.90525000e-01
3.22637500e-07,1.90484375e-01
3.22677500e-07,1.90510938e-01
3.22717500e-07,1.90492188e-01
3.22757500e-07,1.90506250e-01
3.22797500e-07,1.90495313e-01
3.22837500e-07,1.90503125e-01
3.22877500e-07,1.90496875e-01
3.22917500e-07,1.90501562e-01
3.22957500e-07,1.90498438e-01
3.22997500e-07,1.90500000e-01
3.23037500e-07,1.90500000e-01
3.23077500e-07,1.90500000e-01
3.23117500e-07,1.90501562e-01
3.23157500e-07,1.90498438e-01
3.23197500e-07,1.90501562e-01
3.23237500e-07,1.90498438e-01
3.23277500e-07,1.90503125e-01
3.23317500e-07,1.90496875e-01
3.23357500e-07,1.90503125e-01
3.23397500e-07,1.90495313e-01
3.23437500e-07,1.90504688e-01
3.23477500e-07,1.90493750e-01
3.23517500e-07,1.90506250e-01
3.23557500e-07,1.90492188e-01
3.23597500e-07,1.90509375e-01
3.23637500e-07,1.90489063e-01
3.23677500e-07,1.90514062e-01
3.23717500e-07,1.90479687e-01
3.23757500e-07,1.90529688e-01
3.23797500e-07,1.90445313e-01
3.23837500e-07,1.90707813e-01
3.23877500e-07,1.90954687e-01
3.23917500e-07,1.90868750e-01
3.23957500e-07,1.90921875e-01
3.23997500e-07,1.90882812e-01
3.24037500e-07,1.90915625e-01
3.24077500e-07,1.90885938e-01
3.24117500e-07,1.90914063e-01
3.24157500e-07,1.90885938e-01
3.24197500e-07,1.90915625e-01
3.24237500e-07,1.90881250e-01
3.24277500e-07,1.90928125e-01
3.24317500e-07,1.90848437e-01
3.24357500e-07,1.91103125e-01
3.24397500e-07,1.91360937e-01
3.24437500e-07,1.91260938e-01
3.24477500e-07,1.91331250e-01
3.24517500e-07,1.91270313e-01
3.24557500e-07,1.91331250e-01
3.24597500e-07,1.91265625e-01
3.24637500e-07,1.91343750e-01
3.24677500e-07,1.91231250e-01
3.24717500e-07,1.91521875e-01
3.24757500e-07,1.91739063e-01
3.24797500e-07,1.91685938e-01
3.24837500e-07,1.91703125e-01
3.24877500e-07,1.91704687e-01
3.24917500e-07,1.91685938e-01
3.24957500e-07,1.91725000e-01
3.24997500e-07,1.91646875e-01
3.25037500e-07,1.91907812e-01
3.25077500e-07,1.92153125e-01
3.25117500e-07,1.92073437e-01
3.25157500e-07,1.92115625e-01
3.25197500e-07,1.92093750e-01
3.25237500e-07,1.92098437e-01
3.25277500e-07,1.92114063e-01
3.25317500e-07,1.92059375e-01
3.25357500e-07,1.92293750e-01
3.25397500e-07,1.92567188e-01
3.25437500e-07,1.92457812e-01
3.25477500e-07,1.92532813e-01
3.25517500e-07,1.92473438e-01
3.25557500e-07,1.92523438e-01
3.25597500e-07,1.92479687e-01
3.25637500e-07,1.92518750e-01
3.25677500e-07,1.92481250e-01
3.25717500e-07,1.92517188e-01
3.25757500e-07,1.92484375e-01
3.25797500e-07,1.92515625e-01
3.25837500e-07,1.92484375e-01
3.25877500e-07,1.92515625e-01
3.25917500e-07,1.92484375e-01
3.25957500e-07,1.92515625e-01
3.25997500e-07,1.92484375e-01
3.26037500e-07,1.92515625e-01
3.26077500e-07,1.92484375e-01
3.26117500e-07,1.92517188e-01
3.26157500e-07,1.92481250e-01
3.26197500e-07,1.92520313e-01
3.26237500e-07,1.92476563e-01
3.26277500e-07,1.92528125e-01
3.26317500e-07,1.92462500e-01
3.26357500e-07,1.92562500e-01
3.26397500e-07,1.92284375e-01
3.26437500e-07,1.92054688e-01
3.26477500e-07,1.92121875e-01
3.26517500e-07,1.92089063e-01
3.26557500e-07,1.92106250e-01
3.26597500e-07,1.92098437e-01
3.26637500e-07,1.92096875e-01
3.26677500e-07,1.92109375e-01
3.26717500e-07,1.92079688e-01
3.26757500e-07,1.92145312e-01
3.26797500e-07,1.91903125e-01
3.26837500e-07,1.91634375e-01
3.26877500e-07,1.91742187e-01
3.26917500e-07,1.91665625e-01
3.26957500e-07,1.91731250e-01
3.26997500e-07,1.91668750e-01
3.27037500e-07,1.91734375e-01
3.27077500e-07,1.91657812e-01
3.27117500e-07,1.91767188e-01
3.27157500e-07,1.91481250e-01
3.27197500e-07,1.91256250e-01
3.27237500e-07,1.91320313e-01
3.27277500e-07,1.91289062e-01
3.27317500e-07,1.91306250e-01
3.27357500e-07,1.91298438e-01
3.27397500e-07,1.91300000e-01
3.27437500e-07,1.91303125e-01
3.27477500e-07,1.91295313e-01
3.27517500e-07,1.91307813e-01
3.27557500e-07,1.91289062e-01
3.27597500e-07,1.91317188e-01
3.27637500e-07,1.91273438e-01
3.27677500e-07,1.91351563e-01
3.27717500e-07,1.91095313e-01
3.27757500e-07,1.90843750e-01
3.27797500e-07,1.90932812e-01
3.27837500e-07,1.90876563e-01
3.27877500e-07,1.90918750e-01
3.27917500e-07,1.90884375e-01
3.27957500e-07,1.90912500e-01
3.27997500e-07,1.90889063e-01
3.28037500e-07,1.90909375e-01
3.28077500e-07,1.90890625e-01
3.28117500e-07,1.90907812e-01
3.28157500e-07,1.90892188e-01
3.28197500e-07,1.90907812e-01
3.28237500e-07,1.90893750e-01
3.28277500e-07,1.90906250e-01
3.28317500e-07,1.90893750e-01
3.28357500e-07,1.90904688e-01
3.28397500e-07,1.90895312e-01
3.28437500e-07,1.90904688e-01
3.28477500e-07,1.90895312e-01
3.28517500e-07,1.90904688e-01
3.28557500e-07,1.90895312e-01
3.28597500e-07,1.90904688e-01
3.28637500e-07,1.90896875e-01
3.28677500e-07,1.90903125e-01
3.28717500e-07,1.90896875e-01
3.28757500e-07,1.90903125e-01
3.28797500e-07,1.90896875e-01
3.28837500e-07,1.90903125e-01
3.28877500e-07,1.90896875e-01
3.28917500e-07,1.90903125e-01
3.28957500e-07,1.90896875e-01
3.28997500e-07,1.90903125e-01
3.29037500e-07,1.90898438e-01
3.29077500e-07,1.90901563e-01
3.29117500e-07,1.90898438e-01
3.29157500e-07,1.90901563e-01
3.29197500e-07,1.90898438e-01
3.29237500e-07,1.90901563e-01
3.29277500e-07,1.90898438e-01
3.29317500e-07,1.90901563e-01
3.29357500e-07,1.90898438e-01
3.29397500e-07,1.90901563e-01
3.29437500e-07,1.90898438e-01
3.29477500e-07,1.90901563e-01
3.29517500e-07,1.90900000e-01
3.29557500e-07,1.90900000e-01
3.29597500e-07,1.90900000e-01
3.29637500e-07,1.90900000e-01
3.29677500e-07,1.90900000e-01
3.29717500e-07,1.90900000e-01
3.29757500e-07,1.90900000e-01
3.29797500e-07,1.90900000e-01
3.29837500e-07,1.90901563e-01
3.29877500e-07,1.90898438e-01
3.29917500e-07,1.90901563e-01
3.29957500e-07,1.90898438e-01
3.29997500e-07,1.90901563e-01
3.30037500e-07,1.90896875e-01
3.30077500e-07,1.90903125e-01
3.30117500e-07,1.90896875e-01
3.30157500e-07,1.90904688e-01
3.30197500e-07,1.90895312e-01
3.30237500e-07,1.90906250e-01
3.30277500e-07,1.90893750e-01
3.30317500e-07,1.90907812e-01
3.30357500e-07,1.90890625e-01
3.30397500e-07,1.90912500e-01
3.30437500e-07,1.90884375e-01
3.30477500e-07,1.90920312e-01
3.30517500e-07,1.90868750e-01
3.30557500e-07,1.90956250e-01
3.30597500e-07,1.90690625e-01
3.30637500e-07,1.90448438e-01
3.30677500e-07,1.90526562e-01
3.30717500e-07,1.90482813e-01
3.30757500e-07,1.90510938e-01
3.30797500e-07,1.90493750e-01
3.30837500e-07,1.90501562e-01
3.30877500e-07,1.90503125e-01
3.30917500e-07,1.90490625e-01
3.30957500e-07,1.90518750e-01
3.30997500e-07,1.90454687e-01
3.31037500e-07,1.90698438e-01
3.31077500e-07,1.90962500e-01
3.31117500e-07,1.90860937e-01
3.31157500e-07,1.90928125e-01
3.31197500e-07,1.90876563e-01
3.31237500e-07,1.90920312e-01
3.31277500e-07,1.90882812e-01
3.31317500e-07,1.90915625e-01
3.31357500e-07,1.90885938e-01
3.31397500e-07,1.90912500e-01
3.31437500e-07,1.90889063e-01
3.31477500e-07,1.90909375e-01
3.31517500e-07,1.90892188e-01
3.31557500e-07,1.90904688e-01
3.31597500e-07,1.90898438e-01
3.31637500e-07,1.90896875e-01
3.31677500e-07,1.90912500e-01
3.31717500e-07,1.90862500e-01
3.31757500e-07,1.91090625e-01
3.31797500e-07,1.91371875e-01
3.31837500e-07,1.91250000e-01
3.31877500e-07,1.91340625e-01
3.31917500e-07,1.91262500e-01
3.31957500e-07,1.91335937e-01
3.31997500e-07,1.91264062e-01
3.32037500e-07,1.91337500e-01
3.32077500e-07,1.91259375e-01
3.32117500e-07,1.91350000e-01
3.32157500e-07,1.91225000e-01
3.32197500e-07,1.91528125e-01
3.32237500e-07,1.91734375e-01
3.32277500e-07,1.91689063e-01
3.32317500e-07,1.91700000e-01
3.32357500e-07,1.91704687e-01
3.32397500e-07,1.91690625e-01
3.32437500e-07,1.91712500e-01
3.32477500e-07,1.91684375e-01
3.32517500e-07,1.91718750e-01
3.32557500e-07,1.91675000e-01
3.32597500e-07,1.91735938e-01
3.32637500e-07,1.91639063e-01
3.32677500e-07,1.91914063e-01
3.32717500e-07,1.92146875e-01
3.32757500e-07,1.92076562e-01
3.32797500e-07,1.92112500e-01
3.32837500e-07,1.92092188e-01
3.32877500e-07,1.92104688e-01
3.32917500e-07,1.92098437e-01
3.32957500e-07,1.92100000e-01
3.32997500e-07,1.92101563e-01
3.33037500e-07,1.92096875e-01
3.33077500e-07,1.92104688e-01
3.33117500e-07,1.92092188e-01
3.33157500e-07,1.92109375e-01
3.33197500e-07,1.92089063e-01
3.33237500e-07,1.92115625e-01
3.33277500e-07,1.92079688e-01
3.33317500e-07,1.92129688e-01
3.33357500e-07,1.92043750e-01
3.33397500e-07,1.92309375e-01
3.33437500e-07,1.92553125e-01
3.33477500e-07,1.92470313e-01
3.33517500e-07,1.92518750e-01
3.33557500e-07,1.92485938e-01
3.33597500e-07,1.92510938e-01
3.33637500e-07,1.92490625e-01
3.33677500e-07,1.92507813e-01
3.33717500e-07,1.92493750e-01
3.33757500e-07,1.92504687e-01
3.33797500e-07,1.92495313e-01
3.33837500e-07,1.92503125e-01
3.33877500e-07,1.92496875e-01
3.33917500e-07,1.92503125e-01
3.33957500e-07,1.92498438e-01
3.33997500e-07,1.92501563e-01
3.34037500e-07,1.92498438e-01
3.34077500e-07,1.92501563e-01
3.34117500e-07,1.92500000e-01
3.34157500e-07,1.92500000e-01
3.34197500e-07,1.92500000e-01
3.34237500e-07,1.92500000e-01
3.34277500e-07,1.92500000e-01
3.34317500e-07,1.92500000e-01
3.34357500e-07,1.92501563e-01
3.34397500e-07,1.92498438e-01
3.34437500e-07,1.92501563e-01
3.34477500e-07,1.92498438e-01
3.34517500e-07,1.92501563e-01
3.34557500e-07,1.92496875e-01
3.34597500e-07,1.92503125e-01
3.34637500e-07,1.92496875e-01
3.34677500e-07,1.92503125e-01
3.34717500e-07,1.92495313e-01
3.34757500e-07,1.92504687e-01
3.34797500e-07,1.92493750e-01
3.34837500e-07,1.92506250e-01
3.34877500e-07,1.92492188e-01
3.34917500e-07,1.92510938e-01
3.34957500e-07,1.92485938e-01
3.34997500e-07,1.92518750e-01
3.35037500e-07,1.92471875e-01
3.35077500e-07,1.92553125e-01
3.35117500e-07,1.92295313e-01
3.35157500e-07,1.92042188e-01
3.35197500e-07,1.92134375e-01
3.35237500e-07,1.92075000e-01
3.35277500e-07,1.92120313e-01
3.35317500e-07,1.92082813e-01
3.35357500e-07,1.92117188e-01
3.35397500e-07,1.92082813e-01
3.35437500e-07,1.92117188e-01
3.35477500e-07,1.92081250e-01
3.35517500e-07,1.92123437e-01
3.35557500e-07,1.92067188e-01
3.35597500e-07,1.92156250e-01
3.35637500e-07,1.91890625e-01
3.35677500e-07,1.91645312e-01
3.35717500e-07,1.91731250e-01
3.35757500e-07,1.91678125e-01
3.35797500e-07,1.91718750e-01
3.35837500e-07,1.91684375e-01
3.35877500e-07,1.91715625e-01
3.35917500e-07,1.91684375e-01
3.35957500e-07,1.91717187e-01
3.35997500e-07,1.91681250e-01
