Model,MSO66B
Label,
Waveform Type,ANALOG
Horizontal Units,s
Sample Interval,4.00000000e-11
Record Length,10000
Zero Index,1599.03125000
Vertical Units,A
ANALOG_Thumbnail,
yOffset,1.84500000e-01
yPosition,8.40000000e-01

Labels,
TIME,CH1
-6.39612500e-08,1.88109375e-01
-6.39212500e-08,1.88092188e-01
-6.38812500e-08,1.88107812e-01
-6.38412500e-08,1.88093750e-01
-6.38012500e-08,1.88106250e-01
-6.37612500e-08,1.88093750e-01
-6.37212500e-08,1.88106250e-01
-6.36812500e-08,1.88095313e-01
-6.36412500e-08,1.88104688e-01
-6.36012500e-08,1.88095313e-01
-6.35612500e-08,1.88104688e-01
-6.35212500e-08,1.88095313e-01
-6.34812500e-08,1.88104688e-01
-6.34412500e-08,1.88095313e-01
-6.34012500e-08,1.88104688e-01
-6.33612500e-08,1.88095313e-01
-6.33212500e-08,1.88104688e-01
-6.32812500e-08,1.88095313e-01
-6.32412500e-08,1.88104688e-01
-6.32012500e-08,1.88095313e-01
-6.31612500e-08,1.88104688e-01
-6.31212500e-08,1.88096875e-01
-6.30812500e-08,1.88103125e-01
-6.30412500e-08,1.88096875e-01
-6.30012500e-08,1.88103125e-01
-6.29612500e-08,1.88096875e-01
-6.29212500e-08,1.88104688e-01
-6.28812500e-08,1.88095313e-01
-6.28412500e-08,1.88104688e-01
-6.28012500e-08,1.88095313e-01
-6.27612500e-08,1.88104688e-01
-6.27212500e-08,1.88095313e-01
-6.26812500e-08,1.88104688e-01
-6.26412500e-08,1.88095313e-01
-6.26012500e-08,1.88104688e-01
-6.25612500e-08,1.88095313e-01
-6.25212500e-08,1.88104688e-01
-6.24812500e-08,1.88095313e-01
-6.24412500e-08,1.88106250e-01
-6.24012500e-08,1.88093750e-01
-6.23612500e-08,1.88106250e-01
-6.23212500e-08,1.88093750e-01
-6.22812500e-08,1.88107812e-01
-6.22412500e-08,1.88092188e-01
-6.22012500e-08,1.88109375e-01
-6.21612500e-08,1.88090625e-01
-6.21212500e-08,1.88110938e-01
-6.20812500e-08,1.88085937e-01
-6.20412500e-08,1.88117188e-01
-6.20012500e-08,1.88078125e-01
-6.19612500e-08,1.88131250e-01
-6.19212500e-08,1.88043750e-01
-6.18812500e-08,1.88309375e-01
-6.18412500e-08,1.88553125e-01
-6.18012500e-08,1.88470313e-01
-6.17612500e-08,1.88520313e-01
-6.17212500e-08,1.88484375e-01
-6.16812500e-08,1.88512500e-01
-6.16412500e-08,1.88490625e-01
-6.16012500e-08,1.88507813e-01
-6.15612500e-08,1.88492188e-01
-6.15212500e-08,1.88506250e-01
-6.14812500e-08,1.88493750e-01
-6.14412500e-08,1.88504688e-01
-6.14012500e-08,1.88495313e-01
-6.13612500e-08,1.88504688e-01
-6.13212500e-08,1.88495313e-01
-6.12812500e-08,1.88503125e-01
-6.12412500e-08,1.88496875e-01
-6.12012500e-08,1.88503125e-01
-6.11612500e-08,1.88496875e-01
-6.11212500e-08,1.88503125e-01
-6.10812500e-08,1.88496875e-01
-6.10412500e-08,1.88503125e-01
-6.10012500e-08,1.88496875e-01
-6.09612500e-08,1.88501562e-01
-6.09212500e-08,1.88498438e-01
-6.08812500e-08,1.88501562e-01
-6.08412500e-08,1.88498438e-01
-6.08012500e-08,1.88501562e-01
-6.07612500e-08,1.88498438e-01
-6.07212500e-08,1.88501562e-01
-6.06812500e-08,1.88498438e-01
-6.06412500e-08,1.88501562e-01
-6.06012500e-08,1.88498438e-01
-6.05612500e-08,1.88501562e-01
-6.05212500e-08,1.88498438e-01
-6.04812500e-08,1.88501562e-01
-6.04412500e-08,1.88498438e-01
-6.04012500e-08,1.88501562e-01
-6.03612500e-08,1.88498438e-01
-6.03212500e-08,1.88501562e-01
-6.02812500e-08,1.88498438e-01
-6.02412500e-08,1.88501562e-01
-6.02012500e-08,1.88498438e-01
-6.01612500e-08,1.88501562e-01
-6.01212500e-08,1.88498438e-01
-6.00812500e-08,1.88501562e-01
-6.00412500e-08,1.88498438e-01
-6.00012500e-08,1.88501562e-01
-5.99612500e-08,1.88498438e-01
-5.99212500e-08,1.88501562e-01
-5.98812500e-08,1.88500000e-01
-5.98412500e-08,1.88500000e-01
-5.98012500e-08,1.88500000e-01
-5.97612500e-08,1.88500000e-01
-5.97212500e-08,1.88500000e-01
-5.96812500e-08,1.88500000e-01
-5.96412500e-08,1.88500000e-01
-5.96012500e-08,1.88500000e-01
-5.95612500e-08,1.88500000e-01
-5.95212500e-08,1.88500000e-01
-5.94812500e-08,1.88500000e-01
-5.94412500e-08,1.88500000e-01
-5.94012500e-08,1.88500000e-01
-5.93612500e-08,1.88500000e-01
-5.93212500e-08,1.88500000e-01
-5.92812500e-08,1.88500000e-01
-5.92412500e-08,1.88500000e-01
-5.92012500e-08,1.88500000e-01
-5.91612500e-08,1.88500000e-01
-5.91212500e-08,1.88500000e-01
-5.90812500e-08,1.88500000e-01
-5.90412500e-08,1.88500000e-01
-5.90012500e-08,1.88500000e-01
-5.89612500e-08,1.88500000e-01
-5.89212500e-08,1.88500000e-01
-5.88812500e-08,1.88500000e-01
-5.88412500e-08,1.88500000e-01
-5.88012500e-08,1.88498438e-01
-5.87612500e-08,1.88501562e-01
-5.87212500e-08,1.88498438e-01
-5.86812500e-08,1.88501562e-01
-5.86412500e-08,1.88498438e-01
-5.86012500e-08,1.88501562e-01
-5.85612500e-08,1.88498438e-01
-5.85212500e-08,1.88503125e-01
-5.84812500e-08,1.88496875e-01
-5.84412500e-08,1.88503125e-01
-5.84012500e-08,1.88495313e-01
-5.83612500e-08,1.88504688e-01
-5.83212500e-08,1.88493750e-01
-5.82812500e-08,1.88507813e-01
-5.82412500e-08,1.88490625e-01
-5.82012500e-08,1.88512500e-01
-5.81612500e-08,1.88482813e-01
-5.81212500e-08,1.88526562e-01
-5.80812500e-08,1.88448438e-01
-5.80412500e-08,1.88704687e-01
-5.80012500e-08,1.88957813e-01
-5.79612500e-08,1.88865625e-01
-5.79212500e-08,1.88925000e-01
-5.78812500e-08,1.88879688e-01
-5.78412500e-08,1.88918750e-01
-5.78012500e-08,1.88882812e-01
-5.77612500e-08,1.88915625e-01
-5.77212500e-08,1.88884375e-01
-5.76812500e-08,1.88915625e-01
-5.76412500e-08,1.88884375e-01
-5.76012500e-08,1.88915625e-01
-5.75612500e-08,1.88882812e-01
-5.75212500e-08,1.88920313e-01
-5.74812500e-08,1.88875000e-01
-5.74412500e-08,1.88934375e-01
-5.74012500e-08,1.88840625e-01
-5.73612500e-08,1.89112500e-01
-5.73212500e-08,1.89350000e-01
-5.72812500e-08,1.89273438e-01
-5.72412500e-08,1.89317188e-01
-5.72012500e-08,1.89287500e-01
-5.71612500e-08,1.89310937e-01
-5.71212500e-08,1.89292188e-01
-5.70812500e-08,1.89307813e-01
-5.70412500e-08,1.89293750e-01
-5.70012500e-08,1.89306250e-01
-5.69612500e-08,1.89295313e-01
-5.69212500e-08,1.89304688e-01
-5.68812500e-08,1.89295313e-01
-5.68412500e-08,1.89304688e-01
-5.68012500e-08,1.89295313e-01
-5.67612500e-08,1.89304688e-01
-5.67212500e-08,1.89295313e-01
-5.66812500e-08,1.89304688e-01
-5.66412500e-08,1.89293750e-01
-5.66012500e-08,1.89306250e-01
-5.65612500e-08,1.89293750e-01
-5.65212500e-08,1.89307813e-01
-5.64812500e-08,1.89290625e-01
-5.64412500e-08,1.89310937e-01
-5.64012500e-08,1.89285938e-01
-5.63612500e-08,1.89318750e-01
-5.63212500e-08,1.89271875e-01
-5.62812500e-08,1.89353125e-01
-5.62412500e-08,1.89093750e-01
-5.62012500e-08,1.88843750e-01
-5.61612500e-08,1.88932813e-01
-5.61212500e-08,1.88876563e-01
-5.60812500e-08,1.88918750e-01
-5.60412500e-08,1.88884375e-01
-5.60012500e-08,1.88914063e-01
-5.59612500e-08,1.88887500e-01
-5.59212500e-08,1.88910938e-01
-5.58812500e-08,1.88889063e-01
-5.58412500e-08,1.88910938e-01
-5.58012500e-08,1.88889063e-01
-5.57612500e-08,1.88910938e-01
-5.57212500e-08,1.88889063e-01
-5.56812500e-08,1.88910938e-01
-5.56412500e-08,1.88889063e-01
-5.56012500e-08,1.88912500e-01
-5.55612500e-08,1.88885938e-01
-5.55212500e-08,1.88915625e-01
-5.54812500e-08,1.88882812e-01
-5.54412500e-08,1.88921875e-01
-5.54012500e-08,1.88868750e-01
-5.53612500e-08,1.88956250e-01
-5.53212500e-08,1.88690625e-01
-5.52812500e-08,1.88446875e-01
-5.52412500e-08,1.88529688e-01
-5.52012500e-08,1.88479687e-01
-5.51612500e-08,1.88517188e-01
-5.51212500e-08,1.88485938e-01
-5.50812500e-08,1.88512500e-01
-5.50412500e-08,1.88487500e-01
-5.50012500e-08,1.88512500e-01
-5.49612500e-08,1.88487500e-01
-5.49212500e-08,1.88514062e-01
-5.48812500e-08,1.88482813e-01
-5.48412500e-08,1.88520313e-01
-5.48012500e-08,1.88470313e-01
-5.47612500e-08,1.88554688e-01
-5.47212500e-08,1.88292188e-01
-5.46812500e-08,1.88045313e-01
-5.46412500e-08,1.88131250e-01
-5.46012500e-08,1.88078125e-01
-5.45612500e-08,1.88118750e-01
-5.45212500e-08,1.88084375e-01
-5.44812500e-08,1.88114063e-01
-5.44412500e-08,1.88087500e-01
-5.44012500e-08,1.88112500e-01
-5.43612500e-08,1.88089063e-01
-5.43212500e-08,1.88110938e-01
-5.42812500e-08,1.88089063e-01
-5.42412500e-08,1.88112500e-01
-5.42012500e-08,1.88087500e-01
-5.41612500e-08,1.88114063e-01
-5.41212500e-08,1.88084375e-01
-5.40812500e-08,1.88117188e-01
-5.40412500e-08,1.88078125e-01
-5.40012500e-08,1.88131250e-01
-5.39612500e-08,1.88043750e-01
-5.39212500e-08,1.88309375e-01
-5.38812500e-08,1.88554688e-01
-5.38412500e-08,1.88468750e-01
-5.38012500e-08,1.88521875e-01
-5.37612500e-08,1.88481250e-01
-5.37212500e-08,1.88517188e-01
-5.36812500e-08,1.88482813e-01
-5.36412500e-08,1.88518750e-01
-5.36012500e-08,1.88478125e-01
-5.35612500e-08,1.88529688e-01
-5.35212500e-08,1.88445313e-01
-5.34812500e-08,1.88706250e-01
-5.34412500e-08,1.88956250e-01
-5.34012500e-08,1.88865625e-01
-5.33612500e-08,1.88926563e-01
-5.33212500e-08,1.88878125e-01
-5.32812500e-08,1.88920313e-01
-5.32412500e-08,1.88879688e-01
-5.32012500e-08,1.88921875e-01
-5.31612500e-08,1.88873438e-01
-5.31212500e-08,1.88935938e-01
-5.30812500e-08,1.88840625e-01
-5.30412500e-08,1.89112500e-01
-5.30012500e-08,1.89351563e-01
-5.29612500e-08,1.89271875e-01
-5.29212500e-08,1.89318750e-01
-5.28812500e-08,1.89285938e-01
-5.28412500e-08,1.89312500e-01
-5.28012500e-08,1.89289062e-01
-5.27612500e-08,1.89309375e-01
-5.27212500e-08,1.89290625e-01
-5.26812500e-08,1.89309375e-01
-5.26412500e-08,1.89289062e-01
-5.26012500e-08,1.89312500e-01
-5.25612500e-08,1.89284375e-01
-5.25212500e-08,1.89320313e-01
-5.24812500e-08,1.89270313e-01
-5.24412500e-08,1.89353125e-01
-5.24012500e-08,1.89093750e-01
-5.23612500e-08,1.88843750e-01
-5.23212500e-08,1.88932813e-01
-5.22812500e-08,1.88876563e-01
-5.22412500e-08,1.88918750e-01
-5.22012500e-08,1.88884375e-01
-5.21612500e-08,1.88914063e-01
-5.21212500e-08,1.88887500e-01
-5.20812500e-08,1.88912500e-01
-5.20412500e-08,1.88889063e-01
-5.20012500e-08,1.88910938e-01
-5.19612500e-08,1.88889063e-01
-5.19212500e-08,1.88909375e-01
-5.18812500e-08,1.88890625e-01
-5.18412500e-08,1.88909375e-01
-5.18012500e-08,1.88890625e-01
-5.17612500e-08,1.88909375e-01
-5.17212500e-08,1.88890625e-01
-5.16812500e-08,1.88909375e-01
-5.16412500e-08,1.88890625e-01
-5.16012500e-08,1.88909375e-01
-5.15612500e-08,1.88890625e-01
-5.15212500e-08,1.88909375e-01
-5.14812500e-08,1.88889063e-01
-5.14412500e-08,1.88910938e-01
-5.14012500e-08,1.88889063e-01
-5.13612500e-08,1.88910938e-01
-5.13212500e-08,1.88887500e-01
-5.12812500e-08,1.88912500e-01
-5.12412500e-08,1.88887500e-01
-5.12012500e-08,1.88914063e-01
-5.11612500e-08,1.88885938e-01
-5.11212500e-08,1.88915625e-01
-5.10812500e-08,1.88882812e-01
-5.10412500e-08,1.88918750e-01
-5.10012500e-08,1.88879688e-01
-5.09612500e-08,1.88925000e-01
-5.09212500e-08,1.88870312e-01
-5.08812500e-08,1.88939063e-01
-5.08412500e-08,1.88834375e-01
-5.08012500e-08,1.89118750e-01
-5.07612500e-08,1.89343750e-01
-5.07212500e-08,1.89281250e-01
-5.06812500e-08,1.89307813e-01
-5.06412500e-08,1.89296875e-01
-5.06012500e-08,1.89298437e-01
-5.05612500e-08,1.89306250e-01
-5.05212500e-08,1.89290625e-01
-5.04812500e-08,1.89314063e-01
-5.04412500e-08,1.89279688e-01
-5.04012500e-08,1.89331250e-01
-5.03612500e-08,1.89243750e-01
-5.03212500e-08,1.89510938e-01
-5.02812500e-08,1.89750000e-01
-5.02412500e-08,1.89673438e-01
-5.02012500e-08,1.89715625e-01
-5.01612500e-08,1.89690625e-01
-5.01212500e-08,1.89704687e-01
-5.00812500e-08,1.89698438e-01
-5.00412500e-08,1.89696875e-01
-5.00012500e-08,1.89706250e-01
-4.99612500e-08,1.89687500e-01
-4.99212500e-08,1.89723438e-01
-4.98812500e-08,1.89650000e-01
-4.98412500e-08,1.89903125e-01
-4.98012500e-08,1.90159375e-01
-4.97612500e-08,1.90065625e-01
-4.97212500e-08,1.90125000e-01
-4.96812500e-08,1.90081250e-01
-4.96412500e-08,1.90115625e-01
-4.96012500e-08,1.90085937e-01
-4.95612500e-08,1.90110938e-01
-4.95212500e-08,1.90090625e-01
-4.94812500e-08,1.90109375e-01
-4.94412500e-08,1.90092188e-01
-4.94012500e-08,1.90107813e-01
-4.93612500e-08,1.90093750e-01
-4.93212500e-08,1.90106250e-01
-4.92812500e-08,1.90095313e-01
-4.92412500e-08,1.90104688e-01
-4.92012500e-08,1.90095313e-01
-4.91612500e-08,1.90103125e-01
-4.91212500e-08,1.90096875e-01
-4.90812500e-08,1.90103125e-01
-4.90412500e-08,1.90096875e-01
-4.90012500e-08,1.90101563e-01
-4.89612500e-08,1.90098437e-01
-4.89212500e-08,1.90101563e-01
-4.88812500e-08,1.90100000e-01
-4.88412500e-08,1.90100000e-01
-4.88012500e-08,1.90100000e-01
-4.87612500e-08,1.90098437e-01
-4.87212500e-08,1.90101563e-01
-4.86812500e-08,1.90098437e-01
-4.86412500e-08,1.90103125e-01
-4.86012500e-08,1.90095313e-01
-4.85612500e-08,1.90104688e-01
-4.85212500e-08,1.90093750e-01
-4.84812500e-08,1.90109375e-01
-4.84412500e-08,1.90087500e-01
-4.84012500e-08,1.90117188e-01
-4.83612500e-08,1.90073437e-01
-4.83212500e-08,1.90151563e-01
-4.82812500e-08,1.89893750e-01
-4.82412500e-08,1.89643750e-01
-4.82012500e-08,1.89732813e-01
-4.81612500e-08,1.89676563e-01
-4.81212500e-08,1.89718750e-01
-4.80812500e-08,1.89684375e-01
-4.80412500e-08,1.89712500e-01
-4.80012500e-08,1.89689063e-01
-4.79612500e-08,1.89709375e-01
-4.79212500e-08,1.89690625e-01
-4.78812500e-08,1.89707813e-01
-4.78412500e-08,1.89692187e-01
-4.78012500e-08,1.89707813e-01
-4.77612500e-08,1.89693750e-01
-4.77212500e-08,1.89706250e-01
-4.76812500e-08,1.89693750e-01
-4.76412500e-08,1.89706250e-01
-4.76012500e-08,1.89695313e-01
-4.75612500e-08,1.89704687e-01
-4.75212500e-08,1.89695313e-01
-4.74812500e-08,1.89704687e-01
-4.74412500e-08,1.89695313e-01
-4.74012500e-08,1.89703125e-01
-4.73612500e-08,1.89696875e-01
-4.73212500e-08,1.89703125e-01
-4.72812500e-08,1.89696875e-01
-4.72412500e-08,1.89703125e-01
-4.72012500e-08,1.89696875e-01
-4.71612500e-08,1.89701563e-01
-4.71212500e-08,1.89698438e-01
-4.70812500e-08,1.89701563e-01
-4.70412500e-08,1.89698438e-01
-4.70012500e-08,1.89700000e-01
-4.69612500e-08,1.89700000e-01
-4.69212500e-08,1.89700000e-01
-4.68812500e-08,1.89701563e-01
-4.68412500e-08,1.89696875e-01
-4.68012500e-08,1.89703125e-01
-4.67612500e-08,1.89693750e-01
-4.67212500e-08,1.89707813e-01
-4.66812500e-08,1.89685938e-01
-4.66412500e-08,1.89723438e-01
-4.66012500e-08,1.89653125e-01
-4.65612500e-08,1.89900000e-01
-4.65212500e-08,1.90162500e-01
-4.64812500e-08,1.90060937e-01
-4.64412500e-08,1.90131250e-01
-4.64012500e-08,1.90073437e-01
-4.63612500e-08,1.90125000e-01
-4.63212500e-08,1.90075000e-01
-4.62812500e-08,1.90126563e-01
-4.62412500e-08,1.90068750e-01
-4.62012500e-08,1.90139063e-01
-4.61612500e-08,1.90035938e-01
-4.61212500e-08,1.90315625e-01
-4.60812500e-08,1.90546875e-01
-4.60412500e-08,1.90476563e-01
-4.60012500e-08,1.90514062e-01
-4.59612500e-08,1.90490625e-01
-4.59212500e-08,1.90507813e-01
-4.58812500e-08,1.90495313e-01
-4.58412500e-08,1.90504688e-01
-4.58012500e-08,1.90496875e-01
-4.57612500e-08,1.90503125e-01
-4.57212500e-08,1.90496875e-01
-4.56812500e-08,1.90501562e-01
-4.56412500e-08,1.90498438e-01
-4.56012500e-08,1.90501562e-01
-4.55612500e-08,1.90498438e-01
-4.55212500e-08,1.90501562e-01
-4.54812500e-08,1.90498438e-01
-4.54412500e-08,1.90501562e-01
-4.54012500e-08,1.90498438e-01
-4.53612500e-08,1.90501562e-01
-4.53212500e-08,1.90498438e-01
-4.52812500e-08,1.90501562e-01
-4.52412500e-08,1.90498438e-01
-4.52012500e-08,1.90501562e-01
-4.51612500e-08,1.90496875e-01
-4.51212500e-08,1.90503125e-01
-4.50812500e-08,1.90496875e-01
-4.50412500e-08,1.90503125e-01
-4.50012500e-08,1.90495313e-01
-4.49612500e-08,1.90506250e-01
-4.49212500e-08,1.90493750e-01
-4.48812500e-08,1.90509375e-01
-4.48412500e-08,1.90487500e-01
-4.48012500e-08,1.90517188e-01
-4.47612500e-08,1.90473438e-01
-4.47212500e-08,1.90550000e-01
-4.46812500e-08,1.90296875e-01
-4.46412500e-08,1.90040625e-01
-4.46012500e-08,1.90135938e-01
-4.45612500e-08,1.90071875e-01
-4.45212500e-08,1.90123438e-01
-4.44812500e-08,1.90078125e-01
-4.44412500e-08,1.90121875e-01
-4.44012500e-08,1.90076563e-01
-4.43612500e-08,1.90126563e-01
-4.43212500e-08,1.90064063e-01
-4.42812500e-08,1.90159375e-01
-4.42412500e-08,1.89889063e-01
-4.42012500e-08,1.89648438e-01
-4.41612500e-08,1.89728125e-01
-4.41212500e-08,1.89679687e-01
-4.40812500e-08,1.89715625e-01
-4.40412500e-08,1.89685938e-01
-4.40012500e-08,1.89714063e-01
-4.39612500e-08,1.89685938e-01
-4.39212500e-08,1.89715625e-01
-4.38812500e-08,1.89682813e-01
-4.38412500e-08,1.89721875e-01
-4.38012500e-08,1.89668750e-01
-4.37612500e-08,1.89756250e-01
-4.37212500e-08,1.89490625e-01
-4.36812500e-08,1.89246875e-01
-4.36412500e-08,1.89329688e-01
-4.36012500e-08,1.89279688e-01
-4.35612500e-08,1.89315625e-01
-4.35212500e-08,1.89287500e-01
-4.34812500e-08,1.89310937e-01
-4.34412500e-08,1.89290625e-01
-4.34012500e-08,1.89309375e-01
-4.33612500e-08,1.89292188e-01
-4.33212500e-08,1.89307813e-01
-4.32812500e-08,1.89293750e-01
-4.32412500e-08,1.89306250e-01
-4.32012500e-08,1.89293750e-01
-4.31612500e-08,1.89306250e-01
-4.31212500e-08,1.89295313e-01
-4.30812500e-08,1.89304688e-01
-4.30412500e-08,1.89295313e-01
-4.30012500e-08,1.89304688e-01
-4.29612500e-08,1.89295313e-01
-4.29212500e-08,1.89304688e-01
-4.28812500e-08,1.89295313e-01
-4.28412500e-08,1.89304688e-01
-4.28012500e-08,1.89295313e-01
-4.27612500e-08,1.89304688e-01
-4.27212500e-08,1.89296875e-01
-4.26812500e-08,1.89303125e-01
-4.26412500e-08,1.89296875e-01
-4.26012500e-08,1.89303125e-01
-4.25612500e-08,1.89296875e-01
-4.25212500e-08,1.89303125e-01
-4.24812500e-08,1.89296875e-01
-4.24412500e-08,1.89303125e-01
-4.24012500e-08,1.89296875e-01
-4.23612500e-08,1.89303125e-01
-4.23212500e-08,1.89296875e-01
-4.22812500e-08,1.89303125e-01
-4.22412500e-08,1.89296875e-01
-4.22012500e-08,1.89303125e-01
-4.21612500e-08,1.89296875e-01
-4.21212500e-08,1.89303125e-01
-4.20812500e-08,1.89298437e-01
-4.20412500e-08,1.89303125e-01
-4.20012500e-08,1.89298437e-01
-4.19612500e-08,1.89301563e-01
-4.19212500e-08,1.89298437e-01
-4.18812500e-08,1.89301563e-01
-4.18412500e-08,1.89298437e-01
-4.18012500e-08,1.89301563e-01
-4.17612500e-08,1.89298437e-01
-4.17212500e-08,1.89301563e-01
-4.16812500e-08,1.89298437e-01
-4.16412500e-08,1.89300000e-01
-4.16012500e-08,1.89300000e-01
-4.15612500e-08,1.89300000e-01
-4.15212500e-08,1.89300000e-01
-4.14812500e-08,1.89298437e-01
-4.14412500e-08,1.89301563e-01
-4.14012500e-08,1.89298437e-01
-4.13612500e-08,1.89303125e-01
-4.13212500e-08,1.89295313e-01
-4.12812500e-08,1.89306250e-01
-4.12412500e-08,1.89292188e-01
-4.12012500e-08,1.89310937e-01
-4.11612500e-08,1.89284375e-01
-4.11212500e-08,1.89325000e-01
-4.10812500e-08,1.89250000e-01
-4.10412500e-08,1.89503125e-01
-4.10012500e-08,1.89759375e-01
-4.09612500e-08,1.89664063e-01
-4.09212500e-08,1.89726563e-01
-4.08812500e-08,1.89678125e-01
-4.08412500e-08,1.89718750e-01
-4.08012500e-08,1.89684375e-01
-4.07612500e-08,1.89715625e-01
-4.07212500e-08,1.89685938e-01
-4.06812500e-08,1.89712500e-01
-4.06412500e-08,1.89687500e-01
-4.06012500e-08,1.89712500e-01
-4.05612500e-08,1.89687500e-01
-4.05212500e-08,1.89710938e-01
-4.04812500e-08,1.89689063e-01
-4.04412500e-08,1.89710938e-01
-4.04012500e-08,1.89689063e-01
-4.03612500e-08,1.89710938e-01
-4.03212500e-08,1.89689063e-01
-4.02812500e-08,1.89712500e-01
-4.02412500e-08,1.89687500e-01
-4.02012500e-08,1.89712500e-01
-4.01612500e-08,1.89685938e-01
-4.01212500e-08,1.89714063e-01
-4.00812500e-08,1.89684375e-01
-4.00412500e-08,1.89717187e-01
-4.00012500e-08,1.89679687e-01
-3.99612500e-08,1.89725000e-01
-3.99212500e-08,1.89665625e-01
-3.98812500e-08,1.89759375e-01
-3.98412500e-08,1.89487500e-01
-3.98012500e-08,1.89250000e-01
-3.97612500e-08,1.89326563e-01
-3.97212500e-08,1.89281250e-01
-3.96812500e-08,1.89314063e-01
-3.96412500e-08,1.89287500e-01
-3.96012500e-08,1.89310937e-01
-3.95612500e-08,1.89289062e-01
-3.95212500e-08,1.89310937e-01
-3.94812500e-08,1.89285938e-01
-3.94412500e-08,1.89317188e-01
-3.94012500e-08,1.89273438e-01
-3.93612500e-08,1.89350000e-01
-3.93212500e-08,1.89096875e-01
-3.92812500e-08,1.88840625e-01
-3.92412500e-08,1.88935938e-01
-3.92012500e-08,1.88871875e-01
-3.91612500e-08,1.88923438e-01
-3.91212500e-08,1.88878125e-01
-3.90812500e-08,1.88920313e-01
-3.90412500e-08,1.88879688e-01
-3.90012500e-08,1.88920313e-01
-3.89612500e-08,1.88879688e-01
-3.89212500e-08,1.88921875e-01
-3.88812500e-08,1.88875000e-01
-3.88412500e-08,1.88929687e-01
-3.88012500e-08,1.88860938e-01
-3.87612500e-08,1.88964063e-01
-3.87212500e-08,1.88682813e-01
-3.86812500e-08,1.88454687e-01
-3.86412500e-08,1.88521875e-01
-3.86012500e-08,1.88487500e-01
-3.85612500e-08,1.88507813e-01
-3.85212500e-08,1.88495313e-01
-3.84812500e-08,1.88501562e-01
-3.84412500e-08,1.88500000e-01
-3.84012500e-08,1.88500000e-01
-3.83612500e-08,1.88501562e-01
-3.83212500e-08,1.88498438e-01
-3.82812500e-08,1.88503125e-01
-3.82412500e-08,1.88496875e-01
-3.82012500e-08,1.88504688e-01
-3.81612500e-08,1.88495313e-01
-3.81212500e-08,1.88504688e-01
-3.80812500e-08,1.88493750e-01
-3.80412500e-08,1.88506250e-01
-3.80012500e-08,1.88493750e-01
-3.79612500e-08,1.88507813e-01
-3.79212500e-08,1.88492188e-01
-3.78812500e-08,1.88509375e-01
-3.78412500e-08,1.88490625e-01
-3.78012500e-08,1.88510938e-01
-3.77612500e-08,1.88489062e-01
-3.77212500e-08,1.88512500e-01
-3.76812500e-08,1.88485938e-01
-3.76412500e-08,1.88517188e-01
-3.76012500e-08,1.88479687e-01
-3.75612500e-08,1.88525000e-01
-3.75212500e-08,1.88464063e-01
-3.74812500e-08,1.88560937e-01
-3.74412500e-08,1.88285938e-01
-3.74012500e-08,1.88051563e-01
-3.73612500e-08,1.88123438e-01
-3.73212500e-08,1.88085937e-01
-3.72812500e-08,1.88109375e-01
-3.72412500e-08,1.88095313e-01
-3.72012500e-08,1.88103125e-01
-3.71612500e-08,1.88100000e-01
-3.71212500e-08,1.88098437e-01
-3.70812500e-08,1.88103125e-01
-3.70412500e-08,1.88093750e-01
-3.70012500e-08,1.88109375e-01
-3.69612500e-08,1.88087500e-01
-3.69212500e-08,1.88118750e-01
-3.68812500e-08,1.88071875e-01
-3.68412500e-08,1.88153125e-01
-3.68012500e-08,1.87893750e-01
-3.67612500e-08,1.87645312e-01
-3.67212500e-08,1.87731250e-01
-3.66812500e-08,1.87678125e-01
-3.66412500e-08,1.87715625e-01
-3.66012500e-08,1.87687500e-01
-3.65612500e-08,1.87710938e-01
-3.65212500e-08,1.87690625e-01
-3.64812500e-08,1.87707813e-01
-3.64412500e-08,1.87693750e-01
-3.64012500e-08,1.87706250e-01
-3.63612500e-08,1.87695313e-01
-3.63212500e-08,1.87704687e-01
-3.62812500e-08,1.87695313e-01
-3.62412500e-08,1.87703125e-01
-3.62012500e-08,1.87696875e-01
-3.61612500e-08,1.87703125e-01
-3.61212500e-08,1.87698438e-01
-3.60812500e-08,1.87701563e-01
-3.60412500e-08,1.87698438e-01
-3.60012500e-08,1.87701563e-01
-3.59612500e-08,1.87698438e-01
-3.59212500e-08,1.87700000e-01
-3.58812500e-08,1.87700000e-01
-3.58412500e-08,1.87700000e-01
-3.58012500e-08,1.87701563e-01
-3.57612500e-08,1.87698438e-01
-3.57212500e-08,1.87701563e-01
-3.56812500e-08,1.87696875e-01
-3.56412500e-08,1.87703125e-01
-3.56012500e-08,1.87695313e-01
-3.55612500e-08,1.87704687e-01
-3.55212500e-08,1.87693750e-01
-3.54812500e-08,1.87707813e-01
-3.54412500e-08,1.87689063e-01
-3.54012500e-08,1.87717187e-01
-3.53612500e-08,1.87673438e-01
-3.53212500e-08,1.87751562e-01
-3.52812500e-08,1.87496875e-01
-3.52412500e-08,1.87240625e-01
-3.52012500e-08,1.87335937e-01
-3.51612500e-08,1.87273438e-01
-3.51212500e-08,1.87321875e-01
-3.50812500e-08,1.87279688e-01
-3.50412500e-08,1.87318750e-01
-3.50012500e-08,1.87281250e-01
-3.49612500e-08,1.87320313e-01
-3.49212500e-08,1.87278125e-01
-3.48812500e-08,1.87326563e-01
-3.48412500e-08,1.87265625e-01
-3.48012500e-08,1.87359375e-01
-3.47612500e-08,1.87087500e-01
-3.47212500e-08,1.86848438e-01
-3.46812500e-08,1.86928125e-01
-3.46412500e-08,1.86881250e-01
-3.46012500e-08,1.86914063e-01
-3.45612500e-08,1.86889063e-01
-3.45212500e-08,1.86909375e-01
-3.44812500e-08,1.86892188e-01
-3.44412500e-08,1.86907812e-01
-3.44012500e-08,1.86892188e-01
-3.43612500e-08,1.86906250e-01
-3.43212500e-08,1.86893750e-01
-3.42812500e-08,1.86906250e-01
-3.42412500e-08,1.86893750e-01
-3.42012500e-08,1.86906250e-01
-3.41612500e-08,1.86893750e-01
-3.41212500e-08,1.86907812e-01
-3.40812500e-08,1.86892188e-01
-3.40412500e-08,1.86907812e-01
-3.40012500e-08,1.86890625e-01
-3.39612500e-08,1.86910938e-01
-3.39212500e-08,1.86887500e-01
-3.38812500e-08,1.86915625e-01
-3.38412500e-08,1.86879688e-01
-3.38012500e-08,1.86929687e-01
-3.37612500e-08,1.86845312e-01
-3.37212500e-08,1.87106250e-01
-3.36812500e-08,1.87356250e-01
-3.36412500e-08,1.87267188e-01
-3.36012500e-08,1.87323437e-01
-3.35612500e-08,1.87279688e-01
-3.35212500e-08,1.87318750e-01
-3.34812500e-08,1.87281250e-01
-3.34412500e-08,1.87320313e-01
-3.34012500e-08,1.87276563e-01
-3.33612500e-08,1.87331250e-01
-3.33212500e-08,1.87243750e-01
-3.32812500e-08,1.87507813e-01
-3.32412500e-08,1.87754688e-01
-3.32012500e-08,1.87667187e-01
-3.31612500e-08,1.87723438e-01
-3.31212500e-08,1.87679687e-01
-3.30812500e-08,1.87718750e-01
-3.30412500e-08,1.87682813e-01
-3.30012500e-08,1.87717187e-01
-3.29612500e-08,1.87681250e-01
-3.29212500e-08,1.87721875e-01
-3.28812500e-08,1.87673438e-01
-3.28412500e-08,1.87734375e-01
-3.28012500e-08,1.87640625e-01
-3.27612500e-08,1.87912500e-01
-3.27212500e-08,1.88150000e-01
-3.26812500e-08,1.88073437e-01
-3.26412500e-08,1.88117188e-01
-3.26012500e-08,1.88087500e-01
-3.25612500e-08,1.88109375e-01
-3.25212500e-08,1.88092188e-01
-3.24812500e-08,1.88106250e-01
-3.24412500e-08,1.88095313e-01
-3.24012500e-08,1.88103125e-01
-3.23612500e-08,1.88096875e-01
-3.23212500e-08,1.88103125e-01
-3.22812500e-08,1.88098437e-01
-3.22412500e-08,1.88101563e-01
-3.22012500e-08,1.88098437e-01
-3.21612500e-08,1.88101563e-01
-3.21212500e-08,1.88100000e-01
-3.20812500e-08,1.88100000e-01
-3.20412500e-08,1.88100000e-01
-3.20012500e-08,1.88100000e-01
-3.19612500e-08,1.88100000e-01
-3.19212500e-08,1.88098437e-01
-3.18812500e-08,1.88101563e-01
-3.18412500e-08,1.88098437e-01
-3.18012500e-08,1.88101563e-01
-3.17612500e-08,1.88098437e-01
-3.17212500e-08,1.88101563e-01
-3.16812500e-08,1.88096875e-01
-3.16412500e-08,1.88103125e-01
-3.16012500e-08,1.88096875e-01
-3.15612500e-08,1.88103125e-01
-3.15212500e-08,1.88095313e-01
-3.14812500e-08,1.88104688e-01
-3.14412500e-08,1.88095313e-01
-3.14012500e-08,1.88106250e-01
-3.13612500e-08,1.88093750e-01
-3.13212500e-08,1.88107812e-01
-3.12812500e-08,1.88092188e-01
-3.12412500e-08,1.88109375e-01
-3.12012500e-08,1.88087500e-01
-3.11612500e-08,1.88115625e-01
-3.11212500e-08,1.88079688e-01
-3.10812500e-08,1.88129688e-01
-3.10412500e-08,1.88045313e-01
-3.10012500e-08,1.88307813e-01
-3.09612500e-08,1.88553125e-01
-3.09212500e-08,1.88470313e-01
-3.08812500e-08,1.88520313e-01
-3.08412500e-08,1.88484375e-01
-3.08012500e-08,1.88512500e-01
-3.07612500e-08,1.88489062e-01
-3.07212500e-08,1.88509375e-01
-3.06812500e-08,1.88492188e-01
-3.06412500e-08,1.88506250e-01
-3.06012500e-08,1.88493750e-01
-3.05612500e-08,1.88504688e-01
-3.05212500e-08,1.88495313e-01
-3.04812500e-08,1.88504688e-01
-3.04412500e-08,1.88496875e-01
-3.04012500e-08,1.88503125e-01
-3.03612500e-08,1.88496875e-01
-3.03212500e-08,1.88503125e-01
-3.02812500e-08,1.88498438e-01
-3.02412500e-08,1.88501562e-01
-3.02012500e-08,1.88498438e-01
-3.01612500e-08,1.88501562e-01
-3.01212500e-08,1.88498438e-01
-3.00812500e-08,1.88500000e-01
-3.00412500e-08,1.88500000e-01
-3.00012500e-08,1.88500000e-01
-2.99612500e-08,1.88500000e-01
-2.99212500e-08,1.88498438e-01
-2.98812500e-08,1.88501562e-01
-2.98412500e-08,1.88496875e-01
-2.98012500e-08,1.88504688e-01
-2.97612500e-08,1.88493750e-01
-2.97212500e-08,1.88509375e-01
-2.96812500e-08,1.88485938e-01
-2.96412500e-08,1.88523438e-01
-2.96012500e-08,1.88453125e-01
-2.95612500e-08,1.88698438e-01
-2.95212500e-08,1.88964063e-01
-2.94812500e-08,1.88857812e-01
-2.94412500e-08,1.88934375e-01
-2.94012500e-08,1.88867188e-01
-2.93612500e-08,1.88934375e-01
-2.93212500e-08,1.88857812e-01
-2.92812500e-08,1.88965625e-01
-2.92412500e-08,1.88682813e-01
-2.92012500e-08,1.88454687e-01
-2.91612500e-08,1.88521875e-01
-2.91212500e-08,1.88487500e-01
-2.90812500e-08,1.88507813e-01
-2.90412500e-08,1.88495313e-01
-2.90012500e-08,1.88503125e-01
-2.89612500e-08,1.88498438e-01
-2.89212500e-08,1.88500000e-01
-2.88812500e-08,1.88501562e-01
-2.88412500e-08,1.88496875e-01
-2.88012500e-08,1.88504688e-01
-2.87612500e-08,1.88492188e-01
-2.87212500e-08,1.88512500e-01
-2.86812500e-08,1.88478125e-01
-2.86412500e-08,1.88546875e-01
-2.86012500e-08,1.88300000e-01
-2.85612500e-08,1.88037500e-01
-2.85212500e-08,1.88140625e-01
-2.84812500e-08,1.88068750e-01
-2.84412500e-08,1.88128125e-01
-2.84012500e-08,1.88073437e-01
-2.83612500e-08,1.88126563e-01
-2.83212500e-08,1.88071875e-01
-2.82812500e-08,1.88131250e-01
-2.82412500e-08,1.88059375e-01
-2.82012500e-08,1.88165625e-01
-2.81612500e-08,1.87882812e-01
-2.81212500e-08,1.87654688e-01
-2.80812500e-08,1.87721875e-01
-2.80412500e-08,1.87687500e-01
-2.80012500e-08,1.87707813e-01
-2.79612500e-08,1.87695313e-01
-2.79212500e-08,1.87701563e-01
-2.78812500e-08,1.87698438e-01
-2.78412500e-08,1.87700000e-01
-2.78012500e-08,1.87701563e-01
-2.77612500e-08,1.87698438e-01
-2.77212500e-08,1.87703125e-01
-2.76812500e-08,1.87696875e-01
-2.76412500e-08,1.87704687e-01
-2.76012500e-08,1.87695313e-01
-2.75612500e-08,1.87706250e-01
-2.75212500e-08,1.87693750e-01
-2.74812500e-08,1.87707813e-01
-2.74412500e-08,1.87692187e-01
-2.74012500e-08,1.87709375e-01
-2.73612500e-08,1.87689063e-01
-2.73212500e-08,1.87712500e-01
-2.72812500e-08,1.87685938e-01
-2.72412500e-08,1.87717187e-01
-2.72012500e-08,1.87676563e-01
-2.71612500e-08,1.87732813e-01
-2.71212500e-08,1.87642188e-01
-2.70812500e-08,1.87912500e-01
-2.70412500e-08,1.88150000e-01
-2.70012500e-08,1.88073437e-01
-2.69612500e-08,1.88115625e-01
-2.69212500e-08,1.88089063e-01
-2.68812500e-08,1.88107812e-01
-2.68412500e-08,1.88095313e-01
-2.68012500e-08,1.88103125e-01
-2.67612500e-08,1.88098437e-01
-2.67212500e-08,1.88100000e-01
-2.66812500e-08,1.88101563e-01
-2.66412500e-08,1.88096875e-01
-2.66012500e-08,1.88104688e-01
-2.65612500e-08,1.88093750e-01
-2.65212500e-08,1.88107812e-01
-2.64812500e-08,1.88089063e-01
-2.64412500e-08,1.88114063e-01
-2.64012500e-08,1.88079688e-01
-2.63612500e-08,1.88129688e-01
-2.63212500e-08,1.88043750e-01
-2.62812500e-08,1.88309375e-01
-2.62412500e-08,1.88551563e-01
-2.62012500e-08,1.88473438e-01
-2.61612500e-08,1.88517188e-01
-2.61212500e-08,1.88489062e-01
-2.60812500e-08,1.88506250e-01
-2.60412500e-08,1.88498438e-01
-2.60012500e-08,1.88496875e-01
-2.59612500e-08,1.88509375e-01
-2.59212500e-08,1.88479687e-01
-2.58812500e-08,1.88545313e-01
-2.58412500e-08,1.88300000e-01
-2.58012500e-08,1.88037500e-01
-2.57612500e-08,1.88137500e-01
-2.57212500e-08,1.88071875e-01
-2.56812500e-08,1.88123438e-01
-2.56412500e-08,1.88081250e-01
-2.56012500e-08,1.88117188e-01
-2.55612500e-08,1.88084375e-01
-2.55212500e-08,1.88114063e-01
-2.54812500e-08,1.88087500e-01
-2.54412500e-08,1.88112500e-01
-2.54012500e-08,1.88089063e-01
-2.53612500e-08,1.88110938e-01
-2.53212500e-08,1.88090625e-01
-2.52812500e-08,1.88109375e-01
-2.52412500e-08,1.88090625e-01
-2.52012500e-08,1.88109375e-01
-2.51612500e-08,1.88092188e-01
-2.51212500e-08,1.88107812e-01
-2.50812500e-08,1.88092188e-01
-2.50412500e-08,1.88107812e-01
-2.50012500e-08,1.88092188e-01
-2.49612500e-08,1.88107812e-01
-2.49212500e-08,1.88093750e-01
-2.48812500e-08,1.88106250e-01
-2.48412500e-08,1.88093750e-01
-2.48012500e-08,1.88106250e-01
-2.47612500e-08,1.88093750e-01
-2.47212500e-08,1.88106250e-01
-2.46812500e-08,1.88093750e-01
-2.46412500e-08,1.88106250e-01
-2.46012500e-08,1.88093750e-01
-2.45612500e-08,1.88104688e-01
-2.45212500e-08,1.88095313e-01
-2.44812500e-08,1.88104688e-01
-2.44412500e-08,1.88095313e-01
-2.44012500e-08,1.88104688e-01
-2.43612500e-08,1.88095313e-01
-2.43212500e-08,1.88104688e-01
-2.42812500e-08,1.88095313e-01
-2.42412500e-08,1.88104688e-01
-2.42012500e-08,1.88095313e-01
-2.41612500e-08,1.88104688e-01
-2.41212500e-08,1.88095313e-01
-2.40812500e-08,1.88104688e-01
-2.40412500e-08,1.88095313e-01
-2.40012500e-08,1.88104688e-01
-2.39612500e-08,1.88095313e-01
-2.39212500e-08,1.88104688e-01
-2.38812500e-08,1.88095313e-01
-2.38412500e-08,1.88104688e-01
-2.38012500e-08,1.88095313e-01
-2.37612500e-08,1.88104688e-01
-2.37212500e-08,1.88096875e-01
-2.36812500e-08,1.88103125e-01
-2.36412500e-08,1.88096875e-01
-2.36012500e-08,1.88103125e-01
-2.35612500e-08,1.88096875e-01
-2.35212500e-08,1.88103125e-01
-2.34812500e-08,1.88096875e-01
-2.34412500e-08,1.88103125e-01
-2.34012500e-08,1.88096875e-01
-2.33612500e-08,1.88103125e-01
-2.33212500e-08,1.88096875e-01
-2.32812500e-08,1.88103125e-01
-2.32412500e-08,1.88096875e-01
-2.32012500e-08,1.88103125e-01
-2.31612500e-08,1.88096875e-01
-2.31212500e-08,1.88103125e-01
-2.30812500e-08,1.88096875e-01
-2.30412500e-08,1.88103125e-01
-2.30012500e-08,1.88096875e-01
-2.29612500e-08,1.88103125e-01
-2.29212500e-08,1.88096875e-01
-2.28812500e-08,1.88103125e-01
-2.28412500e-08,1.88096875e-01
-2.28012500e-08,1.88103125e-01
-2.27612500e-08,1.88096875e-01
-2.27212500e-08,1.88103125e-01
-2.26812500e-08,1.88096875e-01
-2.26412500e-08,1.88103125e-01
-2.26012500e-08,1.88096875e-01
-2.25612500e-08,1.88103125e-01
-2.25212500e-08,1.88096875e-01
-2.24812500e-08,1.88101563e-01
-2.24412500e-08,1.88098437e-01
-2.24012500e-08,1.88101563e-01
-2.23612500e-08,1.88098437e-01
-2.23212500e-08,1.88101563e-01
-2.22812500e-08,1.88098437e-01
-2.22412500e-08,1.88101563e-01
-2.22012500e-08,1.88098437e-01
-2.21612500e-08,1.88101563e-01
-2.21212500e-08,1.88098437e-01
-2.20812500e-08,1.88101563e-01
-2.20412500e-08,1.88100000e-01
-2.20012500e-08,1.88100000e-01
-2.19612500e-08,1.88100000e-01
-2.19212500e-08,1.88098437e-01
-2.18812500e-08,1.88101563e-01
-2.18412500e-08,1.88096875e-01
-2.18012500e-08,1.88103125e-01
-2.17612500e-08,1.88093750e-01
-2.17212500e-08,1.88107812e-01
-2.16812500e-08,1.88085937e-01
-2.16412500e-08,1.88123438e-01
-2.16012500e-08,1.88053125e-01
-2.15612500e-08,1.88300000e-01
-2.15212500e-08,1.88562500e-01
-2.14812500e-08,1.88460938e-01
-2.14412500e-08,1.88529688e-01
-2.14012500e-08,1.88473438e-01
-2.13612500e-08,1.88523438e-01
-2.13212500e-08,1.88478125e-01
-2.12812500e-08,1.88521875e-01
-2.12412500e-08,1.88478125e-01
-2.12012500e-08,1.88523438e-01
-2.11612500e-08,1.88475000e-01
-2.11212500e-08,1.88526562e-01
-2.10812500e-08,1.88467188e-01
-2.10412500e-08,1.88542188e-01
-2.10012500e-08,1.88432813e-01
-2.09612500e-08,1.88720313e-01
-2.09212500e-08,1.88942187e-01
-2.08812500e-08,1.88882812e-01
-2.08412500e-08,1.88906250e-01
-2.08012500e-08,1.88900000e-01
-2.07612500e-08,1.88895312e-01
-2.07212500e-08,1.88909375e-01
-2.06812500e-08,1.88884375e-01
-2.06412500e-08,1.88926563e-01
-2.06012500e-08,1.88848438e-01
-2.05612500e-08,1.89106250e-01
-2.05212500e-08,1.89356250e-01
-2.04812500e-08,1.89267188e-01
-2.04412500e-08,1.89321875e-01
-2.04012500e-08,1.89282813e-01
-2.03612500e-08,1.89314063e-01
-2.03212500e-08,1.89287500e-01
-2.02812500e-08,1.89310937e-01
-2.02412500e-08,1.89290625e-01
-2.02012500e-08,1.89307813e-01
-2.01612500e-08,1.89292188e-01
-2.01212500e-08,1.89306250e-01
-2.00812500e-08,1.89293750e-01
-2.00412500e-08,1.89306250e-01
-2.00012500e-08,1.89293750e-01
-1.99612500e-08,1.89304688e-01
-1.99212500e-08,1.89295313e-01
-1.98812500e-08,1.89304688e-01
-1.98412500e-08,1.89295313e-01
-1.98012500e-08,1.89304688e-01
-1.97612500e-08,1.89295313e-01
-1.97212500e-08,1.89304688e-01
-1.96812500e-08,1.89295313e-01
-1.96412500e-08,1.89304688e-01
-1.96012500e-08,1.89295313e-01
-1.95612500e-08,1.89304688e-01
-1.95212500e-08,1.89295313e-01
-1.94812500e-08,1.89304688e-01
-1.94412500e-08,1.89293750e-01
-1.94012500e-08,1.89306250e-01
-1.93612500e-08,1.89293750e-01
-1.93212500e-08,1.89307813e-01
-1.92812500e-08,1.89290625e-01
-1.92412500e-08,1.89310937e-01
-1.92012500e-08,1.89285938e-01
-1.91612500e-08,1.89318750e-01
-1.91212500e-08,1.89271875e-01
-1.90812500e-08,1.89353125e-01
-1.90412500e-08,1.89093750e-01
-1.90012500e-08,1.88843750e-01
-1.89612500e-08,1.88932813e-01
-1.89212500e-08,1.88876563e-01
-1.88812500e-08,1.88918750e-01
-1.88412500e-08,1.88884375e-01
-1.88012500e-08,1.88914063e-01
-1.87612500e-08,1.88887500e-01
-1.87212500e-08,1.88912500e-01
-1.86812500e-08,1.88887500e-01
-1.86412500e-08,1.88912500e-01
-1.86012500e-08,1.88887500e-01
-1.85612500e-08,1.88912500e-01
-1.85212500e-08,1.88887500e-01
-1.84812500e-08,1.88914063e-01
-1.84412500e-08,1.88885938e-01
-1.84012500e-08,1.88917188e-01
-1.83612500e-08,1.88881250e-01
-1.83212500e-08,1.88925000e-01
-1.82812500e-08,1.88865625e-01
-1.82412500e-08,1.88959375e-01
-1.82012500e-08,1.88687500e-01
-1.81612500e-08,1.88450000e-01
-1.81212500e-08,1.88526562e-01
-1.80812500e-08,1.88482813e-01
-1.80412500e-08,1.88512500e-01
-1.80012500e-08,1.88490625e-01
-1.79612500e-08,1.88507813e-01
-1.79212500e-08,1.88493750e-01
-1.78812500e-08,1.88504688e-01
-1.78412500e-08,1.88495313e-01
-1.78012500e-08,1.88503125e-01
-1.77612500e-08,1.88496875e-01
-1.77212500e-08,1.88503125e-01
-1.76812500e-08,1.88498438e-01
-1.76412500e-08,1.88501562e-01
-1.76012500e-08,1.88498438e-01
-1.75612500e-08,1.88501562e-01
-1.75212500e-08,1.88500000e-01
-1.74812500e-08,1.88500000e-01
-1.74412500e-08,1.88500000e-01
-1.74012500e-08,1.88500000e-01
-1.73612500e-08,1.88500000e-01
-1.73212500e-08,1.88500000e-01
-1.72812500e-08,1.88501562e-01
-1.72412500e-08,1.88498438e-01
-1.72012500e-08,1.88501562e-01
-1.71612500e-08,1.88498438e-01
-1.71212500e-08,1.88501562e-01
-1.70812500e-08,1.88498438e-01
-1.70412500e-08,1.88503125e-01
-1.70012500e-08,1.88496875e-01
-1.69612500e-08,1.88503125e-01
-1.69212500e-08,1.88496875e-01
-1.68812500e-08,1.88504688e-01
-1.68412500e-08,1.88495313e-01
-1.68012500e-08,1.88506250e-01
-1.67612500e-08,1.88493750e-01
-1.67212500e-08,1.88507813e-01
-1.66812500e-08,1.88490625e-01
-1.66412500e-08,1.88510938e-01
-1.66012500e-08,1.88485938e-01
-1.65612500e-08,1.88520313e-01
-1.65212500e-08,1.88470313e-01
-1.64812500e-08,1.88554688e-01
-1.64412500e-08,1.88292188e-01
-1.64012500e-08,1.88045313e-01
-1.63612500e-08,1.88129688e-01
-1.63212500e-08,1.88079688e-01
-1.62812500e-08,1.88115625e-01
-1.62412500e-08,1.88087500e-01
-1.62012500e-08,1.88109375e-01
-1.61612500e-08,1.88092188e-01
-1.61212500e-08,1.88106250e-01
-1.60812500e-08,1.88095313e-01
-1.60412500e-08,1.88103125e-01
-1.60012500e-08,1.88096875e-01
-1.59612500e-08,1.88101563e-01
-1.59212500e-08,1.88101563e-01
-1.58812500e-08,1.88096875e-01
-1.58412500e-08,1.88106250e-01
-1.58012500e-08,1.88089063e-01
-1.57612500e-08,1.88121875e-01
-1.57212500e-08,1.88053125e-01
-1.56812500e-08,1.88300000e-01
-1.56412500e-08,1.88562500e-01
-1.56012500e-08,1.88460938e-01
-1.55612500e-08,1.88529688e-01
-1.55212500e-08,1.88475000e-01
-1.54812500e-08,1.88521875e-01
-1.54412500e-08,1.88479687e-01
-1.54012500e-08,1.88518750e-01
-1.53612500e-08,1.88481250e-01
-1.53212500e-08,1.88518750e-01
-1.52812500e-08,1.88481250e-01
-1.52412500e-08,1.88518750e-01
-1.52012500e-08,1.88481250e-01
-1.51612500e-08,1.88520313e-01
-1.51212500e-08,1.88478125e-01
-1.50812500e-08,1.88525000e-01
-1.50412500e-08,1.88470313e-01
-1.50012500e-08,1.88539063e-01
-1.49612500e-08,1.88435938e-01
-1.49212500e-08,1.88717187e-01
-1.48812500e-08,1.88945313e-01
-1.48412500e-08,1.88878125e-01
-1.48012500e-08,1.88912500e-01
-1.47612500e-08,1.88892188e-01
-1.47212500e-08,1.88904688e-01
-1.46812500e-08,1.88898438e-01
-1.46412500e-08,1.88900000e-01
-1.46012500e-08,1.88901563e-01
-1.45612500e-08,1.88898438e-01
-1.45212500e-08,1.88903125e-01
-1.44812500e-08,1.88896875e-01
-1.44412500e-08,1.88904688e-01
-1.44012500e-08,1.88893750e-01
-1.43612500e-08,1.88907812e-01
-1.43212500e-08,1.88890625e-01
-1.42812500e-08,1.88910938e-01
-1.42412500e-08,1.88885938e-01
-1.42012500e-08,1.88918750e-01
-1.41612500e-08,1.88871875e-01
-1.41212500e-08,1.88953125e-01
-1.40812500e-08,1.88693750e-01
-1.40412500e-08,1.88443750e-01
-1.40012500e-08,1.88532813e-01
-1.39612500e-08,1.88476562e-01
-1.39212500e-08,1.88518750e-01
-1.38812500e-08,1.88484375e-01
-1.38412500e-08,1.88514062e-01
-1.38012500e-08,1.88485938e-01
-1.37612500e-08,1.88514062e-01
-1.37212500e-08,1.88485938e-01
-1.36812500e-08,1.88515625e-01
-1.36412500e-08,1.88482813e-01
-1.36012500e-08,1.88521875e-01
-1.35612500e-08,1.88468750e-01
-1.35212500e-08,1.88556250e-01
-1.34812500e-08,1.88290625e-01
-1.34412500e-08,1.88046875e-01
-1.34012500e-08,1.88129688e-01
-1.33612500e-08,1.88078125e-01
-1.33212500e-08,1.88117188e-01
-1.32812500e-08,1.88085937e-01
-1.32412500e-08,1.88112500e-01
-1.32012500e-08,1.88089063e-01
-1.31612500e-08,1.88110938e-01
-1.31212500e-08,1.88090625e-01
-1.30812500e-08,1.88109375e-01
-1.30412500e-08,1.88090625e-01
-1.30012500e-08,1.88109375e-01
-1.29612500e-08,1.88090625e-01
-1.29212500e-08,1.88109375e-01
-1.28812500e-08,1.88090625e-01
-1.28412500e-08,1.88110938e-01
-1.28012500e-08,1.88089063e-01
-1.27612500e-08,1.88112500e-01
-1.27212500e-08,1.88085937e-01
-1.26812500e-08,1.88117188e-01
-1.26412500e-08,1.88078125e-01
-1.26012500e-08,1.88131250e-01
-1.25612500e-08,1.88043750e-01
-1.25212500e-08,1.88309375e-01
-1.24812500e-08,1.88554688e-01
-1.24412500e-08,1.88468750e-01
-1.24012500e-08,1.88521875e-01
-1.23612500e-08,1.88481250e-01
-1.23212500e-08,1.88517188e-01
-1.22812500e-08,1.88484375e-01
-1.22412500e-08,1.88517188e-01
-1.22012500e-08,1.88478125e-01
-1.21612500e-08,1.88529688e-01
-1.21212500e-08,1.88446875e-01
-1.20812500e-08,1.88704687e-01
-1.20412500e-08,1.88957813e-01
-1.20012500e-08,1.88864063e-01
-1.19612500e-08,1.88928125e-01
-1.19212500e-08,1.88875000e-01
-1.18812500e-08,1.88925000e-01
-1.18412500e-08,1.88871875e-01
-1.18012500e-08,1.88937500e-01
-1.17612500e-08,1.88839063e-01
-1.17212500e-08,1.89112500e-01
-1.16812500e-08,1.89350000e-01
-1.16412500e-08,1.89273438e-01
-1.16012500e-08,1.89318750e-01
-1.15612500e-08,1.89285938e-01
-1.15212500e-08,1.89312500e-01
-1.14812500e-08,1.89289062e-01
-1.14412500e-08,1.89310937e-01
-1.14012500e-08,1.89287500e-01
-1.13612500e-08,1.89314063e-01
-1.13212500e-08,1.89281250e-01
-1.12812500e-08,1.89328125e-01
-1.12412500e-08,1.89248438e-01
-1.12012500e-08,1.89504688e-01
-1.11612500e-08,1.89757813e-01
-1.11212500e-08,1.89665625e-01
-1.10812500e-08,1.89726563e-01
-1.10412500e-08,1.89678125e-01
-1.10012500e-08,1.89720313e-01
-1.09612500e-08,1.89681250e-01
-1.09212500e-08,1.89717187e-01
-1.08812500e-08,1.89682813e-01
-1.08412500e-08,1.89718750e-01
-1.08012500e-08,1.89681250e-01
-1.07612500e-08,1.89720313e-01
-1.07212500e-08,1.89676563e-01
-1.06812500e-08,1.89728125e-01
-1.06412500e-08,1.89662500e-01
-1.06012500e-08,1.89762500e-01
-1.05612500e-08,1.89484375e-01
-1.05212500e-08,1.89254688e-01
-1.04812500e-08,1.89321875e-01
-1.04412500e-08,1.89287500e-01
-1.04012500e-08,1.89306250e-01
-1.03612500e-08,1.89296875e-01
-1.03212500e-08,1.89300000e-01
-1.02812500e-08,1.89301563e-01
-1.02412500e-08,1.89295313e-01
-1.02012500e-08,1.89306250e-01
-1.01612500e-08,1.89289062e-01
-1.01212500e-08,1.89315625e-01
-1.00812500e-08,1.89275000e-01
-1.00412500e-08,1.89351563e-01
-1.00012500e-08,1.89095313e-01
-9.96125000e-09,1.88842188e-01
-9.92125000e-09,1.88934375e-01
-9.88125000e-09,1.88875000e-01
-9.84125000e-09,1.88921875e-01
-9.80125000e-09,1.88881250e-01
-9.76125000e-09,1.88917188e-01
-9.72125000e-09,1.88882812e-01
-9.68125000e-09,1.88918750e-01
-9.64125000e-09,1.88879688e-01
-9.60125000e-09,1.88925000e-01
-9.56125000e-09,1.88867188e-01
-9.52125000e-09,1.88957813e-01
-9.48125000e-09,1.88689063e-01
-9.44125000e-09,1.88446875e-01
-9.40125000e-09,1.88529688e-01
-9.36125000e-09,1.88479687e-01
-9.32125000e-09,1.88515625e-01
-9.28125000e-09,1.88487500e-01
-9.24125000e-09,1.88510938e-01
-9.20125000e-09,1.88489062e-01
-9.16125000e-09,1.88509375e-01
-9.12125000e-09,1.88490625e-01
-9.08125000e-09,1.88509375e-01
-9.04125000e-09,1.88492188e-01
-9.00125000e-09,1.88507813e-01
-8.96125000e-09,1.88492188e-01
-8.92125000e-09,1.88507813e-01
-8.88125000e-09,1.88490625e-01
-8.84125000e-09,1.88509375e-01
-8.80125000e-09,1.88490625e-01
-8.76125000e-09,1.88509375e-01
-8.72125000e-09,1.88489062e-01
-8.68125000e-09,1.88510938e-01
-8.64125000e-09,1.88487500e-01
-8.60125000e-09,1.88514062e-01
-8.56125000e-09,1.88484375e-01
-8.52125000e-09,1.88518750e-01
-8.48125000e-09,1.88476562e-01
-8.44125000e-09,1.88532813e-01
-8.40125000e-09,1.88442187e-01
-8.36125000e-09,1.88710938e-01
-8.32125000e-09,1.88950000e-01
-8.28125000e-09,1.88873438e-01
-8.24125000e-09,1.88917188e-01
-8.20125000e-09,1.88887500e-01
-8.16125000e-09,1.88909375e-01
-8.12125000e-09,1.88892188e-01
-8.08125000e-09,1.88906250e-01
-8.04125000e-09,1.88895312e-01
-8.00125000e-09,1.88903125e-01
-7.96125000e-09,1.88896875e-01
-7.92125000e-09,1.88901563e-01
-7.88125000e-09,1.88898438e-01
-7.84125000e-09,1.88901563e-01
-7.80125000e-09,1.88898438e-01
-7.76125000e-09,1.88900000e-01
-7.72125000e-09,1.88900000e-01
-7.68125000e-09,1.88900000e-01
-7.64125000e-09,1.88900000e-01
-7.60125000e-09,1.88900000e-01
-7.56125000e-09,1.88901563e-01
-7.52125000e-09,1.88898438e-01
-7.48125000e-09,1.88901563e-01
-7.44125000e-09,1.88898438e-01
-7.40125000e-09,1.88901563e-01
-7.36125000e-09,1.88898438e-01
-7.32125000e-09,1.88903125e-01
-7.28125000e-09,1.88896875e-01
-7.24125000e-09,1.88903125e-01
-7.20125000e-09,1.88896875e-01
-7.16125000e-09,1.88903125e-01
-7.12125000e-09,1.88895312e-01
-7.08125000e-09,1.88904688e-01
-7.04125000e-09,1.88895312e-01
-7.00125000e-09,1.88906250e-01
-6.96125000e-09,1.88893750e-01
-6.92125000e-09,1.88907812e-01
-6.88125000e-09,1.88890625e-01
-6.84125000e-09,1.88910938e-01
-6.80125000e-09,1.88885938e-01
-6.76125000e-09,1.88918750e-01
-6.72125000e-09,1.88871875e-01
-6.68125000e-09,1.88953125e-01
-6.64125000e-09,1.88693750e-01
-6.60125000e-09,1.88443750e-01
-6.56125000e-09,1.88532813e-01
-6.52125000e-09,1.88476562e-01
-6.48125000e-09,1.88518750e-01
-6.44125000e-09,1.88482813e-01
-6.40125000e-09,1.88515625e-01
-6.36125000e-09,1.88485938e-01
-6.32125000e-09,1.88514062e-01
-6.28125000e-09,1.88484375e-01
-6.24125000e-09,1.88517188e-01
-6.20125000e-09,1.88481250e-01
-6.16125000e-09,1.88523438e-01
-6.12125000e-09,1.88467188e-01
-6.08125000e-09,1.88557813e-01
-6.04125000e-09,1.88289062e-01
-6.00125000e-09,1.88048437e-01
-5.96125000e-09,1.88128125e-01
-5.92125000e-09,1.88081250e-01
-5.88125000e-09,1.88114063e-01
-5.84125000e-09,1.88089063e-01
-5.80125000e-09,1.88109375e-01
-5.76125000e-09,1.88093750e-01
-5.72125000e-09,1.88104688e-01
-5.68125000e-09,1.88096875e-01
-5.64125000e-09,1.88101563e-01
-5.60125000e-09,1.88100000e-01
-5.56125000e-09,1.88096875e-01
-5.52125000e-09,1.88109375e-01
-5.48125000e-09,1.88081250e-01
-5.44125000e-09,1.88142188e-01
-5.40125000e-09,1.87904688e-01
-5.36125000e-09,1.87632812e-01
-5.32125000e-09,1.87743750e-01
-5.28125000e-09,1.87665625e-01
-5.24125000e-09,1.87729688e-01
-5.20125000e-09,1.87671875e-01
-5.16125000e-09,1.87726562e-01
-5.12125000e-09,1.87673438e-01
-5.08125000e-09,1.87726562e-01
-5.04125000e-09,1.87673438e-01
-5.00125000e-09,1.87728125e-01
-4.96125000e-09,1.87668750e-01
-4.92125000e-09,1.87735938e-01
-4.88125000e-09,1.87653125e-01
-4.84125000e-09,1.87771875e-01
-4.80125000e-09,1.87475000e-01
-4.76125000e-09,1.87262500e-01
-4.72125000e-09,1.87312500e-01
-4.68125000e-09,1.87296875e-01
-4.64125000e-09,1.87296875e-01
-4.60125000e-09,1.87307813e-01
-4.56125000e-09,1.87289063e-01
-4.52125000e-09,1.87314063e-01
-4.48125000e-09,1.87281250e-01
-4.44125000e-09,1.87325000e-01
-4.40125000e-09,1.87264062e-01
-4.36125000e-09,1.87360938e-01
-4.32125000e-09,1.87084375e-01
-4.28125000e-09,1.86853125e-01
-4.24125000e-09,1.86921875e-01
-4.20125000e-09,1.86889063e-01
-4.16125000e-09,1.86906250e-01
-4.12125000e-09,1.86898438e-01
-4.08125000e-09,1.86900000e-01
-4.04125000e-09,1.86903125e-01
-4.00125000e-09,1.86893750e-01
-3.96125000e-09,1.86907812e-01
-3.92125000e-09,1.86890625e-01
-3.88125000e-09,1.86912500e-01
-3.84125000e-09,1.86884375e-01
-3.80125000e-09,1.86918750e-01
-3.76125000e-09,1.86876563e-01
-3.72125000e-09,1.86929687e-01
-3.68125000e-09,1.86857812e-01
-3.64125000e-09,1.86970313e-01
-3.60125000e-09,1.86670313e-01
-3.56125000e-09,1.86476562e-01
-3.52125000e-09,1.86473438e-01
-3.48125000e-09,1.86689063e-01
-3.44125000e-09,1.86967188e-01
-3.40125000e-09,1.86859375e-01
-3.36125000e-09,1.86928125e-01
-3.32125000e-09,1.86878125e-01
-3.28125000e-09,1.86917187e-01
-3.24125000e-09,1.86885938e-01
-3.20125000e-09,1.86910938e-01
-3.16125000e-09,1.86890625e-01
-3.12125000e-09,1.86907812e-01
-3.08125000e-09,1.86893750e-01
-3.04125000e-09,1.86904687e-01
-3.00125000e-09,1.86896875e-01
-2.96125000e-09,1.86901563e-01
-2.92125000e-09,1.86900000e-01
-2.88125000e-09,1.86898438e-01
-2.84125000e-09,1.86903125e-01
-2.80125000e-09,1.86893750e-01
-2.76125000e-09,1.86909375e-01
-2.72125000e-09,1.86884375e-01
-2.68125000e-09,1.86925000e-01
-2.64125000e-09,1.86850000e-01
-2.60125000e-09,1.87104688e-01
-2.56125000e-09,1.87357812e-01
-2.52125000e-09,1.87265625e-01
-2.48125000e-09,1.87323437e-01
-2.44125000e-09,1.87281250e-01
-2.40125000e-09,1.87315625e-01
-2.36125000e-09,1.87287500e-01
-2.32125000e-09,1.87310937e-01
-2.28125000e-09,1.87290625e-01
-2.24125000e-09,1.87309375e-01
-2.20125000e-09,1.87292188e-01
-2.16125000e-09,1.87307813e-01
-2.12125000e-09,1.87293750e-01
-2.08125000e-09,1.87306250e-01
-2.04125000e-09,1.87295313e-01
-2.00125000e-09,1.87304688e-01
-1.96125000e-09,1.87295313e-01
-1.92125000e-09,1.87304688e-01
-1.88125000e-09,1.87296875e-01
-1.84125000e-09,1.87303125e-01
-1.80125000e-09,1.87296875e-01
-1.76125000e-09,1.87303125e-01
-1.72125000e-09,1.87298437e-01
-1.68125000e-09,1.87301563e-01
-1.64125000e-09,1.87298437e-01
-1.60125000e-09,1.87301563e-01
-1.56125000e-09,1.87298437e-01
-1.52125000e-09,1.87300000e-01
-1.48125000e-09,1.87300000e-01
-1.44125000e-09,1.87300000e-01
-1.40125000e-09,1.87300000e-01
-1.36125000e-09,1.87300000e-01
-1.32125000e-09,1.87301563e-01
-1.28125000e-09,1.87298437e-01
-1.24125000e-09,1.87301563e-01
-1.20125000e-09,1.87298437e-01
-1.16125000e-09,1.87301563e-01
-1.12125000e-09,1.87296875e-01
-1.08125000e-09,1.87303125e-01
-1.04125000e-09,1.87296875e-01
-1.00125000e-09,1.87304688e-01
-9.61250000e-10,1.87295313e-01
-9.21250000e-10,1.87304688e-01
-8.81250000e-10,1.87293750e-01
-8.41250000e-10,1.87306250e-01
-8.01250000e-10,1.87292188e-01
-7.61250000e-10,1.87309375e-01
-7.21250000e-10,1.87289063e-01
-6.81250000e-10,1.87312500e-01
-6.41250000e-10,1.87285937e-01
-6.01250000e-10,1.87318750e-01
-5.61250000e-10,1.87276563e-01
-5.21250000e-10,1.87334375e-01
-4.81250000e-10,1.87240625e-01
-4.41250000e-10,1.87512500e-01
-4.01250000e-10,1.87748438e-01
-3.61250000e-10,1.87676563e-01
-3.21250000e-10,1.87714063e-01
-2.81250000e-10,1.87693750e-01
-2.41250000e-10,1.87701563e-01
-2.01250000e-10,1.87703125e-01
-1.61250000e-10,1.87690625e-01
-1.21250000e-10,1.87720313e-01
-8.12500000e-11,1.87654688e-01
-4.12500000e-11,1.87898438e-01
-1.25000000e-12,1.88162500e-01
3.87500000e-11,1.88060937e-01
7.87500000e-11,1.88131250e-01
1.18750000e-10,1.88073437e-01
1.58750000e-10,1.88126563e-01
1.98750000e-10,1.88071875e-01
2.38750000e-10,1.88135938e-01
2.78750000e-10,1.88042188e-01
3.18750000e-10,1.88309375e-01
3.58750000e-10,1.88554688e-01
3.98750000e-10,1.88467188e-01
4.38750000e-10,1.88526562e-01
4.78750000e-10,1.88475000e-01
5.18750000e-10,1.88526562e-01
5.58750000e-10,1.88470313e-01
5.98750000e-10,1.88539063e-01
6.38750000e-10,1.88435938e-01
6.78750000e-10,1.88717187e-01
7.18750000e-10,1.88943750e-01
7.58750000e-10,1.88881250e-01
7.98750000e-10,1.88906250e-01
8.38750000e-10,1.88901563e-01
8.78750000e-10,1.88890625e-01
9.18750000e-10,1.88921875e-01
9.58750000e-10,1.88851563e-01
9.98750000e-10,1.89103125e-01
1.03875000e-09,1.89357813e-01
1.07875000e-09,1.89267188e-01
1.11875000e-09,1.89321875e-01
1.15875000e-09,1.89284375e-01
1.19875000e-09,1.89309375e-01
1.23875000e-09,1.89295313e-01
1.27875000e-09,1.89296875e-01
1.31875000e-09,1.89312500e-01
1.35875000e-09,1.89260938e-01
1.39875000e-09,1.89492188e-01
1.43875000e-09,1.89768750e-01
1.47875000e-09,1.89654688e-01
1.51875000e-09,1.89735938e-01
1.55875000e-09,1.89668750e-01
1.59875000e-09,1.89728125e-01
1.63875000e-09,1.89673438e-01
1.67875000e-09,1.89726563e-01
1.71875000e-09,1.89673438e-01
1.75875000e-09,1.89728125e-01
1.79875000e-09,1.89667188e-01
1.83875000e-09,1.89742187e-01
1.87875000e-09,1.89634375e-01
1.91875000e-09,1.89918750e-01
1.95875000e-09,1.90145312e-01
1.99875000e-09,1.90078125e-01
2.03875000e-09,1.90112500e-01
2.07875000e-09,1.90092188e-01
2.11875000e-09,1.90106250e-01
2.15875000e-09,1.90095313e-01
2.19875000e-09,1.90103125e-01
2.23875000e-09,1.90096875e-01
2.27875000e-09,1.90101563e-01
2.31875000e-09,1.90098437e-01
2.35875000e-09,1.90101563e-01
2.39875000e-09,1.90098437e-01
2.43875000e-09,1.90101563e-01
2.47875000e-09,1.90098437e-01
2.51875000e-09,1.90101563e-01
2.55875000e-09,1.90098437e-01
2.59875000e-09,1.90103125e-01
2.63875000e-09,1.90096875e-01
2.67875000e-09,1.90103125e-01
2.71875000e-09,1.90095313e-01
2.75875000e-09,1.90104688e-01
2.79875000e-09,1.90093750e-01
2.83875000e-09,1.90107813e-01
2.87875000e-09,1.90090625e-01
2.91875000e-09,1.90110938e-01
2.95875000e-09,1.90085937e-01
2.99875000e-09,1.90120312e-01
3.03875000e-09,1.90070313e-01
3.07875000e-09,1.90154688e-01
3.11875000e-09,1.89892188e-01
3.15875000e-09,1.89645312e-01
3.19875000e-09,1.89729688e-01
3.23875000e-09,1.89679687e-01
3.27875000e-09,1.89715625e-01
3.31875000e-09,1.89689063e-01
3.35875000e-09,1.89709375e-01
3.39875000e-09,1.89693750e-01
3.43875000e-09,1.89704687e-01
3.47875000e-09,1.89696875e-01
3.51875000e-09,1.89701563e-01
3.55875000e-09,1.89700000e-01
3.59875000e-09,1.89698438e-01
3.63875000e-09,1.89704687e-01
3.67875000e-09,1.89692187e-01
3.71875000e-09,1.89714063e-01
3.75875000e-09,1.89675000e-01
3.79875000e-09,1.89750000e-01
3.83875000e-09,1.89496875e-01
3.87875000e-09,1.89242188e-01
3.91875000e-09,1.89332813e-01
3.95875000e-09,1.89276562e-01
3.99875000e-09,1.89317188e-01
4.03875000e-09,1.89289062e-01
4.07875000e-09,1.89306250e-01
4.11875000e-09,1.89300000e-01
4.15875000e-09,1.89290625e-01
4.19875000e-09,1.89334375e-01
4.23875000e-09,1.89112500e-01
4.27875000e-09,1.88825000e-01
4.31875000e-09,1.88953125e-01
4.35875000e-09,1.88854688e-01
4.39875000e-09,1.88943750e-01
4.43875000e-09,1.88850000e-01
4.47875000e-09,1.88971875e-01
4.51875000e-09,1.88678125e-01
4.55875000e-09,1.88457813e-01
4.59875000e-09,1.88521875e-01
4.63875000e-09,1.88484375e-01
4.67875000e-09,1.88515625e-01
4.71875000e-09,1.88476562e-01
4.75875000e-09,1.88545313e-01
4.79875000e-09,1.88303125e-01
4.83875000e-09,1.88032813e-01
4.87875000e-09,1.88145312e-01
4.91875000e-09,1.88062500e-01
4.95875000e-09,1.88134375e-01
4.99875000e-09,1.88065625e-01
5.03875000e-09,1.88137500e-01
5.07875000e-09,1.88053125e-01
5.11875000e-09,1.88170313e-01
5.15875000e-09,1.87878125e-01
5.19875000e-09,1.87659375e-01
5.23875000e-09,1.87717187e-01
5.27875000e-09,1.87692187e-01
5.31875000e-09,1.87703125e-01
5.35875000e-09,1.87700000e-01
5.39875000e-09,1.87698438e-01
5.43875000e-09,1.87703125e-01
5.47875000e-09,1.87696875e-01
5.51875000e-09,1.87704687e-01
5.55875000e-09,1.87695313e-01
5.59875000e-09,1.87706250e-01
5.63875000e-09,1.87693750e-01
5.67875000e-09,1.87706250e-01
5.71875000e-09,1.87692187e-01
5.75875000e-09,1.87707813e-01
5.79875000e-09,1.87692187e-01
5.83875000e-09,1.87707813e-01
5.87875000e-09,1.87690625e-01
5.91875000e-09,1.87709375e-01
5.95875000e-09,1.87690625e-01
5.99875000e-09,1.87710938e-01
6.03875000e-09,1.87689063e-01
6.07875000e-09,1.87712500e-01
6.11875000e-09,1.87685938e-01
6.15875000e-09,1.87715625e-01
6.19875000e-09,1.87682813e-01
6.23875000e-09,1.87720313e-01
6.27875000e-09,1.87673438e-01
6.31875000e-09,1.87735938e-01
6.35875000e-09,1.87639063e-01
6.39875000e-09,1.87914063e-01
6.43875000e-09,1.88148438e-01
6.47875000e-09,1.88076563e-01
6.51875000e-09,1.88114063e-01
6.55875000e-09,1.88092188e-01
6.59875000e-09,1.88104688e-01
6.63875000e-09,1.88098437e-01
6.67875000e-09,1.88100000e-01
6.71875000e-09,1.88103125e-01
6.75875000e-09,1.88093750e-01
6.79875000e-09,1.88109375e-01
6.83875000e-09,1.88084375e-01
6.87875000e-09,1.88125000e-01
6.91875000e-09,1.88050000e-01
6.95875000e-09,1.88303125e-01
6.99875000e-09,1.88559375e-01
7.03875000e-09,1.88464063e-01
7.07875000e-09,1.88526562e-01
7.11875000e-09,1.88478125e-01
7.15875000e-09,1.88518750e-01
7.19875000e-09,1.88482813e-01
7.23875000e-09,1.88515625e-01
7.27875000e-09,1.88484375e-01
7.31875000e-09,1.88515625e-01
7.35875000e-09,1.88484375e-01
7.39875000e-09,1.88517188e-01
7.43875000e-09,1.88481250e-01
7.47875000e-09,1.88520313e-01
7.51875000e-09,1.88475000e-01
7.55875000e-09,1.88534375e-01
7.59875000e-09,1.88440625e-01
7.63875000e-09,1.88712500e-01
7.67875000e-09,1.88950000e-01
7.71875000e-09,1.88875000e-01
7.75875000e-09,1.88915625e-01
7.79875000e-09,1.88889063e-01
7.83875000e-09,1.88907812e-01
7.87875000e-09,1.88893750e-01
7.91875000e-09,1.88903125e-01
7.95875000e-09,1.88898438e-01
7.99875000e-09,1.88900000e-01
8.03875000e-09,1.88901563e-01
8.07875000e-09,1.88895312e-01
8.11875000e-09,1.88907812e-01
8.15875000e-09,1.88887500e-01
8.19875000e-09,1.88921875e-01
8.23875000e-09,1.88853125e-01
8.27875000e-09,1.89100000e-01
8.31875000e-09,1.89362500e-01
8.35875000e-09,1.89260938e-01
8.39875000e-09,1.89329688e-01
8.43875000e-09,1.89275000e-01
8.47875000e-09,1.89321875e-01
8.51875000e-09,1.89279688e-01
8.55875000e-09,1.89320313e-01
8.59875000e-09,1.89279688e-01
8.63875000e-09,1.89320313e-01
8.67875000e-09,1.89278125e-01
8.71875000e-09,1.89325000e-01
8.75875000e-09,1.89270313e-01
8.79875000e-09,1.89339063e-01
8.83875000e-09,1.89237500e-01
8.87875000e-09,1.89515625e-01
8.91875000e-09,1.89746875e-01
8.95875000e-09,1.89676563e-01
8.99875000e-09,1.89714063e-01
9.03875000e-09,1.89690625e-01
9.07875000e-09,1.89706250e-01
9.11875000e-09,1.89695313e-01
9.15875000e-09,1.89703125e-01
9.19875000e-09,1.89698438e-01
9.23875000e-09,1.89701563e-01
9.27875000e-09,1.89700000e-01
9.31875000e-09,1.89700000e-01
9.35875000e-09,1.89700000e-01
9.39875000e-09,1.89698438e-01
9.43875000e-09,1.89701563e-01
9.47875000e-09,1.89698438e-01
9.51875000e-09,1.89701563e-01
9.55875000e-09,1.89698438e-01
9.59875000e-09,1.89701563e-01
9.63875000e-09,1.89696875e-01
9.67875000e-09,1.89703125e-01
9.71875000e-09,1.89696875e-01
9.75875000e-09,1.89703125e-01
9.79875000e-09,1.89696875e-01
9.83875000e-09,1.89703125e-01
9.87875000e-09,1.89696875e-01
9.91875000e-09,1.89704687e-01
9.95875000e-09,1.89695313e-01
9.99875000e-09,1.89704687e-01
1.00387500e-08,1.89695313e-01
1.00787500e-08,1.89704687e-01
1.01187500e-08,1.89693750e-01
1.01587500e-08,1.89706250e-01
1.01987500e-08,1.89693750e-01
1.02387500e-08,1.89707813e-01
1.02787500e-08,1.89692187e-01
1.03187500e-08,1.89709375e-01
1.03587500e-08,1.89689063e-01
1.03987500e-08,1.89712500e-01
1.04387500e-08,1.89684375e-01
1.04787500e-08,1.89720313e-01
1.05187500e-08,1.89668750e-01
1.05587500e-08,1.89756250e-01
1.05987500e-08,1.89490625e-01
1.06387500e-08,1.89246875e-01
1.06787500e-08,1.89329688e-01
1.07187500e-08,1.89279688e-01
1.07587500e-08,1.89315625e-01
1.07987500e-08,1.89287500e-01
1.08387500e-08,1.89310937e-01
1.08787500e-08,1.89290625e-01
1.09187500e-08,1.89307813e-01
1.09587500e-08,1.89292188e-01
1.09987500e-08,1.89306250e-01
1.10387500e-08,1.89293750e-01
1.10787500e-08,1.89306250e-01
1.11187500e-08,1.89295313e-01
1.11587500e-08,1.89304688e-01
1.11987500e-08,1.89295313e-01
1.12387500e-08,1.89304688e-01
1.12787500e-08,1.89295313e-01
1.13187500e-08,1.89304688e-01
1.13587500e-08,1.89295313e-01
1.13987500e-08,1.89304688e-01
1.14387500e-08,1.89295313e-01
1.14787500e-08,1.89304688e-01
1.15187500e-08,1.89295313e-01
1.15587500e-08,1.89304688e-01
1.15987500e-08,1.89295313e-01
1.16387500e-08,1.89304688e-01
1.16787500e-08,1.89293750e-01
1.17187500e-08,1.89306250e-01
1.17587500e-08,1.89293750e-01
1.17987500e-08,1.89307813e-01
1.18387500e-08,1.89290625e-01
1.18787500e-08,1.89309375e-01
1.19187500e-08,1.89287500e-01
1.19587500e-08,1.89315625e-01
1.19987500e-08,1.89279688e-01
1.20387500e-08,1.89329688e-01
1.20787500e-08,1.89245313e-01
1.21187500e-08,1.89507813e-01
1.21587500e-08,1.89754688e-01
1.21987500e-08,1.89668750e-01
1.22387500e-08,1.89721875e-01
1.22787500e-08,1.89682813e-01
1.23187500e-08,1.89714063e-01
1.23587500e-08,1.89689063e-01
1.23987500e-08,1.89709375e-01
1.24387500e-08,1.89690625e-01
1.24787500e-08,1.89707813e-01
1.25187500e-08,1.89692187e-01
1.25587500e-08,1.89706250e-01
1.25987500e-08,1.89693750e-01
1.26387500e-08,1.89704687e-01
1.26787500e-08,1.89695313e-01
1.27187500e-08,1.89704687e-01
1.27587500e-08,1.89696875e-01
1.27987500e-08,1.89703125e-01
1.28387500e-08,1.89698438e-01
1.28787500e-08,1.89700000e-01
1.29187500e-08,1.89701563e-01
1.29587500e-08,1.89695313e-01
1.29987500e-08,1.89707813e-01
1.30387500e-08,1.89682813e-01
1.30787500e-08,1.89742187e-01
1.31187500e-08,1.89504688e-01
1.31587500e-08,1.89231250e-01
1.31987500e-08,1.89345313e-01
1.32387500e-08,1.89262500e-01
1.32787500e-08,1.89334375e-01
1.33187500e-08,1.89267188e-01
1.33587500e-08,1.89332813e-01
1.33987500e-08,1.89264062e-01
1.34387500e-08,1.89340625e-01
1.34787500e-08,1.89250000e-01
1.35187500e-08,1.89375000e-01
1.35587500e-08,1.89071875e-01
1.35987500e-08,1.88867188e-01
1.36387500e-08,1.88907812e-01
1.36787500e-08,1.88903125e-01
1.37187500e-08,1.88887500e-01
1.37587500e-08,1.88920313e-01
1.37987500e-08,1.88867188e-01
1.38387500e-08,1.88959375e-01
1.38787500e-08,1.88685938e-01
1.39187500e-08,1.88454687e-01
1.39587500e-08,1.88520313e-01
1.39987500e-08,1.88492188e-01
1.40387500e-08,1.88500000e-01
1.40787500e-08,1.88509375e-01
1.41187500e-08,1.88478125e-01
1.41587500e-08,1.88548437e-01
1.41987500e-08,1.88296875e-01
1.42387500e-08,1.88042188e-01
1.42787500e-08,1.88132812e-01
1.43187500e-08,1.88078125e-01
1.43587500e-08,1.88115625e-01
1.43987500e-08,1.88089063e-01
1.44387500e-08,1.88107812e-01
1.44787500e-08,1.88096875e-01
1.45187500e-08,1.88098437e-01
1.45587500e-08,1.88106250e-01
1.45987500e-08,1.88082813e-01
1.46387500e-08,1.88143750e-01
1.46787500e-08,1.87903125e-01
1.47187500e-08,1.87634375e-01
1.47587500e-08,1.87740625e-01
1.47987500e-08,1.87668750e-01
1.48387500e-08,1.87726562e-01
1.48787500e-08,1.87676563e-01
1.49187500e-08,1.87720313e-01
1.49587500e-08,1.87681250e-01
1.49987500e-08,1.87718750e-01
1.50387500e-08,1.87682813e-01
1.50787500e-08,1.87717187e-01
1.51187500e-08,1.87682813e-01
1.51587500e-08,1.87717187e-01
1.51987500e-08,1.87682813e-01
1.52387500e-08,1.87717187e-01
1.52787500e-08,1.87682813e-01
1.53187500e-08,1.87718750e-01
1.53587500e-08,1.87679687e-01
1.53987500e-08,1.87723438e-01
1.54387500e-08,1.87671875e-01
1.54787500e-08,1.87737500e-01
1.55187500e-08,1.87637500e-01
1.55587500e-08,1.87915625e-01
1.55987500e-08,1.88146875e-01
1.56387500e-08,1.88076563e-01
1.56787500e-08,1.88114063e-01
1.57187500e-08,1.88090625e-01
1.57587500e-08,1.88106250e-01
1.57987500e-08,1.88095313e-01
1.58387500e-08,1.88103125e-01
1.58787500e-08,1.88096875e-01
1.59187500e-08,1.88101563e-01
1.59587500e-08,1.88098437e-01
1.59987500e-08,1.88101563e-01
1.60387500e-08,1.88100000e-01
1.60787500e-08,1.88100000e-01
1.61187500e-08,1.88100000e-01
1.61587500e-08,1.88100000e-01
1.61987500e-08,1.88100000e-01
1.62387500e-08,1.88100000e-01
1.62787500e-08,1.88100000e-01
1.63187500e-08,1.88098437e-01
1.63587500e-08,1.88101563e-01
1.63987500e-08,1.88098437e-01
1.64387500e-08,1.88101563e-01
1.64787500e-08,1.88098437e-01
1.65187500e-08,1.88101563e-01
1.65587500e-08,1.88098437e-01
1.65987500e-08,1.88101563e-01
1.66387500e-08,1.88098437e-01
1.66787500e-08,1.88101563e-01
1.67187500e-08,1.88098437e-01
1.67587500e-08,1.88101563e-01
1.67987500e-08,1.88098437e-01
1.68387500e-08,1.88101563e-01
1.68787500e-08,1.88098437e-01
1.69187500e-08,1.88101563e-01
1.69587500e-08,1.88098437e-01
1.69987500e-08,1.88101563e-01
1.70387500e-08,1.88098437e-01
1.70787500e-08,1.88101563e-01
1.71187500e-08,1.88098437e-01
1.71587500e-08,1.88101563e-01
1.71987500e-08,1.88098437e-01
1.72387500e-08,1.88101563e-01
1.72787500e-08,1.88098437e-01
1.73187500e-08,1.88101563e-01
1.73587500e-08,1.88098437e-01
1.73987500e-08,1.88101563e-01
1.74387500e-08,1.88098437e-01
1.74787500e-08,1.88101563e-01
1.75187500e-08,1.88098437e-01
1.75587500e-08,1.88101563e-01
1.75987500e-08,1.88098437e-01
1.76387500e-08,1.88101563e-01
1.76787500e-08,1.88098437e-01
1.77187500e-08,1.88101563e-01
1.77587500e-08,1.88098437e-01
1.77987500e-08,1.88100000e-01
1.78387500e-08,1.88100000e-01
1.78787500e-08,1.88100000e-01
1.79187500e-08,1.88100000e-01
1.79587500e-08,1.88100000e-01
1.79987500e-08,1.88101563e-01
1.80387500e-08,1.88098437e-01
1.80787500e-08,1.88103125e-01
1.81187500e-08,1.88095313e-01
1.81587500e-08,1.88107812e-01
1.81987500e-08,1.88087500e-01
1.82387500e-08,1.88121875e-01
1.82787500e-08,1.88053125e-01
1.83187500e-08,1.88298437e-01
1.83587500e-08,1.88564063e-01
1.83987500e-08,1.88459375e-01
1.84387500e-08,1.88532813e-01
1.84787500e-08,1.88470313e-01
1.85187500e-08,1.88528125e-01
1.85587500e-08,1.88471875e-01
1.85987500e-08,1.88529688e-01
1.86387500e-08,1.88465625e-01
1.86787500e-08,1.88542188e-01
1.87187500e-08,1.88432813e-01
1.87587500e-08,1.88720313e-01
1.87987500e-08,1.88942187e-01
1.88387500e-08,1.88881250e-01
1.88787500e-08,1.88909375e-01
1.89187500e-08,1.88895312e-01
1.89587500e-08,1.88900000e-01
1.89987500e-08,1.88901563e-01
1.90387500e-08,1.88896875e-01
1.90787500e-08,1.88906250e-01
1.91187500e-08,1.88892188e-01
1.91587500e-08,1.88909375e-01
1.91987500e-08,1.88887500e-01
1.92387500e-08,1.88915625e-01
1.92787500e-08,1.88878125e-01
1.93187500e-08,1.88931250e-01
1.93587500e-08,1.88843750e-01
1.93987500e-08,1.89109375e-01
1.94387500e-08,1.89351563e-01
1.94787500e-08,1.89271875e-01
1.95187500e-08,1.89318750e-01
1.95587500e-08,1.89285938e-01
1.95987500e-08,1.89309375e-01
1.96387500e-08,1.89292188e-01
1.96787500e-08,1.89306250e-01
1.97187500e-08,1.89295313e-01
1.97587500e-08,1.89303125e-01
1.97987500e-08,1.89296875e-01
1.98387500e-08,1.89301563e-01
1.98787500e-08,1.89300000e-01
1.99187500e-08,1.89300000e-01
1.99587500e-08,1.89301563e-01
1.99987500e-08,1.89298437e-01
2.00387500e-08,1.89303125e-01
2.00787500e-08,1.89296875e-01
2.01187500e-08,1.89304688e-01
2.01587500e-08,1.89293750e-01
2.01987500e-08,1.89307813e-01
2.02387500e-08,1.89290625e-01
2.02787500e-08,1.89314063e-01
2.03187500e-08,1.89281250e-01
2.03587500e-08,1.89328125e-01
2.03987500e-08,1.89246875e-01
2.04387500e-08,1.89506250e-01
2.04787500e-08,1.89754688e-01
2.05187500e-08,1.89668750e-01
2.05587500e-08,1.89721875e-01
2.05987500e-08,1.89682813e-01
2.06387500e-08,1.89714063e-01
2.06787500e-08,1.89689063e-01
2.07187500e-08,1.89709375e-01
2.07587500e-08,1.89692187e-01
2.07987500e-08,1.89707813e-01
2.08387500e-08,1.89693750e-01
2.08787500e-08,1.89706250e-01
2.09187500e-08,1.89695313e-01
2.09587500e-08,1.89704687e-01
2.09987500e-08,1.89695313e-01
2.10387500e-08,1.89703125e-01
2.10787500e-08,1.89696875e-01
2.11187500e-08,1.89703125e-01
2.11587500e-08,1.89698438e-01
2.11987500e-08,1.89701563e-01
2.12387500e-08,1.89698438e-01
2.12787500e-08,1.89700000e-01
2.13187500e-08,1.89700000e-01
2.13587500e-08,1.89698438e-01
2.13987500e-08,1.89703125e-01
2.14387500e-08,1.89696875e-01
2.14787500e-08,1.89706250e-01
2.15187500e-08,1.89690625e-01
2.15587500e-08,1.89714063e-01
2.15987500e-08,1.89676563e-01
2.16387500e-08,1.89746875e-01
2.16787500e-08,1.89500000e-01
2.17187500e-08,1.89237500e-01
2.17587500e-08,1.89339063e-01
2.17987500e-08,1.89268750e-01
2.18387500e-08,1.89328125e-01
2.18787500e-08,1.89271875e-01
2.19187500e-08,1.89331250e-01
2.19587500e-08,1.89260938e-01
2.19987500e-08,1.89362500e-01
2.20387500e-08,1.89085937e-01
2.20787500e-08,1.88850000e-01
2.21187500e-08,1.88928125e-01
2.21587500e-08,1.88881250e-01
2.21987500e-08,1.88915625e-01
2.22387500e-08,1.88884375e-01
2.22787500e-08,1.88915625e-01
2.23187500e-08,1.88882812e-01
2.23587500e-08,1.88921875e-01
2.23987500e-08,1.88870312e-01
2.24387500e-08,1.88954687e-01
2.24787500e-08,1.88692187e-01
2.25187500e-08,1.88445313e-01
2.25587500e-08,1.88531250e-01
2.25987500e-08,1.88478125e-01
2.26387500e-08,1.88517188e-01
2.26787500e-08,1.88485938e-01
2.27187500e-08,1.88512500e-01
2.27587500e-08,1.88489062e-01
2.27987500e-08,1.88509375e-01
2.28387500e-08,1.88490625e-01
2.28787500e-08,1.88509375e-01
2.29187500e-08,1.88492188e-01
2.29587500e-08,1.88507813e-01
2.29987500e-08,1.88492188e-01
2.30387500e-08,1.88506250e-01
2.30787500e-08,1.88493750e-01
2.31187500e-08,1.88506250e-01
2.31587500e-08,1.88493750e-01
2.31987500e-08,1.88506250e-01
2.32387500e-08,1.88493750e-01
2.32787500e-08,1.88506250e-01
2.33187500e-08,1.88495313e-01
2.33587500e-08,1.88504688e-01
2.33987500e-08,1.88495313e-01
2.34387500e-08,1.88504688e-01
2.34787500e-08,1.88495313e-01
2.35187500e-08,1.88504688e-01
2.35587500e-08,1.88495313e-01
2.35987500e-08,1.88504688e-01
2.36387500e-08,1.88496875e-01
2.36787500e-08,1.88503125e-01
2.37187500e-08,1.88496875e-01
2.37587500e-08,1.88503125e-01
2.37987500e-08,1.88498438e-01
2.38387500e-08,1.88501562e-01
2.38787500e-08,1.88500000e-01
2.39187500e-08,1.88500000e-01
2.39587500e-08,1.88503125e-01
2.39987500e-08,1.88495313e-01
2.40387500e-08,1.88509375e-01
2.40787500e-08,1.88481250e-01
2.41187500e-08,1.88543750e-01
2.41587500e-08,1.88303125e-01
2.41987500e-08,1.88032813e-01
2.42387500e-08,1.88143750e-01
2.42787500e-08,1.88065625e-01
2.43187500e-08,1.88131250e-01
2.43587500e-08,1.88070313e-01
2.43987500e-08,1.88129688e-01
2.44387500e-08,1.88068750e-01
2.44787500e-08,1.88135938e-01
2.45187500e-08,1.88054688e-01
2.45587500e-08,1.88168750e-01
2.45987500e-08,1.87878125e-01
2.46387500e-08,1.87659375e-01
2.46787500e-08,1.87717187e-01
2.47187500e-08,1.87692187e-01
2.47587500e-08,1.87701563e-01
2.47987500e-08,1.87701563e-01
2.48387500e-08,1.87696875e-01
2.48787500e-08,1.87704687e-01
2.49187500e-08,1.87693750e-01
2.49587500e-08,1.87707813e-01
2.49987500e-08,1.87690625e-01
2.50387500e-08,1.87710938e-01
2.50787500e-08,1.87685938e-01
2.51187500e-08,1.87715625e-01
2.51587500e-08,1.87681250e-01
2.51987500e-08,1.87725000e-01
2.52387500e-08,1.87665625e-01
2.52787500e-08,1.87760938e-01
2.53187500e-08,1.87485938e-01
2.53587500e-08,1.87251562e-01
2.53987500e-08,1.87323437e-01
2.54387500e-08,1.87285937e-01
2.54787500e-08,1.87307813e-01
2.55187500e-08,1.87296875e-01
2.55587500e-08,1.87300000e-01
2.55987500e-08,1.87303125e-01
2.56387500e-08,1.87293750e-01
2.56787500e-08,1.87309375e-01
2.57187500e-08,1.87284375e-01
2.57587500e-08,1.87326563e-01
2.57987500e-08,1.87248438e-01
2.58387500e-08,1.87504688e-01
2.58787500e-08,1.87756250e-01
2.59187500e-08,1.87667187e-01
2.59587500e-08,1.87723438e-01
2.59987500e-08,1.87681250e-01
2.60387500e-08,1.87714063e-01
2.60787500e-08,1.87687500e-01
2.61187500e-08,1.87710938e-01
2.61587500e-08,1.87690625e-01
2.61987500e-08,1.87709375e-01
2.62387500e-08,1.87692187e-01
2.62787500e-08,1.87707813e-01
2.63187500e-08,1.87693750e-01
2.63587500e-08,1.87706250e-01
2.63987500e-08,1.87693750e-01
2.64387500e-08,1.87704687e-01
2.64787500e-08,1.87695313e-01
2.65187500e-08,1.87704687e-01
2.65587500e-08,1.87695313e-01
2.65987500e-08,1.87704687e-01
2.66387500e-08,1.87696875e-01
2.66787500e-08,1.87703125e-01
2.67187500e-08,1.87696875e-01
2.67587500e-08,1.87703125e-01
2.67987500e-08,1.87696875e-01
2.68387500e-08,1.87703125e-01
2.68787500e-08,1.87696875e-01
2.69187500e-08,1.87703125e-01
2.69587500e-08,1.87696875e-01
2.69987500e-08,1.87701563e-01
2.70387500e-08,1.87698438e-01
2.70787500e-08,1.87701563e-01
2.71187500e-08,1.87698438e-01
2.71587500e-08,1.87701563e-01
2.71987500e-08,1.87698438e-01
2.72387500e-08,1.87701563e-01
2.72787500e-08,1.87698438e-01
2.73187500e-08,1.87701563e-01
2.73587500e-08,1.87698438e-01
2.73987500e-08,1.87701563e-01
2.74387500e-08,1.87698438e-01
2.74787500e-08,1.87701563e-01
2.75187500e-08,1.87698438e-01
2.75587500e-08,1.87701563e-01
2.75987500e-08,1.87698438e-01
2.76387500e-08,1.87701563e-01
2.76787500e-08,1.87698438e-01
2.77187500e-08,1.87701563e-01
2.77587500e-08,1.87698438e-01
2.77987500e-08,1.87701563e-01
2.78387500e-08,1.87698438e-01
2.78787500e-08,1.87701563e-01
2.79187500e-08,1.87698438e-01
2.79587500e-08,1.87701563e-01
2.79987500e-08,1.87698438e-01
2.80387500e-08,1.87701563e-01
2.80787500e-08,1.87698438e-01
2.81187500e-08,1.87701563e-01
2.81587500e-08,1.87698438e-01
2.81987500e-08,1.87701563e-01
2.82387500e-08,1.87698438e-01
2.82787500e-08,1.87701563e-01
2.83187500e-08,1.87698438e-01
2.83587500e-08,1.87700000e-01
2.83987500e-08,1.87700000e-01
2.84387500e-08,1.87700000e-01
2.84787500e-08,1.87700000e-01
2.85187500e-08,1.87700000e-01
2.85587500e-08,1.87698438e-01
2.85987500e-08,1.87701563e-01
2.86387500e-08,1.87700000e-01
2.86787500e-08,1.87701563e-01
2.87187500e-08,1.87698438e-01
2.87587500e-08,1.87701563e-01
2.87987500e-08,1.87698438e-01
2.88387500e-08,1.87701563e-01
2.88787500e-08,1.87698438e-01
2.89187500e-08,1.87701563e-01
2.89587500e-08,1.87698438e-01
2.89987500e-08,1.87701563e-01
2.90387500e-08,1.87698438e-01
2.90787500e-08,1.87701563e-01
2.91187500e-08,1.87698438e-01
2.91587500e-08,1.87701563e-01
2.91987500e-08,1.87698438e-01
2.92387500e-08,1.87701563e-01
2.92787500e-08,1.87698438e-01
2.93187500e-08,1.87701563e-01
2.93587500e-08,1.87698438e-01
2.93987500e-08,1.87703125e-01
2.94387500e-08,1.87696875e-01
2.94787500e-08,1.87703125e-01
2.95187500e-08,1.87696875e-01
2.95587500e-08,1.87704687e-01
2.95987500e-08,1.87695313e-01
2.96387500e-08,1.87706250e-01
2.96787500e-08,1.87693750e-01
2.97187500e-08,1.87707813e-01
2.97587500e-08,1.87690625e-01
2.97987500e-08,1.87712500e-01
2.98387500e-08,1.87681250e-01
2.98787500e-08,1.87728125e-01
2.99187500e-08,1.87646875e-01
2.99587500e-08,1.87904688e-01
2.99987500e-08,1.88156250e-01
3.00387500e-08,1.88067188e-01
3.00787500e-08,1.88123438e-01
3.01187500e-08,1.88081250e-01
3.01587500e-08,1.88115625e-01
3.01987500e-08,1.88085937e-01
3.02387500e-08,1.88112500e-01
3.02787500e-08,1.88087500e-01
3.03187500e-08,1.88110938e-01
3.03587500e-08,1.88089063e-01
3.03987500e-08,1.88109375e-01
3.04387500e-08,1.88090625e-01
3.04787500e-08,1.88109375e-01
3.05187500e-08,1.88090625e-01
3.05587500e-08,1.88109375e-01
3.05987500e-08,1.88090625e-01
3.06387500e-08,1.88109375e-01
3.06787500e-08,1.88090625e-01
3.07187500e-08,1.88109375e-01
3.07587500e-08,1.88090625e-01
3.07987500e-08,1.88109375e-01
3.08387500e-08,1.88090625e-01
3.08787500e-08,1.88109375e-01
3.09187500e-08,1.88090625e-01
3.09587500e-08,1.88110938e-01
3.09987500e-08,1.88089063e-01
3.10387500e-08,1.88110938e-01
3.10787500e-08,1.88087500e-01
3.11187500e-08,1.88112500e-01
3.11587500e-08,1.88085937e-01
3.11987500e-08,1.88115625e-01
3.12387500e-08,1.88082813e-01
3.12787500e-08,1.88118750e-01
3.13187500e-08,1.88078125e-01
3.13587500e-08,1.88126563e-01
3.13987500e-08,1.88062500e-01
3.14387500e-08,1.88162500e-01
3.14787500e-08,1.87884375e-01
3.15187500e-08,1.87653125e-01
3.15587500e-08,1.87721875e-01
3.15987500e-08,1.87687500e-01
3.16387500e-08,1.87707813e-01
3.16787500e-08,1.87696875e-01
3.17187500e-08,1.87701563e-01
3.17587500e-08,1.87701563e-01
3.17987500e-08,1.87696875e-01
3.18387500e-08,1.87704687e-01
3.18787500e-08,1.87692187e-01
3.19187500e-08,1.87710938e-01
3.19587500e-08,1.87685938e-01
3.19987500e-08,1.87718750e-01
3.20387500e-08,1.87670313e-01
3.20787500e-08,1.87754688e-01
3.21187500e-08,1.87492188e-01
3.21587500e-08,1.87246875e-01
3.21987500e-08,1.87329688e-01
3.22387500e-08,1.87279688e-01
3.22787500e-08,1.87314063e-01
3.23187500e-08,1.87289063e-01
3.23587500e-08,1.87307813e-01
3.23987500e-08,1.87293750e-01
3.24387500e-08,1.87304688e-01
3.24787500e-08,1.87296875e-01
3.25187500e-08,1.87303125e-01
3.25587500e-08,1.87298437e-01
3.25987500e-08,1.87300000e-01
3.26387500e-08,1.87301563e-01
3.26787500e-08,1.87298437e-01
3.27187500e-08,1.87303125e-01
3.27587500e-08,1.87295313e-01
3.27987500e-08,1.87307813e-01
3.28387500e-08,1.87289063e-01
3.28787500e-08,1.87317188e-01
3.29187500e-08,1.87273438e-01
3.29587500e-08,1.87351563e-01
3.29987500e-08,1.87095312e-01
3.30387500e-08,1.86842188e-01
3.30787500e-08,1.86932813e-01
3.31187500e-08,1.86876563e-01
3.31587500e-08,1.86918750e-01
3.31987500e-08,1.86884375e-01
3.32387500e-08,1.86914063e-01
3.32787500e-08,1.86887500e-01
3.33187500e-08,1.86910938e-01
3.33587500e-08,1.86890625e-01
3.33987500e-08,1.86909375e-01
3.34387500e-08,1.86892188e-01
3.34787500e-08,1.86907812e-01
3.35187500e-08,1.86893750e-01
3.35587500e-08,1.86906250e-01
3.35987500e-08,1.86893750e-01
3.36387500e-08,1.86906250e-01
3.36787500e-08,1.86895313e-01
3.37187500e-08,1.86904687e-01
3.37587500e-08,1.86895313e-01
3.37987500e-08,1.86904687e-01
3.38387500e-08,1.86895313e-01
3.38787500e-08,1.86904687e-01
3.39187500e-08,1.86896875e-01
3.39587500e-08,1.86903125e-01
3.39987500e-08,1.86896875e-01
3.40387500e-08,1.86903125e-01
3.40787500e-08,1.86896875e-01
3.41187500e-08,1.86903125e-01
3.41587500e-08,1.86896875e-01
3.41987500e-08,1.86901563e-01
3.42387500e-08,1.86898438e-01
3.42787500e-08,1.86901563e-01
3.43187500e-08,1.86898438e-01
3.43587500e-08,1.86901563e-01
3.43987500e-08,1.86900000e-01
3.44387500e-08,1.86900000e-01
3.44787500e-08,1.86901563e-01
3.45187500e-08,1.86898438e-01
3.45587500e-08,1.86903125e-01
3.45987500e-08,1.86895313e-01
3.46387500e-08,1.86907812e-01
3.46787500e-08,1.86887500e-01
3.47187500e-08,1.86921875e-01
3.47587500e-08,1.86854688e-01
3.47987500e-08,1.87098438e-01
3.48387500e-08,1.87365625e-01
3.48787500e-08,1.87257813e-01
3.49187500e-08,1.87334375e-01
3.49587500e-08,1.87268750e-01
3.49987500e-08,1.87331250e-01
3.50387500e-08,1.87264062e-01
3.50787500e-08,1.87343750e-01
3.51187500e-08,1.87232813e-01
3.51587500e-08,1.87520313e-01
3.51987500e-08,1.87742188e-01
3.52387500e-08,1.87682813e-01
3.52787500e-08,1.87706250e-01
3.53187500e-08,1.87700000e-01
3.53587500e-08,1.87692187e-01
3.53987500e-08,1.87718750e-01
3.54387500e-08,1.87656250e-01
3.54787500e-08,1.87896875e-01
3.55187500e-08,1.88165625e-01
3.55587500e-08,1.88057813e-01
3.55987500e-08,1.88134375e-01
3.56387500e-08,1.88068750e-01
3.56787500e-08,1.88131250e-01
3.57187500e-08,1.88065625e-01
3.57587500e-08,1.88142188e-01
3.57987500e-08,1.88032813e-01
3.58387500e-08,1.88318750e-01
3.58787500e-08,1.88543750e-01
3.59187500e-08,1.88479687e-01
3.59587500e-08,1.88509375e-01
3.59987500e-08,1.88495313e-01
3.60387500e-08,1.88501562e-01
3.60787500e-08,1.88501562e-01
3.61187500e-08,1.88493750e-01
3.61587500e-08,1.88509375e-01
3.61987500e-08,1.88484375e-01
3.62387500e-08,1.88525000e-01
3.62787500e-08,1.88450000e-01
3.63187500e-08,1.88704687e-01
3.63587500e-08,1.88957813e-01
3.63987500e-08,1.88865625e-01
3.64387500e-08,1.88925000e-01
3.64787500e-08,1.88881250e-01
3.65187500e-08,1.88915625e-01
3.65587500e-08,1.88885938e-01
3.65987500e-08,1.88912500e-01
3.66387500e-08,1.88889063e-01
3.66787500e-08,1.88910938e-01
3.67187500e-08,1.88890625e-01
3.67587500e-08,1.88909375e-01
3.67987500e-08,1.88892188e-01
3.68387500e-08,1.88907812e-01
3.68787500e-08,1.88892188e-01
3.69187500e-08,1.88907812e-01
3.69587500e-08,1.88892188e-01
3.69987500e-08,1.88906250e-01
3.70387500e-08,1.88893750e-01
3.70787500e-08,1.88906250e-01
3.71187500e-08,1.88893750e-01
3.71587500e-08,1.88906250e-01
3.71987500e-08,1.88893750e-01
3.72387500e-08,1.88906250e-01
3.72787500e-08,1.88893750e-01
3.73187500e-08,1.88906250e-01
3.73587500e-08,1.88893750e-01
3.73987500e-08,1.88906250e-01
3.74387500e-08,1.88893750e-01
3.74787500e-08,1.88906250e-01
3.75187500e-08,1.88893750e-01
3.75587500e-08,1.88906250e-01
3.75987500e-08,1.88893750e-01
3.76387500e-08,1.88906250e-01
3.76787500e-08,1.88893750e-01
3.77187500e-08,1.88906250e-01
3.77587500e-08,1.88893750e-01
3.77987500e-08,1.88906250e-01
3.78387500e-08,1.88893750e-01
3.78787500e-08,1.88906250e-01
3.79187500e-08,1.88893750e-01
3.79587500e-08,1.88906250e-01
3.79987500e-08,1.88893750e-01
3.80387500e-08,1.88906250e-01
3.80787500e-08,1.88892188e-01
3.81187500e-08,1.88907812e-01
3.81587500e-08,1.88890625e-01
3.81987500e-08,1.88909375e-01
3.82387500e-08,1.88889063e-01
3.82787500e-08,1.88912500e-01
3.83187500e-08,1.88884375e-01
3.83587500e-08,1.88920313e-01
3.83987500e-08,1.88870312e-01
3.84387500e-08,1.88954687e-01
3.84787500e-08,1.88692187e-01
3.85187500e-08,1.88445313e-01
3.85587500e-08,1.88531250e-01
3.85987500e-08,1.88476562e-01
3.86387500e-08,1.88518750e-01
3.86787500e-08,1.88484375e-01
3.87187500e-08,1.88514062e-01
3.87587500e-08,1.88485938e-01
3.87987500e-08,1.88514062e-01
3.88387500e-08,1.88484375e-01
3.88787500e-08,1.88517188e-01
3.89187500e-08,1.88481250e-01
3.89587500e-08,1.88523438e-01
3.89987500e-08,1.88467188e-01
3.90387500e-08,1.88557813e-01
3.90787500e-08,1.88289062e-01
3.91187500e-08,1.88050000e-01
3.91587500e-08,1.88126563e-01
3.91987500e-08,1.88082813e-01
3.92387500e-08,1.88110938e-01
3.92787500e-08,1.88092188e-01
3.93187500e-08,1.88104688e-01
3.93587500e-08,1.88098437e-01
3.93987500e-08,1.88096875e-01
3.94387500e-08,1.88107812e-01
3.94787500e-08,1.88081250e-01
3.95187500e-08,1.88143750e-01
3.95587500e-08,1.87903125e-01
3.95987500e-08,1.87634375e-01
3.96387500e-08,1.87742188e-01
3.96787500e-08,1.87665625e-01
3.97187500e-08,1.87729688e-01
3.97587500e-08,1.87673438e-01
3.97987500e-08,1.87726562e-01
3.98387500e-08,1.87673438e-01
3.98787500e-08,1.87726562e-01
3.99187500e-08,1.87670313e-01
3.99587500e-08,1.87734375e-01
3.99987500e-08,1.87657813e-01
4.00387500e-08,1.87767188e-01
4.00787500e-08,1.87479688e-01
4.01187500e-08,1.87257813e-01
4.01587500e-08,1.87318750e-01
4.01987500e-08,1.87290625e-01
4.02387500e-08,1.87304688e-01
4.02787500e-08,1.87298437e-01
4.03187500e-08,1.87298437e-01
4.03587500e-08,1.87303125e-01
4.03987500e-08,1.87295313e-01
4.04387500e-08,1.87306250e-01
4.04787500e-08,1.87292188e-01
4.05187500e-08,1.87309375e-01
4.05587500e-08,1.87289063e-01
4.05987500e-08,1.87312500e-01
4.06387500e-08,1.87282813e-01
4.06787500e-08,1.87321875e-01
4.07187500e-08,1.87268750e-01
4.07587500e-08,1.87356250e-01
4.07987500e-08,1.87090625e-01
4.08387500e-08,1.86848438e-01
4.08787500e-08,1.86928125e-01
4.09187500e-08,1.86881250e-01
4.09587500e-08,1.86914063e-01
4.09987500e-08,1.86889063e-01
4.10387500e-08,1.86907812e-01
4.10787500e-08,1.86893750e-01
4.11187500e-08,1.86906250e-01
4.11587500e-08,1.86895313e-01
4.11987500e-08,1.86904687e-01
4.12387500e-08,1.86896875e-01
4.12787500e-08,1.86903125e-01
4.13187500e-08,1.86896875e-01
4.13587500e-08,1.86901563e-01
4.13987500e-08,1.86898438e-01
4.14387500e-08,1.86901563e-01
4.14787500e-08,1.86898438e-01
4.15187500e-08,1.86901563e-01
4.15587500e-08,1.86900000e-01
4.15987500e-08,1.86900000e-01
4.16387500e-08,1.86900000e-01
4.16787500e-08,1.86900000e-01
4.17187500e-08,1.86900000e-01
4.17587500e-08,1.86900000e-01
4.17987500e-08,1.86900000e-01
4.18387500e-08,1.86900000e-01
4.18787500e-08,1.86900000e-01
4.19187500e-08,1.86898438e-01
4.19587500e-08,1.86901563e-01
4.19987500e-08,1.86898438e-01
4.20387500e-08,1.86901563e-01
4.20787500e-08,1.86898438e-01
4.21187500e-08,1.86901563e-01
4.21587500e-08,1.86898438e-01
4.21987500e-08,1.86901563e-01
4.22387500e-08,1.86898438e-01
4.22787500e-08,1.86903125e-01
4.23187500e-08,1.86896875e-01
4.23587500e-08,1.86903125e-01
4.23987500e-08,1.86896875e-01
4.24387500e-08,1.86903125e-01
4.24787500e-08,1.86895313e-01
4.25187500e-08,1.86904687e-01
4.25587500e-08,1.86895313e-01
4.25987500e-08,1.86906250e-01
4.26387500e-08,1.86893750e-01
4.26787500e-08,1.86907812e-01
4.27187500e-08,1.86892188e-01
4.27587500e-08,1.86909375e-01
4.27987500e-08,1.86887500e-01
4.28387500e-08,1.86914063e-01
4.28787500e-08,1.86879688e-01
4.29187500e-08,1.86929687e-01
4.29587500e-08,1.86845312e-01
4.29987500e-08,1.87107812e-01
4.30387500e-08,1.87354688e-01
4.30787500e-08,1.87268750e-01
4.31187500e-08,1.87321875e-01
4.31587500e-08,1.87282813e-01
4.31987500e-08,1.87314063e-01
4.32387500e-08,1.87287500e-01
4.32787500e-08,1.87310937e-01
4.33187500e-08,1.87290625e-01
4.33587500e-08,1.87309375e-01
4.33987500e-08,1.87292188e-01
4.34387500e-08,1.87307813e-01
4.34787500e-08,1.87292188e-01
4.35187500e-08,1.87307813e-01
4.35587500e-08,1.87292188e-01
4.35987500e-08,1.87307813e-01
4.36387500e-08,1.87292188e-01
4.36787500e-08,1.87307813e-01
4.37187500e-08,1.87292188e-01
4.37587500e-08,1.87309375e-01
4.37987500e-08,1.87290625e-01
4.38387500e-08,1.87310937e-01
4.38787500e-08,1.87287500e-01
4.39187500e-08,1.87315625e-01
4.39587500e-08,1.87279688e-01
4.39987500e-08,1.87331250e-01
4.40387500e-08,1.87245313e-01
4.40787500e-08,1.87507813e-01
4.41187500e-08,1.87754688e-01
4.41587500e-08,1.87668750e-01
4.41987500e-08,1.87721875e-01
4.42387500e-08,1.87684375e-01
4.42787500e-08,1.87714063e-01
4.43187500e-08,1.87689063e-01
4.43587500e-08,1.87710938e-01
4.43987500e-08,1.87690625e-01
4.44387500e-08,1.87707813e-01
4.44787500e-08,1.87692187e-01
4.45187500e-08,1.87707813e-01
4.45587500e-08,1.87692187e-01
4.45987500e-08,1.87706250e-01
4.46387500e-08,1.87693750e-01
4.46787500e-08,1.87706250e-01
4.47187500e-08,1.87693750e-01
4.47587500e-08,1.87706250e-01
4.47987500e-08,1.87693750e-01
4.48387500e-08,1.87706250e-01
4.48787500e-08,1.87693750e-01
4.49187500e-08,1.87706250e-01
4.49587500e-08,1.87693750e-01
4.49987500e-08,1.87706250e-01
4.50387500e-08,1.87693750e-01
4.50787500e-08,1.87706250e-01
4.51187500e-08,1.87693750e-01
4.51587500e-08,1.87706250e-01
4.51987500e-08,1.87692187e-01
4.52387500e-08,1.87707813e-01
4.52787500e-08,1.87692187e-01
4.53187500e-08,1.87707813e-01
4.53587500e-08,1.87692187e-01
4.53987500e-08,1.87707813e-01
4.54387500e-08,1.87690625e-01
4.54787500e-08,1.87709375e-01
4.55187500e-08,1.87690625e-01
4.55587500e-08,1.87710938e-01
4.55987500e-08,1.87689063e-01
4.56387500e-08,1.87712500e-01
4.56787500e-08,1.87685938e-01
4.57187500e-08,1.87715625e-01
4.57587500e-08,1.87682813e-01
4.57987500e-08,1.87721875e-01
4.58387500e-08,1.87673438e-01
4.58787500e-08,1.87735938e-01
4.59187500e-08,1.87639063e-01
4.59587500e-08,1.87915625e-01
4.59987500e-08,1.88146875e-01
4.60387500e-08,1.88078125e-01
4.60787500e-08,1.88112500e-01
4.61187500e-08,1.88093750e-01
4.61587500e-08,1.88103125e-01
4.61987500e-08,1.88100000e-01
4.62387500e-08,1.88096875e-01
4.62787500e-08,1.88104688e-01
4.63187500e-08,1.88092188e-01
4.63587500e-08,1.88112500e-01
4.63987500e-08,1.88082813e-01
4.64387500e-08,1.88128125e-01
4.64787500e-08,1.88046875e-01
4.65187500e-08,1.88307813e-01
4.65587500e-08,1.88554688e-01
4.65987500e-08,1.88470313e-01
4.66387500e-08,1.88520313e-01
4.66787500e-08,1.88485938e-01
4.67187500e-08,1.88510938e-01
4.67587500e-08,1.88492188e-01
4.67987500e-08,1.88506250e-01
4.68387500e-08,1.88495313e-01
4.68787500e-08,1.88503125e-01
4.69187500e-08,1.88498438e-01
4.69587500e-08,1.88500000e-01
4.69987500e-08,1.88503125e-01
4.70387500e-08,1.88495313e-01
4.70787500e-08,1.88509375e-01
4.71187500e-08,1.88485938e-01
4.71587500e-08,1.88525000e-01
4.71987500e-08,1.88450000e-01
4.72387500e-08,1.88703125e-01
4.72787500e-08,1.88959375e-01
4.73187500e-08,1.88865625e-01
4.73587500e-08,1.88925000e-01
4.73987500e-08,1.88879688e-01
4.74387500e-08,1.88917188e-01
4.74787500e-08,1.88884375e-01
4.75187500e-08,1.88914063e-01
4.75587500e-08,1.88887500e-01
4.75987500e-08,1.88910938e-01
4.76387500e-08,1.88890625e-01
4.76787500e-08,1.88909375e-01
4.77187500e-08,1.88890625e-01
4.77587500e-08,1.88907812e-01
4.77987500e-08,1.88892188e-01
4.78387500e-08,1.88907812e-01
4.78787500e-08,1.88892188e-01
4.79187500e-08,1.88906250e-01
4.79587500e-08,1.88893750e-01
4.79987500e-08,1.88906250e-01
4.80387500e-08,1.88893750e-01
4.80787500e-08,1.88906250e-01
4.81187500e-08,1.88893750e-01
4.81587500e-08,1.88904688e-01
4.81987500e-08,1.88895312e-01
4.82387500e-08,1.88904688e-01
4.82787500e-08,1.88895312e-01
4.83187500e-08,1.88904688e-01
4.83587500e-08,1.88895312e-01
4.83987500e-08,1.88904688e-01
4.84387500e-08,1.88895312e-01
4.84787500e-08,1.88904688e-01
4.85187500e-08,1.88895312e-01
4.85587500e-08,1.88903125e-01
4.85987500e-08,1.88896875e-01
4.86387500e-08,1.88903125e-01
4.86787500e-08,1.88896875e-01
4.87187500e-08,1.88903125e-01
4.87587500e-08,1.88896875e-01
4.87987500e-08,1.88903125e-01
4.88387500e-08,1.88896875e-01
4.88787500e-08,1.88903125e-01
4.89187500e-08,1.88896875e-01
4.89587500e-08,1.88903125e-01
4.89987500e-08,1.88898438e-01
4.90387500e-08,1.88901563e-01
4.90787500e-08,1.88898438e-01
4.91187500e-08,1.88901563e-01
4.91587500e-08,1.88898438e-01
4.91987500e-08,1.88901563e-01
4.92387500e-08,1.88898438e-01
4.92787500e-08,1.88901563e-01
4.93187500e-08,1.88898438e-01
4.93587500e-08,1.88900000e-01
4.93987500e-08,1.88900000e-01
4.94387500e-08,1.88900000e-01
4.94787500e-08,1.88900000e-01
4.95187500e-08,1.88900000e-01
4.95587500e-08,1.88901563e-01
4.95987500e-08,1.88898438e-01
4.96387500e-08,1.88901563e-01
4.96787500e-08,1.88896875e-01
4.97187500e-08,1.88903125e-01
4.97587500e-08,1.88895312e-01
4.97987500e-08,1.88904688e-01
4.98387500e-08,1.88892188e-01
4.98787500e-08,1.88909375e-01
4.99187500e-08,1.88887500e-01
4.99587500e-08,1.88917188e-01
4.99987500e-08,1.88873438e-01
5.00387500e-08,1.88953125e-01
5.00787500e-08,1.88693750e-01
5.01187500e-08,1.88443750e-01
5.01587500e-08,1.88532813e-01
5.01987500e-08,1.88476562e-01
5.02387500e-08,1.88517188e-01
5.02787500e-08,1.88485938e-01
5.03187500e-08,1.88512500e-01
5.03587500e-08,1.88489062e-01
5.03987500e-08,1.88509375e-01
5.04387500e-08,1.88492188e-01
5.04787500e-08,1.88506250e-01
5.05187500e-08,1.88493750e-01
5.05587500e-08,1.88504688e-01
5.05987500e-08,1.88496875e-01
5.06387500e-08,1.88501562e-01
5.06787500e-08,1.88500000e-01
5.07187500e-08,1.88498438e-01
5.07587500e-08,1.88504688e-01
5.07987500e-08,1.88489062e-01
5.08387500e-08,1.88520313e-01
5.08787500e-08,1.88454687e-01
5.09187500e-08,1.88698438e-01
5.09587500e-08,1.88964063e-01
5.09987500e-08,1.88859375e-01
5.10387500e-08,1.88931250e-01
5.10787500e-08,1.88875000e-01
5.11187500e-08,1.88923438e-01
5.11587500e-08,1.88879688e-01
5.11987500e-08,1.88918750e-01
5.12387500e-08,1.88881250e-01
5.12787500e-08,1.88917188e-01
5.13187500e-08,1.88882812e-01
5.13587500e-08,1.88917188e-01
5.13987500e-08,1.88882812e-01
5.14387500e-08,1.88917188e-01
5.14787500e-08,1.88882812e-01
5.15187500e-08,1.88917188e-01
5.15587500e-08,1.88882812e-01
5.15987500e-08,1.88918750e-01
5.16387500e-08,1.88881250e-01
5.16787500e-08,1.88920313e-01
5.17187500e-08,1.88876563e-01
5.17587500e-08,1.88928125e-01
5.17987500e-08,1.88862500e-01
5.18387500e-08,1.88960938e-01
5.18787500e-08,1.88685938e-01
5.19187500e-08,1.88450000e-01
5.19587500e-08,1.88526562e-01
5.19987500e-08,1.88481250e-01
5.20387500e-08,1.88515625e-01
5.20787500e-08,1.88484375e-01
5.21187500e-08,1.88518750e-01
5.21587500e-08,1.88471875e-01
5.21987500e-08,1.88551563e-01
5.22387500e-08,1.88295313e-01
5.22787500e-08,1.88043750e-01
5.23187500e-08,1.88131250e-01
5.23587500e-08,1.88081250e-01
5.23987500e-08,1.88106250e-01
5.24387500e-08,1.88118750e-01
5.24787500e-08,1.87928125e-01
5.25187500e-08,1.87606250e-01
5.25587500e-08,1.87775000e-01
5.25987500e-08,1.87623438e-01
5.26387500e-08,1.87796875e-01
5.26787500e-08,1.87451563e-01
5.27187500e-08,1.87287500e-01
5.27587500e-08,1.87287500e-01
5.27987500e-08,1.87326563e-01
5.28387500e-08,1.87257813e-01
5.28787500e-08,1.87370312e-01
5.29187500e-08,1.87073437e-01
5.29587500e-08,1.86867188e-01
5.29987500e-08,1.86904687e-01
5.30387500e-08,1.86910938e-01
5.30787500e-08,1.86873438e-01
5.31187500e-08,1.86954687e-01
5.31587500e-08,1.86689063e-01
5.31987500e-08,1.86451563e-01
5.32387500e-08,1.86521875e-01
5.32787500e-08,1.86490625e-01
5.33187500e-08,1.86500000e-01
5.33587500e-08,1.86509375e-01
5.33987500e-08,1.86478125e-01
5.34387500e-08,1.86548437e-01
5.34787500e-08,1.86296875e-01
5.35187500e-08,1.86042188e-01
5.35587500e-08,1.86132812e-01
5.35987500e-08,1.86078125e-01
5.36387500e-08,1.86117188e-01
5.36787500e-08,1.86087500e-01
5.37187500e-08,1.86109375e-01
5.37587500e-08,1.86092188e-01
5.37987500e-08,1.86104688e-01
5.38387500e-08,1.86096875e-01
5.38787500e-08,1.86101563e-01
5.39187500e-08,1.86100000e-01
5.39587500e-08,1.86096875e-01
5.39987500e-08,1.86106250e-01
5.40387500e-08,1.86087500e-01
5.40787500e-08,1.86121875e-01
5.41187500e-08,1.86053125e-01
5.41587500e-08,1.86298437e-01
5.41987500e-08,1.86564063e-01
5.42387500e-08,1.86459375e-01
5.42787500e-08,1.86532813e-01
5.43187500e-08,1.86470313e-01
5.43587500e-08,1.86529688e-01
5.43987500e-08,1.86467188e-01
5.44387500e-08,1.86540625e-01
5.44787500e-08,1.86435938e-01
5.45187500e-08,1.86717187e-01
5.45587500e-08,1.86945313e-01
5.45987500e-08,1.86878125e-01
5.46387500e-08,1.86912500e-01
5.46787500e-08,1.86895313e-01
5.47187500e-08,1.86898438e-01
5.47587500e-08,1.86912500e-01
5.47987500e-08,1.86864063e-01
5.48387500e-08,1.87089063e-01
5.48787500e-08,1.87375000e-01
5.49187500e-08,1.87246875e-01
5.49587500e-08,1.87346875e-01
5.49987500e-08,1.87251562e-01
5.50387500e-08,1.87354688e-01
5.50787500e-08,1.87221875e-01
5.51187500e-08,1.87531250e-01
5.51587500e-08,1.87731250e-01
5.51987500e-08,1.87693750e-01
5.52387500e-08,1.87695313e-01
5.52787500e-08,1.87714063e-01
5.53187500e-08,1.87678125e-01
5.53587500e-08,1.87732813e-01
5.53987500e-08,1.87639063e-01
5.54387500e-08,1.87915625e-01
5.54787500e-08,1.88145312e-01
5.55187500e-08,1.88081250e-01
5.55587500e-08,1.88106250e-01
5.55987500e-08,1.88101563e-01
5.56387500e-08,1.88089063e-01
5.56787500e-08,1.88121875e-01
5.57187500e-08,1.88050000e-01
5.57587500e-08,1.88304688e-01
5.57987500e-08,1.88556250e-01
5.58387500e-08,1.88468750e-01
5.58787500e-08,1.88520313e-01
5.59187500e-08,1.88485938e-01
5.59587500e-08,1.88509375e-01
5.59987500e-08,1.88495313e-01
5.60387500e-08,1.88501562e-01
5.60787500e-08,1.88503125e-01
5.61187500e-08,1.88490625e-01
5.61587500e-08,1.88520313e-01
5.61987500e-08,1.88454687e-01
5.62387500e-08,1.88700000e-01
5.62787500e-08,1.88960938e-01
5.63187500e-08,1.88862500e-01
5.63587500e-08,1.88928125e-01
5.63987500e-08,1.88878125e-01
5.64387500e-08,1.88918750e-01
5.64787500e-08,1.88884375e-01
5.65187500e-08,1.88914063e-01
5.65587500e-08,1.88887500e-01
5.65987500e-08,1.88910938e-01
5.66387500e-08,1.88890625e-01
5.66787500e-08,1.88909375e-01
5.67187500e-08,1.88892188e-01
5.67587500e-08,1.88907812e-01
5.67987500e-08,1.88893750e-01
5.68387500e-08,1.88906250e-01
5.68787500e-08,1.88895312e-01
5.69187500e-08,1.88903125e-01
5.69587500e-08,1.88896875e-01
5.69987500e-08,1.88901563e-01
5.70387500e-08,1.88900000e-01
5.70787500e-08,1.88898438e-01
5.71187500e-08,1.88903125e-01
5.71587500e-08,1.88893750e-01
5.71987500e-08,1.88912500e-01
5.72387500e-08,1.88878125e-01
5.72787500e-08,1.88946875e-01
5.73187500e-08,1.88700000e-01
5.73587500e-08,1.88437500e-01
5.73987500e-08,1.88539063e-01
5.74387500e-08,1.88470313e-01
5.74787500e-08,1.88523438e-01
5.75187500e-08,1.88479687e-01
5.75587500e-08,1.88518750e-01
5.75987500e-08,1.88482813e-01
5.76387500e-08,1.88517188e-01
5.76787500e-08,1.88484375e-01
5.77187500e-08,1.88515625e-01
5.77587500e-08,1.88484375e-01
5.77987500e-08,1.88514062e-01
5.78387500e-08,1.88485938e-01
5.78787500e-08,1.88514062e-01
5.79187500e-08,1.88484375e-01
5.79587500e-08,1.88515625e-01
5.79987500e-08,1.88484375e-01
5.80387500e-08,1.88515625e-01
5.80787500e-08,1.88482813e-01
5.81187500e-08,1.88518750e-01
5.81587500e-08,1.88479687e-01
5.81987500e-08,1.88523438e-01
5.82387500e-08,1.88471875e-01
5.82787500e-08,1.88539063e-01
5.83187500e-08,1.88435938e-01
5.83587500e-08,1.88717187e-01
5.83987500e-08,1.88945313e-01
5.84387500e-08,1.88878125e-01
5.84787500e-08,1.88910938e-01
5.85187500e-08,1.88893750e-01
5.85587500e-08,1.88901563e-01
5.85987500e-08,1.88901563e-01
5.86387500e-08,1.88895312e-01
5.86787500e-08,1.88907812e-01
5.87187500e-08,1.88885938e-01
5.87587500e-08,1.88923438e-01
5.87987500e-08,1.88851563e-01
5.88387500e-08,1.89101563e-01
5.88787500e-08,1.89359375e-01
5.89187500e-08,1.89264062e-01
5.89587500e-08,1.89326563e-01
5.89987500e-08,1.89276562e-01
5.90387500e-08,1.89320313e-01
5.90787500e-08,1.89279688e-01
5.91187500e-08,1.89318750e-01
5.91587500e-08,1.89279688e-01
5.91987500e-08,1.89321875e-01
5.92387500e-08,1.89273438e-01
5.92787500e-08,1.89335937e-01
5.93187500e-08,1.89239062e-01
5.93587500e-08,1.89512500e-01
5.93987500e-08,1.89750000e-01
5.94387500e-08,1.89673438e-01
5.94787500e-08,1.89717187e-01
5.95187500e-08,1.89687500e-01
5.95587500e-08,1.89709375e-01
5.95987500e-08,1.89692187e-01
5.96387500e-08,1.89706250e-01
5.96787500e-08,1.89693750e-01
5.97187500e-08,1.89704687e-01
5.97587500e-08,1.89695313e-01
5.97987500e-08,1.89703125e-01
5.98387500e-08,1.89696875e-01
5.98787500e-08,1.89703125e-01
5.99187500e-08,1.89696875e-01
5.99587500e-08,1.89703125e-01
5.99987500e-08,1.89698438e-01
6.00387500e-08,1.89701563e-01
6.00787500e-08,1.89698438e-01
6.01187500e-08,1.89701563e-01
6.01587500e-08,1.89698438e-01
6.01987500e-08,1.89701563e-01
6.02387500e-08,1.89698438e-01
6.02787500e-08,1.89701563e-01
6.03187500e-08,1.89698438e-01
6.03587500e-08,1.89701563e-01
6.03987500e-08,1.89698438e-01
6.04387500e-08,1.89701563e-01
6.04787500e-08,1.89698438e-01
6.05187500e-08,1.89700000e-01
6.05587500e-08,1.89700000e-01
6.05987500e-08,1.89700000e-01
6.06387500e-08,1.89700000e-01
6.06787500e-08,1.89700000e-01
6.07187500e-08,1.89700000e-01
6.07587500e-08,1.89700000e-01
6.07987500e-08,1.89700000e-01
6.08387500e-08,1.89700000e-01
6.08787500e-08,1.89700000e-01
6.09187500e-08,1.89700000e-01
6.09587500e-08,1.89700000e-01
6.09987500e-08,1.89700000e-01
6.10387500e-08,1.89700000e-01
6.10787500e-08,1.89700000e-01
6.11187500e-08,1.89701563e-01
6.11587500e-08,1.89698438e-01
6.11987500e-08,1.89701563e-01
6.12387500e-08,1.89698438e-01
6.12787500e-08,1.89701563e-01
6.13187500e-08,1.89698438e-01
6.13587500e-08,1.89701563e-01
6.13987500e-08,1.89698438e-01
6.14387500e-08,1.89701563e-01
6.14787500e-08,1.89698438e-01
6.15187500e-08,1.89703125e-01
6.15587500e-08,1.89696875e-01
6.15987500e-08,1.89703125e-01
6.16387500e-08,1.89696875e-01
6.16787500e-08,1.89704687e-01
6.17187500e-08,1.89695313e-01
6.17587500e-08,1.89704687e-01
6.17987500e-08,1.89693750e-01
6.18387500e-08,1.89706250e-01
6.18787500e-08,1.89692187e-01
6.19187500e-08,1.89709375e-01
6.19587500e-08,1.89689063e-01
6.19987500e-08,1.89712500e-01
6.20387500e-08,1.89684375e-01
6.20787500e-08,1.89721875e-01
6.21187500e-08,1.89668750e-01
6.21587500e-08,1.89756250e-01
6.21987500e-08,1.89490625e-01
6.22387500e-08,1.89248438e-01
6.22787500e-08,1.89328125e-01
6.23187500e-08,1.89281250e-01
6.23587500e-08,1.89312500e-01
6.23987500e-08,1.89292188e-01
6.24387500e-08,1.89304688e-01
6.24787500e-08,1.89298437e-01
6.25187500e-08,1.89298437e-01
6.25587500e-08,1.89307813e-01
6.25987500e-08,1.89282813e-01
6.26387500e-08,1.89342188e-01
6.26787500e-08,1.89104688e-01
6.27187500e-08,1.88831250e-01
6.27587500e-08,1.88945313e-01
6.27987500e-08,1.88860938e-01
6.28387500e-08,1.88937500e-01
6.28787500e-08,1.88856250e-01
6.29187500e-08,1.88965625e-01
6.29587500e-08,1.88682813e-01
6.29987500e-08,1.88451563e-01
6.30387500e-08,1.88526562e-01
6.30787500e-08,1.88478125e-01
6.31187500e-08,1.88521875e-01
6.31587500e-08,1.88471875e-01
6.31987500e-08,1.88551563e-01
6.32387500e-08,1.88296875e-01
6.32787500e-08,1.88037500e-01
6.33187500e-08,1.88140625e-01
6.33587500e-08,1.88065625e-01
6.33987500e-08,1.88134375e-01
6.34387500e-08,1.88059375e-01
6.34787500e-08,1.88162500e-01
6.35187500e-08,1.87885938e-01
6.35587500e-08,1.87650000e-01
6.35987500e-08,1.87728125e-01
6.36387500e-08,1.87679687e-01
6.36787500e-08,1.87718750e-01
6.37187500e-08,1.87681250e-01
6.37587500e-08,1.87721875e-01
6.37987500e-08,1.87668750e-01
6.38387500e-08,1.87754688e-01
6.38787500e-08,1.87492188e-01
6.39187500e-08,1.87243750e-01
6.39587500e-08,1.87331250e-01
6.39987500e-08,1.87276563e-01
6.40387500e-08,1.87318750e-01
6.40787500e-08,1.87284375e-01
6.41187500e-08,1.87314063e-01
6.41587500e-08,1.87287500e-01
6.41987500e-08,1.87310937e-01
6.42387500e-08,1.87289063e-01
6.42787500e-08,1.87309375e-01
6.43187500e-08,1.87290625e-01
6.43587500e-08,1.87309375e-01
6.43987500e-08,1.87290625e-01
6.44387500e-08,1.87309375e-01
6.44787500e-08,1.87292188e-01
6.45187500e-08,1.87307813e-01
6.45587500e-08,1.87292188e-01
6.45987500e-08,1.87307813e-01
6.46387500e-08,1.87292188e-01
6.46787500e-08,1.87307813e-01
6.47187500e-08,1.87292188e-01
6.47587500e-08,1.87307813e-01
6.47987500e-08,1.87292188e-01
6.48387500e-08,1.87307813e-01
6.48787500e-08,1.87292188e-01
6.49187500e-08,1.87307813e-01
6.49587500e-08,1.87292188e-01
6.49987500e-08,1.87307813e-01
6.50387500e-08,1.87292188e-01
6.50787500e-08,1.87307813e-01
6.51187500e-08,1.87292188e-01
6.51587500e-08,1.87307813e-01
6.51987500e-08,1.87292188e-01
6.52387500e-08,1.87307813e-01
6.52787500e-08,1.87292188e-01
6.53187500e-08,1.87307813e-01
6.53587500e-08,1.87292188e-01
6.53987500e-08,1.87307813e-01
6.54387500e-08,1.87290625e-01
6.54787500e-08,1.87309375e-01
6.55187500e-08,1.87290625e-01
6.55587500e-08,1.87309375e-01
6.55987500e-08,1.87290625e-01
6.56387500e-08,1.87309375e-01
6.56787500e-08,1.87289063e-01
6.57187500e-08,1.87310937e-01
6.57587500e-08,1.87289063e-01
6.57987500e-08,1.87312500e-01
6.58387500e-08,1.87287500e-01
6.58787500e-08,1.87314063e-01
6.59187500e-08,1.87284375e-01
6.59587500e-08,1.87317188e-01
6.59987500e-08,1.87281250e-01
6.60387500e-08,1.87321875e-01
6.60787500e-08,1.87271875e-01
6.61187500e-08,1.87337500e-01
6.61587500e-08,1.87237500e-01
6.61987500e-08,1.87515625e-01
6.62387500e-08,1.87746875e-01
6.62787500e-08,1.87678125e-01
6.63187500e-08,1.87712500e-01
6.63587500e-08,1.87693750e-01
6.63987500e-08,1.87703125e-01
6.64387500e-08,1.87700000e-01
6.64787500e-08,1.87696875e-01
6.65187500e-08,1.87704687e-01
6.65587500e-08,1.87692187e-01
6.65987500e-08,1.87712500e-01
6.66387500e-08,1.87682813e-01
6.66787500e-08,1.87728125e-01
6.67187500e-08,1.87646875e-01
6.67587500e-08,1.87906250e-01
6.67987500e-08,1.88156250e-01
6.68387500e-08,1.88068750e-01
6.68787500e-08,1.88121875e-01
6.69187500e-08,1.88082813e-01
6.69587500e-08,1.88114063e-01
6.69987500e-08,1.88089063e-01
6.70387500e-08,1.88109375e-01
6.70787500e-08,1.88090625e-01
6.71187500e-08,1.88107812e-01
6.71587500e-08,1.88093750e-01
6.71987500e-08,1.88106250e-01
6.72387500e-08,1.88093750e-01
6.72787500e-08,1.88104688e-01
6.73187500e-08,1.88095313e-01
6.73587500e-08,1.88104688e-01
6.73987500e-08,1.88095313e-01
6.74387500e-08,1.88104688e-01
6.74787500e-08,1.88095313e-01
6.75187500e-08,1.88103125e-01
6.75587500e-08,1.88096875e-01
6.75987500e-08,1.88103125e-01
6.76387500e-08,1.88096875e-01
6.76787500e-08,1.88103125e-01
6.77187500e-08,1.88096875e-01
6.77587500e-08,1.88103125e-01
6.77987500e-08,1.88096875e-01
6.78387500e-08,1.88103125e-01
6.78787500e-08,1.88095313e-01
6.79187500e-08,1.88104688e-01
6.79587500e-08,1.88095313e-01
6.79987500e-08,1.88104688e-01
6.80387500e-08,1.88095313e-01
6.80787500e-08,1.88106250e-01
6.81187500e-08,1.88092188e-01
6.81587500e-08,1.88107812e-01
6.81987500e-08,1.88089063e-01
6.82387500e-08,1.88112500e-01
6.82787500e-08,1.88081250e-01
6.83187500e-08,1.88128125e-01
6.83587500e-08,1.88048437e-01
6.83987500e-08,1.88304688e-01
6.84387500e-08,1.88557813e-01
6.84787500e-08,1.88465625e-01
6.85187500e-08,1.88525000e-01
6.85587500e-08,1.88479687e-01
6.85987500e-08,1.88517188e-01
6.86387500e-08,1.88484375e-01
6.86787500e-08,1.88514062e-01
6.87187500e-08,1.88485938e-01
6.87587500e-08,1.88512500e-01
6.87987500e-08,1.88487500e-01
6.88387500e-08,1.88512500e-01
6.88787500e-08,1.88485938e-01
6.89187500e-08,1.88514062e-01
6.89587500e-08,1.88485938e-01
6.89987500e-08,1.88515625e-01
6.90387500e-08,1.88482813e-01
6.90787500e-08,1.88520313e-01
6.91187500e-08,1.88475000e-01
6.91587500e-08,1.88535938e-01
6.91987500e-08,1.88440625e-01
6.92387500e-08,1.88712500e-01
6.92787500e-08,1.88950000e-01
6.93187500e-08,1.88875000e-01
6.93587500e-08,1.88915625e-01
6.93987500e-08,1.88889063e-01
6.94387500e-08,1.88907812e-01
6.94787500e-08,1.88893750e-01
6.95187500e-08,1.88904688e-01
6.95587500e-08,1.88896875e-01
6.95987500e-08,1.88903125e-01
6.96387500e-08,1.88898438e-01
6.96787500e-08,1.88901563e-01
6.97187500e-08,1.88900000e-01
6.97587500e-08,1.88900000e-01
6.97987500e-08,1.88900000e-01
6.98387500e-08,1.88900000e-01
6.98787500e-08,1.88901563e-01
6.99187500e-08,1.88898438e-01
6.99587500e-08,1.88901563e-01
6.99987500e-08,1.88898438e-01
7.00387500e-08,1.88903125e-01
7.00787500e-08,1.88896875e-01
7.01187500e-08,1.88903125e-01
7.01587500e-08,1.88896875e-01
7.01987500e-08,1.88904688e-01
7.02387500e-08,1.88895312e-01
7.02787500e-08,1.88906250e-01
7.03187500e-08,1.88893750e-01
7.03587500e-08,1.88907812e-01
7.03987500e-08,1.88890625e-01
7.04387500e-08,1.88910938e-01
7.04787500e-08,1.88885938e-01
7.05187500e-08,1.88918750e-01
7.05587500e-08,1.88870312e-01
7.05987500e-08,1.88953125e-01
7.06387500e-08,1.88693750e-01
7.06787500e-08,1.88445313e-01
7.07187500e-08,1.88531250e-01
7.07587500e-08,1.88478125e-01
7.07987500e-08,1.88517188e-01
7.08387500e-08,1.88485938e-01
7.08787500e-08,1.88512500e-01
7.09187500e-08,1.88489062e-01
7.09587500e-08,1.88510938e-01
7.09987500e-08,1.88490625e-01
7.10387500e-08,1.88509375e-01
7.10787500e-08,1.88490625e-01
7.11187500e-08,1.88509375e-01
7.11587500e-08,1.88489062e-01
7.11987500e-08,1.88510938e-01
7.12387500e-08,1.88487500e-01
7.12787500e-08,1.88514062e-01
7.13187500e-08,1.88482813e-01
7.13587500e-08,1.88521875e-01
7.13987500e-08,1.88468750e-01
7.14387500e-08,1.88554688e-01
7.14787500e-08,1.88292188e-01
7.15187500e-08,1.88045313e-01
7.15587500e-08,1.88131250e-01
7.15987500e-08,1.88078125e-01
7.16387500e-08,1.88117188e-01
7.16787500e-08,1.88085937e-01
7.17187500e-08,1.88112500e-01
7.17587500e-08,1.88089063e-01
7.17987500e-08,1.88110938e-01
7.18387500e-08,1.88089063e-01
7.18787500e-08,1.88109375e-01
7.19187500e-08,1.88090625e-01
7.19587500e-08,1.88109375e-01
7.19987500e-08,1.88089063e-01
7.20387500e-08,1.88110938e-01
7.20787500e-08,1.88087500e-01
7.21187500e-08,1.88114063e-01
7.21587500e-08,1.88081250e-01
7.21987500e-08,1.88126563e-01
7.22387500e-08,1.88050000e-01
7.22787500e-08,1.88300000e-01
7.23187500e-08,1.88567188e-01
7.23587500e-08,1.88446875e-01
7.23987500e-08,1.88568750e-01
7.24387500e-08,1.88284375e-01
7.24787500e-08,1.88051563e-01
7.25187500e-08,1.88128125e-01
7.25587500e-08,1.88079688e-01
7.25987500e-08,1.88117188e-01
7.26387500e-08,1.88085937e-01
7.26787500e-08,1.88114063e-01
7.27187500e-08,1.88085937e-01
7.27587500e-08,1.88114063e-01
7.27987500e-08,1.88085937e-01
7.28387500e-08,1.88114063e-01
7.28787500e-08,1.88084375e-01
7.29187500e-08,1.88117188e-01
7.29587500e-08,1.88081250e-01
7.29987500e-08,1.88120312e-01
7.30387500e-08,1.88076563e-01
7.30787500e-08,1.88129688e-01
7.31187500e-08,1.88059375e-01
7.31587500e-08,1.88165625e-01
7.31987500e-08,1.87879688e-01
7.32387500e-08,1.87659375e-01
7.32787500e-08,1.87715625e-01
7.33187500e-08,1.87695313e-01
7.33587500e-08,1.87695313e-01
7.33987500e-08,1.87712500e-01
7.34387500e-08,1.87675000e-01
7.34787500e-08,1.87751562e-01
7.35187500e-08,1.87493750e-01
7.35587500e-08,1.87245313e-01
7.35987500e-08,1.87328125e-01
7.36387500e-08,1.87282813e-01
7.36787500e-08,1.87307813e-01
7.37187500e-08,1.87300000e-01
7.37587500e-08,1.87289063e-01
7.37987500e-08,1.87337500e-01
7.38387500e-08,1.87109375e-01
7.38787500e-08,1.86829688e-01
7.39187500e-08,1.86946875e-01
7.39587500e-08,1.86860938e-01
7.39987500e-08,1.86934375e-01
7.40387500e-08,1.86865625e-01
7.40787500e-08,1.86937500e-01
7.41187500e-08,1.86854688e-01
7.41587500e-08,1.86968750e-01
7.41987500e-08,1.86679687e-01
7.42387500e-08,1.86456250e-01
7.42787500e-08,1.86520313e-01
7.43187500e-08,1.86489062e-01
7.43587500e-08,1.86507813e-01
7.43987500e-08,1.86495313e-01
7.44387500e-08,1.86503125e-01
7.44787500e-08,1.86496875e-01
7.45187500e-08,1.86501562e-01
7.45587500e-08,1.86498438e-01
7.45987500e-08,1.86501562e-01
7.46387500e-08,1.86500000e-01
7.46787500e-08,1.86500000e-01
7.47187500e-08,1.86500000e-01
7.47587500e-08,1.86500000e-01
7.47987500e-08,1.86500000e-01
7.48387500e-08,1.86500000e-01
7.48787500e-08,1.86500000e-01
7.49187500e-08,1.86500000e-01
7.49587500e-08,1.86498438e-01
7.49987500e-08,1.86501562e-01
7.50387500e-08,1.86498438e-01
7.50787500e-08,1.86501562e-01
7.51187500e-08,1.86498438e-01
7.51587500e-08,1.86501562e-01
7.51987500e-08,1.86498438e-01
7.52387500e-08,1.86501562e-01
7.52787500e-08,1.86496875e-01
7.53187500e-08,1.86503125e-01
7.53587500e-08,1.86496875e-01
7.53987500e-08,1.86504688e-01
7.54387500e-08,1.86495313e-01
7.54787500e-08,1.86506250e-01
7.55187500e-08,1.86493750e-01
7.55587500e-08,1.86507813e-01
7.55987500e-08,1.86489062e-01
7.56387500e-08,1.86512500e-01
7.56787500e-08,1.86481250e-01
7.57187500e-08,1.86528125e-01
7.57587500e-08,1.86446875e-01
7.57987500e-08,1.86706250e-01
7.58387500e-08,1.86956250e-01
7.58787500e-08,1.86867188e-01
7.59187500e-08,1.86923438e-01
7.59587500e-08,1.86881250e-01
7.59987500e-08,1.86915625e-01
7.60387500e-08,1.86885938e-01
7.60787500e-08,1.86914063e-01
7.61187500e-08,1.86887500e-01
7.61587500e-08,1.86912500e-01
7.61987500e-08,1.86887500e-01
7.62387500e-08,1.86914063e-01
7.62787500e-08,1.86885938e-01
7.63187500e-08,1.86917187e-01
7.63587500e-08,1.86878125e-01
7.63987500e-08,1.86929687e-01
7.64387500e-08,1.86845312e-01
7.64787500e-08,1.87106250e-01
7.65187500e-08,1.87356250e-01
7.65587500e-08,1.87267188e-01
7.65987500e-08,1.87325000e-01
7.66387500e-08,1.87278125e-01
7.66787500e-08,1.87320313e-01
7.67187500e-08,1.87279688e-01
7.67587500e-08,1.87321875e-01
7.67987500e-08,1.87273438e-01
7.68387500e-08,1.87335937e-01
7.68787500e-08,1.87239062e-01
7.69187500e-08,1.87514062e-01
7.69587500e-08,1.87748438e-01
7.69987500e-08,1.87676563e-01
7.70387500e-08,1.87714063e-01
7.70787500e-08,1.87692187e-01
7.71187500e-08,1.87703125e-01
7.71587500e-08,1.87701563e-01
7.71987500e-08,1.87693750e-01
7.72387500e-08,1.87717187e-01
7.72787500e-08,1.87657813e-01
7.73187500e-08,1.87895312e-01
7.73587500e-08,1.88167187e-01
7.73987500e-08,1.88054688e-01
7.74387500e-08,1.88135938e-01
7.74787500e-08,1.88067188e-01
7.75187500e-08,1.88132812e-01
7.75587500e-08,1.88064063e-01
7.75987500e-08,1.88145312e-01
7.76387500e-08,1.88031250e-01
7.76787500e-08,1.88320313e-01
7.77187500e-08,1.88542188e-01
7.77587500e-08,1.88482813e-01
7.77987500e-08,1.88507813e-01
7.78387500e-08,1.88496875e-01
7.78787500e-08,1.88498438e-01
7.79187500e-08,1.88506250e-01
7.79587500e-08,1.88487500e-01
7.79987500e-08,1.88521875e-01
7.80387500e-08,1.88453125e-01
7.80787500e-08,1.88700000e-01
7.81187500e-08,1.88962500e-01
7.81587500e-08,1.88860938e-01
7.81987500e-08,1.88931250e-01
7.82387500e-08,1.88873438e-01
7.82787500e-08,1.88925000e-01
7.83187500e-08,1.88875000e-01
7.83587500e-08,1.88926563e-01
7.83987500e-08,1.88868750e-01
7.84387500e-08,1.88940625e-01
7.84787500e-08,1.88834375e-01
7.85187500e-08,1.89117188e-01
7.85587500e-08,1.89343750e-01
7.85987500e-08,1.89279688e-01
7.86387500e-08,1.89310937e-01
7.86787500e-08,1.89295313e-01
7.87187500e-08,1.89301563e-01
7.87587500e-08,1.89301563e-01
7.87987500e-08,1.89293750e-01
7.88387500e-08,1.89309375e-01
7.88787500e-08,1.89284375e-01
7.89187500e-08,1.89325000e-01
7.89587500e-08,1.89248438e-01
7.89987500e-08,1.89504688e-01
7.90387500e-08,1.89757813e-01
7.90787500e-08,1.89667188e-01
7.91187500e-08,1.89723438e-01
7.91587500e-08,1.89681250e-01
7.91987500e-08,1.89715625e-01
7.92387500e-08,1.89687500e-01
7.92787500e-08,1.89710938e-01
7.93187500e-08,1.89689063e-01
7.93587500e-08,1.89709375e-01
7.93987500e-08,1.89692187e-01
7.94387500e-08,1.89707813e-01
7.94787500e-08,1.89692187e-01
7.95187500e-08,1.89706250e-01
7.95587500e-08,1.89693750e-01
7.95987500e-08,1.89706250e-01
7.96387500e-08,1.89695313e-01
7.96787500e-08,1.89704687e-01
7.97187500e-08,1.89695313e-01
7.97587500e-08,1.89704687e-01
7.97987500e-08,1.89695313e-01
7.98387500e-08,1.89703125e-01
7.98787500e-08,1.89696875e-01
7.99187500e-08,1.89703125e-01
7.99587500e-08,1.89696875e-01
7.99987500e-08,1.89703125e-01
8.00387500e-08,1.89696875e-01
8.00787500e-08,1.89701563e-01
8.01187500e-08,1.89698438e-01
8.01587500e-08,1.89701563e-01
8.01987500e-08,1.89698438e-01
8.02387500e-08,1.89700000e-01
8.02787500e-08,1.89700000e-01
8.03187500e-08,1.89700000e-01
8.03587500e-08,1.89700000e-01
8.03987500e-08,1.89698438e-01
8.04387500e-08,1.89701563e-01
8.04787500e-08,1.89696875e-01
8.05187500e-08,1.89704687e-01
8.05587500e-08,1.89693750e-01
8.05987500e-08,1.89707813e-01
8.06387500e-08,1.89689063e-01
8.06787500e-08,1.89715625e-01
8.07187500e-08,1.89673438e-01
8.07587500e-08,1.89751562e-01
8.07987500e-08,1.89495313e-01
8.08387500e-08,1.89242188e-01
8.08787500e-08,1.89334375e-01
8.09187500e-08,1.89275000e-01
8.09587500e-08,1.89320313e-01
8.09987500e-08,1.89282813e-01
8.10387500e-08,1.89314063e-01
8.10787500e-08,1.89287500e-01
8.11187500e-08,1.89312500e-01
8.11587500e-08,1.89289062e-01
8.11987500e-08,1.89310937e-01
8.12387500e-08,1.89290625e-01
8.12787500e-08,1.89309375e-01
8.13187500e-08,1.89290625e-01
8.13587500e-08,1.89307813e-01
8.13987500e-08,1.89292188e-01
8.14387500e-08,1.89307813e-01
8.14787500e-08,1.89292188e-01
8.15187500e-08,1.89307813e-01
8.15587500e-08,1.89293750e-01
8.15987500e-08,1.89306250e-01
8.16387500e-08,1.89293750e-01
8.16787500e-08,1.89306250e-01
8.17187500e-08,1.89293750e-01
8.17587500e-08,1.89306250e-01
8.17987500e-08,1.89293750e-01
8.18387500e-08,1.89304688e-01
8.18787500e-08,1.89295313e-01
8.19187500e-08,1.89304688e-01
8.19587500e-08,1.89295313e-01
8.19987500e-08,1.89304688e-01
8.20387500e-08,1.89295313e-01
8.20787500e-08,1.89303125e-01
8.21187500e-08,1.89296875e-01
8.21587500e-08,1.89303125e-01
8.21987500e-08,1.89296875e-01
8.22387500e-08,1.89301563e-01
8.22787500e-08,1.89298437e-01
8.23187500e-08,1.89300000e-01
8.23587500e-08,1.89300000e-01
8.23987500e-08,1.89298437e-01
8.24387500e-08,1.89303125e-01
8.24787500e-08,1.89295313e-01
8.25187500e-08,1.89309375e-01
8.25587500e-08,1.89285938e-01
8.25987500e-08,1.89323437e-01
8.26387500e-08,1.89251562e-01
8.26787500e-08,1.89503125e-01
8.27187500e-08,1.89759375e-01
8.27587500e-08,1.89665625e-01
8.27987500e-08,1.89725000e-01
8.28387500e-08,1.89681250e-01
8.28787500e-08,1.89714063e-01
8.29187500e-08,1.89690625e-01
8.29587500e-08,1.89703125e-01
8.29987500e-08,1.89706250e-01
8.30387500e-08,1.89668750e-01
8.30787500e-08,1.89884375e-01
8.31187500e-08,1.90178125e-01
8.31587500e-08,1.90045313e-01
8.31987500e-08,1.90146875e-01
8.32387500e-08,1.90056250e-01
8.32787500e-08,1.90143750e-01
8.33187500e-08,1.90053125e-01
8.33587500e-08,1.90156250e-01
8.33987500e-08,1.90020313e-01
8.34387500e-08,1.90332813e-01
8.34787500e-08,1.90529688e-01
8.35187500e-08,1.90495313e-01
8.35587500e-08,1.90495313e-01
8.35987500e-08,1.90510938e-01
8.36387500e-08,1.90484375e-01
8.36787500e-08,1.90520313e-01
8.37187500e-08,1.90473438e-01
8.37587500e-08,1.90537500e-01
8.37987500e-08,1.90437500e-01
8.38387500e-08,1.90715625e-01
8.38787500e-08,1.90945313e-01
8.39187500e-08,1.90878125e-01
8.39587500e-08,1.90910938e-01
8.39987500e-08,1.90893750e-01
8.40387500e-08,1.90903125e-01
8.40787500e-08,1.90900000e-01
8.41187500e-08,1.90898438e-01
8.41587500e-08,1.90903125e-01
8.41987500e-08,1.90895312e-01
8.42387500e-08,1.90904688e-01
8.42787500e-08,1.90893750e-01
8.43187500e-08,1.90906250e-01
8.43587500e-08,1.90892188e-01
8.43987500e-08,1.90907812e-01
8.44387500e-08,1.90890625e-01
8.44787500e-08,1.90909375e-01
8.45187500e-08,1.90889063e-01
8.45587500e-08,1.90910938e-01
8.45987500e-08,1.90887500e-01
8.46387500e-08,1.90914063e-01
8.46787500e-08,1.90884375e-01
8.47187500e-08,1.90917188e-01
8.47587500e-08,1.90881250e-01
8.47987500e-08,1.90920312e-01
8.48387500e-08,1.90875000e-01
8.48787500e-08,1.90929688e-01
8.49187500e-08,1.90859375e-01
8.49587500e-08,1.90965625e-01
8.49987500e-08,1.90679688e-01
8.50387500e-08,1.90459375e-01
8.50787500e-08,1.90515625e-01
8.51187500e-08,1.90495313e-01
8.51587500e-08,1.90498438e-01
8.51987500e-08,1.90506250e-01
8.52387500e-08,1.90487500e-01
8.52787500e-08,1.90518750e-01
8.53187500e-08,1.90468750e-01
8.53587500e-08,1.90556250e-01
8.53987500e-08,1.90289062e-01
8.54387500e-08,1.90051562e-01
8.54787500e-08,1.90123438e-01
8.55187500e-08,1.90087500e-01
8.55587500e-08,1.90103125e-01
8.55987500e-08,1.90104688e-01
8.56387500e-08,1.90084375e-01
8.56787500e-08,1.90142188e-01
8.57187500e-08,1.89904688e-01
8.57587500e-08,1.89632812e-01
8.57987500e-08,1.89743750e-01
8.58387500e-08,1.89662500e-01
8.58787500e-08,1.89735938e-01
8.59187500e-08,1.89657812e-01
8.59587500e-08,1.89764062e-01
8.59987500e-08,1.89485938e-01
8.60387500e-08,1.89250000e-01
8.60787500e-08,1.89328125e-01
8.61187500e-08,1.89279688e-01
8.61587500e-08,1.89318750e-01
8.61987500e-08,1.89282813e-01
8.62387500e-08,1.89318750e-01
8.62787500e-08,1.89279688e-01
8.63187500e-08,1.89325000e-01
8.63587500e-08,1.89265625e-01
8.63987500e-08,1.89359375e-01
8.64387500e-08,1.89087500e-01
8.64787500e-08,1.88850000e-01
8.65187500e-08,1.88926563e-01
8.65587500e-08,1.88882812e-01
8.65987500e-08,1.88910938e-01
8.66387500e-08,1.88892188e-01
8.66787500e-08,1.88906250e-01
8.67187500e-08,1.88896875e-01
8.67587500e-08,1.88901563e-01
8.67987500e-08,1.88900000e-01
8.68387500e-08,1.88898438e-01
8.68787500e-08,1.88901563e-01
8.69187500e-08,1.88895312e-01
8.69587500e-08,1.88906250e-01
8.69987500e-08,1.88892188e-01
8.70387500e-08,1.88912500e-01
8.70787500e-08,1.88882812e-01
8.71187500e-08,1.88926563e-01
8.71587500e-08,1.88848438e-01
8.71987500e-08,1.89106250e-01
8.72387500e-08,1.89356250e-01
8.72787500e-08,1.89267188e-01
8.73187500e-08,1.89323437e-01
8.73587500e-08,1.89282813e-01
8.73987500e-08,1.89314063e-01
8.74387500e-08,1.89287500e-01
8.74787500e-08,1.89310937e-01
8.75187500e-08,1.89290625e-01
8.75587500e-08,1.89307813e-01
8.75987500e-08,1.89292188e-01
8.76387500e-08,1.89306250e-01
8.76787500e-08,1.89293750e-01
8.77187500e-08,1.89306250e-01
8.77587500e-08,1.89295313e-01
8.77987500e-08,1.89304688e-01
8.78387500e-08,1.89295313e-01
8.78787500e-08,1.89304688e-01
8.79187500e-08,1.89295313e-01
8.79587500e-08,1.89303125e-01
8.79987500e-08,1.89296875e-01
8.80387500e-08,1.89303125e-01
8.80787500e-08,1.89296875e-01
8.81187500e-08,1.89303125e-01
8.81587500e-08,1.89296875e-01
8.81987500e-08,1.89303125e-01
8.82387500e-08,1.89298437e-01
8.82787500e-08,1.89301563e-01
8.83187500e-08,1.89298437e-01
8.83587500e-08,1.89301563e-01
8.83987500e-08,1.89298437e-01
8.84387500e-08,1.89301563e-01
8.84787500e-08,1.89298437e-01
8.85187500e-08,1.89301563e-01
8.85587500e-08,1.89298437e-01
8.85987500e-08,1.89301563e-01
8.86387500e-08,1.89298437e-01
8.86787500e-08,1.89301563e-01
8.87187500e-08,1.89300000e-01
8.87587500e-08,1.89300000e-01
8.87987500e-08,1.89300000e-01
8.88387500e-08,1.89300000e-01
8.88787500e-08,1.89300000e-01
8.89187500e-08,1.89300000e-01
8.89587500e-08,1.89300000e-01
8.89987500e-08,1.89300000e-01
8.90387500e-08,1.89300000e-01
8.90787500e-08,1.89300000e-01
8.91187500e-08,1.89300000e-01
8.91587500e-08,1.89300000e-01
8.91987500e-08,1.89300000e-01
8.92387500e-08,1.89300000e-01
8.92787500e-08,1.89300000e-01
8.93187500e-08,1.89298437e-01
8.93587500e-08,1.89301563e-01
8.93987500e-08,1.89298437e-01
8.94387500e-08,1.89301563e-01
8.94787500e-08,1.89298437e-01
8.95187500e-08,1.89301563e-01
8.95587500e-08,1.89298437e-01
8.95987500e-08,1.89301563e-01
8.96387500e-08,1.89298437e-01
8.96787500e-08,1.89301563e-01
8.97187500e-08,1.89298437e-01
8.97587500e-08,1.89301563e-01
8.97987500e-08,1.89296875e-01
8.98387500e-08,1.89303125e-01
8.98787500e-08,1.89296875e-01
8.99187500e-08,1.89303125e-01
8.99587500e-08,1.89296875e-01
8.99987500e-08,1.89303125e-01
9.00387500e-08,1.89296875e-01
9.00787500e-08,1.89304688e-01
9.01187500e-08,1.89295313e-01
9.01587500e-08,1.89304688e-01
9.01987500e-08,1.89295313e-01
9.02387500e-08,1.89306250e-01
9.02787500e-08,1.89293750e-01
9.03187500e-08,1.89306250e-01
9.03587500e-08,1.89292188e-01
9.03987500e-08,1.89309375e-01
9.04387500e-08,1.89289062e-01
9.04787500e-08,1.89312500e-01
9.05187500e-08,1.89284375e-01
9.05587500e-08,1.89320313e-01
9.05987500e-08,1.89268750e-01
9.06387500e-08,1.89354688e-01
9.06787500e-08,1.89092188e-01
9.07187500e-08,1.88846875e-01
9.07587500e-08,1.88929687e-01
9.07987500e-08,1.88879688e-01
9.08387500e-08,1.88915625e-01
9.08787500e-08,1.88887500e-01
9.09187500e-08,1.88910938e-01
9.09587500e-08,1.88890625e-01
9.09987500e-08,1.88907812e-01
9.10387500e-08,1.88893750e-01
9.10787500e-08,1.88906250e-01
9.11187500e-08,1.88893750e-01
9.11587500e-08,1.88904688e-01
9.11987500e-08,1.88895312e-01
9.12387500e-08,1.88904688e-01
9.12787500e-08,1.88895312e-01
9.13187500e-08,1.88903125e-01
9.13587500e-08,1.88896875e-01
9.13987500e-08,1.88903125e-01
9.14387500e-08,1.88896875e-01
9.14787500e-08,1.88903125e-01
9.15187500e-08,1.88896875e-01
9.15587500e-08,1.88903125e-01
9.15987500e-08,1.88896875e-01
9.16387500e-08,1.88903125e-01
9.16787500e-08,1.88896875e-01
9.17187500e-08,1.88903125e-01
9.17587500e-08,1.88896875e-01
9.17987500e-08,1.88903125e-01
9.18387500e-08,1.88896875e-01
9.18787500e-08,1.88904688e-01
9.19187500e-08,1.88895312e-01
9.19587500e-08,1.88904688e-01
9.19987500e-08,1.88893750e-01
9.20387500e-08,1.88907812e-01
9.20787500e-08,1.88890625e-01
9.21187500e-08,1.88912500e-01
9.21587500e-08,1.88882812e-01
9.21987500e-08,1.88926563e-01
9.22387500e-08,1.88850000e-01
9.22787500e-08,1.89103125e-01
9.23187500e-08,1.89359375e-01
9.23587500e-08,1.89264062e-01
9.23987500e-08,1.89328125e-01
9.24387500e-08,1.89276562e-01
9.24787500e-08,1.89320313e-01
9.25187500e-08,1.89279688e-01
9.25587500e-08,1.89320313e-01
9.25987500e-08,1.89278125e-01
9.26387500e-08,1.89323437e-01
9.26787500e-08,1.89271875e-01
9.27187500e-08,1.89337500e-01
9.27587500e-08,1.89237500e-01
9.27987500e-08,1.89514062e-01
9.28387500e-08,1.89748438e-01
9.28787500e-08,1.89675000e-01
9.29187500e-08,1.89715625e-01
9.29587500e-08,1.89689063e-01
9.29987500e-08,1.89707813e-01
9.30387500e-08,1.89693750e-01
9.30787500e-08,1.89704687e-01
9.31187500e-08,1.89696875e-01
9.31587500e-08,1.89703125e-01
9.31987500e-08,1.89698438e-01
9.32387500e-08,1.89701563e-01
9.32787500e-08,1.89698438e-01
9.33187500e-08,1.89700000e-01
9.33587500e-08,1.89700000e-01
9.33987500e-08,1.89700000e-01
9.34387500e-08,1.89700000e-01
9.34787500e-08,1.89700000e-01
9.35187500e-08,1.89701563e-01
9.35587500e-08,1.89698438e-01
9.35987500e-08,1.89701563e-01
9.36387500e-08,1.89698438e-01
9.36787500e-08,1.89701563e-01
9.37187500e-08,1.89698438e-01
9.37587500e-08,1.89701563e-01
9.37987500e-08,1.89698438e-01
9.38387500e-08,1.89701563e-01
9.38787500e-08,1.89698438e-01
9.39187500e-08,1.89703125e-01
9.39587500e-08,1.89696875e-01
9.39987500e-08,1.89703125e-01
9.40387500e-08,1.89696875e-01
9.40787500e-08,1.89703125e-01
9.41187500e-08,1.89696875e-01
9.41587500e-08,1.89703125e-01
9.41987500e-08,1.89696875e-01
9.42387500e-08,1.89703125e-01
9.42787500e-08,1.89696875e-01
9.43187500e-08,1.89703125e-01
9.43587500e-08,1.89695313e-01
9.43987500e-08,1.89704687e-01
9.44387500e-08,1.89695313e-01
9.44787500e-08,1.89704687e-01
9.45187500e-08,1.89695313e-01
9.45587500e-08,1.89704687e-01
9.45987500e-08,1.89695313e-01
9.46387500e-08,1.89704687e-01
9.46787500e-08,1.89693750e-01
9.47187500e-08,1.89706250e-01
9.47587500e-08,1.89693750e-01
9.47987500e-08,1.89706250e-01
9.48387500e-08,1.89692187e-01
9.48787500e-08,1.89707813e-01
9.49187500e-08,1.89692187e-01
9.49587500e-08,1.89709375e-01
9.49987500e-08,1.89690625e-01
9.50387500e-08,1.89710938e-01
9.50787500e-08,1.89689063e-01
9.51187500e-08,1.89714063e-01
9.51587500e-08,1.89684375e-01
9.51987500e-08,1.89718750e-01
9.52387500e-08,1.89676563e-01
9.52787500e-08,1.89732813e-01
9.53187500e-08,1.89642188e-01
9.53587500e-08,1.89910938e-01
9.53987500e-08,1.90150000e-01
9.54387500e-08,1.90073437e-01
9.54787500e-08,1.90117188e-01
9.55187500e-08,1.90087500e-01
9.55587500e-08,1.90109375e-01
9.55987500e-08,1.90093750e-01
9.56387500e-08,1.90104688e-01
9.56787500e-08,1.90095313e-01
9.57187500e-08,1.90103125e-01
9.57587500e-08,1.90098437e-01
9.57987500e-08,1.90101563e-01
9.58387500e-08,1.90098437e-01
9.58787500e-08,1.90100000e-01
9.59187500e-08,1.90100000e-01
9.59587500e-08,1.90100000e-01
9.59987500e-08,1.90101563e-01
9.60387500e-08,1.90098437e-01
9.60787500e-08,1.90101563e-01
9.61187500e-08,1.90098437e-01
9.61587500e-08,1.90103125e-01
9.61987500e-08,1.90096875e-01
9.62387500e-08,1.90103125e-01
9.62787500e-08,1.90096875e-01
9.63187500e-08,1.90104688e-01
9.63587500e-08,1.90095313e-01
9.63987500e-08,1.90104688e-01
9.64387500e-08,1.90095313e-01
9.64787500e-08,1.90106250e-01
9.65187500e-08,1.90093750e-01
9.65587500e-08,1.90107813e-01
9.65987500e-08,1.90092188e-01
9.66387500e-08,1.90109375e-01
9.66787500e-08,1.90089063e-01
9.67187500e-08,1.90112500e-01
9.67587500e-08,1.90084375e-01
9.67987500e-08,1.90121875e-01
9.68387500e-08,1.90068750e-01
9.68787500e-08,1.90156250e-01
9.69187500e-08,1.89890625e-01
9.69587500e-08,1.89646875e-01
9.69987500e-08,1.89729688e-01
9.70387500e-08,1.89678125e-01
9.70787500e-08,1.89717187e-01
9.71187500e-08,1.89684375e-01
9.71587500e-08,1.89714063e-01
9.71987500e-08,1.89684375e-01
9.72387500e-08,1.89718750e-01
9.72787500e-08,1.89673438e-01
9.73187500e-08,1.89750000e-01
9.73587500e-08,1.89498438e-01
9.73987500e-08,1.89237500e-01
9.74387500e-08,1.89340625e-01
9.74787500e-08,1.89267188e-01
9.75187500e-08,1.89331250e-01
9.75587500e-08,1.89268750e-01
9.75987500e-08,1.89334375e-01
9.76387500e-08,1.89256250e-01
9.76787500e-08,1.89368750e-01
9.77187500e-08,1.89078125e-01
9.77587500e-08,1.88859375e-01
9.77987500e-08,1.88915625e-01
9.78387500e-08,1.88895312e-01
9.78787500e-08,1.88898438e-01
9.79187500e-08,1.88906250e-01
9.79587500e-08,1.88889063e-01
9.79987500e-08,1.88918750e-01
9.80387500e-08,1.88870312e-01
9.80787500e-08,1.88954687e-01
9.81187500e-08,1.88690625e-01
9.81587500e-08,1.88448438e-01
9.81987500e-08,1.88526562e-01
9.82387500e-08,1.88482813e-01
9.82787500e-08,1.88510938e-01
9.83187500e-08,1.88493750e-01
9.83587500e-08,1.88501562e-01
9.83987500e-08,1.88501562e-01
9.84387500e-08,1.88493750e-01
9.84787500e-08,1.88512500e-01
9.85187500e-08,1.88478125e-01
9.85587500e-08,1.88548437e-01
9.85987500e-08,1.88298437e-01
9.86387500e-08,1.88040625e-01
9.86787500e-08,1.88135938e-01
9.87187500e-08,1.88075000e-01
9.87587500e-08,1.88120312e-01
9.87987500e-08,1.88082813e-01
9.88387500e-08,1.88114063e-01
9.88787500e-08,1.88087500e-01
9.89187500e-08,1.88110938e-01
9.89587500e-08,1.88089063e-01
9.89987500e-08,1.88109375e-01
9.90387500e-08,1.88090625e-01
9.90787500e-08,1.88107812e-01
9.91187500e-08,1.88092188e-01
9.91587500e-08,1.88107812e-01
9.91987500e-08,1.88093750e-01
9.92387500e-08,1.88106250e-01
9.92787500e-08,1.88093750e-01
9.93187500e-08,1.88106250e-01
9.93587500e-08,1.88095313e-01
9.93987500e-08,1.88104688e-01
9.94387500e-08,1.88095313e-01
9.94787500e-08,1.88104688e-01
9.95187500e-08,1.88095313e-01
9.95587500e-08,1.88104688e-01
9.95987500e-08,1.88095313e-01
9.96387500e-08,1.88104688e-01
9.96787500e-08,1.88095313e-01
9.97187500e-08,1.88104688e-01
9.97587500e-08,1.88093750e-01
9.97987500e-08,1.88106250e-01
9.98387500e-08,1.88092188e-01
9.98787500e-08,1.88110938e-01
9.99187500e-08,1.88085937e-01
9.99587500e-08,1.88123438e-01
9.99987500e-08,1.88053125e-01
1.00038750e-07,1.88298437e-01
1.00078750e-07,1.88565625e-01
1.00118750e-07,1.88456250e-01
1.00158750e-07,1.88537500e-01
1.00198750e-07,1.88460938e-01
1.00238750e-07,1.88545313e-01
1.00278750e-07,1.88431250e-01
1.00318750e-07,1.88721875e-01
1.00358750e-07,1.88940625e-01
1.00398750e-07,1.88884375e-01
1.00438750e-07,1.88904688e-01
1.00478750e-07,1.88901563e-01
1.00518750e-07,1.88890625e-01
1.00558750e-07,1.88920313e-01
1.00598750e-07,1.88854688e-01
1.00638750e-07,1.89098437e-01
1.00678750e-07,1.89364063e-01
1.00718750e-07,1.89257813e-01
1.00758750e-07,1.89334375e-01
1.00798750e-07,1.89265625e-01
1.00838750e-07,1.89340625e-01
1.00878750e-07,1.89237500e-01
1.00918750e-07,1.89512500e-01
1.00958750e-07,1.89751562e-01
1.00998750e-07,1.89670312e-01
1.01038750e-07,1.89721875e-01
1.01078750e-07,1.89681250e-01
1.01118750e-07,1.89717187e-01
1.01158750e-07,1.89681250e-01
1.01198750e-07,1.89720313e-01
1.01238750e-07,1.89675000e-01
1.01278750e-07,1.89734375e-01
1.01318750e-07,1.89640625e-01
1.01358750e-07,1.89912500e-01
1.01398750e-07,1.90150000e-01
1.01438750e-07,1.90073437e-01
1.01478750e-07,1.90117188e-01
1.01518750e-07,1.90087500e-01
1.01558750e-07,1.90109375e-01
1.01598750e-07,1.90093750e-01
1.01638750e-07,1.90104688e-01
1.01678750e-07,1.90096875e-01
1.01718750e-07,1.90101563e-01
1.01758750e-07,1.90100000e-01
1.01798750e-07,1.90100000e-01
1.01838750e-07,1.90101563e-01
1.01878750e-07,1.90096875e-01
1.01918750e-07,1.90104688e-01
1.01958750e-07,1.90093750e-01
1.01998750e-07,1.90109375e-01
1.02038750e-07,1.90087500e-01
1.02078750e-07,1.90117188e-01
1.02118750e-07,1.90071875e-01
1.02158750e-07,1.90153125e-01
1.02198750e-07,1.89893750e-01
1.02238750e-07,1.89643750e-01
1.02278750e-07,1.89732813e-01
1.02318750e-07,1.89678125e-01
1.02358750e-07,1.89717187e-01
1.02398750e-07,1.89685938e-01
1.02438750e-07,1.89712500e-01
1.02478750e-07,1.89689063e-01
1.02518750e-07,1.89709375e-01
1.02558750e-07,1.89692187e-01
1.02598750e-07,1.89707813e-01
1.02638750e-07,1.89693750e-01
1.02678750e-07,1.89706250e-01
1.02718750e-07,1.89695313e-01
1.02758750e-07,1.89704687e-01
1.02798750e-07,1.89696875e-01
1.02838750e-07,1.89703125e-01
1.02878750e-07,1.89696875e-01
1.02918750e-07,1.89703125e-01
1.02958750e-07,1.89698438e-01
1.02998750e-07,1.89701563e-01
1.03038750e-07,1.89698438e-01
1.03078750e-07,1.89700000e-01
1.03118750e-07,1.89700000e-01
1.03158750e-07,1.89700000e-01
1.03198750e-07,1.89701563e-01
1.03238750e-07,1.89698438e-01
1.03278750e-07,1.89703125e-01
1.03318750e-07,1.89695313e-01
1.03358750e-07,1.89706250e-01
1.03398750e-07,1.89692187e-01
1.03438750e-07,1.89710938e-01
1.03478750e-07,1.89682813e-01
1.03518750e-07,1.89726563e-01
1.03558750e-07,1.89648438e-01
1.03598750e-07,1.89904688e-01
1.03638750e-07,1.90157812e-01
1.03678750e-07,1.90065625e-01
1.03718750e-07,1.90125000e-01
1.03758750e-07,1.90079688e-01
1.03798750e-07,1.90117188e-01
1.03838750e-07,1.90084375e-01
1.03878750e-07,1.90114063e-01
1.03918750e-07,1.90087500e-01
1.03958750e-07,1.90112500e-01
1.03998750e-07,1.90089063e-01
1.04038750e-07,1.90110938e-01
1.04078750e-07,1.90089063e-01
1.04118750e-07,1.90112500e-01
1.04158750e-07,1.90087500e-01
1.04198750e-07,1.90114063e-01
1.04238750e-07,1.90082813e-01
1.04278750e-07,1.90121875e-01
1.04318750e-07,1.90068750e-01
1.04358750e-07,1.90154688e-01
1.04398750e-07,1.89892188e-01
1.04438750e-07,1.89643750e-01
1.04478750e-07,1.89732813e-01
1.04518750e-07,1.89676563e-01
1.04558750e-07,1.89720313e-01
1.04598750e-07,1.89681250e-01
1.04638750e-07,1.89717187e-01
1.04678750e-07,1.89681250e-01
1.04718750e-07,1.89718750e-01
1.04758750e-07,1.89678125e-01
1.04798750e-07,1.89726563e-01
1.04838750e-07,1.89664063e-01
1.04878750e-07,1.89760938e-01
1.04918750e-07,1.89485938e-01
1.04958750e-07,1.89251562e-01
1.04998750e-07,1.89323437e-01
1.05038750e-07,1.89285938e-01
1.05078750e-07,1.89307813e-01
1.05118750e-07,1.89295313e-01
1.05158750e-07,1.89300000e-01
1.05198750e-07,1.89303125e-01
1.05238750e-07,1.89293750e-01
1.05278750e-07,1.89312500e-01
1.05318750e-07,1.89276562e-01
1.05358750e-07,1.89348437e-01
1.05398750e-07,1.89098437e-01
1.05438750e-07,1.88840625e-01
1.05478750e-07,1.88935938e-01
1.05518750e-07,1.88873438e-01
1.05558750e-07,1.88920313e-01
1.05598750e-07,1.88882812e-01
1.05638750e-07,1.88915625e-01
1.05678750e-07,1.88885938e-01
1.05718750e-07,1.88912500e-01
1.05758750e-07,1.88889063e-01
1.05798750e-07,1.88910938e-01
1.05838750e-07,1.88890625e-01
1.05878750e-07,1.88909375e-01
1.05918750e-07,1.88890625e-01
1.05958750e-07,1.88909375e-01
1.05998750e-07,1.88892188e-01
1.06038750e-07,1.88907812e-01
1.06078750e-07,1.88892188e-01
1.06118750e-07,1.88907812e-01
1.06158750e-07,1.88892188e-01
1.06198750e-07,1.88907812e-01
1.06238750e-07,1.88892188e-01
1.06278750e-07,1.88907812e-01
1.06318750e-07,1.88892188e-01
1.06358750e-07,1.88907812e-01
1.06398750e-07,1.88892188e-01
1.06438750e-07,1.88907812e-01
1.06478750e-07,1.88892188e-01
1.06518750e-07,1.88907812e-01
1.06558750e-07,1.88892188e-01
1.06598750e-07,1.88907812e-01
1.06638750e-07,1.88890625e-01
1.06678750e-07,1.88909375e-01
1.06718750e-07,1.88889063e-01
1.06758750e-07,1.88910938e-01
1.06798750e-07,1.88885938e-01
1.06838750e-07,1.88915625e-01
1.06878750e-07,1.88878125e-01
1.06918750e-07,1.88931250e-01
1.06958750e-07,1.88845313e-01
1.06998750e-07,1.89107812e-01
1.07038750e-07,1.89354688e-01
1.07078750e-07,1.89268750e-01
1.07118750e-07,1.89321875e-01
1.07158750e-07,1.89282813e-01
1.07198750e-07,1.89314063e-01
1.07238750e-07,1.89287500e-01
1.07278750e-07,1.89312500e-01
1.07318750e-07,1.89289062e-01
1.07358750e-07,1.89310937e-01
1.07398750e-07,1.89289062e-01
1.07438750e-07,1.89312500e-01
1.07478750e-07,1.89287500e-01
1.07518750e-07,1.89314063e-01
1.07558750e-07,1.89284375e-01
1.07598750e-07,1.89318750e-01
1.07638750e-07,1.89276562e-01
1.07678750e-07,1.89332813e-01
1.07718750e-07,1.89242188e-01
1.07758750e-07,1.89510938e-01
1.07798750e-07,1.89751562e-01
1.07838750e-07,1.89671875e-01
1.07878750e-07,1.89718750e-01
1.07918750e-07,1.89685938e-01
1.07958750e-07,1.89710938e-01
1.07998750e-07,1.89692187e-01
1.08038750e-07,1.89706250e-01
1.08078750e-07,1.89693750e-01
1.08118750e-07,1.89704687e-01
1.08158750e-07,1.89695313e-01
1.08198750e-07,1.89703125e-01
1.08238750e-07,1.89696875e-01
1.08278750e-07,1.89701563e-01
1.08318750e-07,1.89698438e-01
1.08358750e-07,1.89701563e-01
1.08398750e-07,1.89698438e-01
1.08438750e-07,1.89700000e-01
1.08478750e-07,1.89700000e-01
1.08518750e-07,1.89700000e-01
1.08558750e-07,1.89700000e-01
1.08598750e-07,1.89698438e-01
1.08638750e-07,1.89701563e-01
1.08678750e-07,1.89698438e-01
1.08718750e-07,1.89703125e-01
1.08758750e-07,1.89696875e-01
1.08798750e-07,1.89704687e-01
1.08838750e-07,1.89695313e-01
1.08878750e-07,1.89706250e-01
1.08918750e-07,1.89692187e-01
1.08958750e-07,1.89710938e-01
1.08998750e-07,1.89685938e-01
1.09038750e-07,1.89718750e-01
1.09078750e-07,1.89671875e-01
1.09118750e-07,1.89753125e-01
1.09158750e-07,1.89493750e-01
1.09198750e-07,1.89243750e-01
1.09238750e-07,1.89331250e-01
1.09278750e-07,1.89278125e-01
1.09318750e-07,1.89317188e-01
1.09358750e-07,1.89285938e-01
1.09398750e-07,1.89312500e-01
1.09438750e-07,1.89289062e-01
1.09478750e-07,1.89309375e-01
1.09518750e-07,1.89292188e-01
1.09558750e-07,1.89307813e-01
1.09598750e-07,1.89293750e-01
1.09638750e-07,1.89306250e-01
1.09678750e-07,1.89293750e-01
1.09718750e-07,1.89304688e-01
1.09758750e-07,1.89295313e-01
1.09798750e-07,1.89304688e-01
1.09838750e-07,1.89295313e-01
1.09878750e-07,1.89304688e-01
1.09918750e-07,1.89296875e-01
1.09958750e-07,1.89303125e-01
1.09998750e-07,1.89296875e-01
1.10038750e-07,1.89303125e-01
1.10078750e-07,1.89296875e-01
1.10118750e-07,1.89301563e-01
1.10158750e-07,1.89298437e-01
1.10198750e-07,1.89301563e-01
1.10238750e-07,1.89298437e-01
1.10278750e-07,1.89301563e-01
1.10318750e-07,1.89298437e-01
1.10358750e-07,1.89300000e-01
1.10398750e-07,1.89300000e-01
1.10438750e-07,1.89300000e-01
1.10478750e-07,1.89300000e-01
1.10518750e-07,1.89300000e-01
1.10558750e-07,1.89301563e-01
1.10598750e-07,1.89298437e-01
1.10638750e-07,1.89303125e-01
1.10678750e-07,1.89296875e-01
1.10718750e-07,1.89304688e-01
1.10758750e-07,1.89295313e-01
1.10798750e-07,1.89306250e-01
1.10838750e-07,1.89290625e-01
1.10878750e-07,1.89312500e-01
1.10918750e-07,1.89282813e-01
1.10958750e-07,1.89326563e-01
1.10998750e-07,1.89248438e-01
1.11038750e-07,1.89504688e-01
1.11078750e-07,1.89757813e-01
1.11118750e-07,1.89667188e-01
1.11158750e-07,1.89723438e-01
1.11198750e-07,1.89681250e-01
1.11238750e-07,1.89715625e-01
1.11278750e-07,1.89685938e-01
1.11318750e-07,1.89712500e-01
1.11358750e-07,1.89689063e-01
1.11398750e-07,1.89710938e-01
1.11438750e-07,1.89689063e-01
1.11478750e-07,1.89709375e-01
1.11518750e-07,1.89690625e-01
1.11558750e-07,1.89709375e-01
1.11598750e-07,1.89690625e-01
1.11638750e-07,1.89709375e-01
1.11678750e-07,1.89690625e-01
1.11718750e-07,1.89709375e-01
1.11758750e-07,1.89690625e-01
1.11798750e-07,1.89709375e-01
1.11838750e-07,1.89690625e-01
1.11878750e-07,1.89710938e-01
1.11918750e-07,1.89687500e-01
1.11958750e-07,1.89714063e-01
1.11998750e-07,1.89684375e-01
1.12038750e-07,1.89720313e-01
1.12078750e-07,1.89670312e-01
1.12118750e-07,1.89754688e-01
1.12158750e-07,1.89492188e-01
1.12198750e-07,1.89245313e-01
1.12238750e-07,1.89331250e-01
1.12278750e-07,1.89276562e-01
1.12318750e-07,1.89318750e-01
1.12358750e-07,1.89284375e-01
1.12398750e-07,1.89315625e-01
1.12438750e-07,1.89285938e-01
1.12478750e-07,1.89315625e-01
1.12518750e-07,1.89284375e-01
1.12558750e-07,1.89317188e-01
1.12598750e-07,1.89279688e-01
1.12638750e-07,1.89325000e-01
1.12678750e-07,1.89265625e-01
1.12718750e-07,1.89359375e-01
1.12758750e-07,1.89087500e-01
1.12798750e-07,1.88850000e-01
1.12838750e-07,1.88926563e-01
1.12878750e-07,1.88882812e-01
1.12918750e-07,1.88912500e-01
1.12958750e-07,1.88890625e-01
1.12998750e-07,1.88906250e-01
1.13038750e-07,1.88895312e-01
1.13078750e-07,1.88903125e-01
1.13118750e-07,1.88896875e-01
1.13158750e-07,1.88901563e-01
1.13198750e-07,1.88900000e-01
1.13238750e-07,1.88900000e-01
1.13278750e-07,1.88901563e-01
1.13318750e-07,1.88896875e-01
1.13358750e-07,1.88903125e-01
1.13398750e-07,1.88895312e-01
1.13438750e-07,1.88906250e-01
1.13478750e-07,1.88890625e-01
1.13518750e-07,1.88912500e-01
1.13558750e-07,1.88881250e-01
1.13598750e-07,1.88928125e-01
1.13638750e-07,1.88846875e-01
1.13678750e-07,1.89106250e-01
1.13718750e-07,1.89354688e-01
1.13758750e-07,1.89268750e-01
1.13798750e-07,1.89321875e-01
1.13838750e-07,1.89284375e-01
1.13878750e-07,1.89312500e-01
1.13918750e-07,1.89290625e-01
1.13958750e-07,1.89307813e-01
1.13998750e-07,1.89295313e-01
1.14038750e-07,1.89303125e-01
1.14078750e-07,1.89298437e-01
1.14118750e-07,1.89298437e-01
1.14158750e-07,1.89304688e-01
1.14198750e-07,1.89289062e-01
1.14238750e-07,1.89320313e-01
1.14278750e-07,1.89253125e-01
1.14318750e-07,1.89500000e-01
1.14358750e-07,1.89762500e-01
1.14398750e-07,1.89660938e-01
1.14438750e-07,1.89728125e-01
1.14478750e-07,1.89676563e-01
1.14518750e-07,1.89720313e-01
1.14558750e-07,1.89681250e-01
1.14598750e-07,1.89717187e-01
1.14638750e-07,1.89684375e-01
1.14678750e-07,1.89714063e-01
1.14718750e-07,1.89685938e-01
1.14758750e-07,1.89712500e-01
1.14798750e-07,1.89687500e-01
1.14838750e-07,1.89712500e-01
1.14878750e-07,1.89689063e-01
1.14918750e-07,1.89710938e-01
1.14958750e-07,1.89689063e-01
1.14998750e-07,1.89710938e-01
1.15038750e-07,1.89690625e-01
1.15078750e-07,1.89709375e-01
1.15118750e-07,1.89690625e-01
1.15158750e-07,1.89709375e-01
1.15198750e-07,1.89690625e-01
1.15238750e-07,1.89709375e-01
1.15278750e-07,1.89690625e-01
1.15318750e-07,1.89709375e-01
1.15358750e-07,1.89692187e-01
1.15398750e-07,1.89707813e-01
1.15438750e-07,1.89692187e-01
1.15478750e-07,1.89707813e-01
1.15518750e-07,1.89692187e-01
1.15558750e-07,1.89707813e-01
1.15598750e-07,1.89692187e-01
1.15638750e-07,1.89707813e-01
1.15678750e-07,1.89692187e-01
1.15718750e-07,1.89707813e-01
1.15758750e-07,1.89692187e-01
1.15798750e-07,1.89707813e-01
1.15838750e-07,1.89692187e-01
1.15878750e-07,1.89707813e-01
1.15918750e-07,1.89692187e-01
1.15958750e-07,1.89707813e-01
1.15998750e-07,1.89692187e-01
1.16038750e-07,1.89707813e-01
1.16078750e-07,1.89693750e-01
1.16118750e-07,1.89706250e-01
1.16158750e-07,1.89693750e-01
1.16198750e-07,1.89706250e-01
1.16238750e-07,1.89693750e-01
1.16278750e-07,1.89706250e-01
1.16318750e-07,1.89693750e-01
1.16358750e-07,1.89706250e-01
1.16398750e-07,1.89693750e-01
1.16438750e-07,1.89706250e-01
1.16478750e-07,1.89693750e-01
1.16518750e-07,1.89706250e-01
1.16558750e-07,1.89693750e-01
1.16598750e-07,1.89706250e-01
1.16638750e-07,1.89693750e-01
1.16678750e-07,1.89706250e-01
1.16718750e-07,1.89693750e-01
1.16758750e-07,1.89706250e-01
1.16798750e-07,1.89693750e-01
1.16838750e-07,1.89706250e-01
1.16878750e-07,1.89693750e-01
1.16918750e-07,1.89706250e-01
1.16958750e-07,1.89693750e-01
1.16998750e-07,1.89706250e-01
1.17038750e-07,1.89693750e-01
1.17078750e-07,1.89706250e-01
1.17118750e-07,1.89693750e-01
1.17158750e-07,1.89706250e-01
1.17198750e-07,1.89693750e-01
1.17238750e-07,1.89706250e-01
1.17278750e-07,1.89693750e-01
1.17318750e-07,1.89706250e-01
1.17358750e-07,1.89695313e-01
1.17398750e-07,1.89704687e-01
1.17438750e-07,1.89695313e-01
1.17478750e-07,1.89704687e-01
1.17518750e-07,1.89695313e-01
1.17558750e-07,1.89704687e-01
1.17598750e-07,1.89696875e-01
1.17638750e-07,1.89703125e-01
1.17678750e-07,1.89696875e-01
1.17718750e-07,1.89701563e-01
1.17758750e-07,1.89700000e-01
1.17798750e-07,1.89698438e-01
1.17838750e-07,1.89704687e-01
1.17878750e-07,1.89690625e-01
1.17918750e-07,1.89718750e-01
1.17958750e-07,1.89656250e-01
1.17998750e-07,1.89896875e-01
1.18038750e-07,1.90165625e-01
1.18078750e-07,1.90057813e-01
1.18118750e-07,1.90134375e-01
1.18158750e-07,1.90070313e-01
1.18198750e-07,1.90126563e-01
1.18238750e-07,1.90073437e-01
1.18278750e-07,1.90125000e-01
1.18318750e-07,1.90075000e-01
1.18358750e-07,1.90126563e-01
1.18398750e-07,1.90071875e-01
1.18438750e-07,1.90129688e-01
1.18478750e-07,1.90065625e-01
1.18518750e-07,1.90143750e-01
1.18558750e-07,1.90031250e-01
1.18598750e-07,1.90321875e-01
1.18638750e-07,1.90540625e-01
1.18678750e-07,1.90482813e-01
1.18718750e-07,1.90507813e-01
1.18758750e-07,1.90496875e-01
1.18798750e-07,1.90500000e-01
1.18838750e-07,1.90503125e-01
1.18878750e-07,1.90495313e-01
1.18918750e-07,1.90504688e-01
1.18958750e-07,1.90493750e-01
1.18998750e-07,1.90507813e-01
1.19038750e-07,1.90492188e-01
1.19078750e-07,1.90507813e-01
1.19118750e-07,1.90490625e-01
1.19158750e-07,1.90509375e-01
1.19198750e-07,1.90489063e-01
1.19238750e-07,1.90510938e-01
1.19278750e-07,1.90489063e-01
1.19318750e-07,1.90512500e-01
1.19358750e-07,1.90487500e-01
1.19398750e-07,1.90514062e-01
1.19438750e-07,1.90485938e-01
1.19478750e-07,1.90514062e-01
1.19518750e-07,1.90484375e-01
1.19558750e-07,1.90517188e-01
1.19598750e-07,1.90481250e-01
1.19638750e-07,1.90520313e-01
1.19678750e-07,1.90478125e-01
1.19718750e-07,1.90523438e-01
1.19758750e-07,1.90471875e-01
1.19798750e-07,1.90532813e-01
1.19838750e-07,1.90456250e-01
1.19878750e-07,1.90568750e-01
1.19918750e-07,1.90276562e-01
1.19958750e-07,1.90062500e-01
1.19998750e-07,1.90112500e-01
1.20038750e-07,1.90098437e-01
1.20078750e-07,1.90095313e-01
1.20118750e-07,1.90109375e-01
1.20158750e-07,1.90084375e-01
1.20198750e-07,1.90121875e-01
1.20238750e-07,1.90065625e-01
1.20278750e-07,1.90160938e-01
1.20318750e-07,1.89884375e-01
1.20358750e-07,1.89654688e-01
1.20398750e-07,1.89720313e-01
1.20438750e-07,1.89690625e-01
1.20478750e-07,1.89703125e-01
1.20518750e-07,1.89703125e-01
1.20558750e-07,1.89690625e-01
1.20598750e-07,1.89715625e-01
1.20638750e-07,1.89671875e-01
1.20678750e-07,1.89753125e-01
1.20718750e-07,1.89492188e-01
1.20758750e-07,1.89246875e-01
1.20798750e-07,1.89328125e-01
1.20838750e-07,1.89282813e-01
1.20878750e-07,1.89310937e-01
1.20918750e-07,1.89293750e-01
1.20958750e-07,1.89301563e-01
1.20998750e-07,1.89301563e-01
1.21038750e-07,1.89293750e-01
1.21078750e-07,1.89312500e-01
1.21118750e-07,1.89276562e-01
1.21158750e-07,1.89348437e-01
1.21198750e-07,1.89096875e-01
1.21238750e-07,1.88840625e-01
1.21278750e-07,1.88934375e-01
1.21318750e-07,1.88875000e-01
1.21358750e-07,1.88918750e-01
1.21398750e-07,1.88884375e-01
1.21438750e-07,1.88912500e-01
1.21478750e-07,1.88889063e-01
1.21518750e-07,1.88909375e-01
1.21558750e-07,1.88890625e-01
1.21598750e-07,1.88907812e-01
1.21638750e-07,1.88893750e-01
1.21678750e-07,1.88906250e-01
1.21718750e-07,1.88895312e-01
1.21758750e-07,1.88904688e-01
1.21798750e-07,1.88895312e-01
1.21838750e-07,1.88903125e-01
1.21878750e-07,1.88896875e-01
1.21918750e-07,1.88903125e-01
1.21958750e-07,1.88896875e-01
1.21998750e-07,1.88901563e-01
1.22038750e-07,1.88898438e-01
1.22078750e-07,1.88901563e-01
1.22118750e-07,1.88898438e-01
1.22158750e-07,1.88900000e-01
1.22198750e-07,1.88900000e-01
1.22238750e-07,1.88900000e-01
1.22278750e-07,1.88900000e-01
1.22318750e-07,1.88900000e-01
1.22358750e-07,1.88901563e-01
1.22398750e-07,1.88898438e-01
1.22438750e-07,1.88901563e-01
1.22478750e-07,1.88898438e-01
1.22518750e-07,1.88903125e-01
1.22558750e-07,1.88896875e-01
1.22598750e-07,1.88903125e-01
1.22638750e-07,1.88895312e-01
1.22678750e-07,1.88904688e-01
1.22718750e-07,1.88895312e-01
1.22758750e-07,1.88906250e-01
1.22798750e-07,1.88893750e-01
1.22838750e-07,1.88907812e-01
1.22878750e-07,1.88892188e-01
1.22918750e-07,1.88909375e-01
1.22958750e-07,1.88889063e-01
1.22998750e-07,1.88912500e-01
1.23038750e-07,1.88885938e-01
1.23078750e-07,1.88918750e-01
1.23118750e-07,1.88876563e-01
1.23158750e-07,1.88932813e-01
1.23198750e-07,1.88842188e-01
1.23238750e-07,1.89112500e-01
1.23278750e-07,1.89350000e-01
1.23318750e-07,1.89275000e-01
1.23358750e-07,1.89315625e-01
1.23398750e-07,1.89290625e-01
1.23438750e-07,1.89306250e-01
1.23478750e-07,1.89296875e-01
1.23518750e-07,1.89300000e-01
1.23558750e-07,1.89303125e-01
1.23598750e-07,1.89293750e-01
1.23638750e-07,1.89309375e-01
1.23678750e-07,1.89284375e-01
1.23718750e-07,1.89325000e-01
1.23758750e-07,1.89248438e-01
1.23798750e-07,1.89504688e-01
1.23838750e-07,1.89757813e-01
1.23878750e-07,1.89667188e-01
1.23918750e-07,1.89723438e-01
1.23958750e-07,1.89682813e-01
1.23998750e-07,1.89714063e-01
1.24038750e-07,1.89687500e-01
1.24078750e-07,1.89710938e-01
1.24118750e-07,1.89690625e-01
1.24158750e-07,1.89707813e-01
1.24198750e-07,1.89693750e-01
1.24238750e-07,1.89706250e-01
1.24278750e-07,1.89695313e-01
1.24318750e-07,1.89704687e-01
1.24358750e-07,1.89696875e-01
1.24398750e-07,1.89701563e-01
1.24438750e-07,1.89698438e-01
1.24478750e-07,1.89700000e-01
1.24518750e-07,1.89700000e-01
1.24558750e-07,1.89698438e-01
1.24598750e-07,1.89703125e-01
1.24638750e-07,1.89695313e-01
1.24678750e-07,1.89706250e-01
1.24718750e-07,1.89689063e-01
1.24758750e-07,1.89715625e-01
1.24798750e-07,1.89675000e-01
1.24838750e-07,1.89750000e-01
1.24878750e-07,1.89496875e-01
1.24918750e-07,1.89242188e-01
1.24958750e-07,1.89334375e-01
1.24998750e-07,1.89275000e-01
1.25038750e-07,1.89320313e-01
1.25078750e-07,1.89282813e-01
1.25118750e-07,1.89314063e-01
1.25158750e-07,1.89287500e-01
1.25198750e-07,1.89312500e-01
1.25238750e-07,1.89289062e-01
1.25278750e-07,1.89309375e-01
1.25318750e-07,1.89290625e-01
1.25358750e-07,1.89309375e-01
1.25398750e-07,1.89292188e-01
1.25438750e-07,1.89307813e-01
1.25478750e-07,1.89292188e-01
1.25518750e-07,1.89307813e-01
1.25558750e-07,1.89293750e-01
1.25598750e-07,1.89306250e-01
1.25638750e-07,1.89293750e-01
1.25678750e-07,1.89306250e-01
1.25718750e-07,1.89293750e-01
1.25758750e-07,1.89306250e-01
1.25798750e-07,1.89293750e-01
1.25838750e-07,1.89306250e-01
1.25878750e-07,1.89293750e-01
1.25918750e-07,1.89306250e-01
1.25958750e-07,1.89293750e-01
1.25998750e-07,1.89306250e-01
1.26038750e-07,1.89293750e-01
1.26078750e-07,1.89306250e-01
1.26118750e-07,1.89293750e-01
1.26158750e-07,1.89306250e-01
1.26198750e-07,1.89293750e-01
1.26238750e-07,1.89307813e-01
1.26278750e-07,1.89292188e-01
1.26318750e-07,1.89309375e-01
1.26358750e-07,1.89289062e-01
1.26398750e-07,1.89314063e-01
1.26438750e-07,1.89281250e-01
1.26478750e-07,1.89328125e-01
1.26518750e-07,1.89248438e-01
1.26558750e-07,1.89504688e-01
1.26598750e-07,1.89759375e-01
1.26638750e-07,1.89664063e-01
1.26678750e-07,1.89728125e-01
1.26718750e-07,1.89676563e-01
1.26758750e-07,1.89721875e-01
1.26798750e-07,1.89676563e-01
1.26838750e-07,1.89725000e-01
1.26878750e-07,1.89671875e-01
1.26918750e-07,1.89737500e-01
1.26958750e-07,1.89637500e-01
1.26998750e-07,1.89915625e-01
1.27038750e-07,1.90146875e-01
1.27078750e-07,1.90076563e-01
1.27118750e-07,1.90114063e-01
1.27158750e-07,1.90092188e-01
1.27198750e-07,1.90104688e-01
1.27238750e-07,1.90098437e-01
1.27278750e-07,1.90100000e-01
1.27318750e-07,1.90103125e-01
1.27358750e-07,1.90093750e-01
1.27398750e-07,1.90109375e-01
1.27438750e-07,1.90084375e-01
1.27478750e-07,1.90125000e-01
1.27518750e-07,1.90050000e-01
1.27558750e-07,1.90303125e-01
1.27598750e-07,1.90557813e-01
1.27638750e-07,1.90465625e-01
1.27678750e-07,1.90525000e-01
1.27718750e-07,1.90479687e-01
1.27758750e-07,1.90515625e-01
1.27798750e-07,1.90485938e-01
1.27838750e-07,1.90512500e-01
1.27878750e-07,1.90489063e-01
1.27918750e-07,1.90510938e-01
1.27958750e-07,1.90490625e-01
1.27998750e-07,1.90509375e-01
1.28038750e-07,1.90492188e-01
1.28078750e-07,1.90507813e-01
1.28118750e-07,1.90492188e-01
1.28158750e-07,1.90507813e-01
1.28198750e-07,1.90493750e-01
1.28238750e-07,1.90506250e-01
1.28278750e-07,1.90493750e-01
1.28318750e-07,1.90506250e-01
1.28358750e-07,1.90493750e-01
1.28398750e-07,1.90506250e-01
1.28438750e-07,1.90495313e-01
1.28478750e-07,1.90504688e-01
1.28518750e-07,1.90495313e-01
1.28558750e-07,1.90504688e-01
1.28598750e-07,1.90495313e-01
1.28638750e-07,1.90504688e-01
1.28678750e-07,1.90495313e-01
1.28718750e-07,1.90504688e-01
1.28758750e-07,1.90495313e-01
1.28798750e-07,1.90504688e-01
1.28838750e-07,1.90495313e-01
1.28878750e-07,1.90503125e-01
1.28918750e-07,1.90496875e-01
1.28958750e-07,1.90503125e-01
1.28998750e-07,1.90496875e-01
1.29038750e-07,1.90503125e-01
1.29078750e-07,1.90496875e-01
1.29118750e-07,1.90503125e-01
1.29158750e-07,1.90496875e-01
1.29198750e-07,1.90503125e-01
1.29238750e-07,1.90496875e-01
1.29278750e-07,1.90503125e-01
1.29318750e-07,1.90496875e-01
1.29358750e-07,1.90503125e-01
1.29398750e-07,1.90496875e-01
1.29438750e-07,1.90503125e-01
1.29478750e-07,1.90496875e-01
1.29518750e-07,1.90501562e-01
1.29558750e-07,1.90498438e-01
1.29598750e-07,1.90501562e-01
1.29638750e-07,1.90498438e-01
1.29678750e-07,1.90501562e-01
1.29718750e-07,1.90498438e-01
1.29758750e-07,1.90501562e-01
1.29798750e-07,1.90498438e-01
1.29838750e-07,1.90501562e-01
1.29878750e-07,1.90500000e-01
1.29918750e-07,1.90500000e-01
1.29958750e-07,1.90500000e-01
1.29998750e-07,1.90500000e-01
1.30038750e-07,1.90501562e-01
1.30078750e-07,1.90498438e-01
1.30118750e-07,1.90503125e-01
1.30158750e-07,1.90495313e-01
1.30198750e-07,1.90506250e-01
1.30238750e-07,1.90490625e-01
1.30278750e-07,1.90514062e-01
1.30318750e-07,1.90476563e-01
1.30358750e-07,1.90548438e-01
1.30398750e-07,1.90298438e-01
1.30438750e-07,1.90039062e-01
1.30478750e-07,1.90137500e-01
1.30518750e-07,1.90071875e-01
1.30558750e-07,1.90123438e-01
1.30598750e-07,1.90078125e-01
1.30638750e-07,1.90120312e-01
1.30678750e-07,1.90081250e-01
1.30718750e-07,1.90118750e-01
1.30758750e-07,1.90081250e-01
1.30798750e-07,1.90120312e-01
1.30838750e-07,1.90078125e-01
1.30878750e-07,1.90123438e-01
1.30918750e-07,1.90071875e-01
1.30958750e-07,1.90137500e-01
1.30998750e-07,1.90037500e-01
1.31038750e-07,1.90315625e-01
1.31078750e-07,1.90546875e-01
1.31118750e-07,1.90476563e-01
1.31158750e-07,1.90514062e-01
1.31198750e-07,1.90490625e-01
1.31238750e-07,1.90506250e-01
1.31278750e-07,1.90495313e-01
1.31318750e-07,1.90503125e-01
1.31358750e-07,1.90498438e-01
1.31398750e-07,1.90501562e-01
1.31438750e-07,1.90500000e-01
1.31478750e-07,1.90500000e-01
1.31518750e-07,1.90500000e-01
1.31558750e-07,1.90498438e-01
1.31598750e-07,1.90501562e-01
1.31638750e-07,1.90498438e-01
1.31678750e-07,1.90501562e-01
1.31718750e-07,1.90496875e-01
1.31758750e-07,1.90503125e-01
1.31798750e-07,1.90496875e-01
1.31838750e-07,1.90503125e-01
1.31878750e-07,1.90495313e-01
1.31918750e-07,1.90504688e-01
1.31958750e-07,1.90495313e-01
1.31998750e-07,1.90506250e-01
1.32038750e-07,1.90493750e-01
1.32078750e-07,1.90507813e-01
1.32118750e-07,1.90490625e-01
1.32158750e-07,1.90510938e-01
1.32198750e-07,1.90485938e-01
1.32238750e-07,1.90518750e-01
1.32278750e-07,1.90470313e-01
1.32318750e-07,1.90553125e-01
1.32358750e-07,1.90293750e-01
1.32398750e-07,1.90043750e-01
1.32438750e-07,1.90131250e-01
1.32478750e-07,1.90076563e-01
1.32518750e-07,1.90118750e-01
1.32558750e-07,1.90084375e-01
1.32598750e-07,1.90114063e-01
1.32638750e-07,1.90087500e-01
1.32678750e-07,1.90110938e-01
1.32718750e-07,1.90089063e-01
1.32758750e-07,1.90110938e-01
1.32798750e-07,1.90089063e-01
1.32838750e-07,1.90112500e-01
1.32878750e-07,1.90087500e-01
1.32918750e-07,1.90114063e-01
1.32958750e-07,1.90082813e-01
1.32998750e-07,1.90121875e-01
1.33038750e-07,1.90068750e-01
1.33078750e-07,1.90156250e-01
1.33118750e-07,1.89890625e-01
1.33158750e-07,1.89645312e-01
1.33198750e-07,1.89731250e-01
1.33238750e-07,1.89678125e-01
1.33278750e-07,1.89717187e-01
1.33318750e-07,1.89685938e-01
1.33358750e-07,1.89712500e-01
1.33398750e-07,1.89687500e-01
1.33438750e-07,1.89710938e-01
1.33478750e-07,1.89689063e-01
1.33518750e-07,1.89712500e-01
1.33558750e-07,1.89687500e-01
1.33598750e-07,1.89714063e-01
1.33638750e-07,1.89682813e-01
1.33678750e-07,1.89721875e-01
1.33718750e-07,1.89668750e-01
1.33758750e-07,1.89754688e-01
1.33798750e-07,1.89492188e-01
1.33838750e-07,1.89245313e-01
1.33878750e-07,1.89331250e-01
1.33918750e-07,1.89278125e-01
1.33958750e-07,1.89317188e-01
1.33998750e-07,1.89284375e-01
1.34038750e-07,1.89314063e-01
1.34078750e-07,1.89285938e-01
1.34118750e-07,1.89314063e-01
1.34158750e-07,1.89285938e-01
1.34198750e-07,1.89315625e-01
1.34238750e-07,1.89281250e-01
1.34278750e-07,1.89321875e-01
1.34318750e-07,1.89268750e-01
1.34358750e-07,1.89356250e-01
1.34398750e-07,1.89090625e-01
1.34438750e-07,1.88846875e-01
1.34478750e-07,1.88929687e-01
1.34518750e-07,1.88879688e-01
1.34558750e-07,1.88917188e-01
1.34598750e-07,1.88885938e-01
1.34638750e-07,1.88912500e-01
1.34678750e-07,1.88889063e-01
1.34718750e-07,1.88910938e-01
1.34758750e-07,1.88889063e-01
1.34798750e-07,1.88910938e-01
1.34838750e-07,1.88889063e-01
1.34878750e-07,1.88910938e-01
1.34918750e-07,1.88887500e-01
1.34958750e-07,1.88914063e-01
1.34998750e-07,1.88882812e-01
1.35038750e-07,1.88921875e-01
1.35078750e-07,1.88868750e-01
1.35118750e-07,1.88956250e-01
1.35158750e-07,1.88692187e-01
1.35198750e-07,1.88445313e-01
1.35238750e-07,1.88531250e-01
1.35278750e-07,1.88478125e-01
1.35318750e-07,1.88517188e-01
1.35358750e-07,1.88485938e-01
1.35398750e-07,1.88512500e-01
1.35438750e-07,1.88487500e-01
1.35478750e-07,1.88512500e-01
1.35518750e-07,1.88487500e-01
1.35558750e-07,1.88512500e-01
1.35598750e-07,1.88485938e-01
1.35638750e-07,1.88515625e-01
1.35678750e-07,1.88479687e-01
1.35718750e-07,1.88529688e-01
1.35758750e-07,1.88445313e-01
1.35798750e-07,1.88706250e-01
1.35838750e-07,1.88956250e-01
1.35878750e-07,1.88867188e-01
1.35918750e-07,1.88925000e-01
1.35958750e-07,1.88879688e-01
1.35998750e-07,1.88918750e-01
1.36038750e-07,1.88881250e-01
1.36078750e-07,1.88918750e-01
1.36118750e-07,1.88881250e-01
1.36158750e-07,1.88921875e-01
1.36198750e-07,1.88873438e-01
1.36238750e-07,1.88935938e-01
1.36278750e-07,1.88839063e-01
1.36318750e-07,1.89114063e-01
1.36358750e-07,1.89346875e-01
1.36398750e-07,1.89278125e-01
1.36438750e-07,1.89310937e-01
1.36478750e-07,1.89296875e-01
1.36518750e-07,1.89296875e-01
1.36558750e-07,1.89314063e-01
1.36598750e-07,1.89259375e-01
1.36638750e-07,1.89493750e-01
1.36678750e-07,1.89770313e-01
1.36718750e-07,1.89653125e-01
1.36758750e-07,1.89740625e-01
1.36798750e-07,1.89660938e-01
1.36838750e-07,1.89745313e-01
1.36878750e-07,1.89632812e-01
1.36918750e-07,1.89917188e-01
1.36958750e-07,1.90146875e-01
1.36998750e-07,1.90073437e-01
1.37038750e-07,1.90120312e-01
1.37078750e-07,1.90079688e-01
1.37118750e-07,1.90126563e-01
1.37158750e-07,1.90050000e-01
1.37198750e-07,1.90301563e-01
1.37238750e-07,1.90562500e-01
1.37278750e-07,1.90459375e-01
1.37318750e-07,1.90532813e-01
1.37358750e-07,1.90468750e-01
1.37398750e-07,1.90531250e-01
1.37438750e-07,1.90465625e-01
1.37478750e-07,1.90543750e-01
1.37518750e-07,1.90432812e-01
1.37558750e-07,1.90720313e-01
1.37598750e-07,1.90943750e-01
1.37638750e-07,1.90881250e-01
1.37678750e-07,1.90910938e-01
1.37718750e-07,1.90895312e-01
1.37758750e-07,1.90903125e-01
1.37798750e-07,1.90900000e-01
1.37838750e-07,1.90898438e-01
1.37878750e-07,1.90903125e-01
1.37918750e-07,1.90896875e-01
1.37958750e-07,1.90904688e-01
1.37998750e-07,1.90895312e-01
1.38038750e-07,1.90906250e-01
1.38078750e-07,1.90892188e-01
1.38118750e-07,1.90907812e-01
1.38158750e-07,1.90890625e-01
1.38198750e-07,1.90910938e-01
1.38238750e-07,1.90887500e-01
1.38278750e-07,1.90915625e-01
1.38318750e-07,1.90881250e-01
1.38358750e-07,1.90923438e-01
1.38398750e-07,1.90865625e-01
1.38438750e-07,1.90959375e-01
1.38478750e-07,1.90687500e-01
1.38518750e-07,1.90450000e-01
1.38558750e-07,1.90525000e-01
1.38598750e-07,1.90484375e-01
1.38638750e-07,1.90509375e-01
1.38678750e-07,1.90493750e-01
1.38718750e-07,1.90503125e-01
1.38758750e-07,1.90500000e-01
1.38798750e-07,1.90496875e-01
1.38838750e-07,1.90506250e-01
1.38878750e-07,1.90490625e-01
1.38918750e-07,1.90515625e-01
1.38958750e-07,1.90475000e-01
1.38998750e-07,1.90550000e-01
1.39038750e-07,1.90295313e-01
1.39078750e-07,1.90042188e-01
1.39118750e-07,1.90134375e-01
1.39158750e-07,1.90075000e-01
1.39198750e-07,1.90118750e-01
1.39238750e-07,1.90084375e-01
1.39278750e-07,1.90114063e-01
1.39318750e-07,1.90087500e-01
1.39358750e-07,1.90110938e-01
1.39398750e-07,1.90090625e-01
1.39438750e-07,1.90109375e-01
1.39478750e-07,1.90092188e-01
1.39518750e-07,1.90107813e-01
1.39558750e-07,1.90092188e-01
1.39598750e-07,1.90106250e-01
1.39638750e-07,1.90093750e-01
1.39678750e-07,1.90106250e-01
1.39718750e-07,1.90093750e-01
1.39758750e-07,1.90104688e-01
1.39798750e-07,1.90095313e-01
1.39838750e-07,1.90104688e-01
1.39878750e-07,1.90095313e-01
1.39918750e-07,1.90104688e-01
1.39958750e-07,1.90095313e-01
1.39998750e-07,1.90104688e-01
1.40038750e-07,1.90096875e-01
1.40078750e-07,1.90103125e-01
1.40118750e-07,1.90096875e-01
1.40158750e-07,1.90103125e-01
1.40198750e-07,1.90096875e-01
1.40238750e-07,1.90103125e-01
1.40278750e-07,1.90096875e-01
1.40318750e-07,1.90103125e-01
1.40358750e-07,1.90096875e-01
1.40398750e-07,1.90103125e-01
1.40438750e-07,1.90096875e-01
1.40478750e-07,1.90103125e-01
1.40518750e-07,1.90096875e-01
1.40558750e-07,1.90103125e-01
1.40598750e-07,1.90096875e-01
1.40638750e-07,1.90103125e-01
1.40678750e-07,1.90098437e-01
1.40718750e-07,1.90101563e-01
1.40758750e-07,1.90098437e-01
1.40798750e-07,1.90101563e-01
1.40838750e-07,1.90098437e-01
1.40878750e-07,1.90101563e-01
1.40918750e-07,1.90098437e-01
1.40958750e-07,1.90101563e-01
1.40998750e-07,1.90098437e-01
1.41038750e-07,1.90101563e-01
1.41078750e-07,1.90098437e-01
1.41118750e-07,1.90101563e-01
1.41158750e-07,1.90098437e-01
1.41198750e-07,1.90101563e-01
1.41238750e-07,1.90098437e-01
1.41278750e-07,1.90101563e-01
1.41318750e-07,1.90098437e-01
1.41358750e-07,1.90101563e-01
1.41398750e-07,1.90098437e-01
1.41438750e-07,1.90101563e-01
1.41478750e-07,1.90098437e-01
1.41518750e-07,1.90101563e-01
1.41558750e-07,1.90098437e-01
1.41598750e-07,1.90101563e-01
1.41638750e-07,1.90098437e-01
1.41678750e-07,1.90101563e-01
1.41718750e-07,1.90098437e-01
1.41758750e-07,1.90101563e-01
1.41798750e-07,1.90098437e-01
1.41838750e-07,1.90101563e-01
1.41878750e-07,1.90098437e-01
1.41918750e-07,1.90101563e-01
1.41958750e-07,1.90098437e-01
1.41998750e-07,1.90100000e-01
1.42038750e-07,1.90100000e-01
1.42078750e-07,1.90100000e-01
1.42118750e-07,1.90100000e-01
1.42158750e-07,1.90100000e-01
1.42198750e-07,1.90100000e-01
1.42238750e-07,1.90100000e-01
1.42278750e-07,1.90100000e-01
1.42318750e-07,1.90100000e-01
1.42358750e-07,1.90100000e-01
1.42398750e-07,1.90100000e-01
1.42438750e-07,1.90100000e-01
1.42478750e-07,1.90100000e-01
1.42518750e-07,1.90100000e-01
1.42558750e-07,1.90100000e-01
1.42598750e-07,1.90100000e-01
1.42638750e-07,1.90100000e-01
1.42678750e-07,1.90100000e-01
1.42718750e-07,1.90100000e-01
1.42758750e-07,1.90100000e-01
1.42798750e-07,1.90100000e-01
1.42838750e-07,1.90100000e-01
1.42878750e-07,1.90100000e-01
1.42918750e-07,1.90100000e-01
1.42958750e-07,1.90100000e-01
1.42998750e-07,1.90100000e-01
1.43038750e-07,1.90100000e-01
1.43078750e-07,1.90100000e-01
1.43118750e-07,1.90098437e-01
1.43158750e-07,1.90101563e-01
1.43198750e-07,1.90098437e-01
1.43238750e-07,1.90101563e-01
1.43278750e-07,1.90098437e-01
1.43318750e-07,1.90101563e-01
1.43358750e-07,1.90098437e-01
1.43398750e-07,1.90101563e-01
1.43438750e-07,1.90098437e-01
1.43478750e-07,1.90101563e-01
1.43518750e-07,1.90096875e-01
1.43558750e-07,1.90103125e-01
1.43598750e-07,1.90096875e-01
1.43638750e-07,1.90103125e-01
1.43678750e-07,1.90096875e-01
1.43718750e-07,1.90104688e-01
1.43758750e-07,1.90095313e-01
1.43798750e-07,1.90106250e-01
1.43838750e-07,1.90093750e-01
1.43878750e-07,1.90107813e-01
1.43918750e-07,1.90090625e-01
1.43958750e-07,1.90110938e-01
1.43998750e-07,1.90085937e-01
1.44038750e-07,1.90120312e-01
1.44078750e-07,1.90070313e-01
1.44118750e-07,1.90154688e-01
1.44158750e-07,1.89892188e-01
1.44198750e-07,1.89645312e-01
1.44238750e-07,1.89731250e-01
1.44278750e-07,1.89679687e-01
1.44318750e-07,1.89715625e-01
1.44358750e-07,1.89687500e-01
1.44398750e-07,1.89710938e-01
1.44438750e-07,1.89692187e-01
1.44478750e-07,1.89706250e-01
1.44518750e-07,1.89695313e-01
1.44558750e-07,1.89703125e-01
1.44598750e-07,1.89698438e-01
1.44638750e-07,1.89698438e-01
1.44678750e-07,1.89707813e-01
1.44718750e-07,1.89682813e-01
1.44758750e-07,1.89740625e-01
1.44798750e-07,1.89506250e-01
1.44838750e-07,1.89229688e-01
1.44878750e-07,1.89346875e-01
1.44918750e-07,1.89260938e-01
1.44958750e-07,1.89335937e-01
1.44998750e-07,1.89262500e-01
1.45038750e-07,1.89340625e-01
1.45078750e-07,1.89251562e-01
1.45118750e-07,1.89373438e-01
1.45158750e-07,1.89073437e-01
1.45198750e-07,1.88864063e-01
1.45238750e-07,1.88910938e-01
1.45278750e-07,1.88900000e-01
1.45318750e-07,1.88892188e-01
1.45358750e-07,1.88915625e-01
1.45398750e-07,1.88873438e-01
1.45438750e-07,1.88953125e-01
1.45478750e-07,1.88693750e-01
1.45518750e-07,1.88445313e-01
1.45558750e-07,1.88531250e-01
1.45598750e-07,1.88479687e-01
1.45638750e-07,1.88515625e-01
1.45678750e-07,1.88487500e-01
1.45718750e-07,1.88509375e-01
1.45758750e-07,1.88492188e-01
1.45798750e-07,1.88507813e-01
1.45838750e-07,1.88493750e-01
1.45878750e-07,1.88504688e-01
1.45918750e-07,1.88495313e-01
1.45958750e-07,1.88503125e-01
1.45998750e-07,1.88496875e-01
1.46038750e-07,1.88503125e-01
1.46078750e-07,1.88498438e-01
1.46118750e-07,1.88501562e-01
1.46158750e-07,1.88498438e-01
1.46198750e-07,1.88500000e-01
1.46238750e-07,1.88500000e-01
1.46278750e-07,1.88498438e-01
1.46318750e-07,1.88503125e-01
1.46358750e-07,1.88495313e-01
1.46398750e-07,1.88507813e-01
1.46438750e-07,1.88487500e-01
1.46478750e-07,1.88521875e-01
1.46518750e-07,1.88454687e-01
1.46558750e-07,1.88698438e-01
1.46598750e-07,1.88965625e-01
1.46638750e-07,1.88857812e-01
1.46678750e-07,1.88934375e-01
1.46718750e-07,1.88868750e-01
1.46758750e-07,1.88932813e-01
1.46798750e-07,1.88864063e-01
1.46838750e-07,1.88943750e-01
1.46878750e-07,1.88831250e-01
1.46918750e-07,1.89121875e-01
1.46958750e-07,1.89340625e-01
1.46998750e-07,1.89284375e-01
1.47038750e-07,1.89306250e-01
1.47078750e-07,1.89301563e-01
1.47118750e-07,1.89290625e-01
1.47158750e-07,1.89320313e-01
1.47198750e-07,1.89254688e-01
1.47238750e-07,1.89498438e-01
1.47278750e-07,1.89764062e-01
1.47318750e-07,1.89659375e-01
1.47358750e-07,1.89732813e-01
1.47398750e-07,1.89670312e-01
1.47438750e-07,1.89728125e-01
1.47478750e-07,1.89668750e-01
1.47518750e-07,1.89739062e-01
1.47558750e-07,1.89637500e-01
1.47598750e-07,1.89915625e-01
1.47638750e-07,1.90148438e-01
1.47678750e-07,1.90075000e-01
1.47718750e-07,1.90115625e-01
1.47758750e-07,1.90089063e-01
1.47798750e-07,1.90109375e-01
1.47838750e-07,1.90093750e-01
1.47878750e-07,1.90106250e-01
1.47918750e-07,1.90095313e-01
1.47958750e-07,1.90104688e-01
1.47998750e-07,1.90095313e-01
1.48038750e-07,1.90103125e-01
1.48078750e-07,1.90096875e-01
1.48118750e-07,1.90103125e-01
1.48158750e-07,1.90096875e-01
1.48198750e-07,1.90103125e-01
1.48238750e-07,1.90096875e-01
1.48278750e-07,1.90103125e-01
1.48318750e-07,1.90096875e-01
1.48358750e-07,1.90103125e-01
1.48398750e-07,1.90096875e-01
1.48438750e-07,1.90103125e-01
1.48478750e-07,1.90096875e-01
1.48518750e-07,1.90103125e-01
1.48558750e-07,1.90096875e-01
1.48598750e-07,1.90103125e-01
1.48638750e-07,1.90096875e-01
1.48678750e-07,1.90103125e-01
1.48718750e-07,1.90096875e-01
1.48758750e-07,1.90103125e-01
1.48798750e-07,1.90096875e-01
1.48838750e-07,1.90103125e-01
1.48878750e-07,1.90096875e-01
1.48918750e-07,1.90104688e-01
1.48958750e-07,1.90095313e-01
1.48998750e-07,1.90104688e-01
1.49038750e-07,1.90095313e-01
1.49078750e-07,1.90104688e-01
1.49118750e-07,1.90093750e-01
1.49158750e-07,1.90106250e-01
1.49198750e-07,1.90093750e-01
1.49238750e-07,1.90107813e-01
1.49278750e-07,1.90090625e-01
1.49318750e-07,1.90110938e-01
1.49358750e-07,1.90087500e-01
1.49398750e-07,1.90115625e-01
1.49438750e-07,1.90079688e-01
1.49478750e-07,1.90129688e-01
1.49518750e-07,1.90045313e-01
1.49558750e-07,1.90307813e-01
1.49598750e-07,1.90554688e-01
1.49638750e-07,1.90468750e-01
1.49678750e-07,1.90521875e-01
1.49718750e-07,1.90484375e-01
1.49758750e-07,1.90514062e-01
1.49798750e-07,1.90489063e-01
1.49838750e-07,1.90509375e-01
1.49878750e-07,1.90490625e-01
1.49918750e-07,1.90507813e-01
1.49958750e-07,1.90492188e-01
1.49998750e-07,1.90506250e-01
1.50038750e-07,1.90493750e-01
1.50078750e-07,1.90506250e-01
1.50118750e-07,1.90493750e-01
1.50158750e-07,1.90506250e-01
1.50198750e-07,1.90493750e-01
1.50238750e-07,1.90506250e-01
1.50278750e-07,1.90493750e-01
1.50318750e-07,1.90506250e-01
1.50358750e-07,1.90493750e-01
1.50398750e-07,1.90506250e-01
1.50438750e-07,1.90493750e-01
1.50478750e-07,1.90506250e-01
1.50518750e-07,1.90493750e-01
1.50558750e-07,1.90506250e-01
1.50598750e-07,1.90493750e-01
1.50638750e-07,1.90507813e-01
1.50678750e-07,1.90492188e-01
1.50718750e-07,1.90509375e-01
1.50758750e-07,1.90489063e-01
1.50798750e-07,1.90512500e-01
1.50838750e-07,1.90484375e-01
1.50878750e-07,1.90520313e-01
1.50918750e-07,1.90470313e-01
1.50958750e-07,1.90554688e-01
1.50998750e-07,1.90292188e-01
1.51038750e-07,1.90045313e-01
1.51078750e-07,1.90131250e-01
1.51118750e-07,1.90078125e-01
1.51158750e-07,1.90117188e-01
1.51198750e-07,1.90085937e-01
1.51238750e-07,1.90112500e-01
1.51278750e-07,1.90089063e-01
1.51318750e-07,1.90110938e-01
1.51358750e-07,1.90089063e-01
1.51398750e-07,1.90110938e-01
1.51438750e-07,1.90089063e-01
1.51478750e-07,1.90110938e-01
1.51518750e-07,1.90087500e-01
1.51558750e-07,1.90114063e-01
1.51598750e-07,1.90084375e-01
1.51638750e-07,1.90120312e-01
1.51678750e-07,1.90070313e-01
1.51718750e-07,1.90154688e-01
1.51758750e-07,1.89893750e-01
1.51798750e-07,1.89643750e-01
1.51838750e-07,1.89732813e-01
1.51878750e-07,1.89676563e-01
1.51918750e-07,1.89720313e-01
1.51958750e-07,1.89681250e-01
1.51998750e-07,1.89717187e-01
1.52038750e-07,1.89681250e-01
1.52078750e-07,1.89720313e-01
1.52118750e-07,1.89675000e-01
1.52158750e-07,1.89734375e-01
1.52198750e-07,1.89642188e-01
1.52238750e-07,1.89910938e-01
1.52278750e-07,1.90151563e-01
1.52318750e-07,1.90071875e-01
1.52358750e-07,1.90118750e-01
1.52398750e-07,1.90085937e-01
1.52438750e-07,1.90112500e-01
1.52478750e-07,1.90090625e-01
1.52518750e-07,1.90109375e-01
1.52558750e-07,1.90092188e-01
1.52598750e-07,1.90107813e-01
1.52638750e-07,1.90093750e-01
1.52678750e-07,1.90106250e-01
1.52718750e-07,1.90093750e-01
1.52758750e-07,1.90106250e-01
1.52798750e-07,1.90095313e-01
1.52838750e-07,1.90104688e-01
1.52878750e-07,1.90095313e-01
1.52918750e-07,1.90104688e-01
1.52958750e-07,1.90095313e-01
1.52998750e-07,1.90104688e-01
1.53038750e-07,1.90095313e-01
1.53078750e-07,1.90104688e-01
1.53118750e-07,1.90095313e-01
1.53158750e-07,1.90104688e-01
1.53198750e-07,1.90095313e-01
1.53238750e-07,1.90104688e-01
1.53278750e-07,1.90095313e-01
1.53318750e-07,1.90104688e-01
1.53358750e-07,1.90093750e-01
1.53398750e-07,1.90106250e-01
1.53438750e-07,1.90093750e-01
1.53478750e-07,1.90106250e-01
1.53518750e-07,1.90093750e-01
1.53558750e-07,1.90106250e-01
1.53598750e-07,1.90092188e-01
1.53638750e-07,1.90107813e-01
1.53678750e-07,1.90090625e-01
1.53718750e-07,1.90109375e-01
1.53758750e-07,1.90089063e-01
1.53798750e-07,1.90114063e-01
1.53838750e-07,1.90082813e-01
1.53878750e-07,1.90121875e-01
1.53918750e-07,1.90068750e-01
1.53958750e-07,1.90156250e-01
1.53998750e-07,1.89890625e-01
1.54038750e-07,1.89646875e-01
1.54078750e-07,1.89729688e-01
1.54118750e-07,1.89679687e-01
1.54158750e-07,1.89715625e-01
1.54198750e-07,1.89687500e-01
1.54238750e-07,1.89710938e-01
1.54278750e-07,1.89690625e-01
1.54318750e-07,1.89709375e-01
1.54358750e-07,1.89692187e-01
1.54398750e-07,1.89707813e-01
1.54438750e-07,1.89692187e-01
1.54478750e-07,1.89707813e-01
1.54518750e-07,1.89690625e-01
1.54558750e-07,1.89710938e-01
1.54598750e-07,1.89687500e-01
1.54638750e-07,1.89717187e-01
1.54678750e-07,1.89675000e-01
1.54718750e-07,1.89748438e-01
1.54758750e-07,1.89500000e-01
1.54798750e-07,1.89235938e-01
1.54838750e-07,1.89343750e-01
1.54878750e-07,1.89260938e-01
1.54918750e-07,1.89343750e-01
1.54958750e-07,1.89234375e-01
1.54998750e-07,1.89517188e-01
1.55038750e-07,1.89746875e-01
1.55078750e-07,1.89676563e-01
1.55118750e-07,1.89715625e-01
1.55158750e-07,1.89689063e-01
1.55198750e-07,1.89709375e-01
1.55238750e-07,1.89692187e-01
1.55278750e-07,1.89706250e-01
1.55318750e-07,1.89695313e-01
1.55358750e-07,1.89704687e-01
1.55398750e-07,1.89695313e-01
1.55438750e-07,1.89704687e-01
1.55478750e-07,1.89695313e-01
1.55518750e-07,1.89704687e-01
1.55558750e-07,1.89695313e-01
1.55598750e-07,1.89704687e-01
1.55638750e-07,1.89695313e-01
1.55678750e-07,1.89704687e-01
1.55718750e-07,1.89693750e-01
1.55758750e-07,1.89706250e-01
1.55798750e-07,1.89692187e-01
1.55838750e-07,1.89709375e-01
1.55878750e-07,1.89689063e-01
1.55918750e-07,1.89714063e-01
1.55958750e-07,1.89681250e-01
1.55998750e-07,1.89728125e-01
1.56038750e-07,1.89646875e-01
1.56078750e-07,1.89906250e-01
1.56118750e-07,1.90156250e-01
1.56158750e-07,1.90067188e-01
1.56198750e-07,1.90123438e-01
1.56238750e-07,1.90081250e-01
1.56278750e-07,1.90117188e-01
1.56318750e-07,1.90085937e-01
1.56358750e-07,1.90114063e-01
1.56398750e-07,1.90087500e-01
1.56438750e-07,1.90112500e-01
1.56478750e-07,1.90089063e-01
1.56518750e-07,1.90110938e-01
1.56558750e-07,1.90089063e-01
1.56598750e-07,1.90110938e-01
1.56638750e-07,1.90089063e-01
1.56678750e-07,1.90112500e-01
1.56718750e-07,1.90087500e-01
1.56758750e-07,1.90112500e-01
1.56798750e-07,1.90085937e-01
1.56838750e-07,1.90115625e-01
1.56878750e-07,1.90082813e-01
1.56918750e-07,1.90120312e-01
1.56958750e-07,1.90075000e-01
1.56998750e-07,1.90134375e-01
1.57038750e-07,1.90040625e-01
1.57078750e-07,1.90312500e-01
1.57118750e-07,1.90550000e-01
1.57158750e-07,1.90473438e-01
1.57198750e-07,1.90517188e-01
1.57238750e-07,1.90487500e-01
1.57278750e-07,1.90509375e-01
1.57318750e-07,1.90493750e-01
1.57358750e-07,1.90506250e-01
1.57398750e-07,1.90495313e-01
1.57438750e-07,1.90503125e-01
1.57478750e-07,1.90496875e-01
1.57518750e-07,1.90503125e-01
1.57558750e-07,1.90496875e-01
1.57598750e-07,1.90503125e-01
1.57638750e-07,1.90496875e-01
1.57678750e-07,1.90503125e-01
1.57718750e-07,1.90496875e-01
1.57758750e-07,1.90503125e-01
1.57798750e-07,1.90495313e-01
1.57838750e-07,1.90506250e-01
1.57878750e-07,1.90490625e-01
1.57918750e-07,1.90512500e-01
1.57958750e-07,1.90478125e-01
1.57998750e-07,1.90546875e-01
1.58038750e-07,1.90301563e-01
1.58078750e-07,1.90035938e-01
1.58118750e-07,1.90140625e-01
1.58158750e-07,1.90067188e-01
1.58198750e-07,1.90128125e-01
1.58238750e-07,1.90073437e-01
1.58278750e-07,1.90126563e-01
1.58318750e-07,1.90073437e-01
1.58358750e-07,1.90128125e-01
1.58398750e-07,1.90068750e-01
1.58438750e-07,1.90137500e-01
1.58478750e-07,1.90053125e-01
1.58518750e-07,1.90171875e-01
1.58558750e-07,1.89873438e-01
1.58598750e-07,1.89665625e-01
1.58638750e-07,1.89709375e-01
1.58678750e-07,1.89703125e-01
1.58718750e-07,1.89689063e-01
1.58758750e-07,1.89720313e-01
1.58798750e-07,1.89667188e-01
1.58838750e-07,1.89760938e-01
1.58878750e-07,1.89482813e-01
1.58918750e-07,1.89257813e-01
1.58958750e-07,1.89314063e-01
1.58998750e-07,1.89301563e-01
1.59038750e-07,1.89282813e-01
1.59078750e-07,1.89345313e-01
1.59118750e-07,1.89096875e-01
1.59158750e-07,1.88843750e-01
1.59198750e-07,1.88928125e-01
1.59238750e-07,1.88885938e-01
1.59278750e-07,1.88898438e-01
1.59318750e-07,1.88929687e-01
1.59358750e-07,1.88715625e-01
1.59398750e-07,1.88423438e-01
1.59438750e-07,1.88553125e-01
1.59478750e-07,1.88454687e-01
1.59518750e-07,1.88543750e-01
1.59558750e-07,1.88450000e-01
1.59598750e-07,1.88570313e-01
1.59638750e-07,1.88279688e-01
1.59678750e-07,1.88054688e-01
1.59718750e-07,1.88123438e-01
1.59758750e-07,1.88081250e-01
1.59798750e-07,1.88118750e-01
1.59838750e-07,1.88073437e-01
1.59878750e-07,1.88150000e-01
1.59918750e-07,1.87898438e-01
1.59958750e-07,1.87637500e-01
1.59998750e-07,1.87739062e-01
1.60038750e-07,1.87668750e-01
1.60078750e-07,1.87726562e-01
1.60118750e-07,1.87675000e-01
1.60158750e-07,1.87725000e-01
1.60198750e-07,1.87673438e-01
1.60238750e-07,1.87731250e-01
1.60278750e-07,1.87659375e-01
1.60318750e-07,1.87764062e-01
1.60358750e-07,1.87482813e-01
1.60398750e-07,1.87253125e-01
1.60438750e-07,1.87323437e-01
1.60478750e-07,1.87285937e-01
1.60518750e-07,1.87309375e-01
1.60558750e-07,1.87293750e-01
1.60598750e-07,1.87304688e-01
1.60638750e-07,1.87296875e-01
1.60678750e-07,1.87303125e-01
1.60718750e-07,1.87298437e-01
1.60758750e-07,1.87301563e-01
1.60798750e-07,1.87298437e-01
1.60838750e-07,1.87301563e-01
1.60878750e-07,1.87298437e-01
1.60918750e-07,1.87301563e-01
1.60958750e-07,1.87298437e-01
1.60998750e-07,1.87300000e-01
1.61038750e-07,1.87300000e-01
1.61078750e-07,1.87300000e-01
1.61118750e-07,1.87300000e-01
1.61158750e-07,1.87300000e-01
1.61198750e-07,1.87300000e-01
1.61238750e-07,1.87300000e-01
1.61278750e-07,1.87300000e-01
1.61318750e-07,1.87301563e-01
1.61358750e-07,1.87298437e-01
1.61398750e-07,1.87301563e-01
1.61438750e-07,1.87298437e-01
1.61478750e-07,1.87301563e-01
1.61518750e-07,1.87298437e-01
1.61558750e-07,1.87301563e-01
1.61598750e-07,1.87298437e-01
1.61638750e-07,1.87301563e-01
1.61678750e-07,1.87296875e-01
1.61718750e-07,1.87303125e-01
1.61758750e-07,1.87296875e-01
1.61798750e-07,1.87303125e-01
1.61838750e-07,1.87295313e-01
1.61878750e-07,1.87304688e-01
1.61918750e-07,1.87295313e-01
1.61958750e-07,1.87306250e-01
1.61998750e-07,1.87292188e-01
1.62038750e-07,1.87309375e-01
1.62078750e-07,1.87289063e-01
1.62118750e-07,1.87314063e-01
1.62158750e-07,1.87281250e-01
1.62198750e-07,1.87328125e-01
1.62238750e-07,1.87246875e-01
1.62278750e-07,1.87506250e-01
1.62318750e-07,1.87756250e-01
1.62358750e-07,1.87668750e-01
1.62398750e-07,1.87721875e-01
1.62438750e-07,1.87682813e-01
1.62478750e-07,1.87714063e-01
1.62518750e-07,1.87687500e-01
1.62558750e-07,1.87710938e-01
1.62598750e-07,1.87690625e-01
1.62638750e-07,1.87709375e-01
1.62678750e-07,1.87692187e-01
1.62718750e-07,1.87707813e-01
1.62758750e-07,1.87692187e-01
1.62798750e-07,1.87706250e-01
1.62838750e-07,1.87693750e-01
1.62878750e-07,1.87706250e-01
1.62918750e-07,1.87693750e-01
1.62958750e-07,1.87706250e-01
1.62998750e-07,1.87693750e-01
1.63038750e-07,1.87706250e-01
1.63078750e-07,1.87695313e-01
1.63118750e-07,1.87704687e-01
1.63158750e-07,1.87695313e-01
1.63198750e-07,1.87704687e-01
1.63238750e-07,1.87695313e-01
1.63278750e-07,1.87704687e-01
1.63318750e-07,1.87695313e-01
1.63358750e-07,1.87704687e-01
1.63398750e-07,1.87695313e-01
1.63438750e-07,1.87706250e-01
1.63478750e-07,1.87693750e-01
1.63518750e-07,1.87706250e-01
1.63558750e-07,1.87693750e-01
1.63598750e-07,1.87706250e-01
1.63638750e-07,1.87692187e-01
1.63678750e-07,1.87707813e-01
1.63718750e-07,1.87690625e-01
1.63758750e-07,1.87710938e-01
1.63798750e-07,1.87687500e-01
1.63838750e-07,1.87715625e-01
1.63878750e-07,1.87679687e-01
1.63918750e-07,1.87729688e-01
1.63958750e-07,1.87645312e-01
1.63998750e-07,1.87907812e-01
1.64038750e-07,1.88154688e-01
1.64078750e-07,1.88068750e-01
1.64118750e-07,1.88121875e-01
1.64158750e-07,1.88082813e-01
1.64198750e-07,1.88115625e-01
1.64238750e-07,1.88085937e-01
1.64278750e-07,1.88112500e-01
1.64318750e-07,1.88089063e-01
1.64358750e-07,1.88110938e-01
1.64398750e-07,1.88089063e-01
1.64438750e-07,1.88110938e-01
1.64478750e-07,1.88089063e-01
1.64518750e-07,1.88110938e-01
1.64558750e-07,1.88089063e-01
1.64598750e-07,1.88110938e-01
1.64638750e-07,1.88087500e-01
1.64678750e-07,1.88112500e-01
1.64718750e-07,1.88085937e-01
1.64758750e-07,1.88115625e-01
1.64798750e-07,1.88082813e-01
1.64838750e-07,1.88120312e-01
1.64878750e-07,1.88073437e-01
1.64918750e-07,1.88135938e-01
1.64958750e-07,1.88039063e-01
1.64998750e-07,1.88314063e-01
1.65038750e-07,1.88546875e-01
1.65078750e-07,1.88478125e-01
1.65118750e-07,1.88512500e-01
1.65158750e-07,1.88493750e-01
1.65198750e-07,1.88503125e-01
1.65238750e-07,1.88501562e-01
1.65278750e-07,1.88495313e-01
1.65318750e-07,1.88509375e-01
1.65358750e-07,1.88484375e-01
1.65398750e-07,1.88525000e-01
1.65438750e-07,1.88448438e-01
1.65478750e-07,1.88704687e-01
1.65518750e-07,1.88956250e-01
1.65558750e-07,1.88867188e-01
1.65598750e-07,1.88921875e-01
1.65638750e-07,1.88882812e-01
1.65678750e-07,1.88912500e-01
1.65718750e-07,1.88889063e-01
1.65758750e-07,1.88907812e-01
1.65798750e-07,1.88893750e-01
1.65838750e-07,1.88903125e-01
1.65878750e-07,1.88898438e-01
1.65918750e-07,1.88898438e-01
1.65958750e-07,1.88904688e-01
1.65998750e-07,1.88889063e-01
1.66038750e-07,1.88920313e-01
1.66078750e-07,1.88854688e-01
1.66118750e-07,1.89098437e-01
1.66158750e-07,1.89362500e-01
1.66198750e-07,1.89260938e-01
1.66238750e-07,1.89329688e-01
1.66278750e-07,1.89275000e-01
1.66318750e-07,1.89321875e-01
1.66358750e-07,1.89281250e-01
1.66398750e-07,1.89317188e-01
1.66438750e-07,1.89282813e-01
1.66478750e-07,1.89315625e-01
1.66518750e-07,1.89284375e-01
1.66558750e-07,1.89314063e-01
1.66598750e-07,1.89285938e-01
1.66638750e-07,1.89314063e-01
1.66678750e-07,1.89285938e-01
1.66718750e-07,1.89314063e-01
1.66758750e-07,1.89287500e-01
1.66798750e-07,1.89312500e-01
1.66838750e-07,1.89287500e-01
1.66878750e-07,1.89314063e-01
1.66918750e-07,1.89285938e-01
1.66958750e-07,1.89314063e-01
1.66998750e-07,1.89285938e-01
1.67038750e-07,1.89314063e-01
1.67078750e-07,1.89284375e-01
1.67118750e-07,1.89315625e-01
1.67158750e-07,1.89282813e-01
1.67198750e-07,1.89318750e-01
1.67238750e-07,1.89279688e-01
1.67278750e-07,1.89323437e-01
1.67318750e-07,1.89271875e-01
1.67358750e-07,1.89337500e-01
1.67398750e-07,1.89237500e-01
1.67438750e-07,1.89515625e-01
1.67478750e-07,1.89746875e-01
1.67518750e-07,1.89678125e-01
1.67558750e-07,1.89712500e-01
1.67598750e-07,1.89692187e-01
1.67638750e-07,1.89704687e-01
1.67678750e-07,1.89698438e-01
1.67718750e-07,1.89700000e-01
1.67758750e-07,1.89701563e-01
1.67798750e-07,1.89696875e-01
1.67838750e-07,1.89704687e-01
1.67878750e-07,1.89693750e-01
1.67918750e-07,1.89707813e-01
1.67958750e-07,1.89690625e-01
1.67998750e-07,1.89712500e-01
1.68038750e-07,1.89681250e-01
1.68078750e-07,1.89728125e-01
1.68118750e-07,1.89646875e-01
1.68158750e-07,1.89906250e-01
1.68198750e-07,1.90156250e-01
1.68238750e-07,1.90067188e-01
1.68278750e-07,1.90123438e-01
1.68318750e-07,1.90081250e-01
1.68358750e-07,1.90117188e-01
1.68398750e-07,1.90084375e-01
1.68438750e-07,1.90115625e-01
1.68478750e-07,1.90084375e-01
1.68518750e-07,1.90115625e-01
1.68558750e-07,1.90081250e-01
1.68598750e-07,1.90121875e-01
1.68638750e-07,1.90068750e-01
1.68678750e-07,1.90156250e-01
1.68718750e-07,1.89892188e-01
1.68758750e-07,1.89645312e-01
1.68798750e-07,1.89731250e-01
1.68838750e-07,1.89676563e-01
1.68878750e-07,1.89718750e-01
1.68918750e-07,1.89682813e-01
1.68958750e-07,1.89715625e-01
1.68998750e-07,1.89684375e-01
1.69038750e-07,1.89717187e-01
1.69078750e-07,1.89681250e-01
1.69118750e-07,1.89723438e-01
1.69158750e-07,1.89668750e-01
1.69198750e-07,1.89756250e-01
1.69238750e-07,1.89492188e-01
1.69278750e-07,1.89245313e-01
1.69318750e-07,1.89331250e-01
1.69358750e-07,1.89276562e-01
1.69398750e-07,1.89320313e-01
1.69438750e-07,1.89281250e-01
1.69478750e-07,1.89318750e-01
1.69518750e-07,1.89279688e-01
1.69558750e-07,1.89323437e-01
1.69598750e-07,1.89267188e-01
1.69638750e-07,1.89357813e-01
1.69678750e-07,1.89090625e-01
1.69718750e-07,1.88846875e-01
1.69758750e-07,1.88929687e-01
1.69798750e-07,1.88879688e-01
1.69838750e-07,1.88915625e-01
1.69878750e-07,1.88887500e-01
1.69918750e-07,1.88910938e-01
1.69958750e-07,1.88890625e-01
1.69998750e-07,1.88909375e-01
1.70038750e-07,1.88892188e-01
1.70078750e-07,1.88907812e-01
1.70118750e-07,1.88892188e-01
1.70158750e-07,1.88907812e-01
1.70198750e-07,1.88892188e-01
1.70238750e-07,1.88906250e-01
1.70278750e-07,1.88893750e-01
1.70318750e-07,1.88906250e-01
1.70358750e-07,1.88893750e-01
1.70398750e-07,1.88906250e-01
1.70438750e-07,1.88893750e-01
1.70478750e-07,1.88906250e-01
1.70518750e-07,1.88893750e-01
1.70558750e-07,1.88907812e-01
1.70598750e-07,1.88892188e-01
1.70638750e-07,1.88907812e-01
1.70678750e-07,1.88892188e-01
1.70718750e-07,1.88907812e-01
1.70758750e-07,1.88890625e-01
1.70798750e-07,1.88909375e-01
1.70838750e-07,1.88890625e-01
1.70878750e-07,1.88910938e-01
1.70918750e-07,1.88887500e-01
1.70958750e-07,1.88912500e-01
1.70998750e-07,1.88884375e-01
1.71038750e-07,1.88918750e-01
1.71078750e-07,1.88876563e-01
1.71118750e-07,1.88932813e-01
1.71158750e-07,1.88842188e-01
1.71198750e-07,1.89110938e-01
1.71238750e-07,1.89351563e-01
1.71278750e-07,1.89271875e-01
1.71318750e-07,1.89318750e-01
1.71358750e-07,1.89287500e-01
1.71398750e-07,1.89309375e-01
1.71438750e-07,1.89292188e-01
1.71478750e-07,1.89306250e-01
1.71518750e-07,1.89295313e-01
1.71558750e-07,1.89304688e-01
1.71598750e-07,1.89296875e-01
1.71638750e-07,1.89303125e-01
1.71678750e-07,1.89296875e-01
1.71718750e-07,1.89303125e-01
1.71758750e-07,1.89298437e-01
1.71798750e-07,1.89301563e-01
1.71838750e-07,1.89298437e-01
1.71878750e-07,1.89301563e-01
1.71918750e-07,1.89298437e-01
1.71958750e-07,1.89301563e-01
1.71998750e-07,1.89300000e-01
1.72038750e-07,1.89300000e-01
1.72078750e-07,1.89300000e-01
1.72118750e-07,1.89300000e-01
1.72158750e-07,1.89300000e-01
1.72198750e-07,1.89300000e-01
1.72238750e-07,1.89300000e-01
1.72278750e-07,1.89300000e-01
1.72318750e-07,1.89300000e-01
1.72358750e-07,1.89300000e-01
1.72398750e-07,1.89300000e-01
1.72438750e-07,1.89300000e-01
1.72478750e-07,1.89300000e-01
1.72518750e-07,1.89300000e-01
1.72558750e-07,1.89300000e-01
1.72598750e-07,1.89298437e-01
1.72638750e-07,1.89301563e-01
1.72678750e-07,1.89298437e-01
1.72718750e-07,1.89301563e-01
1.72758750e-07,1.89298437e-01
1.72798750e-07,1.89301563e-01
1.72838750e-07,1.89298437e-01
1.72878750e-07,1.89301563e-01
1.72918750e-07,1.89298437e-01
1.72958750e-07,1.89301563e-01
1.72998750e-07,1.89298437e-01
1.73038750e-07,1.89301563e-01
1.73078750e-07,1.89298437e-01
1.73118750e-07,1.89301563e-01
1.73158750e-07,1.89298437e-01
1.73198750e-07,1.89301563e-01
1.73238750e-07,1.89298437e-01
1.73278750e-07,1.89301563e-01
1.73318750e-07,1.89298437e-01
1.73358750e-07,1.89301563e-01
1.73398750e-07,1.89298437e-01
1.73438750e-07,1.89301563e-01
1.73478750e-07,1.89298437e-01
1.73518750e-07,1.89301563e-01
1.73558750e-07,1.89298437e-01
1.73598750e-07,1.89303125e-01
1.73638750e-07,1.89296875e-01
1.73678750e-07,1.89303125e-01
1.73718750e-07,1.89296875e-01
1.73758750e-07,1.89303125e-01
1.73798750e-07,1.89296875e-01
1.73838750e-07,1.89303125e-01
1.73878750e-07,1.89296875e-01
1.73918750e-07,1.89303125e-01
1.73958750e-07,1.89296875e-01
1.73998750e-07,1.89303125e-01
1.74038750e-07,1.89296875e-01
1.74078750e-07,1.89304688e-01
1.74118750e-07,1.89295313e-01
1.74158750e-07,1.89304688e-01
1.74198750e-07,1.89295313e-01
1.74238750e-07,1.89304688e-01
1.74278750e-07,1.89295313e-01
1.74318750e-07,1.89306250e-01
1.74358750e-07,1.89293750e-01
1.74398750e-07,1.89306250e-01
1.74438750e-07,1.89292188e-01
1.74478750e-07,1.89309375e-01
1.74518750e-07,1.89289062e-01
1.74558750e-07,1.89312500e-01
1.74598750e-07,1.89284375e-01
1.74638750e-07,1.89320313e-01
1.74678750e-07,1.89270313e-01
1.74718750e-07,1.89354688e-01
1.74758750e-07,1.89092188e-01
1.74798750e-07,1.88845313e-01
1.74838750e-07,1.88931250e-01
1.74878750e-07,1.88876563e-01
1.74918750e-07,1.88918750e-01
1.74958750e-07,1.88884375e-01
1.74998750e-07,1.88915625e-01
1.75038750e-07,1.88885938e-01
1.75078750e-07,1.88915625e-01
1.75118750e-07,1.88882812e-01
1.75158750e-07,1.88921875e-01
1.75198750e-07,1.88870312e-01
1.75238750e-07,1.88954687e-01
1.75278750e-07,1.88693750e-01
1.75318750e-07,1.88443750e-01
1.75358750e-07,1.88534375e-01
1.75398750e-07,1.88473438e-01
1.75438750e-07,1.88521875e-01
1.75478750e-07,1.88479687e-01
1.75518750e-07,1.88521875e-01
1.75558750e-07,1.88476562e-01
1.75598750e-07,1.88526562e-01
1.75638750e-07,1.88464063e-01
1.75678750e-07,1.88560937e-01
1.75718750e-07,1.88287500e-01
1.75758750e-07,1.88050000e-01
1.75798750e-07,1.88126563e-01
1.75838750e-07,1.88082813e-01
1.75878750e-07,1.88112500e-01
1.75918750e-07,1.88090625e-01
1.75958750e-07,1.88107812e-01
1.75998750e-07,1.88093750e-01
1.76038750e-07,1.88104688e-01
1.76078750e-07,1.88095313e-01
1.76118750e-07,1.88103125e-01
1.76158750e-07,1.88096875e-01
1.76198750e-07,1.88103125e-01
1.76238750e-07,1.88098437e-01
1.76278750e-07,1.88101563e-01
1.76318750e-07,1.88098437e-01
1.76358750e-07,1.88101563e-01
1.76398750e-07,1.88098437e-01
1.76438750e-07,1.88100000e-01
1.76478750e-07,1.88100000e-01
1.76518750e-07,1.88100000e-01
1.76558750e-07,1.88100000e-01
1.76598750e-07,1.88100000e-01
1.76638750e-07,1.88100000e-01
1.76678750e-07,1.88100000e-01
1.76718750e-07,1.88100000e-01
1.76758750e-07,1.88100000e-01
1.76798750e-07,1.88100000e-01
1.76838750e-07,1.88100000e-01
1.76878750e-07,1.88101563e-01
1.76918750e-07,1.88098437e-01
1.76958750e-07,1.88101563e-01
1.76998750e-07,1.88098437e-01
1.77038750e-07,1.88101563e-01
1.77078750e-07,1.88098437e-01
1.77118750e-07,1.88101563e-01
1.77158750e-07,1.88098437e-01
1.77198750e-07,1.88101563e-01
1.77238750e-07,1.88098437e-01
1.77278750e-07,1.88101563e-01
1.77318750e-07,1.88098437e-01
1.77358750e-07,1.88103125e-01
1.77398750e-07,1.88096875e-01
1.77438750e-07,1.88103125e-01
1.77478750e-07,1.88096875e-01
1.77518750e-07,1.88103125e-01
1.77558750e-07,1.88096875e-01
1.77598750e-07,1.88103125e-01
1.77638750e-07,1.88096875e-01
1.77678750e-07,1.88104688e-01
1.77718750e-07,1.88095313e-01
1.77758750e-07,1.88104688e-01
1.77798750e-07,1.88095313e-01
1.77838750e-07,1.88104688e-01
1.77878750e-07,1.88093750e-01
1.77918750e-07,1.88106250e-01
1.77958750e-07,1.88093750e-01
1.77998750e-07,1.88107812e-01
1.78038750e-07,1.88092188e-01
1.78078750e-07,1.88109375e-01
1.78118750e-07,1.88089063e-01
1.78158750e-07,1.88112500e-01
1.78198750e-07,1.88085937e-01
1.78238750e-07,1.88117188e-01
1.78278750e-07,1.88076563e-01
1.78318750e-07,1.88132812e-01
1.78358750e-07,1.88042188e-01
1.78398750e-07,1.88312500e-01
1.78438750e-07,1.88550000e-01
1.78478750e-07,1.88475000e-01
1.78518750e-07,1.88515625e-01
1.78558750e-07,1.88490625e-01
1.78598750e-07,1.88506250e-01
1.78638750e-07,1.88496875e-01
1.78678750e-07,1.88498438e-01
1.78718750e-07,1.88504688e-01
1.78758750e-07,1.88489062e-01
1.78798750e-07,1.88520313e-01
1.78838750e-07,1.88454687e-01
1.78878750e-07,1.88698438e-01
1.78918750e-07,1.88964063e-01
1.78958750e-07,1.88860938e-01
1.78998750e-07,1.88931250e-01
1.79038750e-07,1.88873438e-01
1.79078750e-07,1.88925000e-01
1.79118750e-07,1.88876563e-01
1.79158750e-07,1.88925000e-01
1.79198750e-07,1.88870312e-01
1.79238750e-07,1.88937500e-01
1.79278750e-07,1.88839063e-01
1.79318750e-07,1.89114063e-01
1.79358750e-07,1.89350000e-01
1.79398750e-07,1.89273438e-01
1.79438750e-07,1.89318750e-01
1.79478750e-07,1.89285938e-01
1.79518750e-07,1.89312500e-01
1.79558750e-07,1.89289062e-01
1.79598750e-07,1.89310937e-01
1.79638750e-07,1.89289062e-01
1.79678750e-07,1.89312500e-01
1.79718750e-07,1.89285938e-01
1.79758750e-07,1.89315625e-01
1.79798750e-07,1.89279688e-01
1.79838750e-07,1.89329688e-01
1.79878750e-07,1.89245313e-01
1.79918750e-07,1.89507813e-01
1.79958750e-07,1.89754688e-01
1.79998750e-07,1.89668750e-01
1.80038750e-07,1.89721875e-01
1.80078750e-07,1.89682813e-01
1.80118750e-07,1.89714063e-01
1.80158750e-07,1.89689063e-01
1.80198750e-07,1.89709375e-01
1.80238750e-07,1.89690625e-01
1.80278750e-07,1.89707813e-01
1.80318750e-07,1.89692187e-01
1.80358750e-07,1.89706250e-01
1.80398750e-07,1.89693750e-01
1.80438750e-07,1.89706250e-01
1.80478750e-07,1.89693750e-01
1.80518750e-07,1.89704687e-01
1.80558750e-07,1.89695313e-01
1.80598750e-07,1.89704687e-01
1.80638750e-07,1.89695313e-01
1.80678750e-07,1.89704687e-01
1.80718750e-07,1.89695313e-01
1.80758750e-07,1.89704687e-01
1.80798750e-07,1.89695313e-01
1.80838750e-07,1.89703125e-01
1.80878750e-07,1.89696875e-01
1.80918750e-07,1.89703125e-01
1.80958750e-07,1.89696875e-01
1.80998750e-07,1.89703125e-01
1.81038750e-07,1.89696875e-01
1.81078750e-07,1.89703125e-01
1.81118750e-07,1.89696875e-01
1.81158750e-07,1.89703125e-01
1.81198750e-07,1.89696875e-01
1.81238750e-07,1.89703125e-01
1.81278750e-07,1.89696875e-01
1.81318750e-07,1.89703125e-01
1.81358750e-07,1.89696875e-01
1.81398750e-07,1.89703125e-01
1.81438750e-07,1.89696875e-01
1.81478750e-07,1.89703125e-01
1.81518750e-07,1.89696875e-01
1.81558750e-07,1.89703125e-01
1.81598750e-07,1.89696875e-01
1.81638750e-07,1.89703125e-01
1.81678750e-07,1.89698438e-01
1.81718750e-07,1.89701563e-01
1.81758750e-07,1.89698438e-01
1.81798750e-07,1.89701563e-01
1.81838750e-07,1.89698438e-01
1.81878750e-07,1.89701563e-01
1.81918750e-07,1.89698438e-01
1.81958750e-07,1.89701563e-01
1.81998750e-07,1.89698438e-01
1.82038750e-07,1.89701563e-01
1.82078750e-07,1.89698438e-01
1.82118750e-07,1.89701563e-01
1.82158750e-07,1.89698438e-01
1.82198750e-07,1.89701563e-01
1.82238750e-07,1.89698438e-01
1.82278750e-07,1.89701563e-01
1.82318750e-07,1.89698438e-01
1.82358750e-07,1.89701563e-01
1.82398750e-07,1.89698438e-01
1.82438750e-07,1.89701563e-01
1.82478750e-07,1.89698438e-01
1.82518750e-07,1.89701563e-01
1.82558750e-07,1.89698438e-01
1.82598750e-07,1.89701563e-01
1.82638750e-07,1.89698438e-01
1.82678750e-07,1.89701563e-01
1.82718750e-07,1.89698438e-01
1.82758750e-07,1.89701563e-01
1.82798750e-07,1.89700000e-01
1.82838750e-07,1.89700000e-01
1.82878750e-07,1.89700000e-01
1.82918750e-07,1.89700000e-01
1.82958750e-07,1.89700000e-01
1.82998750e-07,1.89700000e-01
1.83038750e-07,1.89700000e-01
1.83078750e-07,1.89700000e-01
1.83118750e-07,1.89701563e-01
1.83158750e-07,1.89698438e-01
1.83198750e-07,1.89701563e-01
1.83238750e-07,1.89696875e-01
1.83278750e-07,1.89703125e-01
1.83318750e-07,1.89695313e-01
1.83358750e-07,1.89706250e-01
1.83398750e-07,1.89690625e-01
1.83438750e-07,1.89714063e-01
1.83478750e-07,1.89676563e-01
1.83518750e-07,1.89748438e-01
1.83558750e-07,1.89500000e-01
1.83598750e-07,1.89237500e-01
1.83638750e-07,1.89339063e-01
1.83678750e-07,1.89268750e-01
1.83718750e-07,1.89326563e-01
1.83758750e-07,1.89275000e-01
1.83798750e-07,1.89325000e-01
1.83838750e-07,1.89273438e-01
1.83878750e-07,1.89331250e-01
1.83918750e-07,1.89259375e-01
1.83958750e-07,1.89364063e-01
1.83998750e-07,1.89082813e-01
1.84038750e-07,1.88854688e-01
1.84078750e-07,1.88921875e-01
1.84118750e-07,1.88887500e-01
1.84158750e-07,1.88906250e-01
1.84198750e-07,1.88896875e-01
1.84238750e-07,1.88901563e-01
1.84278750e-07,1.88901563e-01
1.84318750e-07,1.88896875e-01
1.84358750e-07,1.88906250e-01
1.84398750e-07,1.88890625e-01
1.84438750e-07,1.88914063e-01
1.84478750e-07,1.88875000e-01
1.84518750e-07,1.88950000e-01
1.84558750e-07,1.88696875e-01
1.84598750e-07,1.88440625e-01
1.84638750e-07,1.88535938e-01
1.84678750e-07,1.88473438e-01
1.84718750e-07,1.88523438e-01
1.84758750e-07,1.88479687e-01
1.84798750e-07,1.88518750e-01
1.84838750e-07,1.88482813e-01
1.84878750e-07,1.88517188e-01
1.84918750e-07,1.88481250e-01
1.84958750e-07,1.88518750e-01
1.84998750e-07,1.88479687e-01
1.85038750e-07,1.88523438e-01
1.85078750e-07,1.88471875e-01
1.85118750e-07,1.88537500e-01
1.85158750e-07,1.88437500e-01
1.85198750e-07,1.88715625e-01
1.85238750e-07,1.88946875e-01
1.85278750e-07,1.88878125e-01
1.85318750e-07,1.88912500e-01
1.85358750e-07,1.88892188e-01
1.85398750e-07,1.88903125e-01
1.85438750e-07,1.88900000e-01
1.85478750e-07,1.88898438e-01
1.85518750e-07,1.88904688e-01
1.85558750e-07,1.88892188e-01
1.85598750e-07,1.88910938e-01
1.85638750e-07,1.88882812e-01
1.85678750e-07,1.88926563e-01
1.85718750e-07,1.88846875e-01
1.85758750e-07,1.89106250e-01
1.85798750e-07,1.89354688e-01
1.85838750e-07,1.89270313e-01
1.85878750e-07,1.89320313e-01
1.85918750e-07,1.89285938e-01
1.85958750e-07,1.89309375e-01
1.85998750e-07,1.89296875e-01
1.86038750e-07,1.89298437e-01
1.86078750e-07,1.89312500e-01
1.86118750e-07,1.89262500e-01
1.86158750e-07,1.89490625e-01
1.86198750e-07,1.89771875e-01
1.86238750e-07,1.89651563e-01
1.86278750e-07,1.89740625e-01
1.86318750e-07,1.89662500e-01
1.86358750e-07,1.89737500e-01
1.86398750e-07,1.89660938e-01
1.86438750e-07,1.89748438e-01
1.86478750e-07,1.89628125e-01
1.86518750e-07,1.89923438e-01
1.86558750e-07,1.90139063e-01
1.86598750e-07,1.90084375e-01
1.86638750e-07,1.90106250e-01
1.86678750e-07,1.90098437e-01
1.86718750e-07,1.90098437e-01
1.86758750e-07,1.90103125e-01
1.86798750e-07,1.90093750e-01
1.86838750e-07,1.90107813e-01
1.86878750e-07,1.90089063e-01
1.86918750e-07,1.90112500e-01
1.86958750e-07,1.90081250e-01
1.86998750e-07,1.90128125e-01
1.87038750e-07,1.90048438e-01
1.87078750e-07,1.90304688e-01
1.87118750e-07,1.90557813e-01
1.87158750e-07,1.90464063e-01
1.87198750e-07,1.90528125e-01
1.87238750e-07,1.90473438e-01
1.87278750e-07,1.90528125e-01
1.87318750e-07,1.90464063e-01
1.87358750e-07,1.90559375e-01
1.87398750e-07,1.90289062e-01
1.87438750e-07,1.90046875e-01
1.87478750e-07,1.90129688e-01
1.87518750e-07,1.90078125e-01
1.87558750e-07,1.90118750e-01
1.87598750e-07,1.90084375e-01
1.87638750e-07,1.90115625e-01
1.87678750e-07,1.90084375e-01
1.87718750e-07,1.90117188e-01
1.87758750e-07,1.90081250e-01
1.87798750e-07,1.90123438e-01
1.87838750e-07,1.90068750e-01
1.87878750e-07,1.90156250e-01
1.87918750e-07,1.89892188e-01
1.87958750e-07,1.89645312e-01
1.87998750e-07,1.89732813e-01
1.88038750e-07,1.89675000e-01
1.88078750e-07,1.89721875e-01
1.88118750e-07,1.89678125e-01
1.88158750e-07,1.89725000e-01
1.88198750e-07,1.89667188e-01
1.88238750e-07,1.89756250e-01
1.88278750e-07,1.89492188e-01
1.88318750e-07,1.89245313e-01
1.88358750e-07,1.89332813e-01
1.88398750e-07,1.89276562e-01
1.88438750e-07,1.89320313e-01
1.88478750e-07,1.89282813e-01
1.88518750e-07,1.89317188e-01
1.88558750e-07,1.89282813e-01
1.88598750e-07,1.89318750e-01
1.88638750e-07,1.89279688e-01
1.88678750e-07,1.89325000e-01
1.88718750e-07,1.89267188e-01
1.88758750e-07,1.89357813e-01
1.88798750e-07,1.89090625e-01
1.88838750e-07,1.88846875e-01
1.88878750e-07,1.88929687e-01
1.88918750e-07,1.88878125e-01
1.88958750e-07,1.88918750e-01
1.88998750e-07,1.88882812e-01
1.89038750e-07,1.88918750e-01
1.89078750e-07,1.88878125e-01
1.89118750e-07,1.88929687e-01
1.89158750e-07,1.88845313e-01
1.89198750e-07,1.89106250e-01
1.89238750e-07,1.89356250e-01
1.89278750e-07,1.89265625e-01
1.89318750e-07,1.89325000e-01
1.89358750e-07,1.89279688e-01
1.89398750e-07,1.89318750e-01
1.89438750e-07,1.89282813e-01
1.89478750e-07,1.89317188e-01
1.89518750e-07,1.89282813e-01
1.89558750e-07,1.89318750e-01
1.89598750e-07,1.89279688e-01
1.89638750e-07,1.89323437e-01
1.89678750e-07,1.89271875e-01
1.89718750e-07,1.89337500e-01
1.89758750e-07,1.89239062e-01
1.89798750e-07,1.89514062e-01
1.89838750e-07,1.89748438e-01
1.89878750e-07,1.89676563e-01
1.89918750e-07,1.89714063e-01
1.89958750e-07,1.89690625e-01
1.89998750e-07,1.89706250e-01
1.90038750e-07,1.89695313e-01
1.90078750e-07,1.89703125e-01
1.90118750e-07,1.89698438e-01
1.90158750e-07,1.89701563e-01
1.90198750e-07,1.89700000e-01
1.90238750e-07,1.89700000e-01
1.90278750e-07,1.89701563e-01
1.90318750e-07,1.89698438e-01
1.90358750e-07,1.89701563e-01
1.90398750e-07,1.89696875e-01
1.90438750e-07,1.89703125e-01
1.90478750e-07,1.89696875e-01
1.90518750e-07,1.89704687e-01
1.90558750e-07,1.89695313e-01
1.90598750e-07,1.89704687e-01
1.90638750e-07,1.89693750e-01
1.90678750e-07,1.89706250e-01
1.90718750e-07,1.89692187e-01
1.90758750e-07,1.89707813e-01
1.90798750e-07,1.89690625e-01
1.90838750e-07,1.89710938e-01
1.90878750e-07,1.89687500e-01
1.90918750e-07,1.89714063e-01
1.90958750e-07,1.89681250e-01
1.90998750e-07,1.89723438e-01
1.91038750e-07,1.89667188e-01
1.91078750e-07,1.89757813e-01
1.91118750e-07,1.89487500e-01
1.91158750e-07,1.89250000e-01
1.91198750e-07,1.89325000e-01
1.91238750e-07,1.89284375e-01
1.91278750e-07,1.89310937e-01
1.91318750e-07,1.89293750e-01
1.91358750e-07,1.89304688e-01
1.91398750e-07,1.89298437e-01
1.91438750e-07,1.89300000e-01
1.91478750e-07,1.89303125e-01
1.91518750e-07,1.89295313e-01
1.91558750e-07,1.89307813e-01
1.91598750e-07,1.89289062e-01
1.91638750e-07,1.89317188e-01
1.91678750e-07,1.89273438e-01
1.91718750e-07,1.89353125e-01
1.91758750e-07,1.89093750e-01
1.91798750e-07,1.88843750e-01
1.91838750e-07,1.88931250e-01
1.91878750e-07,1.88878125e-01
1.91918750e-07,1.88915625e-01
1.91958750e-07,1.88887500e-01
1.91998750e-07,1.88909375e-01
1.92038750e-07,1.88892188e-01
1.92078750e-07,1.88904688e-01
1.92118750e-07,1.88896875e-01
1.92158750e-07,1.88900000e-01
1.92198750e-07,1.88904688e-01
1.92238750e-07,1.88890625e-01
1.92278750e-07,1.88918750e-01
1.92318750e-07,1.88854688e-01
1.92358750e-07,1.89098437e-01
1.92398750e-07,1.89364063e-01
1.92438750e-07,1.89259375e-01
1.92478750e-07,1.89331250e-01
1.92518750e-07,1.89275000e-01
1.92558750e-07,1.89323437e-01
1.92598750e-07,1.89279688e-01
1.92638750e-07,1.89318750e-01
1.92678750e-07,1.89281250e-01
1.92718750e-07,1.89317188e-01
1.92758750e-07,1.89282813e-01
1.92798750e-07,1.89317188e-01
1.92838750e-07,1.89282813e-01
1.92878750e-07,1.89318750e-01
1.92918750e-07,1.89281250e-01
1.92958750e-07,1.89320313e-01
1.92998750e-07,1.89278125e-01
1.93038750e-07,1.89325000e-01
1.93078750e-07,1.89270313e-01
1.93118750e-07,1.89339063e-01
1.93158750e-07,1.89235938e-01
1.93198750e-07,1.89517188e-01
1.93238750e-07,1.89745313e-01
1.93278750e-07,1.89678125e-01
1.93318750e-07,1.89712500e-01
1.93358750e-07,1.89692187e-01
1.93398750e-07,1.89704687e-01
1.93438750e-07,1.89698438e-01
1.93478750e-07,1.89700000e-01
1.93518750e-07,1.89700000e-01
1.93558750e-07,1.89698438e-01
1.93598750e-07,1.89703125e-01
1.93638750e-07,1.89696875e-01
1.93678750e-07,1.89704687e-01
1.93718750e-07,1.89695313e-01
1.93758750e-07,1.89706250e-01
1.93798750e-07,1.89692187e-01
1.93838750e-07,1.89709375e-01
1.93878750e-07,1.89689063e-01
1.93918750e-07,1.89714063e-01
1.93958750e-07,1.89679687e-01
1.93998750e-07,1.89729688e-01
1.94038750e-07,1.89645312e-01
1.94078750e-07,1.89907812e-01
1.94118750e-07,1.90154688e-01
1.94158750e-07,1.90068750e-01
1.94198750e-07,1.90121875e-01
1.94238750e-07,1.90084375e-01
1.94278750e-07,1.90112500e-01
1.94318750e-07,1.90089063e-01
1.94358750e-07,1.90109375e-01
1.94398750e-07,1.90090625e-01
1.94438750e-07,1.90107813e-01
1.94478750e-07,1.90092188e-01
1.94518750e-07,1.90106250e-01
1.94558750e-07,1.90093750e-01
1.94598750e-07,1.90106250e-01
1.94638750e-07,1.90095313e-01
1.94678750e-07,1.90104688e-01
1.94718750e-07,1.90095313e-01
1.94758750e-07,1.90104688e-01
1.94798750e-07,1.90095313e-01
1.94838750e-07,1.90104688e-01
1.94878750e-07,1.90095313e-01
1.94918750e-07,1.90104688e-01
1.94958750e-07,1.90095313e-01
1.94998750e-07,1.90104688e-01
1.95038750e-07,1.90095313e-01
1.95078750e-07,1.90104688e-01
1.95118750e-07,1.90095313e-01
1.95158750e-07,1.90104688e-01
1.95198750e-07,1.90095313e-01
1.95238750e-07,1.90104688e-01
1.95278750e-07,1.90095313e-01
1.95318750e-07,1.90104688e-01
1.95358750e-07,1.90095313e-01
1.95398750e-07,1.90104688e-01
1.95438750e-07,1.90095313e-01
1.95478750e-07,1.90106250e-01
1.95518750e-07,1.90093750e-01
1.95558750e-07,1.90106250e-01
1.95598750e-07,1.90093750e-01
1.95638750e-07,1.90106250e-01
1.95678750e-07,1.90092188e-01
1.95718750e-07,1.90107813e-01
1.95758750e-07,1.90092188e-01
1.95798750e-07,1.90109375e-01
1.95838750e-07,1.90090625e-01
1.95878750e-07,1.90110938e-01
1.95918750e-07,1.90087500e-01
1.95958750e-07,1.90115625e-01
1.95998750e-07,1.90081250e-01
1.96038750e-07,1.90123438e-01
1.96078750e-07,1.90067188e-01
1.96118750e-07,1.90157812e-01
1.96158750e-07,1.89887500e-01
1.96198750e-07,1.89650000e-01
1.96238750e-07,1.89726563e-01
1.96278750e-07,1.89684375e-01
1.96318750e-07,1.89710938e-01
1.96358750e-07,1.89692187e-01
1.96398750e-07,1.89704687e-01
1.96438750e-07,1.89696875e-01
1.96478750e-07,1.89700000e-01
1.96518750e-07,1.89701563e-01
1.96558750e-07,1.89696875e-01
1.96598750e-07,1.89706250e-01
1.96638750e-07,1.89690625e-01
1.96678750e-07,1.89715625e-01
1.96718750e-07,1.89675000e-01
1.96758750e-07,1.89751562e-01
1.96798750e-07,1.89495313e-01
1.96838750e-07,1.89242188e-01
1.96878750e-07,1.89332813e-01
1.96918750e-07,1.89276562e-01
1.96958750e-07,1.89318750e-01
1.96998750e-07,1.89284375e-01
1.97038750e-07,1.89312500e-01
1.97078750e-07,1.89289062e-01
1.97118750e-07,1.89309375e-01
1.97158750e-07,1.89292188e-01
1.97198750e-07,1.89306250e-01
1.97238750e-07,1.89295313e-01
1.97278750e-07,1.89303125e-01
1.97318750e-07,1.89298437e-01
1.97358750e-07,1.89298437e-01
1.97398750e-07,1.89304688e-01
1.97438750e-07,1.89290625e-01
1.97478750e-07,1.89318750e-01
1.97518750e-07,1.89256250e-01
1.97558750e-07,1.89496875e-01
1.97598750e-07,1.89765625e-01
1.97638750e-07,1.89659375e-01
1.97678750e-07,1.89731250e-01
1.97718750e-07,1.89673438e-01
1.97758750e-07,1.89725000e-01
1.97798750e-07,1.89676563e-01
1.97838750e-07,1.89721875e-01
1.97878750e-07,1.89678125e-01
1.97918750e-07,1.89721875e-01
1.97958750e-07,1.89678125e-01
1.97998750e-07,1.89721875e-01
1.98038750e-07,1.89676563e-01
1.98078750e-07,1.89726563e-01
1.98118750e-07,1.89668750e-01
1.98158750e-07,1.89740625e-01
1.98198750e-07,1.89634375e-01
1.98238750e-07,1.89918750e-01
1.98278750e-07,1.90143750e-01
1.98318750e-07,1.90079688e-01
1.98358750e-07,1.90110938e-01
1.98398750e-07,1.90093750e-01
1.98438750e-07,1.90103125e-01
1.98478750e-07,1.90098437e-01
1.98518750e-07,1.90100000e-01
1.98558750e-07,1.90100000e-01
1.98598750e-07,1.90098437e-01
1.98638750e-07,1.90101563e-01
1.98678750e-07,1.90096875e-01
1.98718750e-07,1.90103125e-01
1.98758750e-07,1.90096875e-01
1.98798750e-07,1.90103125e-01
1.98838750e-07,1.90095313e-01
1.98878750e-07,1.90104688e-01
1.98918750e-07,1.90095313e-01
1.98958750e-07,1.90104688e-01
1.98998750e-07,1.90095313e-01
1.99038750e-07,1.90104688e-01
1.99078750e-07,1.90095313e-01
1.99118750e-07,1.90106250e-01
1.99158750e-07,1.90093750e-01
1.99198750e-07,1.90106250e-01
1.99238750e-07,1.90093750e-01
1.99278750e-07,1.90106250e-01
1.99318750e-07,1.90093750e-01
1.99358750e-07,1.90106250e-01
1.99398750e-07,1.90093750e-01
1.99438750e-07,1.90107813e-01
1.99478750e-07,1.90092188e-01
1.99518750e-07,1.90107813e-01
1.99558750e-07,1.90092188e-01
1.99598750e-07,1.90107813e-01
1.99638750e-07,1.90090625e-01
1.99678750e-07,1.90109375e-01
1.99718750e-07,1.90090625e-01
1.99758750e-07,1.90110938e-01
1.99798750e-07,1.90089063e-01
1.99838750e-07,1.90112500e-01
1.99878750e-07,1.90085937e-01
1.99918750e-07,1.90115625e-01
1.99958750e-07,1.90081250e-01
1.99998750e-07,1.90125000e-01
2.00038750e-07,1.90065625e-01
2.00078750e-07,1.90157812e-01
2.00118750e-07,1.89889063e-01
2.00158750e-07,1.89648438e-01
2.00198750e-07,1.89728125e-01
2.00238750e-07,1.89679687e-01
2.00278750e-07,1.89715625e-01
2.00318750e-07,1.89684375e-01
2.00358750e-07,1.89717187e-01
2.00398750e-07,1.89675000e-01
2.00438750e-07,1.89746875e-01
2.00478750e-07,1.89501562e-01
2.00518750e-07,1.89232813e-01
2.00558750e-07,1.89345313e-01
2.00598750e-07,1.89259375e-01
2.00638750e-07,1.89342188e-01
2.00678750e-07,1.89250000e-01
2.00718750e-07,1.89373438e-01
2.00758750e-07,1.89073437e-01
2.00798750e-07,1.88864063e-01
2.00838750e-07,1.88910938e-01
2.00878750e-07,1.88901563e-01
2.00918750e-07,1.88890625e-01
2.00958750e-07,1.88917188e-01
2.00998750e-07,1.88870312e-01
2.01038750e-07,1.88956250e-01
2.01078750e-07,1.88689063e-01
2.01118750e-07,1.88450000e-01
2.01158750e-07,1.88525000e-01
2.01198750e-07,1.88485938e-01
2.01238750e-07,1.88507813e-01
2.01278750e-07,1.88498438e-01
2.01318750e-07,1.88495313e-01
2.01358750e-07,1.88510938e-01
2.01398750e-07,1.88478125e-01
2.01438750e-07,1.88548437e-01
2.01478750e-07,1.88298437e-01
2.01518750e-07,1.88040625e-01
2.01558750e-07,1.88134375e-01
2.01598750e-07,1.88075000e-01
2.01638750e-07,1.88118750e-01
2.01678750e-07,1.88084375e-01
2.01718750e-07,1.88112500e-01
2.01758750e-07,1.88090625e-01
2.01798750e-07,1.88107812e-01
2.01838750e-07,1.88093750e-01
2.01878750e-07,1.88104688e-01
2.01918750e-07,1.88098437e-01
2.01958750e-07,1.88100000e-01
2.01998750e-07,1.88103125e-01
2.02038750e-07,1.88090625e-01
2.02078750e-07,1.88118750e-01
2.02118750e-07,1.88056250e-01
2.02158750e-07,1.88296875e-01
2.02198750e-07,1.88565625e-01
2.02238750e-07,1.88457813e-01
2.02278750e-07,1.88532813e-01
2.02318750e-07,1.88471875e-01
2.02358750e-07,1.88525000e-01
2.02398750e-07,1.88475000e-01
2.02438750e-07,1.88523438e-01
2.02478750e-07,1.88475000e-01
2.02518750e-07,1.88526562e-01
2.02558750e-07,1.88468750e-01
2.02598750e-07,1.88540625e-01
2.02638750e-07,1.88435938e-01
2.02678750e-07,1.88717187e-01
2.02718750e-07,1.88946875e-01
2.02758750e-07,1.88876563e-01
2.02798750e-07,1.88914063e-01
2.02838750e-07,1.88890625e-01
2.02878750e-07,1.88906250e-01
2.02918750e-07,1.88895312e-01
2.02958750e-07,1.88903125e-01
2.02998750e-07,1.88896875e-01
2.03038750e-07,1.88903125e-01
2.03078750e-07,1.88898438e-01
2.03118750e-07,1.88901563e-01
2.03158750e-07,1.88898438e-01
2.03198750e-07,1.88901563e-01
2.03238750e-07,1.88898438e-01
2.03278750e-07,1.88903125e-01
2.03318750e-07,1.88896875e-01
2.03358750e-07,1.88903125e-01
2.03398750e-07,1.88896875e-01
2.03438750e-07,1.88904688e-01
2.03478750e-07,1.88893750e-01
2.03518750e-07,1.88907812e-01
2.03558750e-07,1.88889063e-01
2.03598750e-07,1.88915625e-01
2.03638750e-07,1.88875000e-01
2.03678750e-07,1.88950000e-01
2.03718750e-07,1.88698438e-01
2.03758750e-07,1.88439063e-01
2.03798750e-07,1.88537500e-01
2.03838750e-07,1.88471875e-01
2.03878750e-07,1.88523438e-01
2.03918750e-07,1.88478125e-01
2.03958750e-07,1.88520313e-01
2.03998750e-07,1.88479687e-01
2.04038750e-07,1.88521875e-01
2.04078750e-07,1.88476562e-01
2.04118750e-07,1.88528125e-01
2.04158750e-07,1.88462500e-01
2.04198750e-07,1.88562500e-01
2.04238750e-07,1.88285938e-01
2.04278750e-07,1.88051563e-01
2.04318750e-07,1.88125000e-01
2.04358750e-07,1.88084375e-01
2.04398750e-07,1.88110938e-01
2.04438750e-07,1.88092188e-01
2.04478750e-07,1.88106250e-01
2.04518750e-07,1.88095313e-01
2.04558750e-07,1.88104688e-01
2.04598750e-07,1.88095313e-01
2.04638750e-07,1.88103125e-01
2.04678750e-07,1.88096875e-01
2.04718750e-07,1.88103125e-01
2.04758750e-07,1.88096875e-01
2.04798750e-07,1.88104688e-01
2.04838750e-07,1.88095313e-01
2.04878750e-07,1.88106250e-01
2.04918750e-07,1.88092188e-01
2.04958750e-07,1.88109375e-01
2.04998750e-07,1.88085937e-01
2.05038750e-07,1.88123438e-01
2.05078750e-07,1.88051563e-01
2.05118750e-07,1.88300000e-01
2.05158750e-07,1.88562500e-01
2.05198750e-07,1.88460938e-01
2.05238750e-07,1.88531250e-01
2.05278750e-07,1.88471875e-01
2.05318750e-07,1.88526562e-01
2.05358750e-07,1.88473438e-01
2.05398750e-07,1.88528125e-01
2.05438750e-07,1.88467188e-01
2.05478750e-07,1.88542188e-01
2.05518750e-07,1.88432813e-01
2.05558750e-07,1.88720313e-01
2.05598750e-07,1.88942187e-01
2.05638750e-07,1.88882812e-01
2.05678750e-07,1.88907812e-01
2.05718750e-07,1.88898438e-01
2.05758750e-07,1.88896875e-01
2.05798750e-07,1.88909375e-01
2.05838750e-07,1.88884375e-01
2.05878750e-07,1.88925000e-01
2.05918750e-07,1.88848438e-01
2.05958750e-07,1.89104688e-01
2.05998750e-07,1.89356250e-01
2.06038750e-07,1.89267188e-01
2.06078750e-07,1.89323437e-01
2.06118750e-07,1.89282813e-01
2.06158750e-07,1.89314063e-01
2.06198750e-07,1.89287500e-01
2.06238750e-07,1.89310937e-01
2.06278750e-07,1.89290625e-01
2.06318750e-07,1.89307813e-01
2.06358750e-07,1.89292188e-01
2.06398750e-07,1.89306250e-01
2.06438750e-07,1.89293750e-01
2.06478750e-07,1.89306250e-01
2.06518750e-07,1.89295313e-01
2.06558750e-07,1.89304688e-01
2.06598750e-07,1.89295313e-01
2.06638750e-07,1.89304688e-01
2.06678750e-07,1.89296875e-01
2.06718750e-07,1.89303125e-01
2.06758750e-07,1.89296875e-01
2.06798750e-07,1.89303125e-01
2.06838750e-07,1.89296875e-01
2.06878750e-07,1.89301563e-01
2.06918750e-07,1.89298437e-01
2.06958750e-07,1.89301563e-01
2.06998750e-07,1.89298437e-01
2.07038750e-07,1.89301563e-01
2.07078750e-07,1.89300000e-01
2.07118750e-07,1.89300000e-01
2.07158750e-07,1.89300000e-01
2.07198750e-07,1.89300000e-01
2.07238750e-07,1.89301563e-01
2.07278750e-07,1.89298437e-01
2.07318750e-07,1.89303125e-01
2.07358750e-07,1.89295313e-01
2.07398750e-07,1.89306250e-01
2.07438750e-07,1.89290625e-01
2.07478750e-07,1.89314063e-01
2.07518750e-07,1.89275000e-01
2.07558750e-07,1.89348437e-01
2.07598750e-07,1.89098437e-01
2.07638750e-07,1.88839063e-01
2.07678750e-07,1.88935938e-01
2.07718750e-07,1.88871875e-01
2.07758750e-07,1.88921875e-01
2.07798750e-07,1.88879688e-01
2.07838750e-07,1.88918750e-01
2.07878750e-07,1.88882812e-01
2.07918750e-07,1.88915625e-01
2.07958750e-07,1.88884375e-01
2.07998750e-07,1.88915625e-01
2.08038750e-07,1.88884375e-01
2.08078750e-07,1.88915625e-01
2.08118750e-07,1.88884375e-01
2.08158750e-07,1.88917188e-01
2.08198750e-07,1.88881250e-01
2.08238750e-07,1.88920313e-01
2.08278750e-07,1.88876563e-01
2.08318750e-07,1.88928125e-01
2.08358750e-07,1.88862500e-01
2.08398750e-07,1.88962500e-01
2.08438750e-07,1.88684375e-01
2.08478750e-07,1.88453125e-01
2.08518750e-07,1.88523438e-01
2.08558750e-07,1.88485938e-01
2.08598750e-07,1.88509375e-01
2.08638750e-07,1.88493750e-01
2.08678750e-07,1.88504688e-01
2.08718750e-07,1.88496875e-01
2.08758750e-07,1.88501562e-01
2.08798750e-07,1.88500000e-01
2.08838750e-07,1.88500000e-01
2.08878750e-07,1.88501562e-01
2.08918750e-07,1.88498438e-01
2.08958750e-07,1.88501562e-01
2.08998750e-07,1.88498438e-01
2.09038750e-07,1.88503125e-01
2.09078750e-07,1.88496875e-01
2.09118750e-07,1.88503125e-01
2.09158750e-07,1.88496875e-01
2.09198750e-07,1.88504688e-01
2.09238750e-07,1.88495313e-01
2.09278750e-07,1.88504688e-01
2.09318750e-07,1.88495313e-01
2.09358750e-07,1.88506250e-01
2.09398750e-07,1.88493750e-01
2.09438750e-07,1.88506250e-01
2.09478750e-07,1.88492188e-01
2.09518750e-07,1.88507813e-01
2.09558750e-07,1.88490625e-01
2.09598750e-07,1.88510938e-01
2.09638750e-07,1.88489062e-01
2.09678750e-07,1.88512500e-01
2.09718750e-07,1.88484375e-01
2.09758750e-07,1.88518750e-01
2.09798750e-07,1.88475000e-01
2.09838750e-07,1.88534375e-01
2.09878750e-07,1.88440625e-01
2.09918750e-07,1.88712500e-01
2.09958750e-07,1.88948438e-01
2.09998750e-07,1.88876563e-01
2.10038750e-07,1.88914063e-01
2.10078750e-07,1.88892188e-01
2.10118750e-07,1.88903125e-01
2.10158750e-07,1.88903125e-01
2.10198750e-07,1.88890625e-01
2.10238750e-07,1.88918750e-01
2.10278750e-07,1.88856250e-01
2.10318750e-07,1.89096875e-01
2.10358750e-07,1.89365625e-01
2.10398750e-07,1.89257813e-01
2.10438750e-07,1.89332813e-01
2.10478750e-07,1.89270313e-01
2.10518750e-07,1.89329688e-01
2.10558750e-07,1.89267188e-01
2.10598750e-07,1.89340625e-01
2.10638750e-07,1.89235938e-01
2.10678750e-07,1.89515625e-01
2.10718750e-07,1.89746875e-01
2.10758750e-07,1.89675000e-01
2.10798750e-07,1.89715625e-01
2.10838750e-07,1.89689063e-01
2.10878750e-07,1.89709375e-01
2.10918750e-07,1.89692187e-01
2.10958750e-07,1.89706250e-01
2.10998750e-07,1.89693750e-01
2.11038750e-07,1.89706250e-01
2.11078750e-07,1.89693750e-01
2.11118750e-07,1.89704687e-01
2.11158750e-07,1.89693750e-01
2.11198750e-07,1.89706250e-01
2.11238750e-07,1.89693750e-01
2.11278750e-07,1.89706250e-01
2.11318750e-07,1.89693750e-01
2.11358750e-07,1.89706250e-01
2.11398750e-07,1.89693750e-01
2.11438750e-07,1.89707813e-01
2.11478750e-07,1.89692187e-01
2.11518750e-07,1.89707813e-01
2.11558750e-07,1.89690625e-01
2.11598750e-07,1.89710938e-01
2.11638750e-07,1.89689063e-01
2.11678750e-07,1.89712500e-01
2.11718750e-07,1.89685938e-01
2.11758750e-07,1.89717187e-01
2.11798750e-07,1.89679687e-01
2.11838750e-07,1.89726563e-01
2.11878750e-07,1.89664063e-01
2.11918750e-07,1.89762500e-01
2.11958750e-07,1.89482813e-01
2.11998750e-07,1.89254688e-01
2.12038750e-07,1.89318750e-01
2.12078750e-07,1.89292188e-01
2.12118750e-07,1.89298437e-01
2.12158750e-07,1.89309375e-01
2.12198750e-07,1.89278125e-01
2.12238750e-07,1.89348437e-01
2.12278750e-07,1.89096875e-01
2.12318750e-07,1.88842188e-01
2.12358750e-07,1.88932813e-01
2.12398750e-07,1.88878125e-01
2.12438750e-07,1.88915625e-01
2.12478750e-07,1.88890625e-01
2.12518750e-07,1.88904688e-01
2.12558750e-07,1.88903125e-01
2.12598750e-07,1.88885938e-01
2.12638750e-07,1.88939063e-01
2.12678750e-07,1.88706250e-01
2.12718750e-07,1.88431250e-01
2.12758750e-07,1.88543750e-01
2.12798750e-07,1.88465625e-01
2.12838750e-07,1.88529688e-01
2.12878750e-07,1.88473438e-01
2.12918750e-07,1.88523438e-01
2.12958750e-07,1.88478125e-01
2.12998750e-07,1.88521875e-01
2.13038750e-07,1.88479687e-01
2.13078750e-07,1.88520313e-01
2.13118750e-07,1.88479687e-01
2.13158750e-07,1.88518750e-01
2.13198750e-07,1.88481250e-01
2.13238750e-07,1.88520313e-01
2.13278750e-07,1.88479687e-01
2.13318750e-07,1.88520313e-01
2.13358750e-07,1.88478125e-01
2.13398750e-07,1.88523438e-01
2.13438750e-07,1.88475000e-01
2.13478750e-07,1.88528125e-01
2.13518750e-07,1.88465625e-01
2.13558750e-07,1.88543750e-01
2.13598750e-07,1.88431250e-01
2.13638750e-07,1.88721875e-01
2.13678750e-07,1.88939063e-01
2.13718750e-07,1.88885938e-01
2.13758750e-07,1.88904688e-01
2.13798750e-07,1.88903125e-01
2.13838750e-07,1.88892188e-01
2.13878750e-07,1.88912500e-01
2.13918750e-07,1.88879688e-01
2.13958750e-07,1.88931250e-01
2.13998750e-07,1.88843750e-01
2.14038750e-07,1.89110938e-01
2.14078750e-07,1.89350000e-01
2.14118750e-07,1.89275000e-01
2.14158750e-07,1.89314063e-01
2.14198750e-07,1.89292188e-01
2.14238750e-07,1.89303125e-01
2.14278750e-07,1.89303125e-01
2.14318750e-07,1.89290625e-01
2.14358750e-07,1.89320313e-01
2.14398750e-07,1.89254688e-01
2.14438750e-07,1.89500000e-01
2.14478750e-07,1.89762500e-01
2.14518750e-07,1.89662500e-01
2.14558750e-07,1.89728125e-01
2.14598750e-07,1.89676563e-01
2.14638750e-07,1.89720313e-01
2.14678750e-07,1.89682813e-01
2.14718750e-07,1.89715625e-01
2.14758750e-07,1.89685938e-01
2.14798750e-07,1.89714063e-01
2.14838750e-07,1.89687500e-01
2.14878750e-07,1.89712500e-01
2.14918750e-07,1.89687500e-01
2.14958750e-07,1.89712500e-01
2.14998750e-07,1.89687500e-01
2.15038750e-07,1.89712500e-01
2.15078750e-07,1.89687500e-01
2.15118750e-07,1.89712500e-01
2.15158750e-07,1.89687500e-01
2.15198750e-07,1.89712500e-01
2.15238750e-07,1.89685938e-01
2.15278750e-07,1.89714063e-01
2.15318750e-07,1.89684375e-01
2.15358750e-07,1.89718750e-01
2.15398750e-07,1.89679687e-01
2.15438750e-07,1.89726563e-01
2.15478750e-07,1.89664063e-01
2.15518750e-07,1.89760938e-01
2.15558750e-07,1.89485938e-01
2.15598750e-07,1.89251562e-01
2.15638750e-07,1.89325000e-01
2.15678750e-07,1.89284375e-01
2.15718750e-07,1.89310937e-01
2.15758750e-07,1.89292188e-01
2.15798750e-07,1.89304688e-01
2.15838750e-07,1.89296875e-01
2.15878750e-07,1.89301563e-01
2.15918750e-07,1.89298437e-01
2.15958750e-07,1.89300000e-01
2.15998750e-07,1.89300000e-01
2.16038750e-07,1.89298437e-01
2.16078750e-07,1.89301563e-01
2.16118750e-07,1.89296875e-01
2.16158750e-07,1.89303125e-01
2.16198750e-07,1.89295313e-01
2.16238750e-07,1.89304688e-01
2.16278750e-07,1.89293750e-01
2.16318750e-07,1.89306250e-01
2.16358750e-07,1.89292188e-01
2.16398750e-07,1.89309375e-01
2.16438750e-07,1.89287500e-01
2.16478750e-07,1.89315625e-01
2.16518750e-07,1.89279688e-01
2.16558750e-07,1.89331250e-01
2.16598750e-07,1.89243750e-01
2.16638750e-07,1.89509375e-01
2.16678750e-07,1.89753125e-01
2.16718750e-07,1.89671875e-01
2.16758750e-07,1.89718750e-01
2.16798750e-07,1.89685938e-01
2.16838750e-07,1.89710938e-01
2.16878750e-07,1.89692187e-01
2.16918750e-07,1.89706250e-01
2.16958750e-07,1.89695313e-01
2.16998750e-07,1.89703125e-01
2.17038750e-07,1.89698438e-01
2.17078750e-07,1.89700000e-01
2.17118750e-07,1.89703125e-01
2.17158750e-07,1.89695313e-01
2.17198750e-07,1.89707813e-01
2.17238750e-07,1.89685938e-01
2.17278750e-07,1.89723438e-01
2.17318750e-07,1.89651563e-01
2.17358750e-07,1.89901563e-01
2.17398750e-07,1.90159375e-01
2.17438750e-07,1.90064063e-01
2.17478750e-07,1.90126563e-01
2.17518750e-07,1.90078125e-01
2.17558750e-07,1.90118750e-01
2.17598750e-07,1.90084375e-01
2.17638750e-07,1.90115625e-01
2.17678750e-07,1.90085937e-01
2.17718750e-07,1.90112500e-01
2.17758750e-07,1.90087500e-01
2.17798750e-07,1.90112500e-01
2.17838750e-07,1.90089063e-01
2.17878750e-07,1.90110938e-01
2.17918750e-07,1.90089063e-01
2.17958750e-07,1.90110938e-01
2.17998750e-07,1.90089063e-01
2.18038750e-07,1.90110938e-01
2.18078750e-07,1.90087500e-01
2.18118750e-07,1.90112500e-01
2.18158750e-07,1.90085937e-01
2.18198750e-07,1.90115625e-01
2.18238750e-07,1.90081250e-01
2.18278750e-07,1.90123438e-01
2.18318750e-07,1.90068750e-01
2.18358750e-07,1.90156250e-01
2.18398750e-07,1.89890625e-01
2.18438750e-07,1.89645312e-01
2.18478750e-07,1.89731250e-01
2.18518750e-07,1.89678125e-01
2.18558750e-07,1.89718750e-01
2.18598750e-07,1.89684375e-01
2.18638750e-07,1.89715625e-01
2.18678750e-07,1.89684375e-01
2.18718750e-07,1.89717187e-01
2.18758750e-07,1.89681250e-01
2.18798750e-07,1.89723438e-01
2.18838750e-07,1.89667188e-01
2.18878750e-07,1.89757813e-01
2.18918750e-07,1.89489062e-01
2.18958750e-07,1.89250000e-01
2.18998750e-07,1.89326563e-01
2.19038750e-07,1.89284375e-01
2.19078750e-07,1.89309375e-01
2.19118750e-07,1.89295313e-01
2.19158750e-07,1.89300000e-01
2.19198750e-07,1.89304688e-01
2.19238750e-07,1.89284375e-01
2.19278750e-07,1.89340625e-01
2.19318750e-07,1.89106250e-01
2.19358750e-07,1.88831250e-01
2.19398750e-07,1.88945313e-01
2.19438750e-07,1.88864063e-01
2.19478750e-07,1.88931250e-01
2.19518750e-07,1.88870312e-01
2.19558750e-07,1.88929687e-01
2.19598750e-07,1.88868750e-01
2.19638750e-07,1.88934375e-01
2.19678750e-07,1.88856250e-01
2.19718750e-07,1.88967187e-01
2.19758750e-07,1.88679687e-01
2.19798750e-07,1.88457813e-01
2.19838750e-07,1.88518750e-01
2.19878750e-07,1.88489062e-01
2.19918750e-07,1.88506250e-01
2.19958750e-07,1.88496875e-01
2.19998750e-07,1.88501562e-01
2.20038750e-07,1.88500000e-01
2.20078750e-07,1.88498438e-01
2.20118750e-07,1.88501562e-01
2.20158750e-07,1.88498438e-01
2.20198750e-07,1.88503125e-01
2.20238750e-07,1.88496875e-01
2.20278750e-07,1.88503125e-01
2.20318750e-07,1.88496875e-01
2.20358750e-07,1.88503125e-01
2.20398750e-07,1.88495313e-01
2.20438750e-07,1.88504688e-01
2.20478750e-07,1.88495313e-01
2.20518750e-07,1.88504688e-01
2.20558750e-07,1.88495313e-01
2.20598750e-07,1.88504688e-01
2.20638750e-07,1.88495313e-01
2.20678750e-07,1.88504688e-01
2.20718750e-07,1.88495313e-01
2.20758750e-07,1.88504688e-01
2.20798750e-07,1.88495313e-01
2.20838750e-07,1.88504688e-01
2.20878750e-07,1.88495313e-01
2.20918750e-07,1.88506250e-01
2.20958750e-07,1.88493750e-01
2.20998750e-07,1.88506250e-01
2.21038750e-07,1.88493750e-01
2.21078750e-07,1.88506250e-01
2.21118750e-07,1.88493750e-01
2.21158750e-07,1.88506250e-01
2.21198750e-07,1.88493750e-01
2.21238750e-07,1.88506250e-01
2.21278750e-07,1.88493750e-01
2.21318750e-07,1.88506250e-01
2.21358750e-07,1.88492188e-01
2.21398750e-07,1.88507813e-01
2.21438750e-07,1.88492188e-01
2.21478750e-07,1.88507813e-01
2.21518750e-07,1.88492188e-01
2.21558750e-07,1.88509375e-01
2.21598750e-07,1.88490625e-01
2.21638750e-07,1.88509375e-01
2.21678750e-07,1.88490625e-01
2.21718750e-07,1.88510938e-01
2.21758750e-07,1.88489062e-01
2.21798750e-07,1.88512500e-01
2.21838750e-07,1.88485938e-01
2.21878750e-07,1.88515625e-01
2.21918750e-07,1.88482813e-01
2.21958750e-07,1.88520313e-01
2.21998750e-07,1.88473438e-01
2.22038750e-07,1.88535938e-01
2.22078750e-07,1.88439063e-01
2.22118750e-07,1.88714063e-01
2.22158750e-07,1.88946875e-01
2.22198750e-07,1.88876563e-01
2.22238750e-07,1.88914063e-01
2.22278750e-07,1.88892188e-01
2.22318750e-07,1.88904688e-01
2.22358750e-07,1.88898438e-01
2.22398750e-07,1.88898438e-01
2.22438750e-07,1.88903125e-01
2.22478750e-07,1.88893750e-01
2.22518750e-07,1.88910938e-01
2.22558750e-07,1.88884375e-01
2.22598750e-07,1.88926563e-01
2.22638750e-07,1.88848438e-01
2.22678750e-07,1.89104688e-01
2.22718750e-07,1.89357813e-01
2.22758750e-07,1.89265625e-01
2.22798750e-07,1.89325000e-01
2.22838750e-07,1.89281250e-01
2.22878750e-07,1.89317188e-01
2.22918750e-07,1.89285938e-01
2.22958750e-07,1.89314063e-01
2.22998750e-07,1.89287500e-01
2.23038750e-07,1.89312500e-01
2.23078750e-07,1.89287500e-01
2.23118750e-07,1.89312500e-01
2.23158750e-07,1.89285938e-01
2.23198750e-07,1.89317188e-01
2.23238750e-07,1.89278125e-01
2.23278750e-07,1.89329688e-01
2.23318750e-07,1.89245313e-01
2.23358750e-07,1.89506250e-01
2.23398750e-07,1.89756250e-01
2.23438750e-07,1.89665625e-01
2.23478750e-07,1.89725000e-01
2.23518750e-07,1.89678125e-01
2.23558750e-07,1.89721875e-01
2.23598750e-07,1.89678125e-01
2.23638750e-07,1.89726563e-01
2.23678750e-07,1.89665625e-01
2.23718750e-07,1.89759375e-01
2.23758750e-07,1.89489062e-01
2.23798750e-07,1.89248438e-01
2.23838750e-07,1.89328125e-01
2.23878750e-07,1.89279688e-01
2.23918750e-07,1.89315625e-01
2.23958750e-07,1.89287500e-01
2.23998750e-07,1.89310937e-01
2.24038750e-07,1.89289062e-01
2.24078750e-07,1.89310937e-01
2.24118750e-07,1.89289062e-01
2.24158750e-07,1.89312500e-01
2.24198750e-07,1.89284375e-01
2.24238750e-07,1.89318750e-01
2.24278750e-07,1.89271875e-01
2.24318750e-07,1.89353125e-01
2.24358750e-07,1.89095313e-01
2.24398750e-07,1.88842188e-01
2.24438750e-07,1.88934375e-01
2.24478750e-07,1.88873438e-01
2.24518750e-07,1.88923438e-01
2.24558750e-07,1.88878125e-01
2.24598750e-07,1.88921875e-01
2.24638750e-07,1.88876563e-01
2.24678750e-07,1.88928125e-01
2.24718750e-07,1.88864063e-01
2.24758750e-07,1.88960938e-01
2.24798750e-07,1.88687500e-01
2.24838750e-07,1.88450000e-01
2.24878750e-07,1.88526562e-01
2.24918750e-07,1.88482813e-01
2.24958750e-07,1.88512500e-01
2.24998750e-07,1.88490625e-01
2.25038750e-07,1.88507813e-01
2.25078750e-07,1.88493750e-01
2.25118750e-07,1.88504688e-01
2.25158750e-07,1.88495313e-01
2.25198750e-07,1.88504688e-01
2.25238750e-07,1.88496875e-01
2.25278750e-07,1.88503125e-01
2.25318750e-07,1.88496875e-01
2.25358750e-07,1.88503125e-01
2.25398750e-07,1.88496875e-01
2.25438750e-07,1.88503125e-01
2.25478750e-07,1.88498438e-01
2.25518750e-07,1.88501562e-01
2.25558750e-07,1.88498438e-01
2.25598750e-07,1.88501562e-01
2.25638750e-07,1.88498438e-01
2.25678750e-07,1.88501562e-01
2.25718750e-07,1.88496875e-01
2.25758750e-07,1.88503125e-01
2.25798750e-07,1.88496875e-01
2.25838750e-07,1.88503125e-01
2.25878750e-07,1.88496875e-01
2.25918750e-07,1.88503125e-01
2.25958750e-07,1.88496875e-01
2.25998750e-07,1.88504688e-01
2.26038750e-07,1.88495313e-01
2.26078750e-07,1.88506250e-01
2.26118750e-07,1.88493750e-01
2.26158750e-07,1.88507813e-01
2.26198750e-07,1.88490625e-01
2.26238750e-07,1.88512500e-01
2.26278750e-07,1.88482813e-01
2.26318750e-07,1.88528125e-01
2.26358750e-07,1.88446875e-01
2.26398750e-07,1.88704687e-01
2.26438750e-07,1.88956250e-01
2.26478750e-07,1.88867188e-01
2.26518750e-07,1.88923438e-01
2.26558750e-07,1.88881250e-01
2.26598750e-07,1.88915625e-01
2.26638750e-07,1.88885938e-01
2.26678750e-07,1.88912500e-01
2.26718750e-07,1.88889063e-01
2.26758750e-07,1.88910938e-01
2.26798750e-07,1.88889063e-01
2.26838750e-07,1.88909375e-01
2.26878750e-07,1.88890625e-01
2.26918750e-07,1.88909375e-01
2.26958750e-07,1.88890625e-01
2.26998750e-07,1.88909375e-01
2.27038750e-07,1.88892188e-01
2.27078750e-07,1.88907812e-01
2.27118750e-07,1.88892188e-01
2.27158750e-07,1.88907812e-01
2.27198750e-07,1.88892188e-01
2.27238750e-07,1.88907812e-01
2.27278750e-07,1.88892188e-01
2.27318750e-07,1.88907812e-01
2.27358750e-07,1.88892188e-01
2.27398750e-07,1.88907812e-01
2.27438750e-07,1.88892188e-01
2.27478750e-07,1.88907812e-01
2.27518750e-07,1.88890625e-01
2.27558750e-07,1.88909375e-01
2.27598750e-07,1.88890625e-01
2.27638750e-07,1.88909375e-01
2.27678750e-07,1.88890625e-01
2.27718750e-07,1.88909375e-01
2.27758750e-07,1.88890625e-01
2.27798750e-07,1.88910938e-01
2.27838750e-07,1.88889063e-01
2.27878750e-07,1.88910938e-01
2.27918750e-07,1.88889063e-01
2.27958750e-07,1.88912500e-01
2.27998750e-07,1.88887500e-01
2.28038750e-07,1.88914063e-01
2.28078750e-07,1.88884375e-01
2.28118750e-07,1.88917188e-01
2.28158750e-07,1.88881250e-01
2.28198750e-07,1.88921875e-01
2.28238750e-07,1.88873438e-01
2.28278750e-07,1.88937500e-01
2.28318750e-07,1.88837500e-01
2.28358750e-07,1.89115625e-01
2.28398750e-07,1.89346875e-01
2.28438750e-07,1.89276562e-01
2.28478750e-07,1.89314063e-01
2.28518750e-07,1.89292188e-01
2.28558750e-07,1.89304688e-01
2.28598750e-07,1.89296875e-01
2.28638750e-07,1.89301563e-01
2.28678750e-07,1.89300000e-01
2.28718750e-07,1.89298437e-01
2.28758750e-07,1.89301563e-01
2.28798750e-07,1.89296875e-01
2.28838750e-07,1.89303125e-01
2.28878750e-07,1.89295313e-01
2.28918750e-07,1.89304688e-01
2.28958750e-07,1.89293750e-01
2.28998750e-07,1.89306250e-01
2.29038750e-07,1.89292188e-01
2.29078750e-07,1.89307813e-01
2.29118750e-07,1.89290625e-01
2.29158750e-07,1.89309375e-01
2.29198750e-07,1.89289062e-01
2.29238750e-07,1.89312500e-01
2.29278750e-07,1.89285938e-01
2.29318750e-07,1.89315625e-01
2.29358750e-07,1.89279688e-01
2.29398750e-07,1.89325000e-01
2.29438750e-07,1.89265625e-01
2.29478750e-07,1.89359375e-01
2.29518750e-07,1.89085937e-01
2.29558750e-07,1.88851563e-01
2.29598750e-07,1.88923438e-01
2.29638750e-07,1.88885938e-01
2.29678750e-07,1.88909375e-01
2.29718750e-07,1.88893750e-01
2.29758750e-07,1.88903125e-01
2.29798750e-07,1.88898438e-01
2.29838750e-07,1.88900000e-01
2.29878750e-07,1.88901563e-01
2.29918750e-07,1.88896875e-01
2.29958750e-07,1.88904688e-01
2.29998750e-07,1.88893750e-01
2.30038750e-07,1.88907812e-01
2.30078750e-07,1.88890625e-01
2.30118750e-07,1.88912500e-01
2.30158750e-07,1.88884375e-01
2.30198750e-07,1.88921875e-01
2.30238750e-07,1.88868750e-01
2.30278750e-07,1.88956250e-01
2.30318750e-07,1.88689063e-01
2.30358750e-07,1.88448438e-01
2.30398750e-07,1.88526562e-01
2.30438750e-07,1.88482813e-01
2.30478750e-07,1.88512500e-01
2.30518750e-07,1.88492188e-01
2.30558750e-07,1.88506250e-01
2.30598750e-07,1.88496875e-01
2.30638750e-07,1.88501562e-01
2.30678750e-07,1.88500000e-01
2.30718750e-07,1.88498438e-01
2.30758750e-07,1.88503125e-01
2.30798750e-07,1.88495313e-01
2.30838750e-07,1.88506250e-01
2.30878750e-07,1.88492188e-01
2.30918750e-07,1.88510938e-01
2.30958750e-07,1.88485938e-01
2.30998750e-07,1.88520313e-01
2.31038750e-07,1.88470313e-01
2.31078750e-07,1.88556250e-01
2.31118750e-07,1.88290625e-01
2.31158750e-07,1.88046875e-01
2.31198750e-07,1.88128125e-01
2.31238750e-07,1.88082813e-01
2.31278750e-07,1.88112500e-01
2.31318750e-07,1.88092188e-01
2.31358750e-07,1.88104688e-01
2.31398750e-07,1.88098437e-01
2.31438750e-07,1.88098437e-01
2.31478750e-07,1.88106250e-01
2.31518750e-07,1.88087500e-01
2.31558750e-07,1.88121875e-01
2.31598750e-07,1.88051563e-01
2.31638750e-07,1.88301563e-01
2.31678750e-07,1.88560937e-01
2.31718750e-07,1.88464063e-01
2.31758750e-07,1.88526562e-01
2.31798750e-07,1.88479687e-01
2.31838750e-07,1.88517188e-01
2.31878750e-07,1.88484375e-01
2.31918750e-07,1.88514062e-01
2.31958750e-07,1.88487500e-01
2.31998750e-07,1.88510938e-01
2.32038750e-07,1.88489062e-01
2.32078750e-07,1.88509375e-01
2.32118750e-07,1.88490625e-01
2.32158750e-07,1.88507813e-01
2.32198750e-07,1.88492188e-01
2.32238750e-07,1.88507813e-01
2.32278750e-07,1.88493750e-01
2.32318750e-07,1.88506250e-01
2.32358750e-07,1.88493750e-01
2.32398750e-07,1.88506250e-01
2.32438750e-07,1.88495313e-01
2.32478750e-07,1.88504688e-01
2.32518750e-07,1.88495313e-01
2.32558750e-07,1.88504688e-01
2.32598750e-07,1.88495313e-01
2.32638750e-07,1.88503125e-01
2.32678750e-07,1.88496875e-01
2.32718750e-07,1.88503125e-01
2.32758750e-07,1.88496875e-01
2.32798750e-07,1.88503125e-01
2.32838750e-07,1.88496875e-01
2.32878750e-07,1.88501562e-01
2.32918750e-07,1.88498438e-01
2.32958750e-07,1.88501562e-01
2.32998750e-07,1.88498438e-01
2.33038750e-07,1.88501562e-01
2.33078750e-07,1.88500000e-01
2.33118750e-07,1.88500000e-01
2.33158750e-07,1.88500000e-01
2.33198750e-07,1.88498438e-01
2.33238750e-07,1.88501562e-01
2.33278750e-07,1.88496875e-01
2.33318750e-07,1.88503125e-01
2.33358750e-07,1.88495313e-01
2.33398750e-07,1.88506250e-01
2.33438750e-07,1.88490625e-01
2.33478750e-07,1.88514062e-01
2.33518750e-07,1.88476562e-01
2.33558750e-07,1.88548437e-01
2.33598750e-07,1.88298437e-01
2.33638750e-07,1.88039063e-01
2.33678750e-07,1.88137500e-01
2.33718750e-07,1.88071875e-01
2.33758750e-07,1.88125000e-01
2.33798750e-07,1.88078125e-01
2.33838750e-07,1.88121875e-01
2.33878750e-07,1.88078125e-01
2.33918750e-07,1.88121875e-01
2.33958750e-07,1.88075000e-01
2.33998750e-07,1.88129688e-01
2.34038750e-07,1.88062500e-01
2.34078750e-07,1.88162500e-01
2.34118750e-07,1.87884375e-01
2.34158750e-07,1.87653125e-01
2.34198750e-07,1.87721875e-01
2.34238750e-07,1.87687500e-01
2.34278750e-07,1.87706250e-01
2.34318750e-07,1.87696875e-01
2.34358750e-07,1.87698438e-01
2.34398750e-07,1.87707813e-01
2.34438750e-07,1.87682813e-01
2.34478750e-07,1.87742188e-01
2.34518750e-07,1.87504688e-01
2.34558750e-07,1.87232813e-01
2.34598750e-07,1.87345312e-01
2.34638750e-07,1.87262500e-01
2.34678750e-07,1.87334375e-01
2.34718750e-07,1.87265625e-01
2.34758750e-07,1.87337500e-01
2.34798750e-07,1.87253125e-01
2.34838750e-07,1.87370312e-01
2.34878750e-07,1.87076563e-01
2.34918750e-07,1.86860938e-01
2.34958750e-07,1.86914063e-01
2.34998750e-07,1.86895313e-01
2.35038750e-07,1.86898438e-01
2.35078750e-07,1.86906250e-01
2.35118750e-07,1.86887500e-01
2.35158750e-07,1.86918750e-01
2.35198750e-07,1.86870312e-01
2.35238750e-07,1.86954687e-01
2.35278750e-07,1.86690625e-01
2.35318750e-07,1.86446875e-01
2.35358750e-07,1.86528125e-01
2.35398750e-07,1.86482813e-01
2.35438750e-07,1.86512500e-01
2.35478750e-07,1.86492188e-01
2.35518750e-07,1.86504688e-01
2.35558750e-07,1.86498438e-01
2.35598750e-07,1.86500000e-01
2.35638750e-07,1.86503125e-01
2.35678750e-07,1.86492188e-01
2.35718750e-07,1.86514062e-01
2.35758750e-07,1.86476562e-01
2.35798750e-07,1.86548437e-01
2.35838750e-07,1.86296875e-01
2.35878750e-07,1.86040625e-01
2.35918750e-07,1.86134375e-01
2.35958750e-07,1.86075000e-01
2.35998750e-07,1.86120312e-01
2.36038750e-07,1.86084375e-01
2.36078750e-07,1.86114063e-01
2.36118750e-07,1.86087500e-01
2.36158750e-07,1.86110938e-01
2.36198750e-07,1.86090625e-01
2.36238750e-07,1.86107812e-01
2.36278750e-07,1.86093750e-01
2.36318750e-07,1.86106250e-01
2.36358750e-07,1.86095312e-01
2.36398750e-07,1.86103125e-01
2.36438750e-07,1.86098438e-01
2.36478750e-07,1.86098438e-01
2.36518750e-07,1.86104688e-01
2.36558750e-07,1.86090625e-01
2.36598750e-07,1.86118750e-01
2.36638750e-07,1.86056250e-01
2.36678750e-07,1.86296875e-01
2.36718750e-07,1.86565625e-01
2.36758750e-07,1.86457813e-01
2.36798750e-07,1.86532813e-01
2.36838750e-07,1.86471875e-01
2.36878750e-07,1.86525000e-01
2.36918750e-07,1.86475000e-01
2.36958750e-07,1.86525000e-01
2.36998750e-07,1.86475000e-01
2.37038750e-07,1.86526562e-01
2.37078750e-07,1.86468750e-01
2.37118750e-07,1.86540625e-01
2.37158750e-07,1.86435938e-01
2.37198750e-07,1.86715625e-01
2.37238750e-07,1.86946875e-01
2.37278750e-07,1.86875000e-01
2.37318750e-07,1.86917187e-01
2.37358750e-07,1.86885938e-01
2.37398750e-07,1.86914063e-01
2.37438750e-07,1.86884375e-01
2.37478750e-07,1.86923438e-01
2.37518750e-07,1.86853125e-01
2.37558750e-07,1.87098438e-01
2.37598750e-07,1.87365625e-01
2.37638750e-07,1.87256250e-01
2.37678750e-07,1.87335937e-01
2.37718750e-07,1.87267188e-01
2.37758750e-07,1.87334375e-01
2.37798750e-07,1.87262500e-01
2.37838750e-07,1.87346875e-01
2.37878750e-07,1.87228125e-01
2.37918750e-07,1.87525000e-01
2.37958750e-07,1.87737500e-01
2.37998750e-07,1.87687500e-01
2.38038750e-07,1.87700000e-01
2.38078750e-07,1.87707813e-01
2.38118750e-07,1.87684375e-01
2.38158750e-07,1.87726562e-01
2.38198750e-07,1.87646875e-01
2.38238750e-07,1.87907812e-01
2.38278750e-07,1.88153125e-01
2.38318750e-07,1.88073437e-01
2.38358750e-07,1.88115625e-01
2.38398750e-07,1.88092188e-01
2.38438750e-07,1.88100000e-01
2.38478750e-07,1.88110938e-01
2.38518750e-07,1.88062500e-01
2.38558750e-07,1.88290625e-01
2.38598750e-07,1.88571875e-01
2.38638750e-07,1.88451563e-01
2.38678750e-07,1.88540625e-01
2.38718750e-07,1.88462500e-01
2.38758750e-07,1.88537500e-01
2.38798750e-07,1.88459375e-01
2.38838750e-07,1.88548437e-01
2.38878750e-07,1.88428125e-01
2.38918750e-07,1.88725000e-01
2.38958750e-07,1.88937500e-01
2.38998750e-07,1.88885938e-01
2.39038750e-07,1.88903125e-01
2.39078750e-07,1.88903125e-01
2.39118750e-07,1.88892188e-01
2.39158750e-07,1.88912500e-01
2.39198750e-07,1.88881250e-01
2.39238750e-07,1.88929687e-01
2.39278750e-07,1.88845313e-01
2.39318750e-07,1.89109375e-01
2.39358750e-07,1.89353125e-01
2.39398750e-07,1.89271875e-01
2.39438750e-07,1.89318750e-01
2.39478750e-07,1.89287500e-01
2.39518750e-07,1.89307813e-01
2.39558750e-07,1.89295313e-01
2.39598750e-07,1.89301563e-01
2.39638750e-07,1.89303125e-01
2.39678750e-07,1.89290625e-01
2.39718750e-07,1.89318750e-01
2.39758750e-07,1.89256250e-01
2.39798750e-07,1.89498438e-01
2.39838750e-07,1.89764062e-01
2.39878750e-07,1.89659375e-01
2.39918750e-07,1.89731250e-01
2.39958750e-07,1.89673438e-01
2.39998750e-07,1.89723438e-01
2.40038750e-07,1.89678125e-01
2.40078750e-07,1.89720313e-01
2.40118750e-07,1.89681250e-01
2.40158750e-07,1.89718750e-01
2.40198750e-07,1.89681250e-01
2.40238750e-07,1.89718750e-01
2.40278750e-07,1.89679687e-01
2.40318750e-07,1.89720313e-01
2.40358750e-07,1.89676563e-01
2.40398750e-07,1.89725000e-01
2.40438750e-07,1.89670312e-01
2.40478750e-07,1.89740625e-01
2.40518750e-07,1.89635938e-01
2.40558750e-07,1.89917188e-01
2.40598750e-07,1.90143750e-01
2.40638750e-07,1.90079688e-01
2.40678750e-07,1.90110938e-01
2.40718750e-07,1.90093750e-01
2.40758750e-07,1.90103125e-01
2.40798750e-07,1.90100000e-01
2.40838750e-07,1.90098437e-01
2.40878750e-07,1.90103125e-01
2.40918750e-07,1.90095313e-01
2.40958750e-07,1.90106250e-01
2.40998750e-07,1.90092188e-01
2.41038750e-07,1.90109375e-01
2.41078750e-07,1.90087500e-01
2.41118750e-07,1.90115625e-01
2.41158750e-07,1.90078125e-01
2.41198750e-07,1.90131250e-01
2.41238750e-07,1.90043750e-01
2.41278750e-07,1.90310937e-01
2.41318750e-07,1.90551562e-01
2.41358750e-07,1.90473438e-01
2.41398750e-07,1.90517188e-01
2.41438750e-07,1.90489063e-01
2.41478750e-07,1.90507813e-01
2.41518750e-07,1.90495313e-01
2.41558750e-07,1.90501562e-01
2.41598750e-07,1.90500000e-01
2.41638750e-07,1.90496875e-01
2.41678750e-07,1.90506250e-01
2.41718750e-07,1.90487500e-01
2.41758750e-07,1.90523438e-01
2.41798750e-07,1.90451563e-01
2.41838750e-07,1.90701563e-01
2.41878750e-07,1.90960938e-01
2.41918750e-07,1.90864063e-01
2.41958750e-07,1.90926563e-01
2.41998750e-07,1.90878125e-01
2.42038750e-07,1.90918750e-01
2.42078750e-07,1.90882812e-01
2.42118750e-07,1.90915625e-01
2.42158750e-07,1.90885938e-01
2.42198750e-07,1.90912500e-01
2.42238750e-07,1.90887500e-01
2.42278750e-07,1.90910938e-01
2.42318750e-07,1.90889063e-01
2.42358750e-07,1.90910938e-01
2.42398750e-07,1.90889063e-01
2.42438750e-07,1.90909375e-01
2.42478750e-07,1.90890625e-01
2.42518750e-07,1.90909375e-01
2.42558750e-07,1.90890625e-01
2.42598750e-07,1.90909375e-01
2.42638750e-07,1.90890625e-01
2.42678750e-07,1.90909375e-01
2.42718750e-07,1.90890625e-01
2.42758750e-07,1.90909375e-01
2.42798750e-07,1.90890625e-01
2.42838750e-07,1.90909375e-01
2.42878750e-07,1.90890625e-01
2.42918750e-07,1.90909375e-01
2.42958750e-07,1.90890625e-01
2.42998750e-07,1.90910938e-01
2.43038750e-07,1.90889063e-01
2.43078750e-07,1.90910938e-01
2.43118750e-07,1.90889063e-01
2.43158750e-07,1.90910938e-01
2.43198750e-07,1.90887500e-01
2.43238750e-07,1.90912500e-01
2.43278750e-07,1.90885938e-01
2.43318750e-07,1.90915625e-01
2.43358750e-07,1.90882812e-01
2.43398750e-07,1.90918750e-01
2.43438750e-07,1.90878125e-01
2.43478750e-07,1.90926563e-01
2.43518750e-07,1.90862500e-01
2.43558750e-07,1.90962500e-01
2.43598750e-07,1.90684375e-01
2.43638750e-07,1.90453125e-01
2.43678750e-07,1.90523438e-01
2.43718750e-07,1.90485938e-01
2.43758750e-07,1.90507813e-01
2.43798750e-07,1.90495313e-01
2.43838750e-07,1.90503125e-01
2.43878750e-07,1.90498438e-01
2.43918750e-07,1.90500000e-01
2.43958750e-07,1.90501562e-01
2.43998750e-07,1.90496875e-01
2.44038750e-07,1.90503125e-01
2.44078750e-07,1.90495313e-01
2.44118750e-07,1.90504688e-01
2.44158750e-07,1.90493750e-01
2.44198750e-07,1.90507813e-01
2.44238750e-07,1.90490625e-01
2.44278750e-07,1.90510938e-01
2.44318750e-07,1.90487500e-01
2.44358750e-07,1.90514062e-01
2.44398750e-07,1.90482813e-01
2.44438750e-07,1.90523438e-01
2.44478750e-07,1.90467187e-01
2.44518750e-07,1.90557813e-01
2.44558750e-07,1.90287500e-01
2.44598750e-07,1.90050000e-01
2.44638750e-07,1.90125000e-01
2.44678750e-07,1.90084375e-01
2.44718750e-07,1.90109375e-01
2.44758750e-07,1.90093750e-01
2.44798750e-07,1.90103125e-01
2.44838750e-07,1.90098437e-01
2.44878750e-07,1.90100000e-01
2.44918750e-07,1.90103125e-01
2.44958750e-07,1.90095313e-01
2.44998750e-07,1.90107813e-01
2.45038750e-07,1.90087500e-01
2.45078750e-07,1.90117188e-01
2.45118750e-07,1.90071875e-01
2.45158750e-07,1.90153125e-01
2.45198750e-07,1.89893750e-01
2.45238750e-07,1.89645312e-01
2.45278750e-07,1.89731250e-01
2.45318750e-07,1.89679687e-01
2.45358750e-07,1.89715625e-01
2.45398750e-07,1.89689063e-01
2.45438750e-07,1.89709375e-01
2.45478750e-07,1.89693750e-01
2.45518750e-07,1.89704687e-01
2.45558750e-07,1.89698438e-01
2.45598750e-07,1.89700000e-01
2.45638750e-07,1.89703125e-01
2.45678750e-07,1.89693750e-01
2.45718750e-07,1.89712500e-01
2.45758750e-07,1.89678125e-01
2.45798750e-07,1.89746875e-01
2.45838750e-07,1.89500000e-01
2.45878750e-07,1.89239062e-01
2.45918750e-07,1.89337500e-01
2.45958750e-07,1.89271875e-01
2.45998750e-07,1.89321875e-01
2.46038750e-07,1.89281250e-01
2.46078750e-07,1.89317188e-01
2.46118750e-07,1.89284375e-01
2.46158750e-07,1.89314063e-01
2.46198750e-07,1.89285938e-01
2.46238750e-07,1.89312500e-01
2.46278750e-07,1.89287500e-01
2.46318750e-07,1.89312500e-01
2.46358750e-07,1.89289062e-01
2.46398750e-07,1.89310937e-01
2.46438750e-07,1.89289062e-01
2.46478750e-07,1.89310937e-01
2.46518750e-07,1.89289062e-01
2.46558750e-07,1.89310937e-01
2.46598750e-07,1.89289062e-01
2.46638750e-07,1.89312500e-01
2.46678750e-07,1.89287500e-01
2.46718750e-07,1.89314063e-01
2.46758750e-07,1.89285938e-01
2.46798750e-07,1.89315625e-01
2.46838750e-07,1.89281250e-01
2.46878750e-07,1.89323437e-01
2.46918750e-07,1.89267188e-01
2.46958750e-07,1.89357813e-01
2.46998750e-07,1.89089063e-01
2.47038750e-07,1.88848438e-01
2.47078750e-07,1.88928125e-01
2.47118750e-07,1.88881250e-01
2.47158750e-07,1.88915625e-01
2.47198750e-07,1.88887500e-01
2.47238750e-07,1.88910938e-01
2.47278750e-07,1.88890625e-01
2.47318750e-07,1.88909375e-01
2.47358750e-07,1.88890625e-01
2.47398750e-07,1.88909375e-01
2.47438750e-07,1.88889063e-01
2.47478750e-07,1.88912500e-01
2.47518750e-07,1.88884375e-01
2.47558750e-07,1.88920313e-01
2.47598750e-07,1.88870312e-01
2.47638750e-07,1.88954687e-01
2.47678750e-07,1.88693750e-01
2.47718750e-07,1.88443750e-01
2.47758750e-07,1.88531250e-01
2.47798750e-07,1.88476562e-01
2.47838750e-07,1.88518750e-01
2.47878750e-07,1.88484375e-01
2.47918750e-07,1.88514062e-01
2.47958750e-07,1.88487500e-01
2.47998750e-07,1.88510938e-01
2.48038750e-07,1.88489062e-01
2.48078750e-07,1.88510938e-01
2.48118750e-07,1.88490625e-01
2.48158750e-07,1.88509375e-01
2.48198750e-07,1.88490625e-01
2.48238750e-07,1.88509375e-01
2.48278750e-07,1.88490625e-01
2.48318750e-07,1.88510938e-01
2.48358750e-07,1.88489062e-01
2.48398750e-07,1.88510938e-01
2.48438750e-07,1.88487500e-01
2.48478750e-07,1.88514062e-01
2.48518750e-07,1.88484375e-01
2.48558750e-07,1.88518750e-01
2.48598750e-07,1.88476562e-01
2.48638750e-07,1.88532813e-01
2.48678750e-07,1.88442187e-01
2.48718750e-07,1.88710938e-01
2.48758750e-07,1.88951563e-01
2.48798750e-07,1.88871875e-01
2.48838750e-07,1.88918750e-01
2.48878750e-07,1.88885938e-01
2.48918750e-07,1.88910938e-01
2.48958750e-07,1.88890625e-01
2.48998750e-07,1.88907812e-01
2.49038750e-07,1.88893750e-01
2.49078750e-07,1.88906250e-01
2.49118750e-07,1.88895312e-01
2.49158750e-07,1.88904688e-01
2.49198750e-07,1.88895312e-01
2.49238750e-07,1.88903125e-01
2.49278750e-07,1.88896875e-01
2.49318750e-07,1.88903125e-01
2.49358750e-07,1.88896875e-01
2.49398750e-07,1.88903125e-01
2.49438750e-07,1.88896875e-01
2.49478750e-07,1.88903125e-01
2.49518750e-07,1.88896875e-01
2.49558750e-07,1.88903125e-01
2.49598750e-07,1.88896875e-01
2.49638750e-07,1.88903125e-01
2.49678750e-07,1.88896875e-01
2.49718750e-07,1.88903125e-01
2.49758750e-07,1.88896875e-01
2.49798750e-07,1.88903125e-01
2.49838750e-07,1.88896875e-01
2.49878750e-07,1.88903125e-01
2.49918750e-07,1.88896875e-01
2.49958750e-07,1.88903125e-01
2.49998750e-07,1.88896875e-01
2.50038750e-07,1.88903125e-01
2.50078750e-07,1.88896875e-01
2.50118750e-07,1.88903125e-01
2.50158750e-07,1.88896875e-01
2.50198750e-07,1.88903125e-01
2.50238750e-07,1.88895312e-01
2.50278750e-07,1.88904688e-01
2.50318750e-07,1.88895312e-01
2.50358750e-07,1.88904688e-01
2.50398750e-07,1.88893750e-01
2.50438750e-07,1.88906250e-01
2.50478750e-07,1.88892188e-01
2.50518750e-07,1.88907812e-01
2.50558750e-07,1.88890625e-01
2.50598750e-07,1.88912500e-01
2.50638750e-07,1.88884375e-01
2.50678750e-07,1.88920313e-01
2.50718750e-07,1.88870312e-01
2.50758750e-07,1.88954687e-01
2.50798750e-07,1.88692187e-01
2.50838750e-07,1.88445313e-01
2.50878750e-07,1.88531250e-01
2.50918750e-07,1.88478125e-01
2.50958750e-07,1.88517188e-01
2.50998750e-07,1.88485938e-01
2.51038750e-07,1.88510938e-01
2.51078750e-07,1.88490625e-01
2.51118750e-07,1.88509375e-01
2.51158750e-07,1.88492188e-01
2.51198750e-07,1.88507813e-01
2.51238750e-07,1.88493750e-01
2.51278750e-07,1.88506250e-01
2.51318750e-07,1.88493750e-01
2.51358750e-07,1.88506250e-01
2.51398750e-07,1.88493750e-01
2.51438750e-07,1.88504688e-01
2.51478750e-07,1.88495313e-01
2.51518750e-07,1.88504688e-01
2.51558750e-07,1.88495313e-01
2.51598750e-07,1.88504688e-01
2.51638750e-07,1.88495313e-01
2.51678750e-07,1.88504688e-01
2.51718750e-07,1.88495313e-01
2.51758750e-07,1.88504688e-01
2.51798750e-07,1.88495313e-01
2.51838750e-07,1.88504688e-01
2.51878750e-07,1.88495313e-01
2.51918750e-07,1.88504688e-01
2.51958750e-07,1.88495313e-01
2.51998750e-07,1.88504688e-01
2.52038750e-07,1.88495313e-01
2.52078750e-07,1.88504688e-01
2.52118750e-07,1.88493750e-01
2.52158750e-07,1.88506250e-01
2.52198750e-07,1.88493750e-01
2.52238750e-07,1.88507813e-01
2.52278750e-07,1.88492188e-01
2.52318750e-07,1.88509375e-01
2.52358750e-07,1.88489062e-01
2.52398750e-07,1.88514062e-01
2.52438750e-07,1.88481250e-01
2.52478750e-07,1.88528125e-01
2.52518750e-07,1.88446875e-01
2.52558750e-07,1.88706250e-01
2.52598750e-07,1.88956250e-01
2.52638750e-07,1.88867188e-01
2.52678750e-07,1.88923438e-01
2.52718750e-07,1.88881250e-01
2.52758750e-07,1.88917188e-01
2.52798750e-07,1.88884375e-01
2.52838750e-07,1.88915625e-01
2.52878750e-07,1.88884375e-01
2.52918750e-07,1.88915625e-01
2.52958750e-07,1.88882812e-01
2.52998750e-07,1.88920313e-01
2.53038750e-07,1.88875000e-01
2.53078750e-07,1.88934375e-01
2.53118750e-07,1.88842188e-01
2.53158750e-07,1.89110938e-01
2.53198750e-07,1.89351563e-01
2.53238750e-07,1.89271875e-01
2.53278750e-07,1.89318750e-01
2.53318750e-07,1.89285938e-01
2.53358750e-07,1.89310937e-01
2.53398750e-07,1.89290625e-01
2.53438750e-07,1.89307813e-01
2.53478750e-07,1.89293750e-01
2.53518750e-07,1.89306250e-01
2.53558750e-07,1.89295313e-01
2.53598750e-07,1.89304688e-01
2.53638750e-07,1.89295313e-01
2.53678750e-07,1.89303125e-01
2.53718750e-07,1.89296875e-01
2.53758750e-07,1.89303125e-01
2.53798750e-07,1.89296875e-01
2.53838750e-07,1.89303125e-01
2.53878750e-07,1.89296875e-01
2.53918750e-07,1.89303125e-01
2.53958750e-07,1.89296875e-01
2.53998750e-07,1.89303125e-01
2.54038750e-07,1.89296875e-01
2.54078750e-07,1.89301563e-01
2.54118750e-07,1.89298437e-01
2.54158750e-07,1.89301563e-01
2.54198750e-07,1.89298437e-01
2.54238750e-07,1.89301563e-01
2.54278750e-07,1.89298437e-01
2.54318750e-07,1.89301563e-01
2.54358750e-07,1.89298437e-01
2.54398750e-07,1.89301563e-01
2.54438750e-07,1.89298437e-01
2.54478750e-07,1.89301563e-01
2.54518750e-07,1.89298437e-01
2.54558750e-07,1.89301563e-01
2.54598750e-07,1.89298437e-01
2.54638750e-07,1.89301563e-01
2.54678750e-07,1.89298437e-01
2.54718750e-07,1.89301563e-01
2.54758750e-07,1.89298437e-01
2.54798750e-07,1.89301563e-01
2.54838750e-07,1.89298437e-01
2.54878750e-07,1.89301563e-01
2.54918750e-07,1.89298437e-01
2.54958750e-07,1.89301563e-01
2.54998750e-07,1.89298437e-01
2.55038750e-07,1.89301563e-01
2.55078750e-07,1.89298437e-01
2.55118750e-07,1.89301563e-01
2.55158750e-07,1.89298437e-01
2.55198750e-07,1.89301563e-01
2.55238750e-07,1.89298437e-01
2.55278750e-07,1.89301563e-01
2.55318750e-07,1.89298437e-01
2.55358750e-07,1.89301563e-01
2.55398750e-07,1.89298437e-01
2.55438750e-07,1.89301563e-01
2.55478750e-07,1.89298437e-01
2.55518750e-07,1.89301563e-01
2.55558750e-07,1.89298437e-01
2.55598750e-07,1.89301563e-01
2.55638750e-07,1.89298437e-01
2.55678750e-07,1.89301563e-01
2.55718750e-07,1.89298437e-01
2.55758750e-07,1.89301563e-01
2.55798750e-07,1.89298437e-01
2.55838750e-07,1.89301563e-01
2.55878750e-07,1.89298437e-01
2.55918750e-07,1.89301563e-01
2.55958750e-07,1.89298437e-01
2.55998750e-07,1.89301563e-01
2.56038750e-07,1.89298437e-01
2.56078750e-07,1.89301563e-01
2.56118750e-07,1.89298437e-01
2.56158750e-07,1.89301563e-01
2.56198750e-07,1.89298437e-01
2.56238750e-07,1.89301563e-01
2.56278750e-07,1.89298437e-01
2.56318750e-07,1.89301563e-01
2.56358750e-07,1.89298437e-01
2.56398750e-07,1.89300000e-01
2.56438750e-07,1.89300000e-01
2.56478750e-07,1.89301563e-01
2.56518750e-07,1.89300000e-01
2.56558750e-07,1.89300000e-01
2.56598750e-07,1.89300000e-01
2.56638750e-07,1.89300000e-01
2.56678750e-07,1.89300000e-01
2.56718750e-07,1.89300000e-01
2.56758750e-07,1.89300000e-01
2.56798750e-07,1.89300000e-01
2.56838750e-07,1.89300000e-01
2.56878750e-07,1.89300000e-01
2.56918750e-07,1.89300000e-01
2.56958750e-07,1.89300000e-01
2.56998750e-07,1.89300000e-01
2.57038750e-07,1.89300000e-01
2.57078750e-07,1.89300000e-01
2.57118750e-07,1.89300000e-01
2.57158750e-07,1.89300000e-01
2.57198750e-07,1.89300000e-01
2.57238750e-07,1.89300000e-01
2.57278750e-07,1.89300000e-01
2.57318750e-07,1.89300000e-01
2.57358750e-07,1.89300000e-01
2.57398750e-07,1.89300000e-01
2.57438750e-07,1.89300000e-01
2.57478750e-07,1.89300000e-01
2.57518750e-07,1.89300000e-01
2.57558750e-07,1.89300000e-01
2.57598750e-07,1.89300000e-01
2.57638750e-07,1.89300000e-01
2.57678750e-07,1.89300000e-01
2.57718750e-07,1.89300000e-01
2.57758750e-07,1.89300000e-01
2.57798750e-07,1.89300000e-01
2.57838750e-07,1.89300000e-01
2.57878750e-07,1.89300000e-01
2.57918750e-07,1.89300000e-01
2.57958750e-07,1.89300000e-01
2.57998750e-07,1.89300000e-01
2.58038750e-07,1.89300000e-01
2.58078750e-07,1.89300000e-01
2.58118750e-07,1.89300000e-01
2.58158750e-07,1.89300000e-01
2.58198750e-07,1.89300000e-01
2.58238750e-07,1.89300000e-01
2.58278750e-07,1.89300000e-01
2.58318750e-07,1.89300000e-01
2.58358750e-07,1.89300000e-01
2.58398750e-07,1.89300000e-01
2.58438750e-07,1.89300000e-01
2.58478750e-07,1.89300000e-01
2.58518750e-07,1.89300000e-01
2.58558750e-07,1.89300000e-01
2.58598750e-07,1.89300000e-01
2.58638750e-07,1.89300000e-01
2.58678750e-07,1.89300000e-01
2.58718750e-07,1.89300000e-01
2.58758750e-07,1.89300000e-01
2.58798750e-07,1.89300000e-01
2.58838750e-07,1.89300000e-01
2.58878750e-07,1.89300000e-01
2.58918750e-07,1.89300000e-01
2.58958750e-07,1.89300000e-01
2.58998750e-07,1.89300000e-01
2.59038750e-07,1.89300000e-01
2.59078750e-07,1.89300000e-01
2.59118750e-07,1.89300000e-01
2.59158750e-07,1.89298437e-01
2.59198750e-07,1.89301563e-01
2.59238750e-07,1.89298437e-01
2.59278750e-07,1.89301563e-01
2.59318750e-07,1.89298437e-01
2.59358750e-07,1.89301563e-01
2.59398750e-07,1.89298437e-01
2.59438750e-07,1.89301563e-01
2.59478750e-07,1.89298437e-01
2.59518750e-07,1.89301563e-01
2.59558750e-07,1.89298437e-01
2.59598750e-07,1.89303125e-01
2.59638750e-07,1.89296875e-01
2.59678750e-07,1.89303125e-01
2.59718750e-07,1.89295313e-01
2.59758750e-07,1.89304688e-01
2.59798750e-07,1.89293750e-01
2.59838750e-07,1.89307813e-01
2.59878750e-07,1.89289062e-01
2.59918750e-07,1.89315625e-01
2.59958750e-07,1.89275000e-01
2.59998750e-07,1.89350000e-01
2.60038750e-07,1.89096875e-01
2.60078750e-07,1.88840625e-01
2.60118750e-07,1.88935938e-01
2.60158750e-07,1.88871875e-01
2.60198750e-07,1.88923438e-01
2.60238750e-07,1.88879688e-01
2.60278750e-07,1.88920313e-01
2.60318750e-07,1.88881250e-01
2.60358750e-07,1.88918750e-01
2.60398750e-07,1.88879688e-01
2.60438750e-07,1.88921875e-01
2.60478750e-07,1.88876563e-01
2.60518750e-07,1.88929687e-01
2.60558750e-07,1.88860938e-01
2.60598750e-07,1.88962500e-01
2.60638750e-07,1.88684375e-01
2.60678750e-07,1.88454687e-01
2.60718750e-07,1.88521875e-01
2.60758750e-07,1.88487500e-01
2.60798750e-07,1.88507813e-01
2.60838750e-07,1.88495313e-01
2.60878750e-07,1.88501562e-01
2.60918750e-07,1.88500000e-01
2.60958750e-07,1.88498438e-01
2.60998750e-07,1.88503125e-01
2.61038750e-07,1.88495313e-01
2.61078750e-07,1.88504688e-01
2.61118750e-07,1.88493750e-01
2.61158750e-07,1.88507813e-01
2.61198750e-07,1.88489062e-01
2.61238750e-07,1.88512500e-01
2.61278750e-07,1.88482813e-01
2.61318750e-07,1.88521875e-01
2.61358750e-07,1.88467188e-01
2.61398750e-07,1.88557813e-01
2.61438750e-07,1.88287500e-01
2.61478750e-07,1.88051563e-01
2.61518750e-07,1.88123438e-01
2.61558750e-07,1.88087500e-01
2.61598750e-07,1.88106250e-01
2.61638750e-07,1.88100000e-01
2.61678750e-07,1.88092188e-01
2.61718750e-07,1.88118750e-01
2.61758750e-07,1.88054688e-01
2.61798750e-07,1.88298437e-01
2.61838750e-07,1.88562500e-01
2.61878750e-07,1.88460938e-01
2.61918750e-07,1.88528125e-01
2.61958750e-07,1.88476562e-01
2.61998750e-07,1.88520313e-01
2.62038750e-07,1.88482813e-01
2.62078750e-07,1.88515625e-01
2.62118750e-07,1.88485938e-01
2.62158750e-07,1.88512500e-01
2.62198750e-07,1.88487500e-01
2.62238750e-07,1.88510938e-01
2.62278750e-07,1.88489062e-01
2.62318750e-07,1.88510938e-01
2.62358750e-07,1.88490625e-01
2.62398750e-07,1.88509375e-01
2.62438750e-07,1.88490625e-01
2.62478750e-07,1.88509375e-01
2.62518750e-07,1.88492188e-01
2.62558750e-07,1.88507813e-01
2.62598750e-07,1.88492188e-01
2.62638750e-07,1.88507813e-01
2.62678750e-07,1.88492188e-01
2.62718750e-07,1.88506250e-01
2.62758750e-07,1.88493750e-01
2.62798750e-07,1.88506250e-01
2.62838750e-07,1.88493750e-01
2.62878750e-07,1.88506250e-01
2.62918750e-07,1.88495313e-01
2.62958750e-07,1.88504688e-01
2.62998750e-07,1.88495313e-01
2.63038750e-07,1.88504688e-01
2.63078750e-07,1.88496875e-01
2.63118750e-07,1.88503125e-01
2.63158750e-07,1.88498438e-01
2.63198750e-07,1.88500000e-01
2.63238750e-07,1.88501562e-01
2.63278750e-07,1.88495313e-01
2.63318750e-07,1.88509375e-01
2.63358750e-07,1.88481250e-01
2.63398750e-07,1.88542188e-01
2.63438750e-07,1.88304688e-01
2.63478750e-07,1.88032813e-01
2.63518750e-07,1.88145312e-01
2.63558750e-07,1.88064063e-01
2.63598750e-07,1.88132812e-01
2.63638750e-07,1.88068750e-01
2.63678750e-07,1.88131250e-01
2.63718750e-07,1.88067188e-01
2.63758750e-07,1.88137500e-01
2.63798750e-07,1.88053125e-01
2.63838750e-07,1.88170313e-01
2.63878750e-07,1.87876563e-01
2.63918750e-07,1.87660938e-01
2.63958750e-07,1.87714063e-01
2.63998750e-07,1.87695313e-01
2.64038750e-07,1.87700000e-01
2.64078750e-07,1.87704687e-01
2.64118750e-07,1.87692187e-01
2.64158750e-07,1.87710938e-01
2.64198750e-07,1.87684375e-01
2.64238750e-07,1.87720313e-01
2.64278750e-07,1.87668750e-01
2.64318750e-07,1.87756250e-01
2.64358750e-07,1.87490625e-01
2.64398750e-07,1.87246875e-01
2.64438750e-07,1.87328125e-01
2.64478750e-07,1.87281250e-01
2.64518750e-07,1.87314063e-01
2.64558750e-07,1.87289063e-01
2.64598750e-07,1.87309375e-01
2.64638750e-07,1.87292188e-01
2.64678750e-07,1.87306250e-01
2.64718750e-07,1.87293750e-01
2.64758750e-07,1.87306250e-01
2.64798750e-07,1.87295313e-01
2.64838750e-07,1.87304688e-01
2.64878750e-07,1.87295313e-01
2.64918750e-07,1.87306250e-01
2.64958750e-07,1.87293750e-01
2.64998750e-07,1.87307813e-01
2.65038750e-07,1.87290625e-01
2.65078750e-07,1.87310937e-01
2.65118750e-07,1.87284375e-01
2.65158750e-07,1.87325000e-01
2.65198750e-07,1.87250000e-01
2.65238750e-07,1.87501562e-01
2.65278750e-07,1.87760938e-01
2.65318750e-07,1.87662500e-01
2.65358750e-07,1.87728125e-01
2.65398750e-07,1.87675000e-01
2.65438750e-07,1.87721875e-01
2.65478750e-07,1.87679687e-01
2.65518750e-07,1.87720313e-01
2.65558750e-07,1.87679687e-01
2.65598750e-07,1.87721875e-01
2.65638750e-07,1.87676563e-01
2.65678750e-07,1.87726562e-01
2.65718750e-07,1.87668750e-01
2.65758750e-07,1.87740625e-01
2.65798750e-07,1.87634375e-01
2.65838750e-07,1.87918750e-01
2.65878750e-07,1.88142188e-01
2.65918750e-07,1.88081250e-01
2.65958750e-07,1.88107812e-01
2.65998750e-07,1.88098437e-01
2.66038750e-07,1.88096875e-01
2.66078750e-07,1.88107812e-01
2.66118750e-07,1.88085937e-01
2.66158750e-07,1.88125000e-01
2.66198750e-07,1.88050000e-01
2.66238750e-07,1.88303125e-01
2.66278750e-07,1.88559375e-01
2.66318750e-07,1.88464063e-01
2.66358750e-07,1.88526562e-01
2.66398750e-07,1.88478125e-01
2.66438750e-07,1.88520313e-01
2.66478750e-07,1.88479687e-01
2.66518750e-07,1.88520313e-01
2.66558750e-07,1.88475000e-01
2.66598750e-07,1.88532813e-01
2.66638750e-07,1.88443750e-01
2.66678750e-07,1.88709375e-01
2.66718750e-07,1.88953125e-01
2.66758750e-07,1.88868750e-01
2.66798750e-07,1.88921875e-01
2.66838750e-07,1.88882812e-01
2.66878750e-07,1.88915625e-01
2.66918750e-07,1.88885938e-01
2.66958750e-07,1.88912500e-01
2.66998750e-07,1.88887500e-01
2.67038750e-07,1.88912500e-01
2.67078750e-07,1.88887500e-01
2.67118750e-07,1.88912500e-01
2.67158750e-07,1.88887500e-01
2.67198750e-07,1.88914063e-01
2.67238750e-07,1.88885938e-01
2.67278750e-07,1.88915625e-01
2.67318750e-07,1.88882812e-01
2.67358750e-07,1.88920313e-01
2.67398750e-07,1.88876563e-01
2.67438750e-07,1.88928125e-01
2.67478750e-07,1.88862500e-01
2.67518750e-07,1.88964063e-01
2.67558750e-07,1.88682813e-01
2.67598750e-07,1.88454687e-01
2.67638750e-07,1.88520313e-01
2.67678750e-07,1.88490625e-01
2.67718750e-07,1.88504688e-01
2.67758750e-07,1.88500000e-01
2.67798750e-07,1.88496875e-01
2.67838750e-07,1.88507813e-01
2.67878750e-07,1.88489062e-01
2.67918750e-07,1.88517188e-01
2.67958750e-07,1.88471875e-01
2.67998750e-07,1.88553125e-01
2.68038750e-07,1.88292188e-01
2.68078750e-07,1.88045313e-01
2.68118750e-07,1.88129688e-01
2.68158750e-07,1.88079688e-01
2.68198750e-07,1.88114063e-01
2.68238750e-07,1.88089063e-01
2.68278750e-07,1.88109375e-01
2.68318750e-07,1.88093750e-01
2.68358750e-07,1.88104688e-01
2.68398750e-07,1.88095313e-01
2.68438750e-07,1.88103125e-01
2.68478750e-07,1.88098437e-01
2.68518750e-07,1.88100000e-01
2.68558750e-07,1.88100000e-01
2.68598750e-07,1.88098437e-01
2.68638750e-07,1.88103125e-01
2.68678750e-07,1.88096875e-01
2.68718750e-07,1.88104688e-01
2.68758750e-07,1.88093750e-01
2.68798750e-07,1.88107812e-01
2.68838750e-07,1.88089063e-01
2.68878750e-07,1.88114063e-01
2.68918750e-07,1.88079688e-01
2.68958750e-07,1.88129688e-01
2.68998750e-07,1.88045313e-01
2.69038750e-07,1.88309375e-01
2.69078750e-07,1.88553125e-01
2.69118750e-07,1.88471875e-01
2.69158750e-07,1.88518750e-01
2.69198750e-07,1.88487500e-01
2.69238750e-07,1.88509375e-01
2.69278750e-07,1.88493750e-01
2.69318750e-07,1.88503125e-01
2.69358750e-07,1.88500000e-01
2.69398750e-07,1.88498438e-01
2.69438750e-07,1.88506250e-01
2.69478750e-07,1.88487500e-01
2.69518750e-07,1.88521875e-01
2.69558750e-07,1.88453125e-01
2.69598750e-07,1.88701563e-01
2.69638750e-07,1.88960938e-01
2.69678750e-07,1.88864063e-01
2.69718750e-07,1.88926563e-01
2.69758750e-07,1.88878125e-01
2.69798750e-07,1.88918750e-01
2.69838750e-07,1.88884375e-01
2.69878750e-07,1.88914063e-01
2.69918750e-07,1.88887500e-01
2.69958750e-07,1.88912500e-01
2.69998750e-07,1.88889063e-01
2.70038750e-07,1.88910938e-01
2.70078750e-07,1.88890625e-01
2.70118750e-07,1.88909375e-01
2.70158750e-07,1.88890625e-01
2.70198750e-07,1.88907812e-01
2.70238750e-07,1.88892188e-01
2.70278750e-07,1.88907812e-01
2.70318750e-07,1.88892188e-01
2.70358750e-07,1.88907812e-01
2.70398750e-07,1.88893750e-01
2.70438750e-07,1.88906250e-01
2.70478750e-07,1.88893750e-01
2.70518750e-07,1.88906250e-01
2.70558750e-07,1.88893750e-01
2.70598750e-07,1.88906250e-01
2.70638750e-07,1.88893750e-01
2.70678750e-07,1.88904688e-01
2.70718750e-07,1.88895312e-01
2.70758750e-07,1.88904688e-01
2.70798750e-07,1.88895312e-01
2.70838750e-07,1.88904688e-01
2.70878750e-07,1.88895312e-01
2.70918750e-07,1.88904688e-01
2.70958750e-07,1.88895312e-01
2.70998750e-07,1.88904688e-01
2.71038750e-07,1.88895312e-01
2.71078750e-07,1.88903125e-01
2.71118750e-07,1.88896875e-01
2.71158750e-07,1.88903125e-01
2.71198750e-07,1.88896875e-01
2.71238750e-07,1.88903125e-01
2.71278750e-07,1.88896875e-01
2.71318750e-07,1.88903125e-01
2.71358750e-07,1.88896875e-01
2.71398750e-07,1.88903125e-01
2.71438750e-07,1.88896875e-01
2.71478750e-07,1.88901563e-01
2.71518750e-07,1.88898438e-01
2.71558750e-07,1.88901563e-01
2.71598750e-07,1.88898438e-01
2.71638750e-07,1.88901563e-01
2.71678750e-07,1.88898438e-01
2.71718750e-07,1.88900000e-01
2.71758750e-07,1.88900000e-01
2.71798750e-07,1.88900000e-01
2.71838750e-07,1.88901563e-01
2.71878750e-07,1.88898438e-01
2.71918750e-07,1.88903125e-01
2.71958750e-07,1.88895312e-01
2.71998750e-07,1.88906250e-01
2.72038750e-07,1.88890625e-01
2.72078750e-07,1.88915625e-01
2.72118750e-07,1.88875000e-01
2.72158750e-07,1.88950000e-01
2.72198750e-07,1.88696875e-01
2.72238750e-07,1.88440625e-01
2.72278750e-07,1.88535938e-01
2.72318750e-07,1.88473438e-01
2.72358750e-07,1.88521875e-01
2.72398750e-07,1.88481250e-01
2.72438750e-07,1.88517188e-01
2.72478750e-07,1.88484375e-01
2.72518750e-07,1.88514062e-01
2.72558750e-07,1.88485938e-01
2.72598750e-07,1.88512500e-01
2.72638750e-07,1.88487500e-01
2.72678750e-07,1.88512500e-01
2.72718750e-07,1.88487500e-01
2.72758750e-07,1.88512500e-01
2.72798750e-07,1.88487500e-01
2.72838750e-07,1.88512500e-01
2.72878750e-07,1.88487500e-01
2.72918750e-07,1.88512500e-01
2.72958750e-07,1.88487500e-01
2.72998750e-07,1.88514062e-01
2.73038750e-07,1.88485938e-01
2.73078750e-07,1.88515625e-01
2.73118750e-07,1.88482813e-01
2.73158750e-07,1.88518750e-01
2.73198750e-07,1.88478125e-01
2.73238750e-07,1.88526562e-01
2.73278750e-07,1.88464063e-01
2.73318750e-07,1.88560937e-01
2.73358750e-07,1.88285938e-01
2.73398750e-07,1.88051563e-01
2.73438750e-07,1.88123438e-01
2.73478750e-07,1.88085937e-01
2.73518750e-07,1.88109375e-01
2.73558750e-07,1.88093750e-01
2.73598750e-07,1.88104688e-01
2.73638750e-07,1.88096875e-01
2.73678750e-07,1.88101563e-01
2.73718750e-07,1.88098437e-01
2.73758750e-07,1.88100000e-01
2.73798750e-07,1.88100000e-01
2.73838750e-07,1.88100000e-01
2.73878750e-07,1.88101563e-01
2.73918750e-07,1.88098437e-01
2.73958750e-07,1.88101563e-01
2.73998750e-07,1.88096875e-01
2.74038750e-07,1.88103125e-01
2.74078750e-07,1.88096875e-01
2.74118750e-07,1.88103125e-01
2.74158750e-07,1.88095313e-01
2.74198750e-07,1.88104688e-01
2.74238750e-07,1.88095313e-01
2.74278750e-07,1.88106250e-01
2.74318750e-07,1.88093750e-01
2.74358750e-07,1.88107812e-01
2.74398750e-07,1.88090625e-01
2.74438750e-07,1.88110938e-01
2.74478750e-07,1.88085937e-01
2.74518750e-07,1.88118750e-01
2.74558750e-07,1.88070313e-01
2.74598750e-07,1.88153125e-01
2.74638750e-07,1.87893750e-01
2.74678750e-07,1.87643750e-01
2.74718750e-07,1.87732813e-01
2.74758750e-07,1.87676563e-01
2.74798750e-07,1.87718750e-01
2.74838750e-07,1.87684375e-01
2.74878750e-07,1.87714063e-01
2.74918750e-07,1.87687500e-01
2.74958750e-07,1.87712500e-01
2.74998750e-07,1.87687500e-01
2.75038750e-07,1.87712500e-01
2.75078750e-07,1.87685938e-01
2.75118750e-07,1.87715625e-01
2.75158750e-07,1.87681250e-01
2.75198750e-07,1.87723438e-01
2.75238750e-07,1.87667187e-01
2.75278750e-07,1.87756250e-01
2.75318750e-07,1.87490625e-01
2.75358750e-07,1.87246875e-01
2.75398750e-07,1.87329688e-01
2.75438750e-07,1.87279688e-01
2.75478750e-07,1.87315625e-01
2.75518750e-07,1.87287500e-01
2.75558750e-07,1.87310937e-01
2.75598750e-07,1.87290625e-01
2.75638750e-07,1.87307813e-01
2.75678750e-07,1.87292188e-01
2.75718750e-07,1.87306250e-01
2.75758750e-07,1.87293750e-01
2.75798750e-07,1.87304688e-01
2.75838750e-07,1.87295313e-01
2.75878750e-07,1.87304688e-01
2.75918750e-07,1.87295313e-01
2.75958750e-07,1.87303125e-01
2.75998750e-07,1.87296875e-01
2.76038750e-07,1.87303125e-01
2.76078750e-07,1.87298437e-01
2.76118750e-07,1.87301563e-01
2.76158750e-07,1.87300000e-01
2.76198750e-07,1.87298437e-01
2.76238750e-07,1.87304688e-01
2.76278750e-07,1.87290625e-01
2.76318750e-07,1.87318750e-01
2.76358750e-07,1.87257813e-01
2.76398750e-07,1.87493750e-01
2.76438750e-07,1.87768750e-01
2.76478750e-07,1.87653125e-01
2.76518750e-07,1.87739062e-01
2.76558750e-07,1.87664063e-01
2.76598750e-07,1.87737500e-01
2.76638750e-07,1.87659375e-01
2.76678750e-07,1.87750000e-01
2.76718750e-07,1.87625000e-01
2.76758750e-07,1.87928125e-01
2.76798750e-07,1.88132812e-01
2.76838750e-07,1.88093750e-01
2.76878750e-07,1.88093750e-01
2.76918750e-07,1.88120312e-01
2.76958750e-07,1.88051563e-01
2.76998750e-07,1.88301563e-01
2.77038750e-07,1.88560937e-01
2.77078750e-07,1.88462500e-01
2.77118750e-07,1.88529688e-01
2.77158750e-07,1.88471875e-01
2.77198750e-07,1.88534375e-01
2.77238750e-07,1.88445313e-01
2.77278750e-07,1.88704687e-01
2.77318750e-07,1.88959375e-01
2.77358750e-07,1.88860938e-01
2.77398750e-07,1.88934375e-01
2.77438750e-07,1.88864063e-01
2.77478750e-07,1.88943750e-01
2.77518750e-07,1.88832813e-01
2.77558750e-07,1.89120312e-01
2.77598750e-07,1.89342188e-01
2.77638750e-07,1.89281250e-01
2.77678750e-07,1.89307813e-01
2.77718750e-07,1.89298437e-01
2.77758750e-07,1.89296875e-01
2.77798750e-07,1.89307813e-01
2.77838750e-07,1.89285938e-01
2.77878750e-07,1.89325000e-01
2.77918750e-07,1.89250000e-01
2.77958750e-07,1.89504688e-01
2.77998750e-07,1.89757813e-01
2.78038750e-07,1.89667188e-01
2.78078750e-07,1.89723438e-01
2.78118750e-07,1.89682813e-01
2.78158750e-07,1.89714063e-01
2.78198750e-07,1.89687500e-01
2.78238750e-07,1.89710938e-01
2.78278750e-07,1.89690625e-01
2.78318750e-07,1.89707813e-01
2.78358750e-07,1.89693750e-01
2.78398750e-07,1.89706250e-01
2.78438750e-07,1.89695313e-01
2.78478750e-07,1.89704687e-01
2.78518750e-07,1.89696875e-01
2.78558750e-07,1.89703125e-01
2.78598750e-07,1.89696875e-01
2.78638750e-07,1.89701563e-01
2.78678750e-07,1.89698438e-01
2.78718750e-07,1.89700000e-01
2.78758750e-07,1.89700000e-01
2.78798750e-07,1.89698438e-01
2.78838750e-07,1.89703125e-01
2.78878750e-07,1.89695313e-01
2.78918750e-07,1.89706250e-01
2.78958750e-07,1.89690625e-01
2.78998750e-07,1.89714063e-01
2.79038750e-07,1.89675000e-01
2.79078750e-07,1.89750000e-01
2.79118750e-07,1.89496875e-01
2.79158750e-07,1.89240625e-01
2.79198750e-07,1.89335937e-01
2.79238750e-07,1.89273438e-01
2.79278750e-07,1.89321875e-01
2.79318750e-07,1.89281250e-01
2.79358750e-07,1.89317188e-01
2.79398750e-07,1.89284375e-01
2.79438750e-07,1.89315625e-01
2.79478750e-07,1.89284375e-01
2.79518750e-07,1.89315625e-01
2.79558750e-07,1.89284375e-01
2.79598750e-07,1.89315625e-01
2.79638750e-07,1.89282813e-01
2.79678750e-07,1.89318750e-01
2.79718750e-07,1.89279688e-01
2.79758750e-07,1.89325000e-01
2.79798750e-07,1.89265625e-01
2.79838750e-07,1.89359375e-01
2.79878750e-07,1.89087500e-01
2.79918750e-07,1.88850000e-01
2.79958750e-07,1.88926563e-01
2.79998750e-07,1.88882812e-01
2.80038750e-07,1.88912500e-01
2.80078750e-07,1.88889063e-01
2.80118750e-07,1.88909375e-01
2.80158750e-07,1.88892188e-01
2.80198750e-07,1.88907812e-01
2.80238750e-07,1.88893750e-01
2.80278750e-07,1.88906250e-01
2.80318750e-07,1.88893750e-01
2.80358750e-07,1.88907812e-01
2.80398750e-07,1.88892188e-01
2.80438750e-07,1.88909375e-01
2.80478750e-07,1.88889063e-01
2.80518750e-07,1.88914063e-01
2.80558750e-07,1.88881250e-01
2.80598750e-07,1.88928125e-01
2.80638750e-07,1.88846875e-01
2.80678750e-07,1.89104688e-01
2.80718750e-07,1.89356250e-01
2.80758750e-07,1.89267188e-01
2.80798750e-07,1.89325000e-01
2.80838750e-07,1.89281250e-01
2.80878750e-07,1.89317188e-01
2.80918750e-07,1.89284375e-01
2.80958750e-07,1.89314063e-01
2.80998750e-07,1.89287500e-01
2.81038750e-07,1.89312500e-01
2.81078750e-07,1.89287500e-01
2.81118750e-07,1.89312500e-01
2.81158750e-07,1.89287500e-01
2.81198750e-07,1.89312500e-01
2.81238750e-07,1.89287500e-01
2.81278750e-07,1.89314063e-01
2.81318750e-07,1.89285938e-01
2.81358750e-07,1.89315625e-01
2.81398750e-07,1.89282813e-01
2.81438750e-07,1.89320313e-01
2.81478750e-07,1.89275000e-01
2.81518750e-07,1.89334375e-01
2.81558750e-07,1.89240625e-01
2.81598750e-07,1.89512500e-01
2.81638750e-07,1.89748438e-01
2.81678750e-07,1.89675000e-01
2.81718750e-07,1.89715625e-01
2.81758750e-07,1.89689063e-01
2.81798750e-07,1.89707813e-01
2.81838750e-07,1.89693750e-01
2.81878750e-07,1.89704687e-01
2.81918750e-07,1.89696875e-01
2.81958750e-07,1.89701563e-01
2.81998750e-07,1.89700000e-01
2.82038750e-07,1.89700000e-01
2.82078750e-07,1.89701563e-01
2.82118750e-07,1.89698438e-01
2.82158750e-07,1.89703125e-01
2.82198750e-07,1.89696875e-01
2.82238750e-07,1.89704687e-01
2.82278750e-07,1.89693750e-01
2.82318750e-07,1.89709375e-01
2.82358750e-07,1.89687500e-01
2.82398750e-07,1.89717187e-01
2.82438750e-07,1.89673438e-01
2.82478750e-07,1.89751562e-01
2.82518750e-07,1.89495313e-01
2.82558750e-07,1.89242188e-01
2.82598750e-07,1.89332813e-01
2.82638750e-07,1.89276562e-01
2.82678750e-07,1.89318750e-01
2.82718750e-07,1.89284375e-01
2.82758750e-07,1.89314063e-01
2.82798750e-07,1.89287500e-01
2.82838750e-07,1.89312500e-01
2.82878750e-07,1.89289062e-01
2.82918750e-07,1.89310937e-01
2.82958750e-07,1.89289062e-01
2.82998750e-07,1.89309375e-01
2.83038750e-07,1.89290625e-01
2.83078750e-07,1.89309375e-01
2.83118750e-07,1.89290625e-01
2.83158750e-07,1.89309375e-01
2.83198750e-07,1.89290625e-01
2.83238750e-07,1.89309375e-01
2.83278750e-07,1.89289062e-01
2.83318750e-07,1.89310937e-01
2.83358750e-07,1.89289062e-01
2.83398750e-07,1.89312500e-01
2.83438750e-07,1.89285938e-01
2.83478750e-07,1.89315625e-01
2.83518750e-07,1.89282813e-01
2.83558750e-07,1.89320313e-01
2.83598750e-07,1.89275000e-01
2.83638750e-07,1.89335937e-01
2.83678750e-07,1.89239062e-01
2.83718750e-07,1.89514062e-01
2.83758750e-07,1.89748438e-01
2.83798750e-07,1.89676563e-01
2.83838750e-07,1.89712500e-01
2.83878750e-07,1.89693750e-01
2.83918750e-07,1.89701563e-01
2.83958750e-07,1.89703125e-01
2.83998750e-07,1.89690625e-01
2.84038750e-07,1.89718750e-01
2.84078750e-07,1.89656250e-01
2.84118750e-07,1.89896875e-01
2.84158750e-07,1.90165625e-01
2.84198750e-07,1.90057813e-01
2.84238750e-07,1.90134375e-01
2.84278750e-07,1.90068750e-01
2.84318750e-07,1.90129688e-01
2.84358750e-07,1.90067188e-01
2.84398750e-07,1.90140625e-01
2.84438750e-07,1.90035938e-01
2.84478750e-07,1.90317188e-01
2.84518750e-07,1.90546875e-01
2.84558750e-07,1.90476563e-01
2.84598750e-07,1.90514062e-01
2.84638750e-07,1.90489063e-01
2.84678750e-07,1.90507813e-01
2.84718750e-07,1.90493750e-01
2.84758750e-07,1.90504688e-01
2.84798750e-07,1.90495313e-01
2.84838750e-07,1.90504688e-01
2.84878750e-07,1.90496875e-01
2.84918750e-07,1.90503125e-01
2.84958750e-07,1.90496875e-01
2.84998750e-07,1.90503125e-01
2.85038750e-07,1.90496875e-01
2.85078750e-07,1.90503125e-01
2.85118750e-07,1.90496875e-01
2.85158750e-07,1.90503125e-01
2.85198750e-07,1.90496875e-01
2.85238750e-07,1.90503125e-01
2.85278750e-07,1.90496875e-01
2.85318750e-07,1.90504688e-01
2.85358750e-07,1.90495313e-01
2.85398750e-07,1.90504688e-01
2.85438750e-07,1.90495313e-01
2.85478750e-07,1.90506250e-01
2.85518750e-07,1.90493750e-01
2.85558750e-07,1.90507813e-01
2.85598750e-07,1.90492188e-01
2.85638750e-07,1.90509375e-01
2.85678750e-07,1.90489063e-01
2.85718750e-07,1.90512500e-01
2.85758750e-07,1.90482813e-01
2.85798750e-07,1.90521875e-01
2.85838750e-07,1.90468750e-01
2.85878750e-07,1.90556250e-01
2.85918750e-07,1.90290625e-01
2.85958750e-07,1.90048438e-01
2.85998750e-07,1.90128125e-01
2.86038750e-07,1.90082813e-01
2.86078750e-07,1.90112500e-01
2.86118750e-07,1.90090625e-01
2.86158750e-07,1.90106250e-01
2.86198750e-07,1.90096875e-01
2.86238750e-07,1.90101563e-01
2.86278750e-07,1.90101563e-01
2.86318750e-07,1.90093750e-01
2.86358750e-07,1.90110938e-01
2.86398750e-07,1.90078125e-01
2.86438750e-07,1.90146875e-01
2.86478750e-07,1.89900000e-01
2.86518750e-07,1.89637500e-01
2.86558750e-07,1.89737500e-01
2.86598750e-07,1.89671875e-01
2.86638750e-07,1.89723438e-01
2.86678750e-07,1.89679687e-01
2.86718750e-07,1.89717187e-01
2.86758750e-07,1.89684375e-01
2.86798750e-07,1.89715625e-01
2.86838750e-07,1.89685938e-01
2.86878750e-07,1.89714063e-01
2.86918750e-07,1.89687500e-01
2.86958750e-07,1.89712500e-01
2.86998750e-07,1.89687500e-01
2.87038750e-07,1.89710938e-01
2.87078750e-07,1.89689063e-01
2.87118750e-07,1.89710938e-01
2.87158750e-07,1.89689063e-01
2.87198750e-07,1.89710938e-01
2.87238750e-07,1.89689063e-01
2.87278750e-07,1.89710938e-01
2.87318750e-07,1.89689063e-01
2.87358750e-07,1.89710938e-01
2.87398750e-07,1.89689063e-01
2.87438750e-07,1.89710938e-01
2.87478750e-07,1.89689063e-01
2.87518750e-07,1.89710938e-01
2.87558750e-07,1.89689063e-01
2.87598750e-07,1.89710938e-01
2.87638750e-07,1.89689063e-01
2.87678750e-07,1.89710938e-01
2.87718750e-07,1.89687500e-01
2.87758750e-07,1.89712500e-01
2.87798750e-07,1.89687500e-01
2.87838750e-07,1.89714063e-01
2.87878750e-07,1.89685938e-01
2.87918750e-07,1.89715625e-01
2.87958750e-07,1.89684375e-01
2.87998750e-07,1.89717187e-01
2.88038750e-07,1.89679687e-01
2.88078750e-07,1.89723438e-01
2.88118750e-07,1.89671875e-01
2.88158750e-07,1.89737500e-01
2.88198750e-07,1.89637500e-01
2.88238750e-07,1.89915625e-01
2.88278750e-07,1.90145312e-01
2.88318750e-07,1.90078125e-01
2.88358750e-07,1.90112500e-01
2.88398750e-07,1.90093750e-01
2.88438750e-07,1.90103125e-01
2.88478750e-07,1.90098437e-01
2.88518750e-07,1.90098437e-01
2.88558750e-07,1.90103125e-01
2.88598750e-07,1.90095313e-01
2.88638750e-07,1.90106250e-01
2.88678750e-07,1.90092188e-01
2.88718750e-07,1.90110938e-01
2.88758750e-07,1.90085937e-01
2.88798750e-07,1.90118750e-01
2.88838750e-07,1.90070313e-01
2.88878750e-07,1.90154688e-01
2.88918750e-07,1.89892188e-01
2.88958750e-07,1.89645312e-01
2.88998750e-07,1.89731250e-01
2.89038750e-07,1.89679687e-01
2.89078750e-07,1.89715625e-01
2.89118750e-07,1.89687500e-01
2.89158750e-07,1.89710938e-01
2.89198750e-07,1.89690625e-01
2.89238750e-07,1.89709375e-01
2.89278750e-07,1.89692187e-01
2.89318750e-07,1.89707813e-01
2.89358750e-07,1.89692187e-01
2.89398750e-07,1.89707813e-01
2.89438750e-07,1.89692187e-01
2.89478750e-07,1.89707813e-01
2.89518750e-07,1.89692187e-01
2.89558750e-07,1.89709375e-01
2.89598750e-07,1.89689063e-01
2.89638750e-07,1.89714063e-01
2.89678750e-07,1.89681250e-01
2.89718750e-07,1.89728125e-01
2.89758750e-07,1.89648438e-01
2.89798750e-07,1.89904688e-01
2.89838750e-07,1.90157812e-01
2.89878750e-07,1.90065625e-01
2.89918750e-07,1.90126563e-01
2.89958750e-07,1.90078125e-01
2.89998750e-07,1.90118750e-01
2.90038750e-07,1.90082813e-01
2.90078750e-07,1.90117188e-01
2.90118750e-07,1.90082813e-01
2.90158750e-07,1.90117188e-01
2.90198750e-07,1.90082813e-01
2.90238750e-07,1.90118750e-01
2.90278750e-07,1.90079688e-01
2.90318750e-07,1.90123438e-01
2.90358750e-07,1.90071875e-01
2.90398750e-07,1.90137500e-01
2.90438750e-07,1.90037500e-01
2.90478750e-07,1.90315625e-01
2.90518750e-07,1.90546875e-01
2.90558750e-07,1.90476563e-01
2.90598750e-07,1.90514062e-01
2.90638750e-07,1.90490625e-01
2.90678750e-07,1.90506250e-01
2.90718750e-07,1.90496875e-01
2.90758750e-07,1.90501562e-01
2.90798750e-07,1.90498438e-01
2.90838750e-07,1.90500000e-01
2.90878750e-07,1.90501562e-01
2.90918750e-07,1.90498438e-01
2.90958750e-07,1.90503125e-01
2.90998750e-07,1.90496875e-01
2.91038750e-07,1.90503125e-01
2.91078750e-07,1.90495313e-01
2.91118750e-07,1.90504688e-01
2.91158750e-07,1.90495313e-01
2.91198750e-07,1.90506250e-01
2.91238750e-07,1.90493750e-01
2.91278750e-07,1.90506250e-01
2.91318750e-07,1.90492188e-01
2.91358750e-07,1.90507813e-01
2.91398750e-07,1.90490625e-01
2.91438750e-07,1.90509375e-01
2.91478750e-07,1.90489063e-01
2.91518750e-07,1.90510938e-01
2.91558750e-07,1.90487500e-01
2.91598750e-07,1.90514062e-01
2.91638750e-07,1.90484375e-01
2.91678750e-07,1.90518750e-01
2.91718750e-07,1.90478125e-01
2.91758750e-07,1.90528125e-01
2.91798750e-07,1.90460938e-01
2.91838750e-07,1.90564063e-01
2.91878750e-07,1.90281250e-01
2.91918750e-07,1.90056250e-01
2.91958750e-07,1.90118750e-01
2.91998750e-07,1.90092188e-01
2.92038750e-07,1.90100000e-01
2.92078750e-07,1.90104688e-01
2.92118750e-07,1.90089063e-01
2.92158750e-07,1.90118750e-01
2.92198750e-07,1.90070313e-01
2.92238750e-07,1.90156250e-01
2.92278750e-07,1.89889063e-01
2.92318750e-07,1.89650000e-01
2.92358750e-07,1.89723438e-01
2.92398750e-07,1.89689063e-01
2.92438750e-07,1.89703125e-01
2.92478750e-07,1.89706250e-01
2.92518750e-07,1.89681250e-01
2.92558750e-07,1.89746875e-01
2.92598750e-07,1.89498438e-01
2.92638750e-07,1.89240625e-01
2.92678750e-07,1.89332813e-01
2.92718750e-07,1.89279688e-01
2.92758750e-07,1.89312500e-01
2.92798750e-07,1.89295313e-01
2.92838750e-07,1.89292188e-01
2.92878750e-07,1.89334375e-01
2.92918750e-07,1.89110938e-01
2.92958750e-07,1.88826563e-01
2.92998750e-07,1.88948438e-01
2.93038750e-07,1.88860938e-01
2.93078750e-07,1.88934375e-01
2.93118750e-07,1.88867188e-01
2.93158750e-07,1.88932813e-01
2.93198750e-07,1.88867188e-01
2.93238750e-07,1.88937500e-01
2.93278750e-07,1.88854688e-01
2.93318750e-07,1.88968750e-01
2.93358750e-07,1.88679687e-01
2.93398750e-07,1.88457813e-01
2.93438750e-07,1.88518750e-01
2.93478750e-07,1.88489062e-01
2.93518750e-07,1.88506250e-01
2.93558750e-07,1.88496875e-01
2.93598750e-07,1.88501562e-01
2.93638750e-07,1.88498438e-01
2.93678750e-07,1.88500000e-01
2.93718750e-07,1.88500000e-01
2.93758750e-07,1.88500000e-01
2.93798750e-07,1.88500000e-01
2.93838750e-07,1.88500000e-01
2.93878750e-07,1.88500000e-01
2.93918750e-07,1.88500000e-01
2.93958750e-07,1.88500000e-01
2.93998750e-07,1.88501562e-01
2.94038750e-07,1.88498438e-01
2.94078750e-07,1.88503125e-01
2.94118750e-07,1.88496875e-01
2.94158750e-07,1.88504688e-01
2.94198750e-07,1.88493750e-01
2.94238750e-07,1.88509375e-01
2.94278750e-07,1.88484375e-01
2.94318750e-07,1.88525000e-01
2.94358750e-07,1.88451563e-01
2.94398750e-07,1.88701563e-01
2.94438750e-07,1.88960938e-01
2.94478750e-07,1.88864063e-01
2.94518750e-07,1.88928125e-01
2.94558750e-07,1.88876563e-01
2.94598750e-07,1.88920313e-01
2.94638750e-07,1.88881250e-01
2.94678750e-07,1.88918750e-01
2.94718750e-07,1.88882812e-01
2.94758750e-07,1.88918750e-01
2.94798750e-07,1.88879688e-01
2.94838750e-07,1.88921875e-01
2.94878750e-07,1.88873438e-01
2.94918750e-07,1.88935938e-01
2.94958750e-07,1.88840625e-01
2.94998750e-07,1.89112500e-01
2.95038750e-07,1.89351563e-01
2.95078750e-07,1.89271875e-01
2.95118750e-07,1.89318750e-01
2.95158750e-07,1.89284375e-01
2.95198750e-07,1.89314063e-01
2.95238750e-07,1.89287500e-01
2.95278750e-07,1.89312500e-01
2.95318750e-07,1.89285938e-01
2.95358750e-07,1.89315625e-01
2.95398750e-07,1.89279688e-01
2.95438750e-07,1.89329688e-01
2.95478750e-07,1.89245313e-01
2.95518750e-07,1.89507813e-01
2.95558750e-07,1.89754688e-01
2.95598750e-07,1.89668750e-01
2.95638750e-07,1.89721875e-01
2.95678750e-07,1.89682813e-01
2.95718750e-07,1.89714063e-01
2.95758750e-07,1.89687500e-01
2.95798750e-07,1.89710938e-01
2.95838750e-07,1.89689063e-01
2.95878750e-07,1.89709375e-01
2.95918750e-07,1.89690625e-01
2.95958750e-07,1.89709375e-01
2.95998750e-07,1.89692187e-01
2.96038750e-07,1.89707813e-01
2.96078750e-07,1.89692187e-01
2.96118750e-07,1.89707813e-01
2.96158750e-07,1.89692187e-01
2.96198750e-07,1.89706250e-01
2.96238750e-07,1.89693750e-01
2.96278750e-07,1.89706250e-01
2.96318750e-07,1.89693750e-01
2.96358750e-07,1.89706250e-01
2.96398750e-07,1.89693750e-01
2.96438750e-07,1.89706250e-01
2.96478750e-07,1.89693750e-01
2.96518750e-07,1.89706250e-01
2.96558750e-07,1.89693750e-01
2.96598750e-07,1.89706250e-01
2.96638750e-07,1.89693750e-01
2.96678750e-07,1.89706250e-01
2.96718750e-07,1.89693750e-01
2.96758750e-07,1.89706250e-01
2.96798750e-07,1.89693750e-01
2.96838750e-07,1.89706250e-01
2.96878750e-07,1.89693750e-01
2.96918750e-07,1.89706250e-01
2.96958750e-07,1.89693750e-01
2.96998750e-07,1.89706250e-01
2.97038750e-07,1.89692187e-01
2.97078750e-07,1.89707813e-01
2.97118750e-07,1.89692187e-01
2.97158750e-07,1.89707813e-01
2.97198750e-07,1.89692187e-01
2.97238750e-07,1.89709375e-01
2.97278750e-07,1.89690625e-01
2.97318750e-07,1.89710938e-01
2.97358750e-07,1.89687500e-01
2.97398750e-07,1.89714063e-01
2.97438750e-07,1.89682813e-01
2.97478750e-07,1.89721875e-01
2.97518750e-07,1.89668750e-01
2.97558750e-07,1.89756250e-01
2.97598750e-07,1.89490625e-01
2.97638750e-07,1.89246875e-01
2.97678750e-07,1.89329688e-01
2.97718750e-07,1.89278125e-01
2.97758750e-07,1.89317188e-01
2.97798750e-07,1.89285938e-01
2.97838750e-07,1.89312500e-01
2.97878750e-07,1.89287500e-01
2.97918750e-07,1.89312500e-01
2.97958750e-07,1.89287500e-01
2.97998750e-07,1.89314063e-01
2.98038750e-07,1.89282813e-01
2.98078750e-07,1.89321875e-01
2.98118750e-07,1.89268750e-01
2.98158750e-07,1.89354688e-01
2.98198750e-07,1.89092188e-01
2.98238750e-07,1.88845313e-01
2.98278750e-07,1.88931250e-01
2.98318750e-07,1.88878125e-01
2.98358750e-07,1.88917188e-01
2.98398750e-07,1.88885938e-01
2.98438750e-07,1.88912500e-01
2.98478750e-07,1.88889063e-01
2.98518750e-07,1.88910938e-01
2.98558750e-07,1.88890625e-01
2.98598750e-07,1.88909375e-01
2.98638750e-07,1.88892188e-01
2.98678750e-07,1.88907812e-01
2.98718750e-07,1.88892188e-01
2.98758750e-07,1.88907812e-01
2.98798750e-07,1.88892188e-01
2.98838750e-07,1.88907812e-01
2.98878750e-07,1.88892188e-01
2.98918750e-07,1.88907812e-01
2.98958750e-07,1.88892188e-01
2.98998750e-07,1.88907812e-01
2.99038750e-07,1.88892188e-01
2.99078750e-07,1.88907812e-01
2.99118750e-07,1.88892188e-01
2.99158750e-07,1.88907812e-01
2.99198750e-07,1.88890625e-01
2.99238750e-07,1.88909375e-01
2.99278750e-07,1.88890625e-01
2.99318750e-07,1.88910938e-01
2.99358750e-07,1.88889063e-01
2.99398750e-07,1.88912500e-01
2.99438750e-07,1.88885938e-01
2.99478750e-07,1.88917188e-01
2.99518750e-07,1.88878125e-01
2.99558750e-07,1.88931250e-01
2.99598750e-07,1.88843750e-01
2.99638750e-07,1.89109375e-01
2.99678750e-07,1.89353125e-01
2.99718750e-07,1.89268750e-01
2.99758750e-07,1.89321875e-01
2.99798750e-07,1.89281250e-01
2.99838750e-07,1.89317188e-01
2.99878750e-07,1.89284375e-01
2.99918750e-07,1.89317188e-01
2.99958750e-07,1.89278125e-01
2.99998750e-07,1.89329688e-01
3.00038750e-07,1.89245313e-01
3.00078750e-07,1.89506250e-01
3.00118750e-07,1.89756250e-01
3.00158750e-07,1.89667188e-01
3.00198750e-07,1.89723438e-01
3.00238750e-07,1.89679687e-01
3.00278750e-07,1.89717187e-01
3.00318750e-07,1.89684375e-01
3.00358750e-07,1.89714063e-01
3.00398750e-07,1.89685938e-01
3.00438750e-07,1.89714063e-01
3.00478750e-07,1.89685938e-01
3.00518750e-07,1.89714063e-01
3.00558750e-07,1.89685938e-01
3.00598750e-07,1.89715625e-01
3.00638750e-07,1.89684375e-01
3.00678750e-07,1.89717187e-01
3.00718750e-07,1.89681250e-01
3.00758750e-07,1.89720313e-01
3.00798750e-07,1.89676563e-01
3.00838750e-07,1.89729688e-01
3.00878750e-07,1.89660938e-01
3.00918750e-07,1.89764062e-01
3.00958750e-07,1.89482813e-01
3.00998750e-07,1.89256250e-01
3.01038750e-07,1.89320313e-01
3.01078750e-07,1.89290625e-01
3.01118750e-07,1.89304688e-01
3.01158750e-07,1.89300000e-01
3.01198750e-07,1.89296875e-01
3.01238750e-07,1.89306250e-01
3.01278750e-07,1.89289062e-01
3.01318750e-07,1.89317188e-01
3.01358750e-07,1.89271875e-01
3.01398750e-07,1.89353125e-01
3.01438750e-07,1.89093750e-01
3.01478750e-07,1.88845313e-01
3.01518750e-07,1.88931250e-01
3.01558750e-07,1.88878125e-01
3.01598750e-07,1.88915625e-01
3.01638750e-07,1.88887500e-01
3.01678750e-07,1.88910938e-01
3.01718750e-07,1.88890625e-01
3.01758750e-07,1.88907812e-01
3.01798750e-07,1.88893750e-01
3.01838750e-07,1.88906250e-01
3.01878750e-07,1.88895312e-01
3.01918750e-07,1.88904688e-01
3.01958750e-07,1.88895312e-01
3.01998750e-07,1.88903125e-01
3.02038750e-07,1.88896875e-01
3.02078750e-07,1.88903125e-01
3.02118750e-07,1.88898438e-01
3.02158750e-07,1.88901563e-01
3.02198750e-07,1.88898438e-01
3.02238750e-07,1.88901563e-01
3.02278750e-07,1.88898438e-01
3.02318750e-07,1.88901563e-01
3.02358750e-07,1.88900000e-01
3.02398750e-07,1.88900000e-01
3.02438750e-07,1.88900000e-01
3.02478750e-07,1.88900000e-01
3.02518750e-07,1.88900000e-01
3.02558750e-07,1.88900000e-01
3.02598750e-07,1.88900000e-01
3.02638750e-07,1.88898438e-01
3.02678750e-07,1.88901563e-01
3.02718750e-07,1.88898438e-01
3.02758750e-07,1.88901563e-01
3.02798750e-07,1.88898438e-01
3.02838750e-07,1.88901563e-01
3.02878750e-07,1.88896875e-01
3.02918750e-07,1.88903125e-01
3.02958750e-07,1.88896875e-01
3.02998750e-07,1.88903125e-01
3.03038750e-07,1.88896875e-01
3.03078750e-07,1.88904688e-01
3.03118750e-07,1.88895312e-01
3.03158750e-07,1.88904688e-01
3.03198750e-07,1.88893750e-01
3.03238750e-07,1.88906250e-01
3.03278750e-07,1.88892188e-01
3.03318750e-07,1.88909375e-01
3.03358750e-07,1.88889063e-01
3.03398750e-07,1.88912500e-01
3.03438750e-07,1.88884375e-01
3.03478750e-07,1.88921875e-01
3.03518750e-07,1.88868750e-01
3.03558750e-07,1.88956250e-01
3.03598750e-07,1.88690625e-01
3.03638750e-07,1.88446875e-01
3.03678750e-07,1.88528125e-01
3.03718750e-07,1.88481250e-01
3.03758750e-07,1.88514062e-01
3.03798750e-07,1.88489062e-01
3.03838750e-07,1.88507813e-01
3.03878750e-07,1.88493750e-01
3.03918750e-07,1.88503125e-01
3.03958750e-07,1.88498438e-01
3.03998750e-07,1.88500000e-01
3.04038750e-07,1.88501562e-01
3.04078750e-07,1.88493750e-01
3.04118750e-07,1.88510938e-01
3.04158750e-07,1.88479687e-01
3.04198750e-07,1.88545313e-01
3.04238750e-07,1.88303125e-01
3.04278750e-07,1.88034375e-01
3.04318750e-07,1.88143750e-01
3.04358750e-07,1.88064063e-01
3.04398750e-07,1.88132812e-01
3.04438750e-07,1.88065625e-01
3.04478750e-07,1.88142188e-01
3.04518750e-07,1.88034375e-01
3.04558750e-07,1.88317188e-01
3.04598750e-07,1.88546875e-01
3.04638750e-07,1.88476562e-01
3.04678750e-07,1.88515625e-01
3.04718750e-07,1.88489062e-01
3.04758750e-07,1.88509375e-01
3.04798750e-07,1.88490625e-01
3.04838750e-07,1.88509375e-01
3.04878750e-07,1.88489062e-01
3.04918750e-07,1.88512500e-01
3.04958750e-07,1.88482813e-01
3.04998750e-07,1.88525000e-01
3.05038750e-07,1.88450000e-01
3.05078750e-07,1.88701563e-01
3.05118750e-07,1.88962500e-01
3.05158750e-07,1.88859375e-01
3.05198750e-07,1.88934375e-01
3.05238750e-07,1.88865625e-01
3.05278750e-07,1.88940625e-01
3.05318750e-07,1.88837500e-01
3.05358750e-07,1.89112500e-01
3.05398750e-07,1.89351563e-01
3.05438750e-07,1.89270313e-01
3.05478750e-07,1.89325000e-01
3.05518750e-07,1.89275000e-01
3.05558750e-07,1.89331250e-01
3.05598750e-07,1.89245313e-01
3.05638750e-07,1.89504688e-01
3.05678750e-07,1.89759375e-01
3.05718750e-07,1.89664063e-01
3.05758750e-07,1.89729688e-01
3.05798750e-07,1.89673438e-01
3.05838750e-07,1.89726563e-01
3.05878750e-07,1.89670312e-01
3.05918750e-07,1.89739062e-01
3.05958750e-07,1.89637500e-01
3.05998750e-07,1.89915625e-01
3.06038750e-07,1.90148438e-01
3.06078750e-07,1.90075000e-01
3.06118750e-07,1.90115625e-01
3.06158750e-07,1.90089063e-01
3.06198750e-07,1.90107813e-01
3.06238750e-07,1.90093750e-01
3.06278750e-07,1.90104688e-01
3.06318750e-07,1.90096875e-01
3.06358750e-07,1.90103125e-01
3.06398750e-07,1.90098437e-01
3.06438750e-07,1.90101563e-01
3.06478750e-07,1.90100000e-01
3.06518750e-07,1.90100000e-01
3.06558750e-07,1.90101563e-01
3.06598750e-07,1.90098437e-01
3.06638750e-07,1.90103125e-01
3.06678750e-07,1.90095313e-01
3.06718750e-07,1.90106250e-01
3.06758750e-07,1.90090625e-01
3.06798750e-07,1.90114063e-01
3.06838750e-07,1.90076563e-01
3.06878750e-07,1.90148438e-01
3.06918750e-07,1.89898438e-01
3.06958750e-07,1.89639063e-01
3.06998750e-07,1.89739062e-01
3.07038750e-07,1.89670312e-01
3.07078750e-07,1.89725000e-01
3.07118750e-07,1.89676563e-01
3.07158750e-07,1.89721875e-01
3.07198750e-07,1.89678125e-01
3.07238750e-07,1.89723438e-01
3.07278750e-07,1.89673438e-01
3.07318750e-07,1.89729688e-01
3.07358750e-07,1.89660938e-01
3.07398750e-07,1.89764062e-01
3.07438750e-07,1.89482813e-01
3.07478750e-07,1.89254688e-01
3.07518750e-07,1.89321875e-01
3.07558750e-07,1.89287500e-01
3.07598750e-07,1.89306250e-01
3.07638750e-07,1.89296875e-01
3.07678750e-07,1.89301563e-01
3.07718750e-07,1.89300000e-01
3.07758750e-07,1.89298437e-01
3.07798750e-07,1.89303125e-01
3.07838750e-07,1.89295313e-01
3.07878750e-07,1.89306250e-01
3.07918750e-07,1.89292188e-01
3.07958750e-07,1.89309375e-01
3.07998750e-07,1.89289062e-01
3.08038750e-07,1.89314063e-01
3.08078750e-07,1.89282813e-01
3.08118750e-07,1.89323437e-01
3.08158750e-07,1.89265625e-01
3.08198750e-07,1.89359375e-01
3.08238750e-07,1.89085937e-01
3.08278750e-07,1.88853125e-01
3.08318750e-07,1.88920313e-01
3.08358750e-07,1.88892188e-01
3.08398750e-07,1.88898438e-01
3.08438750e-07,1.88914063e-01
3.08478750e-07,1.88859375e-01
3.08518750e-07,1.89095313e-01
3.08558750e-07,1.89365625e-01
3.08598750e-07,1.89259375e-01
3.08638750e-07,1.89331250e-01
3.08678750e-07,1.89275000e-01
3.08718750e-07,1.89321875e-01
3.08758750e-07,1.89281250e-01
3.08798750e-07,1.89317188e-01
3.08838750e-07,1.89282813e-01
3.08878750e-07,1.89315625e-01
3.08918750e-07,1.89284375e-01
3.08958750e-07,1.89314063e-01
3.08998750e-07,1.89285938e-01
3.09038750e-07,1.89314063e-01
3.09078750e-07,1.89285938e-01
3.09118750e-07,1.89314063e-01
3.09158750e-07,1.89285938e-01
3.09198750e-07,1.89314063e-01
3.09238750e-07,1.89284375e-01
3.09278750e-07,1.89317188e-01
3.09318750e-07,1.89281250e-01
3.09358750e-07,1.89321875e-01
3.09398750e-07,1.89273438e-01
3.09438750e-07,1.89335937e-01
3.09478750e-07,1.89239062e-01
3.09518750e-07,1.89512500e-01
3.09558750e-07,1.89750000e-01
3.09598750e-07,1.89673438e-01
3.09638750e-07,1.89717187e-01
3.09678750e-07,1.89687500e-01
3.09718750e-07,1.89709375e-01
3.09758750e-07,1.89692187e-01
3.09798750e-07,1.89706250e-01
3.09838750e-07,1.89695313e-01
3.09878750e-07,1.89704687e-01
3.09918750e-07,1.89696875e-01
3.09958750e-07,1.89703125e-01
3.09998750e-07,1.89696875e-01
3.10038750e-07,1.89703125e-01
3.10078750e-07,1.89696875e-01
3.10118750e-07,1.89703125e-01
3.10158750e-07,1.89696875e-01
3.10198750e-07,1.89703125e-01
3.10238750e-07,1.89696875e-01
3.10278750e-07,1.89703125e-01
3.10318750e-07,1.89696875e-01
3.10358750e-07,1.89703125e-01
3.10398750e-07,1.89696875e-01
3.10438750e-07,1.89703125e-01
3.10478750e-07,1.89696875e-01
3.10518750e-07,1.89704687e-01
3.10558750e-07,1.89695313e-01
3.10598750e-07,1.89706250e-01
3.10638750e-07,1.89693750e-01
3.10678750e-07,1.89707813e-01
3.10718750e-07,1.89690625e-01
3.10758750e-07,1.89710938e-01
3.10798750e-07,1.89685938e-01
3.10838750e-07,1.89718750e-01
3.10878750e-07,1.89670312e-01
3.10918750e-07,1.89754688e-01
3.10958750e-07,1.89492188e-01
3.10998750e-07,1.89245313e-01
3.11038750e-07,1.89329688e-01
3.11078750e-07,1.89279688e-01
3.11118750e-07,1.89315625e-01
3.11158750e-07,1.89289062e-01
3.11198750e-07,1.89307813e-01
3.11238750e-07,1.89295313e-01
3.11278750e-07,1.89301563e-01
3.11318750e-07,1.89304688e-01
3.11358750e-07,1.89285938e-01
3.11398750e-07,1.89339063e-01
3.11438750e-07,1.89107812e-01
3.11478750e-07,1.88828125e-01
3.11518750e-07,1.88948438e-01
3.11558750e-07,1.88859375e-01
3.11598750e-07,1.88937500e-01
3.11638750e-07,1.88862500e-01
3.11678750e-07,1.88940625e-01
3.11718750e-07,1.88850000e-01
3.11758750e-07,1.88973438e-01
3.11798750e-07,1.88673438e-01
3.11838750e-07,1.88464063e-01
3.11878750e-07,1.88512500e-01
3.11918750e-07,1.88496875e-01
3.11958750e-07,1.88496875e-01
3.11998750e-07,1.88507813e-01
3.12038750e-07,1.88487500e-01
3.12078750e-07,1.88518750e-01
3.12118750e-07,1.88470313e-01
3.12158750e-07,1.88554688e-01
3.12198750e-07,1.88290625e-01
3.12238750e-07,1.88046875e-01
3.12278750e-07,1.88129688e-01
3.12318750e-07,1.88081250e-01
3.12358750e-07,1.88114063e-01
3.12398750e-07,1.88089063e-01
3.12438750e-07,1.88109375e-01
3.12478750e-07,1.88092188e-01
3.12518750e-07,1.88106250e-01
3.12558750e-07,1.88095313e-01
3.12598750e-07,1.88104688e-01
3.12638750e-07,1.88095313e-01
3.12678750e-07,1.88103125e-01
3.12718750e-07,1.88096875e-01
3.12758750e-07,1.88103125e-01
3.12798750e-07,1.88096875e-01
3.12838750e-07,1.88101563e-01
3.12878750e-07,1.88098437e-01
3.12918750e-07,1.88101563e-01
3.12958750e-07,1.88098437e-01
3.12998750e-07,1.88101563e-01
3.13038750e-07,1.88098437e-01
3.13078750e-07,1.88101563e-01
3.13118750e-07,1.88098437e-01
3.13158750e-07,1.88101563e-01
3.13198750e-07,1.88098437e-01
3.13238750e-07,1.88100000e-01
3.13278750e-07,1.88100000e-01
3.13318750e-07,1.88100000e-01
3.13358750e-07,1.88100000e-01
3.13398750e-07,1.88100000e-01
3.13438750e-07,1.88100000e-01
3.13478750e-07,1.88100000e-01
3.13518750e-07,1.88100000e-01
3.13558750e-07,1.88100000e-01
3.13598750e-07,1.88100000e-01
3.13638750e-07,1.88100000e-01
3.13678750e-07,1.88100000e-01
3.13718750e-07,1.88100000e-01
3.13758750e-07,1.88100000e-01
3.13798750e-07,1.88100000e-01
3.13838750e-07,1.88100000e-01
3.13878750e-07,1.88100000e-01
3.13918750e-07,1.88100000e-01
3.13958750e-07,1.88100000e-01
3.13998750e-07,1.88100000e-01
3.14038750e-07,1.88100000e-01
3.14078750e-07,1.88100000e-01
3.14118750e-07,1.88100000e-01
3.14158750e-07,1.88100000e-01
3.14198750e-07,1.88100000e-01
3.14238750e-07,1.88100000e-01
3.14278750e-07,1.88100000e-01
3.14318750e-07,1.88100000e-01
3.14358750e-07,1.88100000e-01
3.14398750e-07,1.88100000e-01
3.14438750e-07,1.88100000e-01
3.14478750e-07,1.88100000e-01
3.14518750e-07,1.88100000e-01
3.14558750e-07,1.88098437e-01
3.14598750e-07,1.88101563e-01
3.14638750e-07,1.88098437e-01
3.14678750e-07,1.88101563e-01
3.14718750e-07,1.88098437e-01
3.14758750e-07,1.88101563e-01
3.14798750e-07,1.88098437e-01
3.14838750e-07,1.88101563e-01
3.14878750e-07,1.88098437e-01
3.14918750e-07,1.88101563e-01
3.14958750e-07,1.88096875e-01
3.14998750e-07,1.88103125e-01
3.15038750e-07,1.88096875e-01
3.15078750e-07,1.88104688e-01
3.15118750e-07,1.88095313e-01
3.15158750e-07,1.88106250e-01
3.15198750e-07,1.88093750e-01
3.15238750e-07,1.88107812e-01
3.15278750e-07,1.88090625e-01
3.15318750e-07,1.88112500e-01
3.15358750e-07,1.88081250e-01
3.15398750e-07,1.88128125e-01
3.15438750e-07,1.88046875e-01
3.15478750e-07,1.88306250e-01
3.15518750e-07,1.88556250e-01
3.15558750e-07,1.88467188e-01
3.15598750e-07,1.88523438e-01
3.15638750e-07,1.88481250e-01
3.15678750e-07,1.88515625e-01
3.15718750e-07,1.88485938e-01
3.15758750e-07,1.88512500e-01
3.15798750e-07,1.88489062e-01
3.15838750e-07,1.88509375e-01
3.15878750e-07,1.88490625e-01
3.15918750e-07,1.88509375e-01
3.15958750e-07,1.88492188e-01
3.15998750e-07,1.88507813e-01
3.16038750e-07,1.88492188e-01
3.16078750e-07,1.88507813e-01
3.16118750e-07,1.88492188e-01
3.16158750e-07,1.88507813e-01
3.16198750e-07,1.88493750e-01
3.16238750e-07,1.88506250e-01
3.16278750e-07,1.88493750e-01
3.16318750e-07,1.88506250e-01
3.16358750e-07,1.88493750e-01
3.16398750e-07,1.88506250e-01
3.16438750e-07,1.88493750e-01
3.16478750e-07,1.88506250e-01
3.16518750e-07,1.88493750e-01
3.16558750e-07,1.88506250e-01
3.16598750e-07,1.88493750e-01
3.16638750e-07,1.88506250e-01
3.16678750e-07,1.88493750e-01
3.16718750e-07,1.88506250e-01
3.16758750e-07,1.88493750e-01
3.16798750e-07,1.88506250e-01
3.16838750e-07,1.88493750e-01
3.16878750e-07,1.88506250e-01
3.16918750e-07,1.88493750e-01
3.16958750e-07,1.88506250e-01
3.16998750e-07,1.88493750e-01
3.17038750e-07,1.88506250e-01
3.17078750e-07,1.88493750e-01
3.17118750e-07,1.88506250e-01
3.17158750e-07,1.88492188e-01
3.17198750e-07,1.88507813e-01
3.17238750e-07,1.88492188e-01
3.17278750e-07,1.88507813e-01
3.17318750e-07,1.88492188e-01
3.17358750e-07,1.88507813e-01
3.17398750e-07,1.88490625e-01
3.17438750e-07,1.88509375e-01
3.17478750e-07,1.88490625e-01
3.17518750e-07,1.88510938e-01
3.17558750e-07,1.88489062e-01
3.17598750e-07,1.88512500e-01
3.17638750e-07,1.88485938e-01
3.17678750e-07,1.88515625e-01
3.17718750e-07,1.88481250e-01
3.17758750e-07,1.88523438e-01
3.17798750e-07,1.88465625e-01
3.17838750e-07,1.88559375e-01
3.17878750e-07,1.88287500e-01
3.17918750e-07,1.88050000e-01
3.17958750e-07,1.88126563e-01
3.17998750e-07,1.88082813e-01
3.18038750e-07,1.88112500e-01
3.18078750e-07,1.88090625e-01
3.18118750e-07,1.88107812e-01
3.18158750e-07,1.88093750e-01
3.18198750e-07,1.88104688e-01
3.18238750e-07,1.88095313e-01
3.18278750e-07,1.88103125e-01
3.18318750e-07,1.88096875e-01
3.18358750e-07,1.88103125e-01
3.18398750e-07,1.88098437e-01
3.18438750e-07,1.88101563e-01
3.18478750e-07,1.88098437e-01
3.18518750e-07,1.88101563e-01
3.18558750e-07,1.88098437e-01
3.18598750e-07,1.88101563e-01
3.18638750e-07,1.88098437e-01
3.18678750e-07,1.88101563e-01
3.18718750e-07,1.88096875e-01
3.18758750e-07,1.88103125e-01
3.18798750e-07,1.88096875e-01
3.18838750e-07,1.88104688e-01
3.18878750e-07,1.88093750e-01
3.18918750e-07,1.88107812e-01
3.18958750e-07,1.88089063e-01
3.18998750e-07,1.88115625e-01
3.19038750e-07,1.88075000e-01
3.19078750e-07,1.88148438e-01
3.19118750e-07,1.87898438e-01
3.19158750e-07,1.87639063e-01
3.19198750e-07,1.87737500e-01
3.19238750e-07,1.87671875e-01
3.19278750e-07,1.87723438e-01
3.19318750e-07,1.87679687e-01
3.19358750e-07,1.87718750e-01
3.19398750e-07,1.87681250e-01
3.19438750e-07,1.87717187e-01
3.19478750e-07,1.87682813e-01
3.19518750e-07,1.87717187e-01
3.19558750e-07,1.87682813e-01
3.19598750e-07,1.87718750e-01
3.19638750e-07,1.87681250e-01
3.19678750e-07,1.87720313e-01
3.19718750e-07,1.87678125e-01
3.19758750e-07,1.87723438e-01
3.19798750e-07,1.87673438e-01
3.19838750e-07,1.87731250e-01
3.19878750e-07,1.87657813e-01
3.19918750e-07,1.87767188e-01
3.19958750e-07,1.87479688e-01
3.19998750e-07,1.87259375e-01
3.20038750e-07,1.87317188e-01
3.20078750e-07,1.87293750e-01
3.20118750e-07,1.87300000e-01
3.20158750e-07,1.87304688e-01
3.20198750e-07,1.87292188e-01
3.20238750e-07,1.87312500e-01
3.20278750e-07,1.87281250e-01
3.20318750e-07,1.87329688e-01
3.20358750e-07,1.87243750e-01
3.20398750e-07,1.87509375e-01
3.20438750e-07,1.87753125e-01
3.20478750e-07,1.87671875e-01
3.20518750e-07,1.87718750e-01
3.20558750e-07,1.87687500e-01
3.20598750e-07,1.87709375e-01
3.20638750e-07,1.87693750e-01
3.20678750e-07,1.87704687e-01
3.20718750e-07,1.87696875e-01
3.20758750e-07,1.87701563e-01
3.20798750e-07,1.87698438e-01
3.20838750e-07,1.87700000e-01
3.20878750e-07,1.87701563e-01
3.20918750e-07,1.87698438e-01
3.20958750e-07,1.87703125e-01
3.20998750e-07,1.87696875e-01
3.21038750e-07,1.87704687e-01
3.21078750e-07,1.87693750e-01
3.21118750e-07,1.87706250e-01
3.21158750e-07,1.87692187e-01
3.21198750e-07,1.87709375e-01
3.21238750e-07,1.87689063e-01
3.21278750e-07,1.87714063e-01
3.21318750e-07,1.87682813e-01
3.21358750e-07,1.87723438e-01
3.21398750e-07,1.87667187e-01
3.21438750e-07,1.87757813e-01
3.21478750e-07,1.87487500e-01
3.21518750e-07,1.87250000e-01
3.21558750e-07,1.87325000e-01
3.21598750e-07,1.87284375e-01
3.21638750e-07,1.87309375e-01
3.21678750e-07,1.87295313e-01
3.21718750e-07,1.87301563e-01
3.21758750e-07,1.87301563e-01
3.21798750e-07,1.87293750e-01
3.21838750e-07,1.87312500e-01
3.21878750e-07,1.87278125e-01
3.21918750e-07,1.87346875e-01
3.21958750e-07,1.87098438e-01
3.21998750e-07,1.86839063e-01
3.22038750e-07,1.86937500e-01
3.22078750e-07,1.86870312e-01
3.22118750e-07,1.86925000e-01
3.22158750e-07,1.86875000e-01
3.22198750e-07,1.86926563e-01
3.22238750e-07,1.86865625e-01
3.22278750e-07,1.86956250e-01
3.22318750e-07,1.86693750e-01
3.22358750e-07,1.86442187e-01
3.22398750e-07,1.86537500e-01
3.22438750e-07,1.86468750e-01
3.22478750e-07,1.86532813e-01
3.22518750e-07,1.86459375e-01
3.22558750e-07,1.86564063e-01
3.22598750e-07,1.86282813e-01
3.22638750e-07,1.86054688e-01
3.22678750e-07,1.86121875e-01
3.22718750e-07,1.86089063e-01
3.22758750e-07,1.86106250e-01
3.22798750e-07,1.86100000e-01
3.22838750e-07,1.86095312e-01
3.22878750e-07,1.86110938e-01
3.22918750e-07,1.86078125e-01
3.22958750e-07,1.86146875e-01
3.22998750e-07,1.85900000e-01
3.23038750e-07,1.85639063e-01
3.23078750e-07,1.85737500e-01
3.23118750e-07,1.85673438e-01
3.23158750e-07,1.85721875e-01
3.23198750e-07,1.85681250e-01
3.23238750e-07,1.85717188e-01
3.23278750e-07,1.85684375e-01
3.23318750e-07,1.85714062e-01
3.23358750e-07,1.85687500e-01
3.23398750e-07,1.85712500e-01
3.23438750e-07,1.85687500e-01
3.23478750e-07,1.85712500e-01
3.23518750e-07,1.85687500e-01
3.23558750e-07,1.85712500e-01
3.23598750e-07,1.85685938e-01
3.23638750e-07,1.85717188e-01
3.23678750e-07,1.85679687e-01
3.23718750e-07,1.85729688e-01
3.23758750e-07,1.85646875e-01
3.23798750e-07,1.85906250e-01
3.23838750e-07,1.86157813e-01
3.23878750e-07,1.86064063e-01
3.23918750e-07,1.86128125e-01
3.23958750e-07,1.86073437e-01
3.23998750e-07,1.86126563e-01
3.24038750e-07,1.86070313e-01
3.24078750e-07,1.86139063e-01
3.24118750e-07,1.86037500e-01
3.24158750e-07,1.86315625e-01
3.24198750e-07,1.86545313e-01
3.24238750e-07,1.86479688e-01
3.24278750e-07,1.86509375e-01
3.24318750e-07,1.86496875e-01
3.24358750e-07,1.86495313e-01
3.24398750e-07,1.86515625e-01
3.24438750e-07,1.86457813e-01
3.24478750e-07,1.86695313e-01
3.24518750e-07,1.86967188e-01
3.24558750e-07,1.86854688e-01
3.24598750e-07,1.86937500e-01
3.24638750e-07,1.86864063e-01
3.24678750e-07,1.86942187e-01
3.24718750e-07,1.86835937e-01
3.24758750e-07,1.87114063e-01
3.24798750e-07,1.87351563e-01
3.24838750e-07,1.87268750e-01
3.24878750e-07,1.87326563e-01
3.24918750e-07,1.87273438e-01
3.24958750e-07,1.87334375e-01
3.24998750e-07,1.87242188e-01
3.25038750e-07,1.87510938e-01
3.25078750e-07,1.87751562e-01
3.25118750e-07,1.87673438e-01
3.25158750e-07,1.87715625e-01
3.25198750e-07,1.87692187e-01
3.25238750e-07,1.87701563e-01
3.25278750e-07,1.87709375e-01
3.25318750e-07,1.87664063e-01
3.25358750e-07,1.87889063e-01
3.25398750e-07,1.88173438e-01
3.25438750e-07,1.88050000e-01
3.25478750e-07,1.88142188e-01
3.25518750e-07,1.88060937e-01
3.25558750e-07,1.88139063e-01
3.25598750e-07,1.88057813e-01
3.25638750e-07,1.88150000e-01
3.25678750e-07,1.88026562e-01
3.25718750e-07,1.88326563e-01
3.25758750e-07,1.88537500e-01
3.25798750e-07,1.88485938e-01
3.25838750e-07,1.88504688e-01
3.25878750e-07,1.88500000e-01
3.25918750e-07,1.88495313e-01
3.25958750e-07,1.88506250e-01
3.25998750e-07,1.88490625e-01
3.26038750e-07,1.88510938e-01
3.26078750e-07,1.88485938e-01
3.26118750e-07,1.88517188e-01
3.26158750e-07,1.88478125e-01
3.26198750e-07,1.88532813e-01
3.26238750e-07,1.88442187e-01
3.26278750e-07,1.88710938e-01
3.26318750e-07,1.88951563e-01
3.26358750e-07,1.88871875e-01
3.26398750e-07,1.88918750e-01
3.26438750e-07,1.88885938e-01
3.26478750e-07,1.88910938e-01
3.26518750e-07,1.88892188e-01
3.26558750e-07,1.88907812e-01
3.26598750e-07,1.88893750e-01
3.26638750e-07,1.88904688e-01
3.26678750e-07,1.88895312e-01
3.26718750e-07,1.88904688e-01
3.26758750e-07,1.88896875e-01
3.26798750e-07,1.88903125e-01
3.26838750e-07,1.88896875e-01
3.26878750e-07,1.88903125e-01
3.26918750e-07,1.88896875e-01
3.26958750e-07,1.88903125e-01
3.26998750e-07,1.88895312e-01
3.27038750e-07,1.88904688e-01
3.27078750e-07,1.88895312e-01
3.27118750e-07,1.88906250e-01
3.27158750e-07,1.88892188e-01
3.27198750e-07,1.88910938e-01
3.27238750e-07,1.88884375e-01
3.27278750e-07,1.88923438e-01
3.27318750e-07,1.88851563e-01
3.27358750e-07,1.89101563e-01
3.27398750e-07,1.89362500e-01
3.27438750e-07,1.89260938e-01
3.27478750e-07,1.89331250e-01
3.27518750e-07,1.89271875e-01
3.27558750e-07,1.89326563e-01
3.27598750e-07,1.89271875e-01
3.27638750e-07,1.89332813e-01
3.27678750e-07,1.89259375e-01
3.27718750e-07,1.89365625e-01
3.27758750e-07,1.89082813e-01
3.27798750e-07,1.88854688e-01
3.27838750e-07,1.88920313e-01
3.27878750e-07,1.88889063e-01
3.27918750e-07,1.88906250e-01
3.27958750e-07,1.88896875e-01
3.27998750e-07,1.88900000e-01
3.28038750e-07,1.88901563e-01
3.28078750e-07,1.88896875e-01
3.28118750e-07,1.88904688e-01
3.28158750e-07,1.88892188e-01
3.28198750e-07,1.88909375e-01
3.28238750e-07,1.88885938e-01
3.28278750e-07,1.88918750e-01
3.28318750e-07,1.88870312e-01
3.28358750e-07,1.88954687e-01
3.28398750e-07,1.88692187e-01
3.28438750e-07,1.88446875e-01
3.28478750e-07,1.88528125e-01
3.28518750e-07,1.88482813e-01
3.28558750e-07,1.88509375e-01
3.28598750e-07,1.88498438e-01
3.28638750e-07,1.88490625e-01
3.28678750e-07,1.88534375e-01
3.28718750e-07,1.88312500e-01
3.28758750e-07,1.88023438e-01
3.28798750e-07,1.88153125e-01
3.28838750e-07,1.88053125e-01
3.28878750e-07,1.88146875e-01
3.28918750e-07,1.88046875e-01
3.28958750e-07,1.88176563e-01
3.28998750e-07,1.87871875e-01
3.29038750e-07,1.87665625e-01
3.29078750e-07,1.87709375e-01
3.29118750e-07,1.87700000e-01
3.29158750e-07,1.87692187e-01
3.29198750e-07,1.87714063e-01
3.29238750e-07,1.87675000e-01
3.29278750e-07,1.87751562e-01
3.29318750e-07,1.87495313e-01
3.29358750e-07,1.87242188e-01
3.29398750e-07,1.87334375e-01
3.29438750e-07,1.87273438e-01
3.29478750e-07,1.87323437e-01
3.29518750e-07,1.87276563e-01
3.29558750e-07,1.87325000e-01
3.29598750e-07,1.87267188e-01
3.29638750e-07,1.87356250e-01
3.29678750e-07,1.87092188e-01
3.29718750e-07,1.86845312e-01
3.29758750e-07,1.86932813e-01
3.29798750e-07,1.86875000e-01
3.29838750e-07,1.86920313e-01
3.29878750e-07,1.86881250e-01
3.29918750e-07,1.86918750e-01
3.29958750e-07,1.86881250e-01
3.29998750e-07,1.86920313e-01
3.30038750e-07,1.86878125e-01
3.30078750e-07,1.86926563e-01
3.30118750e-07,1.86862500e-01
3.30158750e-07,1.86960938e-01
3.30198750e-07,1.86685938e-01
3.30238750e-07,1.86451563e-01
3.30278750e-07,1.86523438e-01
3.30318750e-07,1.86485938e-01
3.30358750e-07,1.86509375e-01
3.30398750e-07,1.86493750e-01
3.30438750e-07,1.86503125e-01
3.30478750e-07,1.86498438e-01
3.30518750e-07,1.86500000e-01
3.30558750e-07,1.86501562e-01
3.30598750e-07,1.86495313e-01
3.30638750e-07,1.86506250e-01
3.30678750e-07,1.86490625e-01
3.30718750e-07,1.86512500e-01
3.30758750e-07,1.86482813e-01
3.30798750e-07,1.86528125e-01
3.30838750e-07,1.86446875e-01
3.30878750e-07,1.86706250e-01
3.30918750e-07,1.86954687e-01
3.30958750e-07,1.86868750e-01
3.30998750e-07,1.86920313e-01
3.31038750e-07,1.86884375e-01
3.31078750e-07,1.86910938e-01
3.31118750e-07,1.86890625e-01
3.31158750e-07,1.86906250e-01
3.31198750e-07,1.86896875e-01
3.31238750e-07,1.86901563e-01
3.31278750e-07,1.86903125e-01
3.31318750e-07,1.86892188e-01
3.31358750e-07,1.86918750e-01
3.31398750e-07,1.86856250e-01
3.31438750e-07,1.87096875e-01
3.31478750e-07,1.87365625e-01
3.31518750e-07,1.87257813e-01
3.31558750e-07,1.87332813e-01
3.31598750e-07,1.87271875e-01
3.31638750e-07,1.87326563e-01
3.31678750e-07,1.87275000e-01
3.31718750e-07,1.87323437e-01
3.31758750e-07,1.87276563e-01
3.31798750e-07,1.87325000e-01
3.31838750e-07,1.87273438e-01
3.31878750e-07,1.87328125e-01
3.31918750e-07,1.87267188e-01
3.31958750e-07,1.87342188e-01
3.31998750e-07,1.87232813e-01
3.32038750e-07,1.87520313e-01
3.32078750e-07,1.87742188e-01
3.32118750e-07,1.87681250e-01
3.32158750e-07,1.87709375e-01
3.32198750e-07,1.87696875e-01
3.32238750e-07,1.87700000e-01
3.32278750e-07,1.87701563e-01
3.32318750e-07,1.87695313e-01
3.32358750e-07,1.87706250e-01
3.32398750e-07,1.87690625e-01
3.32438750e-07,1.87710938e-01
3.32478750e-07,1.87685938e-01
3.32518750e-07,1.87720313e-01
3.32558750e-07,1.87670313e-01
3.32598750e-07,1.87754688e-01
3.32638750e-07,1.87492188e-01
3.32678750e-07,1.87246875e-01
3.32718750e-07,1.87329688e-01
3.32758750e-07,1.87279688e-01
3.32798750e-07,1.87315625e-01
3.32838750e-07,1.87287500e-01
3.32878750e-07,1.87309375e-01
3.32918750e-07,1.87292188e-01
3.32958750e-07,1.87307813e-01
3.32998750e-07,1.87293750e-01
3.33038750e-07,1.87304688e-01
3.33078750e-07,1.87295313e-01
3.33118750e-07,1.87304688e-01
3.33158750e-07,1.87296875e-01
3.33198750e-07,1.87303125e-01
3.33238750e-07,1.87296875e-01
3.33278750e-07,1.87303125e-01
3.33318750e-07,1.87296875e-01
3.33358750e-07,1.87301563e-01
3.33398750e-07,1.87298437e-01
3.33438750e-07,1.87301563e-01
3.33478750e-07,1.87298437e-01
3.33518750e-07,1.87301563e-01
3.33558750e-07,1.87298437e-01
3.33598750e-07,1.87301563e-01
3.33638750e-07,1.87300000e-01
3.33678750e-07,1.87300000e-01
3.33718750e-07,1.87300000e-01
3.33758750e-07,1.87300000e-01
3.33798750e-07,1.87300000e-01
3.33838750e-07,1.87300000e-01
3.33878750e-07,1.87300000e-01
3.33918750e-07,1.87300000e-01
3.33958750e-07,1.87300000e-01
3.33998750e-07,1.87298437e-01
3.34038750e-07,1.87301563e-01
3.34078750e-07,1.87298437e-01
3.34118750e-07,1.87301563e-01
3.34158750e-07,1.87298437e-01
3.34198750e-07,1.87303125e-01
3.34238750e-07,1.87296875e-01
3.34278750e-07,1.87303125e-01
3.34318750e-07,1.87295313e-01
3.34358750e-07,1.87304688e-01
3.34398750e-07,1.87293750e-01
3.34438750e-07,1.87306250e-01
3.34478750e-07,1.87292188e-01
3.34518750e-07,1.87310937e-01
3.34558750e-07,1.87285937e-01
3.34598750e-07,1.87318750e-01
3.34638750e-07,1.87271875e-01
3.34678750e-07,1.87353125e-01
3.34718750e-07,1.87093750e-01
3.34758750e-07,1.86843750e-01
3.34798750e-07,1.86932813e-01
3.34838750e-07,1.86876563e-01
3.34878750e-07,1.86918750e-01
3.34918750e-07,1.86884375e-01
3.34958750e-07,1.86912500e-01
3.34998750e-07,1.86889063e-01
3.35038750e-07,1.86910938e-01
3.35078750e-07,1.86890625e-01
3.35118750e-07,1.86909375e-01
3.35158750e-07,1.86892188e-01
3.35198750e-07,1.86907812e-01
3.35238750e-07,1.86892188e-01
3.35278750e-07,1.86907812e-01
3.35318750e-07,1.86893750e-01
3.35358750e-07,1.86906250e-01
3.35398750e-07,1.86893750e-01
3.35438750e-07,1.86906250e-01
3.35478750e-07,1.86893750e-01
3.35518750e-07,1.86906250e-01
3.35558750e-07,1.86893750e-01
3.35598750e-07,1.86906250e-01
3.35638750e-07,1.86893750e-01
3.35678750e-07,1.86904687e-01
3.35718750e-07,1.86895313e-01
3.35758750e-07,1.86904687e-01
3.35798750e-07,1.86895313e-01
3.35838750e-07,1.86904687e-01
3.35878750e-07,1.86895313e-01
3.35918750e-07,1.86904687e-01
3.35958750e-07,1.86895313e-01
3.35998750e-07,1.86904687e-01
