Model,MSO66B
Label,
Waveform Type,ANALOG
Horizontal Units,s
Sample Interval,4.00000000e-11
Record Length,10000
Zero Index,1599.05468750
Vertical Units,A
ANALOG_Thumbnail,
yOffset,1.84500000e-01
yPosition,8.40000000e-01

Labels,
TIME,CH1
-6.39621875e-08,1.99287500e-01
-6.39221875e-08,1.99314062e-01
-6.38821875e-08,1.99284375e-01
-6.38421875e-08,1.99318750e-01
-6.38021875e-08,1.99276563e-01
-6.37621875e-08,1.99332813e-01
-6.37221875e-08,1.99243750e-01
-6.36821875e-08,1.99509375e-01
-6.36421875e-08,1.99753125e-01
-6.36021875e-08,1.99670313e-01
-6.35621875e-08,1.99720312e-01
-6.35221875e-08,1.99684375e-01
-6.34821875e-08,1.99712500e-01
-6.34421875e-08,1.99689063e-01
-6.34021875e-08,1.99709375e-01
-6.33621875e-08,1.99692188e-01
-6.33221875e-08,1.99707812e-01
-6.32821875e-08,1.99693750e-01
-6.32421875e-08,1.99706250e-01
-6.32021875e-08,1.99693750e-01
-6.31621875e-08,1.99706250e-01
-6.31221875e-08,1.99693750e-01
-6.30821875e-08,1.99706250e-01
-6.30421875e-08,1.99693750e-01
-6.30021875e-08,1.99704688e-01
-6.29621875e-08,1.99695312e-01
-6.29221875e-08,1.99704688e-01
-6.28821875e-08,1.99695312e-01
-6.28421875e-08,1.99706250e-01
-6.28021875e-08,1.99693750e-01
-6.27621875e-08,1.99706250e-01
-6.27221875e-08,1.99693750e-01
-6.26821875e-08,1.99706250e-01
-6.26421875e-08,1.99693750e-01
-6.26021875e-08,1.99706250e-01
-6.25621875e-08,1.99693750e-01
-6.25221875e-08,1.99707812e-01
-6.24821875e-08,1.99692188e-01
-6.24421875e-08,1.99707812e-01
-6.24021875e-08,1.99692188e-01
-6.23621875e-08,1.99709375e-01
-6.23221875e-08,1.99690625e-01
-6.22821875e-08,1.99710938e-01
-6.22421875e-08,1.99689063e-01
-6.22021875e-08,1.99712500e-01
-6.21621875e-08,1.99685938e-01
-6.21221875e-08,1.99717188e-01
-6.20821875e-08,1.99679688e-01
-6.20421875e-08,1.99725000e-01
-6.20021875e-08,1.99664063e-01
-6.19621875e-08,1.99760938e-01
-6.19221875e-08,1.99484375e-01
-6.18821875e-08,1.99253125e-01
-6.18421875e-08,1.99321875e-01
-6.18021875e-08,1.99290625e-01
-6.17621875e-08,1.99301563e-01
-6.17221875e-08,1.99304688e-01
-6.16821875e-08,1.99282813e-01
-6.16421875e-08,1.99342188e-01
-6.16021875e-08,1.99104688e-01
-6.15621875e-08,1.98832813e-01
-6.15221875e-08,1.98943750e-01
-6.14821875e-08,1.98862500e-01
-6.14421875e-08,1.98935937e-01
-6.14021875e-08,1.98857813e-01
-6.13621875e-08,1.98964063e-01
-6.13221875e-08,1.98685938e-01
-6.12821875e-08,1.98450000e-01
-6.12421875e-08,1.98529687e-01
-6.12021875e-08,1.98476563e-01
-6.11621875e-08,1.98525000e-01
-6.11221875e-08,1.98468750e-01
-6.10821875e-08,1.98553125e-01
-6.10421875e-08,1.98295313e-01
-6.10021875e-08,1.98040625e-01
-6.09621875e-08,1.98137500e-01
-6.09221875e-08,1.98068750e-01
-6.08821875e-08,1.98131250e-01
-6.08421875e-08,1.98062500e-01
-6.08021875e-08,1.98160938e-01
-6.07621875e-08,1.97887500e-01
-6.07221875e-08,1.97648437e-01
-6.06821875e-08,1.97729688e-01
-6.06421875e-08,1.97679688e-01
-6.06021875e-08,1.97717188e-01
-6.05621875e-08,1.97684375e-01
-6.05221875e-08,1.97715625e-01
-6.04821875e-08,1.97684375e-01
-6.04421875e-08,1.97717188e-01
-6.04021875e-08,1.97681250e-01
-6.03621875e-08,1.97723438e-01
-6.03221875e-08,1.97667188e-01
-6.02821875e-08,1.97757813e-01
-6.02421875e-08,1.97489063e-01
-6.02021875e-08,1.97248438e-01
-6.01621875e-08,1.97328125e-01
-6.01221875e-08,1.97281250e-01
-6.00821875e-08,1.97314062e-01
-6.00421875e-08,1.97289063e-01
-6.00021875e-08,1.97307813e-01
-5.99621875e-08,1.97293750e-01
-5.99221875e-08,1.97306250e-01
-5.98821875e-08,1.97295313e-01
-5.98421875e-08,1.97304688e-01
-5.98021875e-08,1.97296875e-01
-5.97621875e-08,1.97303125e-01
-5.97221875e-08,1.97298438e-01
-5.96821875e-08,1.97301562e-01
-5.96421875e-08,1.97298438e-01
-5.96021875e-08,1.97300000e-01
-5.95621875e-08,1.97300000e-01
-5.95221875e-08,1.97298438e-01
-5.94821875e-08,1.97301562e-01
-5.94421875e-08,1.97296875e-01
-5.94021875e-08,1.97304688e-01
-5.93621875e-08,1.97292187e-01
-5.93221875e-08,1.97309375e-01
-5.92821875e-08,1.97284375e-01
-5.92421875e-08,1.97325000e-01
-5.92021875e-08,1.97250000e-01
-5.91621875e-08,1.97501563e-01
-5.91221875e-08,1.97760938e-01
-5.90821875e-08,1.97664063e-01
-5.90421875e-08,1.97728125e-01
-5.90021875e-08,1.97676563e-01
-5.89621875e-08,1.97720312e-01
-5.89221875e-08,1.97681250e-01
-5.88821875e-08,1.97718750e-01
-5.88421875e-08,1.97681250e-01
-5.88021875e-08,1.97718750e-01
-5.87621875e-08,1.97679688e-01
-5.87221875e-08,1.97723438e-01
-5.86821875e-08,1.97671875e-01
-5.86421875e-08,1.97737500e-01
-5.86021875e-08,1.97637500e-01
-5.85621875e-08,1.97915625e-01
-5.85221875e-08,1.98145313e-01
-5.84821875e-08,1.98079688e-01
-5.84421875e-08,1.98109375e-01
-5.84021875e-08,1.98096875e-01
-5.83621875e-08,1.98095313e-01
-5.83221875e-08,1.98115625e-01
-5.82821875e-08,1.98059375e-01
-5.82421875e-08,1.98293750e-01
-5.82021875e-08,1.98568750e-01
-5.81621875e-08,1.98454688e-01
-5.81221875e-08,1.98537500e-01
-5.80821875e-08,1.98465625e-01
-5.80421875e-08,1.98534375e-01
-5.80021875e-08,1.98462500e-01
-5.79621875e-08,1.98545313e-01
-5.79221875e-08,1.98429688e-01
-5.78821875e-08,1.98721875e-01
-5.78421875e-08,1.98940625e-01
-5.78021875e-08,1.98882813e-01
-5.77621875e-08,1.98907813e-01
-5.77221875e-08,1.98898437e-01
-5.76821875e-08,1.98898437e-01
-5.76421875e-08,1.98904688e-01
-5.76021875e-08,1.98893750e-01
-5.75621875e-08,1.98909375e-01
-5.75221875e-08,1.98887500e-01
-5.74821875e-08,1.98915625e-01
-5.74421875e-08,1.98878125e-01
-5.74021875e-08,1.98932813e-01
-5.73621875e-08,1.98842188e-01
-5.73221875e-08,1.99112500e-01
-5.72821875e-08,1.99348438e-01
-5.72421875e-08,1.99276563e-01
-5.72021875e-08,1.99312500e-01
-5.71621875e-08,1.99295313e-01
-5.71221875e-08,1.99298438e-01
-5.70821875e-08,1.99307813e-01
-5.70421875e-08,1.99279687e-01
-5.70021875e-08,1.99345313e-01
-5.69621875e-08,1.99100000e-01
-5.69221875e-08,1.98839062e-01
-5.68821875e-08,1.98937500e-01
-5.68421875e-08,1.98873437e-01
-5.68021875e-08,1.98921875e-01
-5.67621875e-08,1.98882813e-01
-5.67221875e-08,1.98914063e-01
-5.66821875e-08,1.98887500e-01
-5.66421875e-08,1.98910937e-01
-5.66021875e-08,1.98890625e-01
-5.65621875e-08,1.98907813e-01
-5.65221875e-08,1.98893750e-01
-5.64821875e-08,1.98903125e-01
-5.64421875e-08,1.98898437e-01
-5.64021875e-08,1.98898437e-01
-5.63621875e-08,1.98907813e-01
-5.63221875e-08,1.98882813e-01
-5.62821875e-08,1.98942188e-01
-5.62421875e-08,1.98704688e-01
-5.62021875e-08,1.98432812e-01
-5.61621875e-08,1.98542188e-01
-5.61221875e-08,1.98465625e-01
-5.60821875e-08,1.98528125e-01
-5.60421875e-08,1.98473438e-01
-5.60021875e-08,1.98523438e-01
-5.59621875e-08,1.98476563e-01
-5.59221875e-08,1.98521875e-01
-5.58821875e-08,1.98478125e-01
-5.58421875e-08,1.98521875e-01
-5.58021875e-08,1.98478125e-01
-5.57621875e-08,1.98523438e-01
-5.57221875e-08,1.98476563e-01
-5.56821875e-08,1.98526563e-01
-5.56421875e-08,1.98471875e-01
-5.56021875e-08,1.98534375e-01
-5.55621875e-08,1.98456250e-01
-5.55221875e-08,1.98568750e-01
-5.54821875e-08,1.98278125e-01
-5.54421875e-08,1.98059375e-01
-5.54021875e-08,1.98117188e-01
-5.53621875e-08,1.98092188e-01
-5.53221875e-08,1.98101562e-01
-5.52821875e-08,1.98101562e-01
-5.52421875e-08,1.98095313e-01
-5.52021875e-08,1.98106250e-01
-5.51621875e-08,1.98092188e-01
-5.51221875e-08,1.98110938e-01
-5.50821875e-08,1.98085938e-01
-5.50421875e-08,1.98117188e-01
-5.50021875e-08,1.98078125e-01
-5.49621875e-08,1.98132813e-01
-5.49221875e-08,1.98042188e-01
-5.48821875e-08,1.98310938e-01
-5.48421875e-08,1.98551563e-01
-5.48021875e-08,1.98473438e-01
-5.47621875e-08,1.98517187e-01
-5.47221875e-08,1.98487500e-01
-5.46821875e-08,1.98509375e-01
-5.46421875e-08,1.98493750e-01
-5.46021875e-08,1.98504687e-01
-5.45621875e-08,1.98496875e-01
-5.45221875e-08,1.98503125e-01
-5.44821875e-08,1.98498438e-01
-5.44421875e-08,1.98501563e-01
-5.44021875e-08,1.98500000e-01
-5.43621875e-08,1.98500000e-01
-5.43221875e-08,1.98501563e-01
-5.42821875e-08,1.98498438e-01
-5.42421875e-08,1.98501563e-01
-5.42021875e-08,1.98496875e-01
-5.41621875e-08,1.98503125e-01
-5.41221875e-08,1.98495313e-01
-5.40821875e-08,1.98504687e-01
-5.40421875e-08,1.98495313e-01
-5.40021875e-08,1.98506250e-01
-5.39621875e-08,1.98492188e-01
-5.39221875e-08,1.98509375e-01
-5.38821875e-08,1.98489063e-01
-5.38421875e-08,1.98512500e-01
-5.38021875e-08,1.98484375e-01
-5.37621875e-08,1.98520313e-01
-5.37221875e-08,1.98468750e-01
-5.36821875e-08,1.98556250e-01
-5.36421875e-08,1.98290625e-01
-5.36021875e-08,1.98046875e-01
-5.35621875e-08,1.98129688e-01
-5.35221875e-08,1.98079688e-01
-5.34821875e-08,1.98114063e-01
-5.34421875e-08,1.98089062e-01
-5.34021875e-08,1.98109375e-01
-5.33621875e-08,1.98092188e-01
-5.33221875e-08,1.98106250e-01
-5.32821875e-08,1.98095313e-01
-5.32421875e-08,1.98104688e-01
-5.32021875e-08,1.98096875e-01
-5.31621875e-08,1.98103125e-01
-5.31221875e-08,1.98096875e-01
-5.30821875e-08,1.98101562e-01
-5.30421875e-08,1.98098438e-01
-5.30021875e-08,1.98100000e-01
-5.29621875e-08,1.98100000e-01
-5.29221875e-08,1.98100000e-01
-5.28821875e-08,1.98101562e-01
-5.28421875e-08,1.98098438e-01
-5.28021875e-08,1.98103125e-01
-5.27621875e-08,1.98096875e-01
-5.27221875e-08,1.98104688e-01
-5.26821875e-08,1.98093750e-01
-5.26421875e-08,1.98107813e-01
-5.26021875e-08,1.98090625e-01
-5.25621875e-08,1.98112500e-01
-5.25221875e-08,1.98082813e-01
-5.24821875e-08,1.98128125e-01
-5.24421875e-08,1.98046875e-01
-5.24021875e-08,1.98306250e-01
-5.23621875e-08,1.98556250e-01
-5.23221875e-08,1.98467188e-01
-5.22821875e-08,1.98523438e-01
-5.22421875e-08,1.98482812e-01
-5.22021875e-08,1.98514063e-01
-5.21621875e-08,1.98487500e-01
-5.21221875e-08,1.98510938e-01
-5.20821875e-08,1.98490625e-01
-5.20421875e-08,1.98509375e-01
-5.20021875e-08,1.98492188e-01
-5.19621875e-08,1.98507813e-01
-5.19221875e-08,1.98493750e-01
-5.18821875e-08,1.98506250e-01
-5.18421875e-08,1.98493750e-01
-5.18021875e-08,1.98506250e-01
-5.17621875e-08,1.98495313e-01
-5.17221875e-08,1.98504687e-01
-5.16821875e-08,1.98495313e-01
-5.16421875e-08,1.98504687e-01
-5.16021875e-08,1.98496875e-01
-5.15621875e-08,1.98503125e-01
-5.15221875e-08,1.98496875e-01
-5.14821875e-08,1.98503125e-01
-5.14421875e-08,1.98498438e-01
-5.14021875e-08,1.98501563e-01
-5.13621875e-08,1.98498438e-01
-5.13221875e-08,1.98500000e-01
-5.12821875e-08,1.98500000e-01
-5.12421875e-08,1.98498438e-01
-5.12021875e-08,1.98501563e-01
-5.11621875e-08,1.98496875e-01
-5.11221875e-08,1.98506250e-01
-5.10821875e-08,1.98490625e-01
-5.10421875e-08,1.98514063e-01
-5.10021875e-08,1.98476563e-01
-5.09621875e-08,1.98548438e-01
-5.09221875e-08,1.98298438e-01
-5.08821875e-08,1.98039063e-01
-5.08421875e-08,1.98137500e-01
-5.08021875e-08,1.98071875e-01
-5.07621875e-08,1.98123437e-01
-5.07221875e-08,1.98079688e-01
-5.06821875e-08,1.98118750e-01
-5.06421875e-08,1.98081250e-01
-5.06021875e-08,1.98117188e-01
-5.05621875e-08,1.98082813e-01
-5.05221875e-08,1.98117188e-01
-5.04821875e-08,1.98081250e-01
-5.04421875e-08,1.98118750e-01
-5.04021875e-08,1.98078125e-01
-5.03621875e-08,1.98125000e-01
-5.03221875e-08,1.98065625e-01
-5.02821875e-08,1.98157813e-01
-5.02421875e-08,1.97890625e-01
-5.02021875e-08,1.97645313e-01
-5.01621875e-08,1.97734375e-01
-5.01221875e-08,1.97670313e-01
-5.00821875e-08,1.97734375e-01
-5.00421875e-08,1.97643750e-01
-5.00021875e-08,1.97906250e-01
-4.99621875e-08,1.98157813e-01
-4.99221875e-08,1.98065625e-01
-4.98821875e-08,1.98126563e-01
-4.98421875e-08,1.98076562e-01
-4.98021875e-08,1.98120313e-01
-4.97621875e-08,1.98079688e-01
-4.97221875e-08,1.98120313e-01
-4.96821875e-08,1.98079688e-01
-4.96421875e-08,1.98121875e-01
-4.96021875e-08,1.98076562e-01
-4.95621875e-08,1.98126563e-01
-4.95221875e-08,1.98068750e-01
-4.94821875e-08,1.98142188e-01
-4.94421875e-08,1.98032813e-01
-4.94021875e-08,1.98320313e-01
-4.93621875e-08,1.98540625e-01
-4.93221875e-08,1.98484375e-01
-4.92821875e-08,1.98504687e-01
-4.92421875e-08,1.98503125e-01
-4.92021875e-08,1.98490625e-01
-4.91621875e-08,1.98521875e-01
-4.91221875e-08,1.98453125e-01
-4.90821875e-08,1.98700000e-01
-4.90421875e-08,1.98962500e-01
-4.90021875e-08,1.98859375e-01
-4.89621875e-08,1.98932813e-01
-4.89221875e-08,1.98867188e-01
-4.88821875e-08,1.98937500e-01
-4.88421875e-08,1.98840625e-01
-4.88021875e-08,1.99110938e-01
-4.87621875e-08,1.99353125e-01
-4.87221875e-08,1.99267187e-01
-4.86821875e-08,1.99325000e-01
-4.86421875e-08,1.99276563e-01
-4.86021875e-08,1.99323438e-01
-4.85621875e-08,1.99273438e-01
-4.85221875e-08,1.99335938e-01
-4.84821875e-08,1.99240625e-01
-4.84421875e-08,1.99512500e-01
-4.84021875e-08,1.99750000e-01
-4.83621875e-08,1.99673437e-01
-4.83221875e-08,1.99718750e-01
-4.82821875e-08,1.99685938e-01
-4.82421875e-08,1.99710938e-01
-4.82021875e-08,1.99690625e-01
-4.81621875e-08,1.99707812e-01
-4.81221875e-08,1.99692188e-01
-4.80821875e-08,1.99707812e-01
-4.80421875e-08,1.99692188e-01
-4.80021875e-08,1.99707812e-01
-4.79621875e-08,1.99692188e-01
-4.79221875e-08,1.99709375e-01
-4.78821875e-08,1.99687500e-01
-4.78421875e-08,1.99717188e-01
-4.78021875e-08,1.99673437e-01
-4.77621875e-08,1.99750000e-01
-4.77221875e-08,1.99496875e-01
-4.76821875e-08,1.99239063e-01
-4.76421875e-08,1.99337500e-01
-4.76021875e-08,1.99270313e-01
-4.75621875e-08,1.99325000e-01
-4.75221875e-08,1.99275000e-01
-4.74821875e-08,1.99325000e-01
-4.74421875e-08,1.99273438e-01
-4.74021875e-08,1.99329688e-01
-4.73621875e-08,1.99260938e-01
-4.73221875e-08,1.99364062e-01
-4.72821875e-08,1.99084375e-01
-4.72421875e-08,1.98853125e-01
-4.72021875e-08,1.98923438e-01
-4.71621875e-08,1.98885937e-01
-4.71221875e-08,1.98909375e-01
-4.70821875e-08,1.98893750e-01
-4.70421875e-08,1.98904688e-01
-4.70021875e-08,1.98896875e-01
-4.69621875e-08,1.98901563e-01
-4.69221875e-08,1.98900000e-01
-4.68821875e-08,1.98900000e-01
-4.68421875e-08,1.98900000e-01
-4.68021875e-08,1.98898437e-01
-4.67621875e-08,1.98901563e-01
-4.67221875e-08,1.98898437e-01
-4.66821875e-08,1.98903125e-01
-4.66421875e-08,1.98896875e-01
-4.66021875e-08,1.98903125e-01
-4.65621875e-08,1.98896875e-01
-4.65221875e-08,1.98903125e-01
-4.64821875e-08,1.98895313e-01
-4.64421875e-08,1.98904688e-01
-4.64021875e-08,1.98895313e-01
-4.63621875e-08,1.98904688e-01
-4.63221875e-08,1.98895313e-01
-4.62821875e-08,1.98906250e-01
-4.62421875e-08,1.98893750e-01
-4.62021875e-08,1.98906250e-01
-4.61621875e-08,1.98892188e-01
-4.61221875e-08,1.98907813e-01
-4.60821875e-08,1.98892188e-01
-4.60421875e-08,1.98909375e-01
-4.60021875e-08,1.98890625e-01
-4.59621875e-08,1.98910937e-01
-4.59221875e-08,1.98887500e-01
-4.58821875e-08,1.98914063e-01
-4.58421875e-08,1.98884375e-01
-4.58021875e-08,1.98918750e-01
-4.57621875e-08,1.98875000e-01
-4.57221875e-08,1.98934375e-01
-4.56821875e-08,1.98840625e-01
-4.56421875e-08,1.99112500e-01
-4.56021875e-08,1.99350000e-01
-4.55621875e-08,1.99275000e-01
-4.55221875e-08,1.99315625e-01
-4.54821875e-08,1.99289063e-01
-4.54421875e-08,1.99307813e-01
-4.54021875e-08,1.99295313e-01
-4.53621875e-08,1.99303125e-01
-4.53221875e-08,1.99298438e-01
-4.52821875e-08,1.99300000e-01
-4.52421875e-08,1.99301563e-01
-4.52021875e-08,1.99298438e-01
-4.51621875e-08,1.99303125e-01
-4.51221875e-08,1.99295313e-01
-4.50821875e-08,1.99306250e-01
-4.50421875e-08,1.99292187e-01
-4.50021875e-08,1.99310938e-01
-4.49621875e-08,1.99285938e-01
-4.49221875e-08,1.99318750e-01
-4.48821875e-08,1.99270313e-01
-4.48421875e-08,1.99354688e-01
-4.48021875e-08,1.99092188e-01
-4.47621875e-08,1.98845313e-01
-4.47221875e-08,1.98929688e-01
-4.46821875e-08,1.98879688e-01
-4.46421875e-08,1.98915625e-01
-4.46021875e-08,1.98887500e-01
-4.45621875e-08,1.98909375e-01
-4.45221875e-08,1.98892188e-01
-4.44821875e-08,1.98907813e-01
-4.44421875e-08,1.98893750e-01
-4.44021875e-08,1.98904688e-01
-4.43621875e-08,1.98895313e-01
-4.43221875e-08,1.98903125e-01
-4.42821875e-08,1.98896875e-01
-4.42421875e-08,1.98903125e-01
-4.42021875e-08,1.98898437e-01
-4.41621875e-08,1.98901563e-01
-4.41221875e-08,1.98898437e-01
-4.40821875e-08,1.98901563e-01
-4.40421875e-08,1.98900000e-01
-4.40021875e-08,1.98900000e-01
-4.39621875e-08,1.98900000e-01
-4.39221875e-08,1.98900000e-01
-4.38821875e-08,1.98901563e-01
-4.38421875e-08,1.98898437e-01
-4.38021875e-08,1.98901563e-01
-4.37621875e-08,1.98896875e-01
-4.37221875e-08,1.98903125e-01
-4.36821875e-08,1.98896875e-01
-4.36421875e-08,1.98904688e-01
-4.36021875e-08,1.98895313e-01
-4.35621875e-08,1.98906250e-01
-4.35221875e-08,1.98893750e-01
-4.34821875e-08,1.98907813e-01
-4.34421875e-08,1.98890625e-01
-4.34021875e-08,1.98910937e-01
-4.33621875e-08,1.98887500e-01
-4.33221875e-08,1.98915625e-01
-4.32821875e-08,1.98878125e-01
-4.32421875e-08,1.98931250e-01
-4.32021875e-08,1.98843750e-01
-4.31621875e-08,1.99109375e-01
-4.31221875e-08,1.99351562e-01
-4.30821875e-08,1.99271875e-01
-4.30421875e-08,1.99318750e-01
-4.30021875e-08,1.99287500e-01
-4.29621875e-08,1.99309375e-01
-4.29221875e-08,1.99293750e-01
-4.28821875e-08,1.99304688e-01
-4.28421875e-08,1.99298438e-01
-4.28021875e-08,1.99300000e-01
-4.27621875e-08,1.99301563e-01
-4.27221875e-08,1.99295313e-01
-4.26821875e-08,1.99307813e-01
-4.26421875e-08,1.99285938e-01
-4.26021875e-08,1.99323438e-01
-4.25621875e-08,1.99251563e-01
-4.25221875e-08,1.99503125e-01
-4.24821875e-08,1.99759375e-01
-4.24421875e-08,1.99664063e-01
-4.24021875e-08,1.99725000e-01
-4.23621875e-08,1.99679688e-01
-4.23221875e-08,1.99717188e-01
-4.22821875e-08,1.99684375e-01
-4.22421875e-08,1.99714063e-01
-4.22021875e-08,1.99687500e-01
-4.21621875e-08,1.99710938e-01
-4.21221875e-08,1.99689063e-01
-4.20821875e-08,1.99709375e-01
-4.20421875e-08,1.99690625e-01
-4.20021875e-08,1.99709375e-01
-4.19621875e-08,1.99692188e-01
-4.19221875e-08,1.99707812e-01
-4.18821875e-08,1.99692188e-01
-4.18421875e-08,1.99707812e-01
-4.18021875e-08,1.99692188e-01
-4.17621875e-08,1.99706250e-01
-4.17221875e-08,1.99693750e-01
-4.16821875e-08,1.99706250e-01
-4.16421875e-08,1.99693750e-01
-4.16021875e-08,1.99706250e-01
-4.15621875e-08,1.99693750e-01
-4.15221875e-08,1.99706250e-01
-4.14821875e-08,1.99693750e-01
-4.14421875e-08,1.99706250e-01
-4.14021875e-08,1.99693750e-01
-4.13621875e-08,1.99706250e-01
-4.13221875e-08,1.99693750e-01
-4.12821875e-08,1.99706250e-01
-4.12421875e-08,1.99693750e-01
-4.12021875e-08,1.99706250e-01
-4.11621875e-08,1.99693750e-01
-4.11221875e-08,1.99706250e-01
-4.10821875e-08,1.99693750e-01
-4.10421875e-08,1.99706250e-01
-4.10021875e-08,1.99693750e-01
-4.09621875e-08,1.99706250e-01
-4.09221875e-08,1.99693750e-01
-4.08821875e-08,1.99706250e-01
-4.08421875e-08,1.99693750e-01
-4.08021875e-08,1.99706250e-01
-4.07621875e-08,1.99692188e-01
-4.07221875e-08,1.99707812e-01
-4.06821875e-08,1.99692188e-01
-4.06421875e-08,1.99709375e-01
-4.06021875e-08,1.99690625e-01
-4.05621875e-08,1.99710938e-01
-4.05221875e-08,1.99687500e-01
-4.04821875e-08,1.99714063e-01
-4.04421875e-08,1.99682813e-01
-4.04021875e-08,1.99723438e-01
-4.03621875e-08,1.99667188e-01
-4.03221875e-08,1.99757813e-01
-4.02821875e-08,1.99489063e-01
-4.02421875e-08,1.99248438e-01
-4.02021875e-08,1.99326562e-01
-4.01621875e-08,1.99282813e-01
-4.01221875e-08,1.99312500e-01
-4.00821875e-08,1.99292187e-01
-4.00421875e-08,1.99304688e-01
-4.00021875e-08,1.99298438e-01
-3.99621875e-08,1.99298438e-01
-3.99221875e-08,1.99307813e-01
-3.98821875e-08,1.99282813e-01
-3.98421875e-08,1.99342188e-01
-3.98021875e-08,1.99106250e-01
-3.97621875e-08,1.98831250e-01
-3.97221875e-08,1.98945312e-01
-3.96821875e-08,1.98862500e-01
-3.96421875e-08,1.98934375e-01
-3.96021875e-08,1.98865625e-01
-3.95621875e-08,1.98937500e-01
-3.95221875e-08,1.98853125e-01
-3.94821875e-08,1.98970312e-01
-3.94421875e-08,1.98676563e-01
-3.94021875e-08,1.98460938e-01
-3.93621875e-08,1.98515625e-01
-3.93221875e-08,1.98493750e-01
-3.92821875e-08,1.98501563e-01
-3.92421875e-08,1.98503125e-01
-3.92021875e-08,1.98493750e-01
-3.91621875e-08,1.98509375e-01
-3.91221875e-08,1.98487500e-01
-3.90821875e-08,1.98518750e-01
-3.90421875e-08,1.98470312e-01
-3.90021875e-08,1.98554687e-01
-3.89621875e-08,1.98292187e-01
-3.89221875e-08,1.98045313e-01
-3.88821875e-08,1.98129688e-01
-3.88421875e-08,1.98079688e-01
-3.88021875e-08,1.98115625e-01
-3.87621875e-08,1.98087500e-01
-3.87221875e-08,1.98109375e-01
-3.86821875e-08,1.98092188e-01
-3.86421875e-08,1.98106250e-01
-3.86021875e-08,1.98093750e-01
-3.85621875e-08,1.98104688e-01
-3.85221875e-08,1.98095313e-01
-3.84821875e-08,1.98104688e-01
-3.84421875e-08,1.98096875e-01
-3.84021875e-08,1.98103125e-01
-3.83621875e-08,1.98096875e-01
-3.83221875e-08,1.98103125e-01
-3.82821875e-08,1.98098438e-01
-3.82421875e-08,1.98101562e-01
-3.82021875e-08,1.98098438e-01
-3.81621875e-08,1.98101562e-01
-3.81221875e-08,1.98098438e-01
-3.80821875e-08,1.98101562e-01
-3.80421875e-08,1.98100000e-01
-3.80021875e-08,1.98100000e-01
-3.79621875e-08,1.98100000e-01
-3.79221875e-08,1.98100000e-01
-3.78821875e-08,1.98100000e-01
-3.78421875e-08,1.98100000e-01
-3.78021875e-08,1.98100000e-01
-3.77621875e-08,1.98098438e-01
-3.77221875e-08,1.98101562e-01
-3.76821875e-08,1.98098438e-01
-3.76421875e-08,1.98101562e-01
-3.76021875e-08,1.98098438e-01
-3.75621875e-08,1.98101562e-01
-3.75221875e-08,1.98096875e-01
-3.74821875e-08,1.98103125e-01
-3.74421875e-08,1.98096875e-01
-3.74021875e-08,1.98103125e-01
-3.73621875e-08,1.98095313e-01
-3.73221875e-08,1.98104688e-01
-3.72821875e-08,1.98095313e-01
-3.72421875e-08,1.98106250e-01
-3.72021875e-08,1.98093750e-01
-3.71621875e-08,1.98107813e-01
-3.71221875e-08,1.98090625e-01
-3.70821875e-08,1.98112500e-01
-3.70421875e-08,1.98084375e-01
-3.70021875e-08,1.98120313e-01
-3.69621875e-08,1.98070313e-01
-3.69221875e-08,1.98154688e-01
-3.68821875e-08,1.97892188e-01
-3.68421875e-08,1.97645313e-01
-3.68021875e-08,1.97729688e-01
-3.67621875e-08,1.97679688e-01
-3.67221875e-08,1.97715625e-01
-3.66821875e-08,1.97687500e-01
-3.66421875e-08,1.97710938e-01
-3.66021875e-08,1.97690625e-01
-3.65621875e-08,1.97707812e-01
-3.65221875e-08,1.97693750e-01
-3.64821875e-08,1.97706250e-01
-3.64421875e-08,1.97693750e-01
-3.64021875e-08,1.97704688e-01
-3.63621875e-08,1.97695312e-01
-3.63221875e-08,1.97704688e-01
-3.62821875e-08,1.97696875e-01
-3.62421875e-08,1.97703125e-01
-3.62021875e-08,1.97696875e-01
-3.61621875e-08,1.97703125e-01
-3.61221875e-08,1.97696875e-01
-3.60821875e-08,1.97701563e-01
-3.60421875e-08,1.97698438e-01
-3.60021875e-08,1.97701563e-01
-3.59621875e-08,1.97698438e-01
-3.59221875e-08,1.97701563e-01
-3.58821875e-08,1.97698438e-01
-3.58421875e-08,1.97701563e-01
-3.58021875e-08,1.97700000e-01
-3.57621875e-08,1.97700000e-01
-3.57221875e-08,1.97700000e-01
-3.56821875e-08,1.97700000e-01
-3.56421875e-08,1.97700000e-01
-3.56021875e-08,1.97700000e-01
-3.55621875e-08,1.97701563e-01
-3.55221875e-08,1.97698438e-01
-3.54821875e-08,1.97701563e-01
-3.54421875e-08,1.97698438e-01
-3.54021875e-08,1.97703125e-01
-3.53621875e-08,1.97696875e-01
-3.53221875e-08,1.97703125e-01
-3.52821875e-08,1.97695312e-01
-3.52421875e-08,1.97706250e-01
-3.52021875e-08,1.97693750e-01
-3.51621875e-08,1.97707812e-01
-3.51221875e-08,1.97689063e-01
-3.50821875e-08,1.97714063e-01
-3.50421875e-08,1.97681250e-01
-3.50021875e-08,1.97728125e-01
-3.49621875e-08,1.97646875e-01
-3.49221875e-08,1.97906250e-01
-3.48821875e-08,1.98156250e-01
-3.48421875e-08,1.98068750e-01
-3.48021875e-08,1.98121875e-01
-3.47621875e-08,1.98082813e-01
-3.47221875e-08,1.98114063e-01
-3.46821875e-08,1.98087500e-01
-3.46421875e-08,1.98110938e-01
-3.46021875e-08,1.98090625e-01
-3.45621875e-08,1.98109375e-01
-3.45221875e-08,1.98092188e-01
-3.44821875e-08,1.98107813e-01
-3.44421875e-08,1.98093750e-01
-3.44021875e-08,1.98106250e-01
-3.43621875e-08,1.98093750e-01
-3.43221875e-08,1.98106250e-01
-3.42821875e-08,1.98095313e-01
-3.42421875e-08,1.98104688e-01
-3.42021875e-08,1.98095313e-01
-3.41621875e-08,1.98104688e-01
-3.41221875e-08,1.98095313e-01
-3.40821875e-08,1.98104688e-01
-3.40421875e-08,1.98096875e-01
-3.40021875e-08,1.98103125e-01
-3.39621875e-08,1.98096875e-01
-3.39221875e-08,1.98103125e-01
-3.38821875e-08,1.98096875e-01
-3.38421875e-08,1.98103125e-01
-3.38021875e-08,1.98096875e-01
-3.37621875e-08,1.98103125e-01
-3.37221875e-08,1.98096875e-01
-3.36821875e-08,1.98103125e-01
-3.36421875e-08,1.98096875e-01
-3.36021875e-08,1.98101562e-01
-3.35621875e-08,1.98098438e-01
-3.35221875e-08,1.98101562e-01
-3.34821875e-08,1.98098438e-01
-3.34421875e-08,1.98101562e-01
-3.34021875e-08,1.98098438e-01
-3.33621875e-08,1.98101562e-01
-3.33221875e-08,1.98098438e-01
-3.32821875e-08,1.98101562e-01
-3.32421875e-08,1.98098438e-01
-3.32021875e-08,1.98101562e-01
-3.31621875e-08,1.98100000e-01
-3.31221875e-08,1.98100000e-01
-3.30821875e-08,1.98100000e-01
-3.30421875e-08,1.98100000e-01
-3.30021875e-08,1.98100000e-01
-3.29621875e-08,1.98100000e-01
-3.29221875e-08,1.98100000e-01
-3.28821875e-08,1.98098438e-01
-3.28421875e-08,1.98101562e-01
-3.28021875e-08,1.98098438e-01
-3.27621875e-08,1.98101562e-01
-3.27221875e-08,1.98096875e-01
-3.26821875e-08,1.98103125e-01
-3.26421875e-08,1.98095313e-01
-3.26021875e-08,1.98104688e-01
-3.25621875e-08,1.98093750e-01
-3.25221875e-08,1.98107813e-01
-3.24821875e-08,1.98090625e-01
-3.24421875e-08,1.98112500e-01
-3.24021875e-08,1.98082813e-01
-3.23621875e-08,1.98128125e-01
-3.23221875e-08,1.98046875e-01
-3.22821875e-08,1.98306250e-01
-3.22421875e-08,1.98556250e-01
-3.22021875e-08,1.98467188e-01
-3.21621875e-08,1.98523438e-01
-3.21221875e-08,1.98481250e-01
-3.20821875e-08,1.98515625e-01
-3.20421875e-08,1.98485938e-01
-3.20021875e-08,1.98512500e-01
-3.19621875e-08,1.98489063e-01
-3.19221875e-08,1.98509375e-01
-3.18821875e-08,1.98490625e-01
-3.18421875e-08,1.98507813e-01
-3.18021875e-08,1.98492188e-01
-3.17621875e-08,1.98507813e-01
-3.17221875e-08,1.98492188e-01
-3.16821875e-08,1.98507813e-01
-3.16421875e-08,1.98493750e-01
-3.16021875e-08,1.98506250e-01
-3.15621875e-08,1.98493750e-01
-3.15221875e-08,1.98506250e-01
-3.14821875e-08,1.98493750e-01
-3.14421875e-08,1.98506250e-01
-3.14021875e-08,1.98493750e-01
-3.13621875e-08,1.98506250e-01
-3.13221875e-08,1.98495313e-01
-3.12821875e-08,1.98504687e-01
-3.12421875e-08,1.98495313e-01
-3.12021875e-08,1.98504687e-01
-3.11621875e-08,1.98495313e-01
-3.11221875e-08,1.98504687e-01
-3.10821875e-08,1.98495313e-01
-3.10421875e-08,1.98504687e-01
-3.10021875e-08,1.98495313e-01
-3.09621875e-08,1.98504687e-01
-3.09221875e-08,1.98495313e-01
-3.08821875e-08,1.98504687e-01
-3.08421875e-08,1.98495313e-01
-3.08021875e-08,1.98504687e-01
-3.07621875e-08,1.98495313e-01
-3.07221875e-08,1.98504687e-01
-3.06821875e-08,1.98495313e-01
-3.06421875e-08,1.98504687e-01
-3.06021875e-08,1.98495313e-01
-3.05621875e-08,1.98504687e-01
-3.05221875e-08,1.98495313e-01
-3.04821875e-08,1.98504687e-01
-3.04421875e-08,1.98495313e-01
-3.04021875e-08,1.98504687e-01
-3.03621875e-08,1.98495313e-01
-3.03221875e-08,1.98504687e-01
-3.02821875e-08,1.98495313e-01
-3.02421875e-08,1.98504687e-01
-3.02021875e-08,1.98495313e-01
-3.01621875e-08,1.98504687e-01
-3.01221875e-08,1.98495313e-01
-3.00821875e-08,1.98504687e-01
-3.00421875e-08,1.98495313e-01
-3.00021875e-08,1.98504687e-01
-2.99621875e-08,1.98495313e-01
-2.99221875e-08,1.98504687e-01
-2.98821875e-08,1.98495313e-01
-2.98421875e-08,1.98504687e-01
-2.98021875e-08,1.98495313e-01
-2.97621875e-08,1.98504687e-01
-2.97221875e-08,1.98495313e-01
-2.96821875e-08,1.98504687e-01
-2.96421875e-08,1.98495313e-01
-2.96021875e-08,1.98504687e-01
-2.95621875e-08,1.98495313e-01
-2.95221875e-08,1.98504687e-01
-2.94821875e-08,1.98495313e-01
-2.94421875e-08,1.98504687e-01
-2.94021875e-08,1.98495313e-01
-2.93621875e-08,1.98504687e-01
-2.93221875e-08,1.98495313e-01
-2.92821875e-08,1.98504687e-01
-2.92421875e-08,1.98495313e-01
-2.92021875e-08,1.98504687e-01
-2.91621875e-08,1.98495313e-01
-2.91221875e-08,1.98504687e-01
-2.90821875e-08,1.98495313e-01
-2.90421875e-08,1.98504687e-01
-2.90021875e-08,1.98495313e-01
-2.89621875e-08,1.98504687e-01
-2.89221875e-08,1.98495313e-01
-2.88821875e-08,1.98504687e-01
-2.88421875e-08,1.98495313e-01
-2.88021875e-08,1.98504687e-01
-2.87621875e-08,1.98495313e-01
-2.87221875e-08,1.98504687e-01
-2.86821875e-08,1.98495313e-01
-2.86421875e-08,1.98504687e-01
-2.86021875e-08,1.98495313e-01
-2.85621875e-08,1.98504687e-01
-2.85221875e-08,1.98495313e-01
-2.84821875e-08,1.98506250e-01
-2.84421875e-08,1.98493750e-01
-2.84021875e-08,1.98506250e-01
-2.83621875e-08,1.98493750e-01
-2.83221875e-08,1.98506250e-01
-2.82821875e-08,1.98493750e-01
-2.82421875e-08,1.98506250e-01
-2.82021875e-08,1.98493750e-01
-2.81621875e-08,1.98507813e-01
-2.81221875e-08,1.98492188e-01
-2.80821875e-08,1.98507813e-01
-2.80421875e-08,1.98492188e-01
-2.80021875e-08,1.98509375e-01
-2.79621875e-08,1.98490625e-01
-2.79221875e-08,1.98510938e-01
-2.78821875e-08,1.98487500e-01
-2.78421875e-08,1.98514063e-01
-2.78021875e-08,1.98484375e-01
-2.77621875e-08,1.98518750e-01
-2.77221875e-08,1.98476563e-01
-2.76821875e-08,1.98532813e-01
-2.76421875e-08,1.98442188e-01
-2.76021875e-08,1.98712500e-01
-2.75621875e-08,1.98950000e-01
-2.75221875e-08,1.98873437e-01
-2.74821875e-08,1.98917188e-01
-2.74421875e-08,1.98887500e-01
-2.74021875e-08,1.98909375e-01
-2.73621875e-08,1.98893750e-01
-2.73221875e-08,1.98904688e-01
-2.72821875e-08,1.98896875e-01
-2.72421875e-08,1.98903125e-01
-2.72021875e-08,1.98898437e-01
-2.71621875e-08,1.98901563e-01
-2.71221875e-08,1.98900000e-01
-2.70821875e-08,1.98900000e-01
-2.70421875e-08,1.98900000e-01
-2.70021875e-08,1.98898437e-01
-2.69621875e-08,1.98901563e-01
-2.69221875e-08,1.98896875e-01
-2.68821875e-08,1.98903125e-01
-2.68421875e-08,1.98896875e-01
-2.68021875e-08,1.98904688e-01
-2.67621875e-08,1.98893750e-01
-2.67221875e-08,1.98906250e-01
-2.66821875e-08,1.98892188e-01
-2.66421875e-08,1.98910937e-01
-2.66021875e-08,1.98885937e-01
-2.65621875e-08,1.98918750e-01
-2.65221875e-08,1.98871875e-01
-2.64821875e-08,1.98953125e-01
-2.64421875e-08,1.98693750e-01
-2.64021875e-08,1.98445312e-01
-2.63621875e-08,1.98531250e-01
-2.63221875e-08,1.98478125e-01
-2.62821875e-08,1.98517187e-01
-2.62421875e-08,1.98485938e-01
-2.62021875e-08,1.98510938e-01
-2.61621875e-08,1.98490625e-01
-2.61221875e-08,1.98509375e-01
-2.60821875e-08,1.98492188e-01
-2.60421875e-08,1.98507813e-01
-2.60021875e-08,1.98493750e-01
-2.59621875e-08,1.98506250e-01
-2.59221875e-08,1.98493750e-01
-2.58821875e-08,1.98504687e-01
-2.58421875e-08,1.98495313e-01
-2.58021875e-08,1.98504687e-01
-2.57621875e-08,1.98495313e-01
-2.57221875e-08,1.98504687e-01
-2.56821875e-08,1.98495313e-01
-2.56421875e-08,1.98504687e-01
-2.56021875e-08,1.98496875e-01
-2.55621875e-08,1.98503125e-01
-2.55221875e-08,1.98496875e-01
-2.54821875e-08,1.98503125e-01
-2.54421875e-08,1.98496875e-01
-2.54021875e-08,1.98503125e-01
-2.53621875e-08,1.98496875e-01
-2.53221875e-08,1.98503125e-01
-2.52821875e-08,1.98496875e-01
-2.52421875e-08,1.98503125e-01
-2.52021875e-08,1.98496875e-01
-2.51621875e-08,1.98503125e-01
-2.51221875e-08,1.98496875e-01
-2.50821875e-08,1.98503125e-01
-2.50421875e-08,1.98496875e-01
-2.50021875e-08,1.98503125e-01
-2.49621875e-08,1.98496875e-01
-2.49221875e-08,1.98503125e-01
-2.48821875e-08,1.98496875e-01
-2.48421875e-08,1.98501563e-01
-2.48021875e-08,1.98498438e-01
-2.47621875e-08,1.98501563e-01
-2.47221875e-08,1.98498438e-01
-2.46821875e-08,1.98501563e-01
-2.46421875e-08,1.98498438e-01
-2.46021875e-08,1.98501563e-01
-2.45621875e-08,1.98498438e-01
-2.45221875e-08,1.98501563e-01
-2.44821875e-08,1.98498438e-01
-2.44421875e-08,1.98501563e-01
-2.44021875e-08,1.98498438e-01
-2.43621875e-08,1.98501563e-01
-2.43221875e-08,1.98498438e-01
-2.42821875e-08,1.98501563e-01
-2.42421875e-08,1.98498438e-01
-2.42021875e-08,1.98501563e-01
-2.41621875e-08,1.98498438e-01
-2.41221875e-08,1.98501563e-01
-2.40821875e-08,1.98498438e-01
-2.40421875e-08,1.98501563e-01
-2.40021875e-08,1.98498438e-01
-2.39621875e-08,1.98501563e-01
-2.39221875e-08,1.98498438e-01
-2.38821875e-08,1.98501563e-01
-2.38421875e-08,1.98498438e-01
-2.38021875e-08,1.98501563e-01
-2.37621875e-08,1.98498438e-01
-2.37221875e-08,1.98501563e-01
-2.36821875e-08,1.98498438e-01
-2.36421875e-08,1.98501563e-01
-2.36021875e-08,1.98498438e-01
-2.35621875e-08,1.98501563e-01
-2.35221875e-08,1.98498438e-01
-2.34821875e-08,1.98501563e-01
-2.34421875e-08,1.98498438e-01
-2.34021875e-08,1.98501563e-01
-2.33621875e-08,1.98498438e-01
-2.33221875e-08,1.98503125e-01
-2.32821875e-08,1.98496875e-01
-2.32421875e-08,1.98503125e-01
-2.32021875e-08,1.98496875e-01
-2.31621875e-08,1.98503125e-01
-2.31221875e-08,1.98496875e-01
-2.30821875e-08,1.98503125e-01
-2.30421875e-08,1.98496875e-01
-2.30021875e-08,1.98503125e-01
-2.29621875e-08,1.98496875e-01
-2.29221875e-08,1.98503125e-01
-2.28821875e-08,1.98496875e-01
-2.28421875e-08,1.98503125e-01
-2.28021875e-08,1.98496875e-01
-2.27621875e-08,1.98503125e-01
-2.27221875e-08,1.98495313e-01
-2.26821875e-08,1.98504687e-01
-2.26421875e-08,1.98495313e-01
-2.26021875e-08,1.98504687e-01
-2.25621875e-08,1.98495313e-01
-2.25221875e-08,1.98504687e-01
-2.24821875e-08,1.98493750e-01
-2.24421875e-08,1.98506250e-01
-2.24021875e-08,1.98493750e-01
-2.23621875e-08,1.98507813e-01
-2.23221875e-08,1.98492188e-01
-2.22821875e-08,1.98509375e-01
-2.22421875e-08,1.98489063e-01
-2.22021875e-08,1.98512500e-01
-2.21621875e-08,1.98484375e-01
-2.21221875e-08,1.98521875e-01
-2.20821875e-08,1.98468750e-01
-2.20421875e-08,1.98556250e-01
-2.20021875e-08,1.98290625e-01
-2.19621875e-08,1.98046875e-01
-2.19221875e-08,1.98129688e-01
-2.18821875e-08,1.98081250e-01
-2.18421875e-08,1.98114063e-01
-2.18021875e-08,1.98089062e-01
-2.17621875e-08,1.98109375e-01
-2.17221875e-08,1.98092188e-01
-2.16821875e-08,1.98106250e-01
-2.16421875e-08,1.98095313e-01
-2.16021875e-08,1.98103125e-01
-2.15621875e-08,1.98096875e-01
-2.15221875e-08,1.98101562e-01
-2.14821875e-08,1.98100000e-01
-2.14421875e-08,1.98100000e-01
-2.14021875e-08,1.98101562e-01
-2.13621875e-08,1.98095313e-01
-2.13221875e-08,1.98107813e-01
-2.12821875e-08,1.98087500e-01
-2.12421875e-08,1.98121875e-01
-2.12021875e-08,1.98053125e-01
-2.11621875e-08,1.98300000e-01
-2.11221875e-08,1.98562500e-01
-2.10821875e-08,1.98460938e-01
-2.10421875e-08,1.98529687e-01
-2.10021875e-08,1.98475000e-01
-2.09621875e-08,1.98523438e-01
-2.09221875e-08,1.98478125e-01
-2.08821875e-08,1.98521875e-01
-2.08421875e-08,1.98478125e-01
-2.08021875e-08,1.98521875e-01
-2.07621875e-08,1.98476563e-01
-2.07221875e-08,1.98526563e-01
-2.06821875e-08,1.98468750e-01
-2.06421875e-08,1.98540625e-01
-2.06021875e-08,1.98434375e-01
-2.05621875e-08,1.98718750e-01
-2.05221875e-08,1.98943750e-01
-2.04821875e-08,1.98881250e-01
-2.04421875e-08,1.98909375e-01
-2.04021875e-08,1.98896875e-01
-2.03621875e-08,1.98900000e-01
-2.03221875e-08,1.98903125e-01
-2.02821875e-08,1.98893750e-01
-2.02421875e-08,1.98910937e-01
-2.02021875e-08,1.98882813e-01
-2.01621875e-08,1.98926563e-01
-2.01221875e-08,1.98848438e-01
-2.00821875e-08,1.99106250e-01
-2.00421875e-08,1.99356250e-01
-2.00021875e-08,1.99267187e-01
-1.99621875e-08,1.99323438e-01
-1.99221875e-08,1.99282813e-01
-1.98821875e-08,1.99314062e-01
-1.98421875e-08,1.99287500e-01
-1.98021875e-08,1.99310938e-01
-1.97621875e-08,1.99290625e-01
-1.97221875e-08,1.99309375e-01
-1.96821875e-08,1.99292187e-01
-1.96421875e-08,1.99307813e-01
-1.96021875e-08,1.99293750e-01
-1.95621875e-08,1.99306250e-01
-1.95221875e-08,1.99293750e-01
-1.94821875e-08,1.99306250e-01
-1.94421875e-08,1.99293750e-01
-1.94021875e-08,1.99304688e-01
-1.93621875e-08,1.99295313e-01
-1.93221875e-08,1.99304688e-01
-1.92821875e-08,1.99295313e-01
-1.92421875e-08,1.99304688e-01
-1.92021875e-08,1.99295313e-01
-1.91621875e-08,1.99304688e-01
-1.91221875e-08,1.99295313e-01
-1.90821875e-08,1.99304688e-01
-1.90421875e-08,1.99295313e-01
-1.90021875e-08,1.99304688e-01
-1.89621875e-08,1.99295313e-01
-1.89221875e-08,1.99304688e-01
-1.88821875e-08,1.99295313e-01
-1.88421875e-08,1.99304688e-01
-1.88021875e-08,1.99293750e-01
-1.87621875e-08,1.99306250e-01
-1.87221875e-08,1.99293750e-01
-1.86821875e-08,1.99306250e-01
-1.86421875e-08,1.99293750e-01
-1.86021875e-08,1.99307813e-01
-1.85621875e-08,1.99292187e-01
-1.85221875e-08,1.99309375e-01
-1.84821875e-08,1.99289063e-01
-1.84421875e-08,1.99312500e-01
-1.84021875e-08,1.99284375e-01
-1.83621875e-08,1.99320313e-01
-1.83221875e-08,1.99270313e-01
-1.82821875e-08,1.99354688e-01
-1.82421875e-08,1.99092188e-01
-1.82021875e-08,1.98845313e-01
-1.81621875e-08,1.98931250e-01
-1.81221875e-08,1.98878125e-01
-1.80821875e-08,1.98917188e-01
-1.80421875e-08,1.98885937e-01
-1.80021875e-08,1.98912500e-01
-1.79621875e-08,1.98887500e-01
-1.79221875e-08,1.98910937e-01
-1.78821875e-08,1.98889063e-01
-1.78421875e-08,1.98910937e-01
-1.78021875e-08,1.98887500e-01
-1.77621875e-08,1.98914063e-01
-1.77221875e-08,1.98884375e-01
-1.76821875e-08,1.98920313e-01
-1.76421875e-08,1.98870313e-01
-1.76021875e-08,1.98954688e-01
-1.75621875e-08,1.98692188e-01
-1.75221875e-08,1.98443750e-01
-1.74821875e-08,1.98532813e-01
-1.74421875e-08,1.98476563e-01
-1.74021875e-08,1.98518750e-01
-1.73621875e-08,1.98482812e-01
-1.73221875e-08,1.98515625e-01
-1.72821875e-08,1.98485938e-01
-1.72421875e-08,1.98514063e-01
-1.72021875e-08,1.98485938e-01
-1.71621875e-08,1.98515625e-01
-1.71221875e-08,1.98482812e-01
-1.70821875e-08,1.98520313e-01
-1.70421875e-08,1.98475000e-01
-1.70021875e-08,1.98534375e-01
-1.69621875e-08,1.98440625e-01
-1.69221875e-08,1.98712500e-01
-1.68821875e-08,1.98950000e-01
-1.68421875e-08,1.98873437e-01
-1.68021875e-08,1.98917188e-01
-1.67621875e-08,1.98887500e-01
-1.67221875e-08,1.98909375e-01
-1.66821875e-08,1.98892188e-01
-1.66421875e-08,1.98906250e-01
-1.66021875e-08,1.98895313e-01
-1.65621875e-08,1.98904688e-01
-1.65221875e-08,1.98896875e-01
-1.64821875e-08,1.98903125e-01
-1.64421875e-08,1.98896875e-01
-1.64021875e-08,1.98901563e-01
-1.63621875e-08,1.98898437e-01
-1.63221875e-08,1.98901563e-01
-1.62821875e-08,1.98900000e-01
-1.62421875e-08,1.98900000e-01
-1.62021875e-08,1.98900000e-01
-1.61621875e-08,1.98900000e-01
-1.61221875e-08,1.98900000e-01
-1.60821875e-08,1.98898437e-01
-1.60421875e-08,1.98901563e-01
-1.60021875e-08,1.98898437e-01
-1.59621875e-08,1.98901563e-01
-1.59221875e-08,1.98896875e-01
-1.58821875e-08,1.98903125e-01
-1.58421875e-08,1.98895313e-01
-1.58021875e-08,1.98904688e-01
-1.57621875e-08,1.98893750e-01
-1.57221875e-08,1.98906250e-01
-1.56821875e-08,1.98892188e-01
-1.56421875e-08,1.98910937e-01
-1.56021875e-08,1.98885937e-01
-1.55621875e-08,1.98918750e-01
-1.55221875e-08,1.98871875e-01
-1.54821875e-08,1.98953125e-01
-1.54421875e-08,1.98693750e-01
-1.54021875e-08,1.98445312e-01
-1.53621875e-08,1.98531250e-01
-1.53221875e-08,1.98478125e-01
-1.52821875e-08,1.98517187e-01
-1.52421875e-08,1.98485938e-01
-1.52021875e-08,1.98512500e-01
-1.51621875e-08,1.98489063e-01
-1.51221875e-08,1.98509375e-01
-1.50821875e-08,1.98492188e-01
-1.50421875e-08,1.98507813e-01
-1.50021875e-08,1.98493750e-01
-1.49621875e-08,1.98506250e-01
-1.49221875e-08,1.98493750e-01
-1.48821875e-08,1.98504687e-01
-1.48421875e-08,1.98495313e-01
-1.48021875e-08,1.98504687e-01
-1.47621875e-08,1.98496875e-01
-1.47221875e-08,1.98503125e-01
-1.46821875e-08,1.98496875e-01
-1.46421875e-08,1.98503125e-01
-1.46021875e-08,1.98498438e-01
-1.45621875e-08,1.98501563e-01
-1.45221875e-08,1.98498438e-01
-1.44821875e-08,1.98501563e-01
-1.44421875e-08,1.98500000e-01
-1.44021875e-08,1.98500000e-01
-1.43621875e-08,1.98501563e-01
-1.43221875e-08,1.98498438e-01
-1.42821875e-08,1.98503125e-01
-1.42421875e-08,1.98495313e-01
-1.42021875e-08,1.98506250e-01
-1.41621875e-08,1.98492188e-01
-1.41221875e-08,1.98510938e-01
-1.40821875e-08,1.98482812e-01
-1.40421875e-08,1.98526563e-01
-1.40021875e-08,1.98448438e-01
-1.39621875e-08,1.98706250e-01
-1.39221875e-08,1.98956250e-01
-1.38821875e-08,1.98868750e-01
-1.38421875e-08,1.98921875e-01
-1.38021875e-08,1.98884375e-01
-1.37621875e-08,1.98910937e-01
-1.37221875e-08,1.98893750e-01
-1.36821875e-08,1.98898437e-01
-1.36421875e-08,1.98910937e-01
-1.36021875e-08,1.98864062e-01
-1.35621875e-08,1.99089062e-01
-1.35221875e-08,1.99371875e-01
-1.34821875e-08,1.99251563e-01
-1.34421875e-08,1.99340625e-01
-1.34021875e-08,1.99264063e-01
-1.33621875e-08,1.99334375e-01
-1.33221875e-08,1.99265625e-01
-1.32821875e-08,1.99335938e-01
-1.32421875e-08,1.99260938e-01
-1.32021875e-08,1.99348438e-01
-1.31621875e-08,1.99228125e-01
-1.31221875e-08,1.99525000e-01
-1.30821875e-08,1.99737500e-01
-1.30421875e-08,1.99685938e-01
-1.30021875e-08,1.99704688e-01
-1.29621875e-08,1.99700000e-01
-1.29221875e-08,1.99696875e-01
-1.28821875e-08,1.99704688e-01
-1.28421875e-08,1.99693750e-01
-1.28021875e-08,1.99707812e-01
-1.27621875e-08,1.99690625e-01
-1.27221875e-08,1.99709375e-01
-1.26821875e-08,1.99689063e-01
-1.26421875e-08,1.99710938e-01
-1.26021875e-08,1.99687500e-01
-1.25621875e-08,1.99714063e-01
-1.25221875e-08,1.99684375e-01
-1.24821875e-08,1.99717188e-01
-1.24421875e-08,1.99681250e-01
-1.24021875e-08,1.99720312e-01
-1.23621875e-08,1.99675000e-01
-1.23221875e-08,1.99729688e-01
-1.22821875e-08,1.99659375e-01
-1.22421875e-08,1.99765625e-01
-1.22021875e-08,1.99481250e-01
-1.21621875e-08,1.99257813e-01
-1.21221875e-08,1.99317187e-01
-1.20821875e-08,1.99293750e-01
-1.20421875e-08,1.99300000e-01
-1.20021875e-08,1.99306250e-01
-1.19621875e-08,1.99289063e-01
-1.19221875e-08,1.99317187e-01
-1.18821875e-08,1.99270313e-01
-1.18421875e-08,1.99356250e-01
-1.18021875e-08,1.99090625e-01
-1.17621875e-08,1.98848438e-01
-1.17221875e-08,1.98925000e-01
-1.16821875e-08,1.98885937e-01
-1.16421875e-08,1.98906250e-01
-1.16021875e-08,1.98901563e-01
-1.15621875e-08,1.98885937e-01
-1.15221875e-08,1.98939063e-01
-1.14821875e-08,1.98706250e-01
-1.14421875e-08,1.98431250e-01
-1.14021875e-08,1.98546875e-01
-1.13621875e-08,1.98460938e-01
-1.13221875e-08,1.98537500e-01
-1.12821875e-08,1.98456250e-01
-1.12421875e-08,1.98565625e-01
-1.12021875e-08,1.98284375e-01
-1.11621875e-08,1.98051563e-01
-1.11221875e-08,1.98128125e-01
-1.10821875e-08,1.98076562e-01
-1.10421875e-08,1.98123437e-01
-1.10021875e-08,1.98070313e-01
-1.09621875e-08,1.98153125e-01
-1.09221875e-08,1.97895313e-01
-1.08821875e-08,1.97640625e-01
-1.08421875e-08,1.97735938e-01
-1.08021875e-08,1.97671875e-01
-1.07621875e-08,1.97725000e-01
-1.07221875e-08,1.97676563e-01
-1.06821875e-08,1.97723438e-01
-1.06421875e-08,1.97675000e-01
-1.06021875e-08,1.97729688e-01
-1.05621875e-08,1.97662500e-01
-1.05221875e-08,1.97762500e-01
-1.04821875e-08,1.97484375e-01
-1.04421875e-08,1.97253125e-01
-1.04021875e-08,1.97323438e-01
-1.03621875e-08,1.97285938e-01
-1.03221875e-08,1.97309375e-01
-1.02821875e-08,1.97293750e-01
-1.02421875e-08,1.97304688e-01
-1.02021875e-08,1.97296875e-01
-1.01621875e-08,1.97301562e-01
-1.01221875e-08,1.97300000e-01
-1.00821875e-08,1.97298438e-01
-1.00421875e-08,1.97304688e-01
-1.00021875e-08,1.97293750e-01
-9.96218750e-09,1.97309375e-01
-9.92218750e-09,1.97285938e-01
-9.88218750e-09,1.97325000e-01
-9.84218750e-09,1.97250000e-01
-9.80218750e-09,1.97503125e-01
-9.76218750e-09,1.97759375e-01
-9.72218750e-09,1.97664063e-01
-9.68218750e-09,1.97726563e-01
-9.64218750e-09,1.97678125e-01
-9.60218750e-09,1.97718750e-01
-9.56218750e-09,1.97682812e-01
-9.52218750e-09,1.97715625e-01
-9.48218750e-09,1.97684375e-01
-9.44218750e-09,1.97714063e-01
-9.40218750e-09,1.97685938e-01
-9.36218750e-09,1.97714063e-01
-9.32218750e-09,1.97685938e-01
-9.28218750e-09,1.97714063e-01
-9.24218750e-09,1.97685938e-01
-9.20218750e-09,1.97715625e-01
-9.16218750e-09,1.97684375e-01
-9.12218750e-09,1.97717188e-01
-9.08218750e-09,1.97681250e-01
-9.04218750e-09,1.97721875e-01
-9.00218750e-09,1.97673437e-01
-8.96218750e-09,1.97735938e-01
-8.92218750e-09,1.97639063e-01
-8.88218750e-09,1.97914063e-01
-8.84218750e-09,1.98148437e-01
-8.80218750e-09,1.98075000e-01
-8.76218750e-09,1.98115625e-01
-8.72218750e-09,1.98090625e-01
-8.68218750e-09,1.98107813e-01
-8.64218750e-09,1.98095313e-01
-8.60218750e-09,1.98103125e-01
-8.56218750e-09,1.98096875e-01
-8.52218750e-09,1.98101562e-01
-8.48218750e-09,1.98098438e-01
-8.44218750e-09,1.98100000e-01
-8.40218750e-09,1.98100000e-01
-8.36218750e-09,1.98100000e-01
-8.32218750e-09,1.98100000e-01
-8.28218750e-09,1.98098438e-01
-8.24218750e-09,1.98101562e-01
-8.20218750e-09,1.98098438e-01
-8.16218750e-09,1.98101562e-01
-8.12218750e-09,1.98098438e-01
-8.08218750e-09,1.98101562e-01
-8.04218750e-09,1.98098438e-01
-8.00218750e-09,1.98101562e-01
-7.96218750e-09,1.98096875e-01
-7.92218750e-09,1.98103125e-01
-7.88218750e-09,1.98096875e-01
-7.84218750e-09,1.98103125e-01
-7.80218750e-09,1.98096875e-01
-7.76218750e-09,1.98103125e-01
-7.72218750e-09,1.98096875e-01
-7.68218750e-09,1.98103125e-01
-7.64218750e-09,1.98096875e-01
-7.60218750e-09,1.98103125e-01
-7.56218750e-09,1.98096875e-01
-7.52218750e-09,1.98103125e-01
-7.48218750e-09,1.98096875e-01
-7.44218750e-09,1.98103125e-01
-7.40218750e-09,1.98096875e-01
-7.36218750e-09,1.98103125e-01
-7.32218750e-09,1.98096875e-01
-7.28218750e-09,1.98104688e-01
-7.24218750e-09,1.98095313e-01
-7.20218750e-09,1.98104688e-01
-7.16218750e-09,1.98095313e-01
-7.12218750e-09,1.98104688e-01
-7.08218750e-09,1.98095313e-01
-7.04218750e-09,1.98104688e-01
-7.00218750e-09,1.98095313e-01
-6.96218750e-09,1.98104688e-01
-6.92218750e-09,1.98095313e-01
-6.88218750e-09,1.98104688e-01
-6.84218750e-09,1.98095313e-01
-6.80218750e-09,1.98104688e-01
-6.76218750e-09,1.98095313e-01
-6.72218750e-09,1.98104688e-01
-6.68218750e-09,1.98093750e-01
-6.64218750e-09,1.98106250e-01
-6.60218750e-09,1.98093750e-01
-6.56218750e-09,1.98106250e-01
-6.52218750e-09,1.98093750e-01
-6.48218750e-09,1.98106250e-01
-6.44218750e-09,1.98093750e-01
-6.40218750e-09,1.98106250e-01
-6.36218750e-09,1.98093750e-01
-6.32218750e-09,1.98106250e-01
-6.28218750e-09,1.98092188e-01
-6.24218750e-09,1.98107813e-01
-6.20218750e-09,1.98092188e-01
-6.16218750e-09,1.98107813e-01
-6.12218750e-09,1.98092188e-01
-6.08218750e-09,1.98109375e-01
-6.04218750e-09,1.98090625e-01
-6.00218750e-09,1.98109375e-01
-5.96218750e-09,1.98089062e-01
-5.92218750e-09,1.98110938e-01
-5.88218750e-09,1.98087500e-01
-5.84218750e-09,1.98112500e-01
-5.80218750e-09,1.98085938e-01
-5.76218750e-09,1.98117188e-01
-5.72218750e-09,1.98079688e-01
-5.68218750e-09,1.98125000e-01
-5.64218750e-09,1.98065625e-01
-5.60218750e-09,1.98159375e-01
-5.56218750e-09,1.97887500e-01
-5.52218750e-09,1.97651563e-01
-5.48218750e-09,1.97725000e-01
-5.44218750e-09,1.97684375e-01
-5.40218750e-09,1.97710938e-01
-5.36218750e-09,1.97692188e-01
-5.32218750e-09,1.97706250e-01
-5.28218750e-09,1.97695312e-01
-5.24218750e-09,1.97703125e-01
-5.20218750e-09,1.97698438e-01
-5.16218750e-09,1.97701563e-01
-5.12218750e-09,1.97700000e-01
-5.08218750e-09,1.97700000e-01
-5.04218750e-09,1.97700000e-01
-5.00218750e-09,1.97698438e-01
-4.96218750e-09,1.97701563e-01
-4.92218750e-09,1.97698438e-01
-4.88218750e-09,1.97701563e-01
-4.84218750e-09,1.97698438e-01
-4.80218750e-09,1.97703125e-01
-4.76218750e-09,1.97696875e-01
-4.72218750e-09,1.97703125e-01
-4.68218750e-09,1.97696875e-01
-4.64218750e-09,1.97703125e-01
-4.60218750e-09,1.97696875e-01
-4.56218750e-09,1.97703125e-01
-4.52218750e-09,1.97695312e-01
-4.48218750e-09,1.97704688e-01
-4.44218750e-09,1.97695312e-01
-4.40218750e-09,1.97704688e-01
-4.36218750e-09,1.97695312e-01
-4.32218750e-09,1.97704688e-01
-4.28218750e-09,1.97695312e-01
-4.24218750e-09,1.97704688e-01
-4.20218750e-09,1.97695312e-01
-4.16218750e-09,1.97706250e-01
-4.12218750e-09,1.97693750e-01
-4.08218750e-09,1.97706250e-01
-4.04218750e-09,1.97693750e-01
-4.00218750e-09,1.97706250e-01
-3.96218750e-09,1.97693750e-01
-3.92218750e-09,1.97706250e-01
-3.88218750e-09,1.97693750e-01
-3.84218750e-09,1.97707812e-01
-3.80218750e-09,1.97692188e-01
-3.76218750e-09,1.97707812e-01
-3.72218750e-09,1.97692188e-01
-3.68218750e-09,1.97707812e-01
-3.64218750e-09,1.97692188e-01
-3.60218750e-09,1.97709375e-01
-3.56218750e-09,1.97690625e-01
-3.52218750e-09,1.97709375e-01
-3.48218750e-09,1.97690625e-01
-3.44218750e-09,1.97710938e-01
-3.40218750e-09,1.97689063e-01
-3.36218750e-09,1.97710938e-01
-3.32218750e-09,1.97687500e-01
-3.28218750e-09,1.97712500e-01
-3.24218750e-09,1.97687500e-01
-3.20218750e-09,1.97714063e-01
-3.16218750e-09,1.97684375e-01
-3.12218750e-09,1.97717188e-01
-3.08218750e-09,1.97681250e-01
-3.04218750e-09,1.97721875e-01
-3.00218750e-09,1.97671875e-01
-2.96218750e-09,1.97737500e-01
-2.92218750e-09,1.97637500e-01
-2.88218750e-09,1.97915625e-01
-2.84218750e-09,1.98146875e-01
-2.80218750e-09,1.98076562e-01
-2.76218750e-09,1.98114063e-01
-2.72218750e-09,1.98090625e-01
-2.68218750e-09,1.98106250e-01
-2.64218750e-09,1.98095313e-01
-2.60218750e-09,1.98104688e-01
-2.56218750e-09,1.98095313e-01
-2.52218750e-09,1.98106250e-01
-2.48218750e-09,1.98090625e-01
-2.44218750e-09,1.98117188e-01
-2.40218750e-09,1.98059375e-01
-2.36218750e-09,1.98292187e-01
-2.32218750e-09,1.98571875e-01
-2.28218750e-09,1.98450000e-01
-2.24218750e-09,1.98542188e-01
-2.20218750e-09,1.98459375e-01
-2.16218750e-09,1.98542188e-01
-2.12218750e-09,1.98454688e-01
-2.08218750e-09,1.98554687e-01
-2.04218750e-09,1.98418750e-01
-2.00218750e-09,1.98734375e-01
-1.96218750e-09,1.98926563e-01
-1.92218750e-09,1.98900000e-01
-1.88218750e-09,1.98889063e-01
-1.84218750e-09,1.98920313e-01
-1.80218750e-09,1.98870313e-01
-1.76218750e-09,1.98942188e-01
-1.72218750e-09,1.98829688e-01
-1.68218750e-09,1.99126562e-01
-1.64218750e-09,1.99332813e-01
-1.60218750e-09,1.99296875e-01
-1.56218750e-09,1.99287500e-01
-1.52218750e-09,1.99328125e-01
-1.48218750e-09,1.99240625e-01
-1.44218750e-09,1.99515625e-01
-1.40218750e-09,1.99742188e-01
-1.36218750e-09,1.99687500e-01
-1.32218750e-09,1.99695312e-01
-1.28218750e-09,1.99720312e-01
-1.24218750e-09,1.99648437e-01
-1.20218750e-09,1.99907813e-01
-1.16218750e-09,2.00150000e-01
-1.12218750e-09,2.00079688e-01
-1.08218750e-09,2.00104688e-01
-1.04218750e-09,2.00112500e-01
-1.00218750e-09,2.00057813e-01
-9.62187500e-10,2.00298438e-01
-9.22187500e-10,2.00559375e-01
-8.82187500e-10,2.00467188e-01
-8.42187500e-10,2.00520313e-01
-8.02187500e-10,2.00489063e-01
-7.62187500e-10,2.00501563e-01
-7.22187500e-10,2.00510938e-01
-6.82187500e-10,2.00460938e-01
-6.42187500e-10,2.00693750e-01
-6.02187500e-10,2.00967188e-01
-5.62187500e-10,2.00857813e-01
-5.22187500e-10,2.00931250e-01
-4.82187500e-10,2.00875000e-01
-4.42187500e-10,2.00921875e-01
-4.02187500e-10,2.00881250e-01
-3.62187500e-10,2.00917188e-01
-3.22187500e-10,2.00885938e-01
-2.82187500e-10,2.00912500e-01
-2.42187500e-10,2.00889062e-01
-2.02187500e-10,2.00910937e-01
-1.62187500e-10,2.00890625e-01
-1.22187500e-10,2.00907813e-01
-8.21875000e-11,2.00892188e-01
-4.21875000e-11,2.00906250e-01
-2.18750000e-12,2.00893750e-01
3.78125000e-11,2.00904688e-01
7.78125000e-11,2.00896875e-01
1.17812500e-10,2.00903125e-01
1.57812500e-10,2.00898437e-01
1.97812500e-10,2.00901563e-01
2.37812500e-10,2.00900000e-01
2.77812500e-10,2.00900000e-01
3.17812500e-10,2.00901563e-01
3.57812500e-10,2.00896875e-01
3.97812500e-10,2.00904688e-01
4.37812500e-10,2.00895313e-01
4.77812500e-10,2.00907813e-01
5.17812500e-10,2.00890625e-01
5.57812500e-10,2.00912500e-01
5.97812500e-10,2.00884375e-01
6.37812500e-10,2.00921875e-01
6.77812500e-10,2.00868750e-01
7.17812500e-10,2.00957812e-01
7.57812500e-10,2.00689063e-01
7.97812500e-10,2.00450000e-01
8.37812500e-10,2.00523438e-01
8.77812500e-10,2.00487500e-01
9.17812500e-10,2.00506250e-01
9.57812500e-10,2.00500000e-01
9.97812500e-10,2.00495313e-01
1.03781250e-09,2.00512500e-01
1.07781250e-09,2.00476563e-01
1.11781250e-09,2.00550000e-01
1.15781250e-09,2.00293750e-01
1.19781250e-09,2.00045313e-01
1.23781250e-09,2.00128125e-01
1.27781250e-09,2.00084375e-01
1.31781250e-09,2.00107813e-01
1.35781250e-09,2.00101562e-01
1.39781250e-09,2.00085938e-01
1.43781250e-09,2.00140625e-01
1.47781250e-09,1.99903125e-01
1.51781250e-09,1.99635937e-01
1.55781250e-09,1.99737500e-01
1.59781250e-09,1.99675000e-01
1.63781250e-09,1.99717188e-01
1.67781250e-09,1.99690625e-01
1.71781250e-09,1.99696875e-01
1.75781250e-09,1.99729688e-01
1.79781250e-09,1.99515625e-01
1.83781250e-09,1.99221875e-01
1.87781250e-09,1.99353125e-01
1.91781250e-09,1.99256250e-01
1.95781250e-09,1.99339062e-01
1.99781250e-09,1.99262500e-01
2.03781250e-09,1.99335938e-01
2.07781250e-09,1.99262500e-01
2.11781250e-09,1.99340625e-01
2.15781250e-09,1.99250000e-01
2.19781250e-09,1.99373438e-01
2.23781250e-09,1.99075000e-01
2.27781250e-09,1.98862500e-01
2.31781250e-09,1.98914063e-01
2.35781250e-09,1.98893750e-01
2.39781250e-09,1.98901563e-01
2.43781250e-09,1.98901563e-01
2.47781250e-09,1.98896875e-01
2.51781250e-09,1.98903125e-01
2.55781250e-09,1.98895313e-01
2.59781250e-09,1.98904688e-01
2.63781250e-09,1.98895313e-01
2.67781250e-09,1.98904688e-01
2.71781250e-09,1.98895313e-01
2.75781250e-09,1.98906250e-01
2.79781250e-09,1.98893750e-01
2.83781250e-09,1.98906250e-01
2.87781250e-09,1.98893750e-01
2.91781250e-09,1.98906250e-01
2.95781250e-09,1.98893750e-01
2.99781250e-09,1.98906250e-01
3.03781250e-09,1.98893750e-01
3.07781250e-09,1.98906250e-01
3.11781250e-09,1.98895313e-01
3.15781250e-09,1.98904688e-01
3.19781250e-09,1.98895313e-01
3.23781250e-09,1.98904688e-01
3.27781250e-09,1.98895313e-01
3.31781250e-09,1.98904688e-01
3.35781250e-09,1.98895313e-01
3.39781250e-09,1.98904688e-01
3.43781250e-09,1.98895313e-01
3.47781250e-09,1.98904688e-01
3.51781250e-09,1.98895313e-01
3.55781250e-09,1.98904688e-01
3.59781250e-09,1.98895313e-01
3.63781250e-09,1.98904688e-01
3.67781250e-09,1.98895313e-01
3.71781250e-09,1.98904688e-01
3.75781250e-09,1.98895313e-01
3.79781250e-09,1.98904688e-01
3.83781250e-09,1.98895313e-01
3.87781250e-09,1.98903125e-01
3.91781250e-09,1.98896875e-01
3.95781250e-09,1.98903125e-01
3.99781250e-09,1.98896875e-01
4.03781250e-09,1.98903125e-01
4.07781250e-09,1.98896875e-01
4.11781250e-09,1.98903125e-01
4.15781250e-09,1.98896875e-01
4.19781250e-09,1.98903125e-01
4.23781250e-09,1.98896875e-01
4.27781250e-09,1.98903125e-01
4.31781250e-09,1.98896875e-01
4.35781250e-09,1.98903125e-01
4.39781250e-09,1.98896875e-01
4.43781250e-09,1.98903125e-01
4.47781250e-09,1.98896875e-01
4.51781250e-09,1.98901563e-01
4.55781250e-09,1.98898437e-01
4.59781250e-09,1.98901563e-01
4.63781250e-09,1.98898437e-01
4.67781250e-09,1.98901563e-01
4.71781250e-09,1.98898437e-01
4.75781250e-09,1.98901563e-01
4.79781250e-09,1.98898437e-01
4.83781250e-09,1.98900000e-01
4.87781250e-09,1.98900000e-01
4.91781250e-09,1.98900000e-01
4.95781250e-09,1.98900000e-01
4.99781250e-09,1.98898437e-01
5.03781250e-09,1.98901563e-01
5.07781250e-09,1.98898437e-01
5.11781250e-09,1.98903125e-01
5.15781250e-09,1.98895313e-01
5.19781250e-09,1.98906250e-01
5.23781250e-09,1.98892188e-01
5.27781250e-09,1.98910937e-01
5.31781250e-09,1.98884375e-01
5.35781250e-09,1.98925000e-01
5.39781250e-09,1.98850000e-01
5.43781250e-09,1.99103125e-01
5.47781250e-09,1.99359375e-01
5.51781250e-09,1.99264063e-01
5.55781250e-09,1.99326562e-01
5.59781250e-09,1.99278125e-01
5.63781250e-09,1.99318750e-01
5.67781250e-09,1.99282813e-01
5.71781250e-09,1.99315625e-01
5.75781250e-09,1.99284375e-01
5.79781250e-09,1.99315625e-01
5.83781250e-09,1.99284375e-01
5.87781250e-09,1.99315625e-01
5.91781250e-09,1.99284375e-01
5.95781250e-09,1.99317187e-01
5.99781250e-09,1.99279687e-01
6.03781250e-09,1.99325000e-01
6.07781250e-09,1.99265625e-01
6.11781250e-09,1.99357813e-01
6.15781250e-09,1.99089062e-01
6.19781250e-09,1.98848438e-01
6.23781250e-09,1.98928125e-01
6.27781250e-09,1.98879688e-01
6.31781250e-09,1.98915625e-01
6.35781250e-09,1.98885937e-01
6.39781250e-09,1.98912500e-01
6.43781250e-09,1.98887500e-01
6.47781250e-09,1.98914063e-01
6.51781250e-09,1.98884375e-01
6.55781250e-09,1.98920313e-01
6.59781250e-09,1.98871875e-01
6.63781250e-09,1.98953125e-01
6.67781250e-09,1.98695312e-01
6.71781250e-09,1.98442188e-01
6.75781250e-09,1.98535938e-01
6.79781250e-09,1.98471875e-01
6.83781250e-09,1.98525000e-01
6.87781250e-09,1.98475000e-01
6.91781250e-09,1.98526563e-01
6.95781250e-09,1.98465625e-01
6.99781250e-09,1.98557813e-01
7.03781250e-09,1.98290625e-01
7.07781250e-09,1.98046875e-01
7.11781250e-09,1.98131250e-01
7.15781250e-09,1.98076562e-01
7.19781250e-09,1.98121875e-01
7.23781250e-09,1.98078125e-01
7.27781250e-09,1.98125000e-01
7.31781250e-09,1.98067188e-01
7.35781250e-09,1.98157813e-01
7.39781250e-09,1.97890625e-01
7.43781250e-09,1.97646875e-01
7.47781250e-09,1.97729688e-01
7.51781250e-09,1.97679688e-01
7.55781250e-09,1.97715625e-01
7.59781250e-09,1.97687500e-01
7.63781250e-09,1.97710938e-01
7.67781250e-09,1.97690625e-01
7.71781250e-09,1.97709375e-01
7.75781250e-09,1.97692188e-01
7.79781250e-09,1.97707812e-01
7.83781250e-09,1.97692188e-01
7.87781250e-09,1.97706250e-01
7.91781250e-09,1.97693750e-01
7.95781250e-09,1.97706250e-01
7.99781250e-09,1.97693750e-01
8.03781250e-09,1.97706250e-01
8.07781250e-09,1.97693750e-01
8.11781250e-09,1.97706250e-01
8.15781250e-09,1.97693750e-01
8.19781250e-09,1.97706250e-01
8.23781250e-09,1.97693750e-01
8.27781250e-09,1.97706250e-01
8.31781250e-09,1.97693750e-01
8.35781250e-09,1.97706250e-01
8.39781250e-09,1.97693750e-01
8.43781250e-09,1.97706250e-01
8.47781250e-09,1.97693750e-01
8.51781250e-09,1.97707812e-01
8.55781250e-09,1.97692188e-01
8.59781250e-09,1.97707812e-01
8.63781250e-09,1.97690625e-01
8.67781250e-09,1.97710938e-01
8.71781250e-09,1.97687500e-01
8.75781250e-09,1.97715625e-01
8.79781250e-09,1.97679688e-01
8.83781250e-09,1.97729688e-01
8.87781250e-09,1.97646875e-01
8.91781250e-09,1.97906250e-01
8.95781250e-09,1.98156250e-01
8.99781250e-09,1.98067188e-01
9.03781250e-09,1.98125000e-01
9.07781250e-09,1.98078125e-01
9.11781250e-09,1.98120313e-01
9.15781250e-09,1.98079688e-01
9.19781250e-09,1.98121875e-01
9.23781250e-09,1.98075000e-01
9.27781250e-09,1.98134375e-01
9.31781250e-09,1.98042188e-01
9.35781250e-09,1.98310938e-01
9.39781250e-09,1.98551563e-01
9.43781250e-09,1.98471875e-01
9.47781250e-09,1.98518750e-01
9.51781250e-09,1.98485938e-01
9.55781250e-09,1.98512500e-01
9.59781250e-09,1.98490625e-01
9.63781250e-09,1.98509375e-01
9.67781250e-09,1.98492188e-01
9.71781250e-09,1.98507813e-01
9.75781250e-09,1.98493750e-01
9.79781250e-09,1.98506250e-01
9.83781250e-09,1.98493750e-01
9.87781250e-09,1.98506250e-01
9.91781250e-09,1.98493750e-01
9.95781250e-09,1.98506250e-01
9.99781250e-09,1.98493750e-01
1.00378125e-08,1.98506250e-01
1.00778125e-08,1.98495313e-01
1.01178125e-08,1.98506250e-01
1.01578125e-08,1.98493750e-01
1.01978125e-08,1.98506250e-01
1.02378125e-08,1.98493750e-01
1.02778125e-08,1.98506250e-01
1.03178125e-08,1.98493750e-01
1.03578125e-08,1.98506250e-01
1.03978125e-08,1.98493750e-01
1.04378125e-08,1.98506250e-01
1.04778125e-08,1.98493750e-01
1.05178125e-08,1.98507813e-01
1.05578125e-08,1.98492188e-01
1.05978125e-08,1.98509375e-01
1.06378125e-08,1.98490625e-01
1.06778125e-08,1.98510938e-01
1.07178125e-08,1.98487500e-01
1.07578125e-08,1.98514063e-01
1.07978125e-08,1.98482812e-01
1.08378125e-08,1.98521875e-01
1.08778125e-08,1.98468750e-01
1.09178125e-08,1.98556250e-01
1.09578125e-08,1.98290625e-01
1.09978125e-08,1.98046875e-01
1.10378125e-08,1.98128125e-01
1.10778125e-08,1.98081250e-01
1.11178125e-08,1.98114063e-01
1.11578125e-08,1.98089062e-01
1.11978125e-08,1.98109375e-01
1.12378125e-08,1.98092188e-01
1.12778125e-08,1.98106250e-01
1.13178125e-08,1.98095313e-01
1.13578125e-08,1.98104688e-01
1.13978125e-08,1.98096875e-01
1.14378125e-08,1.98103125e-01
1.14778125e-08,1.98096875e-01
1.15178125e-08,1.98101562e-01
1.15578125e-08,1.98098438e-01
1.15978125e-08,1.98101562e-01
1.16378125e-08,1.98100000e-01
1.16778125e-08,1.98100000e-01
1.17178125e-08,1.98101562e-01
1.17578125e-08,1.98096875e-01
1.17978125e-08,1.98103125e-01
1.18378125e-08,1.98093750e-01
1.18778125e-08,1.98109375e-01
1.19178125e-08,1.98085938e-01
1.19578125e-08,1.98123437e-01
1.19978125e-08,1.98053125e-01
1.20378125e-08,1.98300000e-01
1.20778125e-08,1.98562500e-01
1.21178125e-08,1.98460938e-01
1.21578125e-08,1.98531250e-01
1.21978125e-08,1.98473438e-01
1.22378125e-08,1.98525000e-01
1.22778125e-08,1.98475000e-01
1.23178125e-08,1.98526563e-01
1.23578125e-08,1.98468750e-01
1.23978125e-08,1.98539063e-01
1.24378125e-08,1.98435937e-01
1.24778125e-08,1.98715625e-01
1.25178125e-08,1.98946875e-01
1.25578125e-08,1.98876563e-01
1.25978125e-08,1.98914063e-01
1.26378125e-08,1.98890625e-01
1.26778125e-08,1.98906250e-01
1.27178125e-08,1.98895313e-01
1.27578125e-08,1.98903125e-01
1.27978125e-08,1.98896875e-01
1.28378125e-08,1.98901563e-01
1.28778125e-08,1.98898437e-01
1.29178125e-08,1.98901563e-01
1.29578125e-08,1.98900000e-01
1.29978125e-08,1.98900000e-01
1.30378125e-08,1.98900000e-01
1.30778125e-08,1.98900000e-01
1.31178125e-08,1.98900000e-01
1.31578125e-08,1.98900000e-01
1.31978125e-08,1.98900000e-01
1.32378125e-08,1.98900000e-01
1.32778125e-08,1.98900000e-01
1.33178125e-08,1.98900000e-01
1.33578125e-08,1.98900000e-01
1.33978125e-08,1.98900000e-01
1.34378125e-08,1.98900000e-01
1.34778125e-08,1.98900000e-01
1.35178125e-08,1.98900000e-01
1.35578125e-08,1.98900000e-01
1.35978125e-08,1.98898437e-01
1.36378125e-08,1.98901563e-01
1.36778125e-08,1.98898437e-01
1.37178125e-08,1.98903125e-01
1.37578125e-08,1.98895313e-01
1.37978125e-08,1.98906250e-01
1.38378125e-08,1.98890625e-01
1.38778125e-08,1.98914063e-01
1.39178125e-08,1.98876563e-01
1.39578125e-08,1.98946875e-01
1.39978125e-08,1.98700000e-01
1.40378125e-08,1.98437500e-01
1.40778125e-08,1.98539063e-01
1.41178125e-08,1.98468750e-01
1.41578125e-08,1.98526563e-01
1.41978125e-08,1.98475000e-01
1.42378125e-08,1.98523438e-01
1.42778125e-08,1.98476563e-01
1.43178125e-08,1.98525000e-01
1.43578125e-08,1.98471875e-01
1.43978125e-08,1.98532813e-01
1.44378125e-08,1.98457812e-01
1.44778125e-08,1.98565625e-01
1.45178125e-08,1.98281250e-01
1.45578125e-08,1.98056250e-01
1.45978125e-08,1.98118750e-01
1.46378125e-08,1.98090625e-01
1.46778125e-08,1.98104688e-01
1.47178125e-08,1.98098438e-01
1.47578125e-08,1.98098438e-01
1.47978125e-08,1.98103125e-01
1.48378125e-08,1.98095313e-01
1.48778125e-08,1.98107813e-01
1.49178125e-08,1.98090625e-01
1.49578125e-08,1.98112500e-01
1.49978125e-08,1.98084375e-01
1.50378125e-08,1.98120313e-01
1.50778125e-08,1.98068750e-01
1.51178125e-08,1.98156250e-01
1.51578125e-08,1.97890625e-01
1.51978125e-08,1.97648437e-01
1.52378125e-08,1.97728125e-01
1.52778125e-08,1.97681250e-01
1.53178125e-08,1.97714063e-01
1.53578125e-08,1.97690625e-01
1.53978125e-08,1.97707812e-01
1.54378125e-08,1.97693750e-01
1.54778125e-08,1.97704688e-01
1.55178125e-08,1.97696875e-01
1.55578125e-08,1.97703125e-01
1.55978125e-08,1.97698438e-01
1.56378125e-08,1.97701563e-01
1.56778125e-08,1.97700000e-01
1.57178125e-08,1.97700000e-01
1.57578125e-08,1.97701563e-01
1.57978125e-08,1.97698438e-01
1.58378125e-08,1.97703125e-01
1.58778125e-08,1.97696875e-01
1.59178125e-08,1.97704688e-01
1.59578125e-08,1.97693750e-01
1.59978125e-08,1.97707812e-01
1.60378125e-08,1.97690625e-01
1.60778125e-08,1.97712500e-01
1.61178125e-08,1.97681250e-01
1.61578125e-08,1.97728125e-01
1.61978125e-08,1.97646875e-01
1.62378125e-08,1.97906250e-01
1.62778125e-08,1.98156250e-01
1.63178125e-08,1.98068750e-01
1.63578125e-08,1.98121875e-01
1.63978125e-08,1.98082813e-01
1.64378125e-08,1.98114063e-01
1.64778125e-08,1.98087500e-01
1.65178125e-08,1.98110938e-01
1.65578125e-08,1.98090625e-01
1.65978125e-08,1.98107813e-01
1.66378125e-08,1.98092188e-01
1.66778125e-08,1.98107813e-01
1.67178125e-08,1.98093750e-01
1.67578125e-08,1.98106250e-01
1.67978125e-08,1.98093750e-01
1.68378125e-08,1.98106250e-01
1.68778125e-08,1.98095313e-01
1.69178125e-08,1.98104688e-01
1.69578125e-08,1.98095313e-01
1.69978125e-08,1.98104688e-01
1.70378125e-08,1.98095313e-01
1.70778125e-08,1.98104688e-01
1.71178125e-08,1.98095313e-01
1.71578125e-08,1.98104688e-01
1.71978125e-08,1.98095313e-01
1.72378125e-08,1.98104688e-01
1.72778125e-08,1.98095313e-01
1.73178125e-08,1.98104688e-01
1.73578125e-08,1.98093750e-01
1.73978125e-08,1.98106250e-01
1.74378125e-08,1.98093750e-01
1.74778125e-08,1.98106250e-01
1.75178125e-08,1.98092188e-01
1.75578125e-08,1.98109375e-01
1.75978125e-08,1.98090625e-01
1.76378125e-08,1.98112500e-01
1.76778125e-08,1.98084375e-01
1.77178125e-08,1.98120313e-01
1.77578125e-08,1.98070313e-01
1.77978125e-08,1.98154688e-01
1.78378125e-08,1.97892188e-01
1.78778125e-08,1.97645313e-01
1.79178125e-08,1.97731250e-01
1.79578125e-08,1.97678125e-01
1.79978125e-08,1.97717188e-01
1.80378125e-08,1.97685938e-01
1.80778125e-08,1.97712500e-01
1.81178125e-08,1.97689063e-01
1.81578125e-08,1.97709375e-01
1.81978125e-08,1.97690625e-01
1.82378125e-08,1.97709375e-01
1.82778125e-08,1.97692188e-01
1.83178125e-08,1.97707812e-01
1.83578125e-08,1.97692188e-01
1.83978125e-08,1.97707812e-01
1.84378125e-08,1.97692188e-01
1.84778125e-08,1.97707812e-01
1.85178125e-08,1.97693750e-01
1.85578125e-08,1.97706250e-01
1.85978125e-08,1.97693750e-01
1.86378125e-08,1.97706250e-01
1.86778125e-08,1.97693750e-01
1.87178125e-08,1.97706250e-01
1.87578125e-08,1.97693750e-01
1.87978125e-08,1.97707812e-01
1.88378125e-08,1.97692188e-01
1.88778125e-08,1.97707812e-01
1.89178125e-08,1.97692188e-01
1.89578125e-08,1.97707812e-01
1.89978125e-08,1.97692188e-01
1.90378125e-08,1.97707812e-01
1.90778125e-08,1.97692188e-01
1.91178125e-08,1.97707812e-01
1.91578125e-08,1.97692188e-01
1.91978125e-08,1.97707812e-01
1.92378125e-08,1.97690625e-01
1.92778125e-08,1.97709375e-01
1.93178125e-08,1.97690625e-01
1.93578125e-08,1.97709375e-01
1.93978125e-08,1.97689063e-01
1.94378125e-08,1.97710938e-01
1.94778125e-08,1.97687500e-01
1.95178125e-08,1.97712500e-01
1.95578125e-08,1.97685938e-01
1.95978125e-08,1.97715625e-01
1.96378125e-08,1.97682812e-01
1.96778125e-08,1.97720312e-01
1.97178125e-08,1.97673437e-01
1.97578125e-08,1.97735938e-01
1.97978125e-08,1.97639063e-01
1.98378125e-08,1.97914063e-01
1.98778125e-08,1.98148437e-01
1.99178125e-08,1.98075000e-01
1.99578125e-08,1.98115625e-01
1.99978125e-08,1.98089062e-01
2.00378125e-08,1.98109375e-01
2.00778125e-08,1.98092188e-01
2.01178125e-08,1.98106250e-01
2.01578125e-08,1.98092188e-01
2.01978125e-08,1.98109375e-01
2.02378125e-08,1.98087500e-01
2.02778125e-08,1.98120313e-01
2.03178125e-08,1.98056250e-01
2.03578125e-08,1.98295313e-01
2.03978125e-08,1.98568750e-01
2.04378125e-08,1.98454688e-01
2.04778125e-08,1.98539063e-01
2.05178125e-08,1.98462500e-01
2.05578125e-08,1.98537500e-01
2.05978125e-08,1.98457812e-01
2.06378125e-08,1.98551563e-01
2.06778125e-08,1.98423438e-01
2.07178125e-08,1.98729688e-01
2.07578125e-08,1.98931250e-01
2.07978125e-08,1.98893750e-01
2.08378125e-08,1.98893750e-01
2.08778125e-08,1.98914063e-01
2.09178125e-08,1.98876563e-01
2.09578125e-08,1.98935937e-01
2.09978125e-08,1.98837500e-01
2.10378125e-08,1.99117188e-01
2.10778125e-08,1.99342188e-01
2.11178125e-08,1.99284375e-01
2.11578125e-08,1.99303125e-01
2.11978125e-08,1.99306250e-01
2.12378125e-08,1.99284375e-01
2.12778125e-08,1.99328125e-01
2.13178125e-08,1.99245312e-01
2.13578125e-08,1.99510938e-01
2.13978125e-08,1.99748438e-01
2.14378125e-08,1.99678125e-01
2.14778125e-08,1.99709375e-01
2.15178125e-08,1.99700000e-01
2.15578125e-08,1.99690625e-01
2.15978125e-08,1.99721875e-01
2.16378125e-08,1.99650000e-01
2.16778125e-08,1.99904688e-01
2.17178125e-08,2.00154688e-01
2.17578125e-08,2.00071875e-01
2.17978125e-08,2.00115625e-01
2.18378125e-08,2.00093750e-01
2.18778125e-08,2.00098438e-01
2.19178125e-08,2.00115625e-01
2.19578125e-08,2.00057813e-01
2.19978125e-08,2.00296875e-01
2.20378125e-08,2.00562500e-01
2.20778125e-08,2.00462500e-01
2.21178125e-08,2.00526563e-01
2.21578125e-08,2.00481250e-01
2.21978125e-08,2.00512500e-01
2.22378125e-08,2.00492188e-01
2.22778125e-08,2.00500000e-01
2.23178125e-08,2.00510938e-01
2.23578125e-08,2.00462500e-01
2.23978125e-08,2.00690625e-01
2.24378125e-08,2.00970312e-01
2.24778125e-08,2.00854688e-01
2.25178125e-08,2.00935937e-01
2.25578125e-08,2.00870313e-01
2.25978125e-08,2.00926563e-01
2.26378125e-08,2.00875000e-01
2.26778125e-08,2.00923437e-01
2.27178125e-08,2.00878125e-01
2.27578125e-08,2.00920313e-01
2.27978125e-08,2.00881250e-01
2.28378125e-08,2.00918750e-01
2.28778125e-08,2.00881250e-01
2.29178125e-08,2.00918750e-01
2.29578125e-08,2.00882813e-01
2.29978125e-08,2.00917188e-01
2.30378125e-08,2.00881250e-01
2.30778125e-08,2.00918750e-01
2.31178125e-08,2.00881250e-01
2.31578125e-08,2.00920313e-01
2.31978125e-08,2.00878125e-01
2.32378125e-08,2.00925000e-01
2.32778125e-08,2.00870313e-01
2.33178125e-08,2.00939063e-01
2.33578125e-08,2.00835938e-01
2.33978125e-08,2.01115625e-01
2.34378125e-08,2.01346875e-01
2.34778125e-08,2.01278125e-01
2.35178125e-08,2.01314063e-01
2.35578125e-08,2.01290625e-01
2.35978125e-08,2.01306250e-01
2.36378125e-08,2.01295313e-01
2.36778125e-08,2.01303125e-01
2.37178125e-08,2.01298438e-01
2.37578125e-08,2.01301563e-01
2.37978125e-08,2.01300000e-01
2.38378125e-08,2.01300000e-01
2.38778125e-08,2.01300000e-01
2.39178125e-08,2.01300000e-01
2.39578125e-08,2.01300000e-01
2.39978125e-08,2.01300000e-01
2.40378125e-08,2.01300000e-01
2.40778125e-08,2.01300000e-01
2.41178125e-08,2.01300000e-01
2.41578125e-08,2.01300000e-01
2.41978125e-08,2.01300000e-01
2.42378125e-08,2.01300000e-01
2.42778125e-08,2.01300000e-01
2.43178125e-08,2.01300000e-01
2.43578125e-08,2.01300000e-01
2.43978125e-08,2.01300000e-01
2.44378125e-08,2.01298438e-01
2.44778125e-08,2.01301563e-01
2.45178125e-08,2.01298438e-01
2.45578125e-08,2.01301563e-01
2.45978125e-08,2.01296875e-01
2.46378125e-08,2.01303125e-01
2.46778125e-08,2.01295313e-01
2.47178125e-08,2.01306250e-01
2.47578125e-08,2.01292187e-01
2.47978125e-08,2.01310938e-01
2.48378125e-08,2.01284375e-01
2.48778125e-08,2.01325000e-01
2.49178125e-08,2.01250000e-01
2.49578125e-08,2.01503125e-01
2.49978125e-08,2.01759375e-01
2.50378125e-08,2.01664063e-01
2.50778125e-08,2.01726563e-01
2.51178125e-08,2.01678125e-01
2.51578125e-08,2.01718750e-01
2.51978125e-08,2.01681250e-01
2.52378125e-08,2.01717188e-01
2.52778125e-08,2.01682813e-01
2.53178125e-08,2.01717188e-01
2.53578125e-08,2.01682813e-01
2.53978125e-08,2.01718750e-01
2.54378125e-08,2.01678125e-01
2.54778125e-08,2.01726563e-01
2.55178125e-08,2.01664063e-01
2.55578125e-08,2.01759375e-01
2.55978125e-08,2.01487500e-01
2.56378125e-08,2.01250000e-01
2.56778125e-08,2.01326563e-01
2.57178125e-08,2.01282813e-01
2.57578125e-08,2.01312500e-01
2.57978125e-08,2.01289063e-01
2.58378125e-08,2.01309375e-01
2.58778125e-08,2.01292187e-01
2.59178125e-08,2.01307813e-01
2.59578125e-08,2.01292187e-01
2.59978125e-08,2.01307813e-01
2.60378125e-08,2.01290625e-01
2.60778125e-08,2.01310938e-01
2.61178125e-08,2.01285938e-01
2.61578125e-08,2.01318750e-01
2.61978125e-08,2.01273438e-01
2.62378125e-08,2.01351562e-01
2.62778125e-08,2.01095313e-01
2.63178125e-08,2.00842188e-01
2.63578125e-08,2.00934375e-01
2.63978125e-08,2.00873438e-01
2.64378125e-08,2.00921875e-01
2.64778125e-08,2.00881250e-01
2.65178125e-08,2.00918750e-01
2.65578125e-08,2.00882813e-01
2.65978125e-08,2.00917188e-01
2.66378125e-08,2.00881250e-01
2.66778125e-08,2.00920313e-01
2.67178125e-08,2.00878125e-01
2.67578125e-08,2.00926563e-01
2.67978125e-08,2.00864062e-01
2.68378125e-08,2.00960938e-01
2.68778125e-08,2.00685938e-01
2.69178125e-08,2.00451563e-01
2.69578125e-08,2.00525000e-01
2.69978125e-08,2.00484375e-01
2.70378125e-08,2.00510938e-01
2.70778125e-08,2.00492188e-01
2.71178125e-08,2.00504688e-01
2.71578125e-08,2.00496875e-01
2.71978125e-08,2.00503125e-01
2.72378125e-08,2.00498438e-01
2.72778125e-08,2.00500000e-01
2.73178125e-08,2.00500000e-01
2.73578125e-08,2.00498438e-01
2.73978125e-08,2.00501563e-01
2.74378125e-08,2.00496875e-01
2.74778125e-08,2.00504688e-01
2.75178125e-08,2.00493750e-01
2.75578125e-08,2.00507812e-01
2.75978125e-08,2.00489063e-01
2.76378125e-08,2.00517187e-01
2.76778125e-08,2.00473438e-01
2.77178125e-08,2.00551563e-01
2.77578125e-08,2.00295313e-01
2.77978125e-08,2.00042187e-01
2.78378125e-08,2.00134375e-01
2.78778125e-08,2.00075000e-01
2.79178125e-08,2.00120313e-01
2.79578125e-08,2.00082813e-01
2.79978125e-08,2.00115625e-01
2.80378125e-08,2.00085938e-01
2.80778125e-08,2.00112500e-01
2.81178125e-08,2.00087500e-01
2.81578125e-08,2.00112500e-01
2.81978125e-08,2.00087500e-01
2.82378125e-08,2.00112500e-01
2.82778125e-08,2.00089062e-01
2.83178125e-08,2.00112500e-01
2.83578125e-08,2.00087500e-01
2.83978125e-08,2.00112500e-01
2.84378125e-08,2.00087500e-01
2.84778125e-08,2.00114063e-01
2.85178125e-08,2.00085938e-01
2.85578125e-08,2.00115625e-01
2.85978125e-08,2.00081250e-01
2.86378125e-08,2.00121875e-01
2.86778125e-08,2.00073438e-01
2.87178125e-08,2.00135937e-01
2.87578125e-08,2.00039063e-01
2.87978125e-08,2.00314063e-01
2.88378125e-08,2.00548438e-01
2.88778125e-08,2.00475000e-01
2.89178125e-08,2.00515625e-01
2.89578125e-08,2.00490625e-01
2.89978125e-08,2.00506250e-01
2.90378125e-08,2.00495313e-01
2.90778125e-08,2.00503125e-01
2.91178125e-08,2.00498438e-01
2.91578125e-08,2.00500000e-01
2.91978125e-08,2.00500000e-01
2.92378125e-08,2.00498438e-01
2.92778125e-08,2.00503125e-01
2.93178125e-08,2.00496875e-01
2.93578125e-08,2.00504688e-01
2.93978125e-08,2.00493750e-01
2.94378125e-08,2.00507812e-01
2.94778125e-08,2.00489063e-01
2.95178125e-08,2.00514063e-01
2.95578125e-08,2.00481250e-01
2.95978125e-08,2.00528125e-01
2.96378125e-08,2.00446875e-01
2.96778125e-08,2.00706250e-01
2.97178125e-08,2.00954688e-01
2.97578125e-08,2.00868750e-01
2.97978125e-08,2.00921875e-01
2.98378125e-08,2.00882813e-01
2.98778125e-08,2.00914063e-01
2.99178125e-08,2.00887500e-01
2.99578125e-08,2.00910937e-01
2.99978125e-08,2.00890625e-01
3.00378125e-08,2.00909375e-01
3.00778125e-08,2.00892188e-01
3.01178125e-08,2.00907813e-01
3.01578125e-08,2.00892188e-01
3.01978125e-08,2.00906250e-01
3.02378125e-08,2.00893750e-01
3.02778125e-08,2.00906250e-01
3.03178125e-08,2.00893750e-01
3.03578125e-08,2.00906250e-01
3.03978125e-08,2.00893750e-01
3.04378125e-08,2.00906250e-01
3.04778125e-08,2.00892188e-01
3.05178125e-08,2.00907813e-01
3.05578125e-08,2.00892188e-01
3.05978125e-08,2.00909375e-01
3.06378125e-08,2.00889062e-01
3.06778125e-08,2.00912500e-01
3.07178125e-08,2.00884375e-01
3.07578125e-08,2.00920313e-01
3.07978125e-08,2.00868750e-01
3.08378125e-08,2.00956250e-01
3.08778125e-08,2.00690625e-01
3.09178125e-08,2.00446875e-01
3.09578125e-08,2.00528125e-01
3.09978125e-08,2.00482812e-01
3.10378125e-08,2.00510938e-01
3.10778125e-08,2.00496875e-01
3.11178125e-08,2.00492188e-01
3.11578125e-08,2.00532813e-01
3.11978125e-08,2.00315625e-01
3.12378125e-08,2.00021875e-01
3.12778125e-08,2.00156250e-01
3.13178125e-08,2.00048438e-01
3.13578125e-08,2.00151563e-01
3.13978125e-08,2.00040625e-01
3.14378125e-08,2.00182813e-01
3.14778125e-08,1.99864062e-01
3.15178125e-08,1.99675000e-01
3.15578125e-08,1.99698437e-01
3.15978125e-08,1.99715625e-01
3.16378125e-08,1.99670313e-01
3.16778125e-08,1.99757813e-01
3.17178125e-08,1.99487500e-01
3.17578125e-08,1.99251563e-01
3.17978125e-08,1.99323438e-01
3.18378125e-08,1.99289063e-01
3.18778125e-08,1.99304688e-01
3.19178125e-08,1.99300000e-01
3.19578125e-08,1.99295313e-01
3.19978125e-08,1.99307813e-01
3.20378125e-08,1.99285938e-01
3.20778125e-08,1.99320313e-01
3.21178125e-08,1.99268750e-01
3.21578125e-08,1.99359375e-01
3.21978125e-08,1.99085938e-01
3.22378125e-08,1.98856250e-01
3.22778125e-08,1.98914063e-01
3.23178125e-08,1.98904688e-01
3.23578125e-08,1.98864062e-01
3.23978125e-08,1.99092188e-01
3.24378125e-08,1.99367188e-01
3.24778125e-08,1.99257813e-01
3.25178125e-08,1.99331250e-01
3.25578125e-08,1.99275000e-01
3.25978125e-08,1.99320313e-01
3.26378125e-08,1.99284375e-01
3.26778125e-08,1.99312500e-01
3.27178125e-08,1.99292187e-01
3.27578125e-08,1.99303125e-01
3.27978125e-08,1.99307813e-01
3.28378125e-08,1.99268750e-01
3.28778125e-08,1.99484375e-01
3.29178125e-08,1.99778125e-01
3.29578125e-08,1.99643750e-01
3.29978125e-08,1.99750000e-01
3.30378125e-08,1.99650000e-01
3.30778125e-08,1.99756250e-01
3.31178125e-08,1.99620313e-01
3.31578125e-08,1.99931250e-01
3.31978125e-08,2.00131250e-01
3.32378125e-08,2.00092188e-01
3.32778125e-08,2.00098438e-01
3.33178125e-08,2.00107813e-01
3.33578125e-08,2.00087500e-01
3.33978125e-08,2.00117188e-01
3.34378125e-08,2.00076562e-01
3.34778125e-08,2.00132813e-01
3.35178125e-08,2.00040625e-01
3.35578125e-08,2.00312500e-01
3.35978125e-08,2.00550000e-01
3.36378125e-08,2.00475000e-01
3.36778125e-08,2.00515625e-01
3.37178125e-08,2.00489063e-01
3.37578125e-08,2.00507812e-01
3.37978125e-08,2.00495313e-01
3.38378125e-08,2.00503125e-01
3.38778125e-08,2.00498438e-01
3.39178125e-08,2.00500000e-01
3.39578125e-08,2.00501563e-01
3.39978125e-08,2.00496875e-01
3.40378125e-08,2.00504688e-01
3.40778125e-08,2.00493750e-01
3.41178125e-08,2.00507812e-01
3.41578125e-08,2.00489063e-01
3.41978125e-08,2.00517187e-01
3.42378125e-08,2.00473438e-01
3.42778125e-08,2.00551563e-01
3.43178125e-08,2.00295313e-01
3.43578125e-08,2.00042187e-01
3.43978125e-08,2.00134375e-01
3.44378125e-08,2.00075000e-01
3.44778125e-08,2.00120313e-01
3.45178125e-08,2.00082813e-01
3.45578125e-08,2.00114063e-01
3.45978125e-08,2.00087500e-01
3.46378125e-08,2.00112500e-01
3.46778125e-08,2.00089062e-01
3.47178125e-08,2.00110938e-01
3.47578125e-08,2.00090625e-01
3.47978125e-08,2.00109375e-01
3.48378125e-08,2.00090625e-01
3.48778125e-08,2.00109375e-01
3.49178125e-08,2.00090625e-01
3.49578125e-08,2.00109375e-01
3.49978125e-08,2.00090625e-01
3.50378125e-08,2.00109375e-01
3.50778125e-08,2.00090625e-01
3.51178125e-08,2.00109375e-01
3.51578125e-08,2.00090625e-01
3.51978125e-08,2.00109375e-01
3.52378125e-08,2.00090625e-01
3.52778125e-08,2.00109375e-01
3.53178125e-08,2.00089062e-01
3.53578125e-08,2.00110938e-01
3.53978125e-08,2.00089062e-01
3.54378125e-08,2.00112500e-01
3.54778125e-08,2.00087500e-01
3.55178125e-08,2.00114063e-01
3.55578125e-08,2.00084375e-01
3.55978125e-08,2.00117188e-01
3.56378125e-08,2.00081250e-01
3.56778125e-08,2.00121875e-01
3.57178125e-08,2.00071875e-01
3.57578125e-08,2.00137500e-01
3.57978125e-08,2.00037500e-01
3.58378125e-08,2.00317187e-01
3.58778125e-08,2.00545313e-01
3.59178125e-08,2.00479688e-01
3.59578125e-08,2.00510938e-01
3.59978125e-08,2.00495313e-01
3.60378125e-08,2.00500000e-01
3.60778125e-08,2.00503125e-01
3.61178125e-08,2.00493750e-01
3.61578125e-08,2.00510938e-01
3.61978125e-08,2.00482812e-01
3.62378125e-08,2.00526563e-01
3.62778125e-08,2.00446875e-01
3.63178125e-08,2.00706250e-01
3.63578125e-08,2.00956250e-01
3.63978125e-08,2.00868750e-01
3.64378125e-08,2.00921875e-01
3.64778125e-08,2.00884375e-01
3.65178125e-08,2.00912500e-01
3.65578125e-08,2.00889062e-01
3.65978125e-08,2.00909375e-01
3.66378125e-08,2.00892188e-01
3.66778125e-08,2.00906250e-01
3.67178125e-08,2.00895313e-01
3.67578125e-08,2.00904688e-01
3.67978125e-08,2.00895313e-01
3.68378125e-08,2.00903125e-01
3.68778125e-08,2.00896875e-01
3.69178125e-08,2.00901563e-01
3.69578125e-08,2.00898437e-01
3.69978125e-08,2.00901563e-01
3.70378125e-08,2.00900000e-01
3.70778125e-08,2.00900000e-01
3.71178125e-08,2.00900000e-01
3.71578125e-08,2.00898437e-01
3.71978125e-08,2.00901563e-01
3.72378125e-08,2.00898437e-01
3.72778125e-08,2.00903125e-01
3.73178125e-08,2.00896875e-01
3.73578125e-08,2.00903125e-01
3.73978125e-08,2.00895313e-01
3.74378125e-08,2.00904688e-01
3.74778125e-08,2.00893750e-01
3.75178125e-08,2.00906250e-01
3.75578125e-08,2.00892188e-01
3.75978125e-08,2.00909375e-01
3.76378125e-08,2.00889062e-01
3.76778125e-08,2.00914063e-01
3.77178125e-08,2.00882813e-01
3.77578125e-08,2.00923437e-01
3.77978125e-08,2.00867188e-01
3.78378125e-08,2.00959375e-01
3.78778125e-08,2.00687500e-01
3.79178125e-08,2.00451563e-01
3.79578125e-08,2.00523438e-01
3.79978125e-08,2.00487500e-01
3.80378125e-08,2.00506250e-01
3.80778125e-08,2.00498438e-01
3.81178125e-08,2.00495313e-01
3.81578125e-08,2.00510938e-01
3.81978125e-08,2.00478125e-01
3.82378125e-08,2.00548438e-01
3.82778125e-08,2.00296875e-01
3.83178125e-08,2.00042187e-01
3.83578125e-08,2.00131250e-01
3.83978125e-08,2.00079688e-01
3.84378125e-08,2.00112500e-01
3.84778125e-08,2.00095313e-01
3.85178125e-08,2.00093750e-01
3.85578125e-08,2.00132813e-01
3.85978125e-08,1.99914063e-01
3.86378125e-08,1.99623438e-01
3.86778125e-08,1.99753125e-01
3.87178125e-08,1.99654688e-01
3.87578125e-08,1.99745312e-01
3.87978125e-08,1.99650000e-01
3.88378125e-08,1.99771875e-01
3.88778125e-08,1.99476563e-01
3.89178125e-08,1.99257813e-01
3.89578125e-08,1.99320313e-01
3.89978125e-08,1.99285938e-01
3.90378125e-08,1.99315625e-01
3.90778125e-08,1.99278125e-01
3.91178125e-08,1.99343750e-01
3.91578125e-08,1.99104688e-01
3.91978125e-08,1.98829688e-01
3.92378125e-08,1.98948438e-01
3.92778125e-08,1.98857813e-01
3.93178125e-08,1.98943750e-01
3.93578125e-08,1.98850000e-01
3.93978125e-08,1.98975000e-01
3.94378125e-08,1.98673437e-01
3.94778125e-08,1.98464063e-01
3.95178125e-08,1.98510938e-01
3.95578125e-08,1.98500000e-01
3.95978125e-08,1.98493750e-01
3.96378125e-08,1.98514063e-01
3.96778125e-08,1.98475000e-01
3.97178125e-08,1.98550000e-01
3.97578125e-08,1.98295313e-01
3.97978125e-08,1.98042188e-01
3.98378125e-08,1.98134375e-01
3.98778125e-08,1.98075000e-01
3.99178125e-08,1.98121875e-01
3.99578125e-08,1.98079688e-01
3.99978125e-08,1.98118750e-01
4.00378125e-08,1.98079688e-01
4.00778125e-08,1.98125000e-01
4.01178125e-08,1.98067188e-01
4.01578125e-08,1.98156250e-01
4.01978125e-08,1.97890625e-01
4.02378125e-08,1.97645313e-01
4.02778125e-08,1.97731250e-01
4.03178125e-08,1.97678125e-01
4.03578125e-08,1.97718750e-01
4.03978125e-08,1.97684375e-01
4.04378125e-08,1.97715625e-01
4.04778125e-08,1.97684375e-01
4.05178125e-08,1.97717188e-01
4.05578125e-08,1.97681250e-01
4.05978125e-08,1.97723438e-01
4.06378125e-08,1.97667188e-01
4.06778125e-08,1.97756250e-01
4.07178125e-08,1.97490625e-01
4.07578125e-08,1.97246875e-01
4.07978125e-08,1.97329688e-01
4.08378125e-08,1.97278125e-01
4.08778125e-08,1.97317188e-01
4.09178125e-08,1.97285938e-01
4.09578125e-08,1.97314062e-01
4.09978125e-08,1.97287500e-01
4.10378125e-08,1.97312500e-01
4.10778125e-08,1.97287500e-01
4.11178125e-08,1.97312500e-01
4.11578125e-08,1.97285938e-01
4.11978125e-08,1.97315625e-01
4.12378125e-08,1.97281250e-01
4.12778125e-08,1.97323438e-01
4.13178125e-08,1.97267187e-01
4.13578125e-08,1.97357813e-01
4.13978125e-08,1.97089063e-01
4.14378125e-08,1.96850000e-01
4.14778125e-08,1.96926563e-01
4.15178125e-08,1.96882813e-01
4.15578125e-08,1.96910937e-01
4.15978125e-08,1.96892188e-01
4.16378125e-08,1.96904688e-01
4.16778125e-08,1.96898438e-01
4.17178125e-08,1.96898438e-01
4.17578125e-08,1.96904688e-01
4.17978125e-08,1.96890625e-01
4.18378125e-08,1.96920312e-01
4.18778125e-08,1.96854688e-01
4.19178125e-08,1.97098438e-01
4.19578125e-08,1.97364062e-01
4.19978125e-08,1.97259375e-01
4.20378125e-08,1.97331250e-01
4.20778125e-08,1.97273438e-01
4.21178125e-08,1.97325000e-01
4.21578125e-08,1.97276563e-01
4.21978125e-08,1.97323438e-01
4.22378125e-08,1.97275000e-01
4.22778125e-08,1.97326562e-01
4.23178125e-08,1.97268750e-01
4.23578125e-08,1.97340625e-01
4.23978125e-08,1.97234375e-01
4.24378125e-08,1.97518750e-01
4.24778125e-08,1.97743750e-01
4.25178125e-08,1.97681250e-01
4.25578125e-08,1.97707812e-01
4.25978125e-08,1.97698438e-01
4.26378125e-08,1.97693750e-01
4.26778125e-08,1.97717188e-01
4.27178125e-08,1.97657813e-01
4.27578125e-08,1.97895313e-01
4.27978125e-08,1.98168750e-01
4.28378125e-08,1.98053125e-01
4.28778125e-08,1.98140625e-01
4.29178125e-08,1.98059375e-01
4.29578125e-08,1.98146875e-01
4.29978125e-08,1.98029687e-01
4.30378125e-08,1.98323438e-01
4.30778125e-08,1.98539063e-01
4.31178125e-08,1.98484375e-01
4.31578125e-08,1.98504687e-01
4.31978125e-08,1.98503125e-01
4.32378125e-08,1.98489063e-01
4.32778125e-08,1.98521875e-01
4.33178125e-08,1.98451563e-01
4.33578125e-08,1.98701563e-01
4.33978125e-08,1.98959375e-01
4.34378125e-08,1.98864062e-01
4.34778125e-08,1.98926563e-01
4.35178125e-08,1.98879688e-01
4.35578125e-08,1.98917188e-01
4.35978125e-08,1.98884375e-01
4.36378125e-08,1.98914063e-01
4.36778125e-08,1.98887500e-01
4.37178125e-08,1.98912500e-01
4.37578125e-08,1.98889063e-01
4.37978125e-08,1.98910937e-01
4.38378125e-08,1.98889063e-01
4.38778125e-08,1.98909375e-01
4.39178125e-08,1.98890625e-01
4.39578125e-08,1.98909375e-01
4.39978125e-08,1.98890625e-01
4.40378125e-08,1.98909375e-01
4.40778125e-08,1.98892188e-01
4.41178125e-08,1.98907813e-01
4.41578125e-08,1.98892188e-01
4.41978125e-08,1.98907813e-01
4.42378125e-08,1.98892188e-01
4.42778125e-08,1.98907813e-01
4.43178125e-08,1.98892188e-01
4.43578125e-08,1.98907813e-01
4.43978125e-08,1.98892188e-01
4.44378125e-08,1.98907813e-01
4.44778125e-08,1.98892188e-01
4.45178125e-08,1.98907813e-01
4.45578125e-08,1.98892188e-01
4.45978125e-08,1.98909375e-01
4.46378125e-08,1.98890625e-01
4.46778125e-08,1.98909375e-01
4.47178125e-08,1.98890625e-01
4.47578125e-08,1.98909375e-01
4.47978125e-08,1.98890625e-01
4.48378125e-08,1.98909375e-01
4.48778125e-08,1.98889063e-01
4.49178125e-08,1.98910937e-01
4.49578125e-08,1.98889063e-01
4.49978125e-08,1.98910937e-01
4.50378125e-08,1.98887500e-01
4.50778125e-08,1.98912500e-01
4.51178125e-08,1.98885937e-01
4.51578125e-08,1.98915625e-01
4.51978125e-08,1.98882813e-01
4.52378125e-08,1.98918750e-01
4.52778125e-08,1.98876563e-01
4.53178125e-08,1.98928125e-01
4.53578125e-08,1.98862500e-01
4.53978125e-08,1.98962500e-01
4.54378125e-08,1.98682813e-01
4.54778125e-08,1.98454688e-01
4.55178125e-08,1.98520313e-01
4.55578125e-08,1.98489063e-01
4.55978125e-08,1.98504687e-01
4.56378125e-08,1.98500000e-01
4.56778125e-08,1.98496875e-01
4.57178125e-08,1.98506250e-01
4.57578125e-08,1.98489063e-01
4.57978125e-08,1.98517187e-01
4.58378125e-08,1.98473438e-01
4.58778125e-08,1.98553125e-01
4.59178125e-08,1.98293750e-01
4.59578125e-08,1.98043750e-01
4.59978125e-08,1.98131250e-01
4.60378125e-08,1.98078125e-01
4.60778125e-08,1.98115625e-01
4.61178125e-08,1.98087500e-01
4.61578125e-08,1.98110938e-01
4.61978125e-08,1.98090625e-01
4.62378125e-08,1.98107813e-01
4.62778125e-08,1.98093750e-01
4.63178125e-08,1.98106250e-01
4.63578125e-08,1.98095313e-01
4.63978125e-08,1.98103125e-01
4.64378125e-08,1.98096875e-01
4.64778125e-08,1.98103125e-01
4.65178125e-08,1.98098438e-01
4.65578125e-08,1.98101562e-01
4.65978125e-08,1.98098438e-01
4.66378125e-08,1.98100000e-01
4.66778125e-08,1.98100000e-01
4.67178125e-08,1.98098438e-01
4.67578125e-08,1.98101562e-01
4.67978125e-08,1.98098438e-01
4.68378125e-08,1.98103125e-01
4.68778125e-08,1.98095313e-01
4.69178125e-08,1.98104688e-01
4.69578125e-08,1.98093750e-01
4.69978125e-08,1.98107813e-01
4.70378125e-08,1.98089062e-01
4.70778125e-08,1.98114063e-01
4.71178125e-08,1.98081250e-01
4.71578125e-08,1.98129688e-01
4.71978125e-08,1.98045313e-01
4.72378125e-08,1.98307813e-01
4.72778125e-08,1.98553125e-01
4.73178125e-08,1.98470312e-01
4.73578125e-08,1.98518750e-01
4.73978125e-08,1.98487500e-01
4.74378125e-08,1.98507813e-01
4.74778125e-08,1.98496875e-01
4.75178125e-08,1.98496875e-01
4.75578125e-08,1.98514063e-01
4.75978125e-08,1.98460938e-01
4.76378125e-08,1.98693750e-01
4.76778125e-08,1.98968750e-01
4.77178125e-08,1.98854688e-01
4.77578125e-08,1.98937500e-01
4.77978125e-08,1.98867188e-01
4.78378125e-08,1.98931250e-01
4.78778125e-08,1.98870313e-01
4.79178125e-08,1.98931250e-01
4.79578125e-08,1.98864062e-01
4.79978125e-08,1.98943750e-01
4.80378125e-08,1.98831250e-01
4.80778125e-08,1.99120313e-01
4.81178125e-08,1.99342188e-01
4.81578125e-08,1.99281250e-01
4.81978125e-08,1.99309375e-01
4.82378125e-08,1.99295313e-01
4.82778125e-08,1.99301563e-01
4.83178125e-08,1.99300000e-01
4.83578125e-08,1.99298438e-01
4.83978125e-08,1.99301563e-01
4.84378125e-08,1.99296875e-01
4.84778125e-08,1.99303125e-01
4.85178125e-08,1.99296875e-01
4.85578125e-08,1.99304688e-01
4.85978125e-08,1.99295313e-01
4.86378125e-08,1.99304688e-01
4.86778125e-08,1.99293750e-01
4.87178125e-08,1.99306250e-01
4.87578125e-08,1.99293750e-01
4.87978125e-08,1.99306250e-01
4.88378125e-08,1.99292187e-01
4.88778125e-08,1.99307813e-01
4.89178125e-08,1.99290625e-01
4.89578125e-08,1.99309375e-01
4.89978125e-08,1.99289063e-01
4.90378125e-08,1.99314062e-01
4.90778125e-08,1.99282813e-01
4.91178125e-08,1.99321875e-01
4.91578125e-08,1.99268750e-01
4.91978125e-08,1.99356250e-01
4.92378125e-08,1.99090625e-01
4.92778125e-08,1.98846875e-01
4.93178125e-08,1.98929688e-01
4.93578125e-08,1.98879688e-01
4.93978125e-08,1.98915625e-01
4.94378125e-08,1.98887500e-01
4.94778125e-08,1.98910937e-01
4.95178125e-08,1.98890625e-01
4.95578125e-08,1.98909375e-01
4.95978125e-08,1.98890625e-01
4.96378125e-08,1.98909375e-01
4.96778125e-08,1.98890625e-01
4.97178125e-08,1.98909375e-01
4.97578125e-08,1.98889063e-01
4.97978125e-08,1.98912500e-01
4.98378125e-08,1.98884375e-01
4.98778125e-08,1.98920313e-01
4.99178125e-08,1.98870313e-01
4.99578125e-08,1.98953125e-01
4.99978125e-08,1.98693750e-01
5.00378125e-08,1.98443750e-01
5.00778125e-08,1.98532813e-01
5.01178125e-08,1.98476563e-01
5.01578125e-08,1.98518750e-01
5.01978125e-08,1.98484375e-01
5.02378125e-08,1.98514063e-01
5.02778125e-08,1.98487500e-01
5.03178125e-08,1.98510938e-01
5.03578125e-08,1.98489063e-01
5.03978125e-08,1.98510938e-01
5.04378125e-08,1.98490625e-01
5.04778125e-08,1.98509375e-01
5.05178125e-08,1.98490625e-01
5.05578125e-08,1.98509375e-01
5.05978125e-08,1.98490625e-01
5.06378125e-08,1.98509375e-01
5.06778125e-08,1.98490625e-01
5.07178125e-08,1.98509375e-01
5.07578125e-08,1.98490625e-01
5.07978125e-08,1.98510938e-01
5.08378125e-08,1.98489063e-01
5.08778125e-08,1.98510938e-01
5.09178125e-08,1.98489063e-01
5.09578125e-08,1.98510938e-01
5.09978125e-08,1.98487500e-01
5.10378125e-08,1.98512500e-01
5.10778125e-08,1.98485938e-01
5.11178125e-08,1.98514063e-01
5.11578125e-08,1.98484375e-01
5.11978125e-08,1.98517187e-01
5.12378125e-08,1.98481250e-01
5.12778125e-08,1.98520313e-01
5.13178125e-08,1.98476563e-01
5.13578125e-08,1.98529687e-01
5.13978125e-08,1.98460938e-01
5.14378125e-08,1.98565625e-01
5.14778125e-08,1.98281250e-01
5.15178125e-08,1.98056250e-01
5.15578125e-08,1.98118750e-01
5.15978125e-08,1.98092188e-01
5.16378125e-08,1.98101562e-01
5.16778125e-08,1.98101562e-01
5.17178125e-08,1.98093750e-01
5.17578125e-08,1.98109375e-01
5.17978125e-08,1.98085938e-01
5.18378125e-08,1.98120313e-01
5.18778125e-08,1.98068750e-01
5.19178125e-08,1.98156250e-01
5.19578125e-08,1.97889063e-01
5.19978125e-08,1.97650000e-01
5.20378125e-08,1.97725000e-01
5.20778125e-08,1.97684375e-01
5.21178125e-08,1.97709375e-01
5.21578125e-08,1.97693750e-01
5.21978125e-08,1.97701563e-01
5.22378125e-08,1.97700000e-01
5.22778125e-08,1.97696875e-01
5.23178125e-08,1.97706250e-01
5.23578125e-08,1.97690625e-01
5.23978125e-08,1.97712500e-01
5.24378125e-08,1.97682812e-01
5.24778125e-08,1.97725000e-01
5.25178125e-08,1.97662500e-01
5.25578125e-08,1.97765625e-01
5.25978125e-08,1.97476563e-01
5.26378125e-08,1.97271875e-01
5.26778125e-08,1.97279688e-01
5.27178125e-08,1.97484375e-01
5.27578125e-08,1.97773438e-01
5.27978125e-08,1.97654688e-01
5.28378125e-08,1.97734375e-01
5.28778125e-08,1.97673437e-01
5.29178125e-08,1.97721875e-01
5.29578125e-08,1.97681250e-01
5.29978125e-08,1.97715625e-01
5.30378125e-08,1.97685938e-01
5.30778125e-08,1.97712500e-01
5.31178125e-08,1.97690625e-01
5.31578125e-08,1.97707812e-01
5.31978125e-08,1.97693750e-01
5.32378125e-08,1.97703125e-01
5.32778125e-08,1.97700000e-01
5.33178125e-08,1.97693750e-01
5.33578125e-08,1.97715625e-01
5.33978125e-08,1.97657813e-01
5.34378125e-08,1.97895313e-01
5.34778125e-08,1.98167188e-01
5.35178125e-08,1.98056250e-01
5.35578125e-08,1.98134375e-01
5.35978125e-08,1.98070313e-01
5.36378125e-08,1.98126563e-01
5.36778125e-08,1.98076562e-01
5.37178125e-08,1.98123437e-01
5.37578125e-08,1.98078125e-01
5.37978125e-08,1.98121875e-01
5.38378125e-08,1.98078125e-01
5.38778125e-08,1.98123437e-01
5.39178125e-08,1.98076562e-01
5.39578125e-08,1.98126563e-01
5.39978125e-08,1.98068750e-01
5.40378125e-08,1.98140625e-01
5.40778125e-08,1.98035938e-01
5.41178125e-08,1.98317188e-01
5.41578125e-08,1.98545313e-01
5.41978125e-08,1.98478125e-01
5.42378125e-08,1.98514063e-01
5.42778125e-08,1.98490625e-01
5.43178125e-08,1.98507813e-01
5.43578125e-08,1.98493750e-01
5.43978125e-08,1.98504687e-01
5.44378125e-08,1.98495313e-01
5.44778125e-08,1.98504687e-01
5.45178125e-08,1.98493750e-01
5.45578125e-08,1.98507813e-01
5.45978125e-08,1.98489063e-01
5.46378125e-08,1.98515625e-01
5.46778125e-08,1.98475000e-01
5.47178125e-08,1.98548438e-01
5.47578125e-08,1.98298438e-01
5.47978125e-08,1.98039063e-01
5.48378125e-08,1.98137500e-01
5.48778125e-08,1.98071875e-01
5.49178125e-08,1.98123437e-01
5.49578125e-08,1.98079688e-01
5.49978125e-08,1.98118750e-01
5.50378125e-08,1.98082813e-01
5.50778125e-08,1.98115625e-01
5.51178125e-08,1.98084375e-01
5.51578125e-08,1.98114063e-01
5.51978125e-08,1.98085938e-01
5.52378125e-08,1.98114063e-01
5.52778125e-08,1.98085938e-01
5.53178125e-08,1.98114063e-01
5.53578125e-08,1.98085938e-01
5.53978125e-08,1.98114063e-01
5.54378125e-08,1.98085938e-01
5.54778125e-08,1.98114063e-01
5.55178125e-08,1.98085938e-01
5.55578125e-08,1.98114063e-01
5.55978125e-08,1.98084375e-01
5.56378125e-08,1.98115625e-01
5.56778125e-08,1.98084375e-01
5.57178125e-08,1.98117188e-01
5.57578125e-08,1.98082813e-01
5.57978125e-08,1.98118750e-01
5.58378125e-08,1.98079688e-01
5.58778125e-08,1.98123437e-01
5.59178125e-08,1.98073438e-01
5.59578125e-08,1.98131250e-01
5.59978125e-08,1.98059375e-01
5.60378125e-08,1.98167188e-01
5.60778125e-08,1.97879688e-01
5.61178125e-08,1.97657813e-01
5.61578125e-08,1.97717188e-01
5.61978125e-08,1.97692188e-01
5.62378125e-08,1.97701563e-01
5.62778125e-08,1.97701563e-01
5.63178125e-08,1.97695312e-01
5.63578125e-08,1.97707812e-01
5.63978125e-08,1.97689063e-01
5.64378125e-08,1.97715625e-01
5.64778125e-08,1.97678125e-01
5.65178125e-08,1.97731250e-01
5.65578125e-08,1.97643750e-01
5.65978125e-08,1.97910937e-01
5.66378125e-08,1.98151563e-01
5.66778125e-08,1.98073438e-01
5.67178125e-08,1.98117188e-01
5.67578125e-08,1.98089062e-01
5.67978125e-08,1.98107813e-01
5.68378125e-08,1.98093750e-01
5.68778125e-08,1.98103125e-01
5.69178125e-08,1.98098438e-01
5.69578125e-08,1.98101562e-01
5.69978125e-08,1.98100000e-01
5.70378125e-08,1.98098438e-01
5.70778125e-08,1.98103125e-01
5.71178125e-08,1.98095313e-01
5.71578125e-08,1.98106250e-01
5.71978125e-08,1.98090625e-01
5.72378125e-08,1.98112500e-01
5.72778125e-08,1.98082813e-01
5.73178125e-08,1.98126563e-01
5.73578125e-08,1.98048438e-01
5.73978125e-08,1.98304688e-01
5.74378125e-08,1.98557813e-01
5.74778125e-08,1.98465625e-01
5.75178125e-08,1.98525000e-01
5.75578125e-08,1.98479688e-01
5.75978125e-08,1.98518750e-01
5.76378125e-08,1.98481250e-01
5.76778125e-08,1.98520313e-01
5.77178125e-08,1.98476563e-01
5.77578125e-08,1.98531250e-01
5.77978125e-08,1.98445312e-01
5.78378125e-08,1.98706250e-01
5.78778125e-08,1.98956250e-01
5.79178125e-08,1.98865625e-01
5.79578125e-08,1.98926563e-01
5.79978125e-08,1.98876563e-01
5.80378125e-08,1.98921875e-01
5.80778125e-08,1.98878125e-01
5.81178125e-08,1.98925000e-01
5.81578125e-08,1.98871875e-01
5.81978125e-08,1.98937500e-01
5.82378125e-08,1.98837500e-01
5.82778125e-08,1.99115625e-01
5.83178125e-08,1.99346875e-01
5.83578125e-08,1.99278125e-01
5.83978125e-08,1.99312500e-01
5.84378125e-08,1.99292187e-01
5.84778125e-08,1.99303125e-01
5.85178125e-08,1.99298438e-01
5.85578125e-08,1.99298438e-01
5.85978125e-08,1.99304688e-01
5.86378125e-08,1.99293750e-01
5.86778125e-08,1.99310938e-01
5.87178125e-08,1.99284375e-01
5.87578125e-08,1.99326562e-01
5.87978125e-08,1.99248438e-01
5.88378125e-08,1.99504687e-01
5.88778125e-08,1.99756250e-01
5.89178125e-08,1.99667188e-01
5.89578125e-08,1.99723438e-01
5.89978125e-08,1.99681250e-01
5.90378125e-08,1.99714063e-01
5.90778125e-08,1.99687500e-01
5.91178125e-08,1.99710938e-01
5.91578125e-08,1.99690625e-01
5.91978125e-08,1.99707812e-01
5.92378125e-08,1.99692188e-01
5.92778125e-08,1.99707812e-01
5.93178125e-08,1.99693750e-01
5.93578125e-08,1.99706250e-01
5.93978125e-08,1.99695312e-01
5.94378125e-08,1.99704688e-01
5.94778125e-08,1.99695312e-01
5.95178125e-08,1.99704688e-01
5.95578125e-08,1.99695312e-01
5.95978125e-08,1.99703125e-01
5.96378125e-08,1.99696875e-01
5.96778125e-08,1.99703125e-01
5.97178125e-08,1.99696875e-01
5.97578125e-08,1.99703125e-01
5.97978125e-08,1.99696875e-01
5.98378125e-08,1.99701563e-01
5.98778125e-08,1.99698437e-01
5.99178125e-08,1.99701563e-01
5.99578125e-08,1.99698437e-01
5.99978125e-08,1.99701563e-01
6.00378125e-08,1.99698437e-01
6.00778125e-08,1.99701563e-01
6.01178125e-08,1.99700000e-01
6.01578125e-08,1.99700000e-01
6.01978125e-08,1.99700000e-01
6.02378125e-08,1.99700000e-01
6.02778125e-08,1.99700000e-01
6.03178125e-08,1.99700000e-01
6.03578125e-08,1.99701563e-01
6.03978125e-08,1.99698437e-01
6.04378125e-08,1.99701563e-01
6.04778125e-08,1.99698437e-01
6.05178125e-08,1.99703125e-01
6.05578125e-08,1.99696875e-01
6.05978125e-08,1.99704688e-01
6.06378125e-08,1.99695312e-01
6.06778125e-08,1.99706250e-01
6.07178125e-08,1.99692188e-01
6.07578125e-08,1.99709375e-01
6.07978125e-08,1.99689063e-01
6.08378125e-08,1.99714063e-01
6.08778125e-08,1.99679688e-01
6.09178125e-08,1.99729688e-01
6.09578125e-08,1.99643750e-01
6.09978125e-08,1.99909375e-01
6.10378125e-08,2.00151563e-01
6.10778125e-08,2.00073438e-01
6.11178125e-08,2.00115625e-01
6.11578125e-08,2.00092188e-01
6.11978125e-08,2.00100000e-01
6.12378125e-08,2.00110938e-01
6.12778125e-08,2.00064063e-01
6.13178125e-08,2.00290625e-01
6.13578125e-08,2.00571875e-01
6.13978125e-08,2.00451563e-01
6.14378125e-08,2.00540625e-01
6.14778125e-08,2.00462500e-01
6.15178125e-08,2.00537500e-01
6.15578125e-08,2.00460938e-01
6.15978125e-08,2.00546875e-01
6.16378125e-08,2.00429688e-01
6.16778125e-08,2.00723438e-01
6.17178125e-08,2.00940625e-01
6.17578125e-08,2.00882813e-01
6.17978125e-08,2.00907813e-01
6.18378125e-08,2.00896875e-01
6.18778125e-08,2.00901563e-01
6.19178125e-08,2.00901563e-01
6.19578125e-08,2.00898437e-01
6.19978125e-08,2.00903125e-01
6.20378125e-08,2.00896875e-01
6.20778125e-08,2.00904688e-01
6.21178125e-08,2.00895313e-01
6.21578125e-08,2.00904688e-01
6.21978125e-08,2.00893750e-01
6.22378125e-08,2.00906250e-01
6.22778125e-08,2.00893750e-01
6.23178125e-08,2.00906250e-01
6.23578125e-08,2.00892188e-01
6.23978125e-08,2.00907813e-01
6.24378125e-08,2.00890625e-01
6.24778125e-08,2.00909375e-01
6.25178125e-08,2.00889062e-01
6.25578125e-08,2.00910937e-01
6.25978125e-08,2.00887500e-01
6.26378125e-08,2.00915625e-01
6.26778125e-08,2.00881250e-01
6.27178125e-08,2.00923437e-01
6.27578125e-08,2.00865625e-01
6.27978125e-08,2.00959375e-01
6.28378125e-08,2.00687500e-01
6.28778125e-08,2.00451563e-01
6.29178125e-08,2.00523438e-01
6.29578125e-08,2.00487500e-01
6.29978125e-08,2.00506250e-01
6.30378125e-08,2.00501563e-01
6.30778125e-08,2.00487500e-01
6.31178125e-08,2.00537500e-01
6.31578125e-08,2.00309375e-01
6.31978125e-08,2.00026563e-01
6.32378125e-08,2.00150000e-01
6.32778125e-08,2.00056250e-01
6.33178125e-08,2.00145313e-01
6.33578125e-08,2.00048438e-01
6.33978125e-08,2.00175000e-01
6.34378125e-08,1.99871875e-01
6.34778125e-08,1.99667188e-01
6.35178125e-08,1.99707812e-01
6.35578125e-08,1.99706250e-01
6.35978125e-08,1.99679688e-01
6.36378125e-08,1.99748438e-01
6.36778125e-08,1.99495313e-01
6.37178125e-08,1.99243750e-01
6.37578125e-08,1.99329688e-01
6.37978125e-08,1.99284375e-01
6.38378125e-08,1.99303125e-01
6.38778125e-08,1.99323438e-01
6.39178125e-08,1.99123438e-01
6.39578125e-08,1.98812500e-01
6.39978125e-08,1.98968750e-01
6.40378125e-08,1.98831250e-01
6.40778125e-08,1.98989063e-01
6.41178125e-08,1.98659375e-01
6.41578125e-08,1.98478125e-01
6.41978125e-08,1.98496875e-01
6.42378125e-08,1.98517187e-01
6.42778125e-08,1.98468750e-01
6.43178125e-08,1.98559375e-01
6.43578125e-08,1.98285938e-01
6.43978125e-08,1.98054687e-01
6.44378125e-08,1.98118750e-01
6.44778125e-08,1.98096875e-01
6.45178125e-08,1.98089062e-01
6.45578125e-08,1.98137500e-01
6.45978125e-08,1.97907813e-01
6.46378125e-08,1.97629688e-01
6.46778125e-08,1.97746875e-01
6.47178125e-08,1.97659375e-01
6.47578125e-08,1.97739063e-01
6.47978125e-08,1.97654688e-01
6.48378125e-08,1.97767187e-01
6.48778125e-08,1.97481250e-01
6.49178125e-08,1.97254687e-01
6.49578125e-08,1.97321875e-01
6.49978125e-08,1.97285938e-01
6.50378125e-08,1.97310938e-01
6.50778125e-08,1.97292187e-01
6.51178125e-08,1.97306250e-01
6.51578125e-08,1.97293750e-01
6.51978125e-08,1.97304688e-01
6.52378125e-08,1.97295313e-01
6.52778125e-08,1.97304688e-01
6.53178125e-08,1.97295313e-01
6.53578125e-08,1.97304688e-01
6.53978125e-08,1.97295313e-01
6.54378125e-08,1.97304688e-01
6.54778125e-08,1.97295313e-01
6.55178125e-08,1.97304688e-01
6.55578125e-08,1.97293750e-01
6.55978125e-08,1.97306250e-01
6.56378125e-08,1.97293750e-01
6.56778125e-08,1.97307813e-01
6.57178125e-08,1.97292187e-01
6.57578125e-08,1.97309375e-01
6.57978125e-08,1.97289063e-01
6.58378125e-08,1.97312500e-01
6.58778125e-08,1.97285938e-01
6.59178125e-08,1.97317188e-01
6.59578125e-08,1.97278125e-01
6.59978125e-08,1.97332813e-01
6.60378125e-08,1.97242187e-01
6.60778125e-08,1.97510938e-01
6.61178125e-08,1.97751563e-01
6.61578125e-08,1.97673437e-01
6.61978125e-08,1.97717188e-01
6.62378125e-08,1.97689063e-01
6.62778125e-08,1.97707812e-01
6.63178125e-08,1.97695312e-01
6.63578125e-08,1.97703125e-01
6.63978125e-08,1.97700000e-01
6.64378125e-08,1.97696875e-01
6.64778125e-08,1.97706250e-01
6.65178125e-08,1.97687500e-01
6.65578125e-08,1.97721875e-01
6.65978125e-08,1.97651563e-01
6.66378125e-08,1.97901563e-01
6.66778125e-08,1.98160938e-01
6.67178125e-08,1.98062500e-01
6.67578125e-08,1.98126563e-01
6.67978125e-08,1.98078125e-01
6.68378125e-08,1.98118750e-01
6.68778125e-08,1.98082813e-01
6.69178125e-08,1.98115625e-01
6.69578125e-08,1.98085938e-01
6.69978125e-08,1.98114063e-01
6.70378125e-08,1.98087500e-01
6.70778125e-08,1.98112500e-01
6.71178125e-08,1.98089062e-01
6.71578125e-08,1.98110938e-01
6.71978125e-08,1.98089062e-01
6.72378125e-08,1.98110938e-01
6.72778125e-08,1.98089062e-01
6.73178125e-08,1.98110938e-01
6.73578125e-08,1.98089062e-01
6.73978125e-08,1.98110938e-01
6.74378125e-08,1.98089062e-01
6.74778125e-08,1.98110938e-01
6.75178125e-08,1.98089062e-01
6.75578125e-08,1.98112500e-01
6.75978125e-08,1.98087500e-01
6.76378125e-08,1.98112500e-01
6.76778125e-08,1.98085938e-01
6.77178125e-08,1.98115625e-01
6.77578125e-08,1.98082813e-01
6.77978125e-08,1.98120313e-01
6.78378125e-08,1.98075000e-01
6.78778125e-08,1.98134375e-01
6.79178125e-08,1.98040625e-01
6.79578125e-08,1.98312500e-01
6.79978125e-08,1.98550000e-01
6.80378125e-08,1.98473438e-01
6.80778125e-08,1.98517187e-01
6.81178125e-08,1.98487500e-01
6.81578125e-08,1.98509375e-01
6.81978125e-08,1.98493750e-01
6.82378125e-08,1.98506250e-01
6.82778125e-08,1.98495313e-01
6.83178125e-08,1.98503125e-01
6.83578125e-08,1.98496875e-01
6.83978125e-08,1.98503125e-01
6.84378125e-08,1.98496875e-01
6.84778125e-08,1.98503125e-01
6.85178125e-08,1.98498438e-01
6.85578125e-08,1.98501563e-01
6.85978125e-08,1.98498438e-01
6.86378125e-08,1.98501563e-01
6.86778125e-08,1.98496875e-01
6.87178125e-08,1.98503125e-01
6.87578125e-08,1.98496875e-01
6.87978125e-08,1.98503125e-01
6.88378125e-08,1.98495313e-01
6.88778125e-08,1.98506250e-01
6.89178125e-08,1.98492188e-01
6.89578125e-08,1.98510938e-01
6.89978125e-08,1.98484375e-01
6.90378125e-08,1.98525000e-01
6.90778125e-08,1.98451563e-01
6.91178125e-08,1.98701563e-01
6.91578125e-08,1.98960938e-01
6.91978125e-08,1.98862500e-01
6.92378125e-08,1.98928125e-01
6.92778125e-08,1.98875000e-01
6.93178125e-08,1.98921875e-01
6.93578125e-08,1.98879688e-01
6.93978125e-08,1.98920313e-01
6.94378125e-08,1.98879688e-01
6.94778125e-08,1.98921875e-01
6.95178125e-08,1.98876563e-01
6.95578125e-08,1.98925000e-01
6.95978125e-08,1.98870313e-01
6.96378125e-08,1.98939063e-01
6.96778125e-08,1.98835938e-01
6.97178125e-08,1.99117188e-01
6.97578125e-08,1.99345313e-01
6.97978125e-08,1.99278125e-01
6.98378125e-08,1.99310938e-01
6.98778125e-08,1.99293750e-01
6.99178125e-08,1.99303125e-01
6.99578125e-08,1.99298438e-01
6.99978125e-08,1.99300000e-01
7.00378125e-08,1.99301563e-01
7.00778125e-08,1.99296875e-01
7.01178125e-08,1.99304688e-01
7.01578125e-08,1.99295313e-01
7.01978125e-08,1.99306250e-01
7.02378125e-08,1.99293750e-01
7.02778125e-08,1.99307813e-01
7.03178125e-08,1.99290625e-01
7.03578125e-08,1.99310938e-01
7.03978125e-08,1.99287500e-01
7.04378125e-08,1.99315625e-01
7.04778125e-08,1.99281250e-01
7.05178125e-08,1.99323438e-01
7.05578125e-08,1.99265625e-01
7.05978125e-08,1.99359375e-01
7.06378125e-08,1.99085938e-01
7.06778125e-08,1.98851563e-01
7.07178125e-08,1.98923438e-01
7.07578125e-08,1.98885937e-01
7.07978125e-08,1.98907813e-01
7.08378125e-08,1.98896875e-01
7.08778125e-08,1.98900000e-01
7.09178125e-08,1.98904688e-01
7.09578125e-08,1.98892188e-01
7.09978125e-08,1.98914063e-01
7.10378125e-08,1.98875000e-01
7.10778125e-08,1.98950000e-01
7.11178125e-08,1.98695312e-01
7.11578125e-08,1.98442188e-01
7.11978125e-08,1.98532813e-01
7.12378125e-08,1.98476563e-01
7.12778125e-08,1.98517187e-01
7.13178125e-08,1.98485938e-01
7.13578125e-08,1.98510938e-01
7.13978125e-08,1.98492188e-01
7.14378125e-08,1.98504687e-01
7.14778125e-08,1.98496875e-01
7.15178125e-08,1.98498438e-01
7.15578125e-08,1.98506250e-01
7.15978125e-08,1.98484375e-01
7.16378125e-08,1.98540625e-01
7.16778125e-08,1.98306250e-01
7.17178125e-08,1.98029687e-01
7.17578125e-08,1.98146875e-01
7.17978125e-08,1.98060938e-01
7.18378125e-08,1.98137500e-01
7.18778125e-08,1.98060938e-01
7.19178125e-08,1.98146875e-01
7.19578125e-08,1.98029687e-01
7.19978125e-08,1.98321875e-01
7.20378125e-08,1.98540625e-01
7.20778125e-08,1.98482812e-01
7.21178125e-08,1.98509375e-01
7.21578125e-08,1.98495313e-01
7.21978125e-08,1.98501563e-01
7.22378125e-08,1.98501563e-01
7.22778125e-08,1.98496875e-01
7.23178125e-08,1.98504687e-01
7.23578125e-08,1.98493750e-01
7.23978125e-08,1.98509375e-01
7.24378125e-08,1.98484375e-01
7.24778125e-08,1.98525000e-01
7.25178125e-08,1.98451563e-01
7.25578125e-08,1.98701563e-01
7.25978125e-08,1.98962500e-01
7.26378125e-08,1.98860938e-01
7.26778125e-08,1.98931250e-01
7.27178125e-08,1.98870313e-01
7.27578125e-08,1.98929688e-01
7.27978125e-08,1.98867188e-01
7.28378125e-08,1.98940625e-01
7.28778125e-08,1.98834375e-01
7.29178125e-08,1.99117188e-01
7.29578125e-08,1.99345313e-01
7.29978125e-08,1.99279687e-01
7.30378125e-08,1.99310938e-01
7.30778125e-08,1.99293750e-01
7.31178125e-08,1.99301563e-01
7.31578125e-08,1.99301563e-01
7.31978125e-08,1.99295313e-01
7.32378125e-08,1.99307813e-01
7.32778125e-08,1.99285938e-01
7.33178125e-08,1.99325000e-01
7.33578125e-08,1.99250000e-01
7.33978125e-08,1.99503125e-01
7.34378125e-08,1.99757813e-01
7.34778125e-08,1.99665625e-01
7.35178125e-08,1.99725000e-01
7.35578125e-08,1.99679688e-01
7.35978125e-08,1.99715625e-01
7.36378125e-08,1.99685938e-01
7.36778125e-08,1.99712500e-01
7.37178125e-08,1.99689063e-01
7.37578125e-08,1.99709375e-01
7.37978125e-08,1.99692188e-01
7.38378125e-08,1.99706250e-01
7.38778125e-08,1.99693750e-01
7.39178125e-08,1.99703125e-01
7.39578125e-08,1.99698437e-01
7.39978125e-08,1.99698437e-01
7.40378125e-08,1.99706250e-01
7.40778125e-08,1.99684375e-01
7.41178125e-08,1.99740625e-01
7.41578125e-08,1.99507812e-01
7.41978125e-08,1.99229688e-01
7.42378125e-08,1.99346875e-01
7.42778125e-08,1.99260938e-01
7.43178125e-08,1.99335938e-01
7.43578125e-08,1.99265625e-01
7.43978125e-08,1.99334375e-01
7.44378125e-08,1.99264063e-01
7.44778125e-08,1.99340625e-01
7.45178125e-08,1.99250000e-01
7.45578125e-08,1.99375000e-01
7.45978125e-08,1.99071875e-01
7.46378125e-08,1.98867188e-01
7.46778125e-08,1.98907813e-01
7.47178125e-08,1.98903125e-01
7.47578125e-08,1.98887500e-01
7.47978125e-08,1.98920313e-01
7.48378125e-08,1.98867188e-01
7.48778125e-08,1.98959375e-01
7.49178125e-08,1.98685938e-01
7.49578125e-08,1.98453125e-01
7.49978125e-08,1.98520313e-01
7.50378125e-08,1.98490625e-01
7.50778125e-08,1.98501563e-01
7.51178125e-08,1.98507813e-01
7.51578125e-08,1.98481250e-01
7.51978125e-08,1.98545313e-01
7.52378125e-08,1.98300000e-01
7.52778125e-08,1.98039063e-01
7.53178125e-08,1.98135937e-01
7.53578125e-08,1.98073438e-01
7.53978125e-08,1.98120313e-01
7.54378125e-08,1.98082813e-01
7.54778125e-08,1.98115625e-01
7.55178125e-08,1.98085938e-01
7.55578125e-08,1.98112500e-01
7.55978125e-08,1.98089062e-01
7.56378125e-08,1.98109375e-01
7.56778125e-08,1.98090625e-01
7.57178125e-08,1.98107813e-01
7.57578125e-08,1.98092188e-01
7.57978125e-08,1.98107813e-01
7.58378125e-08,1.98092188e-01
7.58778125e-08,1.98106250e-01
7.59178125e-08,1.98093750e-01
7.59578125e-08,1.98106250e-01
7.59978125e-08,1.98093750e-01
7.60378125e-08,1.98106250e-01
7.60778125e-08,1.98093750e-01
7.61178125e-08,1.98106250e-01
7.61578125e-08,1.98095313e-01
7.61978125e-08,1.98104688e-01
7.62378125e-08,1.98095313e-01
7.62778125e-08,1.98104688e-01
7.63178125e-08,1.98095313e-01
7.63578125e-08,1.98104688e-01
7.63978125e-08,1.98095313e-01
7.64378125e-08,1.98104688e-01
7.64778125e-08,1.98095313e-01
7.65178125e-08,1.98104688e-01
7.65578125e-08,1.98095313e-01
7.65978125e-08,1.98104688e-01
7.66378125e-08,1.98095313e-01
7.66778125e-08,1.98104688e-01
7.67178125e-08,1.98095313e-01
7.67578125e-08,1.98104688e-01
7.67978125e-08,1.98093750e-01
7.68378125e-08,1.98106250e-01
7.68778125e-08,1.98093750e-01
7.69178125e-08,1.98106250e-01
7.69578125e-08,1.98093750e-01
7.69978125e-08,1.98106250e-01
7.70378125e-08,1.98092188e-01
7.70778125e-08,1.98107813e-01
7.71178125e-08,1.98092188e-01
7.71578125e-08,1.98109375e-01
7.71978125e-08,1.98090625e-01
7.72378125e-08,1.98110938e-01
7.72778125e-08,1.98087500e-01
7.73178125e-08,1.98114063e-01
7.73578125e-08,1.98082813e-01
7.73978125e-08,1.98121875e-01
7.74378125e-08,1.98067188e-01
7.74778125e-08,1.98157813e-01
7.75178125e-08,1.97889063e-01
7.75578125e-08,1.97648437e-01
7.75978125e-08,1.97728125e-01
7.76378125e-08,1.97681250e-01
7.76778125e-08,1.97714063e-01
7.77178125e-08,1.97689063e-01
7.77578125e-08,1.97707812e-01
7.77978125e-08,1.97693750e-01
7.78378125e-08,1.97706250e-01
7.78778125e-08,1.97695312e-01
7.79178125e-08,1.97703125e-01
7.79578125e-08,1.97696875e-01
7.79978125e-08,1.97703125e-01
7.80378125e-08,1.97698438e-01
7.80778125e-08,1.97701563e-01
7.81178125e-08,1.97700000e-01
7.81578125e-08,1.97700000e-01
7.81978125e-08,1.97700000e-01
7.82378125e-08,1.97698438e-01
7.82778125e-08,1.97703125e-01
7.83178125e-08,1.97696875e-01
7.83578125e-08,1.97704688e-01
7.83978125e-08,1.97693750e-01
7.84378125e-08,1.97709375e-01
7.84778125e-08,1.97684375e-01
7.85178125e-08,1.97725000e-01
7.85578125e-08,1.97651563e-01
7.85978125e-08,1.97901563e-01
7.86378125e-08,1.98160938e-01
7.86778125e-08,1.98062500e-01
7.87178125e-08,1.98128125e-01
7.87578125e-08,1.98076562e-01
7.87978125e-08,1.98121875e-01
7.88378125e-08,1.98079688e-01
7.88778125e-08,1.98120313e-01
7.89178125e-08,1.98078125e-01
7.89578125e-08,1.98123437e-01
7.89978125e-08,1.98071875e-01
7.90378125e-08,1.98137500e-01
7.90778125e-08,1.98039063e-01
7.91178125e-08,1.98314062e-01
7.91578125e-08,1.98548438e-01
7.91978125e-08,1.98475000e-01
7.92378125e-08,1.98515625e-01
7.92778125e-08,1.98489063e-01
7.93178125e-08,1.98507813e-01
7.93578125e-08,1.98493750e-01
7.93978125e-08,1.98504687e-01
7.94378125e-08,1.98495313e-01
7.94778125e-08,1.98503125e-01
7.95178125e-08,1.98496875e-01
7.95578125e-08,1.98503125e-01
7.95978125e-08,1.98496875e-01
7.96378125e-08,1.98501563e-01
7.96778125e-08,1.98498438e-01
7.97178125e-08,1.98501563e-01
7.97578125e-08,1.98498438e-01
7.97978125e-08,1.98501563e-01
7.98378125e-08,1.98498438e-01
7.98778125e-08,1.98501563e-01
7.99178125e-08,1.98498438e-01
7.99578125e-08,1.98501563e-01
7.99978125e-08,1.98498438e-01
8.00378125e-08,1.98501563e-01
8.00778125e-08,1.98498438e-01
8.01178125e-08,1.98501563e-01
8.01578125e-08,1.98498438e-01
8.01978125e-08,1.98501563e-01
8.02378125e-08,1.98498438e-01
8.02778125e-08,1.98501563e-01
8.03178125e-08,1.98498438e-01
8.03578125e-08,1.98501563e-01
8.03978125e-08,1.98498438e-01
8.04378125e-08,1.98501563e-01
8.04778125e-08,1.98498438e-01
8.05178125e-08,1.98501563e-01
8.05578125e-08,1.98498438e-01
8.05978125e-08,1.98501563e-01
8.06378125e-08,1.98498438e-01
8.06778125e-08,1.98501563e-01
8.07178125e-08,1.98498438e-01
8.07578125e-08,1.98501563e-01
8.07978125e-08,1.98498438e-01
8.08378125e-08,1.98503125e-01
8.08778125e-08,1.98496875e-01
8.09178125e-08,1.98503125e-01
8.09578125e-08,1.98496875e-01
8.09978125e-08,1.98503125e-01
8.10378125e-08,1.98496875e-01
8.10778125e-08,1.98503125e-01
8.11178125e-08,1.98495313e-01
8.11578125e-08,1.98504687e-01
8.11978125e-08,1.98495313e-01
8.12378125e-08,1.98504687e-01
8.12778125e-08,1.98493750e-01
8.13178125e-08,1.98506250e-01
8.13578125e-08,1.98492188e-01
8.13978125e-08,1.98507813e-01
8.14378125e-08,1.98490625e-01
8.14778125e-08,1.98510938e-01
8.15178125e-08,1.98487500e-01
8.15578125e-08,1.98515625e-01
8.15978125e-08,1.98478125e-01
8.16378125e-08,1.98531250e-01
8.16778125e-08,1.98443750e-01
8.17178125e-08,1.98709375e-01
8.17578125e-08,1.98953125e-01
8.17978125e-08,1.98870313e-01
8.18378125e-08,1.98918750e-01
8.18778125e-08,1.98885937e-01
8.19178125e-08,1.98910937e-01
8.19578125e-08,1.98892188e-01
8.19978125e-08,1.98906250e-01
8.20378125e-08,1.98895313e-01
8.20778125e-08,1.98904688e-01
8.21178125e-08,1.98896875e-01
8.21578125e-08,1.98901563e-01
8.21978125e-08,1.98900000e-01
8.22378125e-08,1.98898437e-01
8.22778125e-08,1.98901563e-01
8.23178125e-08,1.98895313e-01
8.23578125e-08,1.98906250e-01
8.23978125e-08,1.98890625e-01
8.24378125e-08,1.98915625e-01
8.24778125e-08,1.98875000e-01
8.25178125e-08,1.98950000e-01
8.25578125e-08,1.98695312e-01
8.25978125e-08,1.98442188e-01
8.26378125e-08,1.98534375e-01
8.26778125e-08,1.98476563e-01
8.27178125e-08,1.98518750e-01
8.27578125e-08,1.98485938e-01
8.27978125e-08,1.98510938e-01
8.28378125e-08,1.98492188e-01
8.28778125e-08,1.98503125e-01
8.29178125e-08,1.98501563e-01
8.29578125e-08,1.98489063e-01
8.29978125e-08,1.98535938e-01
8.30378125e-08,1.98310938e-01
8.30778125e-08,1.98026563e-01
8.31178125e-08,1.98151563e-01
8.31578125e-08,1.98057813e-01
8.31978125e-08,1.98140625e-01
8.32378125e-08,1.98059375e-01
8.32778125e-08,1.98143750e-01
8.33178125e-08,1.98048438e-01
8.33578125e-08,1.98175000e-01
8.33978125e-08,1.97871875e-01
8.34378125e-08,1.97665625e-01
8.34778125e-08,1.97710938e-01
8.35178125e-08,1.97698438e-01
8.35578125e-08,1.97695312e-01
8.35978125e-08,1.97707812e-01
8.36378125e-08,1.97689063e-01
8.36778125e-08,1.97714063e-01
8.37178125e-08,1.97681250e-01
8.37578125e-08,1.97723438e-01
8.37978125e-08,1.97665625e-01
8.38378125e-08,1.97759375e-01
8.38778125e-08,1.97487500e-01
8.39178125e-08,1.97251563e-01
8.39578125e-08,1.97325000e-01
8.39978125e-08,1.97284375e-01
8.40378125e-08,1.97309375e-01
8.40778125e-08,1.97293750e-01
8.41178125e-08,1.97304688e-01
8.41578125e-08,1.97298438e-01
8.41978125e-08,1.97300000e-01
8.42378125e-08,1.97301562e-01
8.42778125e-08,1.97298438e-01
8.43178125e-08,1.97303125e-01
8.43578125e-08,1.97295313e-01
8.43978125e-08,1.97306250e-01
8.44378125e-08,1.97290625e-01
8.44778125e-08,1.97312500e-01
8.45178125e-08,1.97282813e-01
8.45578125e-08,1.97326562e-01
8.45978125e-08,1.97248438e-01
8.46378125e-08,1.97504687e-01
8.46778125e-08,1.97757813e-01
8.47178125e-08,1.97667188e-01
8.47578125e-08,1.97725000e-01
8.47978125e-08,1.97679688e-01
8.48378125e-08,1.97717188e-01
8.48778125e-08,1.97684375e-01
8.49178125e-08,1.97715625e-01
8.49578125e-08,1.97685938e-01
8.49978125e-08,1.97715625e-01
8.50378125e-08,1.97682812e-01
8.50778125e-08,1.97718750e-01
8.51178125e-08,1.97676563e-01
8.51578125e-08,1.97732813e-01
8.51978125e-08,1.97643750e-01
8.52378125e-08,1.97909375e-01
8.52778125e-08,1.98153125e-01
8.53178125e-08,1.98070313e-01
8.53578125e-08,1.98120313e-01
8.53978125e-08,1.98084375e-01
8.54378125e-08,1.98112500e-01
8.54778125e-08,1.98089062e-01
8.55178125e-08,1.98109375e-01
8.55578125e-08,1.98090625e-01
8.55978125e-08,1.98107813e-01
8.56378125e-08,1.98092188e-01
8.56778125e-08,1.98107813e-01
8.57178125e-08,1.98092188e-01
8.57578125e-08,1.98107813e-01
8.57978125e-08,1.98093750e-01
8.58378125e-08,1.98106250e-01
8.58778125e-08,1.98093750e-01
8.59178125e-08,1.98106250e-01
8.59578125e-08,1.98093750e-01
8.59978125e-08,1.98106250e-01
8.60378125e-08,1.98093750e-01
8.60778125e-08,1.98107813e-01
8.61178125e-08,1.98092188e-01
8.61578125e-08,1.98107813e-01
8.61978125e-08,1.98092188e-01
8.62378125e-08,1.98107813e-01
8.62778125e-08,1.98092188e-01
8.63178125e-08,1.98107813e-01
8.63578125e-08,1.98090625e-01
8.63978125e-08,1.98109375e-01
8.64378125e-08,1.98090625e-01
8.64778125e-08,1.98110938e-01
8.65178125e-08,1.98089062e-01
8.65578125e-08,1.98110938e-01
8.65978125e-08,1.98087500e-01
8.66378125e-08,1.98114063e-01
8.66778125e-08,1.98084375e-01
8.67178125e-08,1.98117188e-01
8.67578125e-08,1.98079688e-01
8.67978125e-08,1.98126563e-01
8.68378125e-08,1.98064062e-01
8.68778125e-08,1.98160938e-01
8.69178125e-08,1.97885937e-01
8.69578125e-08,1.97651563e-01
8.69978125e-08,1.97723438e-01
8.70378125e-08,1.97685938e-01
8.70778125e-08,1.97709375e-01
8.71178125e-08,1.97693750e-01
8.71578125e-08,1.97703125e-01
8.71978125e-08,1.97698438e-01
8.72378125e-08,1.97700000e-01
8.72778125e-08,1.97701563e-01
8.73178125e-08,1.97698438e-01
8.73578125e-08,1.97703125e-01
8.73978125e-08,1.97695312e-01
8.74378125e-08,1.97706250e-01
8.74778125e-08,1.97693750e-01
8.75178125e-08,1.97707812e-01
8.75578125e-08,1.97690625e-01
8.75978125e-08,1.97710938e-01
8.76378125e-08,1.97687500e-01
8.76778125e-08,1.97715625e-01
8.77178125e-08,1.97679688e-01
8.77578125e-08,1.97725000e-01
8.77978125e-08,1.97664063e-01
8.78378125e-08,1.97762500e-01
8.78778125e-08,1.97482812e-01
8.79178125e-08,1.97256250e-01
8.79578125e-08,1.97317188e-01
8.79978125e-08,1.97295313e-01
8.80378125e-08,1.97295313e-01
8.80778125e-08,1.97317188e-01
8.81178125e-08,1.97254687e-01
8.81578125e-08,1.97500000e-01
8.81978125e-08,1.97760938e-01
8.82378125e-08,1.97664063e-01
8.82778125e-08,1.97725000e-01
8.83178125e-08,1.97679688e-01
8.83578125e-08,1.97715625e-01
8.83978125e-08,1.97687500e-01
8.84378125e-08,1.97710938e-01
8.84778125e-08,1.97692188e-01
8.85178125e-08,1.97706250e-01
8.85578125e-08,1.97695312e-01
8.85978125e-08,1.97701563e-01
8.86378125e-08,1.97701563e-01
8.86778125e-08,1.97692188e-01
8.87178125e-08,1.97717188e-01
8.87578125e-08,1.97657813e-01
8.87978125e-08,1.97893750e-01
8.88378125e-08,1.98168750e-01
8.88778125e-08,1.98053125e-01
8.89178125e-08,1.98139063e-01
8.89578125e-08,1.98060938e-01
8.89978125e-08,1.98145313e-01
8.90378125e-08,1.98032813e-01
8.90778125e-08,1.98317188e-01
8.91178125e-08,1.98548438e-01
8.91578125e-08,1.98473438e-01
8.91978125e-08,1.98520313e-01
8.92378125e-08,1.98478125e-01
8.92778125e-08,1.98528125e-01
8.93178125e-08,1.98448438e-01
8.93578125e-08,1.98701563e-01
8.93978125e-08,1.98962500e-01
8.94378125e-08,1.98859375e-01
8.94778125e-08,1.98934375e-01
8.95178125e-08,1.98865625e-01
8.95578125e-08,1.98940625e-01
8.95978125e-08,1.98837500e-01
8.96378125e-08,1.99114063e-01
8.96778125e-08,1.99350000e-01
8.97178125e-08,1.99273438e-01
8.97578125e-08,1.99318750e-01
8.97978125e-08,1.99284375e-01
8.98378125e-08,1.99315625e-01
8.98778125e-08,1.99284375e-01
8.99178125e-08,1.99318750e-01
8.99578125e-08,1.99278125e-01
8.99978125e-08,1.99331250e-01
9.00378125e-08,1.99243750e-01
9.00778125e-08,1.99509375e-01
9.01178125e-08,1.99753125e-01
9.01578125e-08,1.99671875e-01
9.01978125e-08,1.99718750e-01
9.02378125e-08,1.99687500e-01
9.02778125e-08,1.99707812e-01
9.03178125e-08,1.99695312e-01
9.03578125e-08,1.99700000e-01
9.03978125e-08,1.99706250e-01
9.04378125e-08,1.99684375e-01
9.04778125e-08,1.99740625e-01
9.05178125e-08,1.99504687e-01
9.05578125e-08,1.99232813e-01
9.05978125e-08,1.99343750e-01
9.06378125e-08,1.99265625e-01
9.06778125e-08,1.99329688e-01
9.07178125e-08,1.99273438e-01
9.07578125e-08,1.99325000e-01
9.07978125e-08,1.99275000e-01
9.08378125e-08,1.99325000e-01
9.08778125e-08,1.99275000e-01
9.09178125e-08,1.99326562e-01
9.09578125e-08,1.99270313e-01
9.09978125e-08,1.99334375e-01
9.10378125e-08,1.99256250e-01
9.10778125e-08,1.99367188e-01
9.11178125e-08,1.99079688e-01
9.11578125e-08,1.98857813e-01
9.11978125e-08,1.98918750e-01
9.12378125e-08,1.98890625e-01
9.12778125e-08,1.98903125e-01
9.13178125e-08,1.98898437e-01
9.13578125e-08,1.98898437e-01
9.13978125e-08,1.98903125e-01
9.14378125e-08,1.98895313e-01
9.14778125e-08,1.98904688e-01
9.15178125e-08,1.98893750e-01
9.15578125e-08,1.98907813e-01
9.15978125e-08,1.98892188e-01
9.16378125e-08,1.98909375e-01
9.16778125e-08,1.98889063e-01
9.17178125e-08,1.98912500e-01
9.17578125e-08,1.98884375e-01
9.17978125e-08,1.98918750e-01
9.18378125e-08,1.98876563e-01
9.18778125e-08,1.98934375e-01
9.19178125e-08,1.98840625e-01
9.19578125e-08,1.99112500e-01
9.19978125e-08,1.99348438e-01
9.20378125e-08,1.99276563e-01
9.20778125e-08,1.99314062e-01
9.21178125e-08,1.99292187e-01
9.21578125e-08,1.99303125e-01
9.21978125e-08,1.99301563e-01
9.22378125e-08,1.99292187e-01
9.22778125e-08,1.99318750e-01
9.23178125e-08,1.99256250e-01
9.23578125e-08,1.99496875e-01
9.23978125e-08,1.99765625e-01
9.24378125e-08,1.99656250e-01
9.24778125e-08,1.99734375e-01
9.25178125e-08,1.99668750e-01
9.25578125e-08,1.99731250e-01
9.25978125e-08,1.99665625e-01
9.26378125e-08,1.99742188e-01
9.26778125e-08,1.99632813e-01
9.27178125e-08,1.99918750e-01
9.27578125e-08,2.00143750e-01
9.27978125e-08,2.00079688e-01
9.28378125e-08,2.00110938e-01
9.28778125e-08,2.00093750e-01
9.29178125e-08,2.00103125e-01
9.29578125e-08,2.00100000e-01
9.29978125e-08,2.00098438e-01
9.30378125e-08,2.00103125e-01
9.30778125e-08,2.00093750e-01
9.31178125e-08,2.00109375e-01
9.31578125e-08,2.00084375e-01
9.31978125e-08,2.00125000e-01
9.32378125e-08,2.00050000e-01
9.32778125e-08,2.00303125e-01
9.33178125e-08,2.00559375e-01
9.33578125e-08,2.00464063e-01
9.33978125e-08,2.00526563e-01
9.34378125e-08,2.00478125e-01
9.34778125e-08,2.00518750e-01
9.35178125e-08,2.00482812e-01
9.35578125e-08,2.00515625e-01
9.35978125e-08,2.00485938e-01
9.36378125e-08,2.00514063e-01
9.36778125e-08,2.00485938e-01
9.37178125e-08,2.00514063e-01
9.37578125e-08,2.00485938e-01
9.37978125e-08,2.00514063e-01
9.38378125e-08,2.00485938e-01
9.38778125e-08,2.00515625e-01
9.39178125e-08,2.00482812e-01
9.39578125e-08,2.00518750e-01
9.39978125e-08,2.00478125e-01
9.40378125e-08,2.00526563e-01
9.40778125e-08,2.00464063e-01
9.41178125e-08,2.00560938e-01
9.41578125e-08,2.00285938e-01
9.41978125e-08,2.00051563e-01
9.42378125e-08,2.00125000e-01
9.42778125e-08,2.00084375e-01
9.43178125e-08,2.00110938e-01
9.43578125e-08,2.00092188e-01
9.43978125e-08,2.00106250e-01
9.44378125e-08,2.00095313e-01
9.44778125e-08,2.00103125e-01
9.45178125e-08,2.00096875e-01
9.45578125e-08,2.00101562e-01
9.45978125e-08,2.00098438e-01
9.46378125e-08,2.00100000e-01
9.46778125e-08,2.00100000e-01
9.47178125e-08,2.00100000e-01
9.47578125e-08,2.00100000e-01
9.47978125e-08,2.00098438e-01
9.48378125e-08,2.00101562e-01
9.48778125e-08,2.00098438e-01
9.49178125e-08,2.00101562e-01
9.49578125e-08,2.00098438e-01
9.49978125e-08,2.00103125e-01
9.50378125e-08,2.00096875e-01
9.50778125e-08,2.00103125e-01
9.51178125e-08,2.00096875e-01
9.51578125e-08,2.00104688e-01
9.51978125e-08,2.00095313e-01
9.52378125e-08,2.00104688e-01
9.52778125e-08,2.00093750e-01
9.53178125e-08,2.00107813e-01
9.53578125e-08,2.00090625e-01
9.53978125e-08,2.00110938e-01
9.54378125e-08,2.00085938e-01
9.54778125e-08,2.00118750e-01
9.55178125e-08,2.00071875e-01
9.55578125e-08,2.00153125e-01
9.55978125e-08,1.99893750e-01
9.56378125e-08,1.99643750e-01
9.56778125e-08,1.99732813e-01
9.57178125e-08,1.99676563e-01
9.57578125e-08,1.99718750e-01
9.57978125e-08,1.99684375e-01
9.58378125e-08,1.99714063e-01
9.58778125e-08,1.99687500e-01
9.59178125e-08,1.99712500e-01
9.59578125e-08,1.99687500e-01
9.59978125e-08,1.99712500e-01
9.60378125e-08,1.99687500e-01
9.60778125e-08,1.99712500e-01
9.61178125e-08,1.99687500e-01
9.61578125e-08,1.99714063e-01
9.61978125e-08,1.99684375e-01
9.62378125e-08,1.99717188e-01
9.62778125e-08,1.99679688e-01
9.63178125e-08,1.99725000e-01
9.63578125e-08,1.99665625e-01
9.63978125e-08,1.99759375e-01
9.64378125e-08,1.99487500e-01
9.64778125e-08,1.99251563e-01
9.65178125e-08,1.99325000e-01
9.65578125e-08,1.99284375e-01
9.65978125e-08,1.99309375e-01
9.66378125e-08,1.99293750e-01
9.66778125e-08,1.99303125e-01
9.67178125e-08,1.99301563e-01
9.67578125e-08,1.99295313e-01
9.67978125e-08,1.99310938e-01
9.68378125e-08,1.99279687e-01
9.68778125e-08,1.99345313e-01
9.69178125e-08,1.99101562e-01
9.69578125e-08,1.98835938e-01
9.69978125e-08,1.98940625e-01
9.70378125e-08,1.98867188e-01
9.70778125e-08,1.98929688e-01
9.71178125e-08,1.98870313e-01
9.71578125e-08,1.98931250e-01
9.71978125e-08,1.98860938e-01
9.72378125e-08,1.98962500e-01
9.72778125e-08,1.98685938e-01
9.73178125e-08,1.98450000e-01
9.73578125e-08,1.98528125e-01
9.73978125e-08,1.98479688e-01
9.74378125e-08,1.98518750e-01
9.74778125e-08,1.98481250e-01
9.75178125e-08,1.98521875e-01
9.75578125e-08,1.98470312e-01
9.75978125e-08,1.98554687e-01
9.76378125e-08,1.98293750e-01
9.76778125e-08,1.98043750e-01
9.77178125e-08,1.98132813e-01
9.77578125e-08,1.98076562e-01
9.77978125e-08,1.98118750e-01
9.78378125e-08,1.98084375e-01
9.78778125e-08,1.98114063e-01
9.79178125e-08,1.98087500e-01
9.79578125e-08,1.98112500e-01
9.79978125e-08,1.98089062e-01
9.80378125e-08,1.98110938e-01
9.80778125e-08,1.98089062e-01
9.81178125e-08,1.98109375e-01
9.81578125e-08,1.98090625e-01
9.81978125e-08,1.98109375e-01
9.82378125e-08,1.98090625e-01
9.82778125e-08,1.98109375e-01
9.83178125e-08,1.98090625e-01
9.83578125e-08,1.98109375e-01
9.83978125e-08,1.98090625e-01
9.84378125e-08,1.98109375e-01
9.84778125e-08,1.98090625e-01
9.85178125e-08,1.98109375e-01
9.85578125e-08,1.98090625e-01
9.85978125e-08,1.98109375e-01
9.86378125e-08,1.98090625e-01
9.86778125e-08,1.98109375e-01
9.87178125e-08,1.98090625e-01
9.87578125e-08,1.98109375e-01
9.87978125e-08,1.98090625e-01
9.88378125e-08,1.98109375e-01
9.88778125e-08,1.98090625e-01
9.89178125e-08,1.98109375e-01
9.89578125e-08,1.98090625e-01
9.89978125e-08,1.98110938e-01
9.90378125e-08,1.98089062e-01
9.90778125e-08,1.98110938e-01
9.91178125e-08,1.98089062e-01
9.91578125e-08,1.98110938e-01
9.91978125e-08,1.98087500e-01
9.92378125e-08,1.98112500e-01
9.92778125e-08,1.98087500e-01
9.93178125e-08,1.98112500e-01
9.93578125e-08,1.98085938e-01
9.93978125e-08,1.98114063e-01
9.94378125e-08,1.98084375e-01
9.94778125e-08,1.98117188e-01
9.95178125e-08,1.98081250e-01
9.95578125e-08,1.98120313e-01
9.95978125e-08,1.98075000e-01
9.96378125e-08,1.98129688e-01
9.96778125e-08,1.98060938e-01
9.97178125e-08,1.98164063e-01
9.97578125e-08,1.97882813e-01
9.97978125e-08,1.97656250e-01
9.98378125e-08,1.97720312e-01
9.98778125e-08,1.97690625e-01
9.99178125e-08,1.97704688e-01
9.99578125e-08,1.97698438e-01
9.99978125e-08,1.97698438e-01
1.00037812e-07,1.97704688e-01
1.00077812e-07,1.97693750e-01
1.00117812e-07,1.97707812e-01
1.00157812e-07,1.97689063e-01
1.00197812e-07,1.97714063e-01
1.00237812e-07,1.97682812e-01
1.00277812e-07,1.97723438e-01
1.00317812e-07,1.97667188e-01
1.00357812e-07,1.97757813e-01
1.00397812e-07,1.97487500e-01
1.00437812e-07,1.97250000e-01
1.00477812e-07,1.97325000e-01
1.00517812e-07,1.97284375e-01
1.00557812e-07,1.97309375e-01
1.00597812e-07,1.97293750e-01
1.00637812e-07,1.97304688e-01
1.00677812e-07,1.97298438e-01
1.00717812e-07,1.97300000e-01
1.00757812e-07,1.97301562e-01
1.00797812e-07,1.97296875e-01
1.00837812e-07,1.97304688e-01
1.00877812e-07,1.97293750e-01
1.00917812e-07,1.97309375e-01
1.00957812e-07,1.97289063e-01
1.00997812e-07,1.97315625e-01
1.01037812e-07,1.97279688e-01
1.01077812e-07,1.97331250e-01
1.01117812e-07,1.97243750e-01
1.01157812e-07,1.97509375e-01
1.01197812e-07,1.97751563e-01
1.01237812e-07,1.97671875e-01
1.01277812e-07,1.97718750e-01
1.01317812e-07,1.97687500e-01
1.01357812e-07,1.97709375e-01
1.01397812e-07,1.97693750e-01
1.01437812e-07,1.97704688e-01
1.01477812e-07,1.97696875e-01
1.01517812e-07,1.97701563e-01
1.01557812e-07,1.97701563e-01
1.01597812e-07,1.97696875e-01
1.01637812e-07,1.97704688e-01
1.01677813e-07,1.97692188e-01
1.01717812e-07,1.97710938e-01
1.01757812e-07,1.97682812e-01
1.01797812e-07,1.97726563e-01
1.01837812e-07,1.97648437e-01
1.01877812e-07,1.97906250e-01
1.01917812e-07,1.98156250e-01
1.01957813e-07,1.98067188e-01
1.01997812e-07,1.98121875e-01
1.02037812e-07,1.98082813e-01
1.02077812e-07,1.98114063e-01
1.02117812e-07,1.98089062e-01
1.02157812e-07,1.98109375e-01
1.02197812e-07,1.98092188e-01
1.02237813e-07,1.98106250e-01
1.02277812e-07,1.98095313e-01
1.02317812e-07,1.98103125e-01
1.02357812e-07,1.98096875e-01
1.02397812e-07,1.98101562e-01
1.02437812e-07,1.98100000e-01
1.02477812e-07,1.98096875e-01
1.02517813e-07,1.98106250e-01
1.02557812e-07,1.98089062e-01
1.02597812e-07,1.98120313e-01
1.02637812e-07,1.98054687e-01
1.02677812e-07,1.98298438e-01
1.02717812e-07,1.98564062e-01
1.02757812e-07,1.98459375e-01
1.02797812e-07,1.98531250e-01
1.02837812e-07,1.98473438e-01
1.02877812e-07,1.98525000e-01
1.02917812e-07,1.98476563e-01
1.02957812e-07,1.98523438e-01
1.02997812e-07,1.98475000e-01
1.03037812e-07,1.98526563e-01
1.03077812e-07,1.98468750e-01
1.03117812e-07,1.98540625e-01
1.03157812e-07,1.98434375e-01
1.03197812e-07,1.98718750e-01
1.03237812e-07,1.98942188e-01
1.03277812e-07,1.98881250e-01
1.03317812e-07,1.98907813e-01
1.03357812e-07,1.98900000e-01
1.03397812e-07,1.98893750e-01
1.03437812e-07,1.98917188e-01
1.03477812e-07,1.98856250e-01
1.03517812e-07,1.99095313e-01
1.03557812e-07,1.99367188e-01
1.03597812e-07,1.99254687e-01
1.03637812e-07,1.99337500e-01
1.03677812e-07,1.99262500e-01
1.03717812e-07,1.99343750e-01
1.03757812e-07,1.99234375e-01
1.03797812e-07,1.99515625e-01
1.03837812e-07,1.99748438e-01
1.03877812e-07,1.99673437e-01
1.03917812e-07,1.99720312e-01
1.03957812e-07,1.99679688e-01
1.03997812e-07,1.99726563e-01
1.04037812e-07,1.99650000e-01
1.04077812e-07,1.99900000e-01
1.04117812e-07,2.00164063e-01
1.04157812e-07,2.00056250e-01
1.04197812e-07,2.00139063e-01
1.04237812e-07,2.00060938e-01
1.04277812e-07,2.00146875e-01
1.04317812e-07,2.00029687e-01
1.04357812e-07,2.00321875e-01
1.04397812e-07,2.00539063e-01
1.04437812e-07,2.00484375e-01
1.04477812e-07,2.00506250e-01
1.04517812e-07,2.00500000e-01
1.04557812e-07,2.00495313e-01
1.04597812e-07,2.00509375e-01
1.04637812e-07,2.00484375e-01
1.04677812e-07,2.00526563e-01
1.04717812e-07,2.00446875e-01
1.04757812e-07,2.00706250e-01
1.04797812e-07,2.00956250e-01
1.04837812e-07,2.00868750e-01
1.04877812e-07,2.00921875e-01
1.04917812e-07,2.00884375e-01
1.04957812e-07,2.00912500e-01
1.04997812e-07,2.00889062e-01
1.05037812e-07,2.00909375e-01
1.05077812e-07,2.00892188e-01
1.05117812e-07,2.00906250e-01
1.05157812e-07,2.00893750e-01
1.05197812e-07,2.00904688e-01
1.05237812e-07,2.00895313e-01
1.05277812e-07,2.00903125e-01
1.05317812e-07,2.00896875e-01
1.05357812e-07,2.00901563e-01
1.05397812e-07,2.00898437e-01
1.05437812e-07,2.00901563e-01
1.05477812e-07,2.00900000e-01
1.05517812e-07,2.00900000e-01
1.05557812e-07,2.00900000e-01
1.05597812e-07,2.00898437e-01
1.05637812e-07,2.00901563e-01
1.05677812e-07,2.00898437e-01
1.05717812e-07,2.00903125e-01
1.05757812e-07,2.00895313e-01
1.05797812e-07,2.00904688e-01
1.05837812e-07,2.00893750e-01
1.05877812e-07,2.00909375e-01
1.05917812e-07,2.00887500e-01
1.05957812e-07,2.00917188e-01
1.05997812e-07,2.00873438e-01
1.06037812e-07,2.00951563e-01
1.06077813e-07,2.00695313e-01
1.06117812e-07,2.00443750e-01
1.06157812e-07,2.00532813e-01
1.06197812e-07,2.00476563e-01
1.06237812e-07,2.00518750e-01
1.06277812e-07,2.00484375e-01
1.06317812e-07,2.00514063e-01
1.06357812e-07,2.00487500e-01
1.06397812e-07,2.00512500e-01
1.06437812e-07,2.00489063e-01
1.06477812e-07,2.00510938e-01
1.06517812e-07,2.00489063e-01
1.06557812e-07,2.00512500e-01
1.06597812e-07,2.00487500e-01
1.06637812e-07,2.00514063e-01
1.06677812e-07,2.00482812e-01
1.06717812e-07,2.00521875e-01
1.06757812e-07,2.00470312e-01
1.06797812e-07,2.00554687e-01
1.06837812e-07,2.00292187e-01
1.06877812e-07,2.00043750e-01
1.06917812e-07,2.00132813e-01
1.06957812e-07,2.00076562e-01
1.06997812e-07,2.00118750e-01
1.07037812e-07,2.00082813e-01
1.07077812e-07,2.00115625e-01
1.07117812e-07,2.00084375e-01
1.07157812e-07,2.00115625e-01
1.07197812e-07,2.00084375e-01
1.07237812e-07,2.00115625e-01
1.07277812e-07,2.00082813e-01
1.07317812e-07,2.00120313e-01
1.07357812e-07,2.00078125e-01
1.07397812e-07,2.00128125e-01
1.07437812e-07,2.00062500e-01
1.07477812e-07,2.00162500e-01
1.07517812e-07,1.99882813e-01
1.07557812e-07,1.99654688e-01
1.07597812e-07,1.99720312e-01
1.07637812e-07,1.99689063e-01
1.07677812e-07,1.99704688e-01
1.07717812e-07,1.99700000e-01
1.07757812e-07,1.99696875e-01
1.07797812e-07,1.99707812e-01
1.07837812e-07,1.99687500e-01
1.07877812e-07,1.99718750e-01
1.07917812e-07,1.99670313e-01
1.07957812e-07,1.99754687e-01
1.07997812e-07,1.99490625e-01
1.08037812e-07,1.99248438e-01
1.08077812e-07,1.99326562e-01
1.08117812e-07,1.99284375e-01
1.08157812e-07,1.99309375e-01
1.08197812e-07,1.99296875e-01
1.08237812e-07,1.99298438e-01
1.08277812e-07,1.99309375e-01
1.08317812e-07,1.99279687e-01
1.08357812e-07,1.99346875e-01
1.08397812e-07,1.99098438e-01
1.08437812e-07,1.98839062e-01
1.08477812e-07,1.98935937e-01
1.08517812e-07,1.98875000e-01
1.08557812e-07,1.98918750e-01
1.08597812e-07,1.98885937e-01
1.08637812e-07,1.98909375e-01
1.08677812e-07,1.98893750e-01
1.08717812e-07,1.98901563e-01
1.08757812e-07,1.98904688e-01
1.08797812e-07,1.98885937e-01
1.08837812e-07,1.98940625e-01
1.08877812e-07,1.98706250e-01
1.08917812e-07,1.98432812e-01
1.08957812e-07,1.98543750e-01
1.08997812e-07,1.98467188e-01
1.09037812e-07,1.98528125e-01
1.09077812e-07,1.98475000e-01
1.09117812e-07,1.98523438e-01
1.09157812e-07,1.98478125e-01
1.09197812e-07,1.98520313e-01
1.09237812e-07,1.98481250e-01
1.09277812e-07,1.98518750e-01
1.09317812e-07,1.98482812e-01
1.09357812e-07,1.98517187e-01
1.09397812e-07,1.98484375e-01
1.09437812e-07,1.98515625e-01
1.09477812e-07,1.98484375e-01
1.09517812e-07,1.98515625e-01
1.09557812e-07,1.98484375e-01
1.09597812e-07,1.98515625e-01
1.09637812e-07,1.98484375e-01
1.09677812e-07,1.98515625e-01
1.09717812e-07,1.98484375e-01
1.09757812e-07,1.98515625e-01
1.09797812e-07,1.98484375e-01
1.09837812e-07,1.98517187e-01
1.09877812e-07,1.98482812e-01
1.09917812e-07,1.98517187e-01
1.09957812e-07,1.98481250e-01
1.09997812e-07,1.98520313e-01
1.10037812e-07,1.98478125e-01
1.10077812e-07,1.98525000e-01
1.10117812e-07,1.98470312e-01
1.10157812e-07,1.98539063e-01
1.10197812e-07,1.98435937e-01
1.10237812e-07,1.98717188e-01
1.10277812e-07,1.98945312e-01
1.10317812e-07,1.98879688e-01
1.10357812e-07,1.98910937e-01
1.10397812e-07,1.98893750e-01
1.10437812e-07,1.98903125e-01
1.10477812e-07,1.98898437e-01
1.10517812e-07,1.98900000e-01
1.10557812e-07,1.98901563e-01
1.10597812e-07,1.98896875e-01
1.10637812e-07,1.98904688e-01
1.10677812e-07,1.98895313e-01
1.10717812e-07,1.98906250e-01
1.10757812e-07,1.98892188e-01
1.10797812e-07,1.98909375e-01
1.10837812e-07,1.98889063e-01
1.10877812e-07,1.98914063e-01
1.10917812e-07,1.98879688e-01
1.10957812e-07,1.98929688e-01
1.10997812e-07,1.98846875e-01
1.11037812e-07,1.99106250e-01
1.11077812e-07,1.99356250e-01
1.11117812e-07,1.99267187e-01
1.11157812e-07,1.99323438e-01
1.11197812e-07,1.99281250e-01
1.11237812e-07,1.99317187e-01
1.11277812e-07,1.99282813e-01
1.11317812e-07,1.99317187e-01
1.11357812e-07,1.99281250e-01
1.11397812e-07,1.99323438e-01
1.11437812e-07,1.99267187e-01
1.11477812e-07,1.99356250e-01
1.11517812e-07,1.99090625e-01
1.11557812e-07,1.98846875e-01
1.11597812e-07,1.98929688e-01
1.11637812e-07,1.98878125e-01
1.11677812e-07,1.98917188e-01
1.11717812e-07,1.98885937e-01
1.11757812e-07,1.98912500e-01
1.11797812e-07,1.98889063e-01
1.11837812e-07,1.98909375e-01
1.11877812e-07,1.98890625e-01
1.11917812e-07,1.98909375e-01
1.11957812e-07,1.98892188e-01
1.11997812e-07,1.98907813e-01
1.12037812e-07,1.98892188e-01
1.12077812e-07,1.98907813e-01
1.12117812e-07,1.98892188e-01
1.12157812e-07,1.98907813e-01
1.12197812e-07,1.98892188e-01
1.12237812e-07,1.98907813e-01
1.12277812e-07,1.98892188e-01
1.12317812e-07,1.98907813e-01
1.12357812e-07,1.98892188e-01
1.12397812e-07,1.98907813e-01
1.12437812e-07,1.98892188e-01
1.12477812e-07,1.98907813e-01
1.12517812e-07,1.98892188e-01
1.12557812e-07,1.98907813e-01
1.12597812e-07,1.98892188e-01
1.12637812e-07,1.98909375e-01
1.12677812e-07,1.98890625e-01
1.12717812e-07,1.98909375e-01
1.12757812e-07,1.98890625e-01
1.12797812e-07,1.98909375e-01
1.12837812e-07,1.98889063e-01
1.12877812e-07,1.98910937e-01
1.12917812e-07,1.98889063e-01
1.12957812e-07,1.98912500e-01
1.12997812e-07,1.98887500e-01
1.13037812e-07,1.98914063e-01
1.13077812e-07,1.98884375e-01
1.13117812e-07,1.98917188e-01
1.13157812e-07,1.98881250e-01
1.13197812e-07,1.98921875e-01
1.13237812e-07,1.98871875e-01
1.13277812e-07,1.98937500e-01
1.13317812e-07,1.98837500e-01
1.13357812e-07,1.99115625e-01
1.13397812e-07,1.99345313e-01
1.13437812e-07,1.99279687e-01
1.13477812e-07,1.99310938e-01
1.13517812e-07,1.99295313e-01
1.13557812e-07,1.99301563e-01
1.13597812e-07,1.99303125e-01
1.13637812e-07,1.99293750e-01
1.13677812e-07,1.99310938e-01
1.13717812e-07,1.99284375e-01
1.13757812e-07,1.99326562e-01
1.13797812e-07,1.99248438e-01
1.13837812e-07,1.99506250e-01
1.13877812e-07,1.99756250e-01
1.13917812e-07,1.99668750e-01
1.13957812e-07,1.99721875e-01
1.13997812e-07,1.99682813e-01
1.14037812e-07,1.99714063e-01
1.14077812e-07,1.99689063e-01
1.14117812e-07,1.99709375e-01
1.14157812e-07,1.99692188e-01
1.14197812e-07,1.99707812e-01
1.14237812e-07,1.99693750e-01
1.14277812e-07,1.99706250e-01
1.14317812e-07,1.99695312e-01
1.14357812e-07,1.99704688e-01
1.14397812e-07,1.99695312e-01
1.14437812e-07,1.99704688e-01
1.14477812e-07,1.99696875e-01
1.14517812e-07,1.99703125e-01
1.14557812e-07,1.99696875e-01
1.14597812e-07,1.99703125e-01
1.14637812e-07,1.99696875e-01
1.14677812e-07,1.99701563e-01
1.14717812e-07,1.99698437e-01
1.14757812e-07,1.99701563e-01
1.14797812e-07,1.99698437e-01
1.14837812e-07,1.99701563e-01
1.14877812e-07,1.99698437e-01
1.14917812e-07,1.99701563e-01
1.14957812e-07,1.99698437e-01
1.14997812e-07,1.99701563e-01
1.15037812e-07,1.99700000e-01
1.15077812e-07,1.99700000e-01
1.15117812e-07,1.99700000e-01
1.15157812e-07,1.99700000e-01
1.15197812e-07,1.99700000e-01
1.15237812e-07,1.99700000e-01
1.15277812e-07,1.99700000e-01
1.15317812e-07,1.99700000e-01
1.15357812e-07,1.99700000e-01
1.15397812e-07,1.99700000e-01
1.15437812e-07,1.99700000e-01
1.15477812e-07,1.99698437e-01
1.15517812e-07,1.99701563e-01
1.15557812e-07,1.99698437e-01
1.15597812e-07,1.99701563e-01
1.15637812e-07,1.99698437e-01
1.15677812e-07,1.99701563e-01
1.15717812e-07,1.99698437e-01
1.15757812e-07,1.99701563e-01
1.15797812e-07,1.99698437e-01
1.15837812e-07,1.99703125e-01
1.15877812e-07,1.99696875e-01
1.15917812e-07,1.99703125e-01
1.15957812e-07,1.99696875e-01
1.15997812e-07,1.99703125e-01
1.16037812e-07,1.99695312e-01
1.16077812e-07,1.99704688e-01
1.16117812e-07,1.99695312e-01
1.16157812e-07,1.99706250e-01
1.16197812e-07,1.99693750e-01
1.16237812e-07,1.99707812e-01
1.16277812e-07,1.99692188e-01
1.16317812e-07,1.99709375e-01
1.16357812e-07,1.99687500e-01
1.16397812e-07,1.99715625e-01
1.16437812e-07,1.99679688e-01
1.16477812e-07,1.99729688e-01
1.16517812e-07,1.99645313e-01
1.16557812e-07,1.99907813e-01
1.16597812e-07,2.00154688e-01
1.16637812e-07,2.00070313e-01
1.16677812e-07,2.00120313e-01
1.16717812e-07,2.00084375e-01
1.16757812e-07,2.00112500e-01
1.16797812e-07,2.00089062e-01
1.16837812e-07,2.00109375e-01
1.16877812e-07,2.00092188e-01
1.16917812e-07,2.00106250e-01
1.16957812e-07,2.00093750e-01
1.16997812e-07,2.00104688e-01
1.17037812e-07,2.00095313e-01
1.17077812e-07,2.00104688e-01
1.17117812e-07,2.00096875e-01
1.17157812e-07,2.00103125e-01
1.17197812e-07,2.00096875e-01
1.17237812e-07,2.00103125e-01
1.17277812e-07,2.00098438e-01
1.17317812e-07,2.00101562e-01
1.17357812e-07,2.00098438e-01
1.17397812e-07,2.00100000e-01
1.17437812e-07,2.00100000e-01
1.17477812e-07,2.00100000e-01
1.17517812e-07,2.00101562e-01
1.17557812e-07,2.00098438e-01
1.17597812e-07,2.00103125e-01
1.17637812e-07,2.00095313e-01
1.17677812e-07,2.00106250e-01
1.17717812e-07,2.00090625e-01
1.17757812e-07,2.00114063e-01
1.17797812e-07,2.00075000e-01
1.17837812e-07,2.00150000e-01
1.17877812e-07,1.99898437e-01
1.17917812e-07,1.99639063e-01
1.17957812e-07,1.99735938e-01
1.17997812e-07,1.99673437e-01
1.18037812e-07,1.99721875e-01
1.18077812e-07,1.99679688e-01
1.18117812e-07,1.99718750e-01
1.18157812e-07,1.99682813e-01
1.18197812e-07,1.99715625e-01
1.18237812e-07,1.99684375e-01
1.18277812e-07,1.99715625e-01
1.18317812e-07,1.99684375e-01
1.18357812e-07,1.99717188e-01
1.18397812e-07,1.99682813e-01
1.18437812e-07,1.99720312e-01
1.18477812e-07,1.99678125e-01
1.18517812e-07,1.99726563e-01
1.18557812e-07,1.99664063e-01
1.18597812e-07,1.99760938e-01
1.18637812e-07,1.99485938e-01
1.18677812e-07,1.99251563e-01
1.18717812e-07,1.99325000e-01
1.18757812e-07,1.99284375e-01
1.18797812e-07,1.99310938e-01
1.18837812e-07,1.99292187e-01
1.18877812e-07,1.99306250e-01
1.18917812e-07,1.99295313e-01
1.18957812e-07,1.99303125e-01
1.18997812e-07,1.99296875e-01
1.19037812e-07,1.99301563e-01
1.19077812e-07,1.99298438e-01
1.19117812e-07,1.99300000e-01
1.19157812e-07,1.99300000e-01
1.19197812e-07,1.99300000e-01
1.19237812e-07,1.99300000e-01
1.19277812e-07,1.99300000e-01
1.19317812e-07,1.99300000e-01
1.19357812e-07,1.99298438e-01
1.19397813e-07,1.99301563e-01
1.19437812e-07,1.99298438e-01
1.19477812e-07,1.99301563e-01
1.19517812e-07,1.99298438e-01
1.19557812e-07,1.99301563e-01
1.19597812e-07,1.99298438e-01
1.19637812e-07,1.99301563e-01
1.19677813e-07,1.99298438e-01
1.19717812e-07,1.99301563e-01
1.19757812e-07,1.99298438e-01
1.19797812e-07,1.99303125e-01
1.19837812e-07,1.99296875e-01
1.19877812e-07,1.99303125e-01
1.19917812e-07,1.99296875e-01
1.19957813e-07,1.99303125e-01
1.19997812e-07,1.99296875e-01
1.20037812e-07,1.99303125e-01
1.20077812e-07,1.99296875e-01
1.20117812e-07,1.99303125e-01
1.20157812e-07,1.99296875e-01
1.20197812e-07,1.99304688e-01
1.20237813e-07,1.99295313e-01
1.20277812e-07,1.99304688e-01
1.20317812e-07,1.99295313e-01
1.20357812e-07,1.99306250e-01
1.20397812e-07,1.99293750e-01
1.20437812e-07,1.99306250e-01
1.20477812e-07,1.99292187e-01
1.20517813e-07,1.99307813e-01
1.20557812e-07,1.99290625e-01
1.20597812e-07,1.99309375e-01
1.20637812e-07,1.99289063e-01
1.20677812e-07,1.99314062e-01
1.20717812e-07,1.99282813e-01
1.20757812e-07,1.99321875e-01
1.20797813e-07,1.99267187e-01
1.20837812e-07,1.99357813e-01
1.20877812e-07,1.99089062e-01
1.20917812e-07,1.98848438e-01
1.20957812e-07,1.98926563e-01
1.20997812e-07,1.98882813e-01
1.21037812e-07,1.98912500e-01
1.21077813e-07,1.98892188e-01
1.21117812e-07,1.98906250e-01
1.21157812e-07,1.98896875e-01
1.21197813e-07,1.98901563e-01
1.21237812e-07,1.98901563e-01
1.21277812e-07,1.98893750e-01
1.21317812e-07,1.98910937e-01
1.21357813e-07,1.98879688e-01
1.21397812e-07,1.98945312e-01
1.21437812e-07,1.98701563e-01
1.21477813e-07,1.98437500e-01
1.21517812e-07,1.98539063e-01
1.21557812e-07,1.98470312e-01
1.21597812e-07,1.98525000e-01
1.21637813e-07,1.98476563e-01
1.21677812e-07,1.98521875e-01
1.21717812e-07,1.98479688e-01
1.21757813e-07,1.98520313e-01
1.21797812e-07,1.98478125e-01
1.21837812e-07,1.98521875e-01
1.21877812e-07,1.98475000e-01
1.21917813e-07,1.98529687e-01
1.21957812e-07,1.98460938e-01
1.21997812e-07,1.98564062e-01
1.22037813e-07,1.98284375e-01
1.22077812e-07,1.98053125e-01
1.22117812e-07,1.98123437e-01
1.22157812e-07,1.98085938e-01
1.22197813e-07,1.98109375e-01
1.22237812e-07,1.98093750e-01
1.22277812e-07,1.98104688e-01
1.22317813e-07,1.98096875e-01
1.22357812e-07,1.98101562e-01
1.22397812e-07,1.98100000e-01
1.22437812e-07,1.98100000e-01
1.22477813e-07,1.98100000e-01
1.22517812e-07,1.98098438e-01
1.22557812e-07,1.98101562e-01
1.22597813e-07,1.98098438e-01
1.22637812e-07,1.98103125e-01
1.22677812e-07,1.98096875e-01
1.22717812e-07,1.98103125e-01
1.22757813e-07,1.98096875e-01
1.22797812e-07,1.98104688e-01
1.22837812e-07,1.98095313e-01
1.22877813e-07,1.98106250e-01
1.22917812e-07,1.98093750e-01
1.22957812e-07,1.98107813e-01
1.22997812e-07,1.98090625e-01
1.23037813e-07,1.98110938e-01
1.23077812e-07,1.98085938e-01
1.23117812e-07,1.98118750e-01
1.23157813e-07,1.98070313e-01
1.23197812e-07,1.98153125e-01
1.23237812e-07,1.97893750e-01
1.23277812e-07,1.97643750e-01
1.23317813e-07,1.97731250e-01
1.23357812e-07,1.97678125e-01
1.23397812e-07,1.97717188e-01
1.23437813e-07,1.97684375e-01
1.23477812e-07,1.97712500e-01
1.23517812e-07,1.97687500e-01
1.23557812e-07,1.97710938e-01
1.23597813e-07,1.97689063e-01
1.23637812e-07,1.97710938e-01
1.23677812e-07,1.97687500e-01
1.23717813e-07,1.97714063e-01
1.23757812e-07,1.97684375e-01
1.23797812e-07,1.97720312e-01
1.23837812e-07,1.97670313e-01
1.23877813e-07,1.97753125e-01
1.23917812e-07,1.97493750e-01
1.23957812e-07,1.97242187e-01
1.23997813e-07,1.97334375e-01
1.24037812e-07,1.97275000e-01
1.24077812e-07,1.97321875e-01
1.24117812e-07,1.97279688e-01
1.24157813e-07,1.97320313e-01
1.24197812e-07,1.97279688e-01
1.24237812e-07,1.97323438e-01
1.24277813e-07,1.97271875e-01
1.24317812e-07,1.97337500e-01
1.24357812e-07,1.97237500e-01
1.24397812e-07,1.97515625e-01
1.24437813e-07,1.97746875e-01
1.24477812e-07,1.97676563e-01
1.24517812e-07,1.97712500e-01
1.24557813e-07,1.97692188e-01
1.24597812e-07,1.97703125e-01
1.24637812e-07,1.97700000e-01
1.24677812e-07,1.97696875e-01
1.24717813e-07,1.97707812e-01
1.24757812e-07,1.97685938e-01
1.24797812e-07,1.97725000e-01
1.24837813e-07,1.97650000e-01
1.24877812e-07,1.97904688e-01
1.24917812e-07,1.98157813e-01
1.24957812e-07,1.98068750e-01
1.24997813e-07,1.98120313e-01
1.25037812e-07,1.98087500e-01
1.25077812e-07,1.98106250e-01
1.25117813e-07,1.98104688e-01
1.25157812e-07,1.98068750e-01
1.25197812e-07,1.98282813e-01
1.25237812e-07,1.98579688e-01
1.25277812e-07,1.98442188e-01
1.25317812e-07,1.98550000e-01
1.25357812e-07,1.98450000e-01
1.25397813e-07,1.98557813e-01
1.25437812e-07,1.98420313e-01
1.25477812e-07,1.98732813e-01
1.25517812e-07,1.98931250e-01
1.25557812e-07,1.98892188e-01
1.25597812e-07,1.98896875e-01
1.25637812e-07,1.98907813e-01
1.25677813e-07,1.98887500e-01
1.25717812e-07,1.98917188e-01
1.25757812e-07,1.98876563e-01
1.25797812e-07,1.98934375e-01
1.25837812e-07,1.98840625e-01
1.25877812e-07,1.99114063e-01
1.25917812e-07,1.99348438e-01
1.25957813e-07,1.99276563e-01
1.25997812e-07,1.99314062e-01
1.26037812e-07,1.99290625e-01
1.26077812e-07,1.99304688e-01
1.26117812e-07,1.99296875e-01
1.26157812e-07,1.99300000e-01
1.26197812e-07,1.99301563e-01
1.26237813e-07,1.99296875e-01
1.26277812e-07,1.99306250e-01
1.26317812e-07,1.99290625e-01
1.26357812e-07,1.99312500e-01
1.26397812e-07,1.99282813e-01
1.26437812e-07,1.99328125e-01
1.26477812e-07,1.99246875e-01
1.26517813e-07,1.99506250e-01
1.26557812e-07,1.99756250e-01
1.26597812e-07,1.99667188e-01
1.26637812e-07,1.99721875e-01
1.26677812e-07,1.99682813e-01
1.26717812e-07,1.99714063e-01
1.26757812e-07,1.99687500e-01
1.26797813e-07,1.99710938e-01
1.26837812e-07,1.99690625e-01
1.26877812e-07,1.99707812e-01
1.26917812e-07,1.99692188e-01
1.26957812e-07,1.99707812e-01
1.26997812e-07,1.99693750e-01
1.27037812e-07,1.99706250e-01
1.27077813e-07,1.99693750e-01
1.27117812e-07,1.99704688e-01
1.27157812e-07,1.99695312e-01
1.27197812e-07,1.99704688e-01
1.27237812e-07,1.99695312e-01
1.27277812e-07,1.99704688e-01
1.27317812e-07,1.99695312e-01
1.27357813e-07,1.99704688e-01
1.27397812e-07,1.99695312e-01
1.27437812e-07,1.99704688e-01
1.27477812e-07,1.99695312e-01
1.27517812e-07,1.99704688e-01
1.27557812e-07,1.99695312e-01
1.27597812e-07,1.99704688e-01
1.27637813e-07,1.99695312e-01
1.27677812e-07,1.99704688e-01
1.27717812e-07,1.99695312e-01
1.27757812e-07,1.99704688e-01
1.27797812e-07,1.99695312e-01
1.27837812e-07,1.99704688e-01
1.27877812e-07,1.99695312e-01
1.27917813e-07,1.99704688e-01
1.27957812e-07,1.99695312e-01
1.27997812e-07,1.99704688e-01
1.28037812e-07,1.99695312e-01
1.28077812e-07,1.99706250e-01
1.28117812e-07,1.99693750e-01
1.28157812e-07,1.99706250e-01
1.28197813e-07,1.99692188e-01
1.28237812e-07,1.99707812e-01
1.28277812e-07,1.99690625e-01
1.28317812e-07,1.99712500e-01
1.28357812e-07,1.99685938e-01
1.28397812e-07,1.99720312e-01
1.28437812e-07,1.99670313e-01
1.28477813e-07,1.99754687e-01
1.28517812e-07,1.99493750e-01
1.28557812e-07,1.99243750e-01
1.28597812e-07,1.99331250e-01
1.28637812e-07,1.99276563e-01
1.28677812e-07,1.99318750e-01
1.28717812e-07,1.99284375e-01
1.28757813e-07,1.99314062e-01
1.28797812e-07,1.99287500e-01
1.28837812e-07,1.99312500e-01
1.28877812e-07,1.99287500e-01
1.28917812e-07,1.99312500e-01
1.28957812e-07,1.99287500e-01
1.28997812e-07,1.99314062e-01
1.29037813e-07,1.99284375e-01
1.29077812e-07,1.99317187e-01
1.29117812e-07,1.99278125e-01
1.29157812e-07,1.99331250e-01
1.29197812e-07,1.99243750e-01
1.29237812e-07,1.99509375e-01
1.29277812e-07,1.99753125e-01
1.29317813e-07,1.99670313e-01
1.29357812e-07,1.99720312e-01
1.29397812e-07,1.99682813e-01
1.29437812e-07,1.99714063e-01
1.29477812e-07,1.99687500e-01
1.29517812e-07,1.99710938e-01
1.29557812e-07,1.99690625e-01
1.29597813e-07,1.99709375e-01
1.29637812e-07,1.99690625e-01
1.29677812e-07,1.99709375e-01
1.29717813e-07,1.99690625e-01
1.29757812e-07,1.99709375e-01
1.29797812e-07,1.99689063e-01
1.29837812e-07,1.99710938e-01
1.29877813e-07,1.99687500e-01
1.29917812e-07,1.99714063e-01
1.29957812e-07,1.99684375e-01
1.29997813e-07,1.99718750e-01
1.30037812e-07,1.99676563e-01
1.30077812e-07,1.99732813e-01
1.30117812e-07,1.99642188e-01
1.30157813e-07,1.99910937e-01
1.30197812e-07,2.00150000e-01
1.30237812e-07,2.00073438e-01
1.30277813e-07,2.00117188e-01
1.30317812e-07,2.00089062e-01
1.30357812e-07,2.00107813e-01
1.30397812e-07,2.00093750e-01
1.30437813e-07,2.00103125e-01
1.30477812e-07,2.00098438e-01
1.30517812e-07,2.00100000e-01
1.30557813e-07,2.00101562e-01
1.30597812e-07,2.00096875e-01
1.30637812e-07,2.00106250e-01
1.30677812e-07,2.00090625e-01
1.30717813e-07,2.00115625e-01
1.30757812e-07,2.00075000e-01
1.30797812e-07,2.00150000e-01
1.30837813e-07,1.99896875e-01
1.30877812e-07,1.99642188e-01
1.30917812e-07,1.99734375e-01
1.30957812e-07,1.99675000e-01
1.30997813e-07,1.99718750e-01
1.31037812e-07,1.99684375e-01
1.31077812e-07,1.99714063e-01
1.31117813e-07,1.99687500e-01
1.31157812e-07,1.99710938e-01
1.31197812e-07,1.99690625e-01
1.31237812e-07,1.99707812e-01
1.31277813e-07,1.99693750e-01
1.31317812e-07,1.99704688e-01
1.31357812e-07,1.99698437e-01
1.31397813e-07,1.99698437e-01
1.31437812e-07,1.99706250e-01
1.31477812e-07,1.99684375e-01
1.31517812e-07,1.99740625e-01
1.31557813e-07,1.99506250e-01
1.31597812e-07,1.99231250e-01
1.31637812e-07,1.99345313e-01
1.31677813e-07,1.99264063e-01
1.31717812e-07,1.99332813e-01
1.31757812e-07,1.99270313e-01
1.31797812e-07,1.99329688e-01
1.31837813e-07,1.99270313e-01
1.31877812e-07,1.99329688e-01
1.31917812e-07,1.99267187e-01
1.31957813e-07,1.99337500e-01
1.31997812e-07,1.99253125e-01
1.32037812e-07,1.99370313e-01
1.32077812e-07,1.99076562e-01
1.32117813e-07,1.98860938e-01
1.32157812e-07,1.98914063e-01
1.32197812e-07,1.98895313e-01
1.32237813e-07,1.98900000e-01
1.32277812e-07,1.98903125e-01
1.32317812e-07,1.98893750e-01
1.32357812e-07,1.98907813e-01
1.32397813e-07,1.98890625e-01
1.32437812e-07,1.98910937e-01
1.32477812e-07,1.98885937e-01
1.32517813e-07,1.98917188e-01
1.32557812e-07,1.98879688e-01
1.32597812e-07,1.98925000e-01
1.32637812e-07,1.98864062e-01
1.32677813e-07,1.98960938e-01
1.32717812e-07,1.98685938e-01
1.32757812e-07,1.98451563e-01
1.32797813e-07,1.98523438e-01
1.32837812e-07,1.98485938e-01
1.32877812e-07,1.98509375e-01
1.32917812e-07,1.98495313e-01
1.32957812e-07,1.98503125e-01
1.32997812e-07,1.98498438e-01
1.33037812e-07,1.98500000e-01
1.33077813e-07,1.98501563e-01
1.33117812e-07,1.98496875e-01
1.33157812e-07,1.98504687e-01
1.33197812e-07,1.98493750e-01
1.33237812e-07,1.98506250e-01
1.33277812e-07,1.98492188e-01
1.33317812e-07,1.98510938e-01
1.33357813e-07,1.98487500e-01
1.33397812e-07,1.98515625e-01
1.33437812e-07,1.98478125e-01
1.33477812e-07,1.98531250e-01
1.33517812e-07,1.98443750e-01
1.33557812e-07,1.98709375e-01
1.33597812e-07,1.98951563e-01
1.33637813e-07,1.98871875e-01
1.33677812e-07,1.98918750e-01
1.33717812e-07,1.98887500e-01
1.33757812e-07,1.98909375e-01
1.33797812e-07,1.98892188e-01
1.33837812e-07,1.98906250e-01
1.33877812e-07,1.98895313e-01
1.33917813e-07,1.98903125e-01
1.33957812e-07,1.98896875e-01
1.33997812e-07,1.98901563e-01
1.34037812e-07,1.98898437e-01
1.34077812e-07,1.98900000e-01
1.34117812e-07,1.98900000e-01
1.34157812e-07,1.98900000e-01
1.34197813e-07,1.98901563e-01
1.34237812e-07,1.98898437e-01
1.34277812e-07,1.98901563e-01
1.34317812e-07,1.98896875e-01
1.34357812e-07,1.98903125e-01
1.34397812e-07,1.98896875e-01
1.34437812e-07,1.98904688e-01
1.34477813e-07,1.98895313e-01
1.34517812e-07,1.98906250e-01
1.34557812e-07,1.98893750e-01
1.34597812e-07,1.98907813e-01
1.34637812e-07,1.98892188e-01
1.34677812e-07,1.98909375e-01
1.34717812e-07,1.98889063e-01
1.34757813e-07,1.98914063e-01
1.34797812e-07,1.98882813e-01
1.34837812e-07,1.98921875e-01
1.34877812e-07,1.98867188e-01
1.34917812e-07,1.98957812e-01
1.34957812e-07,1.98689063e-01
1.34997812e-07,1.98448438e-01
1.35037813e-07,1.98526563e-01
1.35077812e-07,1.98482812e-01
1.35117812e-07,1.98512500e-01
1.35157812e-07,1.98492188e-01
1.35197812e-07,1.98506250e-01
1.35237812e-07,1.98496875e-01
1.35277812e-07,1.98501563e-01
1.35317813e-07,1.98500000e-01
1.35357812e-07,1.98498438e-01
1.35397812e-07,1.98503125e-01
1.35437812e-07,1.98495313e-01
1.35477812e-07,1.98507813e-01
1.35517812e-07,1.98489063e-01
1.35557812e-07,1.98517187e-01
1.35597813e-07,1.98473438e-01
1.35637812e-07,1.98551563e-01
1.35677812e-07,1.98295313e-01
1.35717812e-07,1.98043750e-01
1.35757812e-07,1.98132813e-01
1.35797812e-07,1.98076562e-01
1.35837812e-07,1.98117188e-01
1.35877813e-07,1.98085938e-01
1.35917812e-07,1.98112500e-01
1.35957812e-07,1.98089062e-01
1.35997812e-07,1.98109375e-01
1.36037812e-07,1.98092188e-01
1.36077812e-07,1.98106250e-01
1.36117812e-07,1.98093750e-01
1.36157813e-07,1.98104688e-01
1.36197812e-07,1.98095313e-01
1.36237812e-07,1.98104688e-01
1.36277812e-07,1.98096875e-01
1.36317812e-07,1.98103125e-01
1.36357812e-07,1.98096875e-01
1.36397812e-07,1.98101562e-01
1.36437813e-07,1.98098438e-01
1.36477812e-07,1.98100000e-01
1.36517812e-07,1.98100000e-01
1.36557812e-07,1.98100000e-01
1.36597812e-07,1.98101562e-01
1.36637812e-07,1.98096875e-01
1.36677812e-07,1.98103125e-01
1.36717813e-07,1.98095313e-01
1.36757812e-07,1.98106250e-01
1.36797812e-07,1.98090625e-01
1.36837812e-07,1.98112500e-01
1.36877812e-07,1.98082813e-01
1.36917812e-07,1.98126563e-01
1.36957812e-07,1.98048438e-01
1.36997813e-07,1.98304688e-01
1.37037812e-07,1.98556250e-01
1.37077812e-07,1.98467188e-01
1.37117812e-07,1.98523438e-01
1.37157812e-07,1.98481250e-01
1.37197812e-07,1.98514063e-01
1.37237812e-07,1.98487500e-01
1.37277813e-07,1.98510938e-01
1.37317812e-07,1.98490625e-01
1.37357812e-07,1.98507813e-01
1.37397812e-07,1.98492188e-01
1.37437812e-07,1.98506250e-01
1.37477812e-07,1.98493750e-01
1.37517812e-07,1.98504687e-01
1.37557813e-07,1.98495313e-01
1.37597812e-07,1.98503125e-01
1.37637812e-07,1.98498438e-01
1.37677812e-07,1.98501563e-01
1.37717812e-07,1.98500000e-01
1.37757812e-07,1.98498438e-01
1.37797812e-07,1.98503125e-01
1.37837813e-07,1.98495313e-01
1.37877812e-07,1.98509375e-01
1.37917812e-07,1.98485938e-01
1.37957812e-07,1.98523438e-01
1.37997812e-07,1.98450000e-01
1.38037812e-07,1.98703125e-01
1.38077812e-07,1.98957812e-01
1.38117813e-07,1.98867188e-01
1.38157812e-07,1.98921875e-01
1.38197812e-07,1.98885937e-01
1.38237812e-07,1.98907813e-01
1.38277812e-07,1.98903125e-01
1.38317812e-07,1.98871875e-01
1.38357812e-07,1.99081250e-01
1.38397813e-07,1.99381250e-01
1.38437812e-07,1.99240625e-01
1.38477812e-07,1.99353125e-01
1.38517813e-07,1.99246875e-01
1.38557812e-07,1.99359375e-01
1.38597812e-07,1.99217188e-01
1.38637812e-07,1.99535938e-01
1.38677813e-07,1.99726563e-01
1.38717812e-07,1.99696875e-01
1.38757812e-07,1.99692188e-01
1.38797813e-07,1.99715625e-01
1.38837812e-07,1.99676563e-01
1.38877812e-07,1.99734375e-01
1.38917812e-07,1.99639063e-01
1.38957813e-07,1.99915625e-01
1.38997812e-07,2.00145313e-01
1.39037812e-07,2.00079688e-01
1.39077813e-07,2.00109375e-01
1.39117812e-07,2.00096875e-01
1.39157812e-07,2.00098438e-01
1.39197812e-07,2.00106250e-01
1.39237813e-07,2.00085938e-01
1.39277812e-07,2.00123438e-01
1.39317812e-07,2.00050000e-01
1.39357813e-07,2.00303125e-01
1.39397812e-07,2.00557813e-01
1.39437812e-07,2.00465625e-01
1.39477812e-07,2.00525000e-01
1.39517813e-07,2.00479688e-01
1.39557812e-07,2.00517187e-01
1.39597812e-07,2.00485938e-01
1.39637813e-07,2.00514063e-01
1.39677812e-07,2.00487500e-01
1.39717812e-07,2.00512500e-01
1.39757812e-07,2.00487500e-01
1.39797813e-07,2.00512500e-01
1.39837812e-07,2.00485938e-01
1.39877812e-07,2.00514063e-01
1.39917813e-07,2.00482812e-01
1.39957812e-07,2.00521875e-01
1.39997812e-07,2.00468750e-01
1.40037812e-07,2.00554687e-01
1.40077813e-07,2.00292187e-01
1.40117812e-07,2.00045313e-01
1.40157812e-07,2.00131250e-01
1.40197813e-07,2.00078125e-01
1.40237812e-07,2.00118750e-01
1.40277812e-07,2.00084375e-01
1.40317812e-07,2.00114063e-01
1.40357813e-07,2.00085938e-01
1.40397812e-07,2.00114063e-01
1.40437812e-07,2.00084375e-01
1.40477813e-07,2.00115625e-01
1.40517812e-07,2.00081250e-01
1.40557812e-07,2.00123438e-01
1.40597812e-07,2.00067188e-01
1.40637812e-07,2.00157813e-01
1.40677812e-07,1.99890625e-01
1.40717812e-07,1.99646875e-01
1.40757813e-07,1.99728125e-01
1.40797812e-07,1.99679688e-01
1.40837812e-07,1.99715625e-01
1.40877812e-07,1.99687500e-01
1.40917812e-07,1.99710938e-01
1.40957812e-07,1.99690625e-01
1.40997812e-07,1.99707812e-01
1.41037813e-07,1.99692188e-01
1.41077812e-07,1.99707812e-01
1.41117812e-07,1.99692188e-01
1.41157812e-07,1.99707812e-01
1.41197812e-07,1.99692188e-01
1.41237812e-07,1.99707812e-01
1.41277812e-07,1.99692188e-01
1.41317813e-07,1.99707812e-01
1.41357812e-07,1.99690625e-01
1.41397812e-07,1.99709375e-01
1.41437812e-07,1.99689063e-01
1.41477812e-07,1.99712500e-01
1.41517812e-07,1.99684375e-01
1.41557812e-07,1.99720312e-01
1.41597813e-07,1.99670313e-01
1.41637812e-07,1.99754687e-01
1.41677812e-07,1.99492188e-01
1.41717812e-07,1.99245312e-01
1.41757812e-07,1.99331250e-01
1.41797812e-07,1.99278125e-01
1.41837812e-07,1.99317187e-01
1.41877813e-07,1.99285938e-01
1.41917812e-07,1.99312500e-01
1.41957812e-07,1.99289063e-01
1.41997812e-07,1.99309375e-01
1.42037812e-07,1.99290625e-01
1.42077812e-07,1.99307813e-01
1.42117812e-07,1.99292187e-01
1.42157813e-07,1.99307813e-01
1.42197812e-07,1.99292187e-01
1.42237812e-07,1.99307813e-01
1.42277812e-07,1.99292187e-01
1.42317812e-07,1.99307813e-01
1.42357812e-07,1.99292187e-01
1.42397812e-07,1.99309375e-01
1.42437813e-07,1.99290625e-01
1.42477812e-07,1.99310938e-01
1.42517812e-07,1.99289063e-01
1.42557812e-07,1.99314062e-01
1.42597812e-07,1.99284375e-01
1.42637812e-07,1.99321875e-01
1.42677812e-07,1.99268750e-01
1.42717813e-07,1.99354688e-01
1.42757812e-07,1.99092188e-01
1.42797812e-07,1.98845313e-01
1.42837812e-07,1.98931250e-01
1.42877812e-07,1.98878125e-01
1.42917812e-07,1.98917188e-01
1.42957812e-07,1.98885937e-01
1.42997813e-07,1.98912500e-01
1.43037812e-07,1.98887500e-01
1.43077812e-07,1.98910937e-01
1.43117812e-07,1.98889063e-01
1.43157812e-07,1.98910937e-01
1.43197812e-07,1.98887500e-01
1.43237812e-07,1.98912500e-01
1.43277813e-07,1.98885937e-01
1.43317812e-07,1.98917188e-01
1.43357812e-07,1.98878125e-01
1.43397812e-07,1.98931250e-01
1.43437812e-07,1.98843750e-01
1.43477812e-07,1.99107813e-01
1.43517812e-07,1.99354688e-01
1.43557813e-07,1.99268750e-01
1.43597812e-07,1.99321875e-01
1.43637812e-07,1.99282813e-01
1.43677812e-07,1.99314062e-01
1.43717812e-07,1.99287500e-01
1.43757812e-07,1.99312500e-01
1.43797812e-07,1.99289063e-01
1.43837813e-07,1.99310938e-01
1.43877812e-07,1.99287500e-01
1.43917812e-07,1.99312500e-01
1.43957812e-07,1.99285938e-01
1.43997812e-07,1.99317187e-01
1.44037812e-07,1.99278125e-01
1.44077812e-07,1.99329688e-01
1.44117813e-07,1.99245312e-01
1.44157812e-07,1.99507812e-01
1.44197812e-07,1.99754687e-01
1.44237812e-07,1.99668750e-01
1.44277812e-07,1.99723438e-01
1.44317812e-07,1.99681250e-01
1.44357812e-07,1.99715625e-01
1.44397813e-07,1.99684375e-01
1.44437812e-07,1.99714063e-01
1.44477812e-07,1.99685938e-01
1.44517812e-07,1.99715625e-01
1.44557812e-07,1.99682813e-01
1.44597812e-07,1.99718750e-01
1.44637812e-07,1.99676563e-01
1.44677813e-07,1.99732813e-01
1.44717812e-07,1.99642188e-01
1.44757812e-07,1.99910937e-01
1.44797812e-07,2.00151563e-01
1.44837812e-07,2.00071875e-01
1.44877812e-07,2.00118750e-01
1.44917812e-07,2.00085938e-01
1.44957813e-07,2.00110938e-01
1.44997812e-07,2.00090625e-01
1.45037812e-07,2.00107813e-01
1.45077812e-07,2.00093750e-01
1.45117812e-07,2.00106250e-01
1.45157812e-07,2.00095313e-01
1.45197812e-07,2.00104688e-01
1.45237813e-07,2.00095313e-01
1.45277812e-07,2.00103125e-01
1.45317812e-07,2.00096875e-01
1.45357812e-07,2.00103125e-01
1.45397812e-07,2.00096875e-01
1.45437812e-07,2.00103125e-01
1.45477812e-07,2.00098438e-01
1.45517813e-07,2.00101562e-01
1.45557812e-07,2.00098438e-01
1.45597812e-07,2.00101562e-01
1.45637812e-07,2.00098438e-01
1.45677812e-07,2.00101562e-01
1.45717812e-07,2.00098438e-01
1.45757812e-07,2.00101562e-01
1.45797813e-07,2.00098438e-01
1.45837812e-07,2.00101562e-01
1.45877812e-07,2.00100000e-01
1.45917812e-07,2.00100000e-01
1.45957812e-07,2.00100000e-01
1.45997812e-07,2.00100000e-01
1.46037812e-07,2.00100000e-01
1.46077813e-07,2.00100000e-01
1.46117812e-07,2.00100000e-01
1.46157812e-07,2.00098438e-01
1.46197812e-07,2.00101562e-01
1.46237812e-07,2.00098438e-01
1.46277812e-07,2.00101562e-01
1.46317812e-07,2.00096875e-01
1.46357813e-07,2.00103125e-01
1.46397812e-07,2.00095313e-01
1.46437812e-07,2.00104688e-01
1.46477812e-07,2.00093750e-01
1.46517812e-07,2.00109375e-01
1.46557812e-07,2.00089062e-01
1.46597812e-07,2.00117188e-01
1.46637813e-07,2.00073438e-01
1.46677812e-07,2.00151563e-01
1.46717812e-07,1.99896875e-01
1.46757812e-07,1.99640625e-01
1.46797812e-07,1.99735938e-01
1.46837812e-07,1.99673437e-01
1.46877812e-07,1.99721875e-01
1.46917813e-07,1.99681250e-01
1.46957812e-07,1.99718750e-01
1.46997812e-07,1.99681250e-01
1.47037813e-07,1.99718750e-01
1.47077812e-07,1.99679688e-01
1.47117812e-07,1.99725000e-01
1.47157812e-07,1.99667188e-01
1.47197813e-07,1.99757813e-01
1.47237812e-07,1.99490625e-01
1.47277812e-07,1.99246875e-01
1.47317813e-07,1.99331250e-01
1.47357812e-07,1.99276563e-01
1.47397812e-07,1.99318750e-01
1.47437812e-07,1.99281250e-01
1.47477813e-07,1.99318750e-01
1.47517812e-07,1.99279687e-01
1.47557812e-07,1.99325000e-01
1.47597813e-07,1.99265625e-01
1.47637812e-07,1.99357813e-01
1.47677812e-07,1.99089062e-01
1.47717812e-07,1.98850000e-01
1.47757813e-07,1.98926563e-01
1.47797812e-07,1.98884375e-01
1.47837812e-07,1.98910937e-01
1.47877813e-07,1.98893750e-01
1.47917812e-07,1.98901563e-01
1.47957812e-07,1.98904688e-01
1.47997812e-07,1.98884375e-01
1.48037812e-07,1.98940625e-01
1.48077812e-07,1.98706250e-01
1.48117812e-07,1.98431250e-01
1.48157813e-07,1.98545313e-01
1.48197812e-07,1.98464063e-01
1.48237812e-07,1.98531250e-01
1.48277812e-07,1.98470312e-01
1.48317812e-07,1.98529687e-01
1.48357812e-07,1.98468750e-01
1.48397812e-07,1.98535938e-01
1.48437813e-07,1.98456250e-01
1.48477812e-07,1.98568750e-01
1.48517812e-07,1.98279687e-01
1.48557812e-07,1.98057813e-01
1.48597812e-07,1.98118750e-01
1.48637812e-07,1.98090625e-01
1.48677812e-07,1.98104688e-01
1.48717813e-07,1.98098438e-01
1.48757812e-07,1.98100000e-01
1.48797812e-07,1.98101562e-01
1.48837812e-07,1.98098438e-01
1.48877812e-07,1.98103125e-01
1.48917812e-07,1.98096875e-01
1.48957812e-07,1.98103125e-01
1.48997813e-07,1.98095313e-01
1.49037812e-07,1.98104688e-01
1.49077812e-07,1.98095313e-01
1.49117812e-07,1.98104688e-01
1.49157812e-07,1.98095313e-01
1.49197812e-07,1.98104688e-01
1.49237812e-07,1.98093750e-01
1.49277813e-07,1.98106250e-01
1.49317812e-07,1.98093750e-01
1.49357812e-07,1.98106250e-01
1.49397812e-07,1.98093750e-01
1.49437812e-07,1.98106250e-01
1.49477812e-07,1.98092188e-01
1.49517812e-07,1.98107813e-01
1.49557813e-07,1.98092188e-01
1.49597812e-07,1.98107813e-01
1.49637812e-07,1.98092188e-01
1.49677812e-07,1.98109375e-01
1.49717812e-07,1.98090625e-01
1.49757812e-07,1.98110938e-01
1.49797812e-07,1.98089062e-01
1.49837813e-07,1.98112500e-01
1.49877812e-07,1.98087500e-01
1.49917812e-07,1.98114063e-01
1.49957812e-07,1.98082813e-01
1.49997812e-07,1.98120313e-01
1.50037812e-07,1.98075000e-01
1.50077812e-07,1.98134375e-01
1.50117813e-07,1.98040625e-01
1.50157812e-07,1.98312500e-01
1.50197812e-07,1.98548438e-01
1.50237812e-07,1.98475000e-01
1.50277812e-07,1.98515625e-01
1.50317812e-07,1.98489063e-01
1.50357812e-07,1.98507813e-01
1.50397813e-07,1.98495313e-01
1.50437812e-07,1.98503125e-01
1.50477812e-07,1.98496875e-01
1.50517812e-07,1.98501563e-01
1.50557812e-07,1.98500000e-01
1.50597812e-07,1.98500000e-01
1.50637812e-07,1.98500000e-01
1.50677813e-07,1.98498438e-01
1.50717812e-07,1.98501563e-01
1.50757812e-07,1.98498438e-01
1.50797812e-07,1.98503125e-01
1.50837812e-07,1.98496875e-01
1.50877812e-07,1.98503125e-01
1.50917812e-07,1.98496875e-01
1.50957813e-07,1.98504687e-01
1.50997812e-07,1.98495313e-01
1.51037812e-07,1.98504687e-01
1.51077812e-07,1.98495313e-01
1.51117812e-07,1.98506250e-01
1.51157812e-07,1.98493750e-01
1.51197812e-07,1.98506250e-01
1.51237813e-07,1.98492188e-01
1.51277812e-07,1.98507813e-01
1.51317812e-07,1.98492188e-01
1.51357812e-07,1.98509375e-01
1.51397812e-07,1.98489063e-01
1.51437812e-07,1.98510938e-01
1.51477812e-07,1.98487500e-01
1.51517813e-07,1.98514063e-01
1.51557812e-07,1.98484375e-01
1.51597812e-07,1.98518750e-01
1.51637812e-07,1.98478125e-01
1.51677812e-07,1.98526563e-01
1.51717812e-07,1.98462500e-01
1.51757812e-07,1.98562500e-01
1.51797813e-07,1.98282813e-01
1.51837812e-07,1.98054687e-01
1.51877812e-07,1.98120313e-01
1.51917812e-07,1.98090625e-01
1.51957812e-07,1.98101562e-01
1.51997812e-07,1.98103125e-01
1.52037812e-07,1.98092188e-01
1.52077813e-07,1.98115625e-01
1.52117812e-07,1.98073438e-01
1.52157812e-07,1.98151563e-01
1.52197812e-07,1.97893750e-01
1.52237812e-07,1.97645313e-01
1.52277812e-07,1.97729688e-01
1.52317812e-07,1.97679688e-01
1.52357813e-07,1.97714063e-01
1.52397812e-07,1.97689063e-01
1.52437812e-07,1.97707812e-01
1.52477812e-07,1.97695312e-01
1.52517812e-07,1.97703125e-01
1.52557812e-07,1.97700000e-01
1.52597812e-07,1.97698438e-01
1.52637813e-07,1.97704688e-01
1.52677812e-07,1.97693750e-01
1.52717812e-07,1.97709375e-01
1.52757812e-07,1.97685938e-01
1.52797812e-07,1.97721875e-01
1.52837812e-07,1.97665625e-01
1.52877812e-07,1.97762500e-01
1.52917813e-07,1.97479688e-01
1.52957812e-07,1.97267187e-01
1.52997812e-07,1.97282813e-01
1.53037812e-07,1.97479688e-01
1.53077812e-07,1.97778125e-01
1.53117812e-07,1.97648437e-01
1.53157812e-07,1.97739063e-01
1.53197813e-07,1.97667188e-01
1.53237812e-07,1.97728125e-01
1.53277812e-07,1.97673437e-01
1.53317812e-07,1.97723438e-01
1.53357812e-07,1.97678125e-01
1.53397812e-07,1.97721875e-01
1.53437812e-07,1.97679688e-01
1.53477813e-07,1.97720312e-01
1.53517812e-07,1.97679688e-01
1.53557812e-07,1.97720312e-01
1.53597812e-07,1.97679688e-01
1.53637812e-07,1.97721875e-01
1.53677812e-07,1.97676563e-01
1.53717812e-07,1.97725000e-01
1.53757813e-07,1.97670313e-01
1.53797812e-07,1.97739063e-01
1.53837812e-07,1.97635937e-01
1.53877812e-07,1.97917188e-01
1.53917812e-07,1.98146875e-01
1.53957812e-07,1.98076562e-01
1.53997812e-07,1.98114063e-01
1.54037813e-07,1.98090625e-01
1.54077812e-07,1.98106250e-01
1.54117812e-07,1.98095313e-01
1.54157812e-07,1.98103125e-01
1.54197812e-07,1.98096875e-01
1.54237812e-07,1.98103125e-01
1.54277812e-07,1.98098438e-01
1.54317813e-07,1.98101562e-01
1.54357812e-07,1.98098438e-01
1.54397812e-07,1.98101562e-01
1.54437812e-07,1.98098438e-01
1.54477812e-07,1.98103125e-01
1.54517812e-07,1.98096875e-01
1.54557812e-07,1.98103125e-01
1.54597813e-07,1.98095313e-01
1.54637812e-07,1.98106250e-01
1.54677812e-07,1.98092188e-01
1.54717812e-07,1.98110938e-01
1.54757812e-07,1.98084375e-01
1.54797812e-07,1.98125000e-01
1.54837812e-07,1.98050000e-01
1.54877813e-07,1.98303125e-01
1.54917812e-07,1.98559375e-01
1.54957812e-07,1.98464063e-01
1.54997812e-07,1.98526563e-01
1.55037812e-07,1.98479688e-01
1.55077812e-07,1.98518750e-01
1.55117812e-07,1.98484375e-01
1.55157813e-07,1.98514063e-01
1.55197812e-07,1.98485938e-01
1.55237812e-07,1.98512500e-01
1.55277812e-07,1.98487500e-01
1.55317812e-07,1.98512500e-01
1.55357812e-07,1.98489063e-01
1.55397812e-07,1.98510938e-01
1.55437813e-07,1.98489063e-01
1.55477812e-07,1.98510938e-01
1.55517812e-07,1.98489063e-01
1.55557813e-07,1.98510938e-01
1.55597812e-07,1.98489063e-01
1.55637812e-07,1.98510938e-01
1.55677812e-07,1.98489063e-01
1.55717812e-07,1.98510938e-01
1.55757812e-07,1.98489063e-01
1.55797812e-07,1.98510938e-01
1.55837813e-07,1.98489063e-01
1.55877812e-07,1.98510938e-01
1.55917812e-07,1.98489063e-01
1.55957812e-07,1.98510938e-01
1.55997812e-07,1.98487500e-01
1.56037812e-07,1.98512500e-01
1.56077812e-07,1.98487500e-01
1.56117813e-07,1.98512500e-01
1.56157812e-07,1.98485938e-01
1.56197812e-07,1.98514063e-01
1.56237812e-07,1.98484375e-01
1.56277812e-07,1.98517187e-01
1.56317812e-07,1.98481250e-01
1.56357812e-07,1.98520313e-01
1.56397813e-07,1.98475000e-01
1.56437812e-07,1.98529687e-01
1.56477812e-07,1.98460938e-01
1.56517812e-07,1.98565625e-01
1.56557812e-07,1.98281250e-01
1.56597812e-07,1.98056250e-01
1.56637812e-07,1.98118750e-01
1.56677813e-07,1.98092188e-01
1.56717812e-07,1.98103125e-01
1.56757812e-07,1.98101562e-01
1.56797812e-07,1.98095313e-01
1.56837812e-07,1.98109375e-01
1.56877812e-07,1.98085938e-01
1.56917812e-07,1.98118750e-01
1.56957813e-07,1.98070313e-01
1.56997812e-07,1.98156250e-01
1.57037812e-07,1.97890625e-01
1.57077812e-07,1.97648437e-01
1.57117812e-07,1.97726563e-01
1.57157812e-07,1.97682812e-01
1.57197812e-07,1.97710938e-01
1.57237813e-07,1.97693750e-01
1.57277812e-07,1.97703125e-01
1.57317812e-07,1.97701563e-01
1.57357812e-07,1.97695312e-01
1.57397812e-07,1.97710938e-01
1.57437812e-07,1.97678125e-01
1.57477812e-07,1.97746875e-01
1.57517813e-07,1.97498438e-01
1.57557812e-07,1.97239063e-01
1.57597812e-07,1.97335938e-01
1.57637812e-07,1.97273438e-01
1.57677812e-07,1.97321875e-01
1.57717812e-07,1.97281250e-01
1.57757812e-07,1.97315625e-01
1.57797813e-07,1.97285938e-01
1.57837812e-07,1.97314062e-01
1.57877812e-07,1.97287500e-01
1.57917812e-07,1.97310938e-01
1.57957812e-07,1.97289063e-01
1.57997812e-07,1.97310938e-01
1.58037812e-07,1.97289063e-01
1.58077813e-07,1.97309375e-01
1.58117812e-07,1.97290625e-01
1.58157812e-07,1.97309375e-01
1.58197812e-07,1.97290625e-01
1.58237812e-07,1.97309375e-01
1.58277812e-07,1.97290625e-01
1.58317812e-07,1.97309375e-01
1.58357813e-07,1.97290625e-01
1.58397812e-07,1.97309375e-01
1.58437812e-07,1.97290625e-01
1.58477812e-07,1.97310938e-01
1.58517812e-07,1.97289063e-01
1.58557812e-07,1.97310938e-01
1.58597812e-07,1.97287500e-01
1.58637813e-07,1.97314062e-01
1.58677812e-07,1.97284375e-01
1.58717812e-07,1.97318750e-01
1.58757812e-07,1.97276563e-01
1.58797812e-07,1.97332813e-01
1.58837812e-07,1.97242187e-01
1.58877812e-07,1.97510938e-01
1.58917813e-07,1.97751563e-01
1.58957812e-07,1.97673437e-01
1.58997812e-07,1.97717188e-01
1.59037812e-07,1.97687500e-01
1.59077812e-07,1.97709375e-01
1.59117812e-07,1.97692188e-01
1.59157812e-07,1.97706250e-01
1.59197813e-07,1.97695312e-01
1.59237812e-07,1.97704688e-01
1.59277812e-07,1.97695312e-01
1.59317812e-07,1.97703125e-01
1.59357812e-07,1.97696875e-01
1.59397812e-07,1.97703125e-01
1.59437812e-07,1.97698438e-01
1.59477813e-07,1.97701563e-01
1.59517812e-07,1.97698438e-01
1.59557812e-07,1.97701563e-01
1.59597812e-07,1.97698438e-01
1.59637812e-07,1.97701563e-01
1.59677812e-07,1.97698438e-01
1.59717812e-07,1.97701563e-01
1.59757813e-07,1.97700000e-01
1.59797812e-07,1.97700000e-01
1.59837812e-07,1.97700000e-01
1.59877812e-07,1.97700000e-01
1.59917812e-07,1.97700000e-01
1.59957812e-07,1.97700000e-01
1.59997812e-07,1.97700000e-01
1.60037813e-07,1.97700000e-01
1.60077812e-07,1.97700000e-01
1.60117812e-07,1.97700000e-01
1.60157812e-07,1.97700000e-01
1.60197812e-07,1.97700000e-01
1.60237812e-07,1.97701563e-01
1.60277812e-07,1.97698438e-01
1.60317813e-07,1.97701563e-01
1.60357812e-07,1.97698438e-01
1.60397812e-07,1.97701563e-01
1.60437812e-07,1.97698438e-01
1.60477812e-07,1.97701563e-01
1.60517812e-07,1.97698438e-01
1.60557812e-07,1.97701563e-01
1.60597813e-07,1.97696875e-01
1.60637812e-07,1.97703125e-01
1.60677812e-07,1.97696875e-01
1.60717812e-07,1.97703125e-01
1.60757812e-07,1.97695312e-01
1.60797812e-07,1.97704688e-01
1.60837812e-07,1.97695312e-01
1.60877813e-07,1.97706250e-01
1.60917812e-07,1.97693750e-01
1.60957812e-07,1.97707812e-01
1.60997812e-07,1.97690625e-01
1.61037812e-07,1.97710938e-01
1.61077812e-07,1.97687500e-01
1.61117812e-07,1.97715625e-01
1.61157813e-07,1.97678125e-01
1.61197812e-07,1.97731250e-01
1.61237812e-07,1.97643750e-01
1.61277812e-07,1.97909375e-01
1.61317812e-07,1.98151563e-01
1.61357812e-07,1.98073438e-01
1.61397812e-07,1.98117188e-01
1.61437813e-07,1.98089062e-01
1.61477812e-07,1.98106250e-01
1.61517812e-07,1.98098438e-01
1.61557812e-07,1.98095313e-01
1.61597812e-07,1.98115625e-01
1.61637812e-07,1.98059375e-01
1.61677812e-07,1.98293750e-01
1.61717813e-07,1.98568750e-01
1.61757812e-07,1.98454688e-01
1.61797812e-07,1.98535938e-01
1.61837812e-07,1.98467188e-01
1.61877812e-07,1.98532813e-01
1.61917812e-07,1.98465625e-01
1.61957812e-07,1.98542188e-01
1.61997813e-07,1.98434375e-01
1.62037812e-07,1.98717188e-01
1.62077812e-07,1.98946875e-01
1.62117812e-07,1.98875000e-01
1.62157812e-07,1.98917188e-01
1.62197812e-07,1.98885937e-01
1.62237812e-07,1.98915625e-01
1.62277813e-07,1.98881250e-01
1.62317812e-07,1.98926563e-01
1.62357812e-07,1.98850000e-01
1.62397812e-07,1.99103125e-01
1.62437812e-07,1.99359375e-01
1.62477812e-07,1.99264063e-01
1.62517812e-07,1.99328125e-01
1.62557813e-07,1.99276563e-01
1.62597812e-07,1.99320313e-01
1.62637812e-07,1.99281250e-01
1.62677812e-07,1.99317187e-01
1.62717812e-07,1.99282813e-01
1.62757812e-07,1.99317187e-01
1.62797812e-07,1.99282813e-01
1.62837813e-07,1.99317187e-01
1.62877812e-07,1.99282813e-01
1.62917812e-07,1.99317187e-01
1.62957812e-07,1.99282813e-01
1.62997812e-07,1.99318750e-01
1.63037812e-07,1.99281250e-01
1.63077812e-07,1.99320313e-01
1.63117813e-07,1.99278125e-01
1.63157812e-07,1.99325000e-01
1.63197812e-07,1.99271875e-01
1.63237812e-07,1.99332813e-01
1.63277812e-07,1.99256250e-01
1.63317812e-07,1.99368750e-01
1.63357812e-07,1.99078125e-01
1.63397812e-07,1.98860938e-01
1.63437812e-07,1.98914063e-01
1.63477812e-07,1.98896875e-01
1.63517812e-07,1.98896875e-01
1.63557812e-07,1.98907813e-01
1.63597812e-07,1.98885937e-01
1.63637812e-07,1.98920313e-01
1.63677812e-07,1.98868750e-01
1.63717812e-07,1.98957812e-01
1.63757812e-07,1.98687500e-01
1.63797812e-07,1.98451563e-01
1.63837812e-07,1.98523438e-01
1.63877812e-07,1.98487500e-01
1.63917812e-07,1.98506250e-01
1.63957812e-07,1.98498438e-01
1.63997812e-07,1.98495313e-01
1.64037812e-07,1.98510938e-01
1.64077812e-07,1.98478125e-01
1.64117812e-07,1.98548438e-01
1.64157812e-07,1.98298438e-01
1.64197812e-07,1.98040625e-01
1.64237812e-07,1.98134375e-01
1.64277812e-07,1.98075000e-01
1.64317812e-07,1.98120313e-01
1.64357813e-07,1.98084375e-01
1.64397812e-07,1.98114063e-01
1.64437812e-07,1.98087500e-01
1.64477812e-07,1.98110938e-01
1.64517812e-07,1.98090625e-01
1.64557812e-07,1.98109375e-01
1.64597812e-07,1.98092188e-01
1.64637813e-07,1.98107813e-01
1.64677812e-07,1.98093750e-01
1.64717812e-07,1.98106250e-01
1.64757812e-07,1.98093750e-01
1.64797812e-07,1.98104688e-01
1.64837812e-07,1.98095313e-01
1.64877812e-07,1.98104688e-01
1.64917813e-07,1.98095313e-01
1.64957812e-07,1.98103125e-01
1.64997812e-07,1.98096875e-01
1.65037812e-07,1.98103125e-01
1.65077812e-07,1.98096875e-01
1.65117812e-07,1.98103125e-01
1.65157812e-07,1.98096875e-01
1.65197813e-07,1.98101562e-01
1.65237812e-07,1.98098438e-01
1.65277812e-07,1.98101562e-01
1.65317812e-07,1.98098438e-01
1.65357812e-07,1.98101562e-01
1.65397812e-07,1.98098438e-01
1.65437812e-07,1.98101562e-01
1.65477813e-07,1.98098438e-01
1.65517812e-07,1.98100000e-01
1.65557812e-07,1.98100000e-01
1.65597812e-07,1.98100000e-01
1.65637812e-07,1.98100000e-01
1.65677812e-07,1.98100000e-01
1.65717812e-07,1.98100000e-01
1.65757813e-07,1.98098438e-01
1.65797812e-07,1.98101562e-01
1.65837812e-07,1.98098438e-01
1.65877812e-07,1.98101562e-01
1.65917812e-07,1.98096875e-01
1.65957812e-07,1.98103125e-01
1.65997812e-07,1.98095313e-01
1.66037813e-07,1.98104688e-01
1.66077812e-07,1.98093750e-01
1.66117812e-07,1.98107813e-01
1.66157812e-07,1.98090625e-01
1.66197812e-07,1.98112500e-01
1.66237812e-07,1.98082813e-01
1.66277812e-07,1.98126563e-01
1.66317813e-07,1.98048438e-01
1.66357812e-07,1.98304688e-01
1.66397812e-07,1.98556250e-01
1.66437812e-07,1.98467188e-01
1.66477812e-07,1.98523438e-01
1.66517812e-07,1.98481250e-01
1.66557812e-07,1.98515625e-01
1.66597813e-07,1.98485938e-01
1.66637812e-07,1.98512500e-01
1.66677812e-07,1.98489063e-01
1.66717812e-07,1.98510938e-01
1.66757812e-07,1.98489063e-01
1.66797812e-07,1.98509375e-01
1.66837812e-07,1.98490625e-01
1.66877813e-07,1.98509375e-01
1.66917812e-07,1.98490625e-01
1.66957812e-07,1.98509375e-01
1.66997812e-07,1.98490625e-01
1.67037812e-07,1.98509375e-01
1.67077812e-07,1.98490625e-01
1.67117812e-07,1.98509375e-01
1.67157813e-07,1.98490625e-01
1.67197812e-07,1.98509375e-01
1.67237812e-07,1.98489063e-01
1.67277812e-07,1.98510938e-01
1.67317812e-07,1.98487500e-01
1.67357812e-07,1.98514063e-01
1.67397812e-07,1.98484375e-01
1.67437813e-07,1.98518750e-01
1.67477812e-07,1.98476563e-01
1.67517812e-07,1.98532813e-01
1.67557812e-07,1.98442188e-01
1.67597812e-07,1.98710938e-01
1.67637812e-07,1.98951563e-01
1.67677812e-07,1.98873437e-01
1.67717813e-07,1.98917188e-01
1.67757812e-07,1.98887500e-01
1.67797812e-07,1.98909375e-01
1.67837812e-07,1.98892188e-01
1.67877812e-07,1.98906250e-01
1.67917812e-07,1.98895313e-01
1.67957812e-07,1.98903125e-01
1.67997813e-07,1.98898437e-01
1.68037812e-07,1.98901563e-01
1.68077812e-07,1.98900000e-01
1.68117812e-07,1.98900000e-01
1.68157812e-07,1.98901563e-01
1.68197812e-07,1.98896875e-01
1.68237812e-07,1.98904688e-01
1.68277813e-07,1.98893750e-01
1.68317812e-07,1.98909375e-01
1.68357812e-07,1.98885937e-01
1.68397812e-07,1.98923438e-01
1.68437812e-07,1.98851563e-01
1.68477812e-07,1.99101562e-01
1.68517812e-07,1.99360938e-01
1.68557813e-07,1.99262500e-01
1.68597812e-07,1.99328125e-01
1.68637812e-07,1.99276563e-01
1.68677812e-07,1.99320313e-01
1.68717812e-07,1.99281250e-01
1.68757812e-07,1.99317187e-01
1.68797812e-07,1.99282813e-01
1.68837813e-07,1.99317187e-01
1.68877812e-07,1.99282813e-01
1.68917812e-07,1.99318750e-01
1.68957812e-07,1.99281250e-01
1.68997812e-07,1.99320313e-01
1.69037812e-07,1.99276563e-01
1.69077812e-07,1.99328125e-01
1.69117813e-07,1.99262500e-01
1.69157812e-07,1.99362500e-01
1.69197812e-07,1.99084375e-01
1.69237812e-07,1.98853125e-01
1.69277812e-07,1.98921875e-01
1.69317812e-07,1.98887500e-01
1.69357812e-07,1.98907813e-01
1.69397813e-07,1.98895313e-01
1.69437812e-07,1.98903125e-01
1.69477812e-07,1.98900000e-01
1.69517812e-07,1.98900000e-01
1.69557812e-07,1.98901563e-01
1.69597812e-07,1.98896875e-01
1.69637812e-07,1.98904688e-01
1.69677813e-07,1.98893750e-01
1.69717812e-07,1.98907813e-01
1.69757812e-07,1.98890625e-01
1.69797812e-07,1.98910937e-01
1.69837812e-07,1.98885937e-01
1.69877812e-07,1.98920313e-01
1.69917812e-07,1.98870313e-01
1.69957813e-07,1.98954688e-01
1.69997812e-07,1.98692188e-01
1.70037812e-07,1.98445312e-01
1.70077812e-07,1.98529687e-01
1.70117812e-07,1.98479688e-01
1.70157812e-07,1.98515625e-01
1.70197812e-07,1.98487500e-01
1.70237813e-07,1.98509375e-01
1.70277812e-07,1.98492188e-01
1.70317812e-07,1.98507813e-01
1.70357812e-07,1.98493750e-01
1.70397812e-07,1.98504687e-01
1.70437812e-07,1.98495313e-01
1.70477812e-07,1.98504687e-01
1.70517813e-07,1.98496875e-01
1.70557812e-07,1.98503125e-01
1.70597812e-07,1.98496875e-01
1.70637812e-07,1.98501563e-01
1.70677812e-07,1.98498438e-01
1.70717812e-07,1.98501563e-01
1.70757812e-07,1.98498438e-01
1.70797812e-07,1.98500000e-01
1.70837812e-07,1.98500000e-01
1.70877812e-07,1.98500000e-01
1.70917812e-07,1.98500000e-01
1.70957812e-07,1.98498438e-01
1.70997812e-07,1.98501563e-01
1.71037812e-07,1.98498438e-01
1.71077812e-07,1.98503125e-01
1.71117812e-07,1.98496875e-01
1.71157812e-07,1.98504687e-01
1.71197812e-07,1.98493750e-01
1.71237812e-07,1.98507813e-01
1.71277812e-07,1.98490625e-01
1.71317812e-07,1.98512500e-01
1.71357812e-07,1.98482812e-01
1.71397812e-07,1.98528125e-01
1.71437812e-07,1.98446875e-01
1.71477812e-07,1.98706250e-01
1.71517812e-07,1.98956250e-01
1.71557812e-07,1.98867188e-01
1.71597812e-07,1.98923438e-01
1.71637812e-07,1.98881250e-01
1.71677812e-07,1.98915625e-01
1.71717812e-07,1.98887500e-01
1.71757812e-07,1.98910937e-01
1.71797812e-07,1.98889063e-01
1.71837812e-07,1.98909375e-01
1.71877812e-07,1.98890625e-01
1.71917812e-07,1.98907813e-01
1.71957812e-07,1.98892188e-01
1.71997812e-07,1.98907813e-01
1.72037812e-07,1.98892188e-01
1.72077812e-07,1.98906250e-01
1.72117812e-07,1.98893750e-01
1.72157812e-07,1.98906250e-01
1.72197812e-07,1.98893750e-01
1.72237812e-07,1.98906250e-01
1.72277812e-07,1.98893750e-01
1.72317812e-07,1.98906250e-01
1.72357812e-07,1.98895313e-01
1.72397812e-07,1.98904688e-01
1.72437812e-07,1.98895313e-01
1.72477812e-07,1.98904688e-01
1.72517812e-07,1.98895313e-01
1.72557812e-07,1.98904688e-01
1.72597812e-07,1.98895313e-01
1.72637812e-07,1.98904688e-01
1.72677812e-07,1.98895313e-01
1.72717812e-07,1.98904688e-01
1.72757812e-07,1.98895313e-01
1.72797812e-07,1.98904688e-01
1.72837812e-07,1.98895313e-01
1.72877813e-07,1.98904688e-01
1.72917812e-07,1.98895313e-01
1.72957812e-07,1.98904688e-01
1.72997812e-07,1.98895313e-01
1.73037812e-07,1.98904688e-01
1.73077812e-07,1.98895313e-01
1.73117812e-07,1.98904688e-01
1.73157813e-07,1.98895313e-01
1.73197812e-07,1.98904688e-01
1.73237812e-07,1.98895313e-01
1.73277812e-07,1.98904688e-01
1.73317812e-07,1.98893750e-01
1.73357812e-07,1.98906250e-01
1.73397812e-07,1.98893750e-01
1.73437813e-07,1.98906250e-01
1.73477812e-07,1.98893750e-01
1.73517812e-07,1.98906250e-01
1.73557812e-07,1.98892188e-01
1.73597812e-07,1.98907813e-01
1.73637812e-07,1.98890625e-01
1.73677812e-07,1.98909375e-01
1.73717813e-07,1.98889063e-01
1.73757812e-07,1.98914063e-01
1.73797812e-07,1.98884375e-01
1.73837812e-07,1.98921875e-01
1.73877812e-07,1.98868750e-01
1.73917812e-07,1.98956250e-01
1.73957812e-07,1.98692188e-01
1.73997813e-07,1.98446875e-01
1.74037812e-07,1.98529687e-01
1.74077812e-07,1.98479688e-01
1.74117812e-07,1.98515625e-01
1.74157812e-07,1.98487500e-01
1.74197812e-07,1.98510938e-01
1.74237812e-07,1.98489063e-01
1.74277813e-07,1.98509375e-01
1.74317812e-07,1.98490625e-01
1.74357812e-07,1.98509375e-01
1.74397812e-07,1.98492188e-01
1.74437812e-07,1.98509375e-01
1.74477812e-07,1.98490625e-01
1.74517812e-07,1.98509375e-01
1.74557813e-07,1.98489063e-01
1.74597812e-07,1.98512500e-01
1.74637812e-07,1.98484375e-01
1.74677812e-07,1.98520313e-01
1.74717812e-07,1.98470312e-01
1.74757812e-07,1.98553125e-01
1.74797812e-07,1.98293750e-01
1.74837813e-07,1.98043750e-01
1.74877812e-07,1.98132813e-01
1.74917812e-07,1.98076562e-01
1.74957812e-07,1.98118750e-01
1.74997812e-07,1.98082813e-01
1.75037812e-07,1.98115625e-01
1.75077812e-07,1.98084375e-01
1.75117813e-07,1.98115625e-01
1.75157812e-07,1.98084375e-01
1.75197812e-07,1.98117188e-01
1.75237812e-07,1.98079688e-01
1.75277812e-07,1.98123437e-01
1.75317812e-07,1.98067188e-01
1.75357812e-07,1.98157813e-01
1.75397813e-07,1.97889063e-01
1.75437812e-07,1.97648437e-01
1.75477812e-07,1.97728125e-01
1.75517812e-07,1.97681250e-01
1.75557812e-07,1.97714063e-01
1.75597812e-07,1.97689063e-01
1.75637812e-07,1.97709375e-01
1.75677813e-07,1.97692188e-01
1.75717812e-07,1.97707812e-01
1.75757812e-07,1.97693750e-01
1.75797812e-07,1.97706250e-01
1.75837812e-07,1.97693750e-01
1.75877812e-07,1.97706250e-01
1.75917812e-07,1.97693750e-01
1.75957813e-07,1.97704688e-01
1.75997812e-07,1.97695312e-01
1.76037812e-07,1.97704688e-01
1.76077812e-07,1.97695312e-01
1.76117812e-07,1.97706250e-01
1.76157812e-07,1.97693750e-01
1.76197812e-07,1.97706250e-01
1.76237813e-07,1.97693750e-01
1.76277812e-07,1.97706250e-01
1.76317812e-07,1.97692188e-01
1.76357812e-07,1.97707812e-01
1.76397812e-07,1.97692188e-01
1.76437812e-07,1.97709375e-01
1.76477812e-07,1.97689063e-01
1.76517813e-07,1.97712500e-01
1.76557812e-07,1.97684375e-01
1.76597812e-07,1.97721875e-01
1.76637812e-07,1.97668750e-01
1.76677812e-07,1.97756250e-01
1.76717812e-07,1.97490625e-01
1.76757812e-07,1.97246875e-01
1.76797813e-07,1.97329688e-01
1.76837812e-07,1.97279688e-01
1.76877812e-07,1.97314062e-01
1.76917812e-07,1.97289063e-01
1.76957812e-07,1.97309375e-01
1.76997812e-07,1.97292187e-01
1.77037812e-07,1.97306250e-01
1.77077813e-07,1.97293750e-01
1.77117812e-07,1.97304688e-01
1.77157812e-07,1.97296875e-01
1.77197812e-07,1.97303125e-01
1.77237812e-07,1.97298438e-01
1.77277812e-07,1.97301562e-01
1.77317812e-07,1.97300000e-01
1.77357813e-07,1.97298438e-01
1.77397812e-07,1.97303125e-01
1.77437812e-07,1.97295313e-01
1.77477812e-07,1.97307813e-01
1.77517812e-07,1.97287500e-01
1.77557812e-07,1.97323438e-01
1.77597812e-07,1.97253125e-01
1.77637813e-07,1.97500000e-01
1.77677812e-07,1.97762500e-01
1.77717812e-07,1.97662500e-01
1.77757812e-07,1.97728125e-01
1.77797812e-07,1.97676563e-01
1.77837812e-07,1.97721875e-01
1.77877812e-07,1.97681250e-01
1.77917813e-07,1.97718750e-01
1.77957812e-07,1.97682812e-01
1.77997812e-07,1.97717188e-01
1.78037812e-07,1.97682812e-01
1.78077812e-07,1.97717188e-01
1.78117812e-07,1.97682812e-01
1.78157812e-07,1.97717188e-01
1.78197813e-07,1.97681250e-01
1.78237812e-07,1.97720312e-01
1.78277812e-07,1.97678125e-01
1.78317812e-07,1.97725000e-01
1.78357812e-07,1.97670313e-01
1.78397812e-07,1.97739063e-01
1.78437812e-07,1.97635937e-01
1.78477812e-07,1.97917188e-01
1.78517812e-07,1.98143750e-01
1.78557812e-07,1.98079688e-01
1.78597812e-07,1.98110938e-01
1.78637812e-07,1.98093750e-01
1.78677812e-07,1.98101562e-01
1.78717812e-07,1.98100000e-01
1.78757812e-07,1.98096875e-01
1.78797812e-07,1.98104688e-01
1.78837812e-07,1.98093750e-01
1.78877812e-07,1.98107813e-01
1.78917812e-07,1.98089062e-01
1.78957812e-07,1.98114063e-01
1.78997812e-07,1.98079688e-01
1.79037812e-07,1.98129688e-01
1.79077812e-07,1.98045313e-01
1.79117812e-07,1.98309375e-01
1.79157812e-07,1.98553125e-01
1.79197812e-07,1.98470312e-01
1.79237812e-07,1.98520313e-01
1.79277812e-07,1.98485938e-01
1.79317812e-07,1.98510938e-01
1.79357812e-07,1.98490625e-01
1.79397812e-07,1.98507813e-01
1.79437812e-07,1.98493750e-01
1.79477812e-07,1.98504687e-01
1.79517812e-07,1.98495313e-01
1.79557812e-07,1.98503125e-01
1.79597812e-07,1.98496875e-01
1.79637812e-07,1.98503125e-01
1.79677812e-07,1.98498438e-01
1.79717812e-07,1.98501563e-01
1.79757812e-07,1.98498438e-01
1.79797812e-07,1.98500000e-01
1.79837812e-07,1.98500000e-01
1.79877812e-07,1.98500000e-01
1.79917812e-07,1.98500000e-01
1.79957812e-07,1.98498438e-01
1.79997812e-07,1.98501563e-01
1.80037812e-07,1.98498438e-01
1.80077812e-07,1.98501563e-01
1.80117812e-07,1.98496875e-01
1.80157812e-07,1.98503125e-01
1.80197812e-07,1.98496875e-01
1.80237812e-07,1.98504687e-01
1.80277812e-07,1.98495313e-01
1.80317812e-07,1.98506250e-01
1.80357812e-07,1.98493750e-01
1.80397812e-07,1.98507813e-01
1.80437812e-07,1.98490625e-01
1.80477812e-07,1.98512500e-01
1.80517812e-07,1.98484375e-01
1.80557812e-07,1.98520313e-01
1.80597812e-07,1.98468750e-01
1.80637812e-07,1.98556250e-01
1.80677812e-07,1.98290625e-01
1.80717812e-07,1.98046875e-01
1.80757812e-07,1.98128125e-01
1.80797812e-07,1.98081250e-01
1.80837812e-07,1.98114063e-01
1.80877812e-07,1.98090625e-01
1.80917812e-07,1.98107813e-01
1.80957812e-07,1.98095313e-01
1.80997812e-07,1.98103125e-01
1.81037812e-07,1.98098438e-01
1.81077812e-07,1.98098438e-01
1.81117812e-07,1.98103125e-01
1.81157812e-07,1.98092188e-01
1.81197812e-07,1.98112500e-01
1.81237812e-07,1.98078125e-01
1.81277812e-07,1.98148437e-01
1.81317812e-07,1.97898437e-01
1.81357812e-07,1.97639063e-01
1.81397813e-07,1.97737500e-01
1.81437812e-07,1.97671875e-01
1.81477812e-07,1.97721875e-01
1.81517812e-07,1.97681250e-01
1.81557812e-07,1.97717188e-01
1.81597812e-07,1.97684375e-01
1.81637812e-07,1.97714063e-01
1.81677813e-07,1.97685938e-01
1.81717812e-07,1.97712500e-01
1.81757812e-07,1.97687500e-01
1.81797812e-07,1.97710938e-01
1.81837812e-07,1.97689063e-01
1.81877812e-07,1.97710938e-01
1.81917812e-07,1.97689063e-01
1.81957813e-07,1.97710938e-01
1.81997812e-07,1.97689063e-01
1.82037812e-07,1.97710938e-01
1.82077812e-07,1.97689063e-01
1.82117812e-07,1.97710938e-01
1.82157812e-07,1.97689063e-01
1.82197812e-07,1.97710938e-01
1.82237813e-07,1.97689063e-01
1.82277812e-07,1.97710938e-01
1.82317812e-07,1.97689063e-01
1.82357812e-07,1.97712500e-01
1.82397812e-07,1.97687500e-01
1.82437812e-07,1.97714063e-01
1.82477812e-07,1.97684375e-01
1.82517813e-07,1.97718750e-01
1.82557812e-07,1.97676563e-01
1.82597812e-07,1.97732813e-01
1.82637812e-07,1.97643750e-01
1.82677812e-07,1.97909375e-01
1.82717812e-07,1.98153125e-01
1.82757812e-07,1.98068750e-01
1.82797813e-07,1.98121875e-01
1.82837812e-07,1.98081250e-01
1.82877812e-07,1.98118750e-01
1.82917812e-07,1.98078125e-01
1.82957812e-07,1.98129688e-01
1.82997812e-07,1.98046875e-01
1.83037812e-07,1.98304688e-01
1.83077813e-07,1.98560938e-01
1.83117812e-07,1.98460938e-01
1.83157812e-07,1.98532813e-01
1.83197812e-07,1.98467188e-01
1.83237812e-07,1.98539063e-01
1.83277812e-07,1.98439063e-01
1.83317812e-07,1.98712500e-01
1.83357813e-07,1.98951563e-01
1.83397812e-07,1.98868750e-01
1.83437812e-07,1.98925000e-01
1.83477812e-07,1.98875000e-01
1.83517812e-07,1.98931250e-01
1.83557812e-07,1.98846875e-01
1.83597812e-07,1.99104688e-01
1.83637813e-07,1.99360938e-01
1.83677812e-07,1.99260938e-01
1.83717812e-07,1.99332813e-01
1.83757812e-07,1.99267187e-01
1.83797812e-07,1.99340625e-01
1.83837812e-07,1.99237500e-01
1.83877812e-07,1.99514063e-01
1.83917813e-07,1.99750000e-01
1.83957812e-07,1.99671875e-01
1.83997812e-07,1.99720312e-01
1.84037812e-07,1.99682813e-01
1.84077812e-07,1.99717188e-01
1.84117812e-07,1.99679688e-01
1.84157812e-07,1.99729688e-01
1.84197813e-07,1.99646875e-01
1.84237812e-07,1.99904688e-01
1.84277812e-07,2.00157813e-01
1.84317812e-07,2.00065625e-01
1.84357812e-07,2.00126562e-01
1.84397812e-07,2.00078125e-01
1.84437812e-07,2.00120313e-01
1.84477813e-07,2.00081250e-01
1.84517812e-07,2.00117188e-01
1.84557812e-07,2.00082813e-01
1.84597812e-07,2.00117188e-01
1.84637812e-07,2.00081250e-01
1.84677812e-07,2.00118750e-01
1.84717812e-07,2.00079688e-01
1.84757813e-07,2.00121875e-01
1.84797812e-07,2.00075000e-01
1.84837812e-07,2.00131250e-01
1.84877812e-07,2.00059375e-01
1.84917812e-07,2.00165625e-01
1.84957812e-07,1.99881250e-01
1.84997812e-07,1.99657813e-01
1.85037813e-07,1.99717188e-01
1.85077812e-07,1.99692188e-01
1.85117812e-07,1.99701563e-01
1.85157812e-07,1.99704688e-01
1.85197812e-07,1.99690625e-01
1.85237812e-07,1.99715625e-01
1.85277812e-07,1.99673437e-01
1.85317813e-07,1.99751563e-01
1.85357812e-07,1.99493750e-01
1.85397812e-07,1.99243750e-01
1.85437812e-07,1.99331250e-01
1.85477812e-07,1.99278125e-01
1.85517812e-07,1.99317187e-01
1.85557812e-07,1.99285938e-01
1.85597813e-07,1.99312500e-01
1.85637812e-07,1.99289063e-01
1.85677812e-07,1.99309375e-01
1.85717812e-07,1.99290625e-01
1.85757812e-07,1.99310938e-01
1.85797812e-07,1.99287500e-01
1.85837812e-07,1.99315625e-01
1.85877813e-07,1.99278125e-01
1.85917812e-07,1.99345313e-01
1.85957812e-07,1.99106250e-01
1.85997812e-07,1.98826562e-01
1.86037812e-07,1.98959375e-01
1.86077812e-07,1.98825000e-01
1.86117812e-07,1.99125000e-01
1.86157812e-07,1.99340625e-01
1.86197812e-07,1.99281250e-01
1.86237812e-07,1.99309375e-01
1.86277812e-07,1.99293750e-01
1.86317812e-07,1.99303125e-01
1.86357812e-07,1.99298438e-01
1.86397812e-07,1.99300000e-01
1.86437812e-07,1.99301563e-01
1.86477812e-07,1.99296875e-01
1.86517812e-07,1.99303125e-01
1.86557812e-07,1.99295313e-01
1.86597812e-07,1.99306250e-01
1.86637812e-07,1.99292187e-01
1.86677812e-07,1.99309375e-01
1.86717812e-07,1.99287500e-01
1.86757812e-07,1.99315625e-01
1.86797812e-07,1.99279687e-01
1.86837812e-07,1.99331250e-01
1.86877812e-07,1.99243750e-01
1.86917812e-07,1.99509375e-01
1.86957812e-07,1.99751563e-01
1.86997812e-07,1.99673437e-01
1.87037812e-07,1.99717188e-01
1.87077812e-07,1.99689063e-01
1.87117812e-07,1.99706250e-01
1.87157812e-07,1.99698437e-01
1.87197812e-07,1.99698437e-01
1.87237812e-07,1.99707812e-01
1.87277812e-07,1.99681250e-01
1.87317812e-07,1.99743750e-01
1.87357812e-07,1.99503125e-01
1.87397812e-07,1.99234375e-01
1.87437812e-07,1.99340625e-01
1.87477812e-07,1.99268750e-01
1.87517812e-07,1.99328125e-01
1.87557812e-07,1.99275000e-01
1.87597812e-07,1.99325000e-01
1.87637812e-07,1.99275000e-01
1.87677812e-07,1.99328125e-01
1.87717812e-07,1.99262500e-01
1.87757812e-07,1.99359375e-01
1.87797812e-07,1.99089062e-01
1.87837812e-07,1.98846875e-01
1.87877812e-07,1.98931250e-01
1.87917812e-07,1.98873437e-01
1.87957812e-07,1.98926563e-01
1.87997812e-07,1.98865625e-01
1.88037812e-07,1.98957812e-01
1.88077812e-07,1.98689063e-01
1.88117812e-07,1.98448438e-01
1.88157812e-07,1.98526563e-01
1.88197812e-07,1.98485938e-01
1.88237812e-07,1.98501563e-01
1.88277812e-07,1.98525000e-01
1.88317812e-07,1.98323438e-01
1.88357812e-07,1.98012500e-01
1.88397812e-07,1.98168750e-01
1.88437812e-07,1.98029687e-01
1.88477812e-07,1.98190625e-01
1.88517812e-07,1.97857813e-01
1.88557812e-07,1.97679688e-01
1.88597812e-07,1.97693750e-01
1.88637812e-07,1.97720312e-01
1.88677812e-07,1.97665625e-01
1.88717812e-07,1.97762500e-01
1.88757812e-07,1.97481250e-01
1.88797812e-07,1.97259375e-01
1.88837812e-07,1.97312500e-01
1.88877812e-07,1.97303125e-01
1.88917812e-07,1.97282813e-01
1.88957812e-07,1.97346875e-01
1.88997812e-07,1.97098438e-01
1.89037812e-07,1.96842188e-01
1.89077812e-07,1.96931250e-01
1.89117812e-07,1.96881250e-01
1.89157812e-07,1.96910937e-01
1.89197812e-07,1.96896875e-01
1.89237812e-07,1.96890625e-01
1.89277812e-07,1.96935938e-01
1.89317812e-07,1.96710938e-01
1.89357812e-07,1.96428125e-01
1.89397812e-07,1.96548438e-01
1.89437812e-07,1.96460938e-01
1.89477812e-07,1.96534375e-01
1.89517812e-07,1.96467188e-01
1.89557812e-07,1.96532813e-01
1.89597812e-07,1.96465625e-01
1.89637812e-07,1.96537500e-01
1.89677812e-07,1.96453125e-01
1.89717812e-07,1.96570313e-01
1.89757812e-07,1.96276563e-01
1.89797812e-07,1.96060938e-01
1.89837812e-07,1.96115625e-01
1.89877812e-07,1.96093750e-01
1.89917812e-07,1.96101562e-01
1.89957812e-07,1.96101562e-01
1.89997812e-07,1.96095313e-01
1.90037812e-07,1.96106250e-01
1.90077812e-07,1.96092188e-01
1.90117812e-07,1.96110937e-01
1.90157812e-07,1.96087500e-01
1.90197813e-07,1.96117188e-01
1.90237812e-07,1.96078125e-01
1.90277812e-07,1.96132813e-01
1.90317812e-07,1.96042188e-01
1.90357812e-07,1.96310938e-01
1.90397812e-07,1.96550000e-01
1.90437812e-07,1.96473438e-01
1.90477813e-07,1.96515625e-01
1.90517812e-07,1.96490625e-01
1.90557812e-07,1.96504687e-01
1.90597812e-07,1.96500000e-01
1.90637812e-07,1.96495313e-01
1.90677812e-07,1.96515625e-01
1.90717812e-07,1.96459375e-01
1.90757813e-07,1.96692188e-01
1.90797812e-07,1.96970313e-01
1.90837812e-07,1.96851563e-01
1.90877812e-07,1.96942188e-01
1.90917812e-07,1.96857813e-01
1.90957812e-07,1.96950000e-01
1.90997812e-07,1.96826562e-01
1.91037813e-07,1.97125000e-01
1.91077812e-07,1.97335938e-01
1.91117812e-07,1.97289063e-01
1.91157812e-07,1.97298438e-01
1.91197812e-07,1.97314062e-01
1.91237812e-07,1.97259375e-01
1.91277812e-07,1.97493750e-01
1.91317813e-07,1.97770313e-01
1.91357812e-07,1.97650000e-01
1.91397812e-07,1.97750000e-01
1.91437812e-07,1.97631250e-01
1.91477812e-07,1.97917188e-01
1.91517812e-07,1.98148437e-01
1.91557812e-07,1.98071875e-01
1.91597813e-07,1.98121875e-01
1.91637812e-07,1.98076562e-01
1.91677812e-07,1.98129688e-01
1.91717812e-07,1.98046875e-01
1.91757812e-07,1.98303125e-01
1.91797812e-07,1.98560938e-01
1.91837812e-07,1.98460938e-01
1.91877813e-07,1.98532813e-01
1.91917812e-07,1.98467188e-01
1.91957812e-07,1.98539063e-01
1.91997812e-07,1.98437500e-01
1.92037812e-07,1.98712500e-01
1.92077812e-07,1.98951563e-01
1.92117812e-07,1.98871875e-01
1.92157813e-07,1.98921875e-01
1.92197812e-07,1.98881250e-01
1.92237812e-07,1.98918750e-01
1.92277812e-07,1.98878125e-01
1.92317812e-07,1.98931250e-01
1.92357812e-07,1.98845313e-01
1.92397812e-07,1.99106250e-01
1.92437813e-07,1.99356250e-01
1.92477812e-07,1.99267187e-01
1.92517812e-07,1.99323438e-01
1.92557812e-07,1.99281250e-01
1.92597812e-07,1.99317187e-01
1.92637812e-07,1.99284375e-01
1.92677812e-07,1.99314062e-01
1.92717813e-07,1.99285938e-01
1.92757812e-07,1.99312500e-01
1.92797812e-07,1.99287500e-01
1.92837812e-07,1.99312500e-01
1.92877812e-07,1.99287500e-01
1.92917812e-07,1.99312500e-01
1.92957812e-07,1.99287500e-01
1.92997813e-07,1.99314062e-01
1.93037812e-07,1.99285938e-01
1.93077812e-07,1.99314062e-01
1.93117812e-07,1.99284375e-01
1.93157812e-07,1.99317187e-01
1.93197812e-07,1.99281250e-01
1.93237812e-07,1.99320313e-01
1.93277813e-07,1.99276563e-01
1.93317812e-07,1.99329688e-01
1.93357812e-07,1.99260938e-01
1.93397812e-07,1.99364062e-01
1.93437812e-07,1.99082813e-01
1.93477812e-07,1.98856250e-01
1.93517812e-07,1.98920313e-01
1.93557812e-07,1.98890625e-01
1.93597812e-07,1.98904688e-01
1.93637812e-07,1.98900000e-01
1.93677812e-07,1.98896875e-01
1.93717812e-07,1.98904688e-01
1.93757812e-07,1.98892188e-01
1.93797812e-07,1.98910937e-01
1.93837812e-07,1.98884375e-01
1.93877812e-07,1.98920313e-01
1.93917812e-07,1.98868750e-01
1.93957812e-07,1.98956250e-01
1.93997812e-07,1.98689063e-01
1.94037812e-07,1.98448438e-01
1.94077812e-07,1.98526563e-01
1.94117812e-07,1.98482812e-01
1.94157812e-07,1.98510938e-01
1.94197812e-07,1.98492188e-01
1.94237812e-07,1.98504687e-01
1.94277812e-07,1.98498438e-01
1.94317812e-07,1.98500000e-01
1.94357812e-07,1.98501563e-01
1.94397812e-07,1.98495313e-01
1.94437812e-07,1.98507813e-01
1.94477812e-07,1.98489063e-01
1.94517812e-07,1.98517187e-01
1.94557812e-07,1.98471875e-01
1.94597812e-07,1.98553125e-01
1.94637812e-07,1.98293750e-01
1.94677812e-07,1.98045313e-01
1.94717812e-07,1.98129688e-01
1.94757812e-07,1.98079688e-01
1.94797812e-07,1.98114063e-01
1.94837812e-07,1.98089062e-01
1.94877812e-07,1.98106250e-01
1.94917812e-07,1.98095313e-01
1.94957812e-07,1.98100000e-01
1.94997812e-07,1.98103125e-01
1.95037812e-07,1.98090625e-01
1.95077812e-07,1.98118750e-01
1.95117812e-07,1.98054687e-01
1.95157812e-07,1.98298438e-01
1.95197812e-07,1.98564062e-01
1.95237812e-07,1.98459375e-01
1.95277812e-07,1.98531250e-01
1.95317812e-07,1.98475000e-01
1.95357812e-07,1.98523438e-01
1.95397812e-07,1.98479688e-01
1.95437812e-07,1.98520313e-01
1.95477812e-07,1.98479688e-01
1.95517812e-07,1.98520313e-01
1.95557812e-07,1.98479688e-01
1.95597812e-07,1.98523438e-01
1.95637812e-07,1.98471875e-01
1.95677812e-07,1.98535938e-01
1.95717812e-07,1.98439063e-01
1.95757812e-07,1.98712500e-01
1.95797812e-07,1.98950000e-01
1.95837812e-07,1.98871875e-01
1.95877812e-07,1.98918750e-01
1.95917812e-07,1.98884375e-01
1.95957812e-07,1.98912500e-01
1.95997812e-07,1.98887500e-01
1.96037812e-07,1.98912500e-01
1.96077812e-07,1.98885937e-01
1.96117812e-07,1.98915625e-01
1.96157812e-07,1.98879688e-01
1.96197812e-07,1.98929688e-01
1.96237812e-07,1.98845313e-01
1.96277812e-07,1.99107813e-01
1.96317812e-07,1.99354688e-01
1.96357812e-07,1.99268750e-01
1.96397812e-07,1.99321875e-01
1.96437812e-07,1.99282813e-01
1.96477812e-07,1.99314062e-01
1.96517812e-07,1.99287500e-01
1.96557812e-07,1.99310938e-01
1.96597812e-07,1.99290625e-01
1.96637812e-07,1.99309375e-01
1.96677812e-07,1.99292187e-01
1.96717812e-07,1.99307813e-01
1.96757812e-07,1.99292187e-01
1.96797812e-07,1.99306250e-01
1.96837812e-07,1.99293750e-01
1.96877812e-07,1.99306250e-01
1.96917812e-07,1.99293750e-01
1.96957812e-07,1.99306250e-01
1.96997812e-07,1.99293750e-01
1.97037812e-07,1.99306250e-01
1.97077812e-07,1.99295313e-01
1.97117812e-07,1.99304688e-01
1.97157812e-07,1.99295313e-01
1.97197812e-07,1.99304688e-01
1.97237812e-07,1.99295313e-01
1.97277812e-07,1.99304688e-01
1.97317812e-07,1.99295313e-01
1.97357812e-07,1.99304688e-01
1.97397812e-07,1.99295313e-01
1.97437812e-07,1.99304688e-01
1.97477812e-07,1.99295313e-01
1.97517812e-07,1.99304688e-01
1.97557812e-07,1.99295313e-01
1.97597812e-07,1.99304688e-01
1.97637812e-07,1.99295313e-01
1.97677812e-07,1.99304688e-01
1.97717812e-07,1.99296875e-01
1.97757812e-07,1.99303125e-01
1.97797812e-07,1.99296875e-01
1.97837812e-07,1.99303125e-01
1.97877812e-07,1.99296875e-01
1.97917812e-07,1.99303125e-01
1.97957812e-07,1.99296875e-01
1.97997812e-07,1.99303125e-01
1.98037812e-07,1.99296875e-01
1.98077812e-07,1.99303125e-01
1.98117812e-07,1.99296875e-01
1.98157812e-07,1.99303125e-01
1.98197812e-07,1.99296875e-01
1.98237812e-07,1.99303125e-01
1.98277812e-07,1.99296875e-01
1.98317812e-07,1.99303125e-01
1.98357812e-07,1.99296875e-01
1.98397812e-07,1.99303125e-01
1.98437812e-07,1.99296875e-01
1.98477812e-07,1.99303125e-01
1.98517812e-07,1.99296875e-01
1.98557812e-07,1.99303125e-01
1.98597812e-07,1.99296875e-01
1.98637812e-07,1.99303125e-01
1.98677812e-07,1.99296875e-01
1.98717813e-07,1.99303125e-01
1.98757812e-07,1.99296875e-01
1.98797812e-07,1.99303125e-01
1.98837812e-07,1.99296875e-01
1.98877812e-07,1.99303125e-01
1.98917812e-07,1.99296875e-01
1.98957812e-07,1.99303125e-01
1.98997813e-07,1.99296875e-01
1.99037812e-07,1.99303125e-01
1.99077812e-07,1.99296875e-01
1.99117812e-07,1.99303125e-01
1.99157812e-07,1.99296875e-01
1.99197812e-07,1.99303125e-01
1.99237812e-07,1.99296875e-01
1.99277813e-07,1.99303125e-01
1.99317812e-07,1.99296875e-01
1.99357812e-07,1.99303125e-01
1.99397812e-07,1.99296875e-01
1.99437812e-07,1.99303125e-01
1.99477812e-07,1.99296875e-01
1.99517812e-07,1.99303125e-01
1.99557813e-07,1.99296875e-01
1.99597812e-07,1.99303125e-01
1.99637812e-07,1.99296875e-01
1.99677812e-07,1.99303125e-01
1.99717812e-07,1.99296875e-01
1.99757812e-07,1.99303125e-01
1.99797812e-07,1.99296875e-01
1.99837813e-07,1.99303125e-01
1.99877812e-07,1.99296875e-01
1.99917812e-07,1.99303125e-01
1.99957812e-07,1.99296875e-01
1.99997812e-07,1.99303125e-01
2.00037812e-07,1.99296875e-01
2.00077812e-07,1.99303125e-01
2.00117813e-07,1.99296875e-01
2.00157812e-07,1.99303125e-01
2.00197812e-07,1.99296875e-01
2.00237812e-07,1.99303125e-01
2.00277812e-07,1.99296875e-01
2.00317812e-07,1.99303125e-01
2.00357812e-07,1.99296875e-01
2.00397813e-07,1.99303125e-01
2.00437812e-07,1.99296875e-01
2.00477812e-07,1.99303125e-01
2.00517812e-07,1.99295313e-01
2.00557812e-07,1.99304688e-01
2.00597812e-07,1.99295313e-01
2.00637812e-07,1.99304688e-01
2.00677813e-07,1.99295313e-01
2.00717812e-07,1.99304688e-01
2.00757812e-07,1.99295313e-01
2.00797812e-07,1.99304688e-01
2.00837812e-07,1.99295313e-01
2.00877812e-07,1.99304688e-01
2.00917812e-07,1.99293750e-01
2.00957813e-07,1.99306250e-01
2.00997812e-07,1.99293750e-01
2.01037812e-07,1.99306250e-01
2.01077812e-07,1.99293750e-01
2.01117812e-07,1.99307813e-01
2.01157812e-07,1.99292187e-01
2.01197812e-07,1.99309375e-01
2.01237812e-07,1.99290625e-01
2.01277812e-07,1.99310938e-01
2.01317812e-07,1.99287500e-01
2.01357812e-07,1.99314062e-01
2.01397812e-07,1.99282813e-01
2.01437812e-07,1.99323438e-01
2.01477812e-07,1.99267187e-01
2.01517812e-07,1.99357813e-01
2.01557812e-07,1.99089062e-01
2.01597812e-07,1.98848438e-01
2.01637812e-07,1.98926563e-01
2.01677812e-07,1.98882813e-01
2.01717812e-07,1.98912500e-01
2.01757812e-07,1.98890625e-01
2.01797812e-07,1.98906250e-01
2.01837812e-07,1.98895313e-01
2.01877812e-07,1.98903125e-01
2.01917812e-07,1.98898437e-01
2.01957812e-07,1.98900000e-01
2.01997812e-07,1.98901563e-01
2.02037812e-07,1.98896875e-01
2.02077812e-07,1.98904688e-01
2.02117812e-07,1.98892188e-01
2.02157812e-07,1.98914063e-01
2.02197812e-07,1.98876563e-01
2.02237812e-07,1.98948438e-01
2.02277812e-07,1.98698438e-01
2.02317812e-07,1.98439063e-01
2.02357812e-07,1.98537500e-01
2.02397812e-07,1.98471875e-01
2.02437812e-07,1.98523438e-01
2.02477812e-07,1.98479688e-01
2.02517812e-07,1.98518750e-01
2.02557812e-07,1.98482812e-01
2.02597812e-07,1.98517187e-01
2.02637812e-07,1.98482812e-01
2.02677812e-07,1.98517187e-01
2.02717812e-07,1.98481250e-01
2.02757812e-07,1.98520313e-01
2.02797812e-07,1.98476563e-01
2.02837812e-07,1.98528125e-01
2.02877812e-07,1.98462500e-01
2.02917812e-07,1.98560938e-01
2.02957812e-07,1.98285938e-01
2.02997812e-07,1.98051563e-01
2.03037812e-07,1.98123437e-01
2.03077812e-07,1.98084375e-01
2.03117812e-07,1.98109375e-01
2.03157812e-07,1.98092188e-01
2.03197812e-07,1.98104688e-01
2.03237812e-07,1.98096875e-01
2.03277812e-07,1.98103125e-01
2.03317812e-07,1.98098438e-01
2.03357812e-07,1.98101562e-01
2.03397812e-07,1.98100000e-01
2.03437812e-07,1.98100000e-01
2.03477812e-07,1.98100000e-01
2.03517812e-07,1.98098438e-01
2.03557812e-07,1.98101562e-01
2.03597812e-07,1.98098438e-01
2.03637812e-07,1.98103125e-01
2.03677812e-07,1.98096875e-01
2.03717812e-07,1.98103125e-01
2.03757812e-07,1.98096875e-01
2.03797812e-07,1.98104688e-01
2.03837812e-07,1.98095313e-01
2.03877812e-07,1.98106250e-01
2.03917812e-07,1.98092188e-01
2.03957812e-07,1.98109375e-01
2.03997812e-07,1.98089062e-01
2.04037812e-07,1.98114063e-01
2.04077812e-07,1.98081250e-01
2.04117812e-07,1.98129688e-01
2.04157812e-07,1.98045313e-01
2.04197812e-07,1.98306250e-01
2.04237812e-07,1.98554687e-01
2.04277812e-07,1.98468750e-01
2.04317812e-07,1.98521875e-01
2.04357812e-07,1.98482812e-01
2.04397812e-07,1.98514063e-01
2.04437812e-07,1.98487500e-01
2.04477812e-07,1.98510938e-01
2.04517812e-07,1.98490625e-01
2.04557812e-07,1.98507813e-01
2.04597812e-07,1.98492188e-01
2.04637812e-07,1.98507813e-01
2.04677812e-07,1.98493750e-01
2.04717812e-07,1.98506250e-01
2.04757812e-07,1.98493750e-01
2.04797812e-07,1.98506250e-01
2.04837812e-07,1.98493750e-01
2.04877812e-07,1.98504687e-01
2.04917812e-07,1.98495313e-01
2.04957812e-07,1.98504687e-01
2.04997812e-07,1.98495313e-01
2.05037812e-07,1.98504687e-01
2.05077812e-07,1.98495313e-01
2.05117812e-07,1.98504687e-01
2.05157812e-07,1.98495313e-01
2.05197812e-07,1.98504687e-01
2.05237812e-07,1.98495313e-01
2.05277812e-07,1.98504687e-01
2.05317812e-07,1.98495313e-01
2.05357812e-07,1.98504687e-01
2.05397812e-07,1.98495313e-01
2.05437812e-07,1.98504687e-01
2.05477812e-07,1.98495313e-01
2.05517812e-07,1.98506250e-01
2.05557812e-07,1.98493750e-01
2.05597812e-07,1.98506250e-01
2.05637812e-07,1.98493750e-01
2.05677812e-07,1.98507813e-01
2.05717812e-07,1.98492188e-01
2.05757812e-07,1.98509375e-01
2.05797812e-07,1.98490625e-01
2.05837812e-07,1.98512500e-01
2.05877812e-07,1.98484375e-01
2.05917812e-07,1.98520313e-01
2.05957812e-07,1.98470312e-01
2.05997812e-07,1.98554687e-01
2.06037812e-07,1.98293750e-01
2.06077812e-07,1.98043750e-01
2.06117812e-07,1.98132813e-01
2.06157812e-07,1.98076562e-01
2.06197812e-07,1.98118750e-01
2.06237812e-07,1.98084375e-01
2.06277812e-07,1.98114063e-01
2.06317812e-07,1.98085938e-01
2.06357812e-07,1.98112500e-01
2.06397812e-07,1.98087500e-01
2.06437812e-07,1.98114063e-01
2.06477812e-07,1.98085938e-01
2.06517812e-07,1.98115625e-01
2.06557812e-07,1.98081250e-01
2.06597812e-07,1.98123437e-01
2.06637812e-07,1.98067188e-01
2.06677812e-07,1.98157813e-01
2.06717812e-07,1.97889063e-01
2.06757812e-07,1.97648437e-01
2.06797812e-07,1.97728125e-01
2.06837812e-07,1.97681250e-01
2.06877812e-07,1.97714063e-01
2.06917812e-07,1.97689063e-01
2.06957812e-07,1.97709375e-01
2.06997812e-07,1.97692188e-01
2.07037812e-07,1.97706250e-01
2.07077812e-07,1.97695312e-01
2.07117812e-07,1.97704688e-01
2.07157812e-07,1.97696875e-01
2.07197812e-07,1.97703125e-01
2.07237813e-07,1.97696875e-01
2.07277812e-07,1.97701563e-01
2.07317812e-07,1.97698438e-01
2.07357812e-07,1.97700000e-01
2.07397812e-07,1.97701563e-01
2.07437812e-07,1.97698438e-01
2.07477812e-07,1.97704688e-01
2.07517813e-07,1.97693750e-01
2.07557812e-07,1.97710938e-01
2.07597812e-07,1.97679688e-01
2.07637812e-07,1.97745312e-01
2.07677812e-07,1.97503125e-01
2.07717812e-07,1.97234375e-01
2.07757812e-07,1.97343750e-01
2.07797813e-07,1.97264063e-01
2.07837812e-07,1.97334375e-01
2.07877812e-07,1.97264063e-01
2.07917812e-07,1.97343750e-01
2.07957812e-07,1.97232813e-01
2.07997812e-07,1.97518750e-01
2.08037812e-07,1.97743750e-01
2.08077813e-07,1.97679688e-01
2.08117812e-07,1.97712500e-01
2.08157812e-07,1.97692188e-01
2.08197812e-07,1.97704688e-01
2.08237812e-07,1.97696875e-01
2.08277812e-07,1.97701563e-01
2.08317812e-07,1.97698438e-01
2.08357813e-07,1.97700000e-01
2.08397812e-07,1.97700000e-01
2.08437812e-07,1.97700000e-01
2.08477812e-07,1.97701563e-01
2.08517812e-07,1.97698438e-01
2.08557812e-07,1.97701563e-01
2.08597812e-07,1.97698438e-01
2.08637812e-07,1.97701563e-01
2.08677812e-07,1.97698438e-01
2.08717812e-07,1.97701563e-01
2.08757812e-07,1.97698438e-01
2.08797812e-07,1.97701563e-01
2.08837812e-07,1.97696875e-01
2.08877812e-07,1.97703125e-01
2.08917812e-07,1.97696875e-01
2.08957812e-07,1.97703125e-01
2.08997812e-07,1.97696875e-01
2.09037812e-07,1.97703125e-01
2.09077812e-07,1.97696875e-01
2.09117812e-07,1.97703125e-01
2.09157812e-07,1.97696875e-01
2.09197812e-07,1.97703125e-01
2.09237812e-07,1.97696875e-01
2.09277812e-07,1.97703125e-01
2.09317812e-07,1.97695312e-01
2.09357812e-07,1.97704688e-01
2.09397812e-07,1.97695312e-01
2.09437812e-07,1.97704688e-01
2.09477812e-07,1.97695312e-01
2.09517812e-07,1.97704688e-01
2.09557812e-07,1.97695312e-01
2.09597812e-07,1.97706250e-01
2.09637812e-07,1.97693750e-01
2.09677812e-07,1.97706250e-01
2.09717812e-07,1.97692188e-01
2.09757812e-07,1.97707812e-01
2.09797812e-07,1.97690625e-01
2.09837812e-07,1.97709375e-01
2.09877812e-07,1.97689063e-01
2.09917812e-07,1.97714063e-01
2.09957812e-07,1.97682812e-01
2.09997812e-07,1.97721875e-01
2.10037812e-07,1.97668750e-01
2.10077812e-07,1.97756250e-01
2.10117812e-07,1.97490625e-01
2.10157812e-07,1.97246875e-01
2.10197812e-07,1.97328125e-01
2.10237812e-07,1.97281250e-01
2.10277812e-07,1.97314062e-01
2.10317812e-07,1.97289063e-01
2.10357812e-07,1.97309375e-01
2.10397812e-07,1.97292187e-01
2.10437812e-07,1.97306250e-01
2.10477812e-07,1.97293750e-01
2.10517812e-07,1.97304688e-01
2.10557812e-07,1.97295313e-01
2.10597812e-07,1.97303125e-01
2.10637812e-07,1.97296875e-01
2.10677812e-07,1.97303125e-01
2.10717812e-07,1.97296875e-01
2.10757812e-07,1.97301562e-01
2.10797812e-07,1.97298438e-01
2.10837812e-07,1.97301562e-01
2.10877812e-07,1.97298438e-01
2.10917812e-07,1.97301562e-01
2.10957812e-07,1.97300000e-01
2.10997812e-07,1.97300000e-01
2.11037812e-07,1.97300000e-01
2.11077812e-07,1.97300000e-01
2.11117812e-07,1.97300000e-01
2.11157812e-07,1.97298438e-01
2.11197812e-07,1.97301562e-01
2.11237812e-07,1.97298438e-01
2.11277812e-07,1.97303125e-01
2.11317812e-07,1.97296875e-01
2.11357812e-07,1.97304688e-01
2.11397812e-07,1.97295313e-01
2.11437812e-07,1.97306250e-01
2.11477812e-07,1.97290625e-01
2.11517812e-07,1.97312500e-01
2.11557812e-07,1.97282813e-01
2.11597812e-07,1.97326562e-01
2.11637812e-07,1.97248438e-01
2.11677812e-07,1.97504687e-01
2.11717812e-07,1.97757813e-01
2.11757812e-07,1.97665625e-01
2.11797812e-07,1.97725000e-01
2.11837812e-07,1.97679688e-01
2.11877812e-07,1.97717188e-01
2.11917812e-07,1.97684375e-01
2.11957812e-07,1.97714063e-01
2.11997812e-07,1.97687500e-01
2.12037812e-07,1.97712500e-01
2.12077812e-07,1.97687500e-01
2.12117812e-07,1.97712500e-01
2.12157812e-07,1.97687500e-01
2.12197812e-07,1.97712500e-01
2.12237812e-07,1.97687500e-01
2.12277812e-07,1.97714063e-01
2.12317812e-07,1.97685938e-01
2.12357812e-07,1.97715625e-01
2.12397812e-07,1.97681250e-01
2.12437812e-07,1.97723438e-01
2.12477812e-07,1.97667188e-01
2.12517812e-07,1.97757813e-01
2.12557812e-07,1.97489063e-01
2.12597812e-07,1.97248438e-01
2.12637812e-07,1.97328125e-01
2.12677812e-07,1.97279688e-01
2.12717812e-07,1.97315625e-01
2.12757812e-07,1.97285938e-01
2.12797812e-07,1.97312500e-01
2.12837812e-07,1.97287500e-01
2.12877812e-07,1.97312500e-01
2.12917812e-07,1.97284375e-01
2.12957812e-07,1.97318750e-01
2.12997812e-07,1.97271875e-01
2.13037812e-07,1.97351563e-01
2.13077812e-07,1.97095313e-01
2.13117812e-07,1.96840625e-01
2.13157812e-07,1.96935938e-01
2.13197812e-07,1.96873437e-01
2.13237812e-07,1.96923438e-01
2.13277812e-07,1.96878125e-01
2.13317812e-07,1.96920312e-01
2.13357812e-07,1.96879688e-01
2.13397812e-07,1.96921875e-01
2.13437812e-07,1.96875000e-01
2.13477812e-07,1.96929688e-01
2.13517812e-07,1.96860937e-01
2.13557812e-07,1.96964063e-01
2.13597812e-07,1.96682812e-01
2.13637812e-07,1.96454688e-01
2.13677812e-07,1.96521875e-01
2.13717812e-07,1.96487500e-01
2.13757812e-07,1.96506250e-01
2.13797812e-07,1.96496875e-01
2.13837812e-07,1.96500000e-01
2.13877812e-07,1.96501563e-01
2.13917812e-07,1.96495313e-01
2.13957812e-07,1.96506250e-01
2.13997812e-07,1.96490625e-01
2.14037812e-07,1.96512500e-01
2.14077812e-07,1.96481250e-01
2.14117812e-07,1.96529687e-01
2.14157812e-07,1.96445312e-01
2.14197812e-07,1.96707812e-01
2.14237812e-07,1.96953125e-01
2.14277812e-07,1.96871875e-01
2.14317812e-07,1.96917188e-01
2.14357812e-07,1.96889063e-01
2.14397812e-07,1.96906250e-01
2.14437812e-07,1.96898438e-01
2.14477812e-07,1.96895313e-01
2.14517812e-07,1.96914063e-01
2.14557812e-07,1.96860937e-01
2.14597812e-07,1.97092188e-01
2.14637812e-07,1.97370313e-01
2.14677812e-07,1.97251563e-01
2.14717812e-07,1.97340625e-01
2.14757812e-07,1.97259375e-01
2.14797812e-07,1.97345313e-01
2.14837812e-07,1.97232813e-01
2.14877812e-07,1.97518750e-01
2.14917812e-07,1.97746875e-01
2.14957812e-07,1.97675000e-01
2.14997812e-07,1.97720312e-01
2.15037812e-07,1.97679688e-01
2.15077812e-07,1.97726563e-01
2.15117812e-07,1.97650000e-01
2.15157812e-07,1.97901563e-01
2.15197812e-07,1.98162500e-01
2.15237812e-07,1.98059375e-01
2.15277812e-07,1.98132813e-01
2.15317812e-07,1.98070313e-01
2.15357812e-07,1.98129688e-01
2.15397812e-07,1.98067188e-01
2.15437812e-07,1.98142188e-01
2.15477812e-07,1.98034375e-01
2.15517812e-07,1.98318750e-01
2.15557812e-07,1.98545313e-01
2.15597812e-07,1.98478125e-01
2.15637812e-07,1.98512500e-01
2.15677812e-07,1.98492188e-01
2.15717812e-07,1.98504687e-01
2.15757812e-07,1.98496875e-01
2.15797812e-07,1.98501563e-01
2.15837812e-07,1.98498438e-01
2.15877812e-07,1.98500000e-01
2.15917812e-07,1.98500000e-01
2.15957812e-07,1.98500000e-01
2.15997812e-07,1.98500000e-01
2.16037813e-07,1.98498438e-01
2.16077812e-07,1.98501563e-01
2.16117812e-07,1.98498438e-01
2.16157812e-07,1.98501563e-01
2.16197812e-07,1.98498438e-01
2.16237812e-07,1.98501563e-01
2.16277812e-07,1.98498438e-01
2.16317812e-07,1.98501563e-01
2.16357812e-07,1.98498438e-01
2.16397812e-07,1.98501563e-01
2.16437812e-07,1.98498438e-01
2.16477812e-07,1.98501563e-01
2.16517812e-07,1.98496875e-01
2.16557812e-07,1.98503125e-01
2.16597812e-07,1.98496875e-01
2.16637812e-07,1.98503125e-01
2.16677812e-07,1.98496875e-01
2.16717812e-07,1.98503125e-01
2.16757812e-07,1.98496875e-01
2.16797812e-07,1.98503125e-01
2.16837812e-07,1.98496875e-01
2.16877812e-07,1.98503125e-01
2.16917812e-07,1.98496875e-01
2.16957812e-07,1.98503125e-01
2.16997812e-07,1.98496875e-01
2.17037812e-07,1.98503125e-01
2.17077812e-07,1.98496875e-01
2.17117812e-07,1.98503125e-01
2.17157812e-07,1.98496875e-01
2.17197812e-07,1.98503125e-01
2.17237812e-07,1.98496875e-01
2.17277812e-07,1.98503125e-01
2.17317812e-07,1.98496875e-01
2.17357812e-07,1.98503125e-01
2.17397812e-07,1.98496875e-01
2.17437812e-07,1.98503125e-01
2.17477812e-07,1.98496875e-01
2.17517812e-07,1.98503125e-01
2.17557812e-07,1.98496875e-01
2.17597812e-07,1.98503125e-01
2.17637812e-07,1.98496875e-01
2.17677812e-07,1.98503125e-01
2.17717812e-07,1.98496875e-01
2.17757812e-07,1.98503125e-01
2.17797812e-07,1.98496875e-01
2.17837812e-07,1.98503125e-01
2.17877812e-07,1.98496875e-01
2.17917812e-07,1.98503125e-01
2.17957812e-07,1.98496875e-01
2.17997812e-07,1.98503125e-01
2.18037812e-07,1.98496875e-01
2.18077812e-07,1.98503125e-01
2.18117812e-07,1.98496875e-01
2.18157812e-07,1.98503125e-01
2.18197812e-07,1.98496875e-01
2.18237812e-07,1.98503125e-01
2.18277812e-07,1.98496875e-01
2.18317812e-07,1.98503125e-01
2.18357812e-07,1.98496875e-01
2.18397812e-07,1.98503125e-01
2.18437812e-07,1.98496875e-01
2.18477812e-07,1.98501563e-01
2.18517812e-07,1.98498438e-01
2.18557812e-07,1.98500000e-01
2.18597812e-07,1.98500000e-01
2.18637812e-07,1.98498438e-01
2.18677812e-07,1.98504687e-01
2.18717812e-07,1.98490625e-01
2.18757812e-07,1.98518750e-01
2.18797812e-07,1.98457812e-01
2.18837812e-07,1.98695312e-01
2.18877812e-07,1.98968750e-01
2.18917812e-07,1.98854688e-01
2.18957812e-07,1.98937500e-01
2.18997812e-07,1.98865625e-01
2.19037812e-07,1.98932813e-01
2.19077812e-07,1.98867188e-01
2.19117812e-07,1.98935937e-01
2.19157812e-07,1.98859375e-01
2.19197812e-07,1.98950000e-01
2.19237812e-07,1.98825000e-01
2.19277812e-07,1.99128125e-01
2.19317812e-07,1.99332813e-01
2.19357812e-07,1.99292187e-01
2.19397812e-07,1.99295313e-01
2.19437812e-07,1.99312500e-01
2.19477812e-07,1.99279687e-01
2.19517812e-07,1.99332813e-01
2.19557812e-07,1.99240625e-01
2.19597812e-07,1.99514063e-01
2.19637812e-07,1.99745312e-01
2.19677812e-07,1.99679688e-01
2.19717812e-07,1.99707812e-01
2.19757812e-07,1.99700000e-01
2.19797812e-07,1.99690625e-01
2.19837812e-07,1.99721875e-01
2.19877812e-07,1.99651563e-01
2.19917812e-07,1.99903125e-01
2.19957812e-07,2.00159375e-01
2.19997812e-07,2.00065625e-01
2.20037812e-07,2.00123438e-01
2.20077812e-07,2.00081250e-01
2.20117812e-07,2.00114063e-01
2.20157812e-07,2.00089062e-01
2.20197812e-07,2.00109375e-01
2.20237812e-07,2.00092188e-01
2.20277812e-07,2.00106250e-01
2.20317812e-07,2.00095313e-01
2.20357812e-07,2.00104688e-01
2.20397812e-07,2.00096875e-01
2.20437812e-07,2.00101562e-01
2.20477812e-07,2.00098438e-01
2.20517812e-07,2.00100000e-01
2.20557812e-07,2.00101562e-01
2.20597812e-07,2.00096875e-01
2.20637812e-07,2.00104688e-01
2.20677812e-07,2.00092188e-01
2.20717812e-07,2.00112500e-01
2.20757812e-07,2.00078125e-01
2.20797812e-07,2.00146875e-01
2.20837812e-07,1.99901563e-01
2.20877812e-07,1.99635937e-01
2.20917812e-07,1.99742188e-01
2.20957812e-07,1.99664063e-01
2.20997812e-07,1.99735938e-01
2.21037812e-07,1.99656250e-01
2.21077812e-07,1.99765625e-01
2.21117812e-07,1.99481250e-01
2.21157812e-07,1.99256250e-01
2.21197812e-07,1.99320313e-01
2.21237812e-07,1.99292187e-01
2.21277812e-07,1.99295313e-01
2.21317812e-07,1.99329688e-01
2.21357812e-07,1.99118750e-01
2.21397812e-07,1.98817187e-01
2.21437812e-07,1.98965625e-01
2.21477812e-07,1.98834375e-01
2.21517812e-07,1.98987500e-01
2.21557812e-07,1.98660937e-01
2.21597812e-07,1.98478125e-01
2.21637812e-07,1.98496875e-01
2.21677812e-07,1.98517187e-01
2.21717812e-07,1.98467188e-01
2.21757812e-07,1.98560938e-01
2.21797812e-07,1.98282813e-01
2.21837812e-07,1.98059375e-01
2.21877812e-07,1.98112500e-01
2.21917812e-07,1.98103125e-01
2.21957812e-07,1.98081250e-01
2.21997812e-07,1.98146875e-01
2.22037812e-07,1.97896875e-01
2.22077812e-07,1.97643750e-01
2.22117812e-07,1.97728125e-01
2.22157812e-07,1.97684375e-01
2.22197812e-07,1.97706250e-01
2.22237812e-07,1.97701563e-01
2.22277812e-07,1.97684375e-01
2.22317812e-07,1.97742187e-01
2.22357812e-07,1.97503125e-01
2.22397812e-07,1.97237500e-01
2.22437812e-07,1.97337500e-01
2.22477812e-07,1.97273438e-01
2.22517812e-07,1.97318750e-01
2.22557812e-07,1.97287500e-01
2.22597812e-07,1.97307813e-01
2.22637812e-07,1.97300000e-01
2.22677812e-07,1.97289063e-01
2.22717812e-07,1.97337500e-01
2.22757812e-07,1.97109375e-01
2.22797812e-07,1.96829688e-01
2.22837812e-07,1.96945312e-01
2.22877812e-07,1.96864062e-01
2.22917812e-07,1.96929688e-01
2.22957812e-07,1.96873437e-01
2.22997812e-07,1.96925000e-01
2.23037812e-07,1.96878125e-01
2.23077812e-07,1.96920312e-01
2.23117812e-07,1.96879688e-01
2.23157812e-07,1.96918750e-01
2.23197812e-07,1.96881250e-01
2.23237812e-07,1.96917188e-01
2.23277812e-07,1.96882813e-01
2.23317812e-07,1.96915625e-01
2.23357812e-07,1.96884375e-01
2.23397812e-07,1.96915625e-01
2.23437812e-07,1.96884375e-01
2.23477812e-07,1.96914063e-01
2.23517812e-07,1.96885937e-01
2.23557812e-07,1.96914063e-01
2.23597812e-07,1.96885937e-01
2.23637812e-07,1.96914063e-01
2.23677812e-07,1.96885937e-01
2.23717812e-07,1.96914063e-01
2.23757812e-07,1.96885937e-01
2.23797812e-07,1.96914063e-01
2.23837812e-07,1.96885937e-01
2.23877812e-07,1.96914063e-01
2.23917812e-07,1.96885937e-01
2.23957812e-07,1.96914063e-01
2.23997812e-07,1.96885937e-01
2.24037812e-07,1.96914063e-01
2.24077812e-07,1.96885937e-01
2.24117812e-07,1.96914063e-01
2.24157812e-07,1.96885937e-01
2.24197812e-07,1.96914063e-01
2.24237812e-07,1.96885937e-01
2.24277812e-07,1.96914063e-01
2.24317812e-07,1.96884375e-01
2.24357812e-07,1.96915625e-01
2.24397812e-07,1.96884375e-01
2.24437812e-07,1.96915625e-01
2.24477812e-07,1.96882813e-01
2.24517812e-07,1.96918750e-01
2.24557812e-07,1.96881250e-01
2.24597812e-07,1.96920312e-01
2.24637812e-07,1.96876563e-01
2.24677812e-07,1.96926563e-01
2.24717812e-07,1.96868750e-01
2.24757812e-07,1.96940625e-01
2.24797812e-07,1.96834375e-01
2.24837812e-07,1.97118750e-01
2.24877812e-07,1.97342188e-01
2.24917812e-07,1.97281250e-01
2.24957812e-07,1.97309375e-01
2.24997812e-07,1.97296875e-01
2.25037812e-07,1.97300000e-01
2.25077812e-07,1.97303125e-01
2.25117812e-07,1.97295313e-01
2.25157812e-07,1.97306250e-01
2.25197812e-07,1.97290625e-01
2.25237812e-07,1.97310938e-01
2.25277812e-07,1.97285938e-01
2.25317812e-07,1.97317188e-01
2.25357812e-07,1.97278125e-01
2.25397812e-07,1.97332813e-01
2.25437812e-07,1.97242187e-01
2.25477812e-07,1.97510938e-01
2.25517812e-07,1.97751563e-01
2.25557812e-07,1.97673437e-01
2.25597812e-07,1.97717188e-01
2.25637812e-07,1.97687500e-01
2.25677812e-07,1.97709375e-01
2.25717812e-07,1.97693750e-01
2.25757812e-07,1.97704688e-01
2.25797812e-07,1.97696875e-01
2.25837812e-07,1.97703125e-01
2.25877812e-07,1.97698438e-01
2.25917812e-07,1.97701563e-01
2.25957812e-07,1.97700000e-01
2.25997812e-07,1.97700000e-01
2.26037812e-07,1.97700000e-01
2.26077812e-07,1.97700000e-01
2.26117812e-07,1.97701563e-01
2.26157812e-07,1.97698438e-01
2.26197812e-07,1.97701563e-01
2.26237812e-07,1.97698438e-01
2.26277812e-07,1.97703125e-01
2.26317812e-07,1.97696875e-01
2.26357812e-07,1.97703125e-01
2.26397812e-07,1.97696875e-01
2.26437812e-07,1.97703125e-01
2.26477812e-07,1.97696875e-01
2.26517812e-07,1.97704688e-01
2.26557812e-07,1.97695312e-01
2.26597812e-07,1.97704688e-01
2.26637812e-07,1.97695312e-01
2.26677812e-07,1.97706250e-01
2.26717812e-07,1.97693750e-01
2.26757812e-07,1.97706250e-01
2.26797812e-07,1.97693750e-01
2.26837812e-07,1.97707812e-01
2.26877812e-07,1.97692188e-01
2.26917812e-07,1.97709375e-01
2.26957812e-07,1.97690625e-01
2.26997812e-07,1.97710938e-01
2.27037812e-07,1.97687500e-01
2.27077812e-07,1.97714063e-01
2.27117812e-07,1.97684375e-01
2.27157812e-07,1.97718750e-01
2.27197812e-07,1.97676563e-01
2.27237812e-07,1.97734375e-01
2.27277812e-07,1.97640625e-01
2.27317812e-07,1.97912500e-01
2.27357812e-07,1.98150000e-01
2.27397812e-07,1.98075000e-01
2.27437812e-07,1.98115625e-01
2.27477812e-07,1.98089062e-01
2.27517812e-07,1.98106250e-01
2.27557812e-07,1.98095313e-01
2.27597812e-07,1.98101562e-01
2.27637812e-07,1.98100000e-01
2.27677812e-07,1.98098438e-01
2.27717812e-07,1.98103125e-01
2.27757812e-07,1.98093750e-01
2.27797812e-07,1.98109375e-01
2.27837812e-07,1.98084375e-01
2.27877812e-07,1.98125000e-01
2.27917812e-07,1.98050000e-01
2.27957812e-07,1.98303125e-01
2.27997812e-07,1.98559375e-01
2.28037812e-07,1.98464063e-01
2.28077812e-07,1.98526563e-01
2.28117812e-07,1.98478125e-01
2.28157812e-07,1.98520313e-01
2.28197812e-07,1.98481250e-01
2.28237812e-07,1.98518750e-01
2.28277812e-07,1.98481250e-01
2.28317812e-07,1.98521875e-01
2.28357812e-07,1.98475000e-01
2.28397812e-07,1.98534375e-01
2.28437812e-07,1.98442188e-01
2.28477812e-07,1.98710938e-01
2.28517812e-07,1.98951563e-01
2.28557812e-07,1.98871875e-01
2.28597812e-07,1.98920313e-01
2.28637812e-07,1.98884375e-01
2.28677812e-07,1.98912500e-01
2.28717812e-07,1.98889063e-01
2.28757812e-07,1.98910937e-01
2.28797812e-07,1.98890625e-01
2.28837812e-07,1.98909375e-01
2.28877812e-07,1.98890625e-01
2.28917812e-07,1.98909375e-01
2.28957812e-07,1.98890625e-01
2.28997812e-07,1.98910937e-01
2.29037812e-07,1.98889063e-01
2.29077812e-07,1.98912500e-01
2.29117812e-07,1.98885937e-01
2.29157812e-07,1.98915625e-01
2.29197812e-07,1.98881250e-01
2.29237812e-07,1.98923438e-01
2.29277812e-07,1.98865625e-01
2.29317812e-07,1.98959375e-01
2.29357812e-07,1.98687500e-01
2.29397812e-07,1.98450000e-01
2.29437812e-07,1.98526563e-01
2.29477812e-07,1.98484375e-01
2.29517812e-07,1.98510938e-01
2.29557812e-07,1.98492188e-01
2.29597812e-07,1.98504687e-01
2.29637812e-07,1.98496875e-01
2.29677812e-07,1.98501563e-01
2.29717812e-07,1.98501563e-01
2.29757812e-07,1.98496875e-01
2.29797812e-07,1.98504687e-01
2.29837812e-07,1.98490625e-01
2.29877812e-07,1.98514063e-01
2.29917812e-07,1.98476563e-01
2.29957812e-07,1.98548438e-01
2.29997812e-07,1.98296875e-01
2.30037812e-07,1.98040625e-01
2.30077812e-07,1.98135937e-01
2.30117812e-07,1.98073438e-01
2.30157812e-07,1.98121875e-01
2.30197812e-07,1.98081250e-01
2.30237812e-07,1.98117188e-01
2.30277812e-07,1.98084375e-01
2.30317812e-07,1.98115625e-01
2.30357812e-07,1.98085938e-01
2.30397812e-07,1.98114063e-01
2.30437812e-07,1.98085938e-01
2.30477812e-07,1.98115625e-01
2.30517812e-07,1.98084375e-01
2.30557812e-07,1.98117188e-01
2.30597812e-07,1.98079688e-01
2.30637812e-07,1.98125000e-01
2.30677812e-07,1.98065625e-01
2.30717812e-07,1.98159375e-01
2.30757812e-07,1.97887500e-01
2.30797812e-07,1.97650000e-01
2.30837812e-07,1.97726563e-01
2.30877812e-07,1.97682812e-01
2.30917812e-07,1.97712500e-01
2.30957812e-07,1.97689063e-01
2.30997812e-07,1.97707812e-01
2.31037812e-07,1.97692188e-01
2.31077812e-07,1.97706250e-01
2.31117812e-07,1.97695312e-01
2.31157812e-07,1.97704688e-01
2.31197812e-07,1.97695312e-01
2.31237812e-07,1.97704688e-01
2.31277812e-07,1.97696875e-01
2.31317812e-07,1.97703125e-01
2.31357812e-07,1.97696875e-01
2.31397812e-07,1.97703125e-01
2.31437812e-07,1.97696875e-01
2.31477812e-07,1.97703125e-01
2.31517812e-07,1.97696875e-01
2.31557812e-07,1.97703125e-01
2.31597812e-07,1.97696875e-01
2.31637812e-07,1.97703125e-01
2.31677812e-07,1.97696875e-01
2.31717812e-07,1.97703125e-01
2.31757812e-07,1.97696875e-01
2.31797812e-07,1.97703125e-01
2.31837812e-07,1.97696875e-01
2.31877812e-07,1.97703125e-01
2.31917812e-07,1.97696875e-01
2.31957812e-07,1.97703125e-01
2.31997812e-07,1.97696875e-01
2.32037812e-07,1.97703125e-01
2.32077812e-07,1.97696875e-01
2.32117812e-07,1.97703125e-01
2.32157812e-07,1.97695312e-01
2.32197812e-07,1.97704688e-01
2.32237812e-07,1.97695312e-01
2.32277812e-07,1.97704688e-01
2.32317812e-07,1.97695312e-01
2.32357812e-07,1.97704688e-01
2.32397812e-07,1.97695312e-01
2.32437812e-07,1.97704688e-01
2.32477812e-07,1.97693750e-01
2.32517812e-07,1.97706250e-01
2.32557812e-07,1.97693750e-01
2.32597812e-07,1.97706250e-01
2.32637812e-07,1.97692188e-01
2.32677812e-07,1.97707812e-01
2.32717812e-07,1.97690625e-01
2.32757812e-07,1.97709375e-01
2.32797812e-07,1.97689063e-01
2.32837812e-07,1.97712500e-01
2.32877812e-07,1.97685938e-01
2.32917812e-07,1.97715625e-01
2.32957812e-07,1.97681250e-01
2.32997812e-07,1.97725000e-01
2.33037812e-07,1.97665625e-01
2.33077812e-07,1.97759375e-01
2.33117812e-07,1.97487500e-01
2.33157812e-07,1.97251563e-01
2.33197812e-07,1.97325000e-01
2.33237812e-07,1.97285938e-01
2.33277812e-07,1.97309375e-01
2.33317812e-07,1.97293750e-01
2.33357812e-07,1.97303125e-01
2.33397812e-07,1.97300000e-01
2.33437812e-07,1.97296875e-01
2.33477812e-07,1.97306250e-01
2.33517812e-07,1.97290625e-01
2.33557812e-07,1.97315625e-01
2.33597812e-07,1.97275000e-01
2.33637812e-07,1.97350000e-01
2.33677812e-07,1.97095313e-01
2.33717812e-07,1.96842188e-01
2.33757812e-07,1.96932812e-01
2.33797812e-07,1.96876563e-01
2.33837812e-07,1.96918750e-01
2.33877812e-07,1.96884375e-01
2.33917812e-07,1.96912500e-01
2.33957812e-07,1.96889063e-01
2.33997812e-07,1.96909375e-01
2.34037812e-07,1.96890625e-01
2.34077812e-07,1.96907813e-01
2.34117812e-07,1.96892188e-01
2.34157812e-07,1.96906250e-01
2.34197812e-07,1.96893750e-01
2.34237812e-07,1.96906250e-01
2.34277812e-07,1.96895313e-01
2.34317812e-07,1.96904688e-01
2.34357812e-07,1.96895313e-01
2.34397812e-07,1.96903125e-01
2.34437812e-07,1.96896875e-01
2.34477812e-07,1.96903125e-01
2.34517812e-07,1.96898438e-01
2.34557812e-07,1.96901563e-01
2.34597812e-07,1.96898438e-01
2.34637812e-07,1.96900000e-01
2.34677812e-07,1.96900000e-01
2.34717812e-07,1.96898438e-01
2.34757812e-07,1.96903125e-01
2.34797812e-07,1.96895313e-01
2.34837812e-07,1.96906250e-01
2.34877812e-07,1.96890625e-01
2.34917812e-07,1.96914063e-01
2.34957812e-07,1.96875000e-01
2.34997812e-07,1.96950000e-01
2.35037812e-07,1.96696875e-01
2.35077812e-07,1.96440625e-01
2.35117812e-07,1.96535938e-01
2.35157812e-07,1.96473438e-01
2.35197812e-07,1.96521875e-01
2.35237812e-07,1.96481250e-01
2.35277812e-07,1.96517187e-01
2.35317812e-07,1.96484375e-01
2.35357812e-07,1.96514063e-01
2.35397812e-07,1.96485938e-01
2.35437812e-07,1.96514063e-01
2.35477812e-07,1.96485938e-01
2.35517812e-07,1.96514063e-01
2.35557812e-07,1.96485938e-01
2.35597812e-07,1.96514063e-01
2.35637812e-07,1.96485938e-01
2.35677812e-07,1.96515625e-01
2.35717812e-07,1.96482812e-01
2.35757812e-07,1.96520313e-01
2.35797812e-07,1.96475000e-01
2.35837812e-07,1.96534375e-01
2.35877812e-07,1.96440625e-01
2.35917812e-07,1.96712500e-01
2.35957812e-07,1.96950000e-01
2.35997812e-07,1.96873437e-01
2.36037812e-07,1.96918750e-01
2.36077812e-07,1.96885937e-01
2.36117812e-07,1.96910937e-01
2.36157812e-07,1.96890625e-01
2.36197812e-07,1.96907813e-01
2.36237812e-07,1.96892188e-01
2.36277812e-07,1.96907813e-01
2.36317812e-07,1.96892188e-01
2.36357812e-07,1.96907813e-01
2.36397812e-07,1.96892188e-01
2.36437812e-07,1.96909375e-01
2.36477812e-07,1.96889063e-01
2.36517812e-07,1.96914063e-01
2.36557812e-07,1.96881250e-01
2.36597812e-07,1.96928125e-01
2.36637812e-07,1.96848438e-01
2.36677812e-07,1.97104688e-01
2.36717812e-07,1.97357813e-01
2.36757812e-07,1.97265625e-01
2.36797812e-07,1.97326562e-01
2.36837812e-07,1.97278125e-01
2.36877812e-07,1.97320313e-01
2.36917812e-07,1.97279688e-01
2.36957812e-07,1.97321875e-01
2.36997812e-07,1.97275000e-01
2.37037812e-07,1.97334375e-01
2.37077812e-07,1.97242187e-01
2.37117812e-07,1.97509375e-01
2.37157812e-07,1.97753125e-01
2.37197812e-07,1.97670313e-01
2.37237812e-07,1.97721875e-01
2.37277812e-07,1.97681250e-01
2.37317812e-07,1.97717188e-01
2.37357812e-07,1.97682812e-01
2.37397812e-07,1.97720312e-01
2.37437812e-07,1.97676563e-01
2.37477812e-07,1.97732813e-01
2.37517812e-07,1.97642188e-01
2.37557812e-07,1.97909375e-01
2.37597812e-07,1.98153125e-01
2.37637812e-07,1.98070313e-01
2.37677812e-07,1.98120313e-01
2.37717812e-07,1.98084375e-01
2.37757812e-07,1.98112500e-01
2.37797812e-07,1.98089062e-01
2.37837812e-07,1.98109375e-01
2.37877812e-07,1.98092188e-01
2.37917812e-07,1.98107813e-01
2.37957812e-07,1.98093750e-01
2.37997812e-07,1.98106250e-01
2.38037812e-07,1.98095313e-01
2.38077812e-07,1.98104688e-01
2.38117812e-07,1.98095313e-01
2.38157812e-07,1.98104688e-01
2.38197812e-07,1.98096875e-01
2.38237812e-07,1.98103125e-01
2.38277812e-07,1.98096875e-01
2.38317812e-07,1.98103125e-01
2.38357812e-07,1.98098438e-01
2.38397812e-07,1.98101562e-01
2.38437812e-07,1.98098438e-01
2.38477813e-07,1.98100000e-01
2.38517813e-07,1.98100000e-01
2.38557812e-07,1.98100000e-01
2.38597812e-07,1.98101562e-01
2.38637812e-07,1.98096875e-01
2.38677812e-07,1.98103125e-01
2.38717812e-07,1.98095313e-01
2.38757813e-07,1.98107813e-01
2.38797813e-07,1.98089062e-01
2.38837812e-07,1.98115625e-01
2.38877812e-07,1.98073438e-01
2.38917812e-07,1.98151563e-01
2.38957812e-07,1.97895313e-01
2.38997812e-07,1.97642188e-01
2.39037813e-07,1.97732813e-01
2.39077812e-07,1.97676563e-01
2.39117812e-07,1.97717188e-01
2.39157812e-07,1.97685938e-01
2.39197812e-07,1.97710938e-01
2.39237812e-07,1.97692188e-01
2.39277812e-07,1.97703125e-01
2.39317813e-07,1.97703125e-01
2.39357812e-07,1.97687500e-01
2.39397812e-07,1.97737500e-01
2.39437812e-07,1.97509375e-01
2.39477812e-07,1.97228125e-01
2.39517812e-07,1.97348438e-01
2.39557812e-07,1.97260938e-01
2.39597813e-07,1.97334375e-01
2.39637812e-07,1.97267187e-01
2.39677812e-07,1.97331250e-01
2.39717812e-07,1.97268750e-01
2.39757812e-07,1.97332813e-01
2.39797812e-07,1.97265625e-01
2.39837812e-07,1.97339062e-01
2.39877813e-07,1.97251563e-01
2.39917812e-07,1.97371875e-01
2.39957812e-07,1.97075000e-01
2.39997812e-07,1.96862500e-01
2.40037812e-07,1.96912500e-01
2.40077812e-07,1.96896875e-01
2.40117812e-07,1.96898438e-01
2.40157813e-07,1.96904688e-01
2.40197812e-07,1.96893750e-01
2.40237812e-07,1.96907813e-01
2.40277812e-07,1.96890625e-01
2.40317812e-07,1.96910937e-01
2.40357812e-07,1.96887500e-01
2.40397812e-07,1.96914063e-01
2.40437813e-07,1.96882813e-01
2.40477812e-07,1.96918750e-01
2.40517812e-07,1.96876563e-01
2.40557812e-07,1.96928125e-01
2.40597812e-07,1.96862500e-01
2.40637812e-07,1.96964063e-01
2.40677812e-07,1.96682812e-01
2.40717813e-07,1.96454688e-01
2.40757812e-07,1.96520313e-01
2.40797812e-07,1.96489063e-01
2.40837812e-07,1.96506250e-01
2.40877812e-07,1.96498438e-01
2.40917812e-07,1.96500000e-01
2.40957812e-07,1.96503125e-01
2.40997813e-07,1.96495313e-01
2.41037812e-07,1.96506250e-01
2.41077812e-07,1.96492187e-01
2.41117812e-07,1.96509375e-01
2.41157812e-07,1.96489063e-01
2.41197812e-07,1.96512500e-01
2.41237812e-07,1.96484375e-01
2.41277813e-07,1.96518750e-01
2.41317812e-07,1.96475000e-01
2.41357812e-07,1.96534375e-01
2.41397812e-07,1.96439063e-01
2.41437812e-07,1.96714063e-01
2.41477812e-07,1.96948438e-01
2.41517812e-07,1.96876563e-01
2.41557813e-07,1.96912500e-01
2.41597812e-07,1.96892188e-01
2.41637812e-07,1.96903125e-01
2.41677812e-07,1.96900000e-01
2.41717812e-07,1.96896875e-01
2.41757812e-07,1.96904688e-01
2.41797812e-07,1.96890625e-01
2.41837813e-07,1.96912500e-01
2.41877812e-07,1.96881250e-01
2.41917812e-07,1.96929688e-01
2.41957812e-07,1.96845313e-01
2.41997812e-07,1.97109375e-01
2.42037812e-07,1.97353125e-01
2.42077812e-07,1.97271875e-01
2.42117813e-07,1.97317188e-01
2.42157812e-07,1.97289063e-01
2.42197812e-07,1.97306250e-01
2.42237812e-07,1.97300000e-01
2.42277812e-07,1.97293750e-01
2.42317812e-07,1.97315625e-01
2.42357812e-07,1.97257813e-01
2.42397813e-07,1.97495313e-01
2.42437812e-07,1.97767187e-01
2.42477812e-07,1.97656250e-01
2.42517812e-07,1.97735938e-01
2.42557812e-07,1.97667188e-01
2.42597812e-07,1.97732813e-01
2.42637812e-07,1.97665625e-01
2.42677813e-07,1.97742187e-01
2.42717812e-07,1.97634375e-01
2.42757812e-07,1.97918750e-01
2.42797812e-07,1.98145313e-01
2.42837812e-07,1.98078125e-01
2.42877812e-07,1.98114063e-01
2.42917812e-07,1.98090625e-01
2.42957813e-07,1.98106250e-01
2.42997812e-07,1.98095313e-01
2.43037812e-07,1.98103125e-01
2.43077812e-07,1.98096875e-01
2.43117812e-07,1.98101562e-01
2.43157812e-07,1.98098438e-01
2.43197812e-07,1.98101562e-01
2.43237813e-07,1.98098438e-01
2.43277812e-07,1.98101562e-01
2.43317812e-07,1.98100000e-01
2.43357812e-07,1.98100000e-01
2.43397812e-07,1.98100000e-01
2.43437812e-07,1.98098438e-01
2.43477812e-07,1.98101562e-01
2.43517813e-07,1.98096875e-01
2.43557812e-07,1.98104688e-01
2.43597812e-07,1.98092188e-01
2.43637812e-07,1.98110938e-01
2.43677812e-07,1.98079688e-01
2.43717812e-07,1.98145313e-01
2.43757812e-07,1.97903125e-01
2.43797813e-07,1.97632813e-01
2.43837812e-07,1.97743750e-01
2.43877812e-07,1.97664063e-01
2.43917812e-07,1.97734375e-01
2.43957812e-07,1.97665625e-01
2.43997812e-07,1.97737500e-01
2.44037812e-07,1.97653125e-01
2.44077813e-07,1.97770313e-01
2.44117812e-07,1.97476563e-01
2.44157812e-07,1.97260938e-01
2.44197812e-07,1.97314062e-01
2.44237812e-07,1.97295313e-01
2.44277812e-07,1.97298438e-01
2.44317812e-07,1.97306250e-01
2.44357813e-07,1.97287500e-01
2.44397812e-07,1.97318750e-01
2.44437812e-07,1.97270313e-01
2.44477812e-07,1.97354688e-01
2.44517812e-07,1.97090625e-01
2.44557812e-07,1.96846875e-01
2.44597812e-07,1.96928125e-01
2.44637813e-07,1.96881250e-01
2.44677812e-07,1.96914063e-01
2.44717812e-07,1.96890625e-01
2.44757812e-07,1.96907813e-01
2.44797812e-07,1.96893750e-01
2.44837812e-07,1.96904688e-01
2.44877812e-07,1.96896875e-01
2.44917813e-07,1.96901563e-01
2.44957812e-07,1.96900000e-01
2.44997812e-07,1.96900000e-01
2.45037812e-07,1.96901563e-01
2.45077812e-07,1.96896875e-01
2.45117812e-07,1.96903125e-01
2.45157812e-07,1.96895313e-01
2.45197813e-07,1.96906250e-01
2.45237812e-07,1.96892188e-01
2.45277812e-07,1.96909375e-01
2.45317812e-07,1.96887500e-01
2.45357812e-07,1.96915625e-01
2.45397812e-07,1.96878125e-01
2.45437812e-07,1.96932812e-01
2.45477813e-07,1.96842188e-01
2.45517812e-07,1.97110937e-01
2.45557812e-07,1.97350000e-01
2.45597812e-07,1.97275000e-01
2.45637812e-07,1.97314062e-01
2.45677812e-07,1.97292187e-01
2.45717812e-07,1.97301562e-01
2.45757813e-07,1.97303125e-01
2.45797812e-07,1.97289063e-01
2.45837812e-07,1.97321875e-01
2.45877812e-07,1.97251563e-01
2.45917812e-07,1.97503125e-01
2.45957812e-07,1.97757813e-01
2.45997812e-07,1.97667188e-01
2.46037813e-07,1.97720312e-01
2.46077812e-07,1.97687500e-01
2.46117812e-07,1.97704688e-01
2.46157812e-07,1.97707812e-01
2.46197812e-07,1.97667188e-01
2.46237812e-07,1.97887500e-01
2.46277813e-07,1.98175000e-01
2.46317813e-07,1.98050000e-01
2.46357812e-07,1.98142188e-01
2.46397812e-07,1.98062500e-01
2.46437812e-07,1.98135937e-01
2.46477812e-07,1.98065625e-01
2.46517812e-07,1.98135937e-01
2.46557813e-07,1.98059375e-01
2.46597813e-07,1.98148437e-01
2.46637812e-07,1.98026563e-01
2.46677812e-07,1.98325000e-01
2.46717812e-07,1.98537500e-01
2.46757812e-07,1.98485938e-01
2.46797812e-07,1.98504687e-01
2.46837813e-07,1.98500000e-01
2.46877813e-07,1.98495313e-01
2.46917812e-07,1.98506250e-01
2.46957812e-07,1.98492188e-01
2.46997812e-07,1.98510938e-01
2.47037812e-07,1.98487500e-01
2.47077812e-07,1.98515625e-01
2.47117813e-07,1.98481250e-01
2.47157813e-07,1.98523438e-01
2.47197812e-07,1.98465625e-01
2.47237812e-07,1.98559375e-01
2.47277812e-07,1.98287500e-01
2.47317812e-07,1.98051563e-01
2.47357812e-07,1.98125000e-01
2.47397813e-07,1.98085938e-01
2.47437813e-07,1.98107813e-01
2.47477812e-07,1.98095313e-01
2.47517812e-07,1.98101562e-01
2.47557812e-07,1.98101562e-01
2.47597812e-07,1.98093750e-01
2.47637812e-07,1.98112500e-01
2.47677813e-07,1.98078125e-01
2.47717813e-07,1.98146875e-01
2.47757812e-07,1.97900000e-01
2.47797812e-07,1.97639063e-01
2.47837812e-07,1.97737500e-01
2.47877812e-07,1.97671875e-01
2.47917812e-07,1.97723438e-01
2.47957813e-07,1.97678125e-01
2.47997813e-07,1.97720312e-01
2.48037812e-07,1.97679688e-01
2.48077812e-07,1.97720312e-01
2.48117812e-07,1.97678125e-01
2.48157812e-07,1.97726563e-01
2.48197812e-07,1.97665625e-01
2.48237813e-07,1.97759375e-01
2.48277813e-07,1.97489063e-01
2.48317812e-07,1.97246875e-01
2.48357812e-07,1.97331250e-01
2.48397812e-07,1.97276563e-01
2.48437812e-07,1.97321875e-01
2.48477812e-07,1.97276563e-01
2.48517813e-07,1.97331250e-01
2.48557813e-07,1.97245313e-01
2.48597812e-07,1.97506250e-01
2.48637812e-07,1.97757813e-01
2.48677812e-07,1.97665625e-01
2.48717812e-07,1.97725000e-01
2.48757812e-07,1.97678125e-01
2.48797813e-07,1.97720312e-01
2.48837813e-07,1.97681250e-01
2.48877812e-07,1.97718750e-01
2.48917812e-07,1.97681250e-01
2.48957812e-07,1.97720312e-01
2.48997812e-07,1.97678125e-01
2.49037812e-07,1.97723438e-01
2.49077813e-07,1.97670313e-01
2.49117813e-07,1.97739063e-01
2.49157812e-07,1.97635937e-01
2.49197812e-07,1.97917188e-01
2.49237812e-07,1.98145313e-01
2.49277812e-07,1.98078125e-01
2.49317812e-07,1.98112500e-01
2.49357813e-07,1.98093750e-01
2.49397813e-07,1.98103125e-01
2.49437812e-07,1.98098438e-01
2.49477812e-07,1.98098438e-01
2.49517812e-07,1.98103125e-01
2.49557812e-07,1.98095313e-01
2.49597812e-07,1.98106250e-01
2.49637813e-07,1.98092188e-01
2.49677813e-07,1.98109375e-01
2.49717812e-07,1.98087500e-01
2.49757812e-07,1.98115625e-01
2.49797812e-07,1.98078125e-01
2.49837812e-07,1.98132813e-01
2.49877812e-07,1.98042188e-01
2.49917813e-07,1.98310938e-01
2.49957813e-07,1.98550000e-01
2.49997812e-07,1.98475000e-01
2.50037812e-07,1.98515625e-01
2.50077812e-07,1.98490625e-01
2.50117812e-07,1.98504687e-01
2.50157812e-07,1.98500000e-01
2.50197813e-07,1.98495313e-01
2.50237813e-07,1.98510938e-01
2.50277812e-07,1.98478125e-01
2.50317812e-07,1.98546875e-01
2.50357812e-07,1.98298438e-01
2.50397812e-07,1.98039063e-01
2.50437812e-07,1.98135937e-01
2.50477813e-07,1.98073438e-01
2.50517813e-07,1.98121875e-01
2.50557812e-07,1.98082813e-01
2.50597812e-07,1.98115625e-01
2.50637812e-07,1.98085938e-01
2.50677812e-07,1.98112500e-01
2.50717812e-07,1.98089062e-01
2.50757813e-07,1.98110938e-01
2.50797813e-07,1.98090625e-01
2.50837812e-07,1.98109375e-01
2.50877812e-07,1.98092188e-01
2.50917812e-07,1.98107813e-01
2.50957812e-07,1.98092188e-01
2.50997812e-07,1.98106250e-01
2.51037813e-07,1.98093750e-01
2.51077813e-07,1.98106250e-01
2.51117812e-07,1.98093750e-01
2.51157812e-07,1.98106250e-01
2.51197812e-07,1.98095313e-01
2.51237812e-07,1.98104688e-01
2.51277812e-07,1.98095313e-01
2.51317813e-07,1.98104688e-01
2.51357813e-07,1.98095313e-01
2.51397812e-07,1.98104688e-01
2.51437812e-07,1.98095313e-01
2.51477812e-07,1.98103125e-01
2.51517812e-07,1.98096875e-01
2.51557812e-07,1.98103125e-01
2.51597813e-07,1.98096875e-01
2.51637813e-07,1.98103125e-01
2.51677812e-07,1.98096875e-01
2.51717812e-07,1.98103125e-01
2.51757812e-07,1.98098438e-01
2.51797812e-07,1.98101562e-01
2.51837812e-07,1.98098438e-01
2.51877813e-07,1.98101562e-01
2.51917813e-07,1.98098438e-01
2.51957812e-07,1.98101562e-01
2.51997812e-07,1.98100000e-01
2.52037812e-07,1.98100000e-01
2.52077812e-07,1.98100000e-01
2.52117812e-07,1.98098438e-01
2.52157813e-07,1.98101562e-01
2.52197813e-07,1.98096875e-01
2.52237812e-07,1.98103125e-01
2.52277812e-07,1.98095313e-01
2.52317812e-07,1.98107813e-01
2.52357812e-07,1.98089062e-01
2.52397812e-07,1.98115625e-01
2.52437813e-07,1.98075000e-01
2.52477813e-07,1.98150000e-01
2.52517812e-07,1.97896875e-01
2.52557812e-07,1.97640625e-01
2.52597812e-07,1.97735938e-01
2.52637812e-07,1.97673437e-01
2.52677812e-07,1.97721875e-01
2.52717813e-07,1.97681250e-01
2.52757813e-07,1.97717188e-01
2.52797812e-07,1.97684375e-01
2.52837812e-07,1.97715625e-01
2.52877812e-07,1.97685938e-01
2.52917812e-07,1.97714063e-01
2.52957812e-07,1.97685938e-01
2.52997813e-07,1.97715625e-01
2.53037813e-07,1.97684375e-01
2.53077812e-07,1.97717188e-01
2.53117812e-07,1.97679688e-01
2.53157812e-07,1.97725000e-01
2.53197812e-07,1.97665625e-01
2.53237812e-07,1.97757813e-01
2.53277813e-07,1.97489063e-01
2.53317813e-07,1.97248438e-01
2.53357812e-07,1.97329688e-01
2.53397812e-07,1.97279688e-01
2.53437812e-07,1.97315625e-01
2.53477812e-07,1.97285938e-01
2.53517812e-07,1.97312500e-01
2.53557813e-07,1.97285938e-01
2.53597813e-07,1.97314062e-01
2.53637812e-07,1.97282813e-01
2.53677812e-07,1.97321875e-01
2.53717812e-07,1.97270313e-01
2.53757812e-07,1.97354688e-01
2.53797812e-07,1.97092188e-01
2.53837813e-07,1.96845313e-01
2.53877813e-07,1.96931250e-01
2.53917812e-07,1.96878125e-01
2.53957812e-07,1.96917188e-01
2.53997812e-07,1.96884375e-01
2.54037812e-07,1.96912500e-01
2.54077812e-07,1.96887500e-01
2.54117813e-07,1.96910937e-01
2.54157812e-07,1.96889063e-01
2.54197812e-07,1.96909375e-01
2.54237812e-07,1.96890625e-01
2.54277812e-07,1.96909375e-01
2.54317812e-07,1.96890625e-01
2.54357812e-07,1.96910937e-01
2.54397813e-07,1.96889063e-01
2.54437812e-07,1.96912500e-01
2.54477812e-07,1.96885937e-01
2.54517812e-07,1.96917188e-01
2.54557812e-07,1.96873437e-01
2.54597812e-07,1.96948438e-01
2.54637812e-07,1.96701563e-01
2.54677813e-07,1.96431250e-01
2.54717812e-07,1.96554688e-01
2.54757812e-07,1.96429688e-01
2.54797812e-07,1.96718750e-01
2.54837812e-07,1.96946875e-01
2.54877812e-07,1.96875000e-01
2.54917812e-07,1.96917188e-01
2.54957813e-07,1.96887500e-01
2.54997812e-07,1.96910937e-01
2.55037812e-07,1.96890625e-01
2.55077812e-07,1.96907813e-01
2.55117812e-07,1.96892188e-01
2.55157812e-07,1.96907813e-01
2.55197812e-07,1.96893750e-01
2.55237813e-07,1.96906250e-01
2.55277812e-07,1.96893750e-01
2.55317812e-07,1.96906250e-01
2.55357812e-07,1.96893750e-01
2.55397812e-07,1.96906250e-01
2.55437812e-07,1.96893750e-01
2.55477812e-07,1.96906250e-01
2.55517813e-07,1.96893750e-01
2.55557812e-07,1.96906250e-01
2.55597812e-07,1.96893750e-01
2.55637812e-07,1.96906250e-01
2.55677812e-07,1.96893750e-01
2.55717812e-07,1.96906250e-01
2.55757812e-07,1.96893750e-01
2.55797813e-07,1.96906250e-01
2.55837812e-07,1.96893750e-01
2.55877812e-07,1.96906250e-01
2.55917812e-07,1.96893750e-01
2.55957812e-07,1.96906250e-01
2.55997812e-07,1.96893750e-01
2.56037812e-07,1.96906250e-01
2.56077813e-07,1.96893750e-01
2.56117812e-07,1.96906250e-01
2.56157812e-07,1.96892188e-01
2.56197812e-07,1.96907813e-01
2.56237812e-07,1.96892188e-01
2.56277812e-07,1.96909375e-01
2.56317812e-07,1.96890625e-01
2.56357813e-07,1.96910937e-01
2.56397812e-07,1.96887500e-01
2.56437812e-07,1.96914063e-01
2.56477812e-07,1.96882813e-01
2.56517812e-07,1.96921875e-01
2.56557812e-07,1.96868750e-01
2.56597812e-07,1.96956250e-01
2.56637813e-07,1.96690625e-01
2.56677812e-07,1.96446875e-01
2.56717812e-07,1.96529687e-01
2.56757812e-07,1.96479687e-01
2.56797812e-07,1.96515625e-01
2.56837812e-07,1.96487500e-01
2.56877812e-07,1.96510938e-01
2.56917813e-07,1.96490625e-01
2.56957812e-07,1.96509375e-01
2.56997812e-07,1.96492187e-01
2.57037812e-07,1.96507813e-01
2.57077812e-07,1.96492187e-01
2.57117812e-07,1.96507813e-01
2.57157812e-07,1.96490625e-01
2.57197813e-07,1.96509375e-01
2.57237812e-07,1.96489063e-01
2.57277812e-07,1.96510938e-01
2.57317812e-07,1.96485938e-01
2.57357812e-07,1.96517187e-01
2.57397812e-07,1.96478125e-01
2.57437812e-07,1.96531250e-01
2.57477813e-07,1.96443750e-01
2.57517812e-07,1.96709375e-01
2.57557812e-07,1.96953125e-01
2.57597812e-07,1.96871875e-01
2.57637812e-07,1.96918750e-01
2.57677812e-07,1.96885937e-01
2.57717812e-07,1.96910937e-01
2.57757813e-07,1.96892188e-01
2.57797812e-07,1.96906250e-01
2.57837812e-07,1.96896875e-01
2.57877812e-07,1.96900000e-01
2.57917812e-07,1.96903125e-01
2.57957812e-07,1.96892188e-01
2.57997812e-07,1.96917188e-01
2.58037813e-07,1.96857813e-01
2.58077812e-07,1.97095313e-01
2.58117812e-07,1.97367188e-01
2.58157812e-07,1.97254687e-01
2.58197812e-07,1.97335938e-01
2.58237812e-07,1.97267187e-01
2.58277812e-07,1.97332813e-01
2.58317813e-07,1.97264063e-01
2.58357812e-07,1.97343750e-01
2.58397812e-07,1.97232813e-01
2.58437812e-07,1.97518750e-01
2.58477812e-07,1.97745312e-01
2.58517812e-07,1.97676563e-01
2.58557812e-07,1.97715625e-01
2.58597813e-07,1.97687500e-01
2.58637812e-07,1.97712500e-01
2.58677812e-07,1.97684375e-01
2.58717812e-07,1.97723438e-01
2.58757812e-07,1.97653125e-01
2.58797812e-07,1.97900000e-01
2.58837812e-07,1.98164063e-01
2.58877813e-07,1.98059375e-01
2.58917812e-07,1.98132813e-01
2.58957812e-07,1.98070313e-01
2.58997812e-07,1.98128125e-01
2.59037812e-07,1.98071875e-01
2.59077812e-07,1.98131250e-01
2.59117812e-07,1.98065625e-01
2.59157813e-07,1.98143750e-01
2.59197812e-07,1.98031250e-01
2.59237812e-07,1.98321875e-01
2.59277812e-07,1.98540625e-01
2.59317812e-07,1.98482812e-01
2.59357812e-07,1.98507813e-01
2.59397812e-07,1.98496875e-01
2.59437813e-07,1.98500000e-01
2.59477812e-07,1.98503125e-01
2.59517812e-07,1.98495313e-01
2.59557812e-07,1.98506250e-01
2.59597812e-07,1.98492188e-01
2.59637812e-07,1.98509375e-01
2.59677812e-07,1.98489063e-01
2.59717813e-07,1.98512500e-01
2.59757812e-07,1.98484375e-01
2.59797812e-07,1.98518750e-01
2.59837812e-07,1.98476563e-01
2.59877812e-07,1.98532813e-01
2.59917812e-07,1.98440625e-01
2.59957812e-07,1.98712500e-01
2.59997813e-07,1.98950000e-01
2.60037812e-07,1.98873437e-01
2.60077812e-07,1.98917188e-01
2.60117812e-07,1.98889063e-01
2.60157812e-07,1.98907813e-01
2.60197812e-07,1.98893750e-01
2.60237812e-07,1.98904688e-01
2.60277813e-07,1.98896875e-01
2.60317812e-07,1.98901563e-01
2.60357812e-07,1.98898437e-01
2.60397812e-07,1.98900000e-01
2.60437812e-07,1.98900000e-01
2.60477812e-07,1.98900000e-01
2.60517812e-07,1.98901563e-01
2.60557813e-07,1.98898437e-01
2.60597812e-07,1.98901563e-01
2.60637812e-07,1.98898437e-01
2.60677812e-07,1.98903125e-01
2.60717812e-07,1.98896875e-01
2.60757812e-07,1.98903125e-01
2.60797812e-07,1.98896875e-01
2.60837813e-07,1.98904688e-01
2.60877812e-07,1.98895313e-01
2.60917812e-07,1.98904688e-01
2.60957812e-07,1.98895313e-01
2.60997812e-07,1.98906250e-01
2.61037812e-07,1.98893750e-01
2.61077812e-07,1.98906250e-01
2.61117813e-07,1.98893750e-01
2.61157812e-07,1.98907813e-01
2.61197812e-07,1.98892188e-01
2.61237812e-07,1.98907813e-01
2.61277812e-07,1.98890625e-01
2.61317812e-07,1.98909375e-01
2.61357812e-07,1.98889063e-01
2.61397813e-07,1.98910937e-01
2.61437812e-07,1.98887500e-01
2.61477812e-07,1.98914063e-01
2.61517812e-07,1.98884375e-01
2.61557812e-07,1.98917188e-01
2.61597812e-07,1.98878125e-01
2.61637812e-07,1.98926563e-01
2.61677813e-07,1.98864062e-01
2.61717812e-07,1.98962500e-01
2.61757812e-07,1.98684375e-01
2.61797812e-07,1.98453125e-01
2.61837812e-07,1.98521875e-01
2.61877812e-07,1.98487500e-01
2.61917812e-07,1.98506250e-01
2.61957813e-07,1.98496875e-01
2.61997812e-07,1.98500000e-01
2.62037812e-07,1.98501563e-01
2.62077812e-07,1.98495313e-01
2.62117812e-07,1.98506250e-01
2.62157812e-07,1.98490625e-01
2.62197812e-07,1.98512500e-01
2.62237813e-07,1.98484375e-01
2.62277812e-07,1.98521875e-01
2.62317812e-07,1.98468750e-01
2.62357812e-07,1.98557813e-01
2.62397812e-07,1.98289063e-01
2.62437812e-07,1.98050000e-01
2.62477812e-07,1.98125000e-01
2.62517813e-07,1.98084375e-01
2.62557812e-07,1.98109375e-01
2.62597812e-07,1.98095313e-01
2.62637812e-07,1.98100000e-01
2.62677812e-07,1.98103125e-01
2.62717812e-07,1.98092188e-01
2.62757812e-07,1.98114063e-01
2.62797813e-07,1.98075000e-01
2.62837812e-07,1.98150000e-01
2.62877812e-07,1.97895313e-01
2.62917812e-07,1.97642188e-01
2.62957812e-07,1.97732813e-01
2.62997812e-07,1.97676563e-01
2.63037812e-07,1.97717188e-01
2.63077813e-07,1.97685938e-01
2.63117812e-07,1.97710938e-01
2.63157812e-07,1.97690625e-01
2.63197812e-07,1.97707812e-01
2.63237812e-07,1.97693750e-01
2.63277812e-07,1.97704688e-01
2.63317813e-07,1.97695312e-01
2.63357813e-07,1.97703125e-01
2.63397812e-07,1.97698438e-01
2.63437812e-07,1.97700000e-01
2.63477812e-07,1.97701563e-01
2.63517812e-07,1.97696875e-01
2.63557812e-07,1.97704688e-01
2.63597813e-07,1.97692188e-01
2.63637813e-07,1.97710938e-01
2.63677812e-07,1.97682812e-01
2.63717812e-07,1.97726563e-01
2.63757812e-07,1.97648437e-01
2.63797812e-07,1.97906250e-01
2.63837812e-07,1.98156250e-01
2.63877813e-07,1.98068750e-01
2.63917813e-07,1.98121875e-01
2.63957812e-07,1.98084375e-01
2.63997812e-07,1.98110938e-01
2.64037812e-07,1.98092188e-01
2.64077812e-07,1.98103125e-01
2.64117812e-07,1.98100000e-01
2.64157813e-07,1.98093750e-01
2.64197813e-07,1.98117188e-01
2.64237812e-07,1.98057813e-01
2.64277812e-07,1.98295313e-01
2.64317812e-07,1.98565625e-01
2.64357812e-07,1.98457812e-01
2.64397812e-07,1.98531250e-01
2.64437813e-07,1.98473438e-01
2.64477813e-07,1.98523438e-01
2.64517812e-07,1.98478125e-01
2.64557812e-07,1.98520313e-01
2.64597812e-07,1.98481250e-01
2.64637812e-07,1.98517187e-01
2.64677812e-07,1.98482812e-01
2.64717813e-07,1.98517187e-01
2.64757813e-07,1.98484375e-01
2.64797812e-07,1.98515625e-01
2.64837812e-07,1.98484375e-01
2.64877812e-07,1.98515625e-01
2.64917812e-07,1.98484375e-01
2.64957812e-07,1.98517187e-01
2.64997813e-07,1.98482812e-01
2.65037813e-07,1.98517187e-01
2.65077812e-07,1.98481250e-01
2.65117812e-07,1.98520313e-01
2.65157812e-07,1.98476563e-01
2.65197812e-07,1.98528125e-01
2.65237812e-07,1.98462500e-01
2.65277813e-07,1.98562500e-01
2.65317813e-07,1.98284375e-01
2.65357812e-07,1.98053125e-01
2.65397812e-07,1.98123437e-01
2.65437812e-07,1.98085938e-01
2.65477812e-07,1.98109375e-01
2.65517812e-07,1.98093750e-01
2.65557813e-07,1.98103125e-01
2.65597813e-07,1.98096875e-01
2.65637812e-07,1.98101562e-01
2.65677812e-07,1.98100000e-01
2.65717812e-07,1.98100000e-01
2.65757812e-07,1.98100000e-01
2.65797812e-07,1.98098438e-01
2.65837813e-07,1.98101562e-01
2.65877813e-07,1.98098438e-01
2.65917812e-07,1.98101562e-01
2.65957812e-07,1.98098438e-01
2.65997812e-07,1.98103125e-01
2.66037812e-07,1.98096875e-01
2.66077812e-07,1.98103125e-01
2.66117813e-07,1.98096875e-01
2.66157813e-07,1.98103125e-01
2.66197812e-07,1.98096875e-01
2.66237812e-07,1.98104688e-01
2.66277812e-07,1.98095313e-01
2.66317812e-07,1.98104688e-01
2.66357812e-07,1.98095313e-01
2.66397813e-07,1.98106250e-01
2.66437813e-07,1.98093750e-01
2.66477812e-07,1.98107813e-01
2.66517812e-07,1.98092188e-01
2.66557812e-07,1.98109375e-01
2.66597812e-07,1.98089062e-01
2.66637812e-07,1.98114063e-01
2.66677813e-07,1.98081250e-01
2.66717813e-07,1.98128125e-01
2.66757812e-07,1.98046875e-01
2.66797812e-07,1.98306250e-01
2.66837812e-07,1.98556250e-01
2.66877812e-07,1.98467188e-01
2.66917812e-07,1.98525000e-01
2.66957813e-07,1.98479688e-01
2.66997813e-07,1.98518750e-01
2.67037812e-07,1.98482812e-01
2.67077812e-07,1.98517187e-01
2.67117812e-07,1.98481250e-01
2.67157812e-07,1.98520313e-01
2.67197812e-07,1.98475000e-01
2.67237813e-07,1.98534375e-01
2.67277813e-07,1.98442188e-01
2.67317812e-07,1.98710938e-01
2.67357812e-07,1.98951563e-01
2.67397812e-07,1.98871875e-01
2.67437812e-07,1.98918750e-01
2.67477812e-07,1.98885937e-01
2.67517813e-07,1.98910937e-01
2.67557813e-07,1.98890625e-01
2.67597812e-07,1.98907813e-01
2.67637812e-07,1.98892188e-01
2.67677812e-07,1.98906250e-01
2.67717812e-07,1.98893750e-01
2.67757812e-07,1.98904688e-01
2.67797813e-07,1.98895313e-01
2.67837813e-07,1.98904688e-01
2.67877812e-07,1.98895313e-01
2.67917812e-07,1.98904688e-01
2.67957812e-07,1.98895313e-01
2.67997812e-07,1.98903125e-01
2.68037812e-07,1.98896875e-01
2.68077813e-07,1.98903125e-01
2.68117813e-07,1.98896875e-01
2.68157812e-07,1.98903125e-01
2.68197812e-07,1.98896875e-01
2.68237812e-07,1.98903125e-01
2.68277812e-07,1.98896875e-01
2.68317812e-07,1.98903125e-01
2.68357813e-07,1.98896875e-01
2.68397813e-07,1.98903125e-01
2.68437812e-07,1.98896875e-01
2.68477812e-07,1.98903125e-01
2.68517812e-07,1.98896875e-01
2.68557812e-07,1.98903125e-01
2.68597812e-07,1.98896875e-01
2.68637813e-07,1.98903125e-01
2.68677813e-07,1.98896875e-01
2.68717812e-07,1.98903125e-01
2.68757812e-07,1.98896875e-01
2.68797812e-07,1.98903125e-01
2.68837812e-07,1.98896875e-01
2.68877812e-07,1.98903125e-01
2.68917813e-07,1.98896875e-01
2.68957813e-07,1.98903125e-01
2.68997812e-07,1.98896875e-01
2.69037812e-07,1.98903125e-01
2.69077812e-07,1.98896875e-01
2.69117812e-07,1.98903125e-01
2.69157812e-07,1.98896875e-01
2.69197813e-07,1.98903125e-01
2.69237813e-07,1.98896875e-01
2.69277812e-07,1.98903125e-01
2.69317812e-07,1.98896875e-01
2.69357812e-07,1.98903125e-01
2.69397812e-07,1.98896875e-01
2.69437812e-07,1.98903125e-01
2.69477813e-07,1.98896875e-01
2.69517812e-07,1.98903125e-01
2.69557812e-07,1.98896875e-01
2.69597812e-07,1.98903125e-01
2.69637812e-07,1.98896875e-01
2.69677812e-07,1.98903125e-01
2.69717812e-07,1.98896875e-01
2.69757813e-07,1.98903125e-01
2.69797812e-07,1.98896875e-01
2.69837812e-07,1.98904688e-01
2.69877812e-07,1.98895313e-01
2.69917812e-07,1.98904688e-01
2.69957812e-07,1.98895313e-01
2.69997812e-07,1.98904688e-01
2.70037813e-07,1.98895313e-01
2.70077812e-07,1.98906250e-01
2.70117812e-07,1.98893750e-01
2.70157812e-07,1.98907813e-01
2.70197812e-07,1.98892188e-01
2.70237812e-07,1.98909375e-01
2.70277812e-07,1.98889063e-01
2.70317813e-07,1.98914063e-01
2.70357812e-07,1.98881250e-01
2.70397812e-07,1.98928125e-01
2.70437812e-07,1.98846875e-01
2.70477812e-07,1.99106250e-01
2.70517812e-07,1.99356250e-01
2.70557812e-07,1.99267187e-01
2.70597813e-07,1.99325000e-01
2.70637812e-07,1.99279687e-01
2.70677812e-07,1.99318750e-01
2.70717812e-07,1.99282813e-01
2.70757812e-07,1.99317187e-01
2.70797812e-07,1.99281250e-01
2.70837812e-07,1.99320313e-01
2.70877813e-07,1.99275000e-01
2.70917812e-07,1.99334375e-01
2.70957812e-07,1.99242188e-01
2.70997812e-07,1.99510938e-01
2.71037812e-07,1.99751563e-01
2.71077812e-07,1.99671875e-01
2.71117812e-07,1.99718750e-01
2.71157813e-07,1.99685938e-01
2.71197812e-07,1.99712500e-01
2.71237812e-07,1.99690625e-01
2.71277812e-07,1.99709375e-01
2.71317812e-07,1.99692188e-01
2.71357812e-07,1.99707812e-01
2.71397812e-07,1.99693750e-01
2.71437813e-07,1.99706250e-01
2.71477812e-07,1.99693750e-01
2.71517812e-07,1.99706250e-01
2.71557812e-07,1.99693750e-01
2.71597812e-07,1.99706250e-01
2.71637812e-07,1.99693750e-01
2.71677812e-07,1.99706250e-01
2.71717813e-07,1.99693750e-01
2.71757812e-07,1.99706250e-01
2.71797812e-07,1.99693750e-01
2.71837812e-07,1.99706250e-01
2.71877812e-07,1.99692188e-01
2.71917812e-07,1.99707812e-01
2.71957812e-07,1.99690625e-01
2.71997813e-07,1.99710938e-01
2.72037812e-07,1.99685938e-01
2.72077812e-07,1.99718750e-01
2.72117812e-07,1.99671875e-01
2.72157812e-07,1.99751563e-01
2.72197812e-07,1.99495313e-01
2.72237812e-07,1.99240625e-01
2.72277813e-07,1.99335938e-01
2.72317812e-07,1.99271875e-01
2.72357812e-07,1.99326562e-01
2.72397812e-07,1.99273438e-01
2.72437812e-07,1.99329688e-01
2.72477812e-07,1.99262500e-01
2.72517812e-07,1.99362500e-01
2.72557813e-07,1.99085938e-01
2.72597812e-07,1.98853125e-01
2.72637812e-07,1.98923438e-01
2.72677812e-07,1.98887500e-01
2.72717812e-07,1.98906250e-01
2.72757812e-07,1.98901563e-01
2.72797812e-07,1.98889063e-01
2.72837813e-07,1.98935937e-01
2.72877812e-07,1.98710938e-01
2.72917812e-07,1.98425000e-01
2.72957812e-07,1.98553125e-01
2.72997812e-07,1.98453125e-01
2.73037812e-07,1.98546875e-01
2.73077812e-07,1.98446875e-01
2.73117813e-07,1.98576562e-01
2.73157812e-07,1.98270313e-01
2.73197812e-07,1.98067188e-01
2.73237812e-07,1.98107813e-01
2.73277812e-07,1.98103125e-01
2.73317812e-07,1.98090625e-01
2.73357812e-07,1.98117188e-01
2.73397813e-07,1.98070313e-01
2.73437812e-07,1.98156250e-01
2.73477812e-07,1.97890625e-01
2.73517812e-07,1.97648437e-01
2.73557812e-07,1.97726563e-01
2.73597812e-07,1.97684375e-01
2.73637812e-07,1.97709375e-01
2.73677813e-07,1.97695312e-01
2.73717812e-07,1.97698438e-01
2.73757812e-07,1.97707812e-01
2.73797812e-07,1.97682812e-01
2.73837812e-07,1.97743750e-01
2.73877812e-07,1.97503125e-01
2.73917812e-07,1.97234375e-01
2.73957813e-07,1.97342188e-01
2.73997812e-07,1.97267187e-01
2.74037812e-07,1.97328125e-01
2.74077812e-07,1.97273438e-01
2.74117812e-07,1.97326562e-01
2.74157812e-07,1.97271875e-01
2.74197812e-07,1.97331250e-01
2.74237813e-07,1.97259375e-01
2.74277812e-07,1.97364062e-01
2.74317812e-07,1.97082813e-01
2.74357812e-07,1.96854688e-01
2.74397812e-07,1.96923438e-01
2.74437812e-07,1.96885937e-01
2.74477812e-07,1.96909375e-01
2.74517813e-07,1.96893750e-01
2.74557812e-07,1.96904688e-01
2.74597812e-07,1.96896875e-01
2.74637812e-07,1.96903125e-01
2.74677812e-07,1.96898438e-01
2.74717812e-07,1.96901563e-01
2.74757812e-07,1.96898438e-01
2.74797813e-07,1.96900000e-01
2.74837812e-07,1.96900000e-01
2.74877812e-07,1.96900000e-01
2.74917812e-07,1.96900000e-01
2.74957812e-07,1.96900000e-01
2.74997812e-07,1.96900000e-01
2.75037812e-07,1.96898438e-01
2.75077813e-07,1.96901563e-01
2.75117812e-07,1.96898438e-01
2.75157812e-07,1.96901563e-01
2.75197812e-07,1.96898438e-01
2.75237812e-07,1.96903125e-01
2.75277812e-07,1.96896875e-01
2.75317812e-07,1.96904688e-01
2.75357813e-07,1.96895313e-01
2.75397812e-07,1.96906250e-01
2.75437812e-07,1.96892188e-01
2.75477812e-07,1.96910937e-01
2.75517812e-07,1.96884375e-01
2.75557812e-07,1.96925000e-01
2.75597812e-07,1.96850000e-01
2.75637813e-07,1.97101562e-01
2.75677812e-07,1.97360937e-01
2.75717812e-07,1.97260938e-01
2.75757812e-07,1.97329688e-01
2.75797812e-07,1.97273438e-01
2.75837812e-07,1.97326562e-01
2.75877812e-07,1.97270313e-01
2.75917813e-07,1.97337500e-01
2.75957812e-07,1.97239063e-01
2.75997812e-07,1.97512500e-01
2.76037812e-07,1.97753125e-01
2.76077812e-07,1.97668750e-01
2.76117812e-07,1.97725000e-01
2.76157812e-07,1.97675000e-01
2.76197813e-07,1.97731250e-01
2.76237812e-07,1.97646875e-01
2.76277812e-07,1.97904688e-01
2.76317812e-07,1.98159375e-01
2.76357812e-07,1.98062500e-01
2.76397812e-07,1.98129688e-01
2.76437812e-07,1.98071875e-01
2.76477813e-07,1.98128125e-01
2.76517812e-07,1.98068750e-01
2.76557812e-07,1.98140625e-01
2.76597812e-07,1.98035938e-01
2.76637812e-07,1.98317188e-01
2.76677812e-07,1.98546875e-01
2.76717812e-07,1.98476563e-01
2.76757813e-07,1.98514063e-01
2.76797812e-07,1.98490625e-01
2.76837812e-07,1.98506250e-01
2.76877812e-07,1.98496875e-01
2.76917812e-07,1.98503125e-01
2.76957812e-07,1.98498438e-01
2.76997812e-07,1.98500000e-01
2.77037813e-07,1.98500000e-01
2.77077812e-07,1.98498438e-01
2.77117812e-07,1.98501563e-01
2.77157812e-07,1.98498438e-01
2.77197812e-07,1.98503125e-01
2.77237812e-07,1.98496875e-01
2.77277812e-07,1.98503125e-01
2.77317813e-07,1.98495313e-01
2.77357812e-07,1.98504687e-01
2.77397812e-07,1.98493750e-01
2.77437812e-07,1.98506250e-01
2.77477812e-07,1.98492188e-01
2.77517812e-07,1.98507813e-01
2.77557812e-07,1.98490625e-01
2.77597813e-07,1.98510938e-01
2.77637812e-07,1.98487500e-01
2.77677812e-07,1.98514063e-01
2.77717812e-07,1.98481250e-01
2.77757812e-07,1.98523438e-01
2.77797812e-07,1.98465625e-01
2.77837812e-07,1.98559375e-01
2.77877813e-07,1.98287500e-01
2.77917812e-07,1.98051563e-01
2.77957812e-07,1.98125000e-01
2.77997812e-07,1.98085938e-01
2.78037812e-07,1.98107813e-01
2.78077812e-07,1.98095313e-01
2.78117812e-07,1.98100000e-01
2.78157813e-07,1.98103125e-01
2.78197812e-07,1.98092188e-01
2.78237812e-07,1.98114063e-01
2.78277812e-07,1.98075000e-01
2.78317812e-07,1.98150000e-01
2.78357812e-07,1.97895313e-01
2.78397812e-07,1.97642188e-01
2.78437813e-07,1.97732813e-01
2.78477812e-07,1.97676563e-01
2.78517812e-07,1.97717188e-01
2.78557812e-07,1.97687500e-01
2.78597812e-07,1.97709375e-01
2.78637812e-07,1.97692188e-01
2.78677812e-07,1.97704688e-01
2.78717813e-07,1.97698438e-01
2.78757812e-07,1.97698438e-01
2.78797812e-07,1.97707812e-01
2.78837812e-07,1.97681250e-01
2.78877812e-07,1.97743750e-01
2.78917812e-07,1.97503125e-01
2.78957812e-07,1.97234375e-01
2.78997813e-07,1.97340625e-01
2.79037812e-07,1.97268750e-01
2.79077812e-07,1.97326562e-01
2.79117812e-07,1.97276563e-01
2.79157812e-07,1.97321875e-01
2.79197812e-07,1.97279688e-01
2.79237812e-07,1.97318750e-01
2.79277813e-07,1.97282813e-01
2.79317812e-07,1.97317188e-01
2.79357812e-07,1.97282813e-01
2.79397812e-07,1.97317188e-01
2.79437812e-07,1.97282813e-01
2.79477812e-07,1.97317188e-01
2.79517812e-07,1.97282813e-01
2.79557813e-07,1.97317188e-01
2.79597812e-07,1.97282813e-01
2.79637812e-07,1.97318750e-01
2.79677812e-07,1.97279688e-01
2.79717812e-07,1.97323438e-01
2.79757812e-07,1.97271875e-01
2.79797812e-07,1.97337500e-01
2.79837813e-07,1.97239063e-01
2.79877812e-07,1.97514063e-01
2.79917812e-07,1.97748438e-01
2.79957812e-07,1.97675000e-01
2.79997812e-07,1.97715625e-01
2.80037812e-07,1.97687500e-01
2.80077812e-07,1.97709375e-01
2.80117813e-07,1.97690625e-01
2.80157812e-07,1.97709375e-01
2.80197812e-07,1.97690625e-01
2.80237812e-07,1.97712500e-01
2.80277812e-07,1.97684375e-01
2.80317812e-07,1.97725000e-01
2.80357812e-07,1.97650000e-01
2.80397813e-07,1.97901563e-01
2.80437812e-07,1.98160938e-01
2.80477812e-07,1.98062500e-01
2.80517812e-07,1.98128125e-01
2.80557812e-07,1.98076562e-01
2.80597812e-07,1.98120313e-01
2.80637813e-07,1.98081250e-01
2.80677813e-07,1.98118750e-01
2.80717812e-07,1.98082813e-01
2.80757812e-07,1.98117188e-01
2.80797812e-07,1.98082813e-01
2.80837812e-07,1.98117188e-01
2.80877812e-07,1.98082813e-01
2.80917813e-07,1.98117188e-01
2.80957813e-07,1.98082813e-01
2.80997812e-07,1.98118750e-01
2.81037812e-07,1.98081250e-01
2.81077812e-07,1.98120313e-01
2.81117812e-07,1.98079688e-01
2.81157812e-07,1.98121875e-01
2.81197813e-07,1.98076562e-01
2.81237813e-07,1.98126563e-01
2.81277812e-07,1.98070313e-01
2.81317812e-07,1.98135937e-01
2.81357812e-07,1.98053125e-01
2.81397812e-07,1.98171875e-01
2.81437812e-07,1.97873437e-01
2.81477813e-07,1.97665625e-01
2.81517813e-07,1.97709375e-01
2.81557812e-07,1.97703125e-01
2.81597812e-07,1.97689063e-01
2.81637812e-07,1.97720312e-01
2.81677812e-07,1.97667188e-01
2.81717812e-07,1.97759375e-01
2.81757813e-07,1.97484375e-01
2.81797813e-07,1.97254687e-01
2.81837812e-07,1.97318750e-01
2.81877812e-07,1.97293750e-01
2.81917812e-07,1.97298438e-01
2.81957812e-07,1.97310938e-01
2.81997812e-07,1.97276563e-01
2.82037813e-07,1.97351563e-01
2.82077813e-07,1.97093750e-01
2.82117812e-07,1.96846875e-01
2.82157812e-07,1.96928125e-01
2.82197812e-07,1.96884375e-01
2.82237812e-07,1.96906250e-01
2.82277812e-07,1.96901563e-01
2.82317813e-07,1.96885937e-01
2.82357813e-07,1.96940625e-01
2.82397812e-07,1.96704688e-01
2.82437812e-07,1.96434375e-01
2.82477812e-07,1.96542188e-01
2.82517812e-07,1.96468750e-01
2.82557812e-07,1.96526563e-01
2.82597813e-07,1.96478125e-01
2.82637813e-07,1.96520313e-01
2.82677812e-07,1.96481250e-01
2.82717812e-07,1.96517187e-01
2.82757812e-07,1.96484375e-01
2.82797812e-07,1.96515625e-01
2.82837812e-07,1.96484375e-01
2.82877813e-07,1.96514063e-01
2.82917813e-07,1.96485938e-01
2.82957812e-07,1.96514063e-01
2.82997812e-07,1.96484375e-01
2.83037812e-07,1.96515625e-01
2.83077812e-07,1.96482812e-01
2.83117812e-07,1.96520313e-01
2.83157813e-07,1.96475000e-01
2.83197813e-07,1.96534375e-01
2.83237812e-07,1.96442188e-01
2.83277812e-07,1.96710938e-01
2.83317812e-07,1.96953125e-01
2.83357812e-07,1.96870313e-01
2.83397812e-07,1.96921875e-01
2.83437813e-07,1.96881250e-01
2.83477813e-07,1.96918750e-01
2.83517812e-07,1.96879688e-01
2.83557812e-07,1.96928125e-01
2.83597812e-07,1.96848438e-01
2.83637812e-07,1.97103125e-01
2.83677812e-07,1.97362500e-01
2.83717813e-07,1.97259375e-01
2.83757813e-07,1.97335938e-01
2.83797812e-07,1.97264063e-01
2.83837812e-07,1.97343750e-01
2.83877812e-07,1.97232813e-01
2.83917812e-07,1.97518750e-01
2.83957812e-07,1.97743750e-01
2.83997813e-07,1.97681250e-01
2.84037813e-07,1.97707812e-01
2.84077812e-07,1.97698438e-01
2.84117812e-07,1.97693750e-01
2.84157812e-07,1.97717188e-01
2.84197812e-07,1.97656250e-01
2.84237812e-07,1.97896875e-01
2.84277813e-07,1.98165625e-01
2.84317813e-07,1.98057813e-01
2.84357812e-07,1.98132813e-01
2.84397812e-07,1.98071875e-01
2.84437812e-07,1.98125000e-01
2.84477812e-07,1.98075000e-01
2.84517812e-07,1.98125000e-01
2.84557813e-07,1.98075000e-01
2.84597812e-07,1.98128125e-01
2.84637812e-07,1.98067188e-01
2.84677812e-07,1.98140625e-01
2.84717812e-07,1.98034375e-01
2.84757812e-07,1.98318750e-01
2.84797812e-07,1.98543750e-01
2.84837813e-07,1.98479688e-01
2.84877812e-07,1.98510938e-01
2.84917812e-07,1.98493750e-01
2.84957812e-07,1.98503125e-01
2.84997812e-07,1.98500000e-01
2.85037812e-07,1.98498438e-01
2.85077812e-07,1.98503125e-01
2.85117813e-07,1.98496875e-01
2.85157812e-07,1.98504687e-01
2.85197812e-07,1.98493750e-01
2.85237812e-07,1.98506250e-01
2.85277812e-07,1.98492188e-01
2.85317812e-07,1.98509375e-01
2.85357812e-07,1.98490625e-01
2.85397813e-07,1.98510938e-01
2.85437812e-07,1.98485938e-01
2.85477812e-07,1.98515625e-01
2.85517812e-07,1.98479688e-01
2.85557812e-07,1.98525000e-01
2.85597812e-07,1.98464063e-01
2.85637812e-07,1.98560938e-01
2.85677813e-07,1.98285938e-01
2.85717812e-07,1.98053125e-01
2.85757812e-07,1.98121875e-01
2.85797812e-07,1.98087500e-01
2.85837812e-07,1.98106250e-01
2.85877812e-07,1.98098438e-01
2.85917812e-07,1.98096875e-01
2.85957813e-07,1.98107813e-01
2.85997812e-07,1.98085938e-01
2.86037812e-07,1.98125000e-01
2.86077812e-07,1.98048438e-01
2.86117812e-07,1.98304688e-01
2.86157812e-07,1.98556250e-01
2.86197812e-07,1.98467188e-01
2.86237813e-07,1.98521875e-01
2.86277812e-07,1.98482812e-01
2.86317812e-07,1.98512500e-01
2.86357812e-07,1.98489063e-01
2.86397812e-07,1.98507813e-01
2.86437812e-07,1.98493750e-01
2.86477812e-07,1.98504687e-01
2.86517813e-07,1.98496875e-01
2.86557812e-07,1.98500000e-01
2.86597812e-07,1.98501563e-01
2.86637812e-07,1.98495313e-01
2.86677812e-07,1.98507813e-01
2.86717812e-07,1.98487500e-01
2.86757812e-07,1.98523438e-01
2.86797813e-07,1.98451563e-01
2.86837812e-07,1.98701563e-01
2.86877812e-07,1.98960938e-01
2.86917812e-07,1.98864062e-01
2.86957812e-07,1.98926563e-01
2.86997812e-07,1.98878125e-01
2.87037812e-07,1.98917188e-01
2.87077813e-07,1.98884375e-01
2.87117812e-07,1.98914063e-01
2.87157812e-07,1.98887500e-01
2.87197812e-07,1.98910937e-01
2.87237812e-07,1.98889063e-01
2.87277812e-07,1.98909375e-01
2.87317812e-07,1.98890625e-01
2.87357813e-07,1.98907813e-01
2.87397812e-07,1.98892188e-01
2.87437812e-07,1.98907813e-01
2.87477812e-07,1.98893750e-01
2.87517812e-07,1.98906250e-01
2.87557812e-07,1.98893750e-01
2.87597812e-07,1.98904688e-01
2.87637813e-07,1.98895313e-01
2.87677812e-07,1.98904688e-01
2.87717812e-07,1.98896875e-01
2.87757812e-07,1.98903125e-01
2.87797812e-07,1.98898437e-01
2.87837812e-07,1.98900000e-01
2.87877812e-07,1.98901563e-01
2.87917813e-07,1.98895313e-01
2.87957812e-07,1.98909375e-01
2.87997812e-07,1.98879688e-01
2.88037812e-07,1.98943750e-01
2.88077812e-07,1.98703125e-01
2.88117812e-07,1.98434375e-01
2.88157812e-07,1.98542188e-01
2.88197813e-07,1.98467188e-01
2.88237812e-07,1.98528125e-01
2.88277812e-07,1.98473438e-01
2.88317812e-07,1.98525000e-01
2.88357812e-07,1.98475000e-01
2.88397812e-07,1.98526563e-01
2.88437812e-07,1.98471875e-01
2.88477813e-07,1.98532813e-01
2.88517812e-07,1.98457812e-01
2.88557812e-07,1.98567188e-01
2.88597812e-07,1.98281250e-01
2.88637812e-07,1.98056250e-01
2.88677812e-07,1.98120313e-01
2.88717812e-07,1.98089062e-01
2.88757813e-07,1.98106250e-01
2.88797812e-07,1.98096875e-01
2.88837812e-07,1.98101562e-01
2.88877812e-07,1.98100000e-01
2.88917812e-07,1.98098438e-01
2.88957812e-07,1.98101562e-01
2.88997812e-07,1.98096875e-01
2.89037813e-07,1.98103125e-01
2.89077812e-07,1.98096875e-01
2.89117812e-07,1.98104688e-01
2.89157812e-07,1.98095313e-01
2.89197812e-07,1.98104688e-01
2.89237812e-07,1.98093750e-01
2.89277812e-07,1.98106250e-01
2.89317813e-07,1.98093750e-01
2.89357812e-07,1.98107813e-01
2.89397812e-07,1.98092188e-01
2.89437812e-07,1.98107813e-01
2.89477812e-07,1.98090625e-01
2.89517812e-07,1.98110938e-01
2.89557812e-07,1.98087500e-01
2.89597813e-07,1.98114063e-01
2.89637812e-07,1.98082813e-01
2.89677812e-07,1.98121875e-01
2.89717812e-07,1.98067188e-01
2.89757812e-07,1.98156250e-01
2.89797812e-07,1.97890625e-01
2.89837812e-07,1.97648437e-01
2.89877813e-07,1.97728125e-01
2.89917812e-07,1.97681250e-01
2.89957812e-07,1.97714063e-01
2.89997812e-07,1.97689063e-01
2.90037812e-07,1.97709375e-01
2.90077812e-07,1.97692188e-01
2.90117812e-07,1.97706250e-01
2.90157813e-07,1.97693750e-01
2.90197812e-07,1.97704688e-01
2.90237812e-07,1.97695312e-01
2.90277812e-07,1.97704688e-01
2.90317812e-07,1.97696875e-01
2.90357812e-07,1.97703125e-01
2.90397812e-07,1.97696875e-01
2.90437813e-07,1.97703125e-01
2.90477812e-07,1.97696875e-01
2.90517812e-07,1.97703125e-01
2.90557812e-07,1.97696875e-01
2.90597812e-07,1.97701563e-01
2.90637812e-07,1.97698438e-01
2.90677812e-07,1.97701563e-01
2.90717813e-07,1.97698438e-01
2.90757812e-07,1.97701563e-01
2.90797812e-07,1.97698438e-01
2.90837812e-07,1.97701563e-01
2.90877812e-07,1.97698438e-01
2.90917812e-07,1.97701563e-01
2.90957812e-07,1.97698438e-01
2.90997813e-07,1.97701563e-01
2.91037812e-07,1.97696875e-01
2.91077812e-07,1.97703125e-01
2.91117812e-07,1.97696875e-01
2.91157812e-07,1.97703125e-01
2.91197812e-07,1.97696875e-01
2.91237812e-07,1.97703125e-01
2.91277813e-07,1.97695312e-01
2.91317812e-07,1.97704688e-01
2.91357812e-07,1.97695312e-01
2.91397812e-07,1.97706250e-01
2.91437812e-07,1.97692188e-01
2.91477812e-07,1.97707812e-01
2.91517812e-07,1.97689063e-01
2.91557813e-07,1.97714063e-01
2.91597812e-07,1.97681250e-01
2.91637812e-07,1.97728125e-01
2.91677812e-07,1.97646875e-01
2.91717812e-07,1.97906250e-01
2.91757812e-07,1.98156250e-01
2.91797812e-07,1.98067188e-01
2.91837813e-07,1.98123437e-01
2.91877812e-07,1.98081250e-01
2.91917812e-07,1.98115625e-01
2.91957812e-07,1.98087500e-01
2.91997812e-07,1.98112500e-01
2.92037812e-07,1.98089062e-01
2.92077812e-07,1.98109375e-01
2.92117813e-07,1.98090625e-01
2.92157812e-07,1.98109375e-01
2.92197812e-07,1.98092188e-01
2.92237812e-07,1.98107813e-01
2.92277812e-07,1.98092188e-01
2.92317812e-07,1.98107813e-01
2.92357812e-07,1.98092188e-01
2.92397813e-07,1.98107813e-01
2.92437812e-07,1.98092188e-01
2.92477812e-07,1.98107813e-01
2.92517812e-07,1.98092188e-01
2.92557812e-07,1.98107813e-01
2.92597812e-07,1.98092188e-01
2.92637812e-07,1.98107813e-01
2.92677813e-07,1.98092188e-01
2.92717812e-07,1.98107813e-01
2.92757812e-07,1.98092188e-01
2.92797812e-07,1.98107813e-01
2.92837812e-07,1.98092188e-01
2.92877812e-07,1.98107813e-01
2.92917812e-07,1.98092188e-01
2.92957813e-07,1.98107813e-01
2.92997812e-07,1.98092188e-01
2.93037812e-07,1.98109375e-01
2.93077812e-07,1.98090625e-01
2.93117812e-07,1.98109375e-01
2.93157812e-07,1.98090625e-01
2.93197812e-07,1.98110938e-01
2.93237813e-07,1.98089062e-01
2.93277812e-07,1.98112500e-01
2.93317812e-07,1.98085938e-01
2.93357812e-07,1.98115625e-01
2.93397812e-07,1.98082813e-01
2.93437812e-07,1.98120313e-01
2.93477812e-07,1.98075000e-01
2.93517813e-07,1.98134375e-01
2.93557812e-07,1.98040625e-01
2.93597812e-07,1.98312500e-01
2.93637812e-07,1.98548438e-01
2.93677812e-07,1.98475000e-01
2.93717812e-07,1.98515625e-01
2.93757812e-07,1.98489063e-01
2.93797813e-07,1.98507813e-01
2.93837812e-07,1.98495313e-01
2.93877812e-07,1.98503125e-01
2.93917812e-07,1.98498438e-01
2.93957812e-07,1.98501563e-01
2.93997812e-07,1.98500000e-01
2.94037812e-07,1.98500000e-01
2.94077813e-07,1.98501563e-01
2.94117812e-07,1.98498438e-01
2.94157812e-07,1.98503125e-01
2.94197812e-07,1.98496875e-01
2.94237812e-07,1.98503125e-01
2.94277812e-07,1.98495313e-01
2.94317812e-07,1.98504687e-01
2.94357813e-07,1.98493750e-01
2.94397812e-07,1.98507813e-01
2.94437812e-07,1.98492188e-01
2.94477812e-07,1.98509375e-01
2.94517812e-07,1.98489063e-01
2.94557812e-07,1.98514063e-01
2.94597812e-07,1.98482812e-01
2.94637813e-07,1.98521875e-01
2.94677812e-07,1.98467188e-01
2.94717812e-07,1.98557813e-01
2.94757812e-07,1.98289063e-01
2.94797812e-07,1.98048438e-01
2.94837812e-07,1.98126563e-01
2.94877812e-07,1.98082813e-01
2.94917813e-07,1.98112500e-01
2.94957812e-07,1.98092188e-01
2.94997812e-07,1.98106250e-01
2.95037812e-07,1.98096875e-01
2.95077812e-07,1.98101562e-01
2.95117812e-07,1.98100000e-01
2.95157812e-07,1.98096875e-01
2.95197813e-07,1.98106250e-01
2.95237812e-07,1.98090625e-01
2.95277812e-07,1.98114063e-01
2.95317812e-07,1.98075000e-01
2.95357812e-07,1.98150000e-01
2.95397812e-07,1.97896875e-01
2.95437812e-07,1.97642188e-01
2.95477813e-07,1.97734375e-01
2.95517812e-07,1.97675000e-01
2.95557812e-07,1.97720312e-01
2.95597812e-07,1.97682812e-01
2.95637812e-07,1.97714063e-01
2.95677812e-07,1.97687500e-01
2.95717812e-07,1.97710938e-01
2.95757813e-07,1.97689063e-01
2.95797812e-07,1.97709375e-01
2.95837812e-07,1.97690625e-01
2.95877812e-07,1.97707812e-01
2.95917812e-07,1.97692188e-01
2.95957812e-07,1.97707812e-01
2.95997812e-07,1.97692188e-01
2.96037813e-07,1.97706250e-01
2.96077812e-07,1.97693750e-01
2.96117812e-07,1.97706250e-01
2.96157812e-07,1.97693750e-01
2.96197812e-07,1.97706250e-01
2.96237812e-07,1.97695312e-01
2.96277812e-07,1.97704688e-01
2.96317813e-07,1.97695312e-01
2.96357812e-07,1.97704688e-01
2.96397812e-07,1.97695312e-01
2.96437812e-07,1.97704688e-01
2.96477812e-07,1.97695312e-01
2.96517812e-07,1.97704688e-01
2.96557812e-07,1.97695312e-01
2.96597813e-07,1.97704688e-01
2.96637812e-07,1.97696875e-01
2.96677812e-07,1.97703125e-01
2.96717812e-07,1.97696875e-01
2.96757812e-07,1.97703125e-01
2.96797812e-07,1.97696875e-01
2.96837812e-07,1.97703125e-01
2.96877813e-07,1.97696875e-01
2.96917812e-07,1.97703125e-01
2.96957812e-07,1.97696875e-01
2.96997812e-07,1.97703125e-01
2.97037812e-07,1.97696875e-01
2.97077812e-07,1.97703125e-01
2.97117812e-07,1.97696875e-01
2.97157813e-07,1.97703125e-01
2.97197812e-07,1.97696875e-01
2.97237812e-07,1.97701563e-01
2.97277812e-07,1.97698438e-01
2.97317812e-07,1.97701563e-01
2.97357812e-07,1.97698438e-01
2.97397812e-07,1.97701563e-01
2.97437813e-07,1.97698438e-01
2.97477812e-07,1.97701563e-01
2.97517812e-07,1.97698438e-01
2.97557812e-07,1.97701563e-01
2.97597812e-07,1.97698438e-01
2.97637812e-07,1.97700000e-01
2.97677812e-07,1.97700000e-01
2.97717813e-07,1.97700000e-01
2.97757812e-07,1.97700000e-01
2.97797812e-07,1.97700000e-01
2.97837812e-07,1.97701563e-01
2.97877812e-07,1.97698438e-01
2.97917812e-07,1.97703125e-01
2.97957813e-07,1.97696875e-01
2.97997813e-07,1.97704688e-01
2.98037812e-07,1.97693750e-01
2.98077812e-07,1.97707812e-01
2.98117812e-07,1.97689063e-01
2.98157812e-07,1.97715625e-01
2.98197812e-07,1.97675000e-01
2.98237813e-07,1.97750000e-01
2.98277813e-07,1.97496875e-01
2.98317812e-07,1.97240625e-01
2.98357812e-07,1.97334375e-01
2.98397812e-07,1.97275000e-01
2.98437812e-07,1.97320313e-01
2.98477812e-07,1.97282813e-01
2.98517813e-07,1.97315625e-01
2.98557813e-07,1.97285938e-01
2.98597812e-07,1.97314062e-01
2.98637812e-07,1.97287500e-01
2.98677812e-07,1.97312500e-01
2.98717812e-07,1.97289063e-01
2.98757812e-07,1.97310938e-01
2.98797813e-07,1.97289063e-01
2.98837813e-07,1.97310938e-01
2.98877812e-07,1.97289063e-01
2.98917812e-07,1.97310938e-01
2.98957812e-07,1.97289063e-01
2.98997812e-07,1.97310938e-01
2.99037812e-07,1.97289063e-01
2.99077813e-07,1.97310938e-01
2.99117813e-07,1.97289063e-01
2.99157812e-07,1.97310938e-01
2.99197812e-07,1.97287500e-01
2.99237812e-07,1.97312500e-01
2.99277812e-07,1.97285938e-01
2.99317812e-07,1.97314062e-01
2.99357813e-07,1.97284375e-01
2.99397813e-07,1.97318750e-01
2.99437812e-07,1.97279688e-01
2.99477812e-07,1.97326562e-01
2.99517812e-07,1.97264063e-01
2.99557812e-07,1.97360937e-01
2.99597812e-07,1.97085938e-01
2.99637813e-07,1.96851563e-01
2.99677812e-07,1.96925000e-01
2.99717812e-07,1.96884375e-01
2.99757812e-07,1.96910937e-01
2.99797812e-07,1.96892188e-01
2.99837812e-07,1.96906250e-01
2.99877812e-07,1.96895313e-01
2.99917813e-07,1.96903125e-01
2.99957812e-07,1.96898438e-01
2.99997812e-07,1.96901563e-01
3.00037812e-07,1.96898438e-01
3.00077812e-07,1.96900000e-01
3.00117812e-07,1.96900000e-01
3.00157812e-07,1.96900000e-01
3.00197813e-07,1.96900000e-01
3.00237812e-07,1.96898438e-01
3.00277812e-07,1.96901563e-01
3.00317812e-07,1.96898438e-01
3.00357812e-07,1.96901563e-01
3.00397812e-07,1.96898438e-01
3.00437812e-07,1.96901563e-01
3.00477813e-07,1.96898438e-01
3.00517812e-07,1.96903125e-01
3.00557812e-07,1.96896875e-01
3.00597812e-07,1.96903125e-01
3.00637812e-07,1.96896875e-01
3.00677812e-07,1.96903125e-01
3.00717812e-07,1.96896875e-01
3.00757813e-07,1.96903125e-01
3.00797812e-07,1.96896875e-01
3.00837812e-07,1.96903125e-01
3.00877812e-07,1.96895313e-01
3.00917812e-07,1.96904688e-01
3.00957812e-07,1.96895313e-01
3.00997812e-07,1.96904688e-01
3.01037813e-07,1.96895313e-01
3.01077812e-07,1.96906250e-01
3.01117812e-07,1.96893750e-01
3.01157812e-07,1.96906250e-01
3.01197812e-07,1.96892188e-01
3.01237812e-07,1.96909375e-01
3.01277812e-07,1.96890625e-01
3.01317813e-07,1.96912500e-01
3.01357812e-07,1.96884375e-01
3.01397812e-07,1.96920312e-01
3.01437812e-07,1.96870313e-01
3.01477812e-07,1.96953125e-01
3.01517812e-07,1.96693750e-01
3.01557812e-07,1.96443750e-01
3.01597813e-07,1.96532813e-01
3.01637812e-07,1.96476563e-01
3.01677812e-07,1.96520313e-01
3.01717812e-07,1.96481250e-01
3.01757812e-07,1.96518750e-01
3.01797812e-07,1.96481250e-01
3.01837812e-07,1.96523438e-01
3.01877813e-07,1.96468750e-01
3.01917812e-07,1.96554688e-01
3.01957812e-07,1.96292187e-01
3.01997812e-07,1.96043750e-01
3.02037812e-07,1.96134375e-01
3.02077812e-07,1.96073438e-01
3.02117812e-07,1.96123437e-01
3.02157813e-07,1.96076562e-01
3.02197812e-07,1.96126563e-01
3.02237812e-07,1.96065625e-01
3.02277812e-07,1.96157813e-01
3.02317812e-07,1.95890625e-01
3.02357812e-07,1.95645313e-01
3.02397812e-07,1.95732813e-01
3.02437813e-07,1.95675000e-01
3.02477812e-07,1.95721875e-01
3.02517812e-07,1.95678125e-01
3.02557812e-07,1.95725000e-01
3.02597812e-07,1.95667188e-01
3.02637812e-07,1.95757813e-01
3.02677812e-07,1.95490625e-01
3.02717813e-07,1.95246875e-01
3.02757812e-07,1.95329688e-01
3.02797812e-07,1.95278125e-01
3.02837812e-07,1.95317188e-01
3.02877812e-07,1.95285938e-01
3.02917812e-07,1.95312500e-01
3.02957812e-07,1.95289062e-01
3.02997813e-07,1.95310938e-01
3.03037812e-07,1.95290625e-01
3.03077812e-07,1.95309375e-01
3.03117812e-07,1.95290625e-01
3.03157812e-07,1.95309375e-01
3.03197812e-07,1.95290625e-01
3.03237812e-07,1.95309375e-01
3.03277813e-07,1.95290625e-01
3.03317812e-07,1.95309375e-01
3.03357812e-07,1.95290625e-01
3.03397812e-07,1.95309375e-01
3.03437812e-07,1.95290625e-01
3.03477812e-07,1.95309375e-01
3.03517812e-07,1.95289062e-01
3.03557813e-07,1.95310938e-01
3.03597812e-07,1.95287500e-01
3.03637812e-07,1.95312500e-01
3.03677812e-07,1.95285938e-01
3.03717812e-07,1.95315625e-01
3.03757812e-07,1.95282813e-01
3.03797812e-07,1.95320313e-01
3.03837813e-07,1.95273438e-01
3.03877812e-07,1.95335938e-01
3.03917812e-07,1.95239063e-01
3.03957812e-07,1.95514063e-01
3.03997812e-07,1.95748438e-01
3.04037812e-07,1.95676563e-01
3.04077812e-07,1.95714063e-01
3.04117813e-07,1.95690625e-01
3.04157812e-07,1.95706250e-01
3.04197812e-07,1.95696875e-01
3.04237812e-07,1.95701563e-01
3.04277812e-07,1.95700000e-01
3.04317812e-07,1.95696875e-01
3.04357812e-07,1.95704688e-01
3.04397813e-07,1.95692188e-01
3.04437812e-07,1.95710938e-01
3.04477812e-07,1.95684375e-01
3.04517812e-07,1.95725000e-01
3.04557812e-07,1.95650000e-01
3.04597812e-07,1.95903125e-01
3.04637812e-07,1.96159375e-01
3.04677813e-07,1.96064062e-01
3.04717812e-07,1.96126563e-01
3.04757812e-07,1.96078125e-01
3.04797812e-07,1.96118750e-01
3.04837812e-07,1.96081250e-01
3.04877812e-07,1.96118750e-01
3.04917812e-07,1.96081250e-01
3.04957813e-07,1.96120313e-01
3.04997812e-07,1.96075000e-01
3.05037812e-07,1.96134375e-01
3.05077812e-07,1.96042188e-01
3.05117812e-07,1.96310938e-01
3.05157812e-07,1.96551562e-01
3.05197812e-07,1.96471875e-01
3.05237813e-07,1.96518750e-01
3.05277812e-07,1.96484375e-01
3.05317812e-07,1.96512500e-01
3.05357812e-07,1.96489063e-01
3.05397812e-07,1.96509375e-01
3.05437812e-07,1.96492187e-01
3.05477812e-07,1.96507813e-01
3.05517813e-07,1.96492187e-01
3.05557812e-07,1.96507813e-01
3.05597812e-07,1.96493750e-01
3.05637812e-07,1.96506250e-01
3.05677812e-07,1.96493750e-01
3.05717812e-07,1.96506250e-01
3.05757812e-07,1.96493750e-01
3.05797813e-07,1.96506250e-01
3.05837812e-07,1.96493750e-01
3.05877812e-07,1.96506250e-01
3.05917812e-07,1.96492187e-01
3.05957812e-07,1.96507813e-01
3.05997812e-07,1.96492187e-01
3.06037812e-07,1.96507813e-01
3.06077813e-07,1.96492187e-01
3.06117812e-07,1.96507813e-01
3.06157812e-07,1.96490625e-01
3.06197812e-07,1.96509375e-01
3.06237812e-07,1.96489063e-01
3.06277812e-07,1.96510938e-01
3.06317812e-07,1.96487500e-01
3.06357813e-07,1.96512500e-01
3.06397812e-07,1.96484375e-01
3.06437812e-07,1.96517187e-01
3.06477812e-07,1.96479687e-01
3.06517812e-07,1.96525000e-01
3.06557812e-07,1.96464063e-01
3.06597812e-07,1.96560938e-01
3.06637813e-07,1.96285938e-01
3.06677812e-07,1.96051562e-01
3.06717812e-07,1.96123437e-01
3.06757812e-07,1.96085938e-01
3.06797812e-07,1.96107813e-01
3.06837812e-07,1.96095313e-01
3.06877812e-07,1.96101562e-01
3.06917813e-07,1.96100000e-01
3.06957812e-07,1.96096875e-01
3.06997812e-07,1.96106250e-01
3.07037812e-07,1.96090625e-01
3.07077812e-07,1.96115625e-01
3.07117812e-07,1.96075000e-01
3.07157812e-07,1.96150000e-01
3.07197813e-07,1.95895313e-01
3.07237812e-07,1.95642188e-01
3.07277812e-07,1.95734375e-01
3.07317812e-07,1.95675000e-01
3.07357812e-07,1.95718750e-01
3.07397812e-07,1.95682812e-01
3.07437812e-07,1.95714063e-01
3.07477813e-07,1.95687500e-01
3.07517812e-07,1.95712500e-01
3.07557812e-07,1.95689063e-01
3.07597812e-07,1.95710938e-01
3.07637812e-07,1.95689063e-01
3.07677812e-07,1.95710938e-01
3.07717812e-07,1.95689063e-01
3.07757813e-07,1.95712500e-01
3.07797812e-07,1.95687500e-01
3.07837812e-07,1.95714063e-01
3.07877812e-07,1.95682812e-01
3.07917812e-07,1.95721875e-01
3.07957812e-07,1.95668750e-01
3.07997812e-07,1.95756250e-01
3.08037813e-07,1.95490625e-01
3.08077812e-07,1.95246875e-01
3.08117812e-07,1.95329688e-01
3.08157812e-07,1.95279688e-01
3.08197812e-07,1.95315625e-01
3.08237812e-07,1.95285938e-01
3.08277812e-07,1.95310938e-01
3.08317813e-07,1.95289062e-01
3.08357812e-07,1.95309375e-01
3.08397812e-07,1.95290625e-01
3.08437812e-07,1.95307813e-01
3.08477812e-07,1.95292188e-01
3.08517812e-07,1.95307813e-01
3.08557812e-07,1.95292188e-01
3.08597813e-07,1.95307813e-01
3.08637812e-07,1.95293750e-01
3.08677812e-07,1.95306250e-01
3.08717812e-07,1.95293750e-01
3.08757812e-07,1.95306250e-01
3.08797812e-07,1.95293750e-01
3.08837812e-07,1.95306250e-01
3.08877813e-07,1.95292188e-01
3.08917812e-07,1.95307813e-01
3.08957812e-07,1.95292188e-01
3.08997812e-07,1.95307813e-01
3.09037812e-07,1.95292188e-01
3.09077812e-07,1.95307813e-01
3.09117812e-07,1.95292188e-01
3.09157813e-07,1.95307813e-01
3.09197812e-07,1.95292188e-01
3.09237812e-07,1.95309375e-01
3.09277812e-07,1.95290625e-01
3.09317812e-07,1.95309375e-01
3.09357812e-07,1.95290625e-01
3.09397812e-07,1.95310938e-01
3.09437813e-07,1.95289062e-01
3.09477812e-07,1.95310938e-01
3.09517812e-07,1.95287500e-01
3.09557812e-07,1.95312500e-01
3.09597812e-07,1.95285938e-01
3.09637812e-07,1.95314062e-01
3.09677812e-07,1.95284375e-01
3.09717813e-07,1.95317188e-01
3.09757812e-07,1.95279688e-01
3.09797812e-07,1.95323438e-01
3.09837812e-07,1.95270313e-01
3.09877812e-07,1.95339062e-01
3.09917812e-07,1.95235938e-01
3.09957812e-07,1.95517188e-01
3.09997813e-07,1.95743750e-01
3.10037812e-07,1.95681250e-01
3.10077812e-07,1.95709375e-01
3.10117812e-07,1.95696875e-01
3.10157812e-07,1.95700000e-01
3.10197812e-07,1.95703125e-01
3.10237812e-07,1.95693750e-01
3.10277813e-07,1.95709375e-01
3.10317812e-07,1.95687500e-01
3.10357812e-07,1.95717188e-01
3.10397812e-07,1.95676563e-01
3.10437812e-07,1.95734375e-01
3.10477812e-07,1.95640625e-01
3.10517812e-07,1.95914063e-01
3.10557813e-07,1.96146875e-01
3.10597812e-07,1.96078125e-01
3.10637812e-07,1.96110937e-01
3.10677812e-07,1.96095313e-01
3.10717812e-07,1.96098438e-01
3.10757812e-07,1.96106250e-01
3.10797812e-07,1.96085938e-01
3.10837813e-07,1.96125000e-01
3.10877812e-07,1.96048438e-01
3.10917812e-07,1.96306250e-01
3.10957812e-07,1.96554688e-01
3.10997812e-07,1.96470313e-01
3.11037812e-07,1.96520313e-01
3.11077812e-07,1.96485938e-01
3.11117813e-07,1.96509375e-01
3.11157812e-07,1.96495313e-01
3.11197812e-07,1.96501563e-01
3.11237812e-07,1.96503125e-01
3.11277812e-07,1.96490625e-01
3.11317812e-07,1.96520313e-01
3.11357812e-07,1.96453125e-01
3.11397813e-07,1.96700000e-01
3.11437812e-07,1.96960938e-01
3.11477812e-07,1.96862500e-01
3.11517812e-07,1.96928125e-01
3.11557812e-07,1.96878125e-01
3.11597812e-07,1.96918750e-01
3.11637812e-07,1.96884375e-01
3.11677813e-07,1.96914063e-01
3.11717812e-07,1.96887500e-01
3.11757812e-07,1.96910937e-01
3.11797812e-07,1.96889063e-01
3.11837812e-07,1.96909375e-01
3.11877812e-07,1.96890625e-01
3.11917812e-07,1.96907813e-01
3.11957813e-07,1.96892188e-01
3.11997812e-07,1.96907813e-01
3.12037812e-07,1.96893750e-01
3.12077812e-07,1.96906250e-01
3.12117812e-07,1.96893750e-01
3.12157812e-07,1.96904688e-01
3.12197812e-07,1.96895313e-01
3.12237813e-07,1.96904688e-01
3.12277812e-07,1.96896875e-01
3.12317812e-07,1.96903125e-01
3.12357812e-07,1.96896875e-01
3.12397812e-07,1.96901563e-01
3.12437812e-07,1.96898438e-01
3.12477812e-07,1.96901563e-01
3.12517813e-07,1.96900000e-01
3.12557812e-07,1.96900000e-01
3.12597812e-07,1.96901563e-01
3.12637812e-07,1.96896875e-01
3.12677812e-07,1.96904688e-01
3.12717812e-07,1.96893750e-01
3.12757812e-07,1.96909375e-01
3.12797813e-07,1.96885937e-01
3.12837812e-07,1.96923438e-01
3.12877812e-07,1.96851563e-01
3.12917812e-07,1.97101562e-01
3.12957812e-07,1.97360937e-01
3.12997812e-07,1.97262500e-01
3.13037812e-07,1.97328125e-01
3.13077813e-07,1.97276563e-01
3.13117812e-07,1.97320313e-01
3.13157812e-07,1.97279688e-01
3.13197812e-07,1.97320313e-01
3.13237812e-07,1.97279688e-01
3.13277812e-07,1.97321875e-01
3.13317812e-07,1.97273438e-01
3.13357813e-07,1.97334375e-01
3.13397812e-07,1.97240625e-01
3.13437812e-07,1.97510938e-01
3.13477812e-07,1.97753125e-01
3.13517812e-07,1.97670313e-01
3.13557812e-07,1.97721875e-01
3.13597812e-07,1.97681250e-01
3.13637813e-07,1.97717188e-01
3.13677812e-07,1.97682812e-01
3.13717812e-07,1.97718750e-01
3.13757812e-07,1.97676563e-01
3.13797812e-07,1.97732813e-01
3.13837812e-07,1.97643750e-01
3.13877812e-07,1.97909375e-01
3.13917813e-07,1.98153125e-01
3.13957812e-07,1.98070313e-01
3.13997812e-07,1.98120313e-01
3.14037812e-07,1.98084375e-01
3.14077812e-07,1.98112500e-01
3.14117812e-07,1.98089062e-01
3.14157812e-07,1.98109375e-01
3.14197813e-07,1.98092188e-01
3.14237812e-07,1.98107813e-01
3.14277812e-07,1.98093750e-01
3.14317812e-07,1.98106250e-01
3.14357812e-07,1.98093750e-01
3.14397812e-07,1.98104688e-01
3.14437812e-07,1.98095313e-01
3.14477813e-07,1.98104688e-01
3.14517812e-07,1.98095313e-01
3.14557812e-07,1.98104688e-01
3.14597812e-07,1.98096875e-01
3.14637812e-07,1.98103125e-01
3.14677812e-07,1.98096875e-01
3.14717812e-07,1.98103125e-01
3.14757812e-07,1.98096875e-01
3.14797812e-07,1.98103125e-01
3.14837812e-07,1.98096875e-01
3.14877812e-07,1.98101562e-01
3.14917812e-07,1.98098438e-01
3.14957812e-07,1.98101562e-01
3.14997812e-07,1.98098438e-01
3.15037812e-07,1.98101562e-01
3.15077812e-07,1.98098438e-01
3.15117812e-07,1.98101562e-01
3.15157812e-07,1.98098438e-01
3.15197812e-07,1.98100000e-01
3.15237812e-07,1.98100000e-01
3.15277813e-07,1.98100000e-01
3.15317812e-07,1.98100000e-01
3.15357812e-07,1.98100000e-01
3.15397812e-07,1.98101562e-01
3.15437812e-07,1.98098438e-01
3.15477812e-07,1.98101562e-01
3.15517812e-07,1.98098438e-01
3.15557813e-07,1.98103125e-01
3.15597812e-07,1.98096875e-01
3.15637812e-07,1.98103125e-01
3.15677812e-07,1.98095313e-01
3.15717812e-07,1.98106250e-01
3.15757812e-07,1.98093750e-01
3.15797812e-07,1.98109375e-01
3.15837813e-07,1.98089062e-01
3.15877812e-07,1.98114063e-01
3.15917812e-07,1.98081250e-01
3.15957812e-07,1.98129688e-01
3.15997812e-07,1.98045313e-01
3.16037812e-07,1.98307813e-01
3.16077812e-07,1.98554687e-01
3.16117813e-07,1.98470312e-01
3.16157812e-07,1.98520313e-01
3.16197812e-07,1.98485938e-01
3.16237812e-07,1.98510938e-01
3.16277812e-07,1.98492188e-01
3.16317812e-07,1.98506250e-01
3.16357812e-07,1.98496875e-01
3.16397813e-07,1.98500000e-01
3.16437812e-07,1.98503125e-01
3.16477812e-07,1.98490625e-01
3.16517812e-07,1.98518750e-01
3.16557812e-07,1.98456250e-01
3.16597812e-07,1.98696875e-01
3.16637812e-07,1.98964063e-01
3.16677813e-07,1.98859375e-01
3.16717812e-07,1.98931250e-01
3.16757812e-07,1.98873437e-01
3.16797812e-07,1.98923438e-01
3.16837812e-07,1.98878125e-01
3.16877812e-07,1.98920313e-01
3.16917812e-07,1.98879688e-01
3.16957813e-07,1.98920313e-01
3.16997812e-07,1.98879688e-01
3.17037812e-07,1.98920313e-01
3.17077812e-07,1.98878125e-01
3.17117812e-07,1.98923438e-01
3.17157812e-07,1.98873437e-01
3.17197812e-07,1.98931250e-01
3.17237813e-07,1.98859375e-01
3.17277812e-07,1.98965625e-01
3.17317812e-07,1.98681250e-01
3.17357812e-07,1.98456250e-01
3.17397812e-07,1.98518750e-01
3.17437812e-07,1.98490625e-01
3.17477812e-07,1.98503125e-01
3.17517813e-07,1.98501563e-01
3.17557812e-07,1.98493750e-01
3.17597812e-07,1.98510938e-01
3.17637812e-07,1.98478125e-01
3.17677812e-07,1.98545313e-01
3.17717812e-07,1.98301563e-01
3.17757812e-07,1.98035938e-01
3.17797813e-07,1.98142188e-01
3.17837812e-07,1.98064062e-01
3.17877812e-07,1.98134375e-01
3.17917812e-07,1.98059375e-01
3.17957812e-07,1.98164063e-01
3.17997812e-07,1.97885937e-01
3.18037812e-07,1.97650000e-01
3.18077813e-07,1.97728125e-01
3.18117812e-07,1.97678125e-01
3.18157812e-07,1.97721875e-01
3.18197812e-07,1.97671875e-01
3.18237812e-07,1.97750000e-01
3.18277812e-07,1.97498438e-01
3.18317812e-07,1.97235938e-01
3.18357813e-07,1.97342188e-01
3.18397812e-07,1.97262500e-01
3.18437812e-07,1.97339062e-01
3.18477812e-07,1.97254687e-01
3.18517812e-07,1.97370313e-01
3.18557812e-07,1.97076562e-01
3.18597812e-07,1.96860937e-01
3.18637813e-07,1.96914063e-01
3.18677812e-07,1.96896875e-01
3.18717812e-07,1.96895313e-01
3.18757812e-07,1.96912500e-01
3.18797812e-07,1.96876563e-01
3.18837812e-07,1.96950000e-01
3.18877812e-07,1.96695312e-01
3.18917813e-07,1.96443750e-01
3.18957812e-07,1.96531250e-01
3.18997812e-07,1.96479687e-01
3.19037812e-07,1.96515625e-01
3.19077812e-07,1.96489063e-01
3.19117812e-07,1.96506250e-01
3.19157812e-07,1.96496875e-01
3.19197813e-07,1.96498438e-01
3.19237812e-07,1.96507813e-01
3.19277812e-07,1.96482812e-01
3.19317812e-07,1.96543750e-01
3.19357812e-07,1.96303125e-01
3.19397812e-07,1.96035938e-01
3.19437812e-07,1.96140625e-01
3.19477813e-07,1.96068750e-01
3.19517812e-07,1.96125000e-01
3.19557812e-07,1.96078125e-01
3.19597812e-07,1.96120313e-01
3.19637812e-07,1.96081250e-01
3.19677812e-07,1.96117188e-01
3.19717812e-07,1.96084375e-01
3.19757813e-07,1.96115625e-01
3.19797812e-07,1.96085938e-01
3.19837812e-07,1.96114063e-01
3.19877812e-07,1.96085938e-01
3.19917812e-07,1.96112500e-01
3.19957812e-07,1.96087500e-01
3.19997812e-07,1.96112500e-01
3.20037813e-07,1.96087500e-01
3.20077812e-07,1.96112500e-01
3.20117812e-07,1.96089063e-01
3.20157812e-07,1.96110937e-01
3.20197812e-07,1.96089063e-01
3.20237812e-07,1.96110937e-01
3.20277812e-07,1.96089063e-01
3.20317813e-07,1.96110937e-01
3.20357812e-07,1.96089063e-01
3.20397812e-07,1.96110937e-01
3.20437812e-07,1.96089063e-01
3.20477812e-07,1.96110937e-01
3.20517812e-07,1.96089063e-01
3.20557812e-07,1.96110937e-01
3.20597813e-07,1.96089063e-01
3.20637812e-07,1.96110937e-01
3.20677812e-07,1.96089063e-01
3.20717812e-07,1.96110937e-01
3.20757812e-07,1.96089063e-01
3.20797812e-07,1.96110937e-01
3.20837812e-07,1.96089063e-01
3.20877813e-07,1.96110937e-01
3.20917812e-07,1.96089063e-01
3.20957812e-07,1.96110937e-01
3.20997812e-07,1.96089063e-01
3.21037812e-07,1.96112500e-01
3.21077812e-07,1.96087500e-01
3.21117812e-07,1.96112500e-01
3.21157813e-07,1.96087500e-01
3.21197812e-07,1.96112500e-01
3.21237812e-07,1.96085938e-01
3.21277812e-07,1.96114063e-01
3.21317812e-07,1.96084375e-01
3.21357812e-07,1.96115625e-01
3.21397812e-07,1.96082813e-01
3.21437813e-07,1.96118750e-01
3.21477812e-07,1.96078125e-01
3.21517812e-07,1.96125000e-01
3.21557812e-07,1.96070313e-01
3.21597812e-07,1.96139063e-01
3.21637812e-07,1.96035938e-01
3.21677812e-07,1.96317188e-01
3.21717813e-07,1.96543750e-01
3.21757812e-07,1.96479687e-01
3.21797812e-07,1.96509375e-01
3.21837812e-07,1.96495313e-01
3.21877812e-07,1.96500000e-01
3.21917812e-07,1.96501563e-01
3.21957812e-07,1.96495313e-01
3.21997813e-07,1.96507813e-01
3.22037812e-07,1.96489063e-01
3.22077812e-07,1.96514063e-01
3.22117812e-07,1.96479687e-01
3.22157812e-07,1.96529687e-01
3.22197812e-07,1.96445312e-01
3.22237812e-07,1.96707812e-01
3.22277813e-07,1.96953125e-01
3.22317812e-07,1.96870313e-01
3.22357812e-07,1.96920312e-01
3.22397812e-07,1.96885937e-01
3.22437812e-07,1.96910937e-01
3.22477812e-07,1.96890625e-01
3.22517812e-07,1.96907813e-01
3.22557813e-07,1.96893750e-01
3.22597812e-07,1.96906250e-01
3.22637812e-07,1.96895313e-01
3.22677812e-07,1.96904688e-01
3.22717812e-07,1.96896875e-01
3.22757812e-07,1.96903125e-01
3.22797812e-07,1.96896875e-01
3.22837813e-07,1.96903125e-01
3.22877812e-07,1.96898438e-01
3.22917812e-07,1.96901563e-01
3.22957812e-07,1.96898438e-01
3.22997812e-07,1.96901563e-01
3.23037812e-07,1.96898438e-01
3.23077812e-07,1.96901563e-01
3.23117813e-07,1.96900000e-01
3.23157812e-07,1.96900000e-01
3.23197812e-07,1.96900000e-01
3.23237812e-07,1.96900000e-01
3.23277812e-07,1.96900000e-01
3.23317812e-07,1.96900000e-01
3.23357812e-07,1.96900000e-01
3.23397813e-07,1.96900000e-01
3.23437812e-07,1.96900000e-01
3.23477812e-07,1.96900000e-01
3.23517812e-07,1.96900000e-01
3.23557812e-07,1.96900000e-01
3.23597812e-07,1.96900000e-01
3.23637812e-07,1.96900000e-01
3.23677813e-07,1.96900000e-01
3.23717812e-07,1.96900000e-01
3.23757812e-07,1.96900000e-01
3.23797812e-07,1.96900000e-01
3.23837812e-07,1.96900000e-01
3.23877812e-07,1.96900000e-01
3.23917812e-07,1.96900000e-01
3.23957813e-07,1.96900000e-01
3.23997812e-07,1.96900000e-01
3.24037812e-07,1.96900000e-01
3.24077812e-07,1.96900000e-01
3.24117812e-07,1.96900000e-01
3.24157812e-07,1.96900000e-01
3.24197812e-07,1.96900000e-01
3.24237813e-07,1.96900000e-01
3.24277812e-07,1.96900000e-01
3.24317812e-07,1.96900000e-01
3.24357812e-07,1.96900000e-01
3.24397812e-07,1.96900000e-01
3.24437812e-07,1.96901563e-01
3.24477812e-07,1.96898438e-01
3.24517813e-07,1.96901563e-01
3.24557812e-07,1.96898438e-01
3.24597812e-07,1.96903125e-01
3.24637812e-07,1.96896875e-01
3.24677812e-07,1.96904688e-01
3.24717812e-07,1.96893750e-01
3.24757812e-07,1.96907813e-01
3.24797813e-07,1.96889063e-01
3.24837812e-07,1.96915625e-01
3.24877812e-07,1.96873437e-01
3.24917812e-07,1.96950000e-01
3.24957812e-07,1.96696875e-01
3.24997812e-07,1.96440625e-01
3.25037812e-07,1.96534375e-01
3.25077813e-07,1.96475000e-01
3.25117812e-07,1.96520313e-01
3.25157812e-07,1.96482812e-01
3.25197812e-07,1.96515625e-01
3.25237812e-07,1.96485938e-01
3.25277812e-07,1.96514063e-01
3.25317812e-07,1.96487500e-01
3.25357813e-07,1.96512500e-01
3.25397812e-07,1.96489063e-01
3.25437812e-07,1.96510938e-01
3.25477812e-07,1.96489063e-01
3.25517812e-07,1.96510938e-01
3.25557812e-07,1.96489063e-01
3.25597812e-07,1.96510938e-01
3.25637813e-07,1.96489063e-01
3.25677812e-07,1.96509375e-01
3.25717812e-07,1.96490625e-01
3.25757812e-07,1.96509375e-01
3.25797812e-07,1.96490625e-01
3.25837812e-07,1.96509375e-01
3.25877812e-07,1.96490625e-01
3.25917813e-07,1.96509375e-01
3.25957812e-07,1.96490625e-01
3.25997812e-07,1.96510938e-01
3.26037812e-07,1.96489063e-01
3.26077812e-07,1.96510938e-01
3.26117812e-07,1.96489063e-01
3.26157812e-07,1.96510938e-01
3.26197813e-07,1.96489063e-01
3.26237812e-07,1.96510938e-01
3.26277812e-07,1.96489063e-01
3.26317812e-07,1.96510938e-01
3.26357812e-07,1.96487500e-01
3.26397812e-07,1.96512500e-01
3.26437812e-07,1.96487500e-01
3.26477813e-07,1.96512500e-01
3.26517812e-07,1.96487500e-01
3.26557812e-07,1.96514063e-01
3.26597812e-07,1.96485938e-01
3.26637812e-07,1.96514063e-01
3.26677812e-07,1.96484375e-01
3.26717812e-07,1.96515625e-01
3.26757813e-07,1.96482812e-01
3.26797812e-07,1.96518750e-01
3.26837812e-07,1.96479687e-01
3.26877812e-07,1.96521875e-01
3.26917812e-07,1.96476563e-01
3.26957812e-07,1.96528125e-01
3.26997812e-07,1.96467188e-01
3.27037813e-07,1.96543750e-01
3.27077812e-07,1.96431250e-01
3.27117812e-07,1.96723438e-01
3.27157812e-07,1.96939063e-01
3.27197812e-07,1.96885937e-01
3.27237812e-07,1.96903125e-01
3.27277812e-07,1.96903125e-01
3.27317813e-07,1.96890625e-01
3.27357812e-07,1.96915625e-01
3.27397812e-07,1.96878125e-01
3.27437812e-07,1.96932812e-01
3.27477812e-07,1.96840625e-01
3.27517812e-07,1.97114063e-01
3.27557812e-07,1.97346875e-01
3.27597813e-07,1.97278125e-01
3.27637812e-07,1.97310938e-01
3.27677812e-07,1.97295313e-01
3.27717812e-07,1.97298438e-01
3.27757812e-07,1.97307813e-01
3.27797812e-07,1.97285938e-01
3.27837812e-07,1.97325000e-01
3.27877813e-07,1.97248438e-01
3.27917812e-07,1.97504687e-01
3.27957812e-07,1.97756250e-01
3.27997812e-07,1.97668750e-01
3.28037812e-07,1.97721875e-01
3.28077812e-07,1.97684375e-01
3.28117812e-07,1.97712500e-01
3.28157813e-07,1.97690625e-01
3.28197812e-07,1.97707812e-01
3.28237812e-07,1.97693750e-01
3.28277812e-07,1.97704688e-01
3.28317812e-07,1.97696875e-01
3.28357812e-07,1.97703125e-01
3.28397812e-07,1.97698438e-01
3.28437813e-07,1.97700000e-01
3.28477812e-07,1.97700000e-01
3.28517812e-07,1.97698438e-01
3.28557812e-07,1.97703125e-01
3.28597812e-07,1.97696875e-01
3.28637812e-07,1.97704688e-01
3.28677812e-07,1.97693750e-01
3.28717813e-07,1.97707812e-01
3.28757812e-07,1.97690625e-01
3.28797812e-07,1.97712500e-01
3.28837812e-07,1.97684375e-01
3.28877812e-07,1.97720312e-01
3.28917812e-07,1.97668750e-01
3.28957812e-07,1.97756250e-01
3.28997813e-07,1.97490625e-01
3.29037812e-07,1.97248438e-01
3.29077812e-07,1.97328125e-01
3.29117812e-07,1.97282813e-01
3.29157812e-07,1.97312500e-01
3.29197812e-07,1.97290625e-01
3.29237812e-07,1.97306250e-01
3.29277813e-07,1.97296875e-01
3.29317812e-07,1.97301562e-01
3.29357812e-07,1.97300000e-01
3.29397812e-07,1.97296875e-01
3.29437812e-07,1.97306250e-01
3.29477812e-07,1.97290625e-01
3.29517812e-07,1.97315625e-01
3.29557813e-07,1.97275000e-01
3.29597812e-07,1.97350000e-01
3.29637812e-07,1.97096875e-01
3.29677812e-07,1.96842188e-01
3.29717812e-07,1.96934375e-01
3.29757812e-07,1.96875000e-01
3.29797812e-07,1.96918750e-01
3.29837813e-07,1.96884375e-01
3.29877812e-07,1.96914063e-01
3.29917812e-07,1.96887500e-01
3.29957812e-07,1.96910937e-01
3.29997812e-07,1.96890625e-01
3.30037812e-07,1.96907813e-01
3.30077812e-07,1.96892188e-01
3.30117812e-07,1.96907813e-01
3.30157812e-07,1.96893750e-01
3.30197812e-07,1.96906250e-01
3.30237812e-07,1.96893750e-01
3.30277812e-07,1.96904688e-01
3.30317812e-07,1.96895313e-01
3.30357812e-07,1.96904688e-01
3.30397812e-07,1.96895313e-01
3.30437812e-07,1.96903125e-01
3.30477812e-07,1.96896875e-01
3.30517812e-07,1.96903125e-01
3.30557812e-07,1.96896875e-01
3.30597812e-07,1.96903125e-01
3.30637812e-07,1.96896875e-01
3.30677812e-07,1.96901563e-01
3.30717812e-07,1.96898438e-01
3.30757812e-07,1.96901563e-01
3.30797812e-07,1.96898438e-01
3.30837812e-07,1.96901563e-01
3.30877812e-07,1.96898438e-01
3.30917812e-07,1.96900000e-01
3.30957812e-07,1.96900000e-01
3.30997812e-07,1.96900000e-01
3.31037812e-07,1.96900000e-01
3.31077812e-07,1.96900000e-01
3.31117812e-07,1.96900000e-01
3.31157812e-07,1.96900000e-01
3.31197812e-07,1.96901563e-01
3.31237812e-07,1.96898438e-01
3.31277812e-07,1.96901563e-01
3.31317812e-07,1.96898438e-01
3.31357812e-07,1.96901563e-01
3.31397812e-07,1.96896875e-01
3.31437812e-07,1.96903125e-01
3.31477812e-07,1.96896875e-01
3.31517812e-07,1.96903125e-01
3.31557812e-07,1.96895313e-01
3.31597812e-07,1.96904688e-01
3.31637812e-07,1.96895313e-01
3.31677812e-07,1.96906250e-01
3.31717812e-07,1.96893750e-01
3.31757812e-07,1.96907813e-01
3.31797812e-07,1.96892188e-01
3.31837812e-07,1.96909375e-01
3.31877812e-07,1.96889063e-01
3.31917812e-07,1.96912500e-01
3.31957812e-07,1.96884375e-01
3.31997812e-07,1.96918750e-01
3.32037812e-07,1.96876563e-01
3.32077812e-07,1.96934375e-01
3.32117812e-07,1.96840625e-01
3.32157812e-07,1.97112500e-01
3.32197812e-07,1.97348438e-01
3.32237812e-07,1.97276563e-01
3.32277812e-07,1.97314062e-01
3.32317813e-07,1.97292187e-01
3.32357812e-07,1.97303125e-01
3.32397812e-07,1.97300000e-01
3.32437812e-07,1.97295313e-01
3.32477812e-07,1.97307813e-01
3.32517812e-07,1.97285938e-01
3.32557812e-07,1.97325000e-01
3.32597813e-07,1.97248438e-01
3.32637812e-07,1.97504687e-01
3.32677812e-07,1.97756250e-01
3.32717812e-07,1.97668750e-01
3.32757812e-07,1.97721875e-01
3.32797812e-07,1.97684375e-01
3.32837812e-07,1.97712500e-01
3.32877813e-07,1.97690625e-01
3.32917812e-07,1.97706250e-01
3.32957812e-07,1.97696875e-01
3.32997812e-07,1.97700000e-01
3.33037812e-07,1.97704688e-01
3.33077812e-07,1.97690625e-01
3.33117812e-07,1.97720312e-01
3.33157813e-07,1.97654688e-01
3.33197812e-07,1.97900000e-01
3.33237812e-07,1.98162500e-01
3.33277812e-07,1.98062500e-01
3.33317812e-07,1.98128125e-01
3.33357812e-07,1.98076562e-01
3.33397812e-07,1.98120313e-01
3.33437813e-07,1.98082813e-01
3.33477812e-07,1.98115625e-01
3.33517812e-07,1.98085938e-01
3.33557812e-07,1.98112500e-01
3.33597812e-07,1.98087500e-01
3.33637812e-07,1.98110938e-01
3.33677812e-07,1.98090625e-01
3.33717813e-07,1.98109375e-01
3.33757812e-07,1.98092188e-01
3.33797812e-07,1.98107813e-01
3.33837812e-07,1.98093750e-01
3.33877812e-07,1.98104688e-01
3.33917812e-07,1.98095313e-01
3.33957812e-07,1.98103125e-01
3.33997813e-07,1.98100000e-01
3.34037812e-07,1.98096875e-01
3.34077812e-07,1.98107813e-01
3.34117812e-07,1.98082813e-01
3.34157812e-07,1.98142188e-01
3.34197812e-07,1.97904688e-01
3.34237812e-07,1.97632813e-01
3.34277813e-07,1.97743750e-01
3.34317812e-07,1.97664063e-01
3.34357812e-07,1.97731250e-01
3.34397812e-07,1.97670313e-01
3.34437812e-07,1.97728125e-01
3.34477812e-07,1.97671875e-01
3.34517812e-07,1.97729688e-01
3.34557813e-07,1.97668750e-01
3.34597812e-07,1.97735938e-01
3.34637812e-07,1.97654688e-01
3.34677812e-07,1.97770313e-01
3.34717812e-07,1.97476563e-01
3.34757812e-07,1.97260938e-01
3.34797812e-07,1.97314062e-01
3.34837813e-07,1.97295313e-01
3.34877812e-07,1.97298438e-01
3.34917812e-07,1.97306250e-01
3.34957812e-07,1.97289063e-01
3.34997812e-07,1.97317188e-01
3.35037812e-07,1.97273438e-01
3.35077812e-07,1.97353125e-01
3.35117813e-07,1.97093750e-01
3.35157812e-07,1.96843750e-01
3.35197812e-07,1.96932812e-01
3.35237812e-07,1.96876563e-01
3.35277812e-07,1.96918750e-01
3.35317812e-07,1.96884375e-01
3.35357812e-07,1.96914063e-01
3.35397813e-07,1.96885937e-01
3.35437812e-07,1.96914063e-01
3.35477812e-07,1.96885937e-01
3.35517812e-07,1.96915625e-01
3.35557812e-07,1.96882813e-01
3.35597812e-07,1.96921875e-01
3.35637812e-07,1.96868750e-01
3.35677813e-07,1.96956250e-01
3.35717812e-07,1.96690625e-01
3.35757812e-07,1.96446875e-01
3.35797812e-07,1.96529687e-01
3.35837812e-07,1.96479687e-01
3.35877812e-07,1.96515625e-01
3.35917812e-07,1.96485938e-01
3.35957813e-07,1.96510938e-01
3.35997812e-07,1.96490625e-01
