Model,MSO66B
Label,
Waveform Type,ANALOG
Horizontal Units,s
Sample Interval,4.00000000e-11
Record Length,10000
Zero Index,1599.12109375
Vertical Units,A
ANALOG_Thumbnail,
yOffset,1.84500000e-01
yPosition,8.40000000e-01

Labels,
TIME,CH1
-6.39648437e-08,1.82101563e-01
-6.39248438e-08,1.82098438e-01
-6.38848437e-08,1.82103125e-01
-6.38448438e-08,1.82096875e-01
-6.38048437e-08,1.82103125e-01
-6.37648437e-08,1.82096875e-01
-6.37248437e-08,1.82103125e-01
-6.36848437e-08,1.82096875e-01
-6.36448438e-08,1.82103125e-01
-6.36048437e-08,1.82096875e-01
-6.35648438e-08,1.82103125e-01
-6.35248437e-08,1.82096875e-01
-6.34848437e-08,1.82103125e-01
-6.34448437e-08,1.82096875e-01
-6.34048437e-08,1.82104688e-01
-6.33648438e-08,1.82095312e-01
-6.33248437e-08,1.82104688e-01
-6.32848437e-08,1.82095312e-01
-6.32448437e-08,1.82104688e-01
-6.32048437e-08,1.82095312e-01
-6.31648437e-08,1.82104688e-01
-6.31248437e-08,1.82095312e-01
-6.30848438e-08,1.82104688e-01
-6.30448437e-08,1.82095312e-01
-6.30048437e-08,1.82106250e-01
-6.29648437e-08,1.82093750e-01
-6.29248437e-08,1.82106250e-01
-6.28848437e-08,1.82093750e-01
-6.28448437e-08,1.82106250e-01
-6.28048438e-08,1.82092188e-01
-6.27648437e-08,1.82107812e-01
-6.27248437e-08,1.82092188e-01
-6.26848437e-08,1.82109375e-01
-6.26448437e-08,1.82090625e-01
-6.26048437e-08,1.82110938e-01
-6.25648437e-08,1.82087500e-01
-6.25248438e-08,1.82114063e-01
-6.24848437e-08,1.82084375e-01
-6.24448437e-08,1.82118750e-01
-6.24048437e-08,1.82075000e-01
-6.23648437e-08,1.82134375e-01
-6.23248437e-08,1.82040625e-01
-6.22848437e-08,1.82314063e-01
-6.22448438e-08,1.82548437e-01
-6.22048437e-08,1.82478125e-01
-6.21648437e-08,1.82510937e-01
-6.21248437e-08,1.82496875e-01
-6.20848437e-08,1.82496875e-01
-6.20448437e-08,1.82515625e-01
-6.20048437e-08,1.82459375e-01
-6.19648438e-08,1.82693750e-01
-6.19248437e-08,1.82968750e-01
-6.18848437e-08,1.82853125e-01
-6.18448437e-08,1.82939062e-01
-6.18048437e-08,1.82860938e-01
-6.17648437e-08,1.82943750e-01
-6.17248437e-08,1.82834375e-01
-6.16848438e-08,1.83117188e-01
-6.16448437e-08,1.83348438e-01
-6.16048437e-08,1.83273437e-01
-6.15648437e-08,1.83321875e-01
-6.15248437e-08,1.83278125e-01
-6.14848437e-08,1.83328125e-01
-6.14448437e-08,1.83250000e-01
-6.14048438e-08,1.83501562e-01
-6.13648437e-08,1.83762500e-01
-6.13248437e-08,1.83657813e-01
-6.12848437e-08,1.83735938e-01
-6.12448437e-08,1.83664063e-01
-6.12048438e-08,1.83743750e-01
-6.11648437e-08,1.83634375e-01
-6.11248438e-08,1.83917187e-01
-6.10848437e-08,1.84145313e-01
-6.10448437e-08,1.84078125e-01
-6.10048437e-08,1.84114063e-01
-6.09648437e-08,1.84090625e-01
-6.09248438e-08,1.84106250e-01
-6.08848437e-08,1.84095312e-01
-6.08448438e-08,1.84103125e-01
-6.08048437e-08,1.84096875e-01
-6.07648437e-08,1.84101563e-01
-6.07248437e-08,1.84098438e-01
-6.06848437e-08,1.84101563e-01
-6.06448438e-08,1.84100000e-01
-6.06048437e-08,1.84100000e-01
-6.05648438e-08,1.84100000e-01
-6.05248437e-08,1.84100000e-01
-6.04848437e-08,1.84101563e-01
-6.04448437e-08,1.84098438e-01
-6.04048437e-08,1.84101563e-01
-6.03648438e-08,1.84098438e-01
-6.03248437e-08,1.84103125e-01
-6.02848438e-08,1.84096875e-01
-6.02448437e-08,1.84104688e-01
-6.02048437e-08,1.84093750e-01
-6.01648437e-08,1.84107812e-01
-6.01248437e-08,1.84089063e-01
-6.00848438e-08,1.84114063e-01
-6.00448437e-08,1.84076563e-01
-6.00048438e-08,1.84148438e-01
-5.99648437e-08,1.83900000e-01
-5.99248437e-08,1.83635938e-01
-5.98848437e-08,1.83742188e-01
-5.98448437e-08,1.83665625e-01
-5.98048438e-08,1.83734375e-01
-5.97648437e-08,1.83659375e-01
-5.97248438e-08,1.83762500e-01
-5.96848437e-08,1.83487500e-01
-5.96448437e-08,1.83246875e-01
-5.96048437e-08,1.83334375e-01
-5.95648437e-08,1.83265625e-01
-5.95248437e-08,1.83353125e-01
-5.94848437e-08,1.83100000e-01
-5.94448437e-08,1.82832812e-01
-5.94048437e-08,1.82950000e-01
-5.93648437e-08,1.82848438e-01
-5.93248437e-08,1.82973438e-01
-5.92848437e-08,1.82675000e-01
-5.92448437e-08,1.82462500e-01
-5.92048437e-08,1.82512500e-01
-5.91648437e-08,1.82501563e-01
-5.91248437e-08,1.82485938e-01
-5.90848437e-08,1.82540625e-01
-5.90448437e-08,1.82304688e-01
-5.90048437e-08,1.82032813e-01
-5.89648437e-08,1.82143750e-01
-5.89248437e-08,1.82065625e-01
-5.88848437e-08,1.82131250e-01
-5.88448437e-08,1.82068750e-01
-5.88048437e-08,1.82134375e-01
-5.87648437e-08,1.82057812e-01
-5.87248437e-08,1.82165625e-01
-5.86848437e-08,1.81882813e-01
-5.86448437e-08,1.81654687e-01
-5.86048437e-08,1.81723438e-01
-5.85648437e-08,1.81685938e-01
-5.85248437e-08,1.81709375e-01
-5.84848437e-08,1.81693750e-01
-5.84448437e-08,1.81704688e-01
-5.84048437e-08,1.81695313e-01
-5.83648437e-08,1.81703125e-01
-5.83248437e-08,1.81696875e-01
-5.82848437e-08,1.81701562e-01
-5.82448437e-08,1.81698438e-01
-5.82048437e-08,1.81701562e-01
-5.81648437e-08,1.81698438e-01
-5.81248437e-08,1.81701562e-01
-5.80848437e-08,1.81698438e-01
-5.80448437e-08,1.81701562e-01
-5.80048437e-08,1.81700000e-01
-5.79648437e-08,1.81700000e-01
-5.79248437e-08,1.81700000e-01
-5.78848437e-08,1.81700000e-01
-5.78448437e-08,1.81700000e-01
-5.78048437e-08,1.81700000e-01
-5.77648437e-08,1.81700000e-01
-5.77248437e-08,1.81700000e-01
-5.76848437e-08,1.81700000e-01
-5.76448437e-08,1.81700000e-01
-5.76048437e-08,1.81700000e-01
-5.75648437e-08,1.81700000e-01
-5.75248437e-08,1.81700000e-01
-5.74848437e-08,1.81700000e-01
-5.74448437e-08,1.81700000e-01
-5.74048437e-08,1.81700000e-01
-5.73648437e-08,1.81700000e-01
-5.73248437e-08,1.81700000e-01
-5.72848437e-08,1.81700000e-01
-5.72448437e-08,1.81700000e-01
-5.72048437e-08,1.81700000e-01
-5.71648437e-08,1.81700000e-01
-5.71248437e-08,1.81700000e-01
-5.70848437e-08,1.81700000e-01
-5.70448437e-08,1.81700000e-01
-5.70048437e-08,1.81700000e-01
-5.69648437e-08,1.81700000e-01
-5.69248437e-08,1.81700000e-01
-5.68848437e-08,1.81700000e-01
-5.68448437e-08,1.81700000e-01
-5.68048437e-08,1.81700000e-01
-5.67648437e-08,1.81700000e-01
-5.67248437e-08,1.81700000e-01
-5.66848437e-08,1.81700000e-01
-5.66448437e-08,1.81700000e-01
-5.66048437e-08,1.81700000e-01
-5.65648437e-08,1.81700000e-01
-5.65248437e-08,1.81700000e-01
-5.64848437e-08,1.81698438e-01
-5.64448437e-08,1.81701562e-01
-5.64048437e-08,1.81698438e-01
-5.63648437e-08,1.81701562e-01
-5.63248437e-08,1.81698438e-01
-5.62848437e-08,1.81701562e-01
-5.62448437e-08,1.81698438e-01
-5.62048437e-08,1.81703125e-01
-5.61648437e-08,1.81696875e-01
-5.61248437e-08,1.81704688e-01
-5.60848437e-08,1.81695313e-01
-5.60448437e-08,1.81707813e-01
-5.60048437e-08,1.81690625e-01
-5.59648437e-08,1.81714062e-01
-5.59248437e-08,1.81676562e-01
-5.58848437e-08,1.81746875e-01
-5.58448437e-08,1.81500000e-01
-5.58048437e-08,1.81235937e-01
-5.57648437e-08,1.81340625e-01
-5.57248437e-08,1.81265625e-01
-5.56848437e-08,1.81332812e-01
-5.56448437e-08,1.81265625e-01
-5.56048437e-08,1.81342188e-01
-5.55648437e-08,1.81234375e-01
-5.55248437e-08,1.81517188e-01
-5.54848437e-08,1.81745313e-01
-5.54448437e-08,1.81678125e-01
-5.54048437e-08,1.81714062e-01
-5.53648437e-08,1.81690625e-01
-5.53248437e-08,1.81706250e-01
-5.52848437e-08,1.81695313e-01
-5.52448437e-08,1.81703125e-01
-5.52048437e-08,1.81698438e-01
-5.51648437e-08,1.81701562e-01
-5.51248437e-08,1.81698438e-01
-5.50848437e-08,1.81700000e-01
-5.50448437e-08,1.81700000e-01
-5.50048437e-08,1.81700000e-01
-5.49648437e-08,1.81701562e-01
-5.49248437e-08,1.81698438e-01
-5.48848437e-08,1.81701562e-01
-5.48448437e-08,1.81698438e-01
-5.48048437e-08,1.81703125e-01
-5.47648437e-08,1.81696875e-01
-5.47248437e-08,1.81703125e-01
-5.46848437e-08,1.81695313e-01
-5.46448437e-08,1.81704688e-01
-5.46048437e-08,1.81693750e-01
-5.45648437e-08,1.81707813e-01
-5.45248437e-08,1.81690625e-01
-5.44848437e-08,1.81712500e-01
-5.44448437e-08,1.81682813e-01
-5.44048437e-08,1.81726562e-01
-5.43648437e-08,1.81648438e-01
-5.43248437e-08,1.81904687e-01
-5.42848437e-08,1.82157813e-01
-5.42448437e-08,1.82065625e-01
-5.42048437e-08,1.82125000e-01
-5.41648437e-08,1.82079688e-01
-5.41248437e-08,1.82118750e-01
-5.40848437e-08,1.82082812e-01
-5.40448437e-08,1.82115625e-01
-5.40048437e-08,1.82084375e-01
-5.39648437e-08,1.82117187e-01
-5.39248437e-08,1.82082812e-01
-5.38848437e-08,1.82120313e-01
-5.38448437e-08,1.82075000e-01
-5.38048438e-08,1.82134375e-01
-5.37648437e-08,1.82042188e-01
-5.37248437e-08,1.82310938e-01
-5.36848437e-08,1.82551563e-01
-5.36448437e-08,1.82471875e-01
-5.36048437e-08,1.82518750e-01
-5.35648437e-08,1.82484375e-01
-5.35248437e-08,1.82512500e-01
-5.34848437e-08,1.82489063e-01
-5.34448437e-08,1.82509375e-01
-5.34048437e-08,1.82490625e-01
-5.33648437e-08,1.82509375e-01
-5.33248437e-08,1.82490625e-01
-5.32848437e-08,1.82509375e-01
-5.32448437e-08,1.82490625e-01
-5.32048437e-08,1.82510937e-01
-5.31648437e-08,1.82487500e-01
-5.31248437e-08,1.82515625e-01
-5.30848437e-08,1.82479688e-01
-5.30448437e-08,1.82529688e-01
-5.30048437e-08,1.82445313e-01
-5.29648437e-08,1.82707813e-01
-5.29248437e-08,1.82954688e-01
-5.28848437e-08,1.82868750e-01
-5.28448437e-08,1.82923438e-01
-5.28048437e-08,1.82881250e-01
-5.27648437e-08,1.82915625e-01
-5.27248437e-08,1.82885938e-01
-5.26848437e-08,1.82912500e-01
-5.26448437e-08,1.82887500e-01
-5.26048437e-08,1.82912500e-01
-5.25648437e-08,1.82887500e-01
-5.25248437e-08,1.82914063e-01
-5.24848437e-08,1.82884375e-01
-5.24448437e-08,1.82917187e-01
-5.24048437e-08,1.82878125e-01
-5.23648437e-08,1.82931250e-01
-5.23248437e-08,1.82843750e-01
-5.22848437e-08,1.83107812e-01
-5.22448437e-08,1.83354688e-01
-5.22048437e-08,1.83268750e-01
-5.21648437e-08,1.83323438e-01
-5.21248437e-08,1.83281250e-01
-5.20848437e-08,1.83317188e-01
-5.20448437e-08,1.83282813e-01
-5.20048437e-08,1.83318750e-01
-5.19648437e-08,1.83276563e-01
-5.19248437e-08,1.83331250e-01
-5.18848438e-08,1.83245313e-01
-5.18448437e-08,1.83507813e-01
-5.18048437e-08,1.83756250e-01
-5.17648437e-08,1.83665625e-01
-5.17248437e-08,1.83726562e-01
-5.16848437e-08,1.83676563e-01
-5.16448437e-08,1.83723438e-01
-5.16048438e-08,1.83673438e-01
-5.15648437e-08,1.83734375e-01
-5.15248437e-08,1.83642187e-01
-5.14848437e-08,1.83909375e-01
-5.14448437e-08,1.84153125e-01
-5.14048437e-08,1.84068750e-01
-5.13648437e-08,1.84123438e-01
-5.13248437e-08,1.84081250e-01
-5.12848437e-08,1.84118750e-01
-5.12448437e-08,1.84081250e-01
-5.12048437e-08,1.84120312e-01
-5.11648437e-08,1.84075000e-01
-5.11248437e-08,1.84132813e-01
-5.10848437e-08,1.84042188e-01
-5.10448437e-08,1.84309375e-01
-5.10048437e-08,1.84553125e-01
-5.09648437e-08,1.84470313e-01
-5.09248437e-08,1.84520313e-01
-5.08848437e-08,1.84484375e-01
-5.08448437e-08,1.84512500e-01
-5.08048437e-08,1.84489062e-01
-5.07648437e-08,1.84509375e-01
-5.07248437e-08,1.84492188e-01
-5.06848437e-08,1.84507813e-01
-5.06448437e-08,1.84492188e-01
-5.06048437e-08,1.84506250e-01
-5.05648437e-08,1.84493750e-01
-5.05248437e-08,1.84506250e-01
-5.04848437e-08,1.84493750e-01
-5.04448437e-08,1.84506250e-01
-5.04048437e-08,1.84493750e-01
-5.03648437e-08,1.84506250e-01
-5.03248437e-08,1.84493750e-01
-5.02848437e-08,1.84506250e-01
-5.02448437e-08,1.84493750e-01
-5.02048437e-08,1.84506250e-01
-5.01648437e-08,1.84493750e-01
-5.01248437e-08,1.84506250e-01
-5.00848437e-08,1.84493750e-01
-5.00448437e-08,1.84506250e-01
-5.00048437e-08,1.84493750e-01
-4.99648438e-08,1.84506250e-01
-4.99248437e-08,1.84493750e-01
-4.98848437e-08,1.84506250e-01
-4.98448437e-08,1.84493750e-01
-4.98048437e-08,1.84507813e-01
-4.97648437e-08,1.84492188e-01
-4.97248437e-08,1.84507813e-01
-4.96848438e-08,1.84492188e-01
-4.96448437e-08,1.84509375e-01
-4.96048437e-08,1.84490625e-01
-4.95648437e-08,1.84510937e-01
-4.95248437e-08,1.84487500e-01
-4.94848437e-08,1.84514063e-01
-4.94448437e-08,1.84482813e-01
-4.94048437e-08,1.84523437e-01
-4.93648437e-08,1.84467188e-01
-4.93248437e-08,1.84557813e-01
-4.92848437e-08,1.84289063e-01
-4.92448437e-08,1.84048437e-01
-4.92048437e-08,1.84128125e-01
-4.91648437e-08,1.84081250e-01
-4.91248437e-08,1.84114063e-01
-4.90848437e-08,1.84089063e-01
-4.90448437e-08,1.84109375e-01
-4.90048437e-08,1.84092188e-01
-4.89648437e-08,1.84106250e-01
-4.89248437e-08,1.84093750e-01
-4.88848437e-08,1.84106250e-01
-4.88448437e-08,1.84095312e-01
-4.88048437e-08,1.84106250e-01
-4.87648437e-08,1.84093750e-01
-4.87248437e-08,1.84106250e-01
-4.86848437e-08,1.84093750e-01
-4.86448437e-08,1.84107812e-01
-4.86048437e-08,1.84089063e-01
-4.85648437e-08,1.84115625e-01
-4.85248437e-08,1.84075000e-01
-4.84848437e-08,1.84148438e-01
-4.84448437e-08,1.83900000e-01
-4.84048437e-08,1.83637500e-01
-4.83648437e-08,1.83739062e-01
-4.83248437e-08,1.83668750e-01
-4.82848437e-08,1.83728125e-01
-4.82448437e-08,1.83673438e-01
-4.82048437e-08,1.83728125e-01
-4.81648437e-08,1.83670313e-01
-4.81248437e-08,1.83734375e-01
-4.80848437e-08,1.83656250e-01
-4.80448438e-08,1.83768750e-01
-4.80048437e-08,1.83478125e-01
-4.79648437e-08,1.83259375e-01
-4.79248437e-08,1.83315625e-01
-4.78848437e-08,1.83295313e-01
-4.78448437e-08,1.83298437e-01
-4.78048437e-08,1.83306250e-01
-4.77648438e-08,1.83287500e-01
-4.77248437e-08,1.83318750e-01
-4.76848437e-08,1.83270313e-01
-4.76448437e-08,1.83356250e-01
-4.76048437e-08,1.83089063e-01
-4.75648437e-08,1.82850000e-01
-4.75248437e-08,1.82925000e-01
-4.74848438e-08,1.82885938e-01
-4.74448437e-08,1.82907813e-01
-4.74048437e-08,1.82898438e-01
-4.73648437e-08,1.82896875e-01
-4.73248437e-08,1.82909375e-01
-4.72848437e-08,1.82878125e-01
-4.72448437e-08,1.82946875e-01
-4.72048437e-08,1.82698438e-01
-4.71648437e-08,1.82440625e-01
-4.71248437e-08,1.82535937e-01
-4.70848437e-08,1.82475000e-01
-4.70448437e-08,1.82518750e-01
-4.70048437e-08,1.82484375e-01
-4.69648437e-08,1.82512500e-01
-4.69248437e-08,1.82490625e-01
-4.68848437e-08,1.82507813e-01
-4.68448437e-08,1.82493750e-01
-4.68048437e-08,1.82503125e-01
-4.67648437e-08,1.82500000e-01
-4.67248437e-08,1.82496875e-01
-4.66848437e-08,1.82509375e-01
-4.66448437e-08,1.82481250e-01
-4.66048437e-08,1.82543750e-01
-4.65648437e-08,1.82303125e-01
-4.65248437e-08,1.82035937e-01
-4.64848437e-08,1.82140625e-01
-4.64448437e-08,1.82068750e-01
-4.64048437e-08,1.82125000e-01
-4.63648437e-08,1.82078125e-01
-4.63248437e-08,1.82120313e-01
-4.62848437e-08,1.82081250e-01
-4.62448437e-08,1.82117187e-01
-4.62048437e-08,1.82084375e-01
-4.61648437e-08,1.82115625e-01
-4.61248438e-08,1.82084375e-01
-4.60848437e-08,1.82114063e-01
-4.60448437e-08,1.82085938e-01
-4.60048437e-08,1.82114063e-01
-4.59648437e-08,1.82085938e-01
-4.59248437e-08,1.82112500e-01
-4.58848437e-08,1.82087500e-01
-4.58448438e-08,1.82112500e-01
-4.58048437e-08,1.82087500e-01
-4.57648437e-08,1.82112500e-01
-4.57248437e-08,1.82087500e-01
-4.56848437e-08,1.82112500e-01
-4.56448437e-08,1.82087500e-01
-4.56048437e-08,1.82112500e-01
-4.55648438e-08,1.82087500e-01
-4.55248437e-08,1.82112500e-01
-4.54848437e-08,1.82087500e-01
-4.54448437e-08,1.82112500e-01
-4.54048437e-08,1.82087500e-01
-4.53648437e-08,1.82114063e-01
-4.53248437e-08,1.82085938e-01
-4.52848438e-08,1.82114063e-01
-4.52448437e-08,1.82084375e-01
-4.52048437e-08,1.82115625e-01
-4.51648437e-08,1.82082812e-01
-4.51248437e-08,1.82118750e-01
-4.50848437e-08,1.82079688e-01
-4.50448437e-08,1.82123438e-01
-4.50048437e-08,1.82070312e-01
-4.49648437e-08,1.82139063e-01
-4.49248437e-08,1.82035937e-01
-4.48848437e-08,1.82317188e-01
-4.48448437e-08,1.82545313e-01
-4.48048437e-08,1.82479688e-01
-4.47648437e-08,1.82510937e-01
-4.47248437e-08,1.82493750e-01
-4.46848437e-08,1.82501563e-01
-4.46448437e-08,1.82501563e-01
-4.46048437e-08,1.82496875e-01
-4.45648437e-08,1.82506250e-01
-4.45248437e-08,1.82492188e-01
-4.44848437e-08,1.82512500e-01
-4.44448437e-08,1.82482813e-01
-4.44048437e-08,1.82526563e-01
-4.43648437e-08,1.82448438e-01
-4.43248437e-08,1.82704688e-01
-4.42848437e-08,1.82957813e-01
-4.42448437e-08,1.82867188e-01
-4.42048438e-08,1.82925000e-01
-4.41648437e-08,1.82879687e-01
-4.41248437e-08,1.82917187e-01
-4.40848437e-08,1.82882813e-01
-4.40448437e-08,1.82915625e-01
-4.40048437e-08,1.82882813e-01
-4.39648437e-08,1.82918750e-01
-4.39248438e-08,1.82876563e-01
-4.38848437e-08,1.82932813e-01
-4.38448437e-08,1.82843750e-01
-4.38048437e-08,1.83109375e-01
-4.37648437e-08,1.83353125e-01
-4.37248437e-08,1.83270313e-01
-4.36848437e-08,1.83320312e-01
-4.36448438e-08,1.83284375e-01
-4.36048437e-08,1.83314063e-01
-4.35648437e-08,1.83287500e-01
-4.35248437e-08,1.83310937e-01
-4.34848437e-08,1.83290625e-01
-4.34448437e-08,1.83309375e-01
-4.34048437e-08,1.83292188e-01
-4.33648438e-08,1.83307813e-01
-4.33248437e-08,1.83292188e-01
-4.32848437e-08,1.83307813e-01
-4.32448437e-08,1.83292188e-01
-4.32048437e-08,1.83307813e-01
-4.31648437e-08,1.83292188e-01
-4.31248437e-08,1.83307813e-01
-4.30848438e-08,1.83292188e-01
-4.30448437e-08,1.83307813e-01
-4.30048437e-08,1.83292188e-01
-4.29648437e-08,1.83307813e-01
-4.29248437e-08,1.83292188e-01
-4.28848437e-08,1.83307813e-01
-4.28448437e-08,1.83292188e-01
-4.28048437e-08,1.83307813e-01
-4.27648437e-08,1.83292188e-01
-4.27248437e-08,1.83307813e-01
-4.26848437e-08,1.83292188e-01
-4.26448437e-08,1.83307813e-01
-4.26048437e-08,1.83292188e-01
-4.25648437e-08,1.83309375e-01
-4.25248437e-08,1.83290625e-01
-4.24848437e-08,1.83309375e-01
-4.24448437e-08,1.83290625e-01
-4.24048437e-08,1.83309375e-01
-4.23648437e-08,1.83289063e-01
-4.23248437e-08,1.83310937e-01
-4.22848438e-08,1.83289063e-01
-4.22448437e-08,1.83312500e-01
-4.22048437e-08,1.83287500e-01
-4.21648437e-08,1.83314063e-01
-4.21248437e-08,1.83285937e-01
-4.20848437e-08,1.83315625e-01
-4.20448437e-08,1.83282813e-01
-4.20048438e-08,1.83320312e-01
-4.19648437e-08,1.83276563e-01
-4.19248437e-08,1.83328125e-01
-4.18848437e-08,1.83260937e-01
-4.18448437e-08,1.83364063e-01
-4.18048437e-08,1.83082812e-01
-4.17648437e-08,1.82856250e-01
-4.17248438e-08,1.82918750e-01
-4.16848437e-08,1.82890625e-01
-4.16448437e-08,1.82903125e-01
-4.16048437e-08,1.82901563e-01
-4.15648437e-08,1.82892187e-01
-4.15248437e-08,1.82914063e-01
-4.14848437e-08,1.82876563e-01
-4.14448438e-08,1.82950000e-01
-4.14048437e-08,1.82696875e-01
-4.13648437e-08,1.82440625e-01
-4.13248437e-08,1.82535937e-01
-4.12848437e-08,1.82473438e-01
-4.12448437e-08,1.82523437e-01
-4.12048437e-08,1.82476562e-01
-4.11648438e-08,1.82525000e-01
-4.11248437e-08,1.82467188e-01
-4.10848437e-08,1.82556250e-01
-4.10448437e-08,1.82293750e-01
-4.10048437e-08,1.82042188e-01
-4.09648437e-08,1.82135938e-01
-4.09248437e-08,1.82071875e-01
-4.08848438e-08,1.82126563e-01
-4.08448437e-08,1.82073438e-01
-4.08048437e-08,1.82129687e-01
-4.07648437e-08,1.82060938e-01
-4.07248437e-08,1.82162500e-01
-4.06848437e-08,1.81884375e-01
-4.06448437e-08,1.81653125e-01
-4.06048437e-08,1.81723438e-01
-4.05648437e-08,1.81685938e-01
-4.05248437e-08,1.81709375e-01
-4.04848437e-08,1.81693750e-01
-4.04448437e-08,1.81703125e-01
-4.04048437e-08,1.81698438e-01
-4.03648438e-08,1.81700000e-01
-4.03248437e-08,1.81700000e-01
-4.02848437e-08,1.81698438e-01
-4.02448437e-08,1.81701562e-01
-4.02048437e-08,1.81696875e-01
-4.01648437e-08,1.81704688e-01
-4.01248437e-08,1.81695313e-01
-4.00848438e-08,1.81706250e-01
-4.00448437e-08,1.81693750e-01
-4.00048437e-08,1.81707813e-01
-3.99648437e-08,1.81690625e-01
-3.99248437e-08,1.81712500e-01
-3.98848437e-08,1.81685938e-01
-3.98448437e-08,1.81717188e-01
-3.98048438e-08,1.81676562e-01
-3.97648437e-08,1.81732813e-01
-3.97248437e-08,1.81642187e-01
-3.96848437e-08,1.81912500e-01
-3.96448437e-08,1.82150000e-01
-3.96048437e-08,1.82075000e-01
-3.95648437e-08,1.82114063e-01
-3.95248438e-08,1.82090625e-01
-3.94848437e-08,1.82104688e-01
-3.94448437e-08,1.82098438e-01
-3.94048437e-08,1.82096875e-01
-3.93648437e-08,1.82107812e-01
-3.93248437e-08,1.82087500e-01
-3.92848437e-08,1.82123438e-01
-3.92448438e-08,1.82051563e-01
-3.92048437e-08,1.82303125e-01
-3.91648437e-08,1.82559375e-01
-3.91248437e-08,1.82465625e-01
-3.90848437e-08,1.82525000e-01
-3.90448437e-08,1.82479688e-01
-3.90048437e-08,1.82517188e-01
-3.89648438e-08,1.82485938e-01
-3.89248437e-08,1.82512500e-01
-3.88848437e-08,1.82489063e-01
-3.88448437e-08,1.82509375e-01
-3.88048437e-08,1.82490625e-01
-3.87648437e-08,1.82507813e-01
-3.87248437e-08,1.82492188e-01
-3.86848438e-08,1.82506250e-01
-3.86448437e-08,1.82493750e-01
-3.86048437e-08,1.82506250e-01
-3.85648437e-08,1.82493750e-01
-3.85248437e-08,1.82504688e-01
-3.84848437e-08,1.82495313e-01
-3.84448438e-08,1.82504688e-01
-3.84048437e-08,1.82495313e-01
-3.83648437e-08,1.82503125e-01
-3.83248437e-08,1.82496875e-01
-3.82848437e-08,1.82503125e-01
-3.82448437e-08,1.82496875e-01
-3.82048437e-08,1.82501563e-01
-3.81648438e-08,1.82498437e-01
-3.81248437e-08,1.82501563e-01
-3.80848437e-08,1.82500000e-01
-3.80448437e-08,1.82500000e-01
-3.80048437e-08,1.82500000e-01
-3.79648437e-08,1.82498437e-01
-3.79248437e-08,1.82503125e-01
-3.78848438e-08,1.82496875e-01
-3.78448437e-08,1.82506250e-01
-3.78048437e-08,1.82490625e-01
-3.77648437e-08,1.82514063e-01
-3.77248437e-08,1.82476562e-01
-3.76848437e-08,1.82548437e-01
-3.76448437e-08,1.82300000e-01
-3.76048438e-08,1.82037500e-01
-3.75648437e-08,1.82139063e-01
-3.75248437e-08,1.82070312e-01
-3.74848437e-08,1.82125000e-01
-3.74448437e-08,1.82076563e-01
-3.74048437e-08,1.82121875e-01
-3.73648437e-08,1.82078125e-01
-3.73248438e-08,1.82123438e-01
-3.72848437e-08,1.82073438e-01
-3.72448437e-08,1.82129687e-01
-3.72048437e-08,1.82060938e-01
-3.71648437e-08,1.82164063e-01
-3.71248437e-08,1.81882813e-01
-3.70848437e-08,1.81654687e-01
-3.70448438e-08,1.81720313e-01
-3.70048437e-08,1.81689062e-01
-3.69648437e-08,1.81706250e-01
-3.69248437e-08,1.81698438e-01
-3.68848437e-08,1.81698438e-01
-3.68448437e-08,1.81704688e-01
-3.68048438e-08,1.81692188e-01
-3.67648438e-08,1.81714062e-01
-3.67248437e-08,1.81676562e-01
-3.66848437e-08,1.81748437e-01
-3.66448437e-08,1.81498437e-01
-3.66048437e-08,1.81239063e-01
-3.65648437e-08,1.81337500e-01
-3.65248438e-08,1.81271875e-01
-3.64848437e-08,1.81323438e-01
-3.64448437e-08,1.81279688e-01
-3.64048437e-08,1.81318750e-01
-3.63648437e-08,1.81282813e-01
-3.63248437e-08,1.81317188e-01
-3.62848437e-08,1.81282813e-01
-3.62448438e-08,1.81317188e-01
-3.62048437e-08,1.81281250e-01
-3.61648437e-08,1.81320312e-01
-3.61248437e-08,1.81276563e-01
-3.60848437e-08,1.81328125e-01
-3.60448437e-08,1.81262500e-01
-3.60048437e-08,1.81362500e-01
-3.59648438e-08,1.81084375e-01
-3.59248437e-08,1.80853125e-01
-3.58848437e-08,1.80923438e-01
-3.58448437e-08,1.80885938e-01
-3.58048437e-08,1.80907813e-01
-3.57648437e-08,1.80895313e-01
-3.57248437e-08,1.80903125e-01
-3.56848438e-08,1.80900000e-01
-3.56448437e-08,1.80898438e-01
-3.56048437e-08,1.80903125e-01
-3.55648437e-08,1.80895313e-01
-3.55248437e-08,1.80906250e-01
-3.54848437e-08,1.80890625e-01
-3.54448437e-08,1.80912500e-01
-3.54048438e-08,1.80882813e-01
-3.53648437e-08,1.80926562e-01
-3.53248437e-08,1.80848438e-01
-3.52848437e-08,1.81104688e-01
-3.52448437e-08,1.81356250e-01
-3.52048437e-08,1.81267188e-01
-3.51648437e-08,1.81323438e-01
-3.51248438e-08,1.81281250e-01
-3.50848437e-08,1.81315625e-01
-3.50448437e-08,1.81285937e-01
-3.50048437e-08,1.81312500e-01
-3.49648437e-08,1.81287500e-01
-3.49248437e-08,1.81310938e-01
-3.48848438e-08,1.81289063e-01
-3.48448438e-08,1.81310938e-01
-3.48048437e-08,1.81287500e-01
-3.47648437e-08,1.81312500e-01
-3.47248437e-08,1.81285937e-01
-3.46848437e-08,1.81317188e-01
-3.46448437e-08,1.81278125e-01
-3.46048438e-08,1.81331250e-01
-3.45648438e-08,1.81245313e-01
-3.45248437e-08,1.81507813e-01
-3.44848437e-08,1.81754688e-01
-3.44448437e-08,1.81668750e-01
-3.44048437e-08,1.81721875e-01
-3.43648437e-08,1.81682813e-01
-3.43248438e-08,1.81715625e-01
-3.42848437e-08,1.81685938e-01
-3.42448437e-08,1.81712500e-01
-3.42048437e-08,1.81687500e-01
-3.41648437e-08,1.81712500e-01
-3.41248437e-08,1.81687500e-01
-3.40848437e-08,1.81712500e-01
-3.40448438e-08,1.81685938e-01
-3.40048437e-08,1.81715625e-01
-3.39648437e-08,1.81682813e-01
-3.39248437e-08,1.81720313e-01
-3.38848437e-08,1.81675000e-01
-3.38448437e-08,1.81734375e-01
-3.38048437e-08,1.81640625e-01
-3.37648438e-08,1.81912500e-01
-3.37248437e-08,1.82150000e-01
-3.36848437e-08,1.82073438e-01
-3.36448437e-08,1.82117187e-01
-3.36048437e-08,1.82089063e-01
-3.35648437e-08,1.82107812e-01
-3.35248437e-08,1.82093750e-01
-3.34848438e-08,1.82104688e-01
-3.34448437e-08,1.82096875e-01
-3.34048437e-08,1.82101563e-01
-3.33648437e-08,1.82098438e-01
-3.33248437e-08,1.82100000e-01
-3.32848437e-08,1.82101563e-01
-3.32448437e-08,1.82098438e-01
-3.32048438e-08,1.82103125e-01
-3.31648437e-08,1.82096875e-01
-3.31248437e-08,1.82104688e-01
-3.30848437e-08,1.82093750e-01
-3.30448437e-08,1.82107812e-01
-3.30048437e-08,1.82090625e-01
-3.29648438e-08,1.82114063e-01
-3.29248438e-08,1.82081250e-01
-3.28848437e-08,1.82128125e-01
-3.28448437e-08,1.82046875e-01
-3.28048437e-08,1.82306250e-01
-3.27648437e-08,1.82554688e-01
-3.27248437e-08,1.82468750e-01
-3.26848438e-08,1.82521875e-01
-3.26448438e-08,1.82482813e-01
-3.26048437e-08,1.82514063e-01
-3.25648437e-08,1.82489063e-01
-3.25248437e-08,1.82509375e-01
-3.24848437e-08,1.82490625e-01
-3.24448437e-08,1.82507813e-01
-3.24048438e-08,1.82493750e-01
-3.23648438e-08,1.82506250e-01
-3.23248437e-08,1.82493750e-01
-3.22848437e-08,1.82504688e-01
-3.22448437e-08,1.82495313e-01
-3.22048437e-08,1.82504688e-01
-3.21648437e-08,1.82496875e-01
-3.21248438e-08,1.82503125e-01
-3.20848437e-08,1.82496875e-01
-3.20448437e-08,1.82503125e-01
-3.20048437e-08,1.82496875e-01
-3.19648437e-08,1.82501563e-01
-3.19248437e-08,1.82498437e-01
-3.18848437e-08,1.82501563e-01
-3.18448438e-08,1.82498437e-01
-3.18048437e-08,1.82500000e-01
-3.17648437e-08,1.82500000e-01
-3.17248437e-08,1.82500000e-01
-3.16848437e-08,1.82500000e-01
-3.16448437e-08,1.82498437e-01
-3.16048437e-08,1.82501563e-01
-3.15648438e-08,1.82496875e-01
-3.15248437e-08,1.82503125e-01
-3.14848437e-08,1.82495313e-01
-3.14448437e-08,1.82506250e-01
-3.14048437e-08,1.82492188e-01
-3.13648437e-08,1.82510937e-01
-3.13248437e-08,1.82484375e-01
-3.12848438e-08,1.82525000e-01
-3.12448437e-08,1.82450000e-01
-3.12048437e-08,1.82703125e-01
-3.11648437e-08,1.82959375e-01
-3.11248437e-08,1.82864063e-01
-3.10848437e-08,1.82926563e-01
-3.10448438e-08,1.82878125e-01
-3.10048438e-08,1.82920313e-01
-3.09648437e-08,1.82881250e-01
-3.09248437e-08,1.82918750e-01
-3.08848437e-08,1.82881250e-01
-3.08448437e-08,1.82920313e-01
-3.08048437e-08,1.82875000e-01
-3.07648438e-08,1.82934375e-01
-3.07248438e-08,1.82842188e-01
-3.06848437e-08,1.83109375e-01
-3.06448437e-08,1.83353125e-01
-3.06048437e-08,1.83268750e-01
-3.05648437e-08,1.83323438e-01
-3.05248437e-08,1.83279688e-01
-3.04848438e-08,1.83320312e-01
-3.04448438e-08,1.83276563e-01
-3.04048437e-08,1.83331250e-01
-3.03648437e-08,1.83245313e-01
-3.03248437e-08,1.83506250e-01
-3.02848437e-08,1.83756250e-01
-3.02448437e-08,1.83665625e-01
-3.02048438e-08,1.83726562e-01
-3.01648438e-08,1.83676563e-01
-3.01248437e-08,1.83723438e-01
-3.00848437e-08,1.83673438e-01
-3.00448437e-08,1.83734375e-01
-3.00048437e-08,1.83642187e-01
-2.99648437e-08,1.83909375e-01
-2.99248438e-08,1.84153125e-01
-2.98848437e-08,1.84070312e-01
-2.98448437e-08,1.84121875e-01
-2.98048437e-08,1.84081250e-01
-2.97648437e-08,1.84115625e-01
-2.97248437e-08,1.84084375e-01
-2.96848437e-08,1.84115625e-01
-2.96448437e-08,1.84082812e-01
-2.96048437e-08,1.84120312e-01
-2.95648437e-08,1.84075000e-01
-2.95248437e-08,1.84134375e-01
-2.94848437e-08,1.84042188e-01
-2.94448437e-08,1.84310937e-01
-2.94048437e-08,1.84551563e-01
-2.93648437e-08,1.84473438e-01
-2.93248437e-08,1.84518750e-01
-2.92848437e-08,1.84487500e-01
-2.92448437e-08,1.84509375e-01
-2.92048437e-08,1.84492188e-01
-2.91648437e-08,1.84506250e-01
-2.91248437e-08,1.84495313e-01
-2.90848437e-08,1.84503125e-01
-2.90448437e-08,1.84496875e-01
-2.90048437e-08,1.84501562e-01
-2.89648437e-08,1.84498438e-01
-2.89248437e-08,1.84500000e-01
-2.88848437e-08,1.84501562e-01
-2.88448437e-08,1.84498438e-01
-2.88048437e-08,1.84503125e-01
-2.87648437e-08,1.84495313e-01
-2.87248437e-08,1.84507813e-01
-2.86848437e-08,1.84489062e-01
-2.86448437e-08,1.84515625e-01
-2.86048437e-08,1.84475000e-01
-2.85648437e-08,1.84550000e-01
-2.85248437e-08,1.84296875e-01
-2.84848437e-08,1.84042188e-01
-2.84448437e-08,1.84134375e-01
-2.84048437e-08,1.84075000e-01
-2.83648437e-08,1.84120312e-01
-2.83248437e-08,1.84082812e-01
-2.82848437e-08,1.84114063e-01
-2.82448437e-08,1.84087500e-01
-2.82048437e-08,1.84112500e-01
-2.81648437e-08,1.84089063e-01
-2.81248437e-08,1.84109375e-01
-2.80848437e-08,1.84090625e-01
-2.80448437e-08,1.84107812e-01
-2.80048437e-08,1.84092188e-01
-2.79648437e-08,1.84107812e-01
-2.79248437e-08,1.84093750e-01
-2.78848437e-08,1.84106250e-01
-2.78448437e-08,1.84095312e-01
-2.78048437e-08,1.84104688e-01
-2.77648437e-08,1.84096875e-01
-2.77248437e-08,1.84101563e-01
-2.76848437e-08,1.84100000e-01
-2.76448437e-08,1.84096875e-01
-2.76048437e-08,1.84107812e-01
-2.75648437e-08,1.84082812e-01
-2.75248437e-08,1.84142187e-01
-2.74848437e-08,1.83906250e-01
-2.74448437e-08,1.83631250e-01
-2.74048437e-08,1.83745313e-01
-2.73648437e-08,1.83664063e-01
-2.73248437e-08,1.83732813e-01
-2.72848437e-08,1.83670313e-01
-2.72448437e-08,1.83729688e-01
-2.72048437e-08,1.83670313e-01
-2.71648437e-08,1.83731250e-01
-2.71248437e-08,1.83665625e-01
-2.70848437e-08,1.83739062e-01
-2.70448437e-08,1.83651563e-01
-2.70048437e-08,1.83773437e-01
-2.69648437e-08,1.83473438e-01
-2.69248437e-08,1.83264063e-01
-2.68848437e-08,1.83310937e-01
-2.68448437e-08,1.83300000e-01
-2.68048437e-08,1.83293750e-01
-2.67648437e-08,1.83310937e-01
-2.67248437e-08,1.83282813e-01
-2.66848437e-08,1.83323438e-01
-2.66448437e-08,1.83265625e-01
-2.66048437e-08,1.83360938e-01
-2.65648437e-08,1.83085938e-01
-2.65248437e-08,1.82853125e-01
-2.64848437e-08,1.82921875e-01
-2.64448437e-08,1.82889063e-01
-2.64048437e-08,1.82903125e-01
-2.63648437e-08,1.82901563e-01
-2.63248437e-08,1.82892187e-01
-2.62848437e-08,1.82914063e-01
-2.62448437e-08,1.82875000e-01
-2.62048437e-08,1.82951562e-01
-2.61648437e-08,1.82695313e-01
-2.61248437e-08,1.82443750e-01
-2.60848437e-08,1.82531250e-01
-2.60448437e-08,1.82478125e-01
-2.60048437e-08,1.82515625e-01
-2.59648437e-08,1.82487500e-01
-2.59248437e-08,1.82509375e-01
-2.58848437e-08,1.82492188e-01
-2.58448437e-08,1.82504688e-01
-2.58048437e-08,1.82496875e-01
-2.57648437e-08,1.82501563e-01
-2.57248437e-08,1.82500000e-01
-2.56848437e-08,1.82498437e-01
-2.56448437e-08,1.82504688e-01
-2.56048437e-08,1.82492188e-01
-2.55648437e-08,1.82514063e-01
-2.55248437e-08,1.82476562e-01
-2.54848437e-08,1.82548437e-01
-2.54448437e-08,1.82298437e-01
-2.54048437e-08,1.82040625e-01
-2.53648437e-08,1.82135938e-01
-2.53248437e-08,1.82073438e-01
-2.52848438e-08,1.82120313e-01
-2.52448437e-08,1.82082812e-01
-2.52048437e-08,1.82115625e-01
-2.51648437e-08,1.82085938e-01
-2.51248437e-08,1.82112500e-01
-2.50848437e-08,1.82087500e-01
-2.50448437e-08,1.82110938e-01
-2.50048437e-08,1.82089063e-01
-2.49648437e-08,1.82109375e-01
-2.49248437e-08,1.82090625e-01
-2.48848437e-08,1.82109375e-01
-2.48448437e-08,1.82092188e-01
-2.48048437e-08,1.82107812e-01
-2.47648437e-08,1.82092188e-01
-2.47248437e-08,1.82107812e-01
-2.46848437e-08,1.82092188e-01
-2.46448437e-08,1.82107812e-01
-2.46048437e-08,1.82093750e-01
-2.45648437e-08,1.82106250e-01
-2.45248437e-08,1.82093750e-01
-2.44848437e-08,1.82106250e-01
-2.44448437e-08,1.82093750e-01
-2.44048437e-08,1.82106250e-01
-2.43648437e-08,1.82093750e-01
-2.43248438e-08,1.82106250e-01
-2.42848437e-08,1.82093750e-01
-2.42448437e-08,1.82106250e-01
-2.42048437e-08,1.82093750e-01
-2.41648437e-08,1.82106250e-01
-2.41248437e-08,1.82093750e-01
-2.40848437e-08,1.82106250e-01
-2.40448437e-08,1.82093750e-01
-2.40048437e-08,1.82104688e-01
-2.39648437e-08,1.82095312e-01
-2.39248437e-08,1.82104688e-01
-2.38848437e-08,1.82095312e-01
-2.38448437e-08,1.82104688e-01
-2.38048437e-08,1.82095312e-01
-2.37648437e-08,1.82104688e-01
-2.37248437e-08,1.82095312e-01
-2.36848437e-08,1.82104688e-01
-2.36448437e-08,1.82095312e-01
-2.36048437e-08,1.82104688e-01
-2.35648437e-08,1.82095312e-01
-2.35248437e-08,1.82104688e-01
-2.34848437e-08,1.82095312e-01
-2.34448437e-08,1.82104688e-01
-2.34048437e-08,1.82095312e-01
-2.33648438e-08,1.82104688e-01
-2.33248437e-08,1.82095312e-01
-2.32848437e-08,1.82104688e-01
-2.32448437e-08,1.82095312e-01
-2.32048437e-08,1.82104688e-01
-2.31648437e-08,1.82095312e-01
-2.31248437e-08,1.82104688e-01
-2.30848438e-08,1.82095312e-01
-2.30448437e-08,1.82104688e-01
-2.30048437e-08,1.82095312e-01
-2.29648437e-08,1.82104688e-01
-2.29248437e-08,1.82095312e-01
-2.28848437e-08,1.82104688e-01
-2.28448437e-08,1.82095312e-01
-2.28048437e-08,1.82104688e-01
-2.27648437e-08,1.82095312e-01
-2.27248437e-08,1.82104688e-01
-2.26848437e-08,1.82093750e-01
-2.26448437e-08,1.82106250e-01
-2.26048437e-08,1.82093750e-01
-2.25648437e-08,1.82106250e-01
-2.25248437e-08,1.82093750e-01
-2.24848437e-08,1.82106250e-01
-2.24448437e-08,1.82093750e-01
-2.24048438e-08,1.82106250e-01
-2.23648437e-08,1.82093750e-01
-2.23248437e-08,1.82106250e-01
-2.22848437e-08,1.82093750e-01
-2.22448437e-08,1.82106250e-01
-2.22048437e-08,1.82093750e-01
-2.21648437e-08,1.82106250e-01
-2.21248438e-08,1.82093750e-01
-2.20848437e-08,1.82106250e-01
-2.20448437e-08,1.82092188e-01
-2.20048437e-08,1.82107812e-01
-2.19648437e-08,1.82092188e-01
-2.19248437e-08,1.82107812e-01
-2.18848437e-08,1.82092188e-01
-2.18448437e-08,1.82107812e-01
-2.18048437e-08,1.82092188e-01
-2.17648437e-08,1.82109375e-01
-2.17248437e-08,1.82090625e-01
-2.16848437e-08,1.82109375e-01
-2.16448437e-08,1.82090625e-01
-2.16048437e-08,1.82110938e-01
-2.15648437e-08,1.82089063e-01
-2.15248437e-08,1.82112500e-01
-2.14848437e-08,1.82085938e-01
-2.14448438e-08,1.82115625e-01
-2.14048437e-08,1.82082812e-01
-2.13648437e-08,1.82120313e-01
-2.13248437e-08,1.82075000e-01
-2.12848437e-08,1.82134375e-01
-2.12448437e-08,1.82040625e-01
-2.12048437e-08,1.82312500e-01
-2.11648438e-08,1.82548437e-01
-2.11248437e-08,1.82475000e-01
-2.10848437e-08,1.82515625e-01
-2.10448437e-08,1.82489063e-01
-2.10048437e-08,1.82507813e-01
-2.09648437e-08,1.82493750e-01
-2.09248437e-08,1.82504688e-01
-2.08848438e-08,1.82496875e-01
-2.08448437e-08,1.82501563e-01
-2.08048437e-08,1.82498437e-01
-2.07648437e-08,1.82500000e-01
-2.07248437e-08,1.82500000e-01
-2.06848437e-08,1.82500000e-01
-2.06448437e-08,1.82501563e-01
-2.06048437e-08,1.82498437e-01
-2.05648437e-08,1.82501563e-01
-2.05248437e-08,1.82498437e-01
-2.04848438e-08,1.82503125e-01
-2.04448437e-08,1.82496875e-01
-2.04048437e-08,1.82503125e-01
-2.03648437e-08,1.82496875e-01
-2.03248437e-08,1.82503125e-01
-2.02848437e-08,1.82496875e-01
-2.02448437e-08,1.82504688e-01
-2.02048438e-08,1.82495313e-01
-2.01648437e-08,1.82504688e-01
-2.01248437e-08,1.82495313e-01
-2.00848437e-08,1.82504688e-01
-2.00448437e-08,1.82495313e-01
-2.00048437e-08,1.82504688e-01
-1.99648437e-08,1.82493750e-01
-1.99248438e-08,1.82506250e-01
-1.98848437e-08,1.82493750e-01
-1.98448437e-08,1.82506250e-01
-1.98048437e-08,1.82492188e-01
-1.97648437e-08,1.82507813e-01
-1.97248437e-08,1.82492188e-01
-1.96848437e-08,1.82507813e-01
-1.96448437e-08,1.82490625e-01
-1.96048437e-08,1.82509375e-01
-1.95648437e-08,1.82489063e-01
-1.95248438e-08,1.82510937e-01
-1.94848437e-08,1.82487500e-01
-1.94448437e-08,1.82514063e-01
-1.94048437e-08,1.82482813e-01
-1.93648437e-08,1.82520313e-01
-1.93248437e-08,1.82475000e-01
-1.92848437e-08,1.82534375e-01
-1.92448438e-08,1.82440625e-01
-1.92048437e-08,1.82712500e-01
-1.91648437e-08,1.82948438e-01
-1.91248437e-08,1.82875000e-01
-1.90848437e-08,1.82915625e-01
-1.90448437e-08,1.82889063e-01
-1.90048437e-08,1.82907813e-01
-1.89648438e-08,1.82895313e-01
-1.89248437e-08,1.82903125e-01
-1.88848437e-08,1.82898438e-01
-1.88448437e-08,1.82901563e-01
-1.88048437e-08,1.82900000e-01
-1.87648437e-08,1.82900000e-01
-1.87248437e-08,1.82901563e-01
-1.86848437e-08,1.82898438e-01
-1.86448437e-08,1.82901563e-01
-1.86048437e-08,1.82896875e-01
-1.85648438e-08,1.82903125e-01
-1.85248437e-08,1.82896875e-01
-1.84848437e-08,1.82904687e-01
-1.84448437e-08,1.82895313e-01
-1.84048437e-08,1.82904687e-01
-1.83648437e-08,1.82893750e-01
-1.83248437e-08,1.82906250e-01
-1.82848438e-08,1.82893750e-01
-1.82448437e-08,1.82907813e-01
-1.82048437e-08,1.82892187e-01
-1.81648437e-08,1.82909375e-01
-1.81248437e-08,1.82890625e-01
-1.80848437e-08,1.82910938e-01
-1.80448437e-08,1.82889063e-01
-1.80048438e-08,1.82912500e-01
-1.79648437e-08,1.82885938e-01
-1.79248437e-08,1.82915625e-01
-1.78848437e-08,1.82881250e-01
-1.78448437e-08,1.82921875e-01
-1.78048437e-08,1.82871875e-01
-1.77648437e-08,1.82937500e-01
-1.77248438e-08,1.82837500e-01
-1.76848437e-08,1.83117188e-01
-1.76448437e-08,1.83345312e-01
-1.76048438e-08,1.83279688e-01
-1.75648437e-08,1.83309375e-01
-1.75248437e-08,1.83296875e-01
-1.74848437e-08,1.83298437e-01
-1.74448437e-08,1.83304688e-01
-1.74048437e-08,1.83290625e-01
-1.73648437e-08,1.83312500e-01
-1.73248438e-08,1.83281250e-01
-1.72848437e-08,1.83329688e-01
-1.72448437e-08,1.83243750e-01
-1.72048437e-08,1.83510937e-01
-1.71648437e-08,1.83751563e-01
-1.71248437e-08,1.83673438e-01
-1.70848437e-08,1.83715625e-01
-1.70448438e-08,1.83690625e-01
-1.70048437e-08,1.83704688e-01
-1.69648437e-08,1.83698438e-01
-1.69248438e-08,1.83696875e-01
-1.68848437e-08,1.83707813e-01
-1.68448437e-08,1.83685938e-01
-1.68048437e-08,1.83725000e-01
-1.67648438e-08,1.83650000e-01
-1.67248437e-08,1.83904687e-01
-1.66848437e-08,1.84157813e-01
-1.66448438e-08,1.84067188e-01
-1.66048437e-08,1.84121875e-01
-1.65648437e-08,1.84082812e-01
-1.65248437e-08,1.84114063e-01
-1.64848437e-08,1.84089063e-01
-1.64448437e-08,1.84107812e-01
-1.64048437e-08,1.84093750e-01
-1.63648438e-08,1.84104688e-01
-1.63248437e-08,1.84096875e-01
-1.62848437e-08,1.84101563e-01
-1.62448437e-08,1.84100000e-01
-1.62048437e-08,1.84098438e-01
-1.61648437e-08,1.84104688e-01
-1.61248437e-08,1.84092188e-01
-1.60848438e-08,1.84114063e-01
-1.60448437e-08,1.84076563e-01
-1.60048437e-08,1.84148438e-01
-1.59648438e-08,1.83898438e-01
-1.59248437e-08,1.83639063e-01
-1.58848437e-08,1.83737500e-01
-1.58448437e-08,1.83671875e-01
-1.58048438e-08,1.83725000e-01
-1.57648437e-08,1.83676563e-01
-1.57248437e-08,1.83726562e-01
-1.56848438e-08,1.83667187e-01
-1.56448437e-08,1.83754688e-01
-1.56048437e-08,1.83493750e-01
-1.55648437e-08,1.83240625e-01
-1.55248438e-08,1.83339063e-01
-1.54848437e-08,1.83265625e-01
-1.54448437e-08,1.83335938e-01
-1.54048438e-08,1.83256250e-01
-1.53648437e-08,1.83368750e-01
-1.53248437e-08,1.83078125e-01
-1.52848437e-08,1.82860938e-01
-1.52448437e-08,1.82912500e-01
-1.52048437e-08,1.82903125e-01
-1.51648437e-08,1.82882813e-01
-1.51248438e-08,1.82945313e-01
-1.50848437e-08,1.82698438e-01
-1.50448437e-08,1.82442188e-01
-1.50048438e-08,1.82531250e-01
-1.49648437e-08,1.82479688e-01
-1.49248437e-08,1.82510937e-01
-1.48848437e-08,1.82496875e-01
-1.48448437e-08,1.82490625e-01
-1.48048437e-08,1.82535937e-01
-1.47648437e-08,1.82309375e-01
-1.47248437e-08,1.82029688e-01
-1.46848437e-08,1.82145313e-01
-1.46448437e-08,1.82064063e-01
-1.46048437e-08,1.82129687e-01
-1.45648437e-08,1.82073438e-01
-1.45248437e-08,1.82125000e-01
-1.44848437e-08,1.82076563e-01
-1.44448437e-08,1.82121875e-01
-1.44048437e-08,1.82079688e-01
-1.43648437e-08,1.82120313e-01
-1.43248437e-08,1.82081250e-01
-1.42848437e-08,1.82118750e-01
-1.42448437e-08,1.82081250e-01
-1.42048437e-08,1.82118750e-01
-1.41648437e-08,1.82081250e-01
-1.41248437e-08,1.82118750e-01
-1.40848437e-08,1.82081250e-01
-1.40448437e-08,1.82120313e-01
-1.40048437e-08,1.82078125e-01
-1.39648437e-08,1.82125000e-01
-1.39248437e-08,1.82070312e-01
-1.38848437e-08,1.82139063e-01
-1.38448437e-08,1.82037500e-01
-1.38048437e-08,1.82315625e-01
-1.37648437e-08,1.82546875e-01
-1.37248437e-08,1.82475000e-01
-1.36848437e-08,1.82515625e-01
-1.36448437e-08,1.82487500e-01
-1.36048437e-08,1.82510937e-01
-1.35648437e-08,1.82489063e-01
-1.35248437e-08,1.82512500e-01
-1.34848437e-08,1.82484375e-01
-1.34448437e-08,1.82523437e-01
-1.34048437e-08,1.82451562e-01
-1.33648437e-08,1.82700000e-01
-1.33248437e-08,1.82962500e-01
-1.32848437e-08,1.82859375e-01
-1.32448437e-08,1.82932813e-01
-1.32048437e-08,1.82871875e-01
-1.31648437e-08,1.82928125e-01
-1.31248437e-08,1.82871875e-01
-1.30848438e-08,1.82929687e-01
-1.30448437e-08,1.82865625e-01
-1.30048437e-08,1.82943750e-01
-1.29648437e-08,1.82832812e-01
-1.29248437e-08,1.83120312e-01
-1.28848437e-08,1.83342188e-01
-1.28448437e-08,1.83281250e-01
-1.28048437e-08,1.83309375e-01
-1.27648437e-08,1.83296875e-01
-1.27248437e-08,1.83300000e-01
-1.26848437e-08,1.83301563e-01
-1.26448437e-08,1.83295313e-01
-1.26048438e-08,1.83306250e-01
-1.25648437e-08,1.83292188e-01
-1.25248437e-08,1.83309375e-01
-1.24848437e-08,1.83287500e-01
-1.24448437e-08,1.83315625e-01
-1.24048437e-08,1.83278125e-01
-1.23648437e-08,1.83331250e-01
-1.23248437e-08,1.83243750e-01
-1.22848437e-08,1.83509375e-01
-1.22448437e-08,1.83753125e-01
-1.22048437e-08,1.83671875e-01
-1.21648437e-08,1.83718750e-01
-1.21248438e-08,1.83685938e-01
-1.20848437e-08,1.83710938e-01
-1.20448437e-08,1.83692187e-01
-1.20048437e-08,1.83706250e-01
-1.19648437e-08,1.83693750e-01
-1.19248437e-08,1.83704688e-01
-1.18848437e-08,1.83696875e-01
-1.18448437e-08,1.83703125e-01
-1.18048437e-08,1.83698438e-01
-1.17648437e-08,1.83701562e-01
-1.17248437e-08,1.83698438e-01
-1.16848437e-08,1.83700000e-01
-1.16448438e-08,1.83700000e-01
-1.16048437e-08,1.83698438e-01
-1.15648437e-08,1.83701562e-01
-1.15248437e-08,1.83696875e-01
-1.14848437e-08,1.83703125e-01
-1.14448437e-08,1.83695313e-01
-1.14048437e-08,1.83706250e-01
-1.13648437e-08,1.83692187e-01
-1.13248437e-08,1.83710938e-01
-1.12848437e-08,1.83682813e-01
-1.12448437e-08,1.83726562e-01
-1.12048437e-08,1.83648438e-01
-1.11648438e-08,1.83904687e-01
-1.11248437e-08,1.84157813e-01
-1.10848437e-08,1.84065625e-01
-1.10448437e-08,1.84125000e-01
-1.10048437e-08,1.84079688e-01
-1.09648437e-08,1.84117188e-01
-1.09248437e-08,1.84084375e-01
-1.08848437e-08,1.84115625e-01
-1.08448437e-08,1.84085938e-01
-1.08048437e-08,1.84114063e-01
-1.07648437e-08,1.84084375e-01
-1.07248437e-08,1.84115625e-01
-1.06848438e-08,1.84081250e-01
-1.06448437e-08,1.84121875e-01
-1.06048437e-08,1.84068750e-01
-1.05648437e-08,1.84154687e-01
-1.05248437e-08,1.83893750e-01
-1.04848437e-08,1.83643750e-01
-1.04448437e-08,1.83734375e-01
-1.04048438e-08,1.83673438e-01
-1.03648437e-08,1.83725000e-01
-1.03248437e-08,1.83671875e-01
-1.02848437e-08,1.83735938e-01
-1.02448437e-08,1.83640625e-01
-1.02048438e-08,1.83910938e-01
-1.01648437e-08,1.84151563e-01
-1.01248437e-08,1.84071875e-01
-1.00848437e-08,1.84118750e-01
-1.00448437e-08,1.84085938e-01
-1.00048437e-08,1.84112500e-01
-9.96484375e-09,1.84089063e-01
-9.92484375e-09,1.84109375e-01
-9.88484375e-09,1.84092188e-01
-9.84484375e-09,1.84106250e-01
-9.80484375e-09,1.84093750e-01
-9.76484375e-09,1.84104688e-01
-9.72484375e-09,1.84095312e-01
-9.68484375e-09,1.84103125e-01
-9.64484375e-09,1.84096875e-01
-9.60484375e-09,1.84101563e-01
-9.56484375e-09,1.84100000e-01
-9.52484375e-09,1.84098438e-01
-9.48484375e-09,1.84104688e-01
-9.44484375e-09,1.84090625e-01
-9.40484375e-09,1.84118750e-01
-9.36484375e-09,1.84056250e-01
-9.32484375e-09,1.84296875e-01
-9.28484375e-09,1.84567188e-01
-9.24484375e-09,1.84456250e-01
-9.20484375e-09,1.84534375e-01
-9.16484375e-09,1.84470313e-01
-9.12484375e-09,1.84528125e-01
-9.08484375e-09,1.84471875e-01
-9.04484375e-09,1.84528125e-01
-9.00484375e-09,1.84471875e-01
-8.96484375e-09,1.84531250e-01
-8.92484375e-09,1.84464062e-01
-8.88484375e-09,1.84545313e-01
-8.84484375e-09,1.84429687e-01
-8.80484375e-09,1.84721875e-01
-8.76484375e-09,1.84939063e-01
-8.72484375e-09,1.84884375e-01
-8.68484375e-09,1.84906250e-01
-8.64484375e-09,1.84898438e-01
-8.60484375e-09,1.84898438e-01
-8.56484375e-09,1.84904687e-01
-8.52484375e-09,1.84893750e-01
-8.48484375e-09,1.84907813e-01
-8.44484375e-09,1.84892187e-01
-8.40484375e-09,1.84909375e-01
-8.36484375e-09,1.84889063e-01
-8.32484375e-09,1.84912500e-01
-8.28484375e-09,1.84885938e-01
-8.24484375e-09,1.84915625e-01
-8.20484375e-09,1.84882812e-01
-8.16484375e-09,1.84920313e-01
-8.12484375e-09,1.84876563e-01
-8.08484375e-09,1.84929687e-01
-8.04484375e-09,1.84860938e-01
-8.00484375e-09,1.84965625e-01
-7.96484375e-09,1.84681250e-01
-7.92484375e-09,1.84457813e-01
-7.88484375e-09,1.84517188e-01
-7.84484375e-09,1.84492188e-01
-7.80484375e-09,1.84501562e-01
-7.76484375e-09,1.84503125e-01
-7.72484375e-09,1.84492188e-01
-7.68484375e-09,1.84510937e-01
-7.64484375e-09,1.84484375e-01
-7.60484375e-09,1.84521875e-01
-7.56484375e-09,1.84467188e-01
-7.52484375e-09,1.84559375e-01
-7.48484375e-09,1.84285937e-01
-7.44484375e-09,1.84053125e-01
-7.40484375e-09,1.84121875e-01
-7.36484375e-09,1.84089063e-01
-7.32484375e-09,1.84103125e-01
-7.28484375e-09,1.84101563e-01
-7.24484375e-09,1.84092188e-01
-7.20484375e-09,1.84115625e-01
-7.16484375e-09,1.84073437e-01
-7.12484375e-09,1.84153125e-01
-7.08484375e-09,1.83892187e-01
-7.04484375e-09,1.83646875e-01
-7.00484375e-09,1.83728125e-01
-6.96484375e-09,1.83684375e-01
-6.92484375e-09,1.83709375e-01
-6.88484375e-09,1.83696875e-01
-6.84484375e-09,1.83698438e-01
-6.80484375e-09,1.83709375e-01
-6.76484375e-09,1.83679687e-01
-6.72484375e-09,1.83746875e-01
-6.68484375e-09,1.83498438e-01
-6.64484375e-09,1.83239062e-01
-6.60484375e-09,1.83335938e-01
-6.56484375e-09,1.83275000e-01
-6.52484375e-09,1.83318750e-01
-6.48484375e-09,1.83284375e-01
-6.44484375e-09,1.83312500e-01
-6.40484375e-09,1.83290625e-01
-6.36484375e-09,1.83307813e-01
-6.32484375e-09,1.83295313e-01
-6.28484375e-09,1.83301563e-01
-6.24484375e-09,1.83300000e-01
-6.20484375e-09,1.83295313e-01
-6.16484375e-09,1.83310937e-01
-6.12484375e-09,1.83279688e-01
-6.08484375e-09,1.83346875e-01
-6.04484375e-09,1.83100000e-01
-6.00484375e-09,1.82837500e-01
-5.96484375e-09,1.82937500e-01
-5.92484375e-09,1.82871875e-01
-5.88484375e-09,1.82921875e-01
-5.84484375e-09,1.82881250e-01
-5.80484375e-09,1.82915625e-01
-5.76484375e-09,1.82885938e-01
-5.72484375e-09,1.82910938e-01
-5.68484375e-09,1.82890625e-01
-5.64484375e-09,1.82907813e-01
-5.60484375e-09,1.82895313e-01
-5.56484375e-09,1.82901563e-01
-5.52484375e-09,1.82903125e-01
-5.48484375e-09,1.82885938e-01
-5.44484375e-09,1.82939062e-01
-5.40484375e-09,1.82709375e-01
-5.36484375e-09,1.82428125e-01
-5.32484375e-09,1.82548437e-01
-5.28484375e-09,1.82460938e-01
-5.24484375e-09,1.82535937e-01
-5.20484375e-09,1.82467188e-01
-5.16484375e-09,1.82534375e-01
-5.12484375e-09,1.82464062e-01
-5.08484375e-09,1.82539063e-01
-5.04484375e-09,1.82451562e-01
-5.00484375e-09,1.82571875e-01
-4.96484375e-09,1.82275000e-01
-4.92484375e-09,1.82062500e-01
-4.88484375e-09,1.82112500e-01
-4.84484375e-09,1.82096875e-01
-4.80484375e-09,1.82096875e-01
-4.76484375e-09,1.82107812e-01
-4.72484375e-09,1.82087500e-01
-4.68484375e-09,1.82118750e-01
-4.64484375e-09,1.82071875e-01
-4.60484375e-09,1.82154687e-01
-4.56484375e-09,1.81892187e-01
-4.52484375e-09,1.81645313e-01
-4.48484375e-09,1.81731250e-01
-4.44484375e-09,1.81678125e-01
-4.40484375e-09,1.81717188e-01
-4.36484375e-09,1.81685938e-01
-4.32484375e-09,1.81712500e-01
-4.28484375e-09,1.81687500e-01
-4.24484375e-09,1.81712500e-01
-4.20484375e-09,1.81687500e-01
-4.16484375e-09,1.81714062e-01
-4.12484375e-09,1.81684375e-01
-4.08484375e-09,1.81720313e-01
-4.04484375e-09,1.81670313e-01
-4.00484375e-09,1.81753125e-01
-3.96484375e-09,1.81493750e-01
-3.92484375e-09,1.81243750e-01
-3.88484375e-09,1.81332812e-01
-3.84484375e-09,1.81275000e-01
-3.80484375e-09,1.81320312e-01
-3.76484375e-09,1.81281250e-01
-3.72484375e-09,1.81317188e-01
-3.68484375e-09,1.81282813e-01
-3.64484375e-09,1.81317188e-01
-3.60484375e-09,1.81281250e-01
-3.56484375e-09,1.81320312e-01
-3.52484375e-09,1.81275000e-01
-3.48484375e-09,1.81334375e-01
-3.44484375e-09,1.81240625e-01
-3.40484375e-09,1.81510937e-01
-3.36484375e-09,1.81751563e-01
-3.32484375e-09,1.81673438e-01
-3.28484375e-09,1.81718750e-01
-3.24484375e-09,1.81685938e-01
-3.20484375e-09,1.81710938e-01
-3.16484375e-09,1.81690625e-01
-3.12484375e-09,1.81707813e-01
-3.08484375e-09,1.81693750e-01
-3.04484375e-09,1.81706250e-01
-3.00484375e-09,1.81693750e-01
-2.96484375e-09,1.81706250e-01
-2.92484375e-09,1.81693750e-01
-2.88484375e-09,1.81706250e-01
-2.84484375e-09,1.81693750e-01
-2.80484375e-09,1.81706250e-01
-2.76484375e-09,1.81693750e-01
-2.72484375e-09,1.81707813e-01
-2.68484375e-09,1.81692188e-01
-2.64484375e-09,1.81709375e-01
-2.60484375e-09,1.81689062e-01
-2.56484375e-09,1.81714062e-01
-2.52484375e-09,1.81681250e-01
-2.48484375e-09,1.81728125e-01
-2.44484375e-09,1.81646875e-01
-2.40484375e-09,1.81906250e-01
-2.36484375e-09,1.82156250e-01
-2.32484375e-09,1.82067188e-01
-2.28484375e-09,1.82125000e-01
-2.24484375e-09,1.82079688e-01
-2.20484375e-09,1.82117187e-01
-2.16484375e-09,1.82084375e-01
-2.12484375e-09,1.82115625e-01
-2.08484375e-09,1.82084375e-01
-2.04484375e-09,1.82115625e-01
-2.00484375e-09,1.82082812e-01
-1.96484375e-09,1.82120313e-01
-1.92484375e-09,1.82075000e-01
-1.88484375e-09,1.82132813e-01
-1.84484375e-09,1.82042188e-01
-1.80484375e-09,1.82310938e-01
-1.76484375e-09,1.82551563e-01
-1.72484375e-09,1.82471875e-01
-1.68484375e-09,1.82518750e-01
-1.64484375e-09,1.82485938e-01
-1.60484375e-09,1.82510937e-01
-1.56484375e-09,1.82490625e-01
-1.52484375e-09,1.82507813e-01
-1.48484375e-09,1.82492188e-01
-1.44484375e-09,1.82506250e-01
-1.40484375e-09,1.82493750e-01
-1.36484375e-09,1.82506250e-01
-1.32484375e-09,1.82493750e-01
-1.28484375e-09,1.82506250e-01
-1.24484375e-09,1.82493750e-01
-1.20484375e-09,1.82506250e-01
-1.16484375e-09,1.82493750e-01
-1.12484375e-09,1.82506250e-01
-1.08484375e-09,1.82493750e-01
-1.04484375e-09,1.82506250e-01
-1.00484375e-09,1.82493750e-01
-9.64843750e-10,1.82506250e-01
-9.24843750e-10,1.82493750e-01
-8.84843750e-10,1.82506250e-01
-8.44843750e-10,1.82492188e-01
-8.04843750e-10,1.82507813e-01
-7.64843750e-10,1.82490625e-01
-7.24843750e-10,1.82509375e-01
-6.84843750e-10,1.82489063e-01
-6.44843750e-10,1.82512500e-01
-6.04843750e-10,1.82485938e-01
-5.64843750e-10,1.82517188e-01
-5.24843750e-10,1.82476562e-01
-4.84843750e-10,1.82532813e-01
-4.44843750e-10,1.82442188e-01
-4.04843750e-10,1.82710938e-01
-3.64843750e-10,1.82951562e-01
-3.24843750e-10,1.82873438e-01
-2.84843750e-10,1.82917187e-01
-2.44843750e-10,1.82887500e-01
-2.04843750e-10,1.82909375e-01
-1.64843750e-10,1.82893750e-01
-1.24843750e-10,1.82904687e-01
-8.48437500e-11,1.82896875e-01
-4.48437500e-11,1.82901563e-01
-4.84375000e-12,1.82900000e-01
3.51562500e-11,1.82898438e-01
7.51562500e-11,1.82903125e-01
1.15156250e-10,1.82895313e-01
1.55156250e-10,1.82907813e-01
1.95156250e-10,1.82885938e-01
2.35156250e-10,1.82923438e-01
2.75156250e-10,1.82853125e-01
3.15156250e-10,1.83100000e-01
3.55156250e-10,1.83362500e-01
3.95156250e-10,1.83260937e-01
4.35156250e-10,1.83331250e-01
4.75156250e-10,1.83271875e-01
5.15156250e-10,1.83326563e-01
5.55156250e-10,1.83270313e-01
5.95156250e-10,1.83337500e-01
6.35156250e-10,1.83239062e-01
6.75156250e-10,1.83512500e-01
7.15156250e-10,1.83751563e-01
7.55156250e-10,1.83670313e-01
7.95156250e-10,1.83721875e-01
8.35156250e-10,1.83679687e-01
8.75156250e-10,1.83720313e-01
9.15156250e-10,1.83676563e-01
9.55156250e-10,1.83732813e-01
9.95156250e-10,1.83643750e-01
1.03515625e-09,1.83909375e-01
1.07515625e-09,1.84154687e-01
1.11515625e-09,1.84068750e-01
1.15515625e-09,1.84121875e-01
1.19515625e-09,1.84082812e-01
1.23515625e-09,1.84114063e-01
1.27515625e-09,1.84087500e-01
1.31515625e-09,1.84110938e-01
1.35515625e-09,1.84090625e-01
1.39515625e-09,1.84109375e-01
1.43515625e-09,1.84090625e-01
1.47515625e-09,1.84107812e-01
1.51515625e-09,1.84092188e-01
1.55515625e-09,1.84107812e-01
1.59515625e-09,1.84092188e-01
1.63515625e-09,1.84107812e-01
1.67515625e-09,1.84092188e-01
1.71515625e-09,1.84107812e-01
1.75515625e-09,1.84092188e-01
1.79515625e-09,1.84107812e-01
1.83515625e-09,1.84092188e-01
1.87515625e-09,1.84107812e-01
1.91515625e-09,1.84092188e-01
1.95515625e-09,1.84107812e-01
1.99515625e-09,1.84092188e-01
2.03515625e-09,1.84107812e-01
2.07515625e-09,1.84090625e-01
2.11515625e-09,1.84109375e-01
2.15515625e-09,1.84089063e-01
2.19515625e-09,1.84110938e-01
2.23515625e-09,1.84087500e-01
2.27515625e-09,1.84114063e-01
2.31515625e-09,1.84082812e-01
2.35515625e-09,1.84123438e-01
2.39515625e-09,1.84067188e-01
2.43515625e-09,1.84157813e-01
2.47515625e-09,1.83890625e-01
2.51515625e-09,1.83648438e-01
2.55515625e-09,1.83728125e-01
2.59515625e-09,1.83681250e-01
2.63515625e-09,1.83714062e-01
2.67515625e-09,1.83689062e-01
2.71515625e-09,1.83709375e-01
2.75515625e-09,1.83692187e-01
2.79515625e-09,1.83706250e-01
2.83515625e-09,1.83693750e-01
2.87515625e-09,1.83704688e-01
2.91515625e-09,1.83695313e-01
2.95515625e-09,1.83704688e-01
2.99515625e-09,1.83695313e-01
3.03515625e-09,1.83703125e-01
3.07515625e-09,1.83696875e-01
3.11515625e-09,1.83703125e-01
3.15515625e-09,1.83696875e-01
3.19515625e-09,1.83703125e-01
3.23515625e-09,1.83696875e-01
3.27515625e-09,1.83703125e-01
3.31515625e-09,1.83696875e-01
3.35515625e-09,1.83703125e-01
3.39515625e-09,1.83696875e-01
3.43515625e-09,1.83703125e-01
3.47515625e-09,1.83696875e-01
3.51515625e-09,1.83703125e-01
3.55515625e-09,1.83696875e-01
3.59515625e-09,1.83703125e-01
3.63515625e-09,1.83696875e-01
3.67515625e-09,1.83703125e-01
3.71515625e-09,1.83696875e-01
3.75515625e-09,1.83703125e-01
3.79515625e-09,1.83696875e-01
3.83515625e-09,1.83704688e-01
3.87515625e-09,1.83695313e-01
3.91515625e-09,1.83704688e-01
3.95515625e-09,1.83693750e-01
3.99515625e-09,1.83706250e-01
4.03515625e-09,1.83692187e-01
4.07515625e-09,1.83709375e-01
4.11515625e-09,1.83689062e-01
4.15515625e-09,1.83714062e-01
4.19515625e-09,1.83681250e-01
4.23515625e-09,1.83728125e-01
4.27515625e-09,1.83646875e-01
4.31515625e-09,1.83906250e-01
4.35515625e-09,1.84156250e-01
4.39515625e-09,1.84067188e-01
4.43515625e-09,1.84123438e-01
4.47515625e-09,1.84081250e-01
4.51515625e-09,1.84117188e-01
4.55515625e-09,1.84084375e-01
4.59515625e-09,1.84114063e-01
4.63515625e-09,1.84087500e-01
4.67515625e-09,1.84112500e-01
4.71515625e-09,1.84087500e-01
4.75515625e-09,1.84112500e-01
4.79515625e-09,1.84087500e-01
4.83515625e-09,1.84114063e-01
4.87515625e-09,1.84085938e-01
4.91515625e-09,1.84115625e-01
4.95515625e-09,1.84081250e-01
4.99515625e-09,1.84121875e-01
5.03515625e-09,1.84073437e-01
5.07515625e-09,1.84135938e-01
5.11515625e-09,1.84039063e-01
5.15515625e-09,1.84314063e-01
5.19515625e-09,1.84546875e-01
5.23515625e-09,1.84476562e-01
5.27515625e-09,1.84512500e-01
5.31515625e-09,1.84493750e-01
5.35515625e-09,1.84503125e-01
5.39515625e-09,1.84501562e-01
5.43515625e-09,1.84493750e-01
5.47515625e-09,1.84512500e-01
5.51515625e-09,1.84478125e-01
5.55515625e-09,1.84548437e-01
5.59515625e-09,1.84298437e-01
5.63515625e-09,1.84039063e-01
5.67515625e-09,1.84135938e-01
5.71515625e-09,1.84073437e-01
5.75515625e-09,1.84121875e-01
5.79515625e-09,1.84081250e-01
5.83515625e-09,1.84115625e-01
5.87515625e-09,1.84085938e-01
5.91515625e-09,1.84114063e-01
5.95515625e-09,1.84087500e-01
5.99515625e-09,1.84110938e-01
6.03515625e-09,1.84089063e-01
6.07515625e-09,1.84110938e-01
6.11515625e-09,1.84090625e-01
6.15515625e-09,1.84109375e-01
6.19515625e-09,1.84090625e-01
6.23515625e-09,1.84109375e-01
6.27515625e-09,1.84090625e-01
6.31515625e-09,1.84109375e-01
6.35515625e-09,1.84090625e-01
6.39515625e-09,1.84109375e-01
6.43515625e-09,1.84090625e-01
6.47515625e-09,1.84109375e-01
6.51515625e-09,1.84090625e-01
6.55515625e-09,1.84109375e-01
6.59515625e-09,1.84090625e-01
6.63515625e-09,1.84109375e-01
6.67515625e-09,1.84090625e-01
6.71515625e-09,1.84109375e-01
6.75515625e-09,1.84090625e-01
6.79515625e-09,1.84109375e-01
6.83515625e-09,1.84090625e-01
6.87515625e-09,1.84109375e-01
6.91515625e-09,1.84090625e-01
6.95515625e-09,1.84109375e-01
6.99515625e-09,1.84089063e-01
7.03515625e-09,1.84110938e-01
7.07515625e-09,1.84089063e-01
7.11515625e-09,1.84110938e-01
7.15515625e-09,1.84087500e-01
7.19515625e-09,1.84112500e-01
7.23515625e-09,1.84085938e-01
7.27515625e-09,1.84114063e-01
7.31515625e-09,1.84084375e-01
7.35515625e-09,1.84117188e-01
7.39515625e-09,1.84081250e-01
7.43515625e-09,1.84121875e-01
7.47515625e-09,1.84071875e-01
7.51515625e-09,1.84137500e-01
7.55515625e-09,1.84037500e-01
7.59515625e-09,1.84315625e-01
7.63515625e-09,1.84545313e-01
7.67515625e-09,1.84478125e-01
7.71515625e-09,1.84512500e-01
7.75515625e-09,1.84493750e-01
7.79515625e-09,1.84503125e-01
7.83515625e-09,1.84500000e-01
7.87515625e-09,1.84498438e-01
7.91515625e-09,1.84503125e-01
7.95515625e-09,1.84493750e-01
7.99515625e-09,1.84507813e-01
8.03515625e-09,1.84489062e-01
8.07515625e-09,1.84514063e-01
8.11515625e-09,1.84479688e-01
8.15515625e-09,1.84529688e-01
8.19515625e-09,1.84445313e-01
8.23515625e-09,1.84707813e-01
8.27515625e-09,1.84953125e-01
8.31515625e-09,1.84870312e-01
8.35515625e-09,1.84920313e-01
8.39515625e-09,1.84885938e-01
8.43515625e-09,1.84910938e-01
8.47515625e-09,1.84890625e-01
8.51515625e-09,1.84907813e-01
8.55515625e-09,1.84893750e-01
8.59515625e-09,1.84904687e-01
8.63515625e-09,1.84895313e-01
8.67515625e-09,1.84903125e-01
8.71515625e-09,1.84896875e-01
8.75515625e-09,1.84903125e-01
8.79515625e-09,1.84898438e-01
8.83515625e-09,1.84901563e-01
8.87515625e-09,1.84898438e-01
8.91515625e-09,1.84900000e-01
8.95515625e-09,1.84900000e-01
8.99515625e-09,1.84900000e-01
9.03515625e-09,1.84900000e-01
9.07515625e-09,1.84900000e-01
9.11515625e-09,1.84901563e-01
9.15515625e-09,1.84898438e-01
9.19515625e-09,1.84901563e-01
9.23515625e-09,1.84898438e-01
9.27515625e-09,1.84901563e-01
9.31515625e-09,1.84896875e-01
9.35515625e-09,1.84903125e-01
9.39515625e-09,1.84896875e-01
9.43515625e-09,1.84903125e-01
9.47515625e-09,1.84896875e-01
9.51515625e-09,1.84904687e-01
9.55515625e-09,1.84895313e-01
9.59515625e-09,1.84904687e-01
9.63515625e-09,1.84895313e-01
9.67515625e-09,1.84906250e-01
9.71515625e-09,1.84893750e-01
9.75515625e-09,1.84907813e-01
9.79515625e-09,1.84892187e-01
9.83515625e-09,1.84909375e-01
9.87515625e-09,1.84890625e-01
9.91515625e-09,1.84910938e-01
9.95515625e-09,1.84887500e-01
9.99515625e-09,1.84915625e-01
1.00351562e-08,1.84881250e-01
1.00751562e-08,1.84923438e-01
1.01151562e-08,1.84865625e-01
1.01551562e-08,1.84959375e-01
1.01951562e-08,1.84687500e-01
1.02351562e-08,1.84451562e-01
1.02751562e-08,1.84525000e-01
1.03151562e-08,1.84484375e-01
1.03551563e-08,1.84509375e-01
1.03951562e-08,1.84493750e-01
1.04351562e-08,1.84503125e-01
1.04751562e-08,1.84500000e-01
1.05151562e-08,1.84496875e-01
1.05551562e-08,1.84506250e-01
1.05951562e-08,1.84490625e-01
1.06351562e-08,1.84515625e-01
1.06751562e-08,1.84475000e-01
1.07151562e-08,1.84551563e-01
1.07551562e-08,1.84295313e-01
1.07951562e-08,1.84042188e-01
1.08351563e-08,1.84132813e-01
1.08751562e-08,1.84076563e-01
1.09151562e-08,1.84118750e-01
1.09551562e-08,1.84084375e-01
1.09951562e-08,1.84112500e-01
1.10351562e-08,1.84089063e-01
1.10751562e-08,1.84109375e-01
1.11151562e-08,1.84092188e-01
1.11551562e-08,1.84107812e-01
1.11951562e-08,1.84093750e-01
1.12351562e-08,1.84106250e-01
1.12751562e-08,1.84093750e-01
1.13151563e-08,1.84104688e-01
1.13551562e-08,1.84095312e-01
1.13951562e-08,1.84104688e-01
1.14351562e-08,1.84096875e-01
1.14751562e-08,1.84103125e-01
1.15151562e-08,1.84096875e-01
1.15551562e-08,1.84103125e-01
1.15951562e-08,1.84096875e-01
1.16351562e-08,1.84101563e-01
1.16751562e-08,1.84098438e-01
1.17151562e-08,1.84101563e-01
1.17551562e-08,1.84098438e-01
1.17951563e-08,1.84100000e-01
1.18351562e-08,1.84100000e-01
1.18751562e-08,1.84100000e-01
1.19151562e-08,1.84100000e-01
1.19551562e-08,1.84100000e-01
1.19951562e-08,1.84101563e-01
1.20351562e-08,1.84098438e-01
1.20751562e-08,1.84101563e-01
1.21151562e-08,1.84096875e-01
1.21551562e-08,1.84103125e-01
1.21951562e-08,1.84095312e-01
1.22351562e-08,1.84104688e-01
1.22751563e-08,1.84093750e-01
1.23151562e-08,1.84107812e-01
1.23551562e-08,1.84089063e-01
1.23951562e-08,1.84114063e-01
1.24351562e-08,1.84081250e-01
1.24751562e-08,1.84128125e-01
1.25151562e-08,1.84046875e-01
1.25551562e-08,1.84306250e-01
1.25951562e-08,1.84554688e-01
1.26351562e-08,1.84468750e-01
1.26751562e-08,1.84521875e-01
1.27151562e-08,1.84482813e-01
1.27551562e-08,1.84514063e-01
1.27951562e-08,1.84489062e-01
1.28351562e-08,1.84509375e-01
1.28751562e-08,1.84492188e-01
1.29151562e-08,1.84507813e-01
1.29551562e-08,1.84493750e-01
1.29951562e-08,1.84506250e-01
1.30351562e-08,1.84495313e-01
1.30751562e-08,1.84504688e-01
1.31151562e-08,1.84495313e-01
1.31551562e-08,1.84503125e-01
1.31951562e-08,1.84496875e-01
1.32351562e-08,1.84503125e-01
1.32751562e-08,1.84498438e-01
1.33151562e-08,1.84501562e-01
1.33551562e-08,1.84500000e-01
1.33951562e-08,1.84500000e-01
1.34351562e-08,1.84501562e-01
1.34751562e-08,1.84498438e-01
1.35151562e-08,1.84503125e-01
1.35551562e-08,1.84495313e-01
1.35951562e-08,1.84506250e-01
1.36351562e-08,1.84490625e-01
1.36751562e-08,1.84514063e-01
1.37151562e-08,1.84475000e-01
1.37551562e-08,1.84548437e-01
1.37951562e-08,1.84298437e-01
1.38351562e-08,1.84039063e-01
1.38751562e-08,1.84137500e-01
1.39151562e-08,1.84071875e-01
1.39551562e-08,1.84123438e-01
1.39951562e-08,1.84078125e-01
1.40351562e-08,1.84121875e-01
1.40751562e-08,1.84076563e-01
1.41151562e-08,1.84126563e-01
1.41551562e-08,1.84065625e-01
1.41951562e-08,1.84157813e-01
1.42351562e-08,1.83890625e-01
1.42751562e-08,1.83645313e-01
1.43151562e-08,1.83732813e-01
1.43551562e-08,1.83675000e-01
1.43951562e-08,1.83721875e-01
1.44351562e-08,1.83676563e-01
1.44751562e-08,1.83726562e-01
1.45151562e-08,1.83665625e-01
1.45551562e-08,1.83759375e-01
1.45951562e-08,1.83487500e-01
1.46351562e-08,1.83250000e-01
1.46751562e-08,1.83326563e-01
1.47151562e-08,1.83284375e-01
1.47551562e-08,1.83310937e-01
1.47951562e-08,1.83293750e-01
1.48351562e-08,1.83303125e-01
1.48751562e-08,1.83300000e-01
1.49151562e-08,1.83296875e-01
1.49551562e-08,1.83309375e-01
1.49951563e-08,1.83279688e-01
1.50351562e-08,1.83345312e-01
1.50751562e-08,1.83101563e-01
1.51151562e-08,1.82835938e-01
1.51551563e-08,1.82939062e-01
1.51951562e-08,1.82870313e-01
1.52351562e-08,1.82925000e-01
1.52751563e-08,1.82878125e-01
1.53151562e-08,1.82920313e-01
1.53551562e-08,1.82881250e-01
1.53951562e-08,1.82917187e-01
1.54351562e-08,1.82884375e-01
1.54751562e-08,1.82915625e-01
1.55151562e-08,1.82884375e-01
1.55551563e-08,1.82914063e-01
1.55951562e-08,1.82885938e-01
1.56351562e-08,1.82914063e-01
1.56751562e-08,1.82885938e-01
1.57151562e-08,1.82914063e-01
1.57551562e-08,1.82885938e-01
1.57951562e-08,1.82914063e-01
1.58351563e-08,1.82885938e-01
1.58751562e-08,1.82915625e-01
1.59151562e-08,1.82884375e-01
1.59551563e-08,1.82917187e-01
1.59951562e-08,1.82882813e-01
1.60351562e-08,1.82918750e-01
1.60751562e-08,1.82879687e-01
1.61151563e-08,1.82923438e-01
1.61551562e-08,1.82870313e-01
1.61951562e-08,1.82939062e-01
1.62351563e-08,1.82835938e-01
1.62751562e-08,1.83117188e-01
1.63151562e-08,1.83345312e-01
1.63551562e-08,1.83278125e-01
1.63951562e-08,1.83312500e-01
1.64351562e-08,1.83292188e-01
1.64751562e-08,1.83304688e-01
1.65151563e-08,1.83298437e-01
1.65551562e-08,1.83300000e-01
1.65951562e-08,1.83301563e-01
1.66351562e-08,1.83298437e-01
1.66751562e-08,1.83303125e-01
1.67151562e-08,1.83296875e-01
1.67551562e-08,1.83304688e-01
1.67951563e-08,1.83295313e-01
1.68351562e-08,1.83306250e-01
1.68751562e-08,1.83293750e-01
1.69151563e-08,1.83307813e-01
1.69551562e-08,1.83292188e-01
1.69951562e-08,1.83309375e-01
1.70351562e-08,1.83289063e-01
1.70751563e-08,1.83312500e-01
1.71151562e-08,1.83285937e-01
1.71551562e-08,1.83315625e-01
1.71951563e-08,1.83281250e-01
1.72351562e-08,1.83325000e-01
1.72751562e-08,1.83265625e-01
1.73151562e-08,1.83359375e-01
1.73551562e-08,1.83085938e-01
1.73951562e-08,1.82851563e-01
1.74351562e-08,1.82923438e-01
1.74751563e-08,1.82885938e-01
1.75151562e-08,1.82907813e-01
1.75551562e-08,1.82895313e-01
1.75951562e-08,1.82901563e-01
1.76351562e-08,1.82901563e-01
1.76751562e-08,1.82896875e-01
1.77151562e-08,1.82906250e-01
1.77551563e-08,1.82889063e-01
1.77951562e-08,1.82917187e-01
1.78351562e-08,1.82873438e-01
1.78751562e-08,1.82953125e-01
1.79151562e-08,1.82693750e-01
1.79551562e-08,1.82445313e-01
1.79951562e-08,1.82531250e-01
1.80351563e-08,1.82479688e-01
1.80751562e-08,1.82514063e-01
1.81151562e-08,1.82489063e-01
1.81551563e-08,1.82506250e-01
1.81951562e-08,1.82496875e-01
1.82351562e-08,1.82498437e-01
1.82751562e-08,1.82506250e-01
1.83151562e-08,1.82482813e-01
1.83551562e-08,1.82542188e-01
1.83951562e-08,1.82303125e-01
1.84351563e-08,1.82034375e-01
1.84751562e-08,1.82142187e-01
1.85151562e-08,1.82067188e-01
1.85551562e-08,1.82128125e-01
1.85951562e-08,1.82075000e-01
1.86351562e-08,1.82123438e-01
1.86751562e-08,1.82078125e-01
1.87151563e-08,1.82121875e-01
1.87551562e-08,1.82079688e-01
1.87951562e-08,1.82121875e-01
1.88351562e-08,1.82078125e-01
1.88751562e-08,1.82123438e-01
1.89151562e-08,1.82073438e-01
1.89551562e-08,1.82131250e-01
1.89951563e-08,1.82059375e-01
1.90351562e-08,1.82164063e-01
1.90751562e-08,1.81882813e-01
1.91151563e-08,1.81654687e-01
1.91551562e-08,1.81721875e-01
1.91951562e-08,1.81687500e-01
1.92351562e-08,1.81707813e-01
1.92751562e-08,1.81695313e-01
1.93151562e-08,1.81703125e-01
1.93551562e-08,1.81698438e-01
1.93951563e-08,1.81700000e-01
1.94351562e-08,1.81700000e-01
1.94751562e-08,1.81698438e-01
1.95151562e-08,1.81701562e-01
1.95551562e-08,1.81698438e-01
1.95951562e-08,1.81703125e-01
1.96351562e-08,1.81696875e-01
1.96751563e-08,1.81703125e-01
1.97151562e-08,1.81696875e-01
1.97551562e-08,1.81703125e-01
1.97951562e-08,1.81696875e-01
1.98351562e-08,1.81704688e-01
1.98751562e-08,1.81695313e-01
1.99151562e-08,1.81704688e-01
1.99551563e-08,1.81695313e-01
1.99951562e-08,1.81704688e-01
2.00351562e-08,1.81695313e-01
2.00751562e-08,1.81704688e-01
2.01151562e-08,1.81695313e-01
2.01551562e-08,1.81706250e-01
2.01951562e-08,1.81693750e-01
2.02351562e-08,1.81706250e-01
2.02751562e-08,1.81693750e-01
2.03151562e-08,1.81706250e-01
2.03551563e-08,1.81693750e-01
2.03951562e-08,1.81707813e-01
2.04351562e-08,1.81692188e-01
2.04751562e-08,1.81707813e-01
2.05151562e-08,1.81692188e-01
2.05551562e-08,1.81709375e-01
2.05951562e-08,1.81690625e-01
2.06351563e-08,1.81710938e-01
2.06751562e-08,1.81689062e-01
2.07151562e-08,1.81712500e-01
2.07551562e-08,1.81685938e-01
2.07951562e-08,1.81715625e-01
2.08351562e-08,1.81682813e-01
2.08751562e-08,1.81720313e-01
2.09151563e-08,1.81673438e-01
2.09551562e-08,1.81735937e-01
2.09951562e-08,1.81639063e-01
2.10351562e-08,1.81914063e-01
2.10751562e-08,1.82146875e-01
2.11151562e-08,1.82076563e-01
2.11551562e-08,1.82114063e-01
2.11951562e-08,1.82092188e-01
2.12351562e-08,1.82104688e-01
2.12751562e-08,1.82098438e-01
2.13151563e-08,1.82100000e-01
2.13551562e-08,1.82103125e-01
2.13951562e-08,1.82095312e-01
2.14351562e-08,1.82107812e-01
2.14751562e-08,1.82090625e-01
2.15151562e-08,1.82114063e-01
2.15551562e-08,1.82079688e-01
2.15951563e-08,1.82129687e-01
2.16351562e-08,1.82043750e-01
2.16751562e-08,1.82309375e-01
2.17151562e-08,1.82551563e-01
2.17551562e-08,1.82473438e-01
2.17951562e-08,1.82517188e-01
2.18351562e-08,1.82489063e-01
2.18751563e-08,1.82504688e-01
2.19151562e-08,1.82500000e-01
2.19551562e-08,1.82493750e-01
2.19951562e-08,1.82517188e-01
2.20351562e-08,1.82457813e-01
2.20751562e-08,1.82695313e-01
2.21151562e-08,1.82967188e-01
2.21551562e-08,1.82856250e-01
2.21951562e-08,1.82934375e-01
2.22351562e-08,1.82868750e-01
2.22751563e-08,1.82931250e-01
2.23151562e-08,1.82867188e-01
2.23551562e-08,1.82940625e-01
2.23951562e-08,1.82835938e-01
2.24351562e-08,1.83115625e-01
2.24751562e-08,1.83348438e-01
2.25151562e-08,1.83275000e-01
2.25551563e-08,1.83317188e-01
2.25951562e-08,1.83285937e-01
2.26351562e-08,1.83312500e-01
2.26751562e-08,1.83285937e-01
2.27151562e-08,1.83315625e-01
2.27551562e-08,1.83281250e-01
2.27951562e-08,1.83328125e-01
2.28351563e-08,1.83246875e-01
2.28751562e-08,1.83504688e-01
2.29151562e-08,1.83757813e-01
2.29551562e-08,1.83665625e-01
2.29951562e-08,1.83725000e-01
2.30351562e-08,1.83679687e-01
2.30751562e-08,1.83718750e-01
2.31151562e-08,1.83682813e-01
2.31551562e-08,1.83715625e-01
2.31951562e-08,1.83684375e-01
2.32351562e-08,1.83717188e-01
2.32751562e-08,1.83682813e-01
2.33151562e-08,1.83720313e-01
2.33551562e-08,1.83675000e-01
2.33951562e-08,1.83734375e-01
2.34351562e-08,1.83642187e-01
2.34751562e-08,1.83910938e-01
2.35151563e-08,1.84151563e-01
2.35551562e-08,1.84071875e-01
2.35951562e-08,1.84120312e-01
2.36351562e-08,1.84084375e-01
2.36751562e-08,1.84112500e-01
2.37151562e-08,1.84089063e-01
2.37551562e-08,1.84110938e-01
2.37951563e-08,1.84090625e-01
2.38351562e-08,1.84109375e-01
2.38751562e-08,1.84090625e-01
2.39151562e-08,1.84110938e-01
2.39551562e-08,1.84087500e-01
2.39951562e-08,1.84114063e-01
2.40351562e-08,1.84082812e-01
2.40751562e-08,1.84121875e-01
2.41151562e-08,1.84068750e-01
2.41551562e-08,1.84156250e-01
2.41951562e-08,1.83890625e-01
2.42351562e-08,1.83646875e-01
2.42751562e-08,1.83729688e-01
2.43151562e-08,1.83679687e-01
2.43551562e-08,1.83715625e-01
2.43951562e-08,1.83687500e-01
2.44351562e-08,1.83710938e-01
2.44751563e-08,1.83690625e-01
2.45151562e-08,1.83707813e-01
2.45551562e-08,1.83692187e-01
2.45951562e-08,1.83706250e-01
2.46351562e-08,1.83693750e-01
2.46751562e-08,1.83706250e-01
2.47151562e-08,1.83693750e-01
2.47551562e-08,1.83704688e-01
2.47951562e-08,1.83695313e-01
2.48351562e-08,1.83704688e-01
2.48751562e-08,1.83695313e-01
2.49151562e-08,1.83704688e-01
2.49551562e-08,1.83695313e-01
2.49951562e-08,1.83703125e-01
2.50351562e-08,1.83696875e-01
2.50751562e-08,1.83703125e-01
2.51151562e-08,1.83696875e-01
2.51551562e-08,1.83703125e-01
2.51951562e-08,1.83696875e-01
2.52351562e-08,1.83703125e-01
2.52751562e-08,1.83696875e-01
2.53151562e-08,1.83703125e-01
2.53551562e-08,1.83696875e-01
2.53951562e-08,1.83703125e-01
2.54351562e-08,1.83696875e-01
2.54751562e-08,1.83703125e-01
2.55151562e-08,1.83696875e-01
2.55551562e-08,1.83703125e-01
2.55951562e-08,1.83698438e-01
2.56351562e-08,1.83701562e-01
2.56751562e-08,1.83698438e-01
2.57151562e-08,1.83701562e-01
2.57551562e-08,1.83698438e-01
2.57951562e-08,1.83701562e-01
2.58351562e-08,1.83698438e-01
2.58751562e-08,1.83701562e-01
2.59151562e-08,1.83698438e-01
2.59551562e-08,1.83701562e-01
2.59951562e-08,1.83698438e-01
2.60351562e-08,1.83701562e-01
2.60751562e-08,1.83698438e-01
2.61151562e-08,1.83701562e-01
2.61551562e-08,1.83698438e-01
2.61951562e-08,1.83701562e-01
2.62351562e-08,1.83698438e-01
2.62751562e-08,1.83700000e-01
2.63151562e-08,1.83700000e-01
2.63551562e-08,1.83700000e-01
2.63951562e-08,1.83700000e-01
2.64351562e-08,1.83700000e-01
2.64751562e-08,1.83700000e-01
2.65151562e-08,1.83698438e-01
2.65551562e-08,1.83701562e-01
2.65951562e-08,1.83698438e-01
2.66351562e-08,1.83703125e-01
2.66751562e-08,1.83695313e-01
2.67151562e-08,1.83706250e-01
2.67551562e-08,1.83690625e-01
2.67951562e-08,1.83714062e-01
2.68351562e-08,1.83676563e-01
2.68751562e-08,1.83748438e-01
2.69151562e-08,1.83500000e-01
2.69551562e-08,1.83237500e-01
2.69951562e-08,1.83339063e-01
2.70351562e-08,1.83268750e-01
2.70751562e-08,1.83326563e-01
2.71151562e-08,1.83275000e-01
2.71551562e-08,1.83325000e-01
2.71951562e-08,1.83273437e-01
2.72351562e-08,1.83331250e-01
2.72751562e-08,1.83260937e-01
2.73151562e-08,1.83364063e-01
2.73551562e-08,1.83082812e-01
2.73951562e-08,1.82853125e-01
2.74351562e-08,1.82921875e-01
2.74751562e-08,1.82885938e-01
2.75151562e-08,1.82909375e-01
2.75551562e-08,1.82893750e-01
2.75951562e-08,1.82904687e-01
2.76351562e-08,1.82896875e-01
2.76751562e-08,1.82901563e-01
2.77151562e-08,1.82898438e-01
2.77551562e-08,1.82900000e-01
2.77951562e-08,1.82900000e-01
2.78351562e-08,1.82900000e-01
2.78751562e-08,1.82900000e-01
2.79151562e-08,1.82898438e-01
2.79551562e-08,1.82901563e-01
2.79951562e-08,1.82898438e-01
2.80351562e-08,1.82901563e-01
2.80751562e-08,1.82898438e-01
2.81151562e-08,1.82901563e-01
2.81551562e-08,1.82898438e-01
2.81951562e-08,1.82901563e-01
2.82351562e-08,1.82896875e-01
2.82751562e-08,1.82903125e-01
2.83151562e-08,1.82896875e-01
2.83551562e-08,1.82903125e-01
2.83951562e-08,1.82896875e-01
2.84351562e-08,1.82903125e-01
2.84751562e-08,1.82896875e-01
2.85151562e-08,1.82903125e-01
2.85551562e-08,1.82895313e-01
2.85951562e-08,1.82904687e-01
2.86351562e-08,1.82895313e-01
2.86751562e-08,1.82904687e-01
2.87151562e-08,1.82895313e-01
2.87551562e-08,1.82904687e-01
2.87951562e-08,1.82893750e-01
2.88351562e-08,1.82906250e-01
2.88751562e-08,1.82893750e-01
2.89151562e-08,1.82906250e-01
2.89551562e-08,1.82892187e-01
2.89951562e-08,1.82907813e-01
2.90351562e-08,1.82890625e-01
2.90751562e-08,1.82909375e-01
2.91151562e-08,1.82889063e-01
2.91551562e-08,1.82912500e-01
2.91951562e-08,1.82885938e-01
2.92351562e-08,1.82915625e-01
2.92751562e-08,1.82881250e-01
2.93151562e-08,1.82925000e-01
2.93551562e-08,1.82865625e-01
2.93951562e-08,1.82959375e-01
2.94351562e-08,1.82685938e-01
2.94751562e-08,1.82451562e-01
2.95151562e-08,1.82523437e-01
2.95551562e-08,1.82485938e-01
2.95951562e-08,1.82507813e-01
2.96351562e-08,1.82496875e-01
2.96751562e-08,1.82500000e-01
2.97151562e-08,1.82504688e-01
2.97551562e-08,1.82492188e-01
2.97951562e-08,1.82514063e-01
2.98351562e-08,1.82475000e-01
2.98751562e-08,1.82550000e-01
2.99151562e-08,1.82295313e-01
2.99551562e-08,1.82043750e-01
2.99951562e-08,1.82132813e-01
3.00351562e-08,1.82078125e-01
3.00751563e-08,1.82115625e-01
3.01151562e-08,1.82087500e-01
3.01551562e-08,1.82107812e-01
3.01951562e-08,1.82095312e-01
3.02351562e-08,1.82100000e-01
3.02751562e-08,1.82104688e-01
3.03151562e-08,1.82084375e-01
3.03551563e-08,1.82140625e-01
3.03951562e-08,1.81906250e-01
3.04351562e-08,1.81631250e-01
3.04751562e-08,1.81745313e-01
3.05151562e-08,1.81664063e-01
3.05551562e-08,1.81731250e-01
3.05951563e-08,1.81670313e-01
3.06351563e-08,1.81729688e-01
3.06751562e-08,1.81668750e-01
3.07151562e-08,1.81734375e-01
3.07551562e-08,1.81657813e-01
3.07951562e-08,1.81765625e-01
3.08351562e-08,1.81481250e-01
3.08751563e-08,1.81254688e-01
3.09151563e-08,1.81321875e-01
3.09551562e-08,1.81285937e-01
3.09951562e-08,1.81310938e-01
3.10351562e-08,1.81290625e-01
3.10751562e-08,1.81309375e-01
3.11151562e-08,1.81289063e-01
3.11551563e-08,1.81315625e-01
3.11951563e-08,1.81276563e-01
3.12351562e-08,1.81348438e-01
3.12751562e-08,1.81100000e-01
3.13151562e-08,1.80837500e-01
3.13551562e-08,1.80939062e-01
3.13951562e-08,1.80868750e-01
3.14351563e-08,1.80926562e-01
3.14751562e-08,1.80875000e-01
3.15151562e-08,1.80925000e-01
3.15551562e-08,1.80875000e-01
3.15951562e-08,1.80925000e-01
3.16351562e-08,1.80871875e-01
3.16751562e-08,1.80932813e-01
3.17151563e-08,1.80857812e-01
3.17551562e-08,1.80965625e-01
3.17951562e-08,1.80681250e-01
3.18351562e-08,1.80456250e-01
3.18751562e-08,1.80520313e-01
3.19151562e-08,1.80489063e-01
3.19551562e-08,1.80506250e-01
3.19951563e-08,1.80496875e-01
3.20351562e-08,1.80501563e-01
3.20751562e-08,1.80500000e-01
3.21151562e-08,1.80498437e-01
3.21551562e-08,1.80503125e-01
3.21951562e-08,1.80496875e-01
3.22351562e-08,1.80503125e-01
3.22751563e-08,1.80495313e-01
3.23151562e-08,1.80504688e-01
3.23551562e-08,1.80493750e-01
3.23951562e-08,1.80506250e-01
3.24351562e-08,1.80493750e-01
3.24751562e-08,1.80506250e-01
3.25151563e-08,1.80492188e-01
3.25551563e-08,1.80507813e-01
3.25951562e-08,1.80492188e-01
3.26351562e-08,1.80509375e-01
3.26751562e-08,1.80490625e-01
3.27151562e-08,1.80510937e-01
3.27551562e-08,1.80489063e-01
3.27951563e-08,1.80512500e-01
3.28351563e-08,1.80485937e-01
3.28751562e-08,1.80515625e-01
3.29151562e-08,1.80482813e-01
3.29551562e-08,1.80520313e-01
3.29951562e-08,1.80473438e-01
3.30351562e-08,1.80535938e-01
3.30751563e-08,1.80439062e-01
3.31151563e-08,1.80714062e-01
3.31551562e-08,1.80946875e-01
3.31951562e-08,1.80876563e-01
3.32351562e-08,1.80912500e-01
3.32751562e-08,1.80892187e-01
3.33151562e-08,1.80904687e-01
3.33551563e-08,1.80898438e-01
3.33951562e-08,1.80898438e-01
3.34351562e-08,1.80903125e-01
3.34751562e-08,1.80893750e-01
3.35151562e-08,1.80910938e-01
3.35551562e-08,1.80884375e-01
3.35951562e-08,1.80925000e-01
3.36351563e-08,1.80850000e-01
3.36751562e-08,1.81103125e-01
3.37151562e-08,1.81359375e-01
3.37551562e-08,1.81264063e-01
3.37951562e-08,1.81328125e-01
3.38351562e-08,1.81276563e-01
3.38751562e-08,1.81323438e-01
3.39151563e-08,1.81275000e-01
3.39551562e-08,1.81332812e-01
3.39951562e-08,1.81243750e-01
3.40351562e-08,1.81507813e-01
3.40751562e-08,1.81756250e-01
3.41151562e-08,1.81665625e-01
3.41551562e-08,1.81728125e-01
3.41951563e-08,1.81675000e-01
3.42351562e-08,1.81726562e-01
3.42751562e-08,1.81670313e-01
3.43151562e-08,1.81739062e-01
3.43551562e-08,1.81635938e-01
3.43951562e-08,1.81917187e-01
3.44351562e-08,1.82145313e-01
3.44751563e-08,1.82079688e-01
3.45151562e-08,1.82109375e-01
3.45551562e-08,1.82096875e-01
3.45951562e-08,1.82095312e-01
3.46351562e-08,1.82115625e-01
3.46751562e-08,1.82059375e-01
3.47151563e-08,1.82293750e-01
3.47551563e-08,1.82568750e-01
3.47951562e-08,1.82453125e-01
3.48351562e-08,1.82540625e-01
3.48751562e-08,1.82459375e-01
3.49151562e-08,1.82546875e-01
3.49551562e-08,1.82431250e-01
3.49951563e-08,1.82721875e-01
3.50351563e-08,1.82942188e-01
3.50751562e-08,1.82882813e-01
3.51151562e-08,1.82907813e-01
3.51551562e-08,1.82898438e-01
3.51951562e-08,1.82893750e-01
3.52351562e-08,1.82915625e-01
3.52751563e-08,1.82859375e-01
3.53151562e-08,1.83093750e-01
3.53551562e-08,1.83370313e-01
3.53951562e-08,1.83251563e-01
3.54351562e-08,1.83342188e-01
3.54751562e-08,1.83257813e-01
3.55151562e-08,1.83350000e-01
3.55551563e-08,1.83226562e-01
3.55951562e-08,1.83525000e-01
3.56351562e-08,1.83737500e-01
3.56751562e-08,1.83687500e-01
3.57151562e-08,1.83701562e-01
3.57551562e-08,1.83704688e-01
3.57951562e-08,1.83687500e-01
3.58351563e-08,1.83723438e-01
3.58751562e-08,1.83650000e-01
3.59151562e-08,1.83903125e-01
3.59551562e-08,1.84159375e-01
3.59951562e-08,1.84064063e-01
3.60351562e-08,1.84128125e-01
3.60751562e-08,1.84076563e-01
3.61151563e-08,1.84123438e-01
3.61551562e-08,1.84075000e-01
3.61951562e-08,1.84132813e-01
3.62351562e-08,1.84043750e-01
3.62751562e-08,1.84307813e-01
3.63151562e-08,1.84556250e-01
3.63551562e-08,1.84465625e-01
3.63951563e-08,1.84526563e-01
3.64351562e-08,1.84476562e-01
3.64751562e-08,1.84521875e-01
3.65151562e-08,1.84476562e-01
3.65551562e-08,1.84525000e-01
3.65951562e-08,1.84470313e-01
3.66351562e-08,1.84539063e-01
3.66751563e-08,1.84435938e-01
3.67151562e-08,1.84717188e-01
3.67551562e-08,1.84945313e-01
3.67951562e-08,1.84879688e-01
3.68351562e-08,1.84910938e-01
3.68751562e-08,1.84895313e-01
3.69151563e-08,1.84900000e-01
3.69551563e-08,1.84903125e-01
3.69951562e-08,1.84893750e-01
3.70351562e-08,1.84910938e-01
3.70751562e-08,1.84882812e-01
3.71151562e-08,1.84928125e-01
3.71551562e-08,1.84846875e-01
3.71951563e-08,1.85107812e-01
3.72351562e-08,1.85354688e-01
3.72751562e-08,1.85270313e-01
3.73151562e-08,1.85318750e-01
3.73551562e-08,1.85287500e-01
3.73951562e-08,1.85307813e-01
3.74351562e-08,1.85295313e-01
3.74751563e-08,1.85301563e-01
3.75151562e-08,1.85303125e-01
3.75551562e-08,1.85290625e-01
3.75951562e-08,1.85320313e-01
3.76351562e-08,1.85254688e-01
3.76751562e-08,1.85498438e-01
3.77151562e-08,1.85762500e-01
3.77551563e-08,1.85660938e-01
3.77951562e-08,1.85729688e-01
3.78351562e-08,1.85676563e-01
3.78751562e-08,1.85720313e-01
3.79151562e-08,1.85681250e-01
3.79551562e-08,1.85717188e-01
3.79951562e-08,1.85684375e-01
3.80351563e-08,1.85714062e-01
3.80751562e-08,1.85685938e-01
3.81151562e-08,1.85712500e-01
3.81551562e-08,1.85687500e-01
3.81951562e-08,1.85712500e-01
3.82351562e-08,1.85689063e-01
3.82751562e-08,1.85710938e-01
3.83151563e-08,1.85689063e-01
3.83551562e-08,1.85710938e-01
3.83951562e-08,1.85689063e-01
3.84351562e-08,1.85710938e-01
3.84751562e-08,1.85689063e-01
3.85151562e-08,1.85710938e-01
3.85551562e-08,1.85689063e-01
3.85951563e-08,1.85710938e-01
3.86351562e-08,1.85689063e-01
3.86751562e-08,1.85710938e-01
3.87151562e-08,1.85689063e-01
3.87551562e-08,1.85710938e-01
3.87951562e-08,1.85689063e-01
3.88351562e-08,1.85712500e-01
3.88751563e-08,1.85687500e-01
3.89151562e-08,1.85714062e-01
3.89551562e-08,1.85685938e-01
3.89951562e-08,1.85715625e-01
3.90351562e-08,1.85682813e-01
3.90751562e-08,1.85718750e-01
3.91151563e-08,1.85676563e-01
3.91551562e-08,1.85728125e-01
3.91951562e-08,1.85662500e-01
3.92351562e-08,1.85764062e-01
3.92751562e-08,1.85482813e-01
3.93151562e-08,1.85256250e-01
3.93551562e-08,1.85320313e-01
3.93951563e-08,1.85290625e-01
3.94351562e-08,1.85303125e-01
3.94751562e-08,1.85303125e-01
3.95151562e-08,1.85292188e-01
3.95551562e-08,1.85314063e-01
3.95951562e-08,1.85275000e-01
3.96351562e-08,1.85351563e-01
3.96751563e-08,1.85093750e-01
3.97151562e-08,1.84845312e-01
3.97551562e-08,1.84929687e-01
3.97951562e-08,1.84881250e-01
3.98351562e-08,1.84910938e-01
3.98751562e-08,1.84896875e-01
3.99151562e-08,1.84890625e-01
3.99551563e-08,1.84934375e-01
3.99951562e-08,1.84712500e-01
4.00351562e-08,1.84425000e-01
4.00751562e-08,1.84551563e-01
4.01151562e-08,1.84454688e-01
4.01551562e-08,1.84543750e-01
4.01951562e-08,1.84450000e-01
4.02351563e-08,1.84571875e-01
4.02751562e-08,1.84276563e-01
4.03151562e-08,1.84057813e-01
4.03551562e-08,1.84120312e-01
4.03951562e-08,1.84085938e-01
4.04351562e-08,1.84114063e-01
4.04751562e-08,1.84079688e-01
4.05151563e-08,1.84142187e-01
4.05551562e-08,1.83906250e-01
4.05951562e-08,1.83628125e-01
4.06351562e-08,1.83750000e-01
4.06751562e-08,1.83654687e-01
4.07151562e-08,1.83745313e-01
4.07551562e-08,1.83646875e-01
4.07951563e-08,1.83776563e-01
4.08351562e-08,1.83470313e-01
4.08751562e-08,1.83268750e-01
4.09151562e-08,1.83307813e-01
4.09551562e-08,1.83303125e-01
4.09951562e-08,1.83289063e-01
4.10351562e-08,1.83320312e-01
4.10751562e-08,1.83268750e-01
4.11151562e-08,1.83357812e-01
4.11551562e-08,1.83087500e-01
4.11951562e-08,1.82851563e-01
4.12351562e-08,1.82925000e-01
4.12751562e-08,1.82885938e-01
4.13151563e-08,1.82907813e-01
4.13551562e-08,1.82896875e-01
4.13951562e-08,1.82900000e-01
4.14351562e-08,1.82904687e-01
4.14751562e-08,1.82890625e-01
4.15151562e-08,1.82914063e-01
4.15551562e-08,1.82875000e-01
4.15951563e-08,1.82951562e-01
4.16351562e-08,1.82695313e-01
4.16751562e-08,1.82442188e-01
4.17151562e-08,1.82532813e-01
4.17551562e-08,1.82476562e-01
4.17951562e-08,1.82517188e-01
4.18351562e-08,1.82485938e-01
4.18751563e-08,1.82512500e-01
4.19151562e-08,1.82489063e-01
4.19551562e-08,1.82509375e-01
4.19951562e-08,1.82492188e-01
4.20351562e-08,1.82506250e-01
4.20751562e-08,1.82493750e-01
4.21151562e-08,1.82504688e-01
4.21551563e-08,1.82495313e-01
4.21951562e-08,1.82504688e-01
4.22351562e-08,1.82496875e-01
4.22751562e-08,1.82503125e-01
4.23151562e-08,1.82496875e-01
4.23551562e-08,1.82503125e-01
4.23951562e-08,1.82498437e-01
4.24351563e-08,1.82501563e-01
4.24751562e-08,1.82498437e-01
4.25151562e-08,1.82501563e-01
4.25551562e-08,1.82500000e-01
4.25951562e-08,1.82500000e-01
4.26351562e-08,1.82500000e-01
4.26751562e-08,1.82500000e-01
4.27151563e-08,1.82500000e-01
4.27551562e-08,1.82498437e-01
4.27951562e-08,1.82501563e-01
4.28351562e-08,1.82498437e-01
4.28751562e-08,1.82501563e-01
4.29151562e-08,1.82496875e-01
4.29551562e-08,1.82503125e-01
4.29951562e-08,1.82496875e-01
4.30351562e-08,1.82504688e-01
4.30751562e-08,1.82493750e-01
4.31151562e-08,1.82506250e-01
4.31551562e-08,1.82492188e-01
4.31951562e-08,1.82509375e-01
4.32351562e-08,1.82489063e-01
4.32751562e-08,1.82514063e-01
4.33151562e-08,1.82479688e-01
4.33551562e-08,1.82529688e-01
4.33951562e-08,1.82445313e-01
4.34351562e-08,1.82707813e-01
4.34751562e-08,1.82954688e-01
4.35151563e-08,1.82870313e-01
4.35551562e-08,1.82920313e-01
4.35951562e-08,1.82884375e-01
4.36351562e-08,1.82912500e-01
4.36751562e-08,1.82890625e-01
4.37151562e-08,1.82907813e-01
4.37551562e-08,1.82892187e-01
4.37951563e-08,1.82906250e-01
4.38351562e-08,1.82895313e-01
4.38751562e-08,1.82904687e-01
4.39151562e-08,1.82896875e-01
4.39551562e-08,1.82903125e-01
4.39951562e-08,1.82896875e-01
4.40351562e-08,1.82901563e-01
4.40751563e-08,1.82898438e-01
4.41151562e-08,1.82901563e-01
4.41551562e-08,1.82900000e-01
4.41951562e-08,1.82900000e-01
4.42351562e-08,1.82900000e-01
4.42751562e-08,1.82898438e-01
4.43151562e-08,1.82901563e-01
4.43551563e-08,1.82896875e-01
4.43951562e-08,1.82903125e-01
4.44351562e-08,1.82895313e-01
4.44751562e-08,1.82906250e-01
4.45151562e-08,1.82893750e-01
4.45551562e-08,1.82909375e-01
4.45951562e-08,1.82889063e-01
4.46351563e-08,1.82914063e-01
4.46751562e-08,1.82879687e-01
4.47151562e-08,1.82929687e-01
4.47551562e-08,1.82845312e-01
4.47951562e-08,1.83109375e-01
4.48351562e-08,1.83353125e-01
4.48751562e-08,1.83271875e-01
4.49151562e-08,1.83318750e-01
4.49551562e-08,1.83287500e-01
4.49951562e-08,1.83309375e-01
4.50351562e-08,1.83295313e-01
4.50751562e-08,1.83301563e-01
4.51151562e-08,1.83303125e-01
4.51551562e-08,1.83292188e-01
4.51951562e-08,1.83318750e-01
4.52351562e-08,1.83256250e-01
4.52751562e-08,1.83496875e-01
4.53151562e-08,1.83765625e-01
4.53551562e-08,1.83657813e-01
4.53951562e-08,1.83732813e-01
4.54351563e-08,1.83670313e-01
4.54751562e-08,1.83729688e-01
4.55151562e-08,1.83668750e-01
4.55551562e-08,1.83739062e-01
4.55951562e-08,1.83639063e-01
4.56351562e-08,1.83910938e-01
4.56751562e-08,1.84153125e-01
4.57151563e-08,1.84067188e-01
4.57551562e-08,1.84126563e-01
4.57951562e-08,1.84071875e-01
4.58351562e-08,1.84135938e-01
4.58751562e-08,1.84040625e-01
4.59151562e-08,1.84312500e-01
4.59551562e-08,1.84550000e-01
4.59951563e-08,1.84475000e-01
4.60351562e-08,1.84515625e-01
4.60751562e-08,1.84492188e-01
4.61151562e-08,1.84500000e-01
4.61551562e-08,1.84510937e-01
4.61951562e-08,1.84462500e-01
4.62351562e-08,1.84690625e-01
4.62751563e-08,1.84971875e-01
4.63151562e-08,1.84851563e-01
4.63551562e-08,1.84939063e-01
4.63951562e-08,1.84865625e-01
4.64351562e-08,1.84932813e-01
4.64751562e-08,1.84867188e-01
4.65151562e-08,1.84934375e-01
4.65551562e-08,1.84862500e-01
4.65951562e-08,1.84945313e-01
4.66351562e-08,1.84829688e-01
4.66751562e-08,1.85121875e-01
4.67151562e-08,1.85340625e-01
4.67551562e-08,1.85282813e-01
4.67951562e-08,1.85307813e-01
4.68351562e-08,1.85296875e-01
4.68751562e-08,1.85301563e-01
4.69151562e-08,1.85301563e-01
4.69551562e-08,1.85298437e-01
4.69951562e-08,1.85303125e-01
4.70351562e-08,1.85296875e-01
4.70751562e-08,1.85304688e-01
4.71151562e-08,1.85295313e-01
4.71551562e-08,1.85304688e-01
4.71951562e-08,1.85295313e-01
4.72351562e-08,1.85304688e-01
4.72751562e-08,1.85293750e-01
4.73151562e-08,1.85306250e-01
4.73551562e-08,1.85293750e-01
4.73951562e-08,1.85306250e-01
4.74351562e-08,1.85293750e-01
4.74751562e-08,1.85306250e-01
4.75151562e-08,1.85293750e-01
4.75551562e-08,1.85306250e-01
4.75951562e-08,1.85292188e-01
4.76351563e-08,1.85307813e-01
4.76751562e-08,1.85292188e-01
4.77151562e-08,1.85307813e-01
4.77551562e-08,1.85292188e-01
4.77951562e-08,1.85307813e-01
4.78351562e-08,1.85290625e-01
4.78751562e-08,1.85309375e-01
4.79151563e-08,1.85290625e-01
4.79551562e-08,1.85310937e-01
4.79951562e-08,1.85289063e-01
4.80351562e-08,1.85312500e-01
4.80751562e-08,1.85285937e-01
4.81151562e-08,1.85315625e-01
4.81551562e-08,1.85281250e-01
4.81951563e-08,1.85323438e-01
4.82351562e-08,1.85265625e-01
4.82751562e-08,1.85357812e-01
4.83151562e-08,1.85089063e-01
4.83551562e-08,1.84850000e-01
4.83951562e-08,1.84926563e-01
4.84351562e-08,1.84882812e-01
4.84751562e-08,1.84912500e-01
4.85151562e-08,1.84890625e-01
4.85551562e-08,1.84907813e-01
4.85951562e-08,1.84893750e-01
4.86351562e-08,1.84904687e-01
4.86751562e-08,1.84895313e-01
4.87151562e-08,1.84904687e-01
4.87551562e-08,1.84896875e-01
4.87951562e-08,1.84903125e-01
4.88351562e-08,1.84896875e-01
4.88751562e-08,1.84903125e-01
4.89151562e-08,1.84896875e-01
4.89551562e-08,1.84903125e-01
4.89951562e-08,1.84896875e-01
4.90351562e-08,1.84904687e-01
4.90751562e-08,1.84895313e-01
4.91151562e-08,1.84904687e-01
4.91551562e-08,1.84893750e-01
4.91951562e-08,1.84907813e-01
4.92351562e-08,1.84889063e-01
4.92751562e-08,1.84915625e-01
4.93151562e-08,1.84875000e-01
4.93551562e-08,1.84950000e-01
4.93951562e-08,1.84696875e-01
4.94351562e-08,1.84440625e-01
4.94751562e-08,1.84535937e-01
4.95151562e-08,1.84473438e-01
4.95551562e-08,1.84523437e-01
4.95951562e-08,1.84479688e-01
4.96351562e-08,1.84518750e-01
4.96751562e-08,1.84482813e-01
4.97151562e-08,1.84517188e-01
4.97551562e-08,1.84482813e-01
4.97951562e-08,1.84517188e-01
4.98351563e-08,1.84482813e-01
4.98751562e-08,1.84518750e-01
4.99151562e-08,1.84479688e-01
4.99551562e-08,1.84521875e-01
4.99951562e-08,1.84475000e-01
5.00351562e-08,1.84529688e-01
5.00751562e-08,1.84460938e-01
5.01151563e-08,1.84564063e-01
5.01551562e-08,1.84282813e-01
5.01951562e-08,1.84056250e-01
5.02351562e-08,1.84120312e-01
5.02751562e-08,1.84089063e-01
5.03151562e-08,1.84104688e-01
5.03551562e-08,1.84098438e-01
5.03951562e-08,1.84098438e-01
5.04351562e-08,1.84104688e-01
5.04751562e-08,1.84093750e-01
5.05151562e-08,1.84109375e-01
5.05551562e-08,1.84085938e-01
5.05951562e-08,1.84118750e-01
5.06351562e-08,1.84070312e-01
5.06751562e-08,1.84154687e-01
5.07151562e-08,1.83892187e-01
5.07551562e-08,1.83645313e-01
5.07951562e-08,1.83729688e-01
5.08351562e-08,1.83679687e-01
5.08751562e-08,1.83715625e-01
5.09151562e-08,1.83689062e-01
5.09551562e-08,1.83709375e-01
5.09951562e-08,1.83692187e-01
5.10351562e-08,1.83706250e-01
5.10751562e-08,1.83695313e-01
5.11151562e-08,1.83704688e-01
5.11551562e-08,1.83696875e-01
5.11951562e-08,1.83703125e-01
5.12351562e-08,1.83698438e-01
5.12751562e-08,1.83701562e-01
5.13151562e-08,1.83698438e-01
5.13551562e-08,1.83700000e-01
5.13951562e-08,1.83700000e-01
5.14351562e-08,1.83698438e-01
5.14751562e-08,1.83701562e-01
5.15151562e-08,1.83698438e-01
5.15551562e-08,1.83703125e-01
5.15951562e-08,1.83695313e-01
5.16351562e-08,1.83706250e-01
5.16751562e-08,1.83692187e-01
5.17151562e-08,1.83710938e-01
5.17551562e-08,1.83684375e-01
5.17951562e-08,1.83725000e-01
5.18351562e-08,1.83650000e-01
5.18751562e-08,1.83903125e-01
5.19151562e-08,1.84159375e-01
5.19551562e-08,1.84064063e-01
5.19951562e-08,1.84126563e-01
5.20351563e-08,1.84076563e-01
5.20751562e-08,1.84121875e-01
5.21151562e-08,1.84078125e-01
5.21551562e-08,1.84121875e-01
5.21951562e-08,1.84073437e-01
5.22351562e-08,1.84134375e-01
5.22751562e-08,1.84042188e-01
5.23151562e-08,1.84310937e-01
5.23551562e-08,1.84553125e-01
5.23951562e-08,1.84468750e-01
5.24351562e-08,1.84521875e-01
5.24751562e-08,1.84481250e-01
5.25151562e-08,1.84517188e-01
5.25551562e-08,1.84482813e-01
5.25951562e-08,1.84520313e-01
5.26351562e-08,1.84476562e-01
5.26751562e-08,1.84532813e-01
5.27151562e-08,1.84442188e-01
5.27551562e-08,1.84709375e-01
5.27951562e-08,1.84953125e-01
5.28351562e-08,1.84870312e-01
5.28751562e-08,1.84920313e-01
5.29151562e-08,1.84884375e-01
5.29551562e-08,1.84912500e-01
5.29951562e-08,1.84889063e-01
5.30351562e-08,1.84909375e-01
5.30751562e-08,1.84892187e-01
5.31151562e-08,1.84907813e-01
5.31551562e-08,1.84893750e-01
5.31951562e-08,1.84906250e-01
5.32351562e-08,1.84893750e-01
5.32751562e-08,1.84904687e-01
5.33151562e-08,1.84895313e-01
5.33551562e-08,1.84904687e-01
5.33951562e-08,1.84895313e-01
5.34351562e-08,1.84904687e-01
5.34751562e-08,1.84895313e-01
5.35151562e-08,1.84904687e-01
5.35551562e-08,1.84895313e-01
5.35951562e-08,1.84904687e-01
5.36351562e-08,1.84896875e-01
5.36751562e-08,1.84903125e-01
5.37151562e-08,1.84896875e-01
5.37551562e-08,1.84903125e-01
5.37951562e-08,1.84896875e-01
5.38351562e-08,1.84903125e-01
5.38751562e-08,1.84896875e-01
5.39151562e-08,1.84903125e-01
5.39551562e-08,1.84896875e-01
5.39951562e-08,1.84903125e-01
5.40351562e-08,1.84896875e-01
5.40751562e-08,1.84903125e-01
5.41151562e-08,1.84896875e-01
5.41551562e-08,1.84903125e-01
5.41951562e-08,1.84896875e-01
5.42351562e-08,1.84903125e-01
5.42751562e-08,1.84895313e-01
5.43151562e-08,1.84904687e-01
5.43551562e-08,1.84895313e-01
5.43951562e-08,1.84904687e-01
5.44351562e-08,1.84895313e-01
5.44751562e-08,1.84904687e-01
5.45151562e-08,1.84895313e-01
5.45551562e-08,1.84904687e-01
5.45951562e-08,1.84893750e-01
5.46351562e-08,1.84906250e-01
5.46751562e-08,1.84893750e-01
5.47151562e-08,1.84906250e-01
5.47551562e-08,1.84892187e-01
5.47951562e-08,1.84909375e-01
5.48351562e-08,1.84889063e-01
5.48751562e-08,1.84912500e-01
5.49151562e-08,1.84884375e-01
5.49551562e-08,1.84920313e-01
5.49951562e-08,1.84870312e-01
5.50351562e-08,1.84954687e-01
5.50751562e-08,1.84692187e-01
5.51151562e-08,1.84445313e-01
5.51551562e-08,1.84531250e-01
5.51951562e-08,1.84478125e-01
5.52351562e-08,1.84517188e-01
5.52751562e-08,1.84485938e-01
5.53151562e-08,1.84512500e-01
5.53551562e-08,1.84489062e-01
5.53951562e-08,1.84509375e-01
5.54351562e-08,1.84490625e-01
5.54751562e-08,1.84509375e-01
5.55151562e-08,1.84490625e-01
5.55551562e-08,1.84507813e-01
5.55951562e-08,1.84492188e-01
5.56351562e-08,1.84509375e-01
5.56751562e-08,1.84490625e-01
5.57151562e-08,1.84509375e-01
5.57551562e-08,1.84490625e-01
5.57951562e-08,1.84510937e-01
5.58351562e-08,1.84487500e-01
5.58751562e-08,1.84514063e-01
5.59151562e-08,1.84482813e-01
5.59551562e-08,1.84521875e-01
5.59951562e-08,1.84468750e-01
5.60351562e-08,1.84556250e-01
5.60751562e-08,1.84290625e-01
5.61151562e-08,1.84046875e-01
5.61551562e-08,1.84129687e-01
5.61951562e-08,1.84079688e-01
5.62351562e-08,1.84115625e-01
5.62751562e-08,1.84087500e-01
5.63151562e-08,1.84110938e-01
5.63551562e-08,1.84090625e-01
5.63951562e-08,1.84107812e-01
5.64351562e-08,1.84093750e-01
5.64751562e-08,1.84106250e-01
5.65151562e-08,1.84093750e-01
5.65551562e-08,1.84106250e-01
5.65951562e-08,1.84095312e-01
5.66351562e-08,1.84104688e-01
5.66751562e-08,1.84095312e-01
5.67151562e-08,1.84104688e-01
5.67551562e-08,1.84095312e-01
5.67951562e-08,1.84104688e-01
5.68351562e-08,1.84095312e-01
5.68751562e-08,1.84104688e-01
5.69151562e-08,1.84095312e-01
5.69551562e-08,1.84104688e-01
5.69951562e-08,1.84095312e-01
5.70351562e-08,1.84103125e-01
5.70751562e-08,1.84095312e-01
5.71151562e-08,1.84103125e-01
5.71551562e-08,1.84095312e-01
5.71951562e-08,1.84104688e-01
5.72351562e-08,1.84095312e-01
5.72751562e-08,1.84104688e-01
5.73151562e-08,1.84095312e-01
5.73551562e-08,1.84104688e-01
5.73951562e-08,1.84095312e-01
5.74351562e-08,1.84104688e-01
5.74751562e-08,1.84095312e-01
5.75151562e-08,1.84104688e-01
5.75551562e-08,1.84095312e-01
5.75951562e-08,1.84104688e-01
5.76351562e-08,1.84095312e-01
5.76751562e-08,1.84104688e-01
5.77151562e-08,1.84093750e-01
5.77551562e-08,1.84106250e-01
5.77951562e-08,1.84093750e-01
5.78351562e-08,1.84106250e-01
5.78751562e-08,1.84092188e-01
5.79151562e-08,1.84107812e-01
5.79551562e-08,1.84090625e-01
5.79951562e-08,1.84109375e-01
5.80351562e-08,1.84089063e-01
5.80751562e-08,1.84112500e-01
5.81151562e-08,1.84085938e-01
5.81551562e-08,1.84118750e-01
5.81951562e-08,1.84076563e-01
5.82351562e-08,1.84132813e-01
5.82751562e-08,1.84042188e-01
5.83151562e-08,1.84310937e-01
5.83551562e-08,1.84550000e-01
5.83951562e-08,1.84473438e-01
5.84351562e-08,1.84515625e-01
5.84751562e-08,1.84489062e-01
5.85151562e-08,1.84506250e-01
5.85551562e-08,1.84496875e-01
5.85951562e-08,1.84500000e-01
5.86351562e-08,1.84504688e-01
5.86751562e-08,1.84490625e-01
5.87151562e-08,1.84520313e-01
5.87551562e-08,1.84454688e-01
5.87951562e-08,1.84698438e-01
5.88351562e-08,1.84964062e-01
5.88751562e-08,1.84859375e-01
5.89151562e-08,1.84932813e-01
5.89551562e-08,1.84871875e-01
5.89951562e-08,1.84926563e-01
5.90351562e-08,1.84873438e-01
5.90751562e-08,1.84928125e-01
5.91151562e-08,1.84868750e-01
5.91551562e-08,1.84939063e-01
5.91951562e-08,1.84835938e-01
5.92351562e-08,1.85115625e-01
5.92751562e-08,1.85346875e-01
5.93151562e-08,1.85276563e-01
5.93551562e-08,1.85314063e-01
5.93951562e-08,1.85290625e-01
5.94351562e-08,1.85307813e-01
5.94751562e-08,1.85295313e-01
5.95151562e-08,1.85304688e-01
5.95551562e-08,1.85296875e-01
5.95951562e-08,1.85303125e-01
5.96351563e-08,1.85298437e-01
5.96751562e-08,1.85301563e-01
5.97151563e-08,1.85298437e-01
5.97551562e-08,1.85301563e-01
5.97951562e-08,1.85298437e-01
5.98351562e-08,1.85301563e-01
5.98751562e-08,1.85298437e-01
5.99151563e-08,1.85301563e-01
5.99551562e-08,1.85298437e-01
5.99951562e-08,1.85301563e-01
6.00351562e-08,1.85298437e-01
6.00751562e-08,1.85301563e-01
6.01151562e-08,1.85298437e-01
6.01551562e-08,1.85301563e-01
6.01951563e-08,1.85298437e-01
6.02351562e-08,1.85301563e-01
6.02751562e-08,1.85298437e-01
6.03151562e-08,1.85301563e-01
6.03551562e-08,1.85298437e-01
6.03951562e-08,1.85301563e-01
6.04351562e-08,1.85296875e-01
6.04751563e-08,1.85303125e-01
6.05151562e-08,1.85296875e-01
6.05551562e-08,1.85303125e-01
6.05951562e-08,1.85295313e-01
6.06351562e-08,1.85304688e-01
6.06751562e-08,1.85293750e-01
6.07151562e-08,1.85306250e-01
6.07551563e-08,1.85292188e-01
6.07951562e-08,1.85310937e-01
6.08351562e-08,1.85285937e-01
6.08751562e-08,1.85318750e-01
6.09151562e-08,1.85271875e-01
6.09551562e-08,1.85353125e-01
6.09951562e-08,1.85093750e-01
6.10351563e-08,1.84843750e-01
6.10751562e-08,1.84932813e-01
6.11151562e-08,1.84876563e-01
6.11551562e-08,1.84917187e-01
6.11951562e-08,1.84884375e-01
6.12351562e-08,1.84912500e-01
6.12751562e-08,1.84889063e-01
6.13151563e-08,1.84910938e-01
6.13551562e-08,1.84890625e-01
6.13951562e-08,1.84909375e-01
6.14351562e-08,1.84892187e-01
6.14751562e-08,1.84907813e-01
6.15151562e-08,1.84892187e-01
6.15551562e-08,1.84907813e-01
6.15951563e-08,1.84893750e-01
6.16351562e-08,1.84906250e-01
6.16751562e-08,1.84893750e-01
6.17151562e-08,1.84906250e-01
6.17551562e-08,1.84893750e-01
6.17951563e-08,1.84906250e-01
6.18351562e-08,1.84893750e-01
6.18751563e-08,1.84906250e-01
6.19151562e-08,1.84893750e-01
6.19551562e-08,1.84906250e-01
6.19951562e-08,1.84893750e-01
6.20351562e-08,1.84906250e-01
6.20751563e-08,1.84895313e-01
6.21151562e-08,1.84904687e-01
6.21551563e-08,1.84895313e-01
6.21951562e-08,1.84904687e-01
6.22351562e-08,1.84895313e-01
6.22751562e-08,1.84904687e-01
6.23151562e-08,1.84895313e-01
6.23551563e-08,1.84904687e-01
6.23951562e-08,1.84895313e-01
6.24351563e-08,1.84906250e-01
6.24751562e-08,1.84893750e-01
6.25151562e-08,1.84906250e-01
6.25551562e-08,1.84893750e-01
6.25951562e-08,1.84906250e-01
6.26351563e-08,1.84893750e-01
6.26751562e-08,1.84906250e-01
6.27151563e-08,1.84893750e-01
6.27551562e-08,1.84906250e-01
6.27951562e-08,1.84893750e-01
6.28351562e-08,1.84906250e-01
6.28751562e-08,1.84893750e-01
6.29151563e-08,1.84906250e-01
6.29551562e-08,1.84892187e-01
6.29951563e-08,1.84907813e-01
6.30351562e-08,1.84892187e-01
6.30751562e-08,1.84907813e-01
6.31151562e-08,1.84890625e-01
6.31551562e-08,1.84909375e-01
6.31951563e-08,1.84889063e-01
6.32351562e-08,1.84910938e-01
6.32751563e-08,1.84887500e-01
6.33151562e-08,1.84915625e-01
6.33551562e-08,1.84881250e-01
6.33951562e-08,1.84923438e-01
6.34351562e-08,1.84867188e-01
6.34751563e-08,1.84957813e-01
6.35151562e-08,1.84689063e-01
6.35551563e-08,1.84448438e-01
6.35951562e-08,1.84528125e-01
6.36351562e-08,1.84481250e-01
6.36751562e-08,1.84512500e-01
6.37151562e-08,1.84490625e-01
6.37551563e-08,1.84507813e-01
6.37951562e-08,1.84493750e-01
6.38351562e-08,1.84504688e-01
6.38751562e-08,1.84495313e-01
6.39151562e-08,1.84503125e-01
6.39551562e-08,1.84496875e-01
6.39951562e-08,1.84503125e-01
6.40351563e-08,1.84496875e-01
6.40751562e-08,1.84501562e-01
6.41151562e-08,1.84498438e-01
6.41551562e-08,1.84501562e-01
6.41951562e-08,1.84498438e-01
6.42351562e-08,1.84501562e-01
6.42751562e-08,1.84498438e-01
6.43151563e-08,1.84500000e-01
6.43551562e-08,1.84500000e-01
6.43951562e-08,1.84500000e-01
6.44351562e-08,1.84500000e-01
6.44751562e-08,1.84500000e-01
6.45151562e-08,1.84500000e-01
6.45551562e-08,1.84500000e-01
6.45951563e-08,1.84500000e-01
6.46351562e-08,1.84500000e-01
6.46751562e-08,1.84500000e-01
6.47151562e-08,1.84500000e-01
6.47551562e-08,1.84500000e-01
6.47951562e-08,1.84500000e-01
6.48351562e-08,1.84500000e-01
6.48751563e-08,1.84500000e-01
6.49151562e-08,1.84500000e-01
6.49551562e-08,1.84500000e-01
6.49951562e-08,1.84500000e-01
6.50351562e-08,1.84500000e-01
6.50751562e-08,1.84500000e-01
6.51151562e-08,1.84500000e-01
6.51551563e-08,1.84500000e-01
6.51951562e-08,1.84500000e-01
6.52351562e-08,1.84500000e-01
6.52751562e-08,1.84500000e-01
6.53151562e-08,1.84500000e-01
6.53551562e-08,1.84500000e-01
6.53951562e-08,1.84500000e-01
6.54351563e-08,1.84500000e-01
6.54751562e-08,1.84500000e-01
6.55151562e-08,1.84500000e-01
6.55551562e-08,1.84500000e-01
6.55951562e-08,1.84500000e-01
6.56351562e-08,1.84500000e-01
6.56751562e-08,1.84500000e-01
6.57151563e-08,1.84500000e-01
6.57551562e-08,1.84501562e-01
6.57951562e-08,1.84498438e-01
6.58351562e-08,1.84501562e-01
6.58751562e-08,1.84496875e-01
6.59151563e-08,1.84504688e-01
6.59551562e-08,1.84493750e-01
6.59951563e-08,1.84509375e-01
6.60351562e-08,1.84485938e-01
6.60751562e-08,1.84523437e-01
6.61151562e-08,1.84453125e-01
6.61551562e-08,1.84700000e-01
6.61951563e-08,1.84964062e-01
6.62351562e-08,1.84859375e-01
6.62751563e-08,1.84932813e-01
6.63151562e-08,1.84870312e-01
6.63551562e-08,1.84929687e-01
6.63951562e-08,1.84867188e-01
6.64351562e-08,1.84940625e-01
6.64751563e-08,1.84835938e-01
6.65151562e-08,1.85115625e-01
6.65551563e-08,1.85348438e-01
6.65951562e-08,1.85273437e-01
6.66351562e-08,1.85320313e-01
6.66751562e-08,1.85279688e-01
6.67151562e-08,1.85326563e-01
6.67551563e-08,1.85251562e-01
6.67951562e-08,1.85498438e-01
6.68351563e-08,1.85765625e-01
6.68751562e-08,1.85654687e-01
6.69151562e-08,1.85740625e-01
6.69551562e-08,1.85659375e-01
6.69951562e-08,1.85748438e-01
6.70351563e-08,1.85628125e-01
6.70751562e-08,1.85925000e-01
6.71151563e-08,1.86137500e-01
6.71551562e-08,1.86087500e-01
6.71951562e-08,1.86101563e-01
6.72351562e-08,1.86106250e-01
6.72751562e-08,1.86085938e-01
6.73151563e-08,1.86125000e-01
6.73551562e-08,1.86048437e-01
6.73951562e-08,1.86306250e-01
6.74351562e-08,1.86556250e-01
6.74751562e-08,1.86468750e-01
6.75151562e-08,1.86521875e-01
6.75551562e-08,1.86484375e-01
6.75951563e-08,1.86512500e-01
6.76351562e-08,1.86489062e-01
6.76751562e-08,1.86509375e-01
6.77151562e-08,1.86492188e-01
6.77551562e-08,1.86506250e-01
6.77951562e-08,1.86495313e-01
6.78351562e-08,1.86504688e-01
6.78751563e-08,1.86495313e-01
6.79151562e-08,1.86503125e-01
6.79551562e-08,1.86496875e-01
6.79951562e-08,1.86503125e-01
6.80351562e-08,1.86498438e-01
6.80751562e-08,1.86501562e-01
6.81151562e-08,1.86498438e-01
6.81551563e-08,1.86501562e-01
6.81951562e-08,1.86500000e-01
6.82351562e-08,1.86500000e-01
6.82751562e-08,1.86500000e-01
6.83151562e-08,1.86500000e-01
6.83551562e-08,1.86501562e-01
6.83951562e-08,1.86498438e-01
6.84351563e-08,1.86501562e-01
6.84751562e-08,1.86498438e-01
6.85151562e-08,1.86503125e-01
6.85551562e-08,1.86496875e-01
6.85951562e-08,1.86504688e-01
6.86351562e-08,1.86495313e-01
6.86751562e-08,1.86506250e-01
6.87151563e-08,1.86492188e-01
6.87551562e-08,1.86509375e-01
6.87951562e-08,1.86487500e-01
6.88351562e-08,1.86517188e-01
6.88751562e-08,1.86473438e-01
6.89151562e-08,1.86551563e-01
6.89551562e-08,1.86295313e-01
6.89951563e-08,1.86042188e-01
6.90351562e-08,1.86134375e-01
6.90751562e-08,1.86075000e-01
6.91151562e-08,1.86120312e-01
6.91551562e-08,1.86082812e-01
6.91951562e-08,1.86115625e-01
6.92351562e-08,1.86085938e-01
6.92751563e-08,1.86114063e-01
6.93151562e-08,1.86087500e-01
6.93551562e-08,1.86112500e-01
6.93951562e-08,1.86085938e-01
6.94351562e-08,1.86114063e-01
6.94751562e-08,1.86084375e-01
6.95151562e-08,1.86117188e-01
6.95551563e-08,1.86079688e-01
6.95951562e-08,1.86125000e-01
6.96351562e-08,1.86065625e-01
6.96751562e-08,1.86157813e-01
6.97151562e-08,1.85889063e-01
6.97551562e-08,1.85648438e-01
6.97951562e-08,1.85726562e-01
6.98351563e-08,1.85681250e-01
6.98751562e-08,1.85712500e-01
6.99151562e-08,1.85690625e-01
6.99551562e-08,1.85707813e-01
6.99951562e-08,1.85693750e-01
7.00351562e-08,1.85704688e-01
7.00751562e-08,1.85695313e-01
7.01151563e-08,1.85703125e-01
7.01551562e-08,1.85696875e-01
7.01951562e-08,1.85703125e-01
7.02351562e-08,1.85698438e-01
7.02751562e-08,1.85701563e-01
7.03151563e-08,1.85700000e-01
7.03551562e-08,1.85700000e-01
7.03951563e-08,1.85700000e-01
7.04351562e-08,1.85698438e-01
7.04751562e-08,1.85703125e-01
7.05151562e-08,1.85695313e-01
7.05551562e-08,1.85706250e-01
7.05951563e-08,1.85690625e-01
7.06351562e-08,1.85714062e-01
7.06751563e-08,1.85676563e-01
7.07151562e-08,1.85748438e-01
7.07551562e-08,1.85498438e-01
7.07951562e-08,1.85239062e-01
7.08351562e-08,1.85335938e-01
7.08751563e-08,1.85273437e-01
7.09151562e-08,1.85321875e-01
7.09551563e-08,1.85281250e-01
7.09951562e-08,1.85317188e-01
7.10351562e-08,1.85284375e-01
7.10751562e-08,1.85315625e-01
7.11151562e-08,1.85285937e-01
7.11551563e-08,1.85314063e-01
7.11951562e-08,1.85285937e-01
7.12351562e-08,1.85314063e-01
7.12751562e-08,1.85287500e-01
7.13151562e-08,1.85312500e-01
7.13551562e-08,1.85287500e-01
7.13951562e-08,1.85312500e-01
7.14351563e-08,1.85287500e-01
7.14751562e-08,1.85312500e-01
7.15151562e-08,1.85285937e-01
7.15551562e-08,1.85314063e-01
7.15951562e-08,1.85285937e-01
7.16351562e-08,1.85314063e-01
7.16751562e-08,1.85285937e-01
7.17151563e-08,1.85315625e-01
7.17551562e-08,1.85284375e-01
7.17951562e-08,1.85317188e-01
7.18351562e-08,1.85282813e-01
7.18751562e-08,1.85318750e-01
7.19151562e-08,1.85279688e-01
7.19551562e-08,1.85321875e-01
7.19951563e-08,1.85276563e-01
7.20351562e-08,1.85328125e-01
7.20751562e-08,1.85267188e-01
7.21151562e-08,1.85343750e-01
7.21551562e-08,1.85231250e-01
7.21951562e-08,1.85521875e-01
7.22351562e-08,1.85739062e-01
7.22751563e-08,1.85685938e-01
7.23151562e-08,1.85703125e-01
7.23551562e-08,1.85703125e-01
7.23951562e-08,1.85690625e-01
7.24351562e-08,1.85714062e-01
7.24751562e-08,1.85678125e-01
7.25151562e-08,1.85732813e-01
7.25551563e-08,1.85642187e-01
7.25951562e-08,1.85912500e-01
7.26351562e-08,1.86148438e-01
7.26751562e-08,1.86076563e-01
7.27151562e-08,1.86112500e-01
7.27551562e-08,1.86093750e-01
7.27951562e-08,1.86101563e-01
7.28351563e-08,1.86101563e-01
7.28751562e-08,1.86093750e-01
7.29151562e-08,1.86110938e-01
7.29551562e-08,1.86082812e-01
7.29951562e-08,1.86128125e-01
7.30351562e-08,1.86046875e-01
7.30751562e-08,1.86307813e-01
7.31151563e-08,1.86554688e-01
7.31551562e-08,1.86470313e-01
7.31951562e-08,1.86518750e-01
7.32351562e-08,1.86485938e-01
7.32751562e-08,1.86509375e-01
7.33151562e-08,1.86492188e-01
7.33551562e-08,1.86504688e-01
7.33951563e-08,1.86496875e-01
7.34351562e-08,1.86501562e-01
7.34751562e-08,1.86500000e-01
7.35151562e-08,1.86498438e-01
7.35551562e-08,1.86504688e-01
7.35951562e-08,1.86493750e-01
7.36351562e-08,1.86509375e-01
7.36751563e-08,1.86487500e-01
7.37151562e-08,1.86518750e-01
7.37551562e-08,1.86471875e-01
7.37951562e-08,1.86553125e-01
7.38351562e-08,1.86292188e-01
7.38751562e-08,1.86045313e-01
7.39151562e-08,1.86129688e-01
7.39551563e-08,1.86079688e-01
7.39951562e-08,1.86114063e-01
7.40351562e-08,1.86089063e-01
7.40751562e-08,1.86107812e-01
7.41151562e-08,1.86095312e-01
7.41551562e-08,1.86103125e-01
7.41951562e-08,1.86098438e-01
7.42351563e-08,1.86098438e-01
7.42751562e-08,1.86103125e-01
7.43151562e-08,1.86092188e-01
7.43551562e-08,1.86112500e-01
7.43951562e-08,1.86076563e-01
7.44351562e-08,1.86148438e-01
7.44751562e-08,1.85898438e-01
7.45151563e-08,1.85639063e-01
7.45551562e-08,1.85737500e-01
7.45951562e-08,1.85671875e-01
7.46351562e-08,1.85723438e-01
7.46751562e-08,1.85678125e-01
7.47151563e-08,1.85720313e-01
7.47551562e-08,1.85678125e-01
7.47951563e-08,1.85725000e-01
7.48351562e-08,1.85667187e-01
7.48751562e-08,1.85756250e-01
7.49151562e-08,1.85492188e-01
7.49551562e-08,1.85243750e-01
7.49951563e-08,1.85334375e-01
7.50351562e-08,1.85271875e-01
7.50751562e-08,1.85325000e-01
7.51151562e-08,1.85273437e-01
7.51551562e-08,1.85329688e-01
7.51951562e-08,1.85260938e-01
7.52351562e-08,1.85364063e-01
7.52751563e-08,1.85082812e-01
7.53151562e-08,1.84854688e-01
7.53551562e-08,1.84920313e-01
7.53951562e-08,1.84890625e-01
7.54351562e-08,1.84903125e-01
7.54751562e-08,1.84901563e-01
7.55151562e-08,1.84892187e-01
7.55551563e-08,1.84914063e-01
7.55951562e-08,1.84875000e-01
7.56351562e-08,1.84951562e-01
7.56751562e-08,1.84695313e-01
7.57151562e-08,1.84443750e-01
7.57551562e-08,1.84531250e-01
7.57951562e-08,1.84479688e-01
7.58351563e-08,1.84514063e-01
7.58751562e-08,1.84490625e-01
7.59151562e-08,1.84506250e-01
7.59551562e-08,1.84498438e-01
7.59951562e-08,1.84496875e-01
7.60351562e-08,1.84509375e-01
7.60751562e-08,1.84481250e-01
7.61151563e-08,1.84545313e-01
7.61551562e-08,1.84301563e-01
7.61951562e-08,1.84037500e-01
7.62351562e-08,1.84137500e-01
7.62751562e-08,1.84071875e-01
7.63151562e-08,1.84121875e-01
7.63551562e-08,1.84081250e-01
7.63951563e-08,1.84115625e-01
7.64351562e-08,1.84085938e-01
7.64751562e-08,1.84112500e-01
7.65151562e-08,1.84089063e-01
7.65551562e-08,1.84109375e-01
7.65951562e-08,1.84090625e-01
7.66351562e-08,1.84107812e-01
7.66751563e-08,1.84093750e-01
7.67151562e-08,1.84104688e-01
7.67551562e-08,1.84096875e-01
7.67951562e-08,1.84101563e-01
7.68351562e-08,1.84101563e-01
7.68751562e-08,1.84095312e-01
7.69151562e-08,1.84110938e-01
7.69551563e-08,1.84079688e-01
7.69951562e-08,1.84145313e-01
7.70351562e-08,1.83901563e-01
7.70751562e-08,1.83637500e-01
7.71151562e-08,1.83739062e-01
7.71551562e-08,1.83671875e-01
7.71951562e-08,1.83723438e-01
7.72351563e-08,1.83679687e-01
7.72751562e-08,1.83717188e-01
7.73151562e-08,1.83684375e-01
7.73551562e-08,1.83712500e-01
7.73951562e-08,1.83689062e-01
7.74351562e-08,1.83709375e-01
7.74751562e-08,1.83693750e-01
7.75151563e-08,1.83703125e-01
7.75551562e-08,1.83701562e-01
7.75951562e-08,1.83687500e-01
7.76351562e-08,1.83737500e-01
7.76751562e-08,1.83509375e-01
7.77151562e-08,1.83228125e-01
7.77551562e-08,1.83348438e-01
7.77951563e-08,1.83260937e-01
7.78351562e-08,1.83334375e-01
7.78751562e-08,1.83267188e-01
7.79151562e-08,1.83331250e-01
7.79551562e-08,1.83270313e-01
7.79951562e-08,1.83329688e-01
7.80351562e-08,1.83268750e-01
7.80751563e-08,1.83332812e-01
7.81151562e-08,1.83265625e-01
7.81551562e-08,1.83339063e-01
7.81951562e-08,1.83251563e-01
7.82351562e-08,1.83373438e-01
7.82751562e-08,1.83073438e-01
7.83151562e-08,1.82865625e-01
7.83551563e-08,1.82910938e-01
7.83951562e-08,1.82898438e-01
7.84351562e-08,1.82896875e-01
7.84751562e-08,1.82907813e-01
7.85151562e-08,1.82890625e-01
7.85551562e-08,1.82912500e-01
7.85951562e-08,1.82885938e-01
7.86351563e-08,1.82917187e-01
7.86751562e-08,1.82879687e-01
7.87151562e-08,1.82923438e-01
7.87551562e-08,1.82870313e-01
7.87951562e-08,1.82940625e-01
7.88351563e-08,1.82834375e-01
7.88751562e-08,1.83120312e-01
7.89151562e-08,1.83342188e-01
7.89551562e-08,1.83282813e-01
7.89951562e-08,1.83306250e-01
7.90351562e-08,1.83301563e-01
7.90751562e-08,1.83293750e-01
7.91151563e-08,1.83312500e-01
7.91551562e-08,1.83281250e-01
7.91951562e-08,1.83329688e-01
7.92351562e-08,1.83243750e-01
7.92751562e-08,1.83512500e-01
7.93151562e-08,1.83748438e-01
7.93551562e-08,1.83678125e-01
7.93951563e-08,1.83707813e-01
7.94351562e-08,1.83706250e-01
7.94751562e-08,1.83665625e-01
7.95151562e-08,1.83887500e-01
7.95551562e-08,1.84176563e-01
7.95951562e-08,1.84045313e-01
7.96351562e-08,1.84154687e-01
7.96751563e-08,1.84028125e-01
7.97151562e-08,1.84320312e-01
7.97551562e-08,1.84546875e-01
7.97951562e-08,1.84470313e-01
7.98351562e-08,1.84529688e-01
7.98751562e-08,1.84451562e-01
7.99151562e-08,1.84698438e-01
7.99551563e-08,1.84968750e-01
7.99951562e-08,1.84848438e-01
8.00351562e-08,1.84953125e-01
8.00751562e-08,1.84826563e-01
8.01151562e-08,1.85125000e-01
8.01551562e-08,1.85337500e-01
8.01951562e-08,1.85287500e-01
8.02351563e-08,1.85300000e-01
8.02751562e-08,1.85312500e-01
8.03151562e-08,1.85260938e-01
8.03551562e-08,1.85493750e-01
8.03951562e-08,1.85770313e-01
8.04351562e-08,1.85653125e-01
8.04751562e-08,1.85740625e-01
8.05151563e-08,1.85659375e-01
8.05551562e-08,1.85746875e-01
8.05951562e-08,1.85631250e-01
8.06351562e-08,1.85920313e-01
8.06751562e-08,1.86142188e-01
8.07151562e-08,1.86079688e-01
8.07551562e-08,1.86110938e-01
8.07951563e-08,1.86093750e-01
8.08351562e-08,1.86104688e-01
8.08751562e-08,1.86098438e-01
8.09151562e-08,1.86101563e-01
8.09551562e-08,1.86100000e-01
8.09951562e-08,1.86100000e-01
8.10351562e-08,1.86101563e-01
8.10751563e-08,1.86098438e-01
8.11151562e-08,1.86101563e-01
8.11551562e-08,1.86098438e-01
8.11951562e-08,1.86103125e-01
8.12351562e-08,1.86096875e-01
8.12751562e-08,1.86103125e-01
8.13151562e-08,1.86096875e-01
8.13551563e-08,1.86103125e-01
8.13951562e-08,1.86095312e-01
8.14351562e-08,1.86104688e-01
8.14751562e-08,1.86095312e-01
8.15151562e-08,1.86104688e-01
8.15551562e-08,1.86093750e-01
8.15951562e-08,1.86106250e-01
8.16351563e-08,1.86093750e-01
8.16751562e-08,1.86107812e-01
8.17151562e-08,1.86090625e-01
8.17551562e-08,1.86109375e-01
8.17951562e-08,1.86089063e-01
8.18351562e-08,1.86114063e-01
8.18751562e-08,1.86082812e-01
8.19151563e-08,1.86121875e-01
8.19551562e-08,1.86068750e-01
8.19951562e-08,1.86156250e-01
8.20351562e-08,1.85890625e-01
8.20751562e-08,1.85646875e-01
8.21151562e-08,1.85729688e-01
8.21551562e-08,1.85679687e-01
8.21951563e-08,1.85714062e-01
8.22351562e-08,1.85689063e-01
8.22751562e-08,1.85709375e-01
8.23151562e-08,1.85692187e-01
8.23551562e-08,1.85706250e-01
8.23951562e-08,1.85693750e-01
8.24351562e-08,1.85704688e-01
8.24751563e-08,1.85695313e-01
8.25151562e-08,1.85704688e-01
8.25551562e-08,1.85696875e-01
8.25951562e-08,1.85703125e-01
8.26351562e-08,1.85696875e-01
8.26751562e-08,1.85703125e-01
8.27151562e-08,1.85698438e-01
8.27551562e-08,1.85701563e-01
8.27951562e-08,1.85698438e-01
8.28351562e-08,1.85701563e-01
8.28751562e-08,1.85698438e-01
8.29151562e-08,1.85701563e-01
8.29551562e-08,1.85698438e-01
8.29951562e-08,1.85701563e-01
8.30351562e-08,1.85700000e-01
8.30751562e-08,1.85700000e-01
8.31151562e-08,1.85700000e-01
8.31551562e-08,1.85700000e-01
8.31951562e-08,1.85700000e-01
8.32351563e-08,1.85700000e-01
8.32751562e-08,1.85700000e-01
8.33151562e-08,1.85700000e-01
8.33551562e-08,1.85700000e-01
8.33951562e-08,1.85700000e-01
8.34351562e-08,1.85701563e-01
8.34751562e-08,1.85698438e-01
8.35151563e-08,1.85701563e-01
8.35551562e-08,1.85698438e-01
8.35951562e-08,1.85701563e-01
8.36351562e-08,1.85698438e-01
8.36751562e-08,1.85703125e-01
8.37151562e-08,1.85696875e-01
8.37551562e-08,1.85703125e-01
8.37951563e-08,1.85696875e-01
8.38351562e-08,1.85704688e-01
8.38751562e-08,1.85695313e-01
8.39151562e-08,1.85706250e-01
8.39551562e-08,1.85692187e-01
8.39951562e-08,1.85709375e-01
8.40351562e-08,1.85687500e-01
8.40751563e-08,1.85717188e-01
8.41151562e-08,1.85673438e-01
8.41551562e-08,1.85751562e-01
8.41951562e-08,1.85495313e-01
8.42351562e-08,1.85242188e-01
8.42751562e-08,1.85335938e-01
8.43151562e-08,1.85273437e-01
8.43551563e-08,1.85321875e-01
8.43951562e-08,1.85279688e-01
8.44351562e-08,1.85320313e-01
8.44751562e-08,1.85278125e-01
8.45151562e-08,1.85325000e-01
8.45551562e-08,1.85265625e-01
8.45951562e-08,1.85357812e-01
8.46351563e-08,1.85090625e-01
8.46751562e-08,1.84845312e-01
8.47151562e-08,1.84931250e-01
8.47551562e-08,1.84876563e-01
8.47951562e-08,1.84921875e-01
8.48351562e-08,1.84878125e-01
8.48751562e-08,1.84923438e-01
8.49151563e-08,1.84867188e-01
8.49551562e-08,1.84956250e-01
8.49951562e-08,1.84692187e-01
8.50351562e-08,1.84443750e-01
8.50751562e-08,1.84534375e-01
8.51151562e-08,1.84471875e-01
8.51551562e-08,1.84528125e-01
8.51951563e-08,1.84465625e-01
8.52351562e-08,1.84556250e-01
8.52751562e-08,1.84293750e-01
8.53151562e-08,1.84042188e-01
8.53551562e-08,1.84137500e-01
8.53951562e-08,1.84068750e-01
8.54351562e-08,1.84132813e-01
8.54751563e-08,1.84059375e-01
8.55151562e-08,1.84164063e-01
8.55551562e-08,1.83882813e-01
8.55951562e-08,1.83654687e-01
8.56351562e-08,1.83721875e-01
8.56751562e-08,1.83689062e-01
8.57151562e-08,1.83703125e-01
8.57551563e-08,1.83703125e-01
8.57951562e-08,1.83685938e-01
8.58351562e-08,1.83740625e-01
8.58751562e-08,1.83506250e-01
8.59151562e-08,1.83231250e-01
8.59551562e-08,1.83345312e-01
8.59951562e-08,1.83262500e-01
8.60351563e-08,1.83334375e-01
8.60751562e-08,1.83265625e-01
8.61151562e-08,1.83335938e-01
8.61551562e-08,1.83254688e-01
8.61951562e-08,1.83368750e-01
8.62351562e-08,1.83079688e-01
8.62751562e-08,1.82857812e-01
8.63151562e-08,1.82918750e-01
8.63551562e-08,1.82889063e-01
8.63951562e-08,1.82906250e-01
8.64351562e-08,1.82896875e-01
8.64751562e-08,1.82901563e-01
8.65151562e-08,1.82900000e-01
8.65551562e-08,1.82898438e-01
8.65951562e-08,1.82901563e-01
8.66351562e-08,1.82896875e-01
8.66751562e-08,1.82903125e-01
8.67151562e-08,1.82895313e-01
8.67551562e-08,1.82904687e-01
8.67951562e-08,1.82893750e-01
8.68351562e-08,1.82907813e-01
8.68751562e-08,1.82890625e-01
8.69151562e-08,1.82912500e-01
8.69551562e-08,1.82882813e-01
8.69951562e-08,1.82926563e-01
8.70351562e-08,1.82848438e-01
8.70751562e-08,1.83104688e-01
8.71151562e-08,1.83359375e-01
8.71551562e-08,1.83264063e-01
8.71951562e-08,1.83326563e-01
8.72351562e-08,1.83276563e-01
8.72751562e-08,1.83321875e-01
8.73151562e-08,1.83278125e-01
8.73551562e-08,1.83323438e-01
8.73951562e-08,1.83271875e-01
8.74351562e-08,1.83337500e-01
8.74751562e-08,1.83239062e-01
8.75151562e-08,1.83514063e-01
8.75551562e-08,1.83748438e-01
8.75951562e-08,1.83676563e-01
8.76351563e-08,1.83714062e-01
8.76751562e-08,1.83692187e-01
8.77151562e-08,1.83703125e-01
8.77551562e-08,1.83700000e-01
8.77951562e-08,1.83693750e-01
8.78351562e-08,1.83717188e-01
8.78751562e-08,1.83657813e-01
8.79151563e-08,1.83893750e-01
8.79551562e-08,1.84168750e-01
8.79951562e-08,1.84054688e-01
8.80351562e-08,1.84137500e-01
8.80751562e-08,1.84065625e-01
8.81151562e-08,1.84134375e-01
8.81551562e-08,1.84062500e-01
8.81951563e-08,1.84146875e-01
8.82351562e-08,1.84029688e-01
8.82751562e-08,1.84323438e-01
8.83151562e-08,1.84539063e-01
8.83551562e-08,1.84484375e-01
8.83951562e-08,1.84506250e-01
8.84351562e-08,1.84500000e-01
8.84751563e-08,1.84495313e-01
8.85151562e-08,1.84509375e-01
8.85551562e-08,1.84484375e-01
8.85951562e-08,1.84525000e-01
8.86351562e-08,1.84448438e-01
8.86751562e-08,1.84704688e-01
8.87151562e-08,1.84957813e-01
8.87551563e-08,1.84865625e-01
8.87951562e-08,1.84925000e-01
8.88351562e-08,1.84879688e-01
8.88751562e-08,1.84918750e-01
8.89151562e-08,1.84882812e-01
8.89551562e-08,1.84917187e-01
8.89951562e-08,1.84881250e-01
8.90351563e-08,1.84920313e-01
8.90751562e-08,1.84875000e-01
8.91151562e-08,1.84932813e-01
8.91551562e-08,1.84842188e-01
8.91951562e-08,1.85110938e-01
8.92351562e-08,1.85353125e-01
8.92751562e-08,1.85270313e-01
8.93151563e-08,1.85320313e-01
8.93551562e-08,1.85284375e-01
8.93951562e-08,1.85312500e-01
8.94351562e-08,1.85289063e-01
8.94751562e-08,1.85309375e-01
8.95151562e-08,1.85290625e-01
8.95551562e-08,1.85307813e-01
8.95951563e-08,1.85292188e-01
8.96351562e-08,1.85307813e-01
8.96751562e-08,1.85293750e-01
8.97151562e-08,1.85306250e-01
8.97551562e-08,1.85293750e-01
8.97951562e-08,1.85306250e-01
8.98351562e-08,1.85293750e-01
8.98751563e-08,1.85306250e-01
8.99151562e-08,1.85293750e-01
8.99551562e-08,1.85306250e-01
8.99951562e-08,1.85293750e-01
9.00351562e-08,1.85306250e-01
9.00751562e-08,1.85293750e-01
9.01151562e-08,1.85307813e-01
9.01551562e-08,1.85292188e-01
9.01951562e-08,1.85307813e-01
9.02351562e-08,1.85292188e-01
9.02751562e-08,1.85307813e-01
9.03151562e-08,1.85290625e-01
9.03551562e-08,1.85309375e-01
9.03951562e-08,1.85290625e-01
9.04351562e-08,1.85310937e-01
9.04751562e-08,1.85289063e-01
9.05151562e-08,1.85312500e-01
9.05551562e-08,1.85285937e-01
9.05951562e-08,1.85317188e-01
9.06351562e-08,1.85279688e-01
9.06751562e-08,1.85325000e-01
9.07151562e-08,1.85265625e-01
9.07551562e-08,1.85359375e-01
9.07951562e-08,1.85085938e-01
9.08351562e-08,1.84851563e-01
9.08751562e-08,1.84925000e-01
9.09151562e-08,1.84884375e-01
9.09551562e-08,1.84909375e-01
9.09951562e-08,1.84893750e-01
9.10351562e-08,1.84903125e-01
9.10751562e-08,1.84898438e-01
9.11151562e-08,1.84900000e-01
9.11551562e-08,1.84903125e-01
9.11951562e-08,1.84895313e-01
9.12351562e-08,1.84907813e-01
9.12751562e-08,1.84889063e-01
9.13151562e-08,1.84915625e-01
9.13551562e-08,1.84873438e-01
9.13951562e-08,1.84951562e-01
9.14351562e-08,1.84695313e-01
9.14751562e-08,1.84442188e-01
9.15151562e-08,1.84532813e-01
9.15551562e-08,1.84476562e-01
9.15951562e-08,1.84518750e-01
9.16351562e-08,1.84484375e-01
9.16751562e-08,1.84514063e-01
9.17151562e-08,1.84487500e-01
9.17551562e-08,1.84510937e-01
9.17951562e-08,1.84490625e-01
9.18351562e-08,1.84509375e-01
9.18751562e-08,1.84490625e-01
9.19151562e-08,1.84507813e-01
9.19551562e-08,1.84492188e-01
9.19951562e-08,1.84507813e-01
9.20351563e-08,1.84492188e-01
9.20751562e-08,1.84507813e-01
9.21151562e-08,1.84492188e-01
9.21551562e-08,1.84507813e-01
9.21951562e-08,1.84490625e-01
9.22351562e-08,1.84509375e-01
9.22751562e-08,1.84489062e-01
9.23151563e-08,1.84510937e-01
9.23551562e-08,1.84487500e-01
9.23951562e-08,1.84515625e-01
9.24351562e-08,1.84479688e-01
9.24751562e-08,1.84529688e-01
9.25151562e-08,1.84445313e-01
9.25551562e-08,1.84707813e-01
9.25951563e-08,1.84954687e-01
9.26351562e-08,1.84868750e-01
9.26751562e-08,1.84921875e-01
9.27151562e-08,1.84882812e-01
9.27551562e-08,1.84915625e-01
9.27951562e-08,1.84885938e-01
9.28351562e-08,1.84912500e-01
9.28751563e-08,1.84887500e-01
9.29151562e-08,1.84912500e-01
9.29551562e-08,1.84887500e-01
9.29951562e-08,1.84914063e-01
9.30351562e-08,1.84884375e-01
9.30751562e-08,1.84918750e-01
9.31151562e-08,1.84876563e-01
9.31551563e-08,1.84932813e-01
9.31951562e-08,1.84842188e-01
9.32351562e-08,1.85109375e-01
9.32751562e-08,1.85353125e-01
9.33151562e-08,1.85270313e-01
9.33551562e-08,1.85320313e-01
9.33951562e-08,1.85284375e-01
9.34351563e-08,1.85312500e-01
9.34751562e-08,1.85289063e-01
9.35151562e-08,1.85309375e-01
9.35551562e-08,1.85290625e-01
9.35951562e-08,1.85307813e-01
9.36351562e-08,1.85292188e-01
9.36751562e-08,1.85307813e-01
9.37151563e-08,1.85292188e-01
9.37551562e-08,1.85307813e-01
9.37951562e-08,1.85290625e-01
9.38351562e-08,1.85309375e-01
9.38751562e-08,1.85287500e-01
9.39151562e-08,1.85314063e-01
9.39551562e-08,1.85281250e-01
9.39951562e-08,1.85328125e-01
9.40351562e-08,1.85246875e-01
9.40751562e-08,1.85506250e-01
9.41151562e-08,1.85756250e-01
9.41551562e-08,1.85665625e-01
9.41951562e-08,1.85725000e-01
9.42351562e-08,1.85679687e-01
9.42751562e-08,1.85718750e-01
9.43151562e-08,1.85682813e-01
9.43551562e-08,1.85715625e-01
9.43951562e-08,1.85684375e-01
9.44351562e-08,1.85717188e-01
9.44751562e-08,1.85681250e-01
9.45151562e-08,1.85720313e-01
9.45551562e-08,1.85675000e-01
9.45951562e-08,1.85734375e-01
9.46351562e-08,1.85640625e-01
9.46751562e-08,1.85912500e-01
9.47151562e-08,1.86150000e-01
9.47551562e-08,1.86073437e-01
9.47951562e-08,1.86117188e-01
9.48351562e-08,1.86087500e-01
9.48751562e-08,1.86109375e-01
9.49151562e-08,1.86092188e-01
9.49551562e-08,1.86106250e-01
9.49951562e-08,1.86095312e-01
9.50351562e-08,1.86104688e-01
9.50751562e-08,1.86096875e-01
9.51151562e-08,1.86103125e-01
9.51551562e-08,1.86096875e-01
9.51951562e-08,1.86103125e-01
9.52351562e-08,1.86096875e-01
9.52751562e-08,1.86101563e-01
9.53151562e-08,1.86098438e-01
9.53551562e-08,1.86101563e-01
9.53951562e-08,1.86098438e-01
9.54351562e-08,1.86101563e-01
9.54751562e-08,1.86098438e-01
9.55151562e-08,1.86103125e-01
9.55551562e-08,1.86096875e-01
9.55951562e-08,1.86103125e-01
9.56351562e-08,1.86095312e-01
9.56751562e-08,1.86106250e-01
9.57151562e-08,1.86090625e-01
9.57551562e-08,1.86112500e-01
9.57951562e-08,1.86078125e-01
9.58351562e-08,1.86145312e-01
9.58751562e-08,1.85901563e-01
9.59151562e-08,1.85634375e-01
9.59551562e-08,1.85742188e-01
9.59951562e-08,1.85664063e-01
9.60351562e-08,1.85732813e-01
9.60751562e-08,1.85665625e-01
9.61151562e-08,1.85737500e-01
9.61551563e-08,1.85653125e-01
9.61951562e-08,1.85770313e-01
9.62351562e-08,1.85476562e-01
9.62751562e-08,1.85262500e-01
9.63151562e-08,1.85312500e-01
9.63551562e-08,1.85298437e-01
9.63951562e-08,1.85293750e-01
9.64351563e-08,1.85315625e-01
9.64751562e-08,1.85273437e-01
9.65151562e-08,1.85353125e-01
9.65551562e-08,1.85092188e-01
9.65951562e-08,1.84846875e-01
9.66351562e-08,1.84926563e-01
9.66751562e-08,1.84884375e-01
9.67151563e-08,1.84907813e-01
9.67551562e-08,1.84901563e-01
9.67951562e-08,1.84887500e-01
9.68351562e-08,1.84939063e-01
9.68751562e-08,1.84707813e-01
9.69151562e-08,1.84431250e-01
9.69551562e-08,1.84545313e-01
9.69951563e-08,1.84464062e-01
9.70351562e-08,1.84531250e-01
9.70751562e-08,1.84470313e-01
9.71151562e-08,1.84529688e-01
9.71551562e-08,1.84468750e-01
9.71951562e-08,1.84534375e-01
9.72351562e-08,1.84457813e-01
9.72751563e-08,1.84567188e-01
9.73151562e-08,1.84281250e-01
9.73551562e-08,1.84056250e-01
9.73951562e-08,1.84120312e-01
9.74351562e-08,1.84087500e-01
9.74751562e-08,1.84107812e-01
9.75151562e-08,1.84095312e-01
9.75551563e-08,1.84103125e-01
9.75951562e-08,1.84098438e-01
9.76351562e-08,1.84101563e-01
9.76751562e-08,1.84100000e-01
9.77151562e-08,1.84100000e-01
9.77551562e-08,1.84100000e-01
9.77951562e-08,1.84098438e-01
9.78351562e-08,1.84101563e-01
9.78751562e-08,1.84098438e-01
9.79151562e-08,1.84101563e-01
9.79551562e-08,1.84098438e-01
9.79951562e-08,1.84101563e-01
9.80351562e-08,1.84098438e-01
9.80751562e-08,1.84103125e-01
9.81151562e-08,1.84096875e-01
9.81551562e-08,1.84103125e-01
9.81951562e-08,1.84096875e-01
9.82351562e-08,1.84103125e-01
9.82751562e-08,1.84095312e-01
9.83151562e-08,1.84104688e-01
9.83551562e-08,1.84095312e-01
9.83951562e-08,1.84106250e-01
9.84351562e-08,1.84093750e-01
9.84751562e-08,1.84107812e-01
9.85151562e-08,1.84090625e-01
9.85551562e-08,1.84110938e-01
9.85951562e-08,1.84085938e-01
9.86351562e-08,1.84118750e-01
9.86751562e-08,1.84071875e-01
9.87151562e-08,1.84153125e-01
9.87551562e-08,1.83893750e-01
9.87951562e-08,1.83643750e-01
9.88351562e-08,1.83732813e-01
9.88751562e-08,1.83676563e-01
9.89151562e-08,1.83718750e-01
9.89551562e-08,1.83682813e-01
9.89951562e-08,1.83715625e-01
9.90351562e-08,1.83685938e-01
9.90751562e-08,1.83714062e-01
9.91151562e-08,1.83685938e-01
9.91551562e-08,1.83714062e-01
9.91951562e-08,1.83684375e-01
9.92351562e-08,1.83717188e-01
9.92751562e-08,1.83681250e-01
9.93151562e-08,1.83723438e-01
9.93551562e-08,1.83667187e-01
9.93951562e-08,1.83757813e-01
9.94351562e-08,1.83489062e-01
9.94751562e-08,1.83248437e-01
9.95151562e-08,1.83328125e-01
9.95551562e-08,1.83281250e-01
9.95951562e-08,1.83314063e-01
9.96351562e-08,1.83287500e-01
9.96751562e-08,1.83310937e-01
9.97151562e-08,1.83290625e-01
9.97551562e-08,1.83307813e-01
9.97951562e-08,1.83292188e-01
9.98351562e-08,1.83307813e-01
9.98751562e-08,1.83292188e-01
9.99151562e-08,1.83307813e-01
9.99551562e-08,1.83292188e-01
9.99951562e-08,1.83307813e-01
1.00035156e-07,1.83292188e-01
1.00075156e-07,1.83307813e-01
1.00115156e-07,1.83290625e-01
1.00155156e-07,1.83310937e-01
1.00195156e-07,1.83287500e-01
1.00235156e-07,1.83315625e-01
1.00275156e-07,1.83279688e-01
1.00315156e-07,1.83329688e-01
1.00355156e-07,1.83245313e-01
1.00395156e-07,1.83507813e-01
1.00435156e-07,1.83754688e-01
1.00475156e-07,1.83668750e-01
1.00515156e-07,1.83721875e-01
1.00555156e-07,1.83682813e-01
1.00595156e-07,1.83714062e-01
1.00635156e-07,1.83689062e-01
1.00675156e-07,1.83710938e-01
1.00715156e-07,1.83690625e-01
1.00755156e-07,1.83707813e-01
1.00795156e-07,1.83692187e-01
1.00835156e-07,1.83707813e-01
1.00875156e-07,1.83693750e-01
1.00915156e-07,1.83706250e-01
1.00955156e-07,1.83693750e-01
1.00995156e-07,1.83706250e-01
1.01035156e-07,1.83693750e-01
1.01075156e-07,1.83706250e-01
1.01115156e-07,1.83695313e-01
1.01155156e-07,1.83704688e-01
1.01195156e-07,1.83695313e-01
1.01235156e-07,1.83704688e-01
1.01275156e-07,1.83695313e-01
1.01315156e-07,1.83704688e-01
1.01355156e-07,1.83695313e-01
1.01395156e-07,1.83704688e-01
1.01435156e-07,1.83695313e-01
1.01475156e-07,1.83704688e-01
1.01515156e-07,1.83695313e-01
1.01555156e-07,1.83704688e-01
1.01595156e-07,1.83695313e-01
1.01635156e-07,1.83704688e-01
1.01675156e-07,1.83695313e-01
1.01715156e-07,1.83704688e-01
1.01755156e-07,1.83695313e-01
1.01795156e-07,1.83703125e-01
1.01835156e-07,1.83696875e-01
1.01875156e-07,1.83703125e-01
1.01915156e-07,1.83696875e-01
1.01955156e-07,1.83703125e-01
1.01995156e-07,1.83696875e-01
1.02035156e-07,1.83703125e-01
1.02075156e-07,1.83696875e-01
1.02115156e-07,1.83701562e-01
1.02155156e-07,1.83698438e-01
1.02195156e-07,1.83700000e-01
1.02235156e-07,1.83700000e-01
1.02275156e-07,1.83696875e-01
1.02315156e-07,1.83704688e-01
1.02355156e-07,1.83690625e-01
1.02395156e-07,1.83718750e-01
1.02435156e-07,1.83656250e-01
1.02475156e-07,1.83895313e-01
1.02515156e-07,1.84167187e-01
1.02555156e-07,1.84056250e-01
1.02595156e-07,1.84135938e-01
1.02635156e-07,1.84067188e-01
1.02675156e-07,1.84131250e-01
1.02715156e-07,1.84068750e-01
1.02755156e-07,1.84134375e-01
1.02795156e-07,1.84062500e-01
1.02835156e-07,1.84146875e-01
1.02875156e-07,1.84028125e-01
1.02915156e-07,1.84325000e-01
1.02955156e-07,1.84535937e-01
1.02995156e-07,1.84489062e-01
1.03035156e-07,1.84500000e-01
1.03075156e-07,1.84507813e-01
1.03115156e-07,1.84484375e-01
1.03155156e-07,1.84526563e-01
1.03195156e-07,1.84448438e-01
1.03235156e-07,1.84704688e-01
1.03275156e-07,1.84957813e-01
1.03315156e-07,1.84865625e-01
1.03355156e-07,1.84926563e-01
1.03395156e-07,1.84873438e-01
1.03435156e-07,1.84931250e-01
1.03475156e-07,1.84846875e-01
1.03515156e-07,1.85103125e-01
1.03555156e-07,1.85362500e-01
1.03595156e-07,1.85257813e-01
1.03635156e-07,1.85335938e-01
1.03675156e-07,1.85262500e-01
1.03715156e-07,1.85345312e-01
1.03755156e-07,1.85231250e-01
1.03795156e-07,1.85521875e-01
1.03835156e-07,1.85740625e-01
1.03875156e-07,1.85682813e-01
1.03915156e-07,1.85707813e-01
1.03955156e-07,1.85698438e-01
1.03995156e-07,1.85696875e-01
1.04035156e-07,1.85706250e-01
1.04075156e-07,1.85690625e-01
1.04115156e-07,1.85714062e-01
1.04155156e-07,1.85679687e-01
1.04195156e-07,1.85729688e-01
1.04235156e-07,1.85643750e-01
1.04275156e-07,1.85909375e-01
1.04315156e-07,1.86151563e-01
1.04355156e-07,1.86071875e-01
1.04395156e-07,1.86117188e-01
1.04435156e-07,1.86087500e-01
1.04475156e-07,1.86109375e-01
1.04515156e-07,1.86093750e-01
1.04555156e-07,1.86104688e-01
1.04595156e-07,1.86098438e-01
1.04635156e-07,1.86100000e-01
1.04675156e-07,1.86101563e-01
1.04715156e-07,1.86096875e-01
1.04755156e-07,1.86104688e-01
1.04795156e-07,1.86093750e-01
1.04835156e-07,1.86109375e-01
1.04875156e-07,1.86087500e-01
1.04915156e-07,1.86118750e-01
1.04955156e-07,1.86071875e-01
1.04995156e-07,1.86153125e-01
1.05035156e-07,1.85893750e-01
1.05075156e-07,1.85645312e-01
1.05115156e-07,1.85731250e-01
1.05155156e-07,1.85678125e-01
1.05195156e-07,1.85715625e-01
1.05235156e-07,1.85687500e-01
1.05275156e-07,1.85710938e-01
1.05315156e-07,1.85692187e-01
1.05355156e-07,1.85707813e-01
1.05395156e-07,1.85693750e-01
1.05435156e-07,1.85704688e-01
1.05475156e-07,1.85695313e-01
1.05515156e-07,1.85703125e-01
1.05555156e-07,1.85696875e-01
1.05595156e-07,1.85701563e-01
1.05635156e-07,1.85698438e-01
1.05675156e-07,1.85700000e-01
1.05715156e-07,1.85700000e-01
1.05755156e-07,1.85700000e-01
1.05795156e-07,1.85701563e-01
1.05835156e-07,1.85698438e-01
1.05875156e-07,1.85703125e-01
1.05915156e-07,1.85696875e-01
1.05955156e-07,1.85704688e-01
1.05995156e-07,1.85693750e-01
1.06035156e-07,1.85706250e-01
1.06075156e-07,1.85690625e-01
1.06115156e-07,1.85710938e-01
1.06155156e-07,1.85685938e-01
1.06195156e-07,1.85720313e-01
1.06235156e-07,1.85670313e-01
1.06275156e-07,1.85754688e-01
1.06315156e-07,1.85492188e-01
1.06355156e-07,1.85246875e-01
1.06395156e-07,1.85329688e-01
1.06435156e-07,1.85279688e-01
1.06475156e-07,1.85314063e-01
1.06515156e-07,1.85289063e-01
1.06555156e-07,1.85309375e-01
1.06595156e-07,1.85293750e-01
1.06635156e-07,1.85304688e-01
1.06675156e-07,1.85296875e-01
1.06715156e-07,1.85303125e-01
1.06755156e-07,1.85298437e-01
1.06795156e-07,1.85300000e-01
1.06835156e-07,1.85301563e-01
1.06875156e-07,1.85295313e-01
1.06915156e-07,1.85306250e-01
1.06955156e-07,1.85290625e-01
1.06995156e-07,1.85315625e-01
1.07035156e-07,1.85275000e-01
1.07075156e-07,1.85350000e-01
1.07115156e-07,1.85096875e-01
1.07155156e-07,1.84842188e-01
1.07195156e-07,1.84934375e-01
1.07235156e-07,1.84875000e-01
1.07275156e-07,1.84918750e-01
1.07315156e-07,1.84884375e-01
1.07355156e-07,1.84914063e-01
1.07395156e-07,1.84887500e-01
1.07435156e-07,1.84910938e-01
1.07475156e-07,1.84890625e-01
1.07515156e-07,1.84909375e-01
1.07555156e-07,1.84892187e-01
1.07595156e-07,1.84907813e-01
1.07635156e-07,1.84892187e-01
1.07675156e-07,1.84906250e-01
1.07715156e-07,1.84893750e-01
1.07755156e-07,1.84906250e-01
1.07795156e-07,1.84893750e-01
1.07835156e-07,1.84904687e-01
1.07875156e-07,1.84895313e-01
1.07915156e-07,1.84904687e-01
1.07955156e-07,1.84895313e-01
1.07995156e-07,1.84904687e-01
1.08035156e-07,1.84896875e-01
1.08075156e-07,1.84903125e-01
1.08115156e-07,1.84896875e-01
1.08155156e-07,1.84903125e-01
1.08195156e-07,1.84896875e-01
1.08235156e-07,1.84903125e-01
1.08275156e-07,1.84898438e-01
1.08315156e-07,1.84901563e-01
1.08355156e-07,1.84898438e-01
1.08395156e-07,1.84901563e-01
1.08435156e-07,1.84898438e-01
1.08475156e-07,1.84900000e-01
1.08515156e-07,1.84900000e-01
1.08555156e-07,1.84900000e-01
1.08595156e-07,1.84901563e-01
1.08635156e-07,1.84898438e-01
1.08675156e-07,1.84901563e-01
1.08715156e-07,1.84896875e-01
1.08755156e-07,1.84904687e-01
1.08795156e-07,1.84895313e-01
1.08835156e-07,1.84906250e-01
1.08875156e-07,1.84890625e-01
1.08915156e-07,1.84912500e-01
1.08955156e-07,1.84882812e-01
1.08995156e-07,1.84926563e-01
1.09035156e-07,1.84848438e-01
1.09075156e-07,1.85104688e-01
1.09115156e-07,1.85356250e-01
1.09155156e-07,1.85267188e-01
1.09195156e-07,1.85323438e-01
1.09235156e-07,1.85281250e-01
1.09275156e-07,1.85315625e-01
1.09315156e-07,1.85287500e-01
1.09355156e-07,1.85310937e-01
1.09395156e-07,1.85289063e-01
1.09435156e-07,1.85309375e-01
1.09475156e-07,1.85292188e-01
1.09515156e-07,1.85307813e-01
1.09555156e-07,1.85292188e-01
1.09595156e-07,1.85306250e-01
1.09635156e-07,1.85293750e-01
1.09675156e-07,1.85306250e-01
1.09715156e-07,1.85295313e-01
1.09755156e-07,1.85304688e-01
1.09795156e-07,1.85295313e-01
1.09835156e-07,1.85304688e-01
1.09875156e-07,1.85296875e-01
1.09915156e-07,1.85303125e-01
1.09955156e-07,1.85296875e-01
1.09995156e-07,1.85301563e-01
1.10035156e-07,1.85298437e-01
1.10075156e-07,1.85301563e-01
1.10115156e-07,1.85300000e-01
1.10155156e-07,1.85298437e-01
1.10195156e-07,1.85301563e-01
1.10235156e-07,1.85296875e-01
1.10275156e-07,1.85306250e-01
1.10315156e-07,1.85290625e-01
1.10355156e-07,1.85314063e-01
1.10395156e-07,1.85276563e-01
1.10435156e-07,1.85348438e-01
1.10475156e-07,1.85098438e-01
1.10515156e-07,1.84839063e-01
1.10555156e-07,1.84935938e-01
1.10595156e-07,1.84873438e-01
1.10635156e-07,1.84921875e-01
1.10675156e-07,1.84881250e-01
1.10715156e-07,1.84917187e-01
1.10755156e-07,1.84884375e-01
1.10795156e-07,1.84914063e-01
1.10835156e-07,1.84885938e-01
1.10875156e-07,1.84912500e-01
1.10915156e-07,1.84887500e-01
1.10955156e-07,1.84912500e-01
1.10995156e-07,1.84887500e-01
1.11035156e-07,1.84912500e-01
1.11075156e-07,1.84889063e-01
1.11115156e-07,1.84910938e-01
1.11155156e-07,1.84889063e-01
1.11195156e-07,1.84910938e-01
1.11235156e-07,1.84889063e-01
1.11275156e-07,1.84910938e-01
1.11315156e-07,1.84887500e-01
1.11355156e-07,1.84912500e-01
1.11395156e-07,1.84887500e-01
1.11435156e-07,1.84912500e-01
1.11475156e-07,1.84885938e-01
1.11515156e-07,1.84914063e-01
1.11555156e-07,1.84884375e-01
1.11595156e-07,1.84918750e-01
1.11635156e-07,1.84878125e-01
1.11675156e-07,1.84926563e-01
1.11715156e-07,1.84864063e-01
1.11755156e-07,1.84960938e-01
1.11795156e-07,1.84685938e-01
1.11835156e-07,1.84451562e-01
1.11875156e-07,1.84525000e-01
1.11915156e-07,1.84484375e-01
1.11955156e-07,1.84510937e-01
1.11995156e-07,1.84492188e-01
1.12035156e-07,1.84506250e-01
1.12075156e-07,1.84495313e-01
1.12115156e-07,1.84503125e-01
1.12155156e-07,1.84496875e-01
1.12195156e-07,1.84501562e-01
1.12235156e-07,1.84498438e-01
1.12275156e-07,1.84501562e-01
1.12315156e-07,1.84498438e-01
1.12355156e-07,1.84500000e-01
1.12395156e-07,1.84500000e-01
1.12435156e-07,1.84500000e-01
1.12475156e-07,1.84500000e-01
1.12515156e-07,1.84500000e-01
1.12555156e-07,1.84500000e-01
1.12595156e-07,1.84500000e-01
1.12635156e-07,1.84500000e-01
1.12675156e-07,1.84500000e-01
1.12715156e-07,1.84500000e-01
1.12755156e-07,1.84500000e-01
1.12795156e-07,1.84501562e-01
1.12835156e-07,1.84498438e-01
1.12875156e-07,1.84501562e-01
1.12915156e-07,1.84498438e-01
1.12955156e-07,1.84501562e-01
1.12995156e-07,1.84498438e-01
1.13035156e-07,1.84501562e-01
1.13075156e-07,1.84498438e-01
1.13115156e-07,1.84501562e-01
1.13155156e-07,1.84498438e-01
1.13195156e-07,1.84501562e-01
1.13235156e-07,1.84498438e-01
1.13275156e-07,1.84501562e-01
1.13315156e-07,1.84500000e-01
1.13355156e-07,1.84500000e-01
1.13395156e-07,1.84500000e-01
1.13435156e-07,1.84500000e-01
1.13475156e-07,1.84500000e-01
1.13515156e-07,1.84500000e-01
1.13555156e-07,1.84500000e-01
1.13595156e-07,1.84500000e-01
1.13635156e-07,1.84500000e-01
1.13675156e-07,1.84500000e-01
1.13715156e-07,1.84500000e-01
1.13755156e-07,1.84500000e-01
1.13795156e-07,1.84500000e-01
1.13835156e-07,1.84498438e-01
1.13875156e-07,1.84501562e-01
1.13915156e-07,1.84498438e-01
1.13955156e-07,1.84503125e-01
1.13995156e-07,1.84496875e-01
1.14035156e-07,1.84503125e-01
1.14075156e-07,1.84495313e-01
1.14115156e-07,1.84506250e-01
1.14155156e-07,1.84492188e-01
1.14195156e-07,1.84510937e-01
1.14235156e-07,1.84482813e-01
1.14275156e-07,1.84526563e-01
1.14315156e-07,1.84448438e-01
1.14355156e-07,1.84703125e-01
1.14395156e-07,1.84957813e-01
1.14435156e-07,1.84865625e-01
1.14475156e-07,1.84925000e-01
1.14515156e-07,1.84879688e-01
1.14555156e-07,1.84917187e-01
1.14595156e-07,1.84884375e-01
1.14635156e-07,1.84914063e-01
1.14675156e-07,1.84885938e-01
1.14715156e-07,1.84912500e-01
1.14755156e-07,1.84887500e-01
1.14795156e-07,1.84912500e-01
1.14835156e-07,1.84887500e-01
1.14875156e-07,1.84912500e-01
1.14915156e-07,1.84887500e-01
1.14955156e-07,1.84912500e-01
1.14995156e-07,1.84887500e-01
1.15035156e-07,1.84912500e-01
1.15075156e-07,1.84885938e-01
1.15115156e-07,1.84914063e-01
1.15155156e-07,1.84884375e-01
1.15195156e-07,1.84917187e-01
1.15235156e-07,1.84879688e-01
1.15275156e-07,1.84925000e-01
1.15315156e-07,1.84865625e-01
1.15355156e-07,1.84959375e-01
1.15395156e-07,1.84687500e-01
1.15435156e-07,1.84450000e-01
1.15475156e-07,1.84525000e-01
1.15515156e-07,1.84484375e-01
1.15555156e-07,1.84510937e-01
1.15595156e-07,1.84490625e-01
1.15635156e-07,1.84506250e-01
1.15675156e-07,1.84495313e-01
1.15715156e-07,1.84504688e-01
1.15755156e-07,1.84496875e-01
1.15795156e-07,1.84503125e-01
1.15835156e-07,1.84496875e-01
1.15875156e-07,1.84501562e-01
1.15915156e-07,1.84498438e-01
1.15955156e-07,1.84501562e-01
1.15995156e-07,1.84498438e-01
1.16035156e-07,1.84501562e-01
1.16075156e-07,1.84498438e-01
1.16115156e-07,1.84501562e-01
1.16155156e-07,1.84498438e-01
1.16195156e-07,1.84503125e-01
1.16235156e-07,1.84496875e-01
1.16275156e-07,1.84503125e-01
1.16315156e-07,1.84495313e-01
1.16355156e-07,1.84504688e-01
1.16395156e-07,1.84492188e-01
1.16435156e-07,1.84509375e-01
1.16475156e-07,1.84485938e-01
1.16515156e-07,1.84523437e-01
1.16555156e-07,1.84451562e-01
1.16595156e-07,1.84701562e-01
1.16635156e-07,1.84962500e-01
1.16675156e-07,1.84860938e-01
1.16715156e-07,1.84929687e-01
1.16755156e-07,1.84873438e-01
1.16795156e-07,1.84925000e-01
1.16835156e-07,1.84876563e-01
1.16875156e-07,1.84925000e-01
1.16915156e-07,1.84873438e-01
1.16955156e-07,1.84931250e-01
1.16995156e-07,1.84860938e-01
1.17035156e-07,1.84964062e-01
1.17075156e-07,1.84682813e-01
1.17115156e-07,1.84454688e-01
1.17155156e-07,1.84521875e-01
1.17195156e-07,1.84487500e-01
1.17235156e-07,1.84507813e-01
1.17275156e-07,1.84495313e-01
1.17315156e-07,1.84503125e-01
1.17355156e-07,1.84498438e-01
1.17395156e-07,1.84500000e-01
1.17435156e-07,1.84501562e-01
1.17475156e-07,1.84498438e-01
1.17515156e-07,1.84503125e-01
1.17555156e-07,1.84496875e-01
1.17595156e-07,1.84504688e-01
1.17635156e-07,1.84493750e-01
1.17675156e-07,1.84506250e-01
1.17715156e-07,1.84492188e-01
1.17755156e-07,1.84510937e-01
1.17795156e-07,1.84485938e-01
1.17835156e-07,1.84518750e-01
1.17875156e-07,1.84471875e-01
1.17915156e-07,1.84553125e-01
1.17955156e-07,1.84293750e-01
1.17995156e-07,1.84043750e-01
1.18035156e-07,1.84132813e-01
1.18075156e-07,1.84076563e-01
1.18115156e-07,1.84118750e-01
1.18155156e-07,1.84082812e-01
1.18195156e-07,1.84115625e-01
1.18235156e-07,1.84085938e-01
1.18275156e-07,1.84114063e-01
1.18315156e-07,1.84084375e-01
1.18355156e-07,1.84117188e-01
1.18395156e-07,1.84081250e-01
1.18435156e-07,1.84123438e-01
1.18475156e-07,1.84067188e-01
1.18515156e-07,1.84157813e-01
1.18555156e-07,1.83889063e-01
1.18595156e-07,1.83646875e-01
1.18635156e-07,1.83728125e-01
1.18675156e-07,1.83679687e-01
1.18715156e-07,1.83714062e-01
1.18755156e-07,1.83687500e-01
1.18795156e-07,1.83709375e-01
1.18835156e-07,1.83692187e-01
1.18875156e-07,1.83707813e-01
1.18915156e-07,1.83693750e-01
1.18955156e-07,1.83706250e-01
1.18995156e-07,1.83695313e-01
1.19035156e-07,1.83704688e-01
1.19075156e-07,1.83696875e-01
1.19115156e-07,1.83703125e-01
1.19155156e-07,1.83698438e-01
1.19195156e-07,1.83701562e-01
1.19235156e-07,1.83700000e-01
1.19275156e-07,1.83698438e-01
1.19315156e-07,1.83704688e-01
1.19355156e-07,1.83690625e-01
1.19395156e-07,1.83718750e-01
1.19435156e-07,1.83656250e-01
1.19475156e-07,1.83896875e-01
1.19515156e-07,1.84167187e-01
1.19555156e-07,1.84056250e-01
1.19595156e-07,1.84134375e-01
1.19635156e-07,1.84068750e-01
1.19675156e-07,1.84129687e-01
1.19715156e-07,1.84071875e-01
1.19755156e-07,1.84128125e-01
1.19795156e-07,1.84070312e-01
1.19835156e-07,1.84132813e-01
1.19875156e-07,1.84062500e-01
1.19915156e-07,1.84146875e-01
1.19955156e-07,1.84028125e-01
1.19995156e-07,1.84325000e-01
1.20035156e-07,1.84535937e-01
1.20075156e-07,1.84489062e-01
1.20115156e-07,1.84501562e-01
1.20155156e-07,1.84506250e-01
1.20195156e-07,1.84489062e-01
1.20235156e-07,1.84515625e-01
1.20275156e-07,1.84476562e-01
1.20315156e-07,1.84534375e-01
1.20355156e-07,1.84439063e-01
1.20395156e-07,1.84714062e-01
1.20435156e-07,1.84946875e-01
1.20475156e-07,1.84878125e-01
1.20515156e-07,1.84910938e-01
1.20555156e-07,1.84896875e-01
1.20595156e-07,1.84898438e-01
1.20635156e-07,1.84907813e-01
1.20675156e-07,1.84885938e-01
1.20715156e-07,1.84925000e-01
1.20755156e-07,1.84848438e-01
1.20795156e-07,1.85106250e-01
1.20835156e-07,1.85354688e-01
1.20875156e-07,1.85268750e-01
1.20915156e-07,1.85320313e-01
1.20955156e-07,1.85285937e-01
1.20995156e-07,1.85310937e-01
1.21035156e-07,1.85293750e-01
1.21075156e-07,1.85304688e-01
1.21115156e-07,1.85298437e-01
1.21155156e-07,1.85298437e-01
1.21195156e-07,1.85306250e-01
1.21235156e-07,1.85287500e-01
1.21275156e-07,1.85321875e-01
1.21315156e-07,1.85253125e-01
1.21355156e-07,1.85501562e-01
1.21395156e-07,1.85760938e-01
1.21435156e-07,1.85664063e-01
1.21475156e-07,1.85726562e-01
1.21515156e-07,1.85678125e-01
1.21555156e-07,1.85718750e-01
1.21595156e-07,1.85684375e-01
1.21635156e-07,1.85714062e-01
1.21675156e-07,1.85687500e-01
1.21715156e-07,1.85712500e-01
1.21755156e-07,1.85689063e-01
1.21795156e-07,1.85710938e-01
1.21835156e-07,1.85690625e-01
1.21875156e-07,1.85709375e-01
1.21915156e-07,1.85690625e-01
1.21955156e-07,1.85707813e-01
1.21995156e-07,1.85692187e-01
1.22035156e-07,1.85707813e-01
1.22075156e-07,1.85692187e-01
1.22115156e-07,1.85706250e-01
1.22155156e-07,1.85693750e-01
1.22195156e-07,1.85706250e-01
1.22235156e-07,1.85693750e-01
1.22275156e-07,1.85706250e-01
1.22315156e-07,1.85693750e-01
1.22355156e-07,1.85706250e-01
1.22395156e-07,1.85693750e-01
1.22435156e-07,1.85706250e-01
1.22475156e-07,1.85693750e-01
1.22515156e-07,1.85704688e-01
1.22555156e-07,1.85695313e-01
1.22595156e-07,1.85704688e-01
1.22635156e-07,1.85695313e-01
1.22675156e-07,1.85704688e-01
1.22715156e-07,1.85695313e-01
1.22755156e-07,1.85704688e-01
1.22795156e-07,1.85695313e-01
1.22835156e-07,1.85704688e-01
1.22875156e-07,1.85695313e-01
1.22915156e-07,1.85704688e-01
1.22955156e-07,1.85695313e-01
1.22995156e-07,1.85704688e-01
1.23035156e-07,1.85695313e-01
1.23075156e-07,1.85704688e-01
1.23115156e-07,1.85695313e-01
1.23155156e-07,1.85704688e-01
1.23195156e-07,1.85695313e-01
1.23235156e-07,1.85706250e-01
1.23275156e-07,1.85693750e-01
1.23315156e-07,1.85706250e-01
1.23355156e-07,1.85693750e-01
1.23395156e-07,1.85706250e-01
1.23435156e-07,1.85693750e-01
1.23475156e-07,1.85707813e-01
1.23515156e-07,1.85692187e-01
1.23555156e-07,1.85707813e-01
1.23595156e-07,1.85690625e-01
1.23635156e-07,1.85710938e-01
1.23675156e-07,1.85689063e-01
1.23715156e-07,1.85714062e-01
1.23755156e-07,1.85682813e-01
1.23795156e-07,1.85721875e-01
1.23835156e-07,1.85668750e-01
1.23875156e-07,1.85756250e-01
1.23915156e-07,1.85490625e-01
1.23955156e-07,1.85246875e-01
1.23995156e-07,1.85329688e-01
1.24035156e-07,1.85279688e-01
1.24075156e-07,1.85315625e-01
1.24115156e-07,1.85287500e-01
1.24155156e-07,1.85310937e-01
1.24195156e-07,1.85290625e-01
1.24235156e-07,1.85307813e-01
1.24275156e-07,1.85293750e-01
1.24315156e-07,1.85306250e-01
1.24355156e-07,1.85293750e-01
1.24395156e-07,1.85304688e-01
1.24435156e-07,1.85295313e-01
1.24475156e-07,1.85304688e-01
1.24515156e-07,1.85295313e-01
1.24555156e-07,1.85304688e-01
1.24595156e-07,1.85295313e-01
1.24635156e-07,1.85304688e-01
1.24675156e-07,1.85295313e-01
1.24715156e-07,1.85304688e-01
1.24755156e-07,1.85295313e-01
1.24795156e-07,1.85304688e-01
1.24835156e-07,1.85295313e-01
1.24875156e-07,1.85304688e-01
1.24915156e-07,1.85295313e-01
1.24955156e-07,1.85304688e-01
1.24995156e-07,1.85295313e-01
1.25035156e-07,1.85304688e-01
1.25075156e-07,1.85295313e-01
1.25115156e-07,1.85304688e-01
1.25155156e-07,1.85295313e-01
1.25195156e-07,1.85304688e-01
1.25235156e-07,1.85293750e-01
1.25275156e-07,1.85306250e-01
1.25315156e-07,1.85293750e-01
1.25355156e-07,1.85307813e-01
1.25395156e-07,1.85292188e-01
1.25435156e-07,1.85309375e-01
1.25475156e-07,1.85290625e-01
1.25515156e-07,1.85310937e-01
1.25555156e-07,1.85285937e-01
1.25595156e-07,1.85317188e-01
1.25635156e-07,1.85278125e-01
1.25675156e-07,1.85332812e-01
1.25715156e-07,1.85242188e-01
1.25755156e-07,1.85510938e-01
1.25795156e-07,1.85751562e-01
1.25835156e-07,1.85673438e-01
1.25875156e-07,1.85715625e-01
1.25915156e-07,1.85690625e-01
1.25955156e-07,1.85704688e-01
1.25995156e-07,1.85700000e-01
1.26035156e-07,1.85693750e-01
1.26075156e-07,1.85715625e-01
1.26115156e-07,1.85657813e-01
1.26155156e-07,1.85895313e-01
1.26195156e-07,1.86167187e-01
1.26235156e-07,1.86056250e-01
1.26275156e-07,1.86134375e-01
1.26315156e-07,1.86070313e-01
1.26355156e-07,1.86128125e-01
1.26395156e-07,1.86073437e-01
1.26435156e-07,1.86126563e-01
1.26475156e-07,1.86071875e-01
1.26515156e-07,1.86131250e-01
1.26555156e-07,1.86064063e-01
1.26595156e-07,1.86145312e-01
1.26635156e-07,1.86031250e-01
1.26675156e-07,1.86321875e-01
1.26715156e-07,1.86539063e-01
1.26755156e-07,1.86484375e-01
1.26795156e-07,1.86504688e-01
1.26835156e-07,1.86501562e-01
1.26875156e-07,1.86495313e-01
1.26915156e-07,1.86509375e-01
1.26955156e-07,1.86485938e-01
1.26995156e-07,1.86520313e-01
1.27035156e-07,1.86468750e-01
1.27075156e-07,1.86556250e-01
1.27115156e-07,1.86289063e-01
1.27155156e-07,1.86050000e-01
1.27195156e-07,1.86126563e-01
1.27235156e-07,1.86084375e-01
1.27275156e-07,1.86109375e-01
1.27315156e-07,1.86095312e-01
1.27355156e-07,1.86101563e-01
1.27395156e-07,1.86103125e-01
1.27435156e-07,1.86092188e-01
1.27475156e-07,1.86114063e-01
1.27515156e-07,1.86075000e-01
1.27555156e-07,1.86150000e-01
1.27595156e-07,1.85895313e-01
1.27635156e-07,1.85643750e-01
1.27675156e-07,1.85731250e-01
1.27715156e-07,1.85681250e-01
1.27755156e-07,1.85710938e-01
1.27795156e-07,1.85696875e-01
1.27835156e-07,1.85692187e-01
1.27875156e-07,1.85734375e-01
1.27915156e-07,1.85512500e-01
1.27955156e-07,1.85225000e-01
1.27995156e-07,1.85351563e-01
1.28035156e-07,1.85257813e-01
1.28075156e-07,1.85339063e-01
1.28115156e-07,1.85260938e-01
1.28155156e-07,1.85342188e-01
1.28195156e-07,1.85250000e-01
1.28235156e-07,1.85373438e-01
1.28275156e-07,1.85075000e-01
1.28315156e-07,1.84862500e-01
1.28355156e-07,1.84915625e-01
1.28395156e-07,1.84893750e-01
1.28435156e-07,1.84901563e-01
1.28475156e-07,1.84901563e-01
1.28515156e-07,1.84896875e-01
1.28555156e-07,1.84903125e-01
1.28595156e-07,1.84895313e-01
1.28635156e-07,1.84904687e-01
1.28675156e-07,1.84893750e-01
1.28715156e-07,1.84906250e-01
1.28755156e-07,1.84893750e-01
1.28795156e-07,1.84906250e-01
1.28835156e-07,1.84892187e-01
1.28875156e-07,1.84907813e-01
1.28915156e-07,1.84892187e-01
1.28955156e-07,1.84907813e-01
1.28995156e-07,1.84890625e-01
1.29035156e-07,1.84909375e-01
1.29075156e-07,1.84890625e-01
1.29115156e-07,1.84909375e-01
1.29155156e-07,1.84889063e-01
1.29195156e-07,1.84910938e-01
1.29235156e-07,1.84887500e-01
1.29275156e-07,1.84914063e-01
1.29315156e-07,1.84884375e-01
1.29355156e-07,1.84918750e-01
1.29395156e-07,1.84875000e-01
1.29435156e-07,1.84934375e-01
1.29475156e-07,1.84842188e-01
1.29515156e-07,1.85110938e-01
1.29555156e-07,1.85351563e-01
1.29595156e-07,1.85271875e-01
1.29635156e-07,1.85318750e-01
1.29675156e-07,1.85285937e-01
1.29715156e-07,1.85312500e-01
1.29755156e-07,1.85287500e-01
1.29795156e-07,1.85314063e-01
1.29835156e-07,1.85282813e-01
1.29875156e-07,1.85325000e-01
1.29915156e-07,1.85251562e-01
1.29955156e-07,1.85500000e-01
1.29995156e-07,1.85764062e-01
1.30035156e-07,1.85657813e-01
1.30075156e-07,1.85734375e-01
1.30115156e-07,1.85667187e-01
1.30155156e-07,1.85732813e-01
1.30195156e-07,1.85664063e-01
1.30235156e-07,1.85745313e-01
1.30275156e-07,1.85629688e-01
1.30315156e-07,1.85923438e-01
1.30355156e-07,1.86139063e-01
1.30395156e-07,1.86085938e-01
1.30435156e-07,1.86104688e-01
1.30475156e-07,1.86101563e-01
1.30515156e-07,1.86093750e-01
1.30555156e-07,1.86112500e-01
1.30595156e-07,1.86081250e-01
1.30635156e-07,1.86129688e-01
1.30675156e-07,1.86045313e-01
1.30715156e-07,1.86309375e-01
1.30755156e-07,1.86551563e-01
1.30795156e-07,1.86473438e-01
1.30835156e-07,1.86517188e-01
1.30875156e-07,1.86489062e-01
1.30915156e-07,1.86506250e-01
1.30955156e-07,1.86496875e-01
1.30995156e-07,1.86498438e-01
1.31035156e-07,1.86504688e-01
1.31075156e-07,1.86489062e-01
1.31115156e-07,1.86521875e-01
1.31155156e-07,1.86453125e-01
1.31195156e-07,1.86700000e-01
1.31235156e-07,1.86960938e-01
1.31275156e-07,1.86862500e-01
1.31315156e-07,1.86928125e-01
1.31355156e-07,1.86878125e-01
1.31395156e-07,1.86918750e-01
1.31435156e-07,1.86882812e-01
1.31475156e-07,1.86915625e-01
1.31515156e-07,1.86885938e-01
1.31555156e-07,1.86914063e-01
1.31595156e-07,1.86885938e-01
1.31635156e-07,1.86914063e-01
1.31675156e-07,1.86885938e-01
1.31715156e-07,1.86914063e-01
1.31755156e-07,1.86885938e-01
1.31795156e-07,1.86914063e-01
1.31835156e-07,1.86884375e-01
1.31875156e-07,1.86917187e-01
1.31915156e-07,1.86879688e-01
1.31955156e-07,1.86925000e-01
1.31995156e-07,1.86865625e-01
1.32035156e-07,1.86959375e-01
1.32075156e-07,1.86687500e-01
1.32115156e-07,1.86451563e-01
1.32155156e-07,1.86525000e-01
1.32195156e-07,1.86484375e-01
1.32235156e-07,1.86509375e-01
1.32275156e-07,1.86493750e-01
1.32315156e-07,1.86503125e-01
1.32355156e-07,1.86500000e-01
1.32395156e-07,1.86495313e-01
1.32435156e-07,1.86509375e-01
1.32475156e-07,1.86481250e-01
1.32515156e-07,1.86543750e-01
1.32555156e-07,1.86303125e-01
1.32595156e-07,1.86034375e-01
1.32635156e-07,1.86142188e-01
1.32675156e-07,1.86067188e-01
1.32715156e-07,1.86129688e-01
1.32755156e-07,1.86071875e-01
1.32795156e-07,1.86128125e-01
1.32835156e-07,1.86070313e-01
1.32875156e-07,1.86132812e-01
1.32915156e-07,1.86057813e-01
1.32955156e-07,1.86165625e-01
1.32995156e-07,1.85881250e-01
1.33035156e-07,1.85656250e-01
1.33075156e-07,1.85720313e-01
1.33115156e-07,1.85689063e-01
1.33155156e-07,1.85706250e-01
1.33195156e-07,1.85696875e-01
1.33235156e-07,1.85701563e-01
1.33275156e-07,1.85700000e-01
1.33315156e-07,1.85700000e-01
1.33355156e-07,1.85701563e-01
1.33395156e-07,1.85698438e-01
1.33435156e-07,1.85703125e-01
1.33475156e-07,1.85696875e-01
1.33515156e-07,1.85703125e-01
1.33555156e-07,1.85695313e-01
1.33595156e-07,1.85704688e-01
1.33635156e-07,1.85695313e-01
1.33675156e-07,1.85704688e-01
1.33715156e-07,1.85693750e-01
1.33755156e-07,1.85706250e-01
1.33795156e-07,1.85693750e-01
1.33835156e-07,1.85706250e-01
1.33875156e-07,1.85692187e-01
1.33915156e-07,1.85707813e-01
1.33955156e-07,1.85692187e-01
1.33995156e-07,1.85709375e-01
1.34035156e-07,1.85690625e-01
1.34075156e-07,1.85710938e-01
1.34115156e-07,1.85689063e-01
1.34155156e-07,1.85712500e-01
1.34195156e-07,1.85685938e-01
1.34235156e-07,1.85717188e-01
1.34275156e-07,1.85679687e-01
1.34315156e-07,1.85725000e-01
1.34355156e-07,1.85664063e-01
1.34395156e-07,1.85760938e-01
1.34435156e-07,1.85485938e-01
1.34475156e-07,1.85251562e-01
1.34515156e-07,1.85323438e-01
1.34555156e-07,1.85285937e-01
1.34595156e-07,1.85309375e-01
1.34635156e-07,1.85295313e-01
1.34675156e-07,1.85303125e-01
1.34715156e-07,1.85300000e-01
1.34755156e-07,1.85298437e-01
1.34795156e-07,1.85303125e-01
1.34835156e-07,1.85295313e-01
1.34875156e-07,1.85306250e-01
1.34915156e-07,1.85292188e-01
1.34955156e-07,1.85310937e-01
1.34995156e-07,1.85285937e-01
1.35035156e-07,1.85320313e-01
1.35075156e-07,1.85270313e-01
1.35115156e-07,1.85354688e-01
1.35155156e-07,1.85090625e-01
1.35195156e-07,1.84846875e-01
1.35235156e-07,1.84929687e-01
1.35275156e-07,1.84881250e-01
1.35315156e-07,1.84914063e-01
1.35355156e-07,1.84889063e-01
1.35395156e-07,1.84907813e-01
1.35435156e-07,1.84893750e-01
1.35475156e-07,1.84904687e-01
1.35515156e-07,1.84896875e-01
1.35555156e-07,1.84903125e-01
1.35595156e-07,1.84898438e-01
1.35635156e-07,1.84900000e-01
1.35675156e-07,1.84900000e-01
1.35715156e-07,1.84898438e-01
1.35755156e-07,1.84903125e-01
1.35795156e-07,1.84896875e-01
1.35835156e-07,1.84904687e-01
1.35875156e-07,1.84893750e-01
1.35915156e-07,1.84907813e-01
1.35955156e-07,1.84889063e-01
1.35995156e-07,1.84914063e-01
1.36035156e-07,1.84881250e-01
1.36075156e-07,1.84929687e-01
1.36115156e-07,1.84845312e-01
1.36155156e-07,1.85107812e-01
1.36195156e-07,1.85353125e-01
1.36235156e-07,1.85270313e-01
1.36275156e-07,1.85320313e-01
1.36315156e-07,1.85285937e-01
1.36355156e-07,1.85310937e-01
1.36395156e-07,1.85292188e-01
1.36435156e-07,1.85306250e-01
1.36475156e-07,1.85295313e-01
1.36515156e-07,1.85303125e-01
1.36555156e-07,1.85298437e-01
1.36595156e-07,1.85298437e-01
1.36635156e-07,1.85303125e-01
1.36675156e-07,1.85295313e-01
1.36715156e-07,1.85309375e-01
1.36755156e-07,1.85285937e-01
1.36795156e-07,1.85325000e-01
1.36835156e-07,1.85250000e-01
1.36875156e-07,1.85503125e-01
1.36915156e-07,1.85759375e-01
1.36955156e-07,1.85665625e-01
1.36995156e-07,1.85725000e-01
1.37035156e-07,1.85679687e-01
1.37075156e-07,1.85717188e-01
1.37115156e-07,1.85685938e-01
1.37155156e-07,1.85712500e-01
1.37195156e-07,1.85687500e-01
1.37235156e-07,1.85710938e-01
1.37275156e-07,1.85690625e-01
1.37315156e-07,1.85709375e-01
1.37355156e-07,1.85692187e-01
1.37395156e-07,1.85707813e-01
1.37435156e-07,1.85692187e-01
1.37475156e-07,1.85707813e-01
1.37515156e-07,1.85693750e-01
1.37555156e-07,1.85706250e-01
1.37595156e-07,1.85693750e-01
1.37635156e-07,1.85706250e-01
1.37675156e-07,1.85695313e-01
1.37715156e-07,1.85704688e-01
1.37755156e-07,1.85695313e-01
1.37795156e-07,1.85704688e-01
1.37835156e-07,1.85695313e-01
1.37875156e-07,1.85704688e-01
1.37915156e-07,1.85696875e-01
1.37955156e-07,1.85703125e-01
1.37995156e-07,1.85696875e-01
1.38035156e-07,1.85703125e-01
1.38075156e-07,1.85696875e-01
1.38115156e-07,1.85703125e-01
1.38155156e-07,1.85696875e-01
1.38195156e-07,1.85701563e-01
1.38235156e-07,1.85698438e-01
1.38275156e-07,1.85701563e-01
1.38315156e-07,1.85698438e-01
1.38355156e-07,1.85701563e-01
1.38395156e-07,1.85700000e-01
1.38435156e-07,1.85700000e-01
1.38475156e-07,1.85700000e-01
1.38515156e-07,1.85700000e-01
1.38555156e-07,1.85701563e-01
1.38595156e-07,1.85698438e-01
1.38635156e-07,1.85703125e-01
1.38675156e-07,1.85695313e-01
1.38715156e-07,1.85706250e-01
1.38755156e-07,1.85692187e-01
1.38795156e-07,1.85710938e-01
1.38835156e-07,1.85684375e-01
1.38875156e-07,1.85725000e-01
1.38915156e-07,1.85650000e-01
1.38955156e-07,1.85903125e-01
1.38995156e-07,1.86157813e-01
1.39035156e-07,1.86065625e-01
1.39075156e-07,1.86125000e-01
1.39115156e-07,1.86079688e-01
1.39155156e-07,1.86117188e-01
1.39195156e-07,1.86084375e-01
1.39235156e-07,1.86114063e-01
1.39275156e-07,1.86087500e-01
1.39315156e-07,1.86112500e-01
1.39355156e-07,1.86089063e-01
1.39395156e-07,1.86110938e-01
1.39435156e-07,1.86089063e-01
1.39475156e-07,1.86109375e-01
1.39515156e-07,1.86090625e-01
1.39555156e-07,1.86109375e-01
1.39595156e-07,1.86090625e-01
1.39635156e-07,1.86109375e-01
1.39675156e-07,1.86090625e-01
1.39715156e-07,1.86109375e-01
1.39755156e-07,1.86090625e-01
1.39795156e-07,1.86109375e-01
1.39835156e-07,1.86090625e-01
1.39875156e-07,1.86109375e-01
1.39915156e-07,1.86090625e-01
1.39955156e-07,1.86109375e-01
1.39995156e-07,1.86090625e-01
1.40035156e-07,1.86109375e-01
1.40075156e-07,1.86090625e-01
1.40115156e-07,1.86109375e-01
1.40155156e-07,1.86089063e-01
1.40195156e-07,1.86110938e-01
1.40235156e-07,1.86089063e-01
1.40275156e-07,1.86112500e-01
1.40315156e-07,1.86087500e-01
1.40355156e-07,1.86114063e-01
1.40395156e-07,1.86084375e-01
1.40435156e-07,1.86117188e-01
1.40475156e-07,1.86079688e-01
1.40515156e-07,1.86126563e-01
1.40555156e-07,1.86064063e-01
1.40595156e-07,1.86160938e-01
1.40635156e-07,1.85885938e-01
1.40675156e-07,1.85651563e-01
1.40715156e-07,1.85723438e-01
1.40755156e-07,1.85685938e-01
1.40795156e-07,1.85709375e-01
1.40835156e-07,1.85693750e-01
1.40875156e-07,1.85703125e-01
1.40915156e-07,1.85698438e-01
1.40955156e-07,1.85700000e-01
1.40995156e-07,1.85701563e-01
1.41035156e-07,1.85696875e-01
1.41075156e-07,1.85704688e-01
1.41115156e-07,1.85693750e-01
1.41155156e-07,1.85709375e-01
1.41195156e-07,1.85687500e-01
1.41235156e-07,1.85717188e-01
1.41275156e-07,1.85671875e-01
1.41315156e-07,1.85753125e-01
1.41355156e-07,1.85493750e-01
1.41395156e-07,1.85243750e-01
1.41435156e-07,1.85332812e-01
1.41475156e-07,1.85276563e-01
1.41515156e-07,1.85317188e-01
1.41555156e-07,1.85285937e-01
1.41595156e-07,1.85312500e-01
1.41635156e-07,1.85289063e-01
1.41675156e-07,1.85309375e-01
1.41715156e-07,1.85290625e-01
1.41755156e-07,1.85307813e-01
1.41795156e-07,1.85292188e-01
1.41835156e-07,1.85306250e-01
1.41875156e-07,1.85293750e-01
1.41915156e-07,1.85306250e-01
1.41955156e-07,1.85293750e-01
1.41995156e-07,1.85306250e-01
1.42035156e-07,1.85295313e-01
1.42075156e-07,1.85304688e-01
1.42115156e-07,1.85295313e-01
1.42155156e-07,1.85304688e-01
1.42195156e-07,1.85295313e-01
1.42235156e-07,1.85304688e-01
1.42275156e-07,1.85295313e-01
1.42315156e-07,1.85304688e-01
1.42355156e-07,1.85295313e-01
1.42395156e-07,1.85304688e-01
1.42435156e-07,1.85295313e-01
1.42475156e-07,1.85303125e-01
1.42515156e-07,1.85296875e-01
1.42555156e-07,1.85303125e-01
1.42595156e-07,1.85296875e-01
1.42635156e-07,1.85303125e-01
1.42675156e-07,1.85296875e-01
1.42715156e-07,1.85303125e-01
1.42755156e-07,1.85296875e-01
1.42795156e-07,1.85303125e-01
1.42835156e-07,1.85296875e-01
1.42875156e-07,1.85303125e-01
1.42915156e-07,1.85296875e-01
1.42955156e-07,1.85303125e-01
1.42995156e-07,1.85296875e-01
1.43035156e-07,1.85303125e-01
1.43075156e-07,1.85296875e-01
1.43115156e-07,1.85303125e-01
1.43155156e-07,1.85296875e-01
1.43195156e-07,1.85303125e-01
1.43235156e-07,1.85296875e-01
1.43275156e-07,1.85303125e-01
1.43315156e-07,1.85296875e-01
1.43355156e-07,1.85303125e-01
1.43395156e-07,1.85296875e-01
1.43435156e-07,1.85303125e-01
1.43475156e-07,1.85296875e-01
1.43515156e-07,1.85303125e-01
1.43555156e-07,1.85296875e-01
1.43595156e-07,1.85303125e-01
1.43635156e-07,1.85296875e-01
1.43675156e-07,1.85303125e-01
1.43715156e-07,1.85296875e-01
1.43755156e-07,1.85303125e-01
1.43795156e-07,1.85296875e-01
1.43835156e-07,1.85303125e-01
1.43875156e-07,1.85296875e-01
1.43915156e-07,1.85303125e-01
1.43955156e-07,1.85296875e-01
1.43995156e-07,1.85303125e-01
1.44035156e-07,1.85296875e-01
1.44075156e-07,1.85303125e-01
1.44115156e-07,1.85296875e-01
1.44155156e-07,1.85303125e-01
1.44195156e-07,1.85296875e-01
1.44235156e-07,1.85303125e-01
1.44275156e-07,1.85296875e-01
1.44315156e-07,1.85304688e-01
1.44355156e-07,1.85295313e-01
1.44395156e-07,1.85304688e-01
1.44435156e-07,1.85295313e-01
1.44475156e-07,1.85304688e-01
1.44515156e-07,1.85295313e-01
1.44555156e-07,1.85304688e-01
1.44595156e-07,1.85295313e-01
1.44635156e-07,1.85304688e-01
1.44675156e-07,1.85295313e-01
1.44715156e-07,1.85304688e-01
1.44755156e-07,1.85295313e-01
1.44795156e-07,1.85304688e-01
1.44835156e-07,1.85295313e-01
1.44875156e-07,1.85304688e-01
1.44915156e-07,1.85295313e-01
1.44955156e-07,1.85304688e-01
1.44995156e-07,1.85295313e-01
1.45035156e-07,1.85304688e-01
1.45075156e-07,1.85295313e-01
1.45115156e-07,1.85304688e-01
1.45155156e-07,1.85295313e-01
1.45195156e-07,1.85304688e-01
1.45235156e-07,1.85295313e-01
1.45275156e-07,1.85304688e-01
1.45315156e-07,1.85295313e-01
1.45355156e-07,1.85304688e-01
1.45395156e-07,1.85293750e-01
1.45435156e-07,1.85306250e-01
1.45475156e-07,1.85293750e-01
1.45515156e-07,1.85306250e-01
1.45555156e-07,1.85293750e-01
1.45595156e-07,1.85306250e-01
1.45635156e-07,1.85293750e-01
1.45675156e-07,1.85306250e-01
1.45715156e-07,1.85293750e-01
1.45755156e-07,1.85306250e-01
1.45795156e-07,1.85293750e-01
1.45835156e-07,1.85306250e-01
1.45875156e-07,1.85292188e-01
1.45915156e-07,1.85307813e-01
1.45955156e-07,1.85292188e-01
1.45995156e-07,1.85307813e-01
1.46035156e-07,1.85292188e-01
1.46075156e-07,1.85307813e-01
1.46115156e-07,1.85292188e-01
1.46155156e-07,1.85307813e-01
1.46195156e-07,1.85290625e-01
1.46235156e-07,1.85309375e-01
1.46275156e-07,1.85290625e-01
1.46315156e-07,1.85309375e-01
1.46355156e-07,1.85290625e-01
1.46395156e-07,1.85310937e-01
1.46435156e-07,1.85289063e-01
1.46475156e-07,1.85310937e-01
1.46515156e-07,1.85287500e-01
1.46555156e-07,1.85312500e-01
1.46595156e-07,1.85285937e-01
1.46635156e-07,1.85314063e-01
1.46675156e-07,1.85284375e-01
1.46715156e-07,1.85315625e-01
1.46755156e-07,1.85282813e-01
1.46795156e-07,1.85320313e-01
1.46835156e-07,1.85278125e-01
1.46875156e-07,1.85325000e-01
1.46915156e-07,1.85268750e-01
1.46955156e-07,1.85340625e-01
1.46995156e-07,1.85232813e-01
1.47035156e-07,1.85520313e-01
1.47075156e-07,1.85740625e-01
1.47115156e-07,1.85684375e-01
1.47155156e-07,1.85706250e-01
1.47195156e-07,1.85700000e-01
1.47235156e-07,1.85695313e-01
1.47275156e-07,1.85709375e-01
1.47315156e-07,1.85687500e-01
1.47355156e-07,1.85717188e-01
1.47395156e-07,1.85676563e-01
1.47435156e-07,1.85734375e-01
1.47475156e-07,1.85639063e-01
1.47515156e-07,1.85915625e-01
1.47555156e-07,1.86143750e-01
1.47595156e-07,1.86081250e-01
1.47635156e-07,1.86106250e-01
1.47675156e-07,1.86103125e-01
1.47715156e-07,1.86089063e-01
1.47755156e-07,1.86123438e-01
1.47795156e-07,1.86048437e-01
1.47835156e-07,1.86306250e-01
1.47875156e-07,1.86554688e-01
1.47915156e-07,1.86471875e-01
1.47955156e-07,1.86515625e-01
1.47995156e-07,1.86492188e-01
1.48035156e-07,1.86498438e-01
1.48075156e-07,1.86512500e-01
1.48115156e-07,1.86460938e-01
1.48155156e-07,1.86693750e-01
1.48195156e-07,1.86968750e-01
1.48235156e-07,1.86856250e-01
1.48275156e-07,1.86934375e-01
1.48315156e-07,1.86870312e-01
1.48355156e-07,1.86926563e-01
1.48395156e-07,1.86873438e-01
1.48435156e-07,1.86926563e-01
1.48475156e-07,1.86868750e-01
1.48515156e-07,1.86939063e-01
1.48555156e-07,1.86837500e-01
1.48595156e-07,1.87114063e-01
1.48635156e-07,1.87350000e-01
1.48675156e-07,1.87273438e-01
1.48715156e-07,1.87318750e-01
1.48755156e-07,1.87285937e-01
1.48795156e-07,1.87312500e-01
1.48835156e-07,1.87289063e-01
1.48875156e-07,1.87310937e-01
1.48915156e-07,1.87289063e-01
1.48955156e-07,1.87312500e-01
1.48995156e-07,1.87285937e-01
1.49035156e-07,1.87315625e-01
1.49075156e-07,1.87281250e-01
1.49115156e-07,1.87323437e-01
1.49155156e-07,1.87267188e-01
1.49195156e-07,1.87357812e-01
1.49235156e-07,1.87087500e-01
1.49275156e-07,1.86850000e-01
1.49315156e-07,1.86925000e-01
1.49355156e-07,1.86884375e-01
1.49395156e-07,1.86910938e-01
1.49435156e-07,1.86893750e-01
1.49475156e-07,1.86903125e-01
1.49515156e-07,1.86898438e-01
1.49555156e-07,1.86898438e-01
1.49595156e-07,1.86904687e-01
1.49635156e-07,1.86890625e-01
1.49675156e-07,1.86914063e-01
1.49715156e-07,1.86875000e-01
1.49755156e-07,1.86950000e-01
1.49795156e-07,1.86696875e-01
1.49835156e-07,1.86442187e-01
1.49875156e-07,1.86534375e-01
1.49915156e-07,1.86475000e-01
1.49955156e-07,1.86518750e-01
1.49995156e-07,1.86484375e-01
1.50035156e-07,1.86514062e-01
1.50075156e-07,1.86487500e-01
1.50115156e-07,1.86510938e-01
1.50155156e-07,1.86490625e-01
1.50195156e-07,1.86507813e-01
1.50235156e-07,1.86492188e-01
1.50275156e-07,1.86507813e-01
1.50315156e-07,1.86493750e-01
1.50355156e-07,1.86506250e-01
1.50395156e-07,1.86495313e-01
1.50435156e-07,1.86504688e-01
1.50475156e-07,1.86495313e-01
1.50515156e-07,1.86504688e-01
1.50555156e-07,1.86496875e-01
1.50595156e-07,1.86503125e-01
1.50635156e-07,1.86496875e-01
1.50675156e-07,1.86503125e-01
1.50715156e-07,1.86498438e-01
1.50755156e-07,1.86501562e-01
1.50795156e-07,1.86498438e-01
1.50835156e-07,1.86501562e-01
1.50875156e-07,1.86500000e-01
1.50915156e-07,1.86500000e-01
1.50955156e-07,1.86500000e-01
1.50995156e-07,1.86498438e-01
1.51035156e-07,1.86501562e-01
1.51075156e-07,1.86498438e-01
1.51115156e-07,1.86503125e-01
1.51155156e-07,1.86496875e-01
1.51195156e-07,1.86504688e-01
1.51235156e-07,1.86493750e-01
1.51275156e-07,1.86507813e-01
1.51315156e-07,1.86490625e-01
1.51355156e-07,1.86512500e-01
1.51395156e-07,1.86481250e-01
1.51435156e-07,1.86528125e-01
1.51475156e-07,1.86446875e-01
1.51515156e-07,1.86706250e-01
1.51555156e-07,1.86956250e-01
1.51595156e-07,1.86868750e-01
1.51635156e-07,1.86921875e-01
1.51675156e-07,1.86882812e-01
1.51715156e-07,1.86914063e-01
1.51755156e-07,1.86889063e-01
1.51795156e-07,1.86909375e-01
1.51835156e-07,1.86890625e-01
1.51875156e-07,1.86907812e-01
1.51915156e-07,1.86893750e-01
1.51955156e-07,1.86906250e-01
1.51995156e-07,1.86893750e-01
1.52035156e-07,1.86904687e-01
1.52075156e-07,1.86895313e-01
1.52115156e-07,1.86903125e-01
1.52155156e-07,1.86896875e-01
1.52195156e-07,1.86903125e-01
1.52235156e-07,1.86896875e-01
1.52275156e-07,1.86901563e-01
1.52315156e-07,1.86898438e-01
1.52355156e-07,1.86901563e-01
1.52395156e-07,1.86900000e-01
1.52435156e-07,1.86900000e-01
1.52475156e-07,1.86901563e-01
1.52515156e-07,1.86898438e-01
1.52555156e-07,1.86903125e-01
1.52595156e-07,1.86896875e-01
1.52635156e-07,1.86904687e-01
1.52675156e-07,1.86893750e-01
1.52715156e-07,1.86909375e-01
1.52755156e-07,1.86887500e-01
1.52795156e-07,1.86917187e-01
1.52835156e-07,1.86871875e-01
1.52875156e-07,1.86953125e-01
1.52915156e-07,1.86693750e-01
1.52955156e-07,1.86443750e-01
1.52995156e-07,1.86531250e-01
1.53035156e-07,1.86478125e-01
1.53075156e-07,1.86517188e-01
1.53115156e-07,1.86487500e-01
1.53155156e-07,1.86510938e-01
1.53195156e-07,1.86492188e-01
1.53235156e-07,1.86506250e-01
1.53275156e-07,1.86495313e-01
1.53315156e-07,1.86503125e-01
1.53355156e-07,1.86500000e-01
1.53395156e-07,1.86496875e-01
1.53435156e-07,1.86509375e-01
1.53475156e-07,1.86481250e-01
1.53515156e-07,1.86543750e-01
1.53555156e-07,1.86303125e-01
1.53595156e-07,1.86034375e-01
1.53635156e-07,1.86142188e-01
1.53675156e-07,1.86065625e-01
1.53715156e-07,1.86129688e-01
1.53755156e-07,1.86071875e-01
1.53795156e-07,1.86128125e-01
1.53835156e-07,1.86070313e-01
1.53875156e-07,1.86132812e-01
1.53915156e-07,1.86059375e-01
1.53955156e-07,1.86165625e-01
1.53995156e-07,1.85882812e-01
1.54035156e-07,1.85654687e-01
1.54075156e-07,1.85723438e-01
1.54115156e-07,1.85685938e-01
1.54155156e-07,1.85709375e-01
1.54195156e-07,1.85692187e-01
1.54235156e-07,1.85706250e-01
1.54275156e-07,1.85693750e-01
1.54315156e-07,1.85706250e-01
1.54355156e-07,1.85693750e-01
1.54395156e-07,1.85706250e-01
1.54435156e-07,1.85692187e-01
1.54475156e-07,1.85709375e-01
1.54515156e-07,1.85687500e-01
1.54555156e-07,1.85717188e-01
1.54595156e-07,1.85673438e-01
1.54635156e-07,1.85751562e-01
1.54675156e-07,1.85495313e-01
1.54715156e-07,1.85242188e-01
1.54755156e-07,1.85334375e-01
1.54795156e-07,1.85275000e-01
1.54835156e-07,1.85320313e-01
1.54875156e-07,1.85282813e-01
1.54915156e-07,1.85315625e-01
1.54955156e-07,1.85285937e-01
1.54995156e-07,1.85312500e-01
1.55035156e-07,1.85287500e-01
1.55075156e-07,1.85310937e-01
1.55115156e-07,1.85289063e-01
1.55155156e-07,1.85310937e-01
1.55195156e-07,1.85290625e-01
1.55235156e-07,1.85309375e-01
1.55275156e-07,1.85290625e-01
1.55315156e-07,1.85309375e-01
1.55355156e-07,1.85290625e-01
1.55395156e-07,1.85309375e-01
1.55435156e-07,1.85290625e-01
1.55475156e-07,1.85309375e-01
1.55515156e-07,1.85290625e-01
1.55555156e-07,1.85307813e-01
1.55595156e-07,1.85292188e-01
1.55635156e-07,1.85307813e-01
1.55675156e-07,1.85292188e-01
1.55715156e-07,1.85307813e-01
1.55755156e-07,1.85292188e-01
1.55795156e-07,1.85307813e-01
1.55835156e-07,1.85292188e-01
1.55875156e-07,1.85309375e-01
1.55915156e-07,1.85290625e-01
1.55955156e-07,1.85309375e-01
1.55995156e-07,1.85290625e-01
1.56035156e-07,1.85309375e-01
1.56075156e-07,1.85290625e-01
1.56115156e-07,1.85309375e-01
1.56155156e-07,1.85290625e-01
1.56195156e-07,1.85309375e-01
1.56235156e-07,1.85289063e-01
1.56275156e-07,1.85310937e-01
1.56315156e-07,1.85289063e-01
1.56355156e-07,1.85312500e-01
1.56395156e-07,1.85287500e-01
1.56435156e-07,1.85314063e-01
1.56475156e-07,1.85284375e-01
1.56515156e-07,1.85317188e-01
1.56555156e-07,1.85279688e-01
1.56595156e-07,1.85326563e-01
1.56635156e-07,1.85264062e-01
1.56675156e-07,1.85360938e-01
1.56715156e-07,1.85085938e-01
1.56755156e-07,1.84851563e-01
1.56795156e-07,1.84923438e-01
1.56835156e-07,1.84885938e-01
1.56875156e-07,1.84909375e-01
1.56915156e-07,1.84893750e-01
1.56955156e-07,1.84904687e-01
1.56995156e-07,1.84898438e-01
1.57035156e-07,1.84901563e-01
1.57075156e-07,1.84900000e-01
1.57115156e-07,1.84898438e-01
1.57155156e-07,1.84903125e-01
1.57195156e-07,1.84895313e-01
1.57235156e-07,1.84906250e-01
1.57275156e-07,1.84892187e-01
1.57315156e-07,1.84909375e-01
1.57355156e-07,1.84887500e-01
1.57395156e-07,1.84917187e-01
1.57435156e-07,1.84871875e-01
1.57475156e-07,1.84953125e-01
1.57515156e-07,1.84693750e-01
1.57555156e-07,1.84443750e-01
1.57595156e-07,1.84532813e-01
1.57635156e-07,1.84476562e-01
1.57675156e-07,1.84518750e-01
1.57715156e-07,1.84484375e-01
1.57755156e-07,1.84514063e-01
1.57795156e-07,1.84487500e-01
1.57835156e-07,1.84512500e-01
1.57875156e-07,1.84487500e-01
1.57915156e-07,1.84512500e-01
1.57955156e-07,1.84487500e-01
1.57995156e-07,1.84512500e-01
1.58035156e-07,1.84485938e-01
1.58075156e-07,1.84515625e-01
1.58115156e-07,1.84481250e-01
1.58155156e-07,1.84521875e-01
1.58195156e-07,1.84468750e-01
1.58235156e-07,1.84556250e-01
1.58275156e-07,1.84290625e-01
1.58315156e-07,1.84046875e-01
1.58355156e-07,1.84129687e-01
1.58395156e-07,1.84079688e-01
1.58435156e-07,1.84115625e-01
1.58475156e-07,1.84087500e-01
1.58515156e-07,1.84110938e-01
1.58555156e-07,1.84090625e-01
1.58595156e-07,1.84107812e-01
1.58635156e-07,1.84092188e-01
1.58675156e-07,1.84107812e-01
1.58715156e-07,1.84093750e-01
1.58755156e-07,1.84106250e-01
1.58795156e-07,1.84093750e-01
1.58835156e-07,1.84106250e-01
1.58875156e-07,1.84093750e-01
1.58915156e-07,1.84106250e-01
1.58955156e-07,1.84093750e-01
1.58995156e-07,1.84106250e-01
1.59035156e-07,1.84093750e-01
1.59075156e-07,1.84106250e-01
1.59115156e-07,1.84093750e-01
1.59155156e-07,1.84106250e-01
1.59195156e-07,1.84093750e-01
1.59235156e-07,1.84106250e-01
1.59275156e-07,1.84093750e-01
1.59315156e-07,1.84107812e-01
1.59355156e-07,1.84092188e-01
1.59395156e-07,1.84107812e-01
1.59435156e-07,1.84092188e-01
1.59475156e-07,1.84109375e-01
1.59515156e-07,1.84090625e-01
1.59555156e-07,1.84110938e-01
1.59595156e-07,1.84089063e-01
1.59635156e-07,1.84112500e-01
1.59675156e-07,1.84085938e-01
1.59715156e-07,1.84115625e-01
1.59755156e-07,1.84079688e-01
1.59795156e-07,1.84125000e-01
1.59835156e-07,1.84065625e-01
1.59875156e-07,1.84159375e-01
1.59915156e-07,1.83885938e-01
1.59955156e-07,1.83651563e-01
1.59995156e-07,1.83723438e-01
1.60035156e-07,1.83685938e-01
1.60075156e-07,1.83707813e-01
1.60115156e-07,1.83695313e-01
1.60155156e-07,1.83701562e-01
1.60195156e-07,1.83701562e-01
1.60235156e-07,1.83695313e-01
1.60275156e-07,1.83709375e-01
1.60315156e-07,1.83685938e-01
1.60355156e-07,1.83725000e-01
1.60395156e-07,1.83650000e-01
1.60435156e-07,1.83903125e-01
1.60475156e-07,1.84157813e-01
1.60515156e-07,1.84065625e-01
1.60555156e-07,1.84123438e-01
1.60595156e-07,1.84081250e-01
1.60635156e-07,1.84115625e-01
1.60675156e-07,1.84087500e-01
1.60715156e-07,1.84110938e-01
1.60755156e-07,1.84090625e-01
1.60795156e-07,1.84107812e-01
1.60835156e-07,1.84093750e-01
1.60875156e-07,1.84106250e-01
1.60915156e-07,1.84095312e-01
1.60955156e-07,1.84103125e-01
1.60995156e-07,1.84098438e-01
1.61035156e-07,1.84098438e-01
1.61075156e-07,1.84104688e-01
1.61115156e-07,1.84090625e-01
1.61155156e-07,1.84118750e-01
1.61195156e-07,1.84056250e-01
1.61235156e-07,1.84296875e-01
1.61275156e-07,1.84565625e-01
1.61315156e-07,1.84457813e-01
1.61355156e-07,1.84532813e-01
1.61395156e-07,1.84471875e-01
1.61435156e-07,1.84525000e-01
1.61475156e-07,1.84476562e-01
1.61515156e-07,1.84521875e-01
1.61555156e-07,1.84478125e-01
1.61595156e-07,1.84521875e-01
1.61635156e-07,1.84478125e-01
1.61675156e-07,1.84523437e-01
1.61715156e-07,1.84475000e-01
1.61755156e-07,1.84528125e-01
1.61795156e-07,1.84467188e-01
1.61835156e-07,1.84542188e-01
1.61875156e-07,1.84432813e-01
1.61915156e-07,1.84718750e-01
1.61955156e-07,1.84942188e-01
1.61995156e-07,1.84881250e-01
1.62035156e-07,1.84909375e-01
1.62075156e-07,1.84895313e-01
1.62115156e-07,1.84901563e-01
1.62155156e-07,1.84900000e-01
1.62195156e-07,1.84898438e-01
1.62235156e-07,1.84903125e-01
1.62275156e-07,1.84895313e-01
1.62315156e-07,1.84904687e-01
1.62355156e-07,1.84893750e-01
1.62395156e-07,1.84906250e-01
1.62435156e-07,1.84892187e-01
1.62475156e-07,1.84907813e-01
1.62515156e-07,1.84892187e-01
1.62555156e-07,1.84909375e-01
1.62595156e-07,1.84890625e-01
1.62635156e-07,1.84910938e-01
1.62675156e-07,1.84887500e-01
1.62715156e-07,1.84912500e-01
1.62755156e-07,1.84885938e-01
1.62795156e-07,1.84917187e-01
1.62835156e-07,1.84881250e-01
1.62875156e-07,1.84921875e-01
1.62915156e-07,1.84871875e-01
1.62955156e-07,1.84937500e-01
1.62995156e-07,1.84835938e-01
1.63035156e-07,1.85117188e-01
1.63075156e-07,1.85343750e-01
1.63115156e-07,1.85279688e-01
1.63155156e-07,1.85309375e-01
1.63195156e-07,1.85296875e-01
1.63235156e-07,1.85298437e-01
1.63275156e-07,1.85304688e-01
1.63315156e-07,1.85290625e-01
1.63355156e-07,1.85314063e-01
1.63395156e-07,1.85279688e-01
1.63435156e-07,1.85331250e-01
1.63475156e-07,1.85243750e-01
1.63515156e-07,1.85510938e-01
1.63555156e-07,1.85750000e-01
1.63595156e-07,1.85676563e-01
1.63635156e-07,1.85712500e-01
1.63675156e-07,1.85695313e-01
1.63715156e-07,1.85696875e-01
1.63755156e-07,1.85715625e-01
1.63795156e-07,1.85659375e-01
1.63835156e-07,1.85895313e-01
1.63875156e-07,1.86167187e-01
1.63915156e-07,1.86056250e-01
1.63955156e-07,1.86137500e-01
1.63995156e-07,1.86064063e-01
1.64035156e-07,1.86140625e-01
1.64075156e-07,1.86037500e-01
1.64115156e-07,1.86312500e-01
1.64155156e-07,1.86553125e-01
1.64195156e-07,1.86467188e-01
1.64235156e-07,1.86528125e-01
1.64275156e-07,1.86470313e-01
1.64315156e-07,1.86537500e-01
1.64355156e-07,1.86439063e-01
1.64395156e-07,1.86714062e-01
1.64435156e-07,1.86948438e-01
1.64475156e-07,1.86875000e-01
1.64515156e-07,1.86914063e-01
1.64555156e-07,1.86892188e-01
1.64595156e-07,1.86903125e-01
1.64635156e-07,1.86901563e-01
1.64675156e-07,1.86892188e-01
1.64715156e-07,1.86918750e-01
1.64755156e-07,1.86854688e-01
1.64795156e-07,1.87098438e-01
1.64835156e-07,1.87362500e-01
1.64875156e-07,1.87260938e-01
1.64915156e-07,1.87329688e-01
1.64955156e-07,1.87276563e-01
1.64995156e-07,1.87320313e-01
1.65035156e-07,1.87281250e-01
1.65075156e-07,1.87317188e-01
1.65115156e-07,1.87284375e-01
1.65155156e-07,1.87314063e-01
1.65195156e-07,1.87285937e-01
1.65235156e-07,1.87312500e-01
1.65275156e-07,1.87287500e-01
1.65315156e-07,1.87310937e-01
1.65355156e-07,1.87289063e-01
1.65395156e-07,1.87310937e-01
1.65435156e-07,1.87289063e-01
1.65475156e-07,1.87309375e-01
1.65515156e-07,1.87290625e-01
1.65555156e-07,1.87309375e-01
1.65595156e-07,1.87290625e-01
1.65635156e-07,1.87309375e-01
1.65675156e-07,1.87290625e-01
1.65715156e-07,1.87309375e-01
1.65755156e-07,1.87290625e-01
1.65795156e-07,1.87309375e-01
1.65835156e-07,1.87290625e-01
1.65875156e-07,1.87309375e-01
1.65915156e-07,1.87290625e-01
1.65955156e-07,1.87309375e-01
1.65995156e-07,1.87290625e-01
1.66035156e-07,1.87309375e-01
1.66075156e-07,1.87290625e-01
1.66115156e-07,1.87309375e-01
1.66155156e-07,1.87290625e-01
1.66195156e-07,1.87309375e-01
1.66235156e-07,1.87289063e-01
1.66275156e-07,1.87310937e-01
1.66315156e-07,1.87289063e-01
1.66355156e-07,1.87312500e-01
1.66395156e-07,1.87287500e-01
1.66435156e-07,1.87314063e-01
1.66475156e-07,1.87284375e-01
1.66515156e-07,1.87317188e-01
1.66555156e-07,1.87279688e-01
1.66595156e-07,1.87325000e-01
1.66635156e-07,1.87264062e-01
1.66675156e-07,1.87360938e-01
1.66715156e-07,1.87085938e-01
1.66755156e-07,1.86851563e-01
1.66795156e-07,1.86925000e-01
1.66835156e-07,1.86884375e-01
1.66875156e-07,1.86909375e-01
1.66915156e-07,1.86893750e-01
1.66955156e-07,1.86903125e-01
1.66995156e-07,1.86898438e-01
1.67035156e-07,1.86898438e-01
1.67075156e-07,1.86903125e-01
1.67115156e-07,1.86892188e-01
1.67155156e-07,1.86912500e-01
1.67195156e-07,1.86878125e-01
1.67235156e-07,1.86946875e-01
1.67275156e-07,1.86700000e-01
1.67315156e-07,1.86437500e-01
1.67355156e-07,1.86539063e-01
1.67395156e-07,1.86468750e-01
1.67435156e-07,1.86526562e-01
1.67475156e-07,1.86475000e-01
1.67515156e-07,1.86525000e-01
1.67555156e-07,1.86473438e-01
1.67595156e-07,1.86531250e-01
1.67635156e-07,1.86459375e-01
1.67675156e-07,1.86564063e-01
1.67715156e-07,1.86282813e-01
1.67755156e-07,1.86054688e-01
1.67795156e-07,1.86121875e-01
1.67835156e-07,1.86087500e-01
1.67875156e-07,1.86106250e-01
1.67915156e-07,1.86096875e-01
1.67955156e-07,1.86100000e-01
1.67995156e-07,1.86101563e-01
1.68035156e-07,1.86095312e-01
1.68075156e-07,1.86106250e-01
1.68115156e-07,1.86089063e-01
1.68155156e-07,1.86115625e-01
1.68195156e-07,1.86075000e-01
1.68235156e-07,1.86151563e-01
1.68275156e-07,1.85895313e-01
1.68315156e-07,1.85642187e-01
1.68355156e-07,1.85734375e-01
1.68395156e-07,1.85675000e-01
1.68435156e-07,1.85718750e-01
1.68475156e-07,1.85682813e-01
1.68515156e-07,1.85714062e-01
1.68555156e-07,1.85687500e-01
1.68595156e-07,1.85710938e-01
1.68635156e-07,1.85689063e-01
1.68675156e-07,1.85709375e-01
1.68715156e-07,1.85690625e-01
1.68755156e-07,1.85709375e-01
1.68795156e-07,1.85690625e-01
1.68835156e-07,1.85707813e-01
1.68875156e-07,1.85692187e-01
1.68915156e-07,1.85707813e-01
1.68955156e-07,1.85692187e-01
1.68995156e-07,1.85707813e-01
1.69035156e-07,1.85692187e-01
1.69075156e-07,1.85707813e-01
1.69115156e-07,1.85692187e-01
1.69155156e-07,1.85707813e-01
1.69195156e-07,1.85692187e-01
1.69235156e-07,1.85707813e-01
1.69275156e-07,1.85692187e-01
1.69315156e-07,1.85707813e-01
1.69355156e-07,1.85692187e-01
1.69395156e-07,1.85709375e-01
1.69435156e-07,1.85690625e-01
1.69475156e-07,1.85709375e-01
1.69515156e-07,1.85689063e-01
1.69555156e-07,1.85712500e-01
1.69595156e-07,1.85685938e-01
1.69635156e-07,1.85717188e-01
1.69675156e-07,1.85678125e-01
1.69715156e-07,1.85731250e-01
1.69755156e-07,1.85643750e-01
1.69795156e-07,1.85909375e-01
1.69835156e-07,1.86153125e-01
1.69875156e-07,1.86070313e-01
1.69915156e-07,1.86121875e-01
1.69955156e-07,1.86082812e-01
1.69995156e-07,1.86114063e-01
1.70035156e-07,1.86087500e-01
1.70075156e-07,1.86112500e-01
1.70115156e-07,1.86087500e-01
1.70155156e-07,1.86112500e-01
1.70195156e-07,1.86085938e-01
1.70235156e-07,1.86117188e-01
1.70275156e-07,1.86078125e-01
1.70315156e-07,1.86131250e-01
1.70355156e-07,1.86045313e-01
1.70395156e-07,1.86307813e-01
1.70435156e-07,1.86554688e-01
1.70475156e-07,1.86468750e-01
1.70515156e-07,1.86521875e-01
1.70555156e-07,1.86482813e-01
1.70595156e-07,1.86514062e-01
1.70635156e-07,1.86487500e-01
1.70675156e-07,1.86510938e-01
1.70715156e-07,1.86490625e-01
1.70755156e-07,1.86509375e-01
1.70795156e-07,1.86492188e-01
1.70835156e-07,1.86507813e-01
1.70875156e-07,1.86492188e-01
1.70915156e-07,1.86507813e-01
1.70955156e-07,1.86492188e-01
1.70995156e-07,1.86506250e-01
1.71035156e-07,1.86493750e-01
1.71075156e-07,1.86506250e-01
1.71115156e-07,1.86493750e-01
1.71155156e-07,1.86506250e-01
1.71195156e-07,1.86493750e-01
1.71235156e-07,1.86506250e-01
1.71275156e-07,1.86493750e-01
1.71315156e-07,1.86506250e-01
1.71355156e-07,1.86493750e-01
1.71395156e-07,1.86506250e-01
1.71435156e-07,1.86493750e-01
1.71475156e-07,1.86506250e-01
1.71515156e-07,1.86492188e-01
1.71555156e-07,1.86507813e-01
1.71595156e-07,1.86492188e-01
1.71635156e-07,1.86507813e-01
1.71675156e-07,1.86492188e-01
1.71715156e-07,1.86507813e-01
1.71755156e-07,1.86490625e-01
1.71795156e-07,1.86509375e-01
1.71835156e-07,1.86490625e-01
1.71875156e-07,1.86510938e-01
1.71915156e-07,1.86489062e-01
1.71955156e-07,1.86512500e-01
1.71995156e-07,1.86485938e-01
1.72035156e-07,1.86515625e-01
1.72075156e-07,1.86481250e-01
1.72115156e-07,1.86523438e-01
1.72155156e-07,1.86467188e-01
1.72195156e-07,1.86557813e-01
1.72235156e-07,1.86289063e-01
1.72275156e-07,1.86048437e-01
1.72315156e-07,1.86126563e-01
1.72355156e-07,1.86082812e-01
1.72395156e-07,1.86112500e-01
1.72435156e-07,1.86090625e-01
1.72475156e-07,1.86107812e-01
1.72515156e-07,1.86093750e-01
1.72555156e-07,1.86104688e-01
1.72595156e-07,1.86095312e-01
1.72635156e-07,1.86103125e-01
1.72675156e-07,1.86096875e-01
1.72715156e-07,1.86103125e-01
1.72755156e-07,1.86098438e-01
1.72795156e-07,1.86101563e-01
1.72835156e-07,1.86098438e-01
1.72875156e-07,1.86101563e-01
1.72915156e-07,1.86098438e-01
1.72955156e-07,1.86101563e-01
1.72995156e-07,1.86098438e-01
1.73035156e-07,1.86101563e-01
1.73075156e-07,1.86098438e-01
1.73115156e-07,1.86100000e-01
1.73155156e-07,1.86100000e-01
1.73195156e-07,1.86101563e-01
1.73235156e-07,1.86098438e-01
1.73275156e-07,1.86101563e-01
1.73315156e-07,1.86098438e-01
1.73355156e-07,1.86101563e-01
1.73395156e-07,1.86098438e-01
1.73435156e-07,1.86101563e-01
1.73475156e-07,1.86096875e-01
1.73515156e-07,1.86103125e-01
1.73555156e-07,1.86095312e-01
1.73595156e-07,1.86106250e-01
1.73635156e-07,1.86090625e-01
1.73675156e-07,1.86114063e-01
1.73715156e-07,1.86076563e-01
1.73755156e-07,1.86148438e-01
1.73795156e-07,1.85900000e-01
1.73835156e-07,1.85637500e-01
1.73875156e-07,1.85739062e-01
1.73915156e-07,1.85670313e-01
1.73955156e-07,1.85725000e-01
1.73995156e-07,1.85676563e-01
1.74035156e-07,1.85721875e-01
1.74075156e-07,1.85678125e-01
1.74115156e-07,1.85721875e-01
1.74155156e-07,1.85676563e-01
1.74195156e-07,1.85725000e-01
1.74235156e-07,1.85671875e-01
1.74275156e-07,1.85732813e-01
1.74315156e-07,1.85657813e-01
1.74355156e-07,1.85767188e-01
1.74395156e-07,1.85478125e-01
1.74435156e-07,1.85259375e-01
1.74475156e-07,1.85315625e-01
1.74515156e-07,1.85295313e-01
1.74555156e-07,1.85298437e-01
1.74595156e-07,1.85306250e-01
1.74635156e-07,1.85289063e-01
1.74675156e-07,1.85318750e-01
1.74715156e-07,1.85270313e-01
1.74755156e-07,1.85354688e-01
1.74795156e-07,1.85090625e-01
1.74835156e-07,1.84848438e-01
1.74875156e-07,1.84928125e-01
1.74915156e-07,1.84882812e-01
1.74955156e-07,1.84910938e-01
1.74995156e-07,1.84893750e-01
1.75035156e-07,1.84903125e-01
1.75075156e-07,1.84901563e-01
1.75115156e-07,1.84895313e-01
1.75155156e-07,1.84910938e-01
1.75195156e-07,1.84878125e-01
1.75235156e-07,1.84946875e-01
1.75275156e-07,1.84700000e-01
1.75315156e-07,1.84439063e-01
1.75355156e-07,1.84537500e-01
1.75395156e-07,1.84471875e-01
1.75435156e-07,1.84521875e-01
1.75475156e-07,1.84481250e-01
1.75515156e-07,1.84517188e-01
1.75555156e-07,1.84484375e-01
1.75595156e-07,1.84514063e-01
1.75635156e-07,1.84485938e-01
1.75675156e-07,1.84512500e-01
1.75715156e-07,1.84487500e-01
1.75755156e-07,1.84512500e-01
1.75795156e-07,1.84487500e-01
1.75835156e-07,1.84512500e-01
1.75875156e-07,1.84487500e-01
1.75915156e-07,1.84512500e-01
1.75955156e-07,1.84487500e-01
1.75995156e-07,1.84514063e-01
1.76035156e-07,1.84485938e-01
1.76075156e-07,1.84515625e-01
1.76115156e-07,1.84482813e-01
1.76155156e-07,1.84520313e-01
1.76195156e-07,1.84475000e-01
1.76235156e-07,1.84535937e-01
1.76275156e-07,1.84439063e-01
1.76315156e-07,1.84714062e-01
1.76355156e-07,1.84948438e-01
1.76395156e-07,1.84876563e-01
1.76435156e-07,1.84914063e-01
1.76475156e-07,1.84892187e-01
1.76515156e-07,1.84903125e-01
1.76555156e-07,1.84901563e-01
1.76595156e-07,1.84892187e-01
1.76635156e-07,1.84917187e-01
1.76675156e-07,1.84857812e-01
1.76715156e-07,1.85095312e-01
1.76755156e-07,1.85368750e-01
1.76795156e-07,1.85254688e-01
1.76835156e-07,1.85339063e-01
1.76875156e-07,1.85260938e-01
1.76915156e-07,1.85343750e-01
1.76955156e-07,1.85232813e-01
1.76995156e-07,1.85517188e-01
1.77035156e-07,1.85746875e-01
1.77075156e-07,1.85675000e-01
1.77115156e-07,1.85720313e-01
1.77155156e-07,1.85679687e-01
1.77195156e-07,1.85726562e-01
1.77235156e-07,1.85651563e-01
1.77275156e-07,1.85898438e-01
1.77315156e-07,1.86165625e-01
1.77355156e-07,1.86054688e-01
1.77395156e-07,1.86139063e-01
1.77435156e-07,1.86059375e-01
1.77475156e-07,1.86148438e-01
1.77515156e-07,1.86028125e-01
1.77555156e-07,1.86325000e-01
1.77595156e-07,1.86537500e-01
1.77635156e-07,1.86487500e-01
1.77675156e-07,1.86501562e-01
1.77715156e-07,1.86504688e-01
1.77755156e-07,1.86487500e-01
1.77795156e-07,1.86525000e-01
1.77835156e-07,1.86450000e-01
1.77875156e-07,1.86704688e-01
1.77915156e-07,1.86957813e-01
1.77955156e-07,1.86867188e-01
1.77995156e-07,1.86923438e-01
1.78035156e-07,1.86882812e-01
1.78075156e-07,1.86914063e-01
1.78115156e-07,1.86887500e-01
1.78155156e-07,1.86910938e-01
1.78195156e-07,1.86890625e-01
1.78235156e-07,1.86907812e-01
1.78275156e-07,1.86892188e-01
1.78315156e-07,1.86907812e-01
1.78355156e-07,1.86893750e-01
1.78395156e-07,1.86906250e-01
1.78435156e-07,1.86893750e-01
1.78475156e-07,1.86904687e-01
1.78515156e-07,1.86895313e-01
1.78555156e-07,1.86904687e-01
1.78595156e-07,1.86895313e-01
1.78635156e-07,1.86904687e-01
1.78675156e-07,1.86895313e-01
1.78715156e-07,1.86904687e-01
1.78755156e-07,1.86895313e-01
1.78795156e-07,1.86904687e-01
1.78835156e-07,1.86895313e-01
1.78875156e-07,1.86904687e-01
1.78915156e-07,1.86895313e-01
1.78955156e-07,1.86904687e-01
1.78995156e-07,1.86895313e-01
1.79035156e-07,1.86904687e-01
1.79075156e-07,1.86895313e-01
1.79115156e-07,1.86904687e-01
1.79155156e-07,1.86893750e-01
1.79195156e-07,1.86906250e-01
1.79235156e-07,1.86892188e-01
1.79275156e-07,1.86907812e-01
1.79315156e-07,1.86890625e-01
1.79355156e-07,1.86910938e-01
1.79395156e-07,1.86885938e-01
1.79435156e-07,1.86918750e-01
1.79475156e-07,1.86871875e-01
1.79515156e-07,1.86953125e-01
1.79555156e-07,1.86693750e-01
1.79595156e-07,1.86443750e-01
1.79635156e-07,1.86532813e-01
1.79675156e-07,1.86476562e-01
1.79715156e-07,1.86518750e-01
1.79755156e-07,1.86484375e-01
1.79795156e-07,1.86514062e-01
1.79835156e-07,1.86487500e-01
1.79875156e-07,1.86512500e-01
1.79915156e-07,1.86487500e-01
1.79955156e-07,1.86512500e-01
1.79995156e-07,1.86487500e-01
1.80035156e-07,1.86512500e-01
1.80075156e-07,1.86487500e-01
1.80115156e-07,1.86514062e-01
1.80155156e-07,1.86485938e-01
1.80195156e-07,1.86517188e-01
1.80235156e-07,1.86481250e-01
1.80275156e-07,1.86525000e-01
1.80315156e-07,1.86465625e-01
1.80355156e-07,1.86557813e-01
1.80395156e-07,1.86289063e-01
1.80435156e-07,1.86048437e-01
1.80475156e-07,1.86126563e-01
1.80515156e-07,1.86082812e-01
1.80555156e-07,1.86112500e-01
1.80595156e-07,1.86090625e-01
1.80635156e-07,1.86107812e-01
1.80675156e-07,1.86093750e-01
1.80715156e-07,1.86106250e-01
1.80755156e-07,1.86095312e-01
1.80795156e-07,1.86104688e-01
1.80835156e-07,1.86096875e-01
1.80875156e-07,1.86103125e-01
1.80915156e-07,1.86096875e-01
1.80955156e-07,1.86103125e-01
1.80995156e-07,1.86098438e-01
1.81035156e-07,1.86101563e-01
1.81075156e-07,1.86098438e-01
1.81115156e-07,1.86101563e-01
1.81155156e-07,1.86098438e-01
1.81195156e-07,1.86101563e-01
1.81235156e-07,1.86098438e-01
1.81275156e-07,1.86101563e-01
1.81315156e-07,1.86098438e-01
1.81355156e-07,1.86100000e-01
1.81395156e-07,1.86100000e-01
1.81435156e-07,1.86100000e-01
1.81475156e-07,1.86100000e-01
1.81515156e-07,1.86100000e-01
1.81555156e-07,1.86100000e-01
1.81595156e-07,1.86100000e-01
1.81635156e-07,1.86100000e-01
1.81675156e-07,1.86100000e-01
1.81715156e-07,1.86100000e-01
1.81755156e-07,1.86100000e-01
1.81795156e-07,1.86100000e-01
1.81835156e-07,1.86100000e-01
1.81875156e-07,1.86100000e-01
1.81915156e-07,1.86100000e-01
1.81955156e-07,1.86100000e-01
1.81995156e-07,1.86100000e-01
1.82035156e-07,1.86100000e-01
1.82075156e-07,1.86100000e-01
1.82115156e-07,1.86100000e-01
1.82155156e-07,1.86100000e-01
1.82195156e-07,1.86100000e-01
1.82235156e-07,1.86100000e-01
1.82275156e-07,1.86100000e-01
1.82315156e-07,1.86100000e-01
1.82355156e-07,1.86100000e-01
1.82395156e-07,1.86100000e-01
1.82435156e-07,1.86100000e-01
1.82475156e-07,1.86100000e-01
1.82515156e-07,1.86100000e-01
1.82555156e-07,1.86100000e-01
1.82595156e-07,1.86100000e-01
1.82635156e-07,1.86100000e-01
1.82675156e-07,1.86100000e-01
1.82715156e-07,1.86100000e-01
1.82755156e-07,1.86100000e-01
1.82795156e-07,1.86100000e-01
1.82835156e-07,1.86100000e-01
1.82875156e-07,1.86100000e-01
1.82915156e-07,1.86100000e-01
1.82955156e-07,1.86100000e-01
1.82995156e-07,1.86100000e-01
1.83035156e-07,1.86100000e-01
1.83075156e-07,1.86100000e-01
1.83115156e-07,1.86100000e-01
1.83155156e-07,1.86100000e-01
1.83195156e-07,1.86100000e-01
1.83235156e-07,1.86100000e-01
1.83275156e-07,1.86100000e-01
1.83315156e-07,1.86100000e-01
1.83355156e-07,1.86101563e-01
1.83395156e-07,1.86098438e-01
1.83435156e-07,1.86101563e-01
1.83475156e-07,1.86098438e-01
1.83515156e-07,1.86103125e-01
1.83555156e-07,1.86096875e-01
1.83595156e-07,1.86103125e-01
1.83635156e-07,1.86095312e-01
1.83675156e-07,1.86106250e-01
1.83715156e-07,1.86092188e-01
1.83755156e-07,1.86110938e-01
1.83795156e-07,1.86084375e-01
1.83835156e-07,1.86125000e-01
1.83875156e-07,1.86050000e-01
1.83915156e-07,1.86303125e-01
1.83955156e-07,1.86559375e-01
1.83995156e-07,1.86464062e-01
1.84035156e-07,1.86526562e-01
1.84075156e-07,1.86478125e-01
1.84115156e-07,1.86518750e-01
1.84155156e-07,1.86482813e-01
1.84195156e-07,1.86515625e-01
1.84235156e-07,1.86484375e-01
1.84275156e-07,1.86515625e-01
1.84315156e-07,1.86485938e-01
1.84355156e-07,1.86514062e-01
1.84395156e-07,1.86484375e-01
1.84435156e-07,1.86515625e-01
1.84475156e-07,1.86484375e-01
1.84515156e-07,1.86517188e-01
1.84555156e-07,1.86479688e-01
1.84595156e-07,1.86521875e-01
1.84635156e-07,1.86473438e-01
1.84675156e-07,1.86537500e-01
1.84715156e-07,1.86439063e-01
1.84755156e-07,1.86714062e-01
1.84795156e-07,1.86948438e-01
1.84835156e-07,1.86876563e-01
1.84875156e-07,1.86914063e-01
1.84915156e-07,1.86890625e-01
1.84955156e-07,1.86906250e-01
1.84995156e-07,1.86895313e-01
1.85035156e-07,1.86903125e-01
1.85075156e-07,1.86898438e-01
1.85115156e-07,1.86901563e-01
1.85155156e-07,1.86900000e-01
1.85195156e-07,1.86900000e-01
1.85235156e-07,1.86900000e-01
1.85275156e-07,1.86898438e-01
1.85315156e-07,1.86901563e-01
1.85355156e-07,1.86898438e-01
1.85395156e-07,1.86901563e-01
1.85435156e-07,1.86898438e-01
1.85475156e-07,1.86903125e-01
1.85515156e-07,1.86896875e-01
1.85555156e-07,1.86903125e-01
1.85595156e-07,1.86896875e-01
1.85635156e-07,1.86903125e-01
1.85675156e-07,1.86896875e-01
1.85715156e-07,1.86903125e-01
1.85755156e-07,1.86895313e-01
1.85795156e-07,1.86904687e-01
1.85835156e-07,1.86895313e-01
1.85875156e-07,1.86904687e-01
1.85915156e-07,1.86895313e-01
1.85955156e-07,1.86904687e-01
1.85995156e-07,1.86895313e-01
1.86035156e-07,1.86904687e-01
1.86075156e-07,1.86893750e-01
1.86115156e-07,1.86906250e-01
1.86155156e-07,1.86893750e-01
1.86195156e-07,1.86906250e-01
1.86235156e-07,1.86893750e-01
1.86275156e-07,1.86907812e-01
1.86315156e-07,1.86892188e-01
1.86355156e-07,1.86907812e-01
1.86395156e-07,1.86890625e-01
1.86435156e-07,1.86909375e-01
1.86475156e-07,1.86889063e-01
1.86515156e-07,1.86910938e-01
1.86555156e-07,1.86887500e-01
1.86595156e-07,1.86914063e-01
1.86635156e-07,1.86884375e-01
1.86675156e-07,1.86918750e-01
1.86715156e-07,1.86875000e-01
1.86755156e-07,1.86934375e-01
1.86795156e-07,1.86840625e-01
1.86835156e-07,1.87112500e-01
1.86875156e-07,1.87350000e-01
1.86915156e-07,1.87273438e-01
1.86955156e-07,1.87317188e-01
1.86995156e-07,1.87289063e-01
1.87035156e-07,1.87307813e-01
1.87075156e-07,1.87293750e-01
1.87115156e-07,1.87304688e-01
1.87155156e-07,1.87296875e-01
1.87195156e-07,1.87303125e-01
1.87235156e-07,1.87298437e-01
1.87275156e-07,1.87301563e-01
1.87315156e-07,1.87300000e-01
1.87355156e-07,1.87300000e-01
1.87395156e-07,1.87300000e-01
1.87435156e-07,1.87298437e-01
1.87475156e-07,1.87301563e-01
1.87515156e-07,1.87298437e-01
1.87555156e-07,1.87301563e-01
1.87595156e-07,1.87296875e-01
1.87635156e-07,1.87303125e-01
1.87675156e-07,1.87296875e-01
1.87715156e-07,1.87303125e-01
1.87755156e-07,1.87296875e-01
1.87795156e-07,1.87304688e-01
1.87835156e-07,1.87295313e-01
1.87875156e-07,1.87304688e-01
1.87915156e-07,1.87295313e-01
1.87955156e-07,1.87306250e-01
1.87995156e-07,1.87293750e-01
1.88035156e-07,1.87306250e-01
1.88075156e-07,1.87293750e-01
1.88115156e-07,1.87307813e-01
1.88155156e-07,1.87292188e-01
1.88195156e-07,1.87307813e-01
1.88235156e-07,1.87290625e-01
1.88275156e-07,1.87309375e-01
1.88315156e-07,1.87289063e-01
1.88355156e-07,1.87312500e-01
1.88395156e-07,1.87285937e-01
1.88435156e-07,1.87315625e-01
1.88475156e-07,1.87279688e-01
1.88515156e-07,1.87325000e-01
1.88555156e-07,1.87265625e-01
1.88595156e-07,1.87359375e-01
1.88635156e-07,1.87087500e-01
1.88675156e-07,1.86851563e-01
1.88715156e-07,1.86925000e-01
1.88755156e-07,1.86884375e-01
1.88795156e-07,1.86909375e-01
1.88835156e-07,1.86893750e-01
1.88875156e-07,1.86904687e-01
1.88915156e-07,1.86896875e-01
1.88955156e-07,1.86901563e-01
1.88995156e-07,1.86900000e-01
1.89035156e-07,1.86898438e-01
1.89075156e-07,1.86903125e-01
1.89115156e-07,1.86896875e-01
1.89155156e-07,1.86904687e-01
1.89195156e-07,1.86893750e-01
1.89235156e-07,1.86906250e-01
1.89275156e-07,1.86892188e-01
1.89315156e-07,1.86909375e-01
1.89355156e-07,1.86889063e-01
1.89395156e-07,1.86914063e-01
1.89435156e-07,1.86882812e-01
1.89475156e-07,1.86923438e-01
1.89515156e-07,1.86867188e-01
1.89555156e-07,1.86957813e-01
1.89595156e-07,1.86689063e-01
1.89635156e-07,1.86450000e-01
1.89675156e-07,1.86526562e-01
1.89715156e-07,1.86484375e-01
1.89755156e-07,1.86510938e-01
1.89795156e-07,1.86492188e-01
1.89835156e-07,1.86504688e-01
1.89875156e-07,1.86496875e-01
1.89915156e-07,1.86500000e-01
1.89955156e-07,1.86501562e-01
1.89995156e-07,1.86496875e-01
1.90035156e-07,1.86504688e-01
1.90075156e-07,1.86493750e-01
1.90115156e-07,1.86509375e-01
1.90155156e-07,1.86487500e-01
1.90195156e-07,1.86518750e-01
1.90235156e-07,1.86471875e-01
1.90275156e-07,1.86554688e-01
1.90315156e-07,1.86292188e-01
1.90355156e-07,1.86045313e-01
1.90395156e-07,1.86129688e-01
1.90435156e-07,1.86079688e-01
1.90475156e-07,1.86114063e-01
1.90515156e-07,1.86089063e-01
1.90555156e-07,1.86107812e-01
1.90595156e-07,1.86093750e-01
1.90635156e-07,1.86104688e-01
1.90675156e-07,1.86096875e-01
1.90715156e-07,1.86101563e-01
1.90755156e-07,1.86098438e-01
1.90795156e-07,1.86100000e-01
1.90835156e-07,1.86101563e-01
1.90875156e-07,1.86096875e-01
1.90915156e-07,1.86106250e-01
1.90955156e-07,1.86092188e-01
1.90995156e-07,1.86110938e-01
1.91035156e-07,1.86082812e-01
1.91075156e-07,1.86126563e-01
1.91115156e-07,1.86048437e-01
1.91155156e-07,1.86306250e-01
1.91195156e-07,1.86556250e-01
1.91235156e-07,1.86467188e-01
1.91275156e-07,1.86521875e-01
1.91315156e-07,1.86482813e-01
1.91355156e-07,1.86514062e-01
1.91395156e-07,1.86489062e-01
1.91435156e-07,1.86509375e-01
1.91475156e-07,1.86492188e-01
1.91515156e-07,1.86507813e-01
1.91555156e-07,1.86493750e-01
1.91595156e-07,1.86506250e-01
1.91635156e-07,1.86495313e-01
1.91675156e-07,1.86504688e-01
1.91715156e-07,1.86496875e-01
1.91755156e-07,1.86503125e-01
1.91795156e-07,1.86498438e-01
1.91835156e-07,1.86501562e-01
1.91875156e-07,1.86498438e-01
1.91915156e-07,1.86500000e-01
1.91955156e-07,1.86500000e-01
1.91995156e-07,1.86498438e-01
1.92035156e-07,1.86501562e-01
1.92075156e-07,1.86496875e-01
1.92115156e-07,1.86503125e-01
1.92155156e-07,1.86495313e-01
1.92195156e-07,1.86506250e-01
1.92235156e-07,1.86492188e-01
1.92275156e-07,1.86510938e-01
1.92315156e-07,1.86485938e-01
1.92355156e-07,1.86518750e-01
1.92395156e-07,1.86470313e-01
1.92435156e-07,1.86554688e-01
1.92475156e-07,1.86292188e-01
1.92515156e-07,1.86046875e-01
1.92555156e-07,1.86129688e-01
1.92595156e-07,1.86081250e-01
1.92635156e-07,1.86114063e-01
1.92675156e-07,1.86090625e-01
1.92715156e-07,1.86106250e-01
1.92755156e-07,1.86095312e-01
1.92795156e-07,1.86101563e-01
1.92835156e-07,1.86101563e-01
1.92875156e-07,1.86093750e-01
1.92915156e-07,1.86110938e-01
1.92955156e-07,1.86078125e-01
1.92995156e-07,1.86146875e-01
1.93035156e-07,1.85900000e-01
1.93075156e-07,1.85639063e-01
1.93115156e-07,1.85737500e-01
1.93155156e-07,1.85671875e-01
1.93195156e-07,1.85721875e-01
1.93235156e-07,1.85681250e-01
1.93275156e-07,1.85717188e-01
1.93315156e-07,1.85684375e-01
1.93355156e-07,1.85714062e-01
1.93395156e-07,1.85687500e-01
1.93435156e-07,1.85712500e-01
1.93475156e-07,1.85689063e-01
1.93515156e-07,1.85710938e-01
1.93555156e-07,1.85690625e-01
1.93595156e-07,1.85709375e-01
1.93635156e-07,1.85690625e-01
1.93675156e-07,1.85709375e-01
1.93715156e-07,1.85692187e-01
1.93755156e-07,1.85707813e-01
1.93795156e-07,1.85692187e-01
1.93835156e-07,1.85707813e-01
1.93875156e-07,1.85692187e-01
1.93915156e-07,1.85707813e-01
1.93955156e-07,1.85693750e-01
1.93995156e-07,1.85706250e-01
1.94035156e-07,1.85693750e-01
1.94075156e-07,1.85706250e-01
1.94115156e-07,1.85693750e-01
1.94155156e-07,1.85706250e-01
1.94195156e-07,1.85693750e-01
1.94235156e-07,1.85706250e-01
1.94275156e-07,1.85693750e-01
1.94315156e-07,1.85704688e-01
1.94355156e-07,1.85695313e-01
1.94395156e-07,1.85704688e-01
1.94435156e-07,1.85695313e-01
1.94475156e-07,1.85704688e-01
1.94515156e-07,1.85695313e-01
1.94555156e-07,1.85704688e-01
1.94595156e-07,1.85695313e-01
1.94635156e-07,1.85704688e-01
1.94675156e-07,1.85695313e-01
1.94715156e-07,1.85704688e-01
1.94755156e-07,1.85695313e-01
1.94795156e-07,1.85704688e-01
1.94835156e-07,1.85695313e-01
1.94875156e-07,1.85704688e-01
1.94915156e-07,1.85695313e-01
1.94955156e-07,1.85704688e-01
1.94995156e-07,1.85696875e-01
1.95035156e-07,1.85703125e-01
1.95075156e-07,1.85696875e-01
1.95115156e-07,1.85703125e-01
1.95155156e-07,1.85696875e-01
1.95195156e-07,1.85703125e-01
1.95235156e-07,1.85696875e-01
1.95275156e-07,1.85703125e-01
1.95315156e-07,1.85696875e-01
1.95355156e-07,1.85703125e-01
1.95395156e-07,1.85696875e-01
1.95435156e-07,1.85703125e-01
1.95475156e-07,1.85696875e-01
1.95515156e-07,1.85703125e-01
1.95555156e-07,1.85696875e-01
1.95595156e-07,1.85703125e-01
1.95635156e-07,1.85696875e-01
1.95675156e-07,1.85703125e-01
1.95715156e-07,1.85696875e-01
1.95755156e-07,1.85703125e-01
1.95795156e-07,1.85696875e-01
1.95835156e-07,1.85703125e-01
1.95875156e-07,1.85696875e-01
1.95915156e-07,1.85703125e-01
1.95955156e-07,1.85696875e-01
1.95995156e-07,1.85703125e-01
1.96035156e-07,1.85696875e-01
1.96075156e-07,1.85703125e-01
1.96115156e-07,1.85698438e-01
1.96155156e-07,1.85701563e-01
1.96195156e-07,1.85698438e-01
1.96235156e-07,1.85701563e-01
1.96275156e-07,1.85698438e-01
1.96315156e-07,1.85701563e-01
1.96355156e-07,1.85698438e-01
1.96395156e-07,1.85701563e-01
1.96435156e-07,1.85698438e-01
1.96475156e-07,1.85701563e-01
1.96515156e-07,1.85698438e-01
1.96555156e-07,1.85701563e-01
1.96595156e-07,1.85698438e-01
1.96635156e-07,1.85701563e-01
1.96675156e-07,1.85698438e-01
1.96715156e-07,1.85701563e-01
1.96755156e-07,1.85698438e-01
1.96795156e-07,1.85701563e-01
1.96835156e-07,1.85698438e-01
1.96875156e-07,1.85701563e-01
1.96915156e-07,1.85698438e-01
1.96955156e-07,1.85701563e-01
1.96995156e-07,1.85698438e-01
1.97035156e-07,1.85701563e-01
1.97075156e-07,1.85698438e-01
1.97115156e-07,1.85701563e-01
1.97155156e-07,1.85698438e-01
1.97195156e-07,1.85700000e-01
1.97235156e-07,1.85700000e-01
1.97275156e-07,1.85700000e-01
1.97315156e-07,1.85700000e-01
1.97355156e-07,1.85700000e-01
1.97395156e-07,1.85700000e-01
1.97435156e-07,1.85700000e-01
1.97475156e-07,1.85700000e-01
1.97515156e-07,1.85700000e-01
1.97555156e-07,1.85700000e-01
1.97595156e-07,1.85700000e-01
1.97635156e-07,1.85700000e-01
1.97675156e-07,1.85700000e-01
1.97715156e-07,1.85700000e-01
1.97755156e-07,1.85698438e-01
1.97795156e-07,1.85701563e-01
1.97835156e-07,1.85698438e-01
1.97875156e-07,1.85701563e-01
1.97915156e-07,1.85698438e-01
1.97955156e-07,1.85703125e-01
1.97995156e-07,1.85696875e-01
1.98035156e-07,1.85703125e-01
1.98075156e-07,1.85695313e-01
1.98115156e-07,1.85704688e-01
1.98155156e-07,1.85693750e-01
1.98195156e-07,1.85707813e-01
1.98235156e-07,1.85690625e-01
1.98275156e-07,1.85712500e-01
1.98315156e-07,1.85682813e-01
1.98355156e-07,1.85726562e-01
1.98395156e-07,1.85648438e-01
1.98435156e-07,1.85904687e-01
1.98475156e-07,1.86157813e-01
1.98515156e-07,1.86065625e-01
1.98555156e-07,1.86125000e-01
1.98595156e-07,1.86079688e-01
1.98635156e-07,1.86117188e-01
1.98675156e-07,1.86084375e-01
1.98715156e-07,1.86114063e-01
1.98755156e-07,1.86085938e-01
1.98795156e-07,1.86114063e-01
1.98835156e-07,1.86085938e-01
1.98875156e-07,1.86114063e-01
1.98915156e-07,1.86084375e-01
1.98955156e-07,1.86118750e-01
1.98995156e-07,1.86076563e-01
1.99035156e-07,1.86132812e-01
1.99075156e-07,1.86043750e-01
1.99115156e-07,1.86309375e-01
1.99155156e-07,1.86553125e-01
1.99195156e-07,1.86468750e-01
1.99235156e-07,1.86521875e-01
1.99275156e-07,1.86482813e-01
1.99315156e-07,1.86515625e-01
1.99355156e-07,1.86484375e-01
1.99395156e-07,1.86515625e-01
1.99435156e-07,1.86484375e-01
1.99475156e-07,1.86518750e-01
1.99515156e-07,1.86476562e-01
1.99555156e-07,1.86532813e-01
1.99595156e-07,1.86443750e-01
1.99635156e-07,1.86709375e-01
1.99675156e-07,1.86953125e-01
1.99715156e-07,1.86870312e-01
1.99755156e-07,1.86920313e-01
1.99795156e-07,1.86884375e-01
1.99835156e-07,1.86912500e-01
1.99875156e-07,1.86889063e-01
1.99915156e-07,1.86909375e-01
1.99955156e-07,1.86892188e-01
1.99995156e-07,1.86907812e-01
2.00035156e-07,1.86893750e-01
2.00075156e-07,1.86906250e-01
2.00115156e-07,1.86893750e-01
2.00155156e-07,1.86904687e-01
2.00195156e-07,1.86895313e-01
2.00235156e-07,1.86904687e-01
2.00275156e-07,1.86895313e-01
2.00315156e-07,1.86904687e-01
2.00355156e-07,1.86895313e-01
2.00395156e-07,1.86904687e-01
2.00435156e-07,1.86895313e-01
2.00475156e-07,1.86904687e-01
2.00515156e-07,1.86896875e-01
2.00555156e-07,1.86903125e-01
2.00595156e-07,1.86896875e-01
2.00635156e-07,1.86903125e-01
2.00675156e-07,1.86896875e-01
2.00715156e-07,1.86903125e-01
2.00755156e-07,1.86896875e-01
2.00795156e-07,1.86903125e-01
2.00835156e-07,1.86896875e-01
2.00875156e-07,1.86903125e-01
2.00915156e-07,1.86896875e-01
2.00955156e-07,1.86903125e-01
2.00995156e-07,1.86896875e-01
2.01035156e-07,1.86903125e-01
2.01075156e-07,1.86896875e-01
2.01115156e-07,1.86903125e-01
2.01155156e-07,1.86896875e-01
2.01195156e-07,1.86903125e-01
2.01235156e-07,1.86896875e-01
2.01275156e-07,1.86903125e-01
2.01315156e-07,1.86896875e-01
2.01355156e-07,1.86903125e-01
2.01395156e-07,1.86896875e-01
2.01435156e-07,1.86903125e-01
2.01475156e-07,1.86896875e-01
2.01515156e-07,1.86903125e-01
2.01555156e-07,1.86896875e-01
2.01595156e-07,1.86903125e-01
2.01635156e-07,1.86896875e-01
2.01675156e-07,1.86903125e-01
2.01715156e-07,1.86896875e-01
2.01755156e-07,1.86903125e-01
2.01795156e-07,1.86896875e-01
2.01835156e-07,1.86903125e-01
2.01875156e-07,1.86896875e-01
2.01915156e-07,1.86903125e-01
2.01955156e-07,1.86896875e-01
2.01995156e-07,1.86903125e-01
2.02035156e-07,1.86896875e-01
2.02075156e-07,1.86903125e-01
2.02115156e-07,1.86896875e-01
2.02155156e-07,1.86903125e-01
2.02195156e-07,1.86896875e-01
2.02235156e-07,1.86903125e-01
2.02275156e-07,1.86896875e-01
2.02315156e-07,1.86903125e-01
2.02355156e-07,1.86896875e-01
2.02395156e-07,1.86903125e-01
2.02435156e-07,1.86896875e-01
2.02475156e-07,1.86903125e-01
2.02515156e-07,1.86896875e-01
2.02555156e-07,1.86904687e-01
2.02595156e-07,1.86895313e-01
2.02635156e-07,1.86904687e-01
2.02675156e-07,1.86895313e-01
2.02715156e-07,1.86904687e-01
2.02755156e-07,1.86895313e-01
2.02795156e-07,1.86904687e-01
2.02835156e-07,1.86893750e-01
2.02875156e-07,1.86906250e-01
2.02915156e-07,1.86893750e-01
2.02955156e-07,1.86907812e-01
2.02995156e-07,1.86892188e-01
2.03035156e-07,1.86909375e-01
2.03075156e-07,1.86889063e-01
2.03115156e-07,1.86912500e-01
2.03155156e-07,1.86884375e-01
2.03195156e-07,1.86921875e-01
2.03235156e-07,1.86868750e-01
2.03275156e-07,1.86956250e-01
2.03315156e-07,1.86690625e-01
2.03355156e-07,1.86446875e-01
2.03395156e-07,1.86529688e-01
2.03435156e-07,1.86479688e-01
2.03475156e-07,1.86514062e-01
2.03515156e-07,1.86489062e-01
2.03555156e-07,1.86509375e-01
2.03595156e-07,1.86492188e-01
2.03635156e-07,1.86506250e-01
2.03675156e-07,1.86495313e-01
2.03715156e-07,1.86504688e-01
2.03755156e-07,1.86496875e-01
2.03795156e-07,1.86503125e-01
2.03835156e-07,1.86498438e-01
2.03875156e-07,1.86500000e-01
2.03915156e-07,1.86500000e-01
2.03955156e-07,1.86498438e-01
2.03995156e-07,1.86504688e-01
2.04035156e-07,1.86492188e-01
2.04075156e-07,1.86512500e-01
2.04115156e-07,1.86478125e-01
2.04155156e-07,1.86546875e-01
2.04195156e-07,1.86300000e-01
2.04235156e-07,1.86037500e-01
2.04275156e-07,1.86139063e-01
2.04315156e-07,1.86070313e-01
2.04355156e-07,1.86125000e-01
2.04395156e-07,1.86076563e-01
2.04435156e-07,1.86121875e-01
2.04475156e-07,1.86079688e-01
2.04515156e-07,1.86120312e-01
2.04555156e-07,1.86079688e-01
2.04595156e-07,1.86121875e-01
2.04635156e-07,1.86078125e-01
2.04675156e-07,1.86123438e-01
2.04715156e-07,1.86073437e-01
2.04755156e-07,1.86131250e-01
2.04795156e-07,1.86057813e-01
2.04835156e-07,1.86167187e-01
2.04875156e-07,1.85879688e-01
2.04915156e-07,1.85657813e-01
2.04955156e-07,1.85717188e-01
2.04995156e-07,1.85692187e-01
2.05035156e-07,1.85701563e-01
2.05075156e-07,1.85701563e-01
2.05115156e-07,1.85693750e-01
2.05155156e-07,1.85709375e-01
2.05195156e-07,1.85685938e-01
2.05235156e-07,1.85720313e-01
2.05275156e-07,1.85670313e-01
2.05315156e-07,1.85756250e-01
2.05355156e-07,1.85490625e-01
2.05395156e-07,1.85248438e-01
2.05435156e-07,1.85328125e-01
2.05475156e-07,1.85282813e-01
2.05515156e-07,1.85312500e-01
2.05555156e-07,1.85292188e-01
2.05595156e-07,1.85304688e-01
2.05635156e-07,1.85296875e-01
2.05675156e-07,1.85300000e-01
2.05715156e-07,1.85303125e-01
2.05755156e-07,1.85293750e-01
2.05795156e-07,1.85312500e-01
2.05835156e-07,1.85278125e-01
2.05875156e-07,1.85348438e-01
2.05915156e-07,1.85098438e-01
2.05955156e-07,1.84839063e-01
2.05995156e-07,1.84937500e-01
2.06035156e-07,1.84873438e-01
2.06075156e-07,1.84921875e-01
2.06115156e-07,1.84881250e-01
2.06155156e-07,1.84917187e-01
2.06195156e-07,1.84884375e-01
2.06235156e-07,1.84915625e-01
2.06275156e-07,1.84885938e-01
2.06315156e-07,1.84914063e-01
2.06355156e-07,1.84885938e-01
2.06395156e-07,1.84914063e-01
2.06435156e-07,1.84884375e-01
2.06475156e-07,1.84915625e-01
2.06515156e-07,1.84882812e-01
2.06555156e-07,1.84920313e-01
2.06595156e-07,1.84875000e-01
2.06635156e-07,1.84934375e-01
2.06675156e-07,1.84840625e-01
2.06715156e-07,1.85112500e-01
2.06755156e-07,1.85350000e-01
2.06795156e-07,1.85273437e-01
2.06835156e-07,1.85317188e-01
2.06875156e-07,1.85287500e-01
2.06915156e-07,1.85310937e-01
2.06955156e-07,1.85292188e-01
2.06995156e-07,1.85307813e-01
2.07035156e-07,1.85293750e-01
2.07075156e-07,1.85306250e-01
2.07115156e-07,1.85295313e-01
2.07155156e-07,1.85304688e-01
2.07195156e-07,1.85295313e-01
2.07235156e-07,1.85304688e-01
2.07275156e-07,1.85295313e-01
2.07315156e-07,1.85304688e-01
2.07355156e-07,1.85295313e-01
2.07395156e-07,1.85304688e-01
2.07435156e-07,1.85295313e-01
2.07475156e-07,1.85304688e-01
2.07515156e-07,1.85295313e-01
2.07555156e-07,1.85304688e-01
2.07595156e-07,1.85295313e-01
2.07635156e-07,1.85306250e-01
2.07675156e-07,1.85293750e-01
2.07715156e-07,1.85307813e-01
2.07755156e-07,1.85292188e-01
2.07795156e-07,1.85309375e-01
2.07835156e-07,1.85289063e-01
2.07875156e-07,1.85314063e-01
2.07915156e-07,1.85281250e-01
2.07955156e-07,1.85329688e-01
2.07995156e-07,1.85246875e-01
2.08035156e-07,1.85506250e-01
2.08075156e-07,1.85756250e-01
2.08115156e-07,1.85667187e-01
2.08155156e-07,1.85723438e-01
2.08195156e-07,1.85681250e-01
2.08235156e-07,1.85717188e-01
2.08275156e-07,1.85684375e-01
2.08315156e-07,1.85715625e-01
2.08355156e-07,1.85684375e-01
2.08395156e-07,1.85717188e-01
2.08435156e-07,1.85678125e-01
2.08475156e-07,1.85729688e-01
2.08515156e-07,1.85646875e-01
2.08555156e-07,1.85904687e-01
2.08595156e-07,1.86159375e-01
2.08635156e-07,1.86062500e-01
2.08675156e-07,1.86131250e-01
2.08715156e-07,1.86068750e-01
2.08755156e-07,1.86137500e-01
2.08795156e-07,1.86040625e-01
2.08835156e-07,1.86310937e-01
2.08875156e-07,1.86553125e-01
2.08915156e-07,1.86468750e-01
2.08955156e-07,1.86525000e-01
2.08995156e-07,1.86475000e-01
2.09035156e-07,1.86531250e-01
2.09075156e-07,1.86446875e-01
2.09115156e-07,1.86704688e-01
2.09155156e-07,1.86960938e-01
2.09195156e-07,1.86860938e-01
2.09235156e-07,1.86934375e-01
2.09275156e-07,1.86865625e-01
2.09315156e-07,1.86942187e-01
2.09355156e-07,1.86834375e-01
2.09395156e-07,1.87118750e-01
2.09435156e-07,1.87343750e-01
2.09475156e-07,1.87279688e-01
2.09515156e-07,1.87310937e-01
2.09555156e-07,1.87295313e-01
2.09595156e-07,1.87300000e-01
2.09635156e-07,1.87304688e-01
2.09675156e-07,1.87289063e-01
2.09715156e-07,1.87321875e-01
2.09755156e-07,1.87253125e-01
2.09795156e-07,1.87501562e-01
2.09835156e-07,1.87760938e-01
2.09875156e-07,1.87662500e-01
2.09915156e-07,1.87726562e-01
2.09955156e-07,1.87678125e-01
2.09995156e-07,1.87718750e-01
2.10035156e-07,1.87682813e-01
2.10075156e-07,1.87715625e-01
2.10115156e-07,1.87685938e-01
2.10155156e-07,1.87714063e-01
2.10195156e-07,1.87687500e-01
2.10235156e-07,1.87712500e-01
2.10275156e-07,1.87687500e-01
2.10315156e-07,1.87712500e-01
2.10355156e-07,1.87687500e-01
2.10395156e-07,1.87712500e-01
2.10435156e-07,1.87687500e-01
2.10475156e-07,1.87714063e-01
2.10515156e-07,1.87685938e-01
2.10555156e-07,1.87715625e-01
2.10595156e-07,1.87682813e-01
2.10635156e-07,1.87720313e-01
2.10675156e-07,1.87675000e-01
2.10715156e-07,1.87734375e-01
2.10755156e-07,1.87640625e-01
2.10795156e-07,1.87912500e-01
2.10835156e-07,1.88150000e-01
2.10875156e-07,1.88073437e-01
2.10915156e-07,1.88117188e-01
2.10955156e-07,1.88089063e-01
2.10995156e-07,1.88109375e-01
2.11035156e-07,1.88093750e-01
2.11075156e-07,1.88104688e-01
2.11115156e-07,1.88095313e-01
2.11155156e-07,1.88103125e-01
2.11195156e-07,1.88096875e-01
2.11235156e-07,1.88101563e-01
2.11275156e-07,1.88098437e-01
2.11315156e-07,1.88101563e-01
2.11355156e-07,1.88098437e-01
2.11395156e-07,1.88101563e-01
2.11435156e-07,1.88100000e-01
2.11475156e-07,1.88100000e-01
2.11515156e-07,1.88100000e-01
2.11555156e-07,1.88100000e-01
2.11595156e-07,1.88100000e-01
2.11635156e-07,1.88100000e-01
2.11675156e-07,1.88100000e-01
2.11715156e-07,1.88100000e-01
2.11755156e-07,1.88101563e-01
2.11795156e-07,1.88098437e-01
2.11835156e-07,1.88101563e-01
2.11875156e-07,1.88098437e-01
2.11915156e-07,1.88101563e-01
2.11955156e-07,1.88098437e-01
2.11995156e-07,1.88101563e-01
2.12035156e-07,1.88098437e-01
2.12075156e-07,1.88101563e-01
2.12115156e-07,1.88096875e-01
2.12155156e-07,1.88103125e-01
2.12195156e-07,1.88096875e-01
2.12235156e-07,1.88103125e-01
2.12275156e-07,1.88096875e-01
2.12315156e-07,1.88103125e-01
2.12355156e-07,1.88095313e-01
2.12395156e-07,1.88104688e-01
2.12435156e-07,1.88093750e-01
2.12475156e-07,1.88106250e-01
2.12515156e-07,1.88092188e-01
2.12555156e-07,1.88107812e-01
2.12595156e-07,1.88090625e-01
2.12635156e-07,1.88112500e-01
2.12675156e-07,1.88084375e-01
2.12715156e-07,1.88120312e-01
2.12755156e-07,1.88070313e-01
2.12795156e-07,1.88156250e-01
2.12835156e-07,1.87890625e-01
2.12875156e-07,1.87646875e-01
2.12915156e-07,1.87728125e-01
2.12955156e-07,1.87681250e-01
2.12995156e-07,1.87714063e-01
2.13035156e-07,1.87690625e-01
2.13075156e-07,1.87706250e-01
2.13115156e-07,1.87696875e-01
2.13155156e-07,1.87698438e-01
2.13195156e-07,1.87706250e-01
2.13235156e-07,1.87682813e-01
2.13275156e-07,1.87742188e-01
2.13315156e-07,1.87506250e-01
2.13355156e-07,1.87232813e-01
2.13395156e-07,1.87345312e-01
2.13435156e-07,1.87264062e-01
2.13475156e-07,1.87331250e-01
2.13515156e-07,1.87270313e-01
2.13555156e-07,1.87329688e-01
2.13595156e-07,1.87268750e-01
2.13635156e-07,1.87335937e-01
2.13675156e-07,1.87256250e-01
2.13715156e-07,1.87368750e-01
2.13755156e-07,1.87078125e-01
2.13795156e-07,1.86859375e-01
2.13835156e-07,1.86917187e-01
2.13875156e-07,1.86892188e-01
2.13915156e-07,1.86903125e-01
2.13955156e-07,1.86900000e-01
2.13995156e-07,1.86898438e-01
2.14035156e-07,1.86903125e-01
2.14075156e-07,1.86895313e-01
2.14115156e-07,1.86906250e-01
2.14155156e-07,1.86892188e-01
2.14195156e-07,1.86909375e-01
2.14235156e-07,1.86889063e-01
2.14275156e-07,1.86914063e-01
2.14315156e-07,1.86882812e-01
2.14355156e-07,1.86921875e-01
2.14395156e-07,1.86868750e-01
2.14435156e-07,1.86956250e-01
2.14475156e-07,1.86690625e-01
2.14515156e-07,1.86448438e-01
2.14555156e-07,1.86528125e-01
2.14595156e-07,1.86481250e-01
2.14635156e-07,1.86514062e-01
2.14675156e-07,1.86489062e-01
2.14715156e-07,1.86507813e-01
2.14755156e-07,1.86493750e-01
2.14795156e-07,1.86506250e-01
2.14835156e-07,1.86495313e-01
2.14875156e-07,1.86504688e-01
2.14915156e-07,1.86496875e-01
2.14955156e-07,1.86503125e-01
2.14995156e-07,1.86498438e-01
2.15035156e-07,1.86501562e-01
2.15075156e-07,1.86498438e-01
2.15115156e-07,1.86501562e-01
2.15155156e-07,1.86498438e-01
2.15195156e-07,1.86500000e-01
2.15235156e-07,1.86500000e-01
2.15275156e-07,1.86500000e-01
2.15315156e-07,1.86500000e-01
2.15355156e-07,1.86500000e-01
2.15395156e-07,1.86501562e-01
2.15435156e-07,1.86498438e-01
2.15475156e-07,1.86501562e-01
2.15515156e-07,1.86498438e-01
2.15555156e-07,1.86503125e-01
2.15595156e-07,1.86496875e-01
2.15635156e-07,1.86503125e-01
2.15675156e-07,1.86495313e-01
2.15715156e-07,1.86504688e-01
2.15755156e-07,1.86493750e-01
2.15795156e-07,1.86506250e-01
2.15835156e-07,1.86492188e-01
2.15875156e-07,1.86510938e-01
2.15915156e-07,1.86487500e-01
2.15955156e-07,1.86518750e-01
2.15995156e-07,1.86471875e-01
2.16035156e-07,1.86553125e-01
2.16075156e-07,1.86293750e-01
2.16115156e-07,1.86043750e-01
2.16155156e-07,1.86132812e-01
2.16195156e-07,1.86076563e-01
2.16235156e-07,1.86118750e-01
2.16275156e-07,1.86084375e-01
2.16315156e-07,1.86114063e-01
2.16355156e-07,1.86087500e-01
2.16395156e-07,1.86112500e-01
2.16435156e-07,1.86087500e-01
2.16475156e-07,1.86110938e-01
2.16515156e-07,1.86089063e-01
2.16555156e-07,1.86110938e-01
2.16595156e-07,1.86087500e-01
2.16635156e-07,1.86112500e-01
2.16675156e-07,1.86085938e-01
2.16715156e-07,1.86115625e-01
2.16755156e-07,1.86081250e-01
2.16795156e-07,1.86123438e-01
2.16835156e-07,1.86067188e-01
2.16875156e-07,1.86157813e-01
2.16915156e-07,1.85889063e-01
2.16955156e-07,1.85648438e-01
2.16995156e-07,1.85728125e-01
2.17035156e-07,1.85682813e-01
2.17075156e-07,1.85712500e-01
2.17115156e-07,1.85690625e-01
2.17155156e-07,1.85707813e-01
2.17195156e-07,1.85693750e-01
2.17235156e-07,1.85704688e-01
2.17275156e-07,1.85696875e-01
2.17315156e-07,1.85701563e-01
2.17355156e-07,1.85700000e-01
2.17395156e-07,1.85696875e-01
2.17435156e-07,1.85706250e-01
2.17475156e-07,1.85689063e-01
2.17515156e-07,1.85720313e-01
2.17555156e-07,1.85654687e-01
2.17595156e-07,1.85898438e-01
2.17635156e-07,1.86164063e-01
2.17675156e-07,1.86059375e-01
2.17715156e-07,1.86132812e-01
2.17755156e-07,1.86071875e-01
2.17795156e-07,1.86126563e-01
2.17835156e-07,1.86073437e-01
2.17875156e-07,1.86126563e-01
2.17915156e-07,1.86071875e-01
2.17955156e-07,1.86132812e-01
2.17995156e-07,1.86057813e-01
2.18035156e-07,1.86167187e-01
2.18075156e-07,1.85881250e-01
2.18115156e-07,1.85656250e-01
2.18155156e-07,1.85718750e-01
2.18195156e-07,1.85690625e-01
2.18235156e-07,1.85704688e-01
2.18275156e-07,1.85698438e-01
2.18315156e-07,1.85700000e-01
2.18355156e-07,1.85701563e-01
2.18395156e-07,1.85696875e-01
2.18435156e-07,1.85704688e-01
2.18475156e-07,1.85695313e-01
2.18515156e-07,1.85706250e-01
2.18555156e-07,1.85692187e-01
2.18595156e-07,1.85709375e-01
2.18635156e-07,1.85689063e-01
2.18675156e-07,1.85714062e-01
2.18715156e-07,1.85682813e-01
2.18755156e-07,1.85721875e-01
2.18795156e-07,1.85668750e-01
2.18835156e-07,1.85756250e-01
2.18875156e-07,1.85489062e-01
2.18915156e-07,1.85248438e-01
2.18955156e-07,1.85328125e-01
2.18995156e-07,1.85281250e-01
2.19035156e-07,1.85314063e-01
2.19075156e-07,1.85289063e-01
2.19115156e-07,1.85307813e-01
2.19155156e-07,1.85293750e-01
2.19195156e-07,1.85304688e-01
2.19235156e-07,1.85295313e-01
2.19275156e-07,1.85303125e-01
2.19315156e-07,1.85296875e-01
2.19355156e-07,1.85301563e-01
2.19395156e-07,1.85298437e-01
2.19435156e-07,1.85301563e-01
2.19475156e-07,1.85300000e-01
2.19515156e-07,1.85300000e-01
2.19555156e-07,1.85300000e-01
2.19595156e-07,1.85300000e-01
2.19635156e-07,1.85301563e-01
2.19675156e-07,1.85298437e-01
2.19715156e-07,1.85301563e-01
2.19755156e-07,1.85298437e-01
2.19795156e-07,1.85301563e-01
2.19835156e-07,1.85296875e-01
2.19875156e-07,1.85303125e-01
2.19915156e-07,1.85296875e-01
2.19955156e-07,1.85303125e-01
2.19995156e-07,1.85295313e-01
2.20035156e-07,1.85304688e-01
2.20075156e-07,1.85295313e-01
2.20115156e-07,1.85304688e-01
2.20155156e-07,1.85293750e-01
2.20195156e-07,1.85306250e-01
2.20235156e-07,1.85292188e-01
2.20275156e-07,1.85307813e-01
2.20315156e-07,1.85290625e-01
2.20355156e-07,1.85309375e-01
2.20395156e-07,1.85289063e-01
2.20435156e-07,1.85312500e-01
2.20475156e-07,1.85284375e-01
2.20515156e-07,1.85318750e-01
2.20555156e-07,1.85276563e-01
2.20595156e-07,1.85334375e-01
2.20635156e-07,1.85240625e-01
2.20675156e-07,1.85512500e-01
2.20715156e-07,1.85748438e-01
2.20755156e-07,1.85675000e-01
2.20795156e-07,1.85714062e-01
2.20835156e-07,1.85690625e-01
2.20875156e-07,1.85704688e-01
2.20915156e-07,1.85698438e-01
2.20955156e-07,1.85698438e-01
2.20995156e-07,1.85703125e-01
2.21035156e-07,1.85693750e-01
2.21075156e-07,1.85710938e-01
2.21115156e-07,1.85682813e-01
2.21155156e-07,1.85726562e-01
2.21195156e-07,1.85646875e-01
2.21235156e-07,1.85906250e-01
2.21275156e-07,1.86154687e-01
2.21315156e-07,1.86070313e-01
2.21355156e-07,1.86120312e-01
2.21395156e-07,1.86085938e-01
2.21435156e-07,1.86109375e-01
2.21475156e-07,1.86093750e-01
2.21515156e-07,1.86103125e-01
2.21555156e-07,1.86101563e-01
2.21595156e-07,1.86092188e-01
2.21635156e-07,1.86117188e-01
2.21675156e-07,1.86057813e-01
2.21715156e-07,1.86296875e-01
2.21755156e-07,1.86565625e-01
2.21795156e-07,1.86457813e-01
2.21835156e-07,1.86532813e-01
2.21875156e-07,1.86471875e-01
2.21915156e-07,1.86526562e-01
2.21955156e-07,1.86473438e-01
2.21995156e-07,1.86528125e-01
2.22035156e-07,1.86468750e-01
2.22075156e-07,1.86539063e-01
2.22115156e-07,1.86437500e-01
2.22155156e-07,1.86714062e-01
2.22195156e-07,1.86948438e-01
2.22235156e-07,1.86873438e-01
2.22275156e-07,1.86918750e-01
2.22315156e-07,1.86884375e-01
2.22355156e-07,1.86914063e-01
2.22395156e-07,1.86885938e-01
2.22435156e-07,1.86915625e-01
2.22475156e-07,1.86879688e-01
2.22515156e-07,1.86929687e-01
2.22555156e-07,1.86846875e-01
2.22595156e-07,1.87106250e-01
2.22635156e-07,1.87356250e-01
2.22675156e-07,1.87267188e-01
2.22715156e-07,1.87323437e-01
2.22755156e-07,1.87281250e-01
2.22795156e-07,1.87315625e-01
2.22835156e-07,1.87285937e-01
2.22875156e-07,1.87312500e-01
2.22915156e-07,1.87289063e-01
2.22955156e-07,1.87310937e-01
2.22995156e-07,1.87290625e-01
2.23035156e-07,1.87309375e-01
2.23075156e-07,1.87290625e-01
2.23115156e-07,1.87307813e-01
2.23155156e-07,1.87292188e-01
2.23195156e-07,1.87307813e-01
2.23235156e-07,1.87292188e-01
2.23275156e-07,1.87307813e-01
2.23315156e-07,1.87292188e-01
2.23355156e-07,1.87307813e-01
2.23395156e-07,1.87292188e-01
2.23435156e-07,1.87307813e-01
2.23475156e-07,1.87292188e-01
2.23515156e-07,1.87307813e-01
2.23555156e-07,1.87292188e-01
2.23595156e-07,1.87307813e-01
2.23635156e-07,1.87292188e-01
2.23675156e-07,1.87307813e-01
2.23715156e-07,1.87292188e-01
2.23755156e-07,1.87307813e-01
2.23795156e-07,1.87292188e-01
2.23835156e-07,1.87307813e-01
2.23875156e-07,1.87292188e-01
2.23915156e-07,1.87309375e-01
2.23955156e-07,1.87290625e-01
2.23995156e-07,1.87310937e-01
2.24035156e-07,1.87287500e-01
2.24075156e-07,1.87314063e-01
2.24115156e-07,1.87282813e-01
2.24155156e-07,1.87321875e-01
2.24195156e-07,1.87268750e-01
2.24235156e-07,1.87356250e-01
2.24275156e-07,1.87092188e-01
2.24315156e-07,1.86845312e-01
2.24355156e-07,1.86931250e-01
2.24395156e-07,1.86878125e-01
2.24435156e-07,1.86917187e-01
2.24475156e-07,1.86885938e-01
2.24515156e-07,1.86914063e-01
2.24555156e-07,1.86887500e-01
2.24595156e-07,1.86912500e-01
2.24635156e-07,1.86885938e-01
2.24675156e-07,1.86915625e-01
2.24715156e-07,1.86882812e-01
2.24755156e-07,1.86921875e-01
2.24795156e-07,1.86868750e-01
2.24835156e-07,1.86956250e-01
2.24875156e-07,1.86692187e-01
2.24915156e-07,1.86445313e-01
2.24955156e-07,1.86529688e-01
2.24995156e-07,1.86478125e-01
2.25035156e-07,1.86517188e-01
2.25075156e-07,1.86485938e-01
2.25115156e-07,1.86512500e-01
2.25155156e-07,1.86489062e-01
2.25195156e-07,1.86509375e-01
2.25235156e-07,1.86490625e-01
2.25275156e-07,1.86507813e-01
2.25315156e-07,1.86492188e-01
2.25355156e-07,1.86507813e-01
2.25395156e-07,1.86492188e-01
2.25435156e-07,1.86507813e-01
2.25475156e-07,1.86492188e-01
2.25515156e-07,1.86507813e-01
2.25555156e-07,1.86492188e-01
2.25595156e-07,1.86507813e-01
2.25635156e-07,1.86492188e-01
2.25675156e-07,1.86507813e-01
2.25715156e-07,1.86492188e-01
2.25755156e-07,1.86507813e-01
2.25795156e-07,1.86490625e-01
2.25835156e-07,1.86509375e-01
2.25875156e-07,1.86490625e-01
2.25915156e-07,1.86510938e-01
2.25955156e-07,1.86487500e-01
2.25995156e-07,1.86514062e-01
2.26035156e-07,1.86482813e-01
2.26075156e-07,1.86521875e-01
2.26115156e-07,1.86468750e-01
2.26155156e-07,1.86556250e-01
2.26195156e-07,1.86290625e-01
2.26235156e-07,1.86046875e-01
2.26275156e-07,1.86129688e-01
2.26315156e-07,1.86079688e-01
2.26355156e-07,1.86115625e-01
2.26395156e-07,1.86087500e-01
2.26435156e-07,1.86110938e-01
2.26475156e-07,1.86090625e-01
2.26515156e-07,1.86107812e-01
2.26555156e-07,1.86092188e-01
2.26595156e-07,1.86106250e-01
2.26635156e-07,1.86093750e-01
2.26675156e-07,1.86106250e-01
2.26715156e-07,1.86093750e-01
2.26755156e-07,1.86106250e-01
2.26795156e-07,1.86093750e-01
2.26835156e-07,1.86106250e-01
2.26875156e-07,1.86093750e-01
2.26915156e-07,1.86107812e-01
2.26955156e-07,1.86092188e-01
2.26995156e-07,1.86109375e-01
2.27035156e-07,1.86089063e-01
2.27075156e-07,1.86112500e-01
2.27115156e-07,1.86084375e-01
2.27155156e-07,1.86120312e-01
2.27195156e-07,1.86070313e-01
2.27235156e-07,1.86154687e-01
2.27275156e-07,1.85892188e-01
2.27315156e-07,1.85645312e-01
2.27355156e-07,1.85731250e-01
2.27395156e-07,1.85678125e-01
2.27435156e-07,1.85717188e-01
2.27475156e-07,1.85685938e-01
2.27515156e-07,1.85712500e-01
2.27555156e-07,1.85689063e-01
2.27595156e-07,1.85709375e-01
2.27635156e-07,1.85690625e-01
2.27675156e-07,1.85707813e-01
2.27715156e-07,1.85692187e-01
2.27755156e-07,1.85707813e-01
2.27795156e-07,1.85692187e-01
2.27835156e-07,1.85706250e-01
2.27875156e-07,1.85693750e-01
2.27915156e-07,1.85706250e-01
2.27955156e-07,1.85693750e-01
2.27995156e-07,1.85706250e-01
2.28035156e-07,1.85693750e-01
2.28075156e-07,1.85706250e-01
2.28115156e-07,1.85693750e-01
2.28155156e-07,1.85706250e-01
2.28195156e-07,1.85693750e-01
2.28235156e-07,1.85706250e-01
2.28275156e-07,1.85693750e-01
2.28315156e-07,1.85706250e-01
2.28355156e-07,1.85693750e-01
2.28395156e-07,1.85706250e-01
2.28435156e-07,1.85693750e-01
2.28475156e-07,1.85706250e-01
2.28515156e-07,1.85692187e-01
2.28555156e-07,1.85707813e-01
2.28595156e-07,1.85692187e-01
2.28635156e-07,1.85707813e-01
2.28675156e-07,1.85692187e-01
2.28715156e-07,1.85709375e-01
2.28755156e-07,1.85690625e-01
2.28795156e-07,1.85709375e-01
2.28835156e-07,1.85689063e-01
2.28875156e-07,1.85712500e-01
2.28915156e-07,1.85687500e-01
2.28955156e-07,1.85714062e-01
2.28995156e-07,1.85682813e-01
2.29035156e-07,1.85720313e-01
2.29075156e-07,1.85675000e-01
2.29115156e-07,1.85734375e-01
2.29155156e-07,1.85640625e-01
2.29195156e-07,1.85914063e-01
2.29235156e-07,1.86148438e-01
2.29275156e-07,1.86075000e-01
2.29315156e-07,1.86115625e-01
2.29355156e-07,1.86090625e-01
2.29395156e-07,1.86106250e-01
2.29435156e-07,1.86096875e-01
2.29475156e-07,1.86101563e-01
2.29515156e-07,1.86100000e-01
2.29555156e-07,1.86098438e-01
2.29595156e-07,1.86103125e-01
2.29635156e-07,1.86095312e-01
2.29675156e-07,1.86107812e-01
2.29715156e-07,1.86090625e-01
2.29755156e-07,1.86112500e-01
2.29795156e-07,1.86081250e-01
2.29835156e-07,1.86128125e-01
2.29875156e-07,1.86045313e-01
2.29915156e-07,1.86307813e-01
2.29955156e-07,1.86554688e-01
2.29995156e-07,1.86470313e-01
2.30035156e-07,1.86520313e-01
2.30075156e-07,1.86485938e-01
2.30115156e-07,1.86510938e-01
2.30155156e-07,1.86492188e-01
2.30195156e-07,1.86506250e-01
2.30235156e-07,1.86495313e-01
2.30275156e-07,1.86501562e-01
2.30315156e-07,1.86500000e-01
2.30355156e-07,1.86496875e-01
2.30395156e-07,1.86506250e-01
2.30435156e-07,1.86487500e-01
2.30475156e-07,1.86521875e-01
2.30515156e-07,1.86453125e-01
2.30555156e-07,1.86700000e-01
2.30595156e-07,1.86960938e-01
2.30635156e-07,1.86862500e-01
2.30675156e-07,1.86928125e-01
2.30715156e-07,1.86876563e-01
2.30755156e-07,1.86920313e-01
2.30795156e-07,1.86882812e-01
2.30835156e-07,1.86915625e-01
2.30875156e-07,1.86884375e-01
2.30915156e-07,1.86914063e-01
2.30955156e-07,1.86885938e-01
2.30995156e-07,1.86912500e-01
2.31035156e-07,1.86887500e-01
2.31075156e-07,1.86912500e-01
2.31115156e-07,1.86889063e-01
2.31155156e-07,1.86910938e-01
2.31195156e-07,1.86889063e-01
2.31235156e-07,1.86910938e-01
2.31275156e-07,1.86889063e-01
2.31315156e-07,1.86910938e-01
2.31355156e-07,1.86889063e-01
2.31395156e-07,1.86910938e-01
2.31435156e-07,1.86889063e-01
2.31475156e-07,1.86910938e-01
2.31515156e-07,1.86889063e-01
2.31555156e-07,1.86910938e-01
2.31595156e-07,1.86889063e-01
2.31635156e-07,1.86910938e-01
2.31675156e-07,1.86887500e-01
2.31715156e-07,1.86912500e-01
2.31755156e-07,1.86887500e-01
2.31795156e-07,1.86914063e-01
2.31835156e-07,1.86885938e-01
2.31875156e-07,1.86915625e-01
2.31915156e-07,1.86882812e-01
2.31955156e-07,1.86918750e-01
2.31995156e-07,1.86878125e-01
2.32035156e-07,1.86926563e-01
2.32075156e-07,1.86862500e-01
2.32115156e-07,1.86960938e-01
2.32155156e-07,1.86685938e-01
2.32195156e-07,1.86453125e-01
2.32235156e-07,1.86523438e-01
2.32275156e-07,1.86485938e-01
2.32315156e-07,1.86509375e-01
2.32355156e-07,1.86493750e-01
2.32395156e-07,1.86504688e-01
2.32435156e-07,1.86496875e-01
2.32475156e-07,1.86501562e-01
2.32515156e-07,1.86500000e-01
2.32555156e-07,1.86500000e-01
2.32595156e-07,1.86501562e-01
2.32635156e-07,1.86498438e-01
2.32675156e-07,1.86503125e-01
2.32715156e-07,1.86496875e-01
2.32755156e-07,1.86503125e-01
2.32795156e-07,1.86495313e-01
2.32835156e-07,1.86504688e-01
2.32875156e-07,1.86495313e-01
2.32915156e-07,1.86506250e-01
2.32955156e-07,1.86493750e-01
2.32995156e-07,1.86507813e-01
2.33035156e-07,1.86492188e-01
2.33075156e-07,1.86509375e-01
2.33115156e-07,1.86489062e-01
2.33155156e-07,1.86512500e-01
2.33195156e-07,1.86485938e-01
2.33235156e-07,1.86517188e-01
2.33275156e-07,1.86478125e-01
2.33315156e-07,1.86532813e-01
2.33355156e-07,1.86442187e-01
2.33395156e-07,1.86710938e-01
2.33435156e-07,1.86951563e-01
2.33475156e-07,1.86871875e-01
2.33515156e-07,1.86918750e-01
2.33555156e-07,1.86887500e-01
2.33595156e-07,1.86909375e-01
2.33635156e-07,1.86892188e-01
2.33675156e-07,1.86906250e-01
2.33715156e-07,1.86895313e-01
2.33755156e-07,1.86904687e-01
2.33795156e-07,1.86896875e-01
2.33835156e-07,1.86903125e-01
2.33875156e-07,1.86898438e-01
2.33915156e-07,1.86901563e-01
2.33955156e-07,1.86898438e-01
2.33995156e-07,1.86900000e-01
2.34035156e-07,1.86900000e-01
2.34075156e-07,1.86900000e-01
2.34115156e-07,1.86901563e-01
2.34155156e-07,1.86898438e-01
2.34195156e-07,1.86901563e-01
2.34235156e-07,1.86898438e-01
2.34275156e-07,1.86903125e-01
2.34315156e-07,1.86896875e-01
2.34355156e-07,1.86903125e-01
2.34395156e-07,1.86895313e-01
2.34435156e-07,1.86904687e-01
2.34475156e-07,1.86893750e-01
2.34515156e-07,1.86906250e-01
2.34555156e-07,1.86892188e-01
2.34595156e-07,1.86909375e-01
2.34635156e-07,1.86887500e-01
2.34675156e-07,1.86915625e-01
2.34715156e-07,1.86879688e-01
2.34755156e-07,1.86929687e-01
2.34795156e-07,1.86845312e-01
2.34835156e-07,1.87107812e-01
2.34875156e-07,1.87354688e-01
2.34915156e-07,1.87270313e-01
2.34955156e-07,1.87320313e-01
2.34995156e-07,1.87284375e-01
2.35035156e-07,1.87312500e-01
2.35075156e-07,1.87289063e-01
2.35115156e-07,1.87309375e-01
2.35155156e-07,1.87292188e-01
2.35195156e-07,1.87306250e-01
2.35235156e-07,1.87293750e-01
2.35275156e-07,1.87304688e-01
2.35315156e-07,1.87295313e-01
2.35355156e-07,1.87304688e-01
2.35395156e-07,1.87296875e-01
2.35435156e-07,1.87303125e-01
2.35475156e-07,1.87296875e-01
2.35515156e-07,1.87303125e-01
2.35555156e-07,1.87296875e-01
2.35595156e-07,1.87301563e-01
2.35635156e-07,1.87298437e-01
2.35675156e-07,1.87301563e-01
2.35715156e-07,1.87298437e-01
2.35755156e-07,1.87301563e-01
2.35795156e-07,1.87298437e-01
2.35835156e-07,1.87300000e-01
2.35875156e-07,1.87300000e-01
2.35915156e-07,1.87300000e-01
2.35955156e-07,1.87300000e-01
2.35995156e-07,1.87300000e-01
2.36035156e-07,1.87300000e-01
2.36075156e-07,1.87300000e-01
2.36115156e-07,1.87301563e-01
2.36155156e-07,1.87298437e-01
2.36195156e-07,1.87301563e-01
2.36235156e-07,1.87298437e-01
2.36275156e-07,1.87301563e-01
2.36315156e-07,1.87298437e-01
2.36355156e-07,1.87303125e-01
2.36395156e-07,1.87296875e-01
2.36435156e-07,1.87303125e-01
2.36475156e-07,1.87296875e-01
2.36515156e-07,1.87304688e-01
2.36555156e-07,1.87295313e-01
2.36595156e-07,1.87306250e-01
2.36635156e-07,1.87293750e-01
2.36675156e-07,1.87307813e-01
2.36715156e-07,1.87290625e-01
2.36755156e-07,1.87312500e-01
2.36795156e-07,1.87284375e-01
2.36835156e-07,1.87320313e-01
2.36875156e-07,1.87270313e-01
2.36915156e-07,1.87354688e-01
2.36955156e-07,1.87092188e-01
2.36995156e-07,1.86846875e-01
2.37035156e-07,1.86929687e-01
2.37075156e-07,1.86879688e-01
2.37115156e-07,1.86915625e-01
2.37155156e-07,1.86887500e-01
2.37195156e-07,1.86909375e-01
2.37235156e-07,1.86892188e-01
2.37275156e-07,1.86906250e-01
2.37315156e-07,1.86895313e-01
2.37355156e-07,1.86903125e-01
2.37395156e-07,1.86896875e-01
2.37435156e-07,1.86901563e-01
2.37475156e-07,1.86900000e-01
2.37515156e-07,1.86898438e-01
2.37555156e-07,1.86903125e-01
2.37595156e-07,1.86895313e-01
2.37635156e-07,1.86907812e-01
2.37675156e-07,1.86885938e-01
2.37715156e-07,1.86923438e-01
2.37755156e-07,1.86851563e-01
2.37795156e-07,1.87101563e-01
2.37835156e-07,1.87360938e-01
2.37875156e-07,1.87262500e-01
2.37915156e-07,1.87328125e-01
2.37955156e-07,1.87278125e-01
2.37995156e-07,1.87320313e-01
2.38035156e-07,1.87282813e-01
2.38075156e-07,1.87315625e-01
2.38115156e-07,1.87284375e-01
2.38155156e-07,1.87314063e-01
2.38195156e-07,1.87285937e-01
2.38235156e-07,1.87314063e-01
2.38275156e-07,1.87285937e-01
2.38315156e-07,1.87314063e-01
2.38355156e-07,1.87285937e-01
2.38395156e-07,1.87314063e-01
2.38435156e-07,1.87285937e-01
2.38475156e-07,1.87314063e-01
2.38515156e-07,1.87284375e-01
2.38555156e-07,1.87315625e-01
2.38595156e-07,1.87282813e-01
2.38635156e-07,1.87318750e-01
2.38675156e-07,1.87278125e-01
2.38715156e-07,1.87326563e-01
2.38755156e-07,1.87262500e-01
2.38795156e-07,1.87360938e-01
2.38835156e-07,1.87085938e-01
2.38875156e-07,1.86853125e-01
2.38915156e-07,1.86923438e-01
2.38955156e-07,1.86885938e-01
2.38995156e-07,1.86909375e-01
2.39035156e-07,1.86893750e-01
2.39075156e-07,1.86903125e-01
2.39115156e-07,1.86898438e-01
2.39155156e-07,1.86900000e-01
2.39195156e-07,1.86901563e-01
2.39235156e-07,1.86896875e-01
2.39275156e-07,1.86904687e-01
2.39315156e-07,1.86893750e-01
2.39355156e-07,1.86907812e-01
2.39395156e-07,1.86887500e-01
2.39435156e-07,1.86917187e-01
2.39475156e-07,1.86873438e-01
2.39515156e-07,1.86951563e-01
2.39555156e-07,1.86695313e-01
2.39595156e-07,1.86442187e-01
2.39635156e-07,1.86532813e-01
2.39675156e-07,1.86475000e-01
2.39715156e-07,1.86518750e-01
2.39755156e-07,1.86484375e-01
2.39795156e-07,1.86514062e-01
2.39835156e-07,1.86487500e-01
2.39875156e-07,1.86512500e-01
2.39915156e-07,1.86489062e-01
2.39955156e-07,1.86510938e-01
2.39995156e-07,1.86489062e-01
2.40035156e-07,1.86510938e-01
2.40075156e-07,1.86489062e-01
2.40115156e-07,1.86510938e-01
2.40155156e-07,1.86489062e-01
2.40195156e-07,1.86512500e-01
2.40235156e-07,1.86487500e-01
2.40275156e-07,1.86514062e-01
2.40315156e-07,1.86484375e-01
2.40355156e-07,1.86518750e-01
2.40395156e-07,1.86475000e-01
2.40435156e-07,1.86534375e-01
2.40475156e-07,1.86440625e-01
2.40515156e-07,1.86712500e-01
2.40555156e-07,1.86950000e-01
2.40595156e-07,1.86873438e-01
2.40635156e-07,1.86917187e-01
2.40675156e-07,1.86887500e-01
2.40715156e-07,1.86909375e-01
2.40755156e-07,1.86892188e-01
2.40795156e-07,1.86906250e-01
2.40835156e-07,1.86895313e-01
2.40875156e-07,1.86903125e-01
2.40915156e-07,1.86896875e-01
2.40955156e-07,1.86903125e-01
2.40995156e-07,1.86898438e-01
2.41035156e-07,1.86901563e-01
2.41075156e-07,1.86898438e-01
2.41115156e-07,1.86900000e-01
2.41155156e-07,1.86900000e-01
2.41195156e-07,1.86900000e-01
2.41235156e-07,1.86901563e-01
2.41275156e-07,1.86898438e-01
2.41315156e-07,1.86901563e-01
2.41355156e-07,1.86898438e-01
2.41395156e-07,1.86903125e-01
2.41435156e-07,1.86896875e-01
2.41475156e-07,1.86904687e-01
2.41515156e-07,1.86895313e-01
2.41555156e-07,1.86906250e-01
2.41595156e-07,1.86892188e-01
2.41635156e-07,1.86910938e-01
2.41675156e-07,1.86885938e-01
2.41715156e-07,1.86918750e-01
2.41755156e-07,1.86871875e-01
2.41795156e-07,1.86953125e-01
2.41835156e-07,1.86693750e-01
2.41875156e-07,1.86443750e-01
2.41915156e-07,1.86531250e-01
2.41955156e-07,1.86478125e-01
2.41995156e-07,1.86517188e-01
2.42035156e-07,1.86485938e-01
2.42075156e-07,1.86512500e-01
2.42115156e-07,1.86489062e-01
2.42155156e-07,1.86509375e-01
2.42195156e-07,1.86492188e-01
2.42235156e-07,1.86507813e-01
2.42275156e-07,1.86493750e-01
2.42315156e-07,1.86506250e-01
2.42355156e-07,1.86493750e-01
2.42395156e-07,1.86506250e-01
2.42435156e-07,1.86495313e-01
2.42475156e-07,1.86504688e-01
2.42515156e-07,1.86495313e-01
2.42555156e-07,1.86503125e-01
2.42595156e-07,1.86496875e-01
2.42635156e-07,1.86503125e-01
2.42675156e-07,1.86496875e-01
2.42715156e-07,1.86501562e-01
2.42755156e-07,1.86498438e-01
2.42795156e-07,1.86500000e-01
2.42835156e-07,1.86500000e-01
2.42875156e-07,1.86498438e-01
2.42915156e-07,1.86503125e-01
2.42955156e-07,1.86495313e-01
2.42995156e-07,1.86507813e-01
2.43035156e-07,1.86487500e-01
2.43075156e-07,1.86521875e-01
2.43115156e-07,1.86453125e-01
2.43155156e-07,1.86700000e-01
2.43195156e-07,1.86962500e-01
2.43235156e-07,1.86860938e-01
2.43275156e-07,1.86929687e-01
2.43315156e-07,1.86875000e-01
2.43355156e-07,1.86921875e-01
2.43395156e-07,1.86879688e-01
2.43435156e-07,1.86920313e-01
2.43475156e-07,1.86879688e-01
2.43515156e-07,1.86920313e-01
2.43555156e-07,1.86879688e-01
2.43595156e-07,1.86920313e-01
2.43635156e-07,1.86876563e-01
2.43675156e-07,1.86925000e-01
2.43715156e-07,1.86870312e-01
2.43755156e-07,1.86939063e-01
2.43795156e-07,1.86835937e-01
2.43835156e-07,1.87117188e-01
2.43875156e-07,1.87345312e-01
2.43915156e-07,1.87278125e-01
2.43955156e-07,1.87312500e-01
2.43995156e-07,1.87292188e-01
2.44035156e-07,1.87304688e-01
2.44075156e-07,1.87298437e-01
2.44115156e-07,1.87300000e-01
2.44155156e-07,1.87300000e-01
2.44195156e-07,1.87298437e-01
2.44235156e-07,1.87301563e-01
2.44275156e-07,1.87296875e-01
2.44315156e-07,1.87303125e-01
2.44355156e-07,1.87295313e-01
2.44395156e-07,1.87304688e-01
2.44435156e-07,1.87293750e-01
2.44475156e-07,1.87306250e-01
2.44515156e-07,1.87293750e-01
2.44555156e-07,1.87307813e-01
2.44595156e-07,1.87292188e-01
2.44635156e-07,1.87309375e-01
2.44675156e-07,1.87289063e-01
2.44715156e-07,1.87312500e-01
2.44755156e-07,1.87285937e-01
2.44795156e-07,1.87317188e-01
2.44835156e-07,1.87276563e-01
2.44875156e-07,1.87332813e-01
2.44915156e-07,1.87242188e-01
2.44955156e-07,1.87510938e-01
2.44995156e-07,1.87751562e-01
2.45035156e-07,1.87673438e-01
2.45075156e-07,1.87717187e-01
2.45115156e-07,1.87687500e-01
2.45155156e-07,1.87709375e-01
2.45195156e-07,1.87693750e-01
2.45235156e-07,1.87704687e-01
2.45275156e-07,1.87696875e-01
2.45315156e-07,1.87701563e-01
2.45355156e-07,1.87700000e-01
2.45395156e-07,1.87700000e-01
2.45435156e-07,1.87701563e-01
2.45475156e-07,1.87696875e-01
2.45515156e-07,1.87704687e-01
2.45555156e-07,1.87692187e-01
2.45595156e-07,1.87710938e-01
2.45635156e-07,1.87684375e-01
2.45675156e-07,1.87725000e-01
2.45715156e-07,1.87650000e-01
2.45755156e-07,1.87903125e-01
2.45795156e-07,1.88159375e-01
2.45835156e-07,1.88064063e-01
2.45875156e-07,1.88126563e-01
2.45915156e-07,1.88078125e-01
2.45955156e-07,1.88118750e-01
2.45995156e-07,1.88082813e-01
2.46035156e-07,1.88117188e-01
2.46075156e-07,1.88082813e-01
2.46115156e-07,1.88118750e-01
2.46155156e-07,1.88079688e-01
2.46195156e-07,1.88125000e-01
2.46235156e-07,1.88065625e-01
2.46275156e-07,1.88157813e-01
2.46315156e-07,1.87889063e-01
2.46355156e-07,1.87648438e-01
2.46395156e-07,1.87729688e-01
2.46435156e-07,1.87679687e-01
2.46475156e-07,1.87715625e-01
2.46515156e-07,1.87685938e-01
2.46555156e-07,1.87712500e-01
2.46595156e-07,1.87689063e-01
2.46635156e-07,1.87710938e-01
2.46675156e-07,1.87689063e-01
2.46715156e-07,1.87712500e-01
2.46755156e-07,1.87687500e-01
2.46795156e-07,1.87715625e-01
2.46835156e-07,1.87682813e-01
2.46875156e-07,1.87723438e-01
2.46915156e-07,1.87667187e-01
2.46955156e-07,1.87757813e-01
2.46995156e-07,1.87489062e-01
2.47035156e-07,1.87248438e-01
2.47075156e-07,1.87328125e-01
2.47115156e-07,1.87281250e-01
2.47155156e-07,1.87314063e-01
2.47195156e-07,1.87289063e-01
2.47235156e-07,1.87307813e-01
2.47275156e-07,1.87293750e-01
2.47315156e-07,1.87304688e-01
2.47355156e-07,1.87296875e-01
2.47395156e-07,1.87301563e-01
2.47435156e-07,1.87300000e-01
2.47475156e-07,1.87298437e-01
2.47515156e-07,1.87303125e-01
2.47555156e-07,1.87293750e-01
2.47595156e-07,1.87312500e-01
2.47635156e-07,1.87278125e-01
2.47675156e-07,1.87346875e-01
2.47715156e-07,1.87100000e-01
2.47755156e-07,1.86837500e-01
2.47795156e-07,1.86939063e-01
2.47835156e-07,1.86868750e-01
2.47875156e-07,1.86926563e-01
2.47915156e-07,1.86876563e-01
2.47955156e-07,1.86921875e-01
2.47995156e-07,1.86878125e-01
2.48035156e-07,1.86921875e-01
2.48075156e-07,1.86876563e-01
2.48115156e-07,1.86926563e-01
2.48155156e-07,1.86868750e-01
2.48195156e-07,1.86940625e-01
2.48235156e-07,1.86835937e-01
2.48275156e-07,1.87117188e-01
2.48315156e-07,1.87345312e-01
2.48355156e-07,1.87278125e-01
2.48395156e-07,1.87312500e-01
2.48435156e-07,1.87292188e-01
2.48475156e-07,1.87304688e-01
2.48515156e-07,1.87298437e-01
2.48555156e-07,1.87300000e-01
2.48595156e-07,1.87300000e-01
2.48635156e-07,1.87298437e-01
2.48675156e-07,1.87303125e-01
2.48715156e-07,1.87296875e-01
2.48755156e-07,1.87304688e-01
2.48795156e-07,1.87293750e-01
2.48835156e-07,1.87306250e-01
2.48875156e-07,1.87292188e-01
2.48915156e-07,1.87310937e-01
2.48955156e-07,1.87285937e-01
2.48995156e-07,1.87318750e-01
2.49035156e-07,1.87271875e-01
2.49075156e-07,1.87353125e-01
2.49115156e-07,1.87093750e-01
2.49155156e-07,1.86843750e-01
2.49195156e-07,1.86931250e-01
2.49235156e-07,1.86878125e-01
2.49275156e-07,1.86917187e-01
2.49315156e-07,1.86884375e-01
2.49355156e-07,1.86912500e-01
2.49395156e-07,1.86887500e-01
2.49435156e-07,1.86910938e-01
2.49475156e-07,1.86889063e-01
2.49515156e-07,1.86910938e-01
2.49555156e-07,1.86889063e-01
2.49595156e-07,1.86910938e-01
2.49635156e-07,1.86889063e-01
2.49675156e-07,1.86910938e-01
2.49715156e-07,1.86887500e-01
2.49755156e-07,1.86914063e-01
2.49795156e-07,1.86882812e-01
2.49835156e-07,1.86921875e-01
2.49875156e-07,1.86868750e-01
2.49915156e-07,1.86956250e-01
2.49955156e-07,1.86690625e-01
2.49995156e-07,1.86446875e-01
2.50035156e-07,1.86529688e-01
2.50075156e-07,1.86479688e-01
2.50115156e-07,1.86515625e-01
2.50155156e-07,1.86487500e-01
2.50195156e-07,1.86510938e-01
2.50235156e-07,1.86490625e-01
2.50275156e-07,1.86509375e-01
2.50315156e-07,1.86492188e-01
2.50355156e-07,1.86507813e-01
2.50395156e-07,1.86492188e-01
2.50435156e-07,1.86506250e-01
2.50475156e-07,1.86493750e-01
2.50515156e-07,1.86506250e-01
2.50555156e-07,1.86493750e-01
2.50595156e-07,1.86506250e-01
2.50635156e-07,1.86493750e-01
2.50675156e-07,1.86506250e-01
2.50715156e-07,1.86493750e-01
2.50755156e-07,1.86506250e-01
2.50795156e-07,1.86492188e-01
2.50835156e-07,1.86507813e-01
2.50875156e-07,1.86492188e-01
2.50915156e-07,1.86507813e-01
2.50955156e-07,1.86490625e-01
2.50995156e-07,1.86509375e-01
2.51035156e-07,1.86489062e-01
2.51075156e-07,1.86512500e-01
2.51115156e-07,1.86485938e-01
2.51155156e-07,1.86517188e-01
2.51195156e-07,1.86478125e-01
2.51235156e-07,1.86532813e-01
2.51275156e-07,1.86442187e-01
2.51315156e-07,1.86710938e-01
2.51355156e-07,1.86951563e-01
2.51395156e-07,1.86871875e-01
2.51435156e-07,1.86918750e-01
2.51475156e-07,1.86885938e-01
2.51515156e-07,1.86910938e-01
2.51555156e-07,1.86890625e-01
2.51595156e-07,1.86907812e-01
2.51635156e-07,1.86893750e-01
2.51675156e-07,1.86904687e-01
2.51715156e-07,1.86895313e-01
2.51755156e-07,1.86903125e-01
2.51795156e-07,1.86896875e-01
2.51835156e-07,1.86903125e-01
2.51875156e-07,1.86896875e-01
2.51915156e-07,1.86901563e-01
2.51955156e-07,1.86898438e-01
2.51995156e-07,1.86901563e-01
2.52035156e-07,1.86898438e-01
2.52075156e-07,1.86901563e-01
2.52115156e-07,1.86900000e-01
2.52155156e-07,1.86900000e-01
2.52195156e-07,1.86900000e-01
2.52235156e-07,1.86900000e-01
2.52275156e-07,1.86900000e-01
2.52315156e-07,1.86900000e-01
2.52355156e-07,1.86900000e-01
2.52395156e-07,1.86898438e-01
2.52435156e-07,1.86901563e-01
2.52475156e-07,1.86898438e-01
2.52515156e-07,1.86901563e-01
2.52555156e-07,1.86896875e-01
2.52595156e-07,1.86903125e-01
2.52635156e-07,1.86896875e-01
2.52675156e-07,1.86904687e-01
2.52715156e-07,1.86895313e-01
2.52755156e-07,1.86906250e-01
2.52795156e-07,1.86892188e-01
2.52835156e-07,1.86909375e-01
2.52875156e-07,1.86887500e-01
2.52915156e-07,1.86918750e-01
2.52955156e-07,1.86871875e-01
2.52995156e-07,1.86953125e-01
2.53035156e-07,1.86693750e-01
2.53075156e-07,1.86443750e-01
2.53115156e-07,1.86532813e-01
2.53155156e-07,1.86476562e-01
2.53195156e-07,1.86518750e-01
2.53235156e-07,1.86484375e-01
2.53275156e-07,1.86514062e-01
2.53315156e-07,1.86487500e-01
2.53355156e-07,1.86510938e-01
2.53395156e-07,1.86489062e-01
2.53435156e-07,1.86509375e-01
2.53475156e-07,1.86490625e-01
2.53515156e-07,1.86509375e-01
2.53555156e-07,1.86490625e-01
2.53595156e-07,1.86509375e-01
2.53635156e-07,1.86490625e-01
2.53675156e-07,1.86509375e-01
2.53715156e-07,1.86490625e-01
2.53755156e-07,1.86510938e-01
2.53795156e-07,1.86489062e-01
2.53835156e-07,1.86512500e-01
2.53875156e-07,1.86485938e-01
2.53915156e-07,1.86517188e-01
2.53955156e-07,1.86478125e-01
2.53995156e-07,1.86531250e-01
2.54035156e-07,1.86443750e-01
2.54075156e-07,1.86709375e-01
2.54115156e-07,1.86953125e-01
2.54155156e-07,1.86870312e-01
2.54195156e-07,1.86920313e-01
2.54235156e-07,1.86884375e-01
2.54275156e-07,1.86912500e-01
2.54315156e-07,1.86889063e-01
2.54355156e-07,1.86909375e-01
2.54395156e-07,1.86890625e-01
2.54435156e-07,1.86907812e-01
2.54475156e-07,1.86892188e-01
2.54515156e-07,1.86907812e-01
2.54555156e-07,1.86892188e-01
2.54595156e-07,1.86907812e-01
2.54635156e-07,1.86892188e-01
2.54675156e-07,1.86909375e-01
2.54715156e-07,1.86890625e-01
2.54755156e-07,1.86910938e-01
2.54795156e-07,1.86887500e-01
2.54835156e-07,1.86914063e-01
2.54875156e-07,1.86882812e-01
2.54915156e-07,1.86921875e-01
2.54955156e-07,1.86868750e-01
2.54995156e-07,1.86956250e-01
2.55035156e-07,1.86690625e-01
2.55075156e-07,1.86446875e-01
2.55115156e-07,1.86529688e-01
2.55155156e-07,1.86479688e-01
2.55195156e-07,1.86515625e-01
2.55235156e-07,1.86487500e-01
2.55275156e-07,1.86509375e-01
2.55315156e-07,1.86492188e-01
2.55355156e-07,1.86507813e-01
2.55395156e-07,1.86493750e-01
2.55435156e-07,1.86506250e-01
2.55475156e-07,1.86495313e-01
2.55515156e-07,1.86504688e-01
2.55555156e-07,1.86495313e-01
2.55595156e-07,1.86503125e-01
2.55635156e-07,1.86496875e-01
2.55675156e-07,1.86503125e-01
2.55715156e-07,1.86496875e-01
2.55755156e-07,1.86501562e-01
2.55795156e-07,1.86498438e-01
2.55835156e-07,1.86501562e-01
2.55875156e-07,1.86498438e-01
2.55915156e-07,1.86501562e-01
2.55955156e-07,1.86500000e-01
2.55995156e-07,1.86500000e-01
2.56035156e-07,1.86500000e-01
2.56075156e-07,1.86498438e-01
2.56115156e-07,1.86501562e-01
2.56155156e-07,1.86496875e-01
2.56195156e-07,1.86504688e-01
2.56235156e-07,1.86493750e-01
2.56275156e-07,1.86509375e-01
2.56315156e-07,1.86485938e-01
2.56355156e-07,1.86523438e-01
2.56395156e-07,1.86451563e-01
2.56435156e-07,1.86700000e-01
2.56475156e-07,1.86962500e-01
2.56515156e-07,1.86860938e-01
2.56555156e-07,1.86931250e-01
2.56595156e-07,1.86871875e-01
2.56635156e-07,1.86928125e-01
2.56675156e-07,1.86870312e-01
2.56715156e-07,1.86937500e-01
2.56755156e-07,1.86839063e-01
2.56795156e-07,1.87112500e-01
2.56835156e-07,1.87351563e-01
2.56875156e-07,1.87268750e-01
2.56915156e-07,1.87325000e-01
2.56955156e-07,1.87275000e-01
2.56995156e-07,1.87331250e-01
2.57035156e-07,1.87246875e-01
2.57075156e-07,1.87504688e-01
2.57115156e-07,1.87759375e-01
2.57155156e-07,1.87660938e-01
2.57195156e-07,1.87732813e-01
2.57235156e-07,1.87667187e-01
2.57275156e-07,1.87739062e-01
2.57315156e-07,1.87639063e-01
2.57355156e-07,1.87912500e-01
2.57395156e-07,1.88151563e-01
2.57435156e-07,1.88070313e-01
2.57475156e-07,1.88121875e-01
2.57515156e-07,1.88079688e-01
2.57555156e-07,1.88120312e-01
2.57595156e-07,1.88076563e-01
2.57635156e-07,1.88131250e-01
2.57675156e-07,1.88043750e-01
2.57715156e-07,1.88307813e-01
2.57755156e-07,1.88554688e-01
2.57795156e-07,1.88468750e-01
2.57835156e-07,1.88521875e-01
2.57875156e-07,1.88482813e-01
2.57915156e-07,1.88514062e-01
2.57955156e-07,1.88487500e-01
2.57995156e-07,1.88510938e-01
2.58035156e-07,1.88490625e-01
2.58075156e-07,1.88509375e-01
2.58115156e-07,1.88490625e-01
2.58155156e-07,1.88507813e-01
2.58195156e-07,1.88492188e-01
2.58235156e-07,1.88506250e-01
2.58275156e-07,1.88493750e-01
2.58315156e-07,1.88506250e-01
2.58355156e-07,1.88495313e-01
2.58395156e-07,1.88504688e-01
2.58435156e-07,1.88496875e-01
2.58475156e-07,1.88501562e-01
2.58515156e-07,1.88500000e-01
2.58555156e-07,1.88496875e-01
2.58595156e-07,1.88506250e-01
2.58635156e-07,1.88484375e-01
2.58675156e-07,1.88540625e-01
2.58715156e-07,1.88306250e-01
2.58755156e-07,1.88029688e-01
2.58795156e-07,1.88146875e-01
2.58835156e-07,1.88060937e-01
2.58875156e-07,1.88135938e-01
2.58915156e-07,1.88065625e-01
2.58955156e-07,1.88134375e-01
2.58995156e-07,1.88064063e-01
2.59035156e-07,1.88140625e-01
2.59075156e-07,1.88050000e-01
2.59115156e-07,1.88175000e-01
2.59155156e-07,1.87870312e-01
2.59195156e-07,1.87667187e-01
2.59235156e-07,1.87706250e-01
2.59275156e-07,1.87704687e-01
2.59315156e-07,1.87687500e-01
2.59355156e-07,1.87720313e-01
2.59395156e-07,1.87667187e-01
2.59435156e-07,1.87759375e-01
2.59475156e-07,1.87485938e-01
2.59515156e-07,1.87253125e-01
2.59555156e-07,1.87320313e-01
2.59595156e-07,1.87290625e-01
2.59635156e-07,1.87300000e-01
2.59675156e-07,1.87307813e-01
2.59715156e-07,1.87281250e-01
2.59755156e-07,1.87345312e-01
2.59795156e-07,1.87101563e-01
2.59835156e-07,1.86837500e-01
2.59875156e-07,1.86939063e-01
2.59915156e-07,1.86868750e-01
2.59955156e-07,1.86926563e-01
2.59995156e-07,1.86873438e-01
2.60035156e-07,1.86928125e-01
2.60075156e-07,1.86864063e-01
2.60115156e-07,1.86959375e-01
2.60155156e-07,1.86689063e-01
2.60195156e-07,1.86446875e-01
2.60235156e-07,1.86529688e-01
2.60275156e-07,1.86478125e-01
2.60315156e-07,1.86518750e-01
2.60355156e-07,1.86482813e-01
2.60395156e-07,1.86515625e-01
2.60435156e-07,1.86484375e-01
2.60475156e-07,1.86517188e-01
2.60515156e-07,1.86482813e-01
2.60555156e-07,1.86520313e-01
2.60595156e-07,1.86476562e-01
2.60635156e-07,1.86528125e-01
2.60675156e-07,1.86462500e-01
2.60715156e-07,1.86564063e-01
2.60755156e-07,1.86282813e-01
2.60795156e-07,1.86056250e-01
2.60835156e-07,1.86118750e-01
2.60875156e-07,1.86092188e-01
2.60915156e-07,1.86101563e-01
2.60955156e-07,1.86104688e-01
2.60995156e-07,1.86089063e-01
2.61035156e-07,1.86123438e-01
2.61075156e-07,1.86051563e-01
2.61115156e-07,1.86303125e-01
2.61155156e-07,1.86559375e-01
2.61195156e-07,1.86465625e-01
2.61235156e-07,1.86525000e-01
2.61275156e-07,1.86481250e-01
2.61315156e-07,1.86515625e-01
2.61355156e-07,1.86487500e-01
2.61395156e-07,1.86510938e-01
2.61435156e-07,1.86490625e-01
2.61475156e-07,1.86509375e-01
2.61515156e-07,1.86492188e-01
2.61555156e-07,1.86507813e-01
2.61595156e-07,1.86493750e-01
2.61635156e-07,1.86506250e-01
2.61675156e-07,1.86495313e-01
2.61715156e-07,1.86504688e-01
2.61755156e-07,1.86495313e-01
2.61795156e-07,1.86504688e-01
2.61835156e-07,1.86496875e-01
2.61875156e-07,1.86503125e-01
2.61915156e-07,1.86496875e-01
2.61955156e-07,1.86503125e-01
2.61995156e-07,1.86496875e-01
2.62035156e-07,1.86501562e-01
2.62075156e-07,1.86498438e-01
2.62115156e-07,1.86501562e-01
2.62155156e-07,1.86498438e-01
2.62195156e-07,1.86501562e-01
2.62235156e-07,1.86500000e-01
2.62275156e-07,1.86500000e-01
2.62315156e-07,1.86500000e-01
2.62355156e-07,1.86500000e-01
2.62395156e-07,1.86500000e-01
2.62435156e-07,1.86498438e-01
2.62475156e-07,1.86501562e-01
2.62515156e-07,1.86498438e-01
2.62555156e-07,1.86501562e-01
2.62595156e-07,1.86496875e-01
2.62635156e-07,1.86503125e-01
2.62675156e-07,1.86495313e-01
2.62715156e-07,1.86506250e-01
2.62755156e-07,1.86492188e-01
2.62795156e-07,1.86509375e-01
2.62835156e-07,1.86487500e-01
2.62875156e-07,1.86517188e-01
2.62915156e-07,1.86473438e-01
2.62955156e-07,1.86551563e-01
2.62995156e-07,1.86295313e-01
2.63035156e-07,1.86043750e-01
2.63075156e-07,1.86132812e-01
2.63115156e-07,1.86076563e-01
2.63155156e-07,1.86118750e-01
2.63195156e-07,1.86084375e-01
2.63235156e-07,1.86114063e-01
2.63275156e-07,1.86087500e-01
2.63315156e-07,1.86110938e-01
2.63355156e-07,1.86089063e-01
2.63395156e-07,1.86109375e-01
2.63435156e-07,1.86090625e-01
2.63475156e-07,1.86109375e-01
2.63515156e-07,1.86092188e-01
2.63555156e-07,1.86107812e-01
2.63595156e-07,1.86092188e-01
2.63635156e-07,1.86107812e-01
2.63675156e-07,1.86092188e-01
2.63715156e-07,1.86107812e-01
2.63755156e-07,1.86092188e-01
2.63795156e-07,1.86107812e-01
2.63835156e-07,1.86092188e-01
2.63875156e-07,1.86107812e-01
2.63915156e-07,1.86092188e-01
2.63955156e-07,1.86109375e-01
2.63995156e-07,1.86090625e-01
2.64035156e-07,1.86109375e-01
2.64075156e-07,1.86089063e-01
2.64115156e-07,1.86112500e-01
2.64155156e-07,1.86085938e-01
2.64195156e-07,1.86117188e-01
2.64235156e-07,1.86078125e-01
2.64275156e-07,1.86131250e-01
2.64315156e-07,1.86043750e-01
2.64355156e-07,1.86307813e-01
2.64395156e-07,1.86554688e-01
2.64435156e-07,1.86468750e-01
2.64475156e-07,1.86523438e-01
2.64515156e-07,1.86479688e-01
2.64555156e-07,1.86518750e-01
2.64595156e-07,1.86478125e-01
2.64635156e-07,1.86528125e-01
2.64675156e-07,1.86448438e-01
2.64715156e-07,1.86701563e-01
2.64755156e-07,1.86962500e-01
2.64795156e-07,1.86857812e-01
2.64835156e-07,1.86935938e-01
2.64875156e-07,1.86862500e-01
2.64915156e-07,1.86945313e-01
2.64955156e-07,1.86829688e-01
2.64995156e-07,1.87123438e-01
2.65035156e-07,1.87337500e-01
2.65075156e-07,1.87289063e-01
2.65115156e-07,1.87296875e-01
2.65155156e-07,1.87317188e-01
2.65195156e-07,1.87254688e-01
2.65235156e-07,1.87501562e-01
2.65275156e-07,1.87757813e-01
2.65315156e-07,1.87668750e-01
2.65355156e-07,1.87715625e-01
2.65395156e-07,1.87698438e-01
2.65435156e-07,1.87675000e-01
2.65475156e-07,1.87879688e-01
2.65515156e-07,1.88182813e-01
2.65555156e-07,1.88039063e-01
2.65595156e-07,1.88153125e-01
2.65635156e-07,1.88046875e-01
2.65675156e-07,1.88159375e-01
2.65715156e-07,1.88018750e-01
2.65755156e-07,1.88334375e-01
2.65795156e-07,1.88529688e-01
2.65835156e-07,1.88493750e-01
2.65875156e-07,1.88496875e-01
2.65915156e-07,1.88509375e-01
2.65955156e-07,1.88487500e-01
2.65995156e-07,1.88515625e-01
2.66035156e-07,1.88481250e-01
2.66075156e-07,1.88523438e-01
2.66115156e-07,1.88470313e-01
2.66155156e-07,1.88540625e-01
2.66195156e-07,1.88432813e-01
2.66235156e-07,1.88721875e-01
2.66275156e-07,1.88939063e-01
2.66315156e-07,1.88887500e-01
2.66355156e-07,1.88900000e-01
2.66395156e-07,1.88909375e-01
2.66435156e-07,1.88876563e-01
2.66475156e-07,1.88950000e-01
2.66515156e-07,1.88695313e-01
2.66555156e-07,1.88443750e-01
2.66595156e-07,1.88531250e-01
2.66635156e-07,1.88479687e-01
2.66675156e-07,1.88514062e-01
2.66715156e-07,1.88490625e-01
2.66755156e-07,1.88506250e-01
2.66795156e-07,1.88498438e-01
2.66835156e-07,1.88498438e-01
2.66875156e-07,1.88507813e-01
2.66915156e-07,1.88482813e-01
2.66955156e-07,1.88542188e-01
2.66995156e-07,1.88304688e-01
2.67035156e-07,1.88032813e-01
2.67075156e-07,1.88145312e-01
2.67115156e-07,1.88062500e-01
2.67155156e-07,1.88137500e-01
2.67195156e-07,1.88057813e-01
2.67235156e-07,1.88164063e-01
2.67275156e-07,1.87885938e-01
2.67315156e-07,1.87650000e-01
2.67355156e-07,1.87729688e-01
2.67395156e-07,1.87676563e-01
2.67435156e-07,1.87723438e-01
2.67475156e-07,1.87668750e-01
2.67515156e-07,1.87753125e-01
2.67555156e-07,1.87495313e-01
2.67595156e-07,1.87240625e-01
2.67635156e-07,1.87339063e-01
2.67675156e-07,1.87267188e-01
2.67715156e-07,1.87332813e-01
2.67755156e-07,1.87260938e-01
2.67795156e-07,1.87360938e-01
2.67835156e-07,1.87087500e-01
2.67875156e-07,1.86848438e-01
2.67915156e-07,1.86928125e-01
2.67955156e-07,1.86879688e-01
2.67995156e-07,1.86917187e-01
2.68035156e-07,1.86885938e-01
2.68075156e-07,1.86914063e-01
2.68115156e-07,1.86885938e-01
2.68155156e-07,1.86914063e-01
2.68195156e-07,1.86884375e-01
2.68235156e-07,1.86918750e-01
2.68275156e-07,1.86878125e-01
2.68315156e-07,1.86926563e-01
2.68355156e-07,1.86862500e-01
2.68395156e-07,1.86964063e-01
2.68435156e-07,1.86681250e-01
2.68475156e-07,1.86459375e-01
2.68515156e-07,1.86512500e-01
2.68555156e-07,1.86506250e-01
2.68595156e-07,1.86464062e-01
2.68635156e-07,1.86692187e-01
2.68675156e-07,1.86967188e-01
2.68715156e-07,1.86857812e-01
2.68755156e-07,1.86932813e-01
2.68795156e-07,1.86873438e-01
2.68835156e-07,1.86923438e-01
2.68875156e-07,1.86879688e-01
2.68915156e-07,1.86918750e-01
2.68955156e-07,1.86881250e-01
2.68995156e-07,1.86917187e-01
2.69035156e-07,1.86882812e-01
2.69075156e-07,1.86917187e-01
2.69115156e-07,1.86882812e-01
2.69155156e-07,1.86917187e-01
2.69195156e-07,1.86882812e-01
2.69235156e-07,1.86918750e-01
2.69275156e-07,1.86879688e-01
2.69315156e-07,1.86923438e-01
2.69355156e-07,1.86871875e-01
2.69395156e-07,1.86937500e-01
2.69435156e-07,1.86839063e-01
2.69475156e-07,1.87114063e-01
2.69515156e-07,1.87348438e-01
2.69555156e-07,1.87275000e-01
2.69595156e-07,1.87315625e-01
2.69635156e-07,1.87289063e-01
2.69675156e-07,1.87307813e-01
2.69715156e-07,1.87293750e-01
2.69755156e-07,1.87304688e-01
2.69795156e-07,1.87296875e-01
2.69835156e-07,1.87303125e-01
2.69875156e-07,1.87298437e-01
2.69915156e-07,1.87301563e-01
2.69955156e-07,1.87298437e-01
2.69995156e-07,1.87301563e-01
2.70035156e-07,1.87300000e-01
2.70075156e-07,1.87300000e-01
2.70115156e-07,1.87300000e-01
2.70155156e-07,1.87300000e-01
2.70195156e-07,1.87300000e-01
2.70235156e-07,1.87300000e-01
2.70275156e-07,1.87300000e-01
2.70315156e-07,1.87300000e-01
2.70355156e-07,1.87300000e-01
2.70395156e-07,1.87300000e-01
2.70435156e-07,1.87300000e-01
2.70475156e-07,1.87300000e-01
2.70515156e-07,1.87300000e-01
2.70555156e-07,1.87300000e-01
2.70595156e-07,1.87300000e-01
2.70635156e-07,1.87300000e-01
2.70675156e-07,1.87300000e-01
2.70715156e-07,1.87300000e-01
2.70755156e-07,1.87300000e-01
2.70795156e-07,1.87300000e-01
2.70835156e-07,1.87300000e-01
2.70875156e-07,1.87300000e-01
2.70915156e-07,1.87300000e-01
2.70955156e-07,1.87300000e-01
2.70995156e-07,1.87300000e-01
2.71035156e-07,1.87300000e-01
2.71075156e-07,1.87300000e-01
2.71115156e-07,1.87300000e-01
2.71155156e-07,1.87300000e-01
2.71195156e-07,1.87300000e-01
2.71235156e-07,1.87300000e-01
2.71275156e-07,1.87300000e-01
2.71315156e-07,1.87300000e-01
2.71355156e-07,1.87300000e-01
2.71395156e-07,1.87300000e-01
2.71435156e-07,1.87300000e-01
2.71475156e-07,1.87300000e-01
2.71515156e-07,1.87300000e-01
2.71555156e-07,1.87300000e-01
2.71595156e-07,1.87300000e-01
2.71635156e-07,1.87300000e-01
2.71675156e-07,1.87300000e-01
2.71715156e-07,1.87300000e-01
2.71755156e-07,1.87300000e-01
2.71795156e-07,1.87300000e-01
2.71835156e-07,1.87300000e-01
2.71875156e-07,1.87300000e-01
2.71915156e-07,1.87300000e-01
2.71955156e-07,1.87300000e-01
2.71995156e-07,1.87300000e-01
2.72035156e-07,1.87300000e-01
2.72075156e-07,1.87300000e-01
2.72115156e-07,1.87300000e-01
2.72155156e-07,1.87300000e-01
2.72195156e-07,1.87300000e-01
2.72235156e-07,1.87300000e-01
2.72275156e-07,1.87300000e-01
2.72315156e-07,1.87300000e-01
2.72355156e-07,1.87300000e-01
2.72395156e-07,1.87301563e-01
2.72435156e-07,1.87298437e-01
2.72475156e-07,1.87301563e-01
2.72515156e-07,1.87298437e-01
2.72555156e-07,1.87301563e-01
2.72595156e-07,1.87298437e-01
2.72635156e-07,1.87301563e-01
2.72675156e-07,1.87298437e-01
2.72715156e-07,1.87301563e-01
2.72755156e-07,1.87298437e-01
2.72795156e-07,1.87301563e-01
2.72835156e-07,1.87296875e-01
2.72875156e-07,1.87303125e-01
2.72915156e-07,1.87296875e-01
2.72955156e-07,1.87303125e-01
2.72995156e-07,1.87295313e-01
2.73035156e-07,1.87304688e-01
2.73075156e-07,1.87295313e-01
2.73115156e-07,1.87306250e-01
2.73155156e-07,1.87292188e-01
2.73195156e-07,1.87309375e-01
2.73235156e-07,1.87289063e-01
2.73275156e-07,1.87314063e-01
2.73315156e-07,1.87281250e-01
2.73355156e-07,1.87328125e-01
2.73395156e-07,1.87246875e-01
2.73435156e-07,1.87506250e-01
2.73475156e-07,1.87756250e-01
2.73515156e-07,1.87668750e-01
2.73555156e-07,1.87723438e-01
2.73595156e-07,1.87682813e-01
2.73635156e-07,1.87714063e-01
2.73675156e-07,1.87687500e-01
2.73715156e-07,1.87710938e-01
2.73755156e-07,1.87689063e-01
2.73795156e-07,1.87709375e-01
2.73835156e-07,1.87690625e-01
2.73875156e-07,1.87707813e-01
2.73915156e-07,1.87692187e-01
2.73955156e-07,1.87707813e-01
2.73995156e-07,1.87692187e-01
2.74035156e-07,1.87707813e-01
2.74075156e-07,1.87693750e-01
2.74115156e-07,1.87706250e-01
2.74155156e-07,1.87693750e-01
2.74195156e-07,1.87706250e-01
2.74235156e-07,1.87693750e-01
2.74275156e-07,1.87706250e-01
2.74315156e-07,1.87693750e-01
2.74355156e-07,1.87706250e-01
2.74395156e-07,1.87692187e-01
2.74435156e-07,1.87707813e-01
2.74475156e-07,1.87692187e-01
2.74515156e-07,1.87707813e-01
2.74555156e-07,1.87692187e-01
2.74595156e-07,1.87707813e-01
2.74635156e-07,1.87690625e-01
2.74675156e-07,1.87709375e-01
2.74715156e-07,1.87689063e-01
2.74755156e-07,1.87710938e-01
2.74795156e-07,1.87687500e-01
2.74835156e-07,1.87715625e-01
2.74875156e-07,1.87681250e-01
2.74915156e-07,1.87723438e-01
2.74955156e-07,1.87667187e-01
2.74995156e-07,1.87757813e-01
2.75035156e-07,1.87489062e-01
2.75075156e-07,1.87248438e-01
2.75115156e-07,1.87328125e-01
2.75155156e-07,1.87282813e-01
2.75195156e-07,1.87312500e-01
2.75235156e-07,1.87290625e-01
2.75275156e-07,1.87307813e-01
2.75315156e-07,1.87293750e-01
2.75355156e-07,1.87304688e-01
2.75395156e-07,1.87296875e-01
2.75435156e-07,1.87303125e-01
2.75475156e-07,1.87298437e-01
2.75515156e-07,1.87301563e-01
2.75555156e-07,1.87300000e-01
2.75595156e-07,1.87300000e-01
2.75635156e-07,1.87301563e-01
2.75675156e-07,1.87296875e-01
2.75715156e-07,1.87304688e-01
2.75755156e-07,1.87293750e-01
2.75795156e-07,1.87309375e-01
2.75835156e-07,1.87284375e-01
2.75875156e-07,1.87325000e-01
2.75915156e-07,1.87250000e-01
2.75955156e-07,1.87503125e-01
2.75995156e-07,1.87759375e-01
2.76035156e-07,1.87664063e-01
2.76075156e-07,1.87726562e-01
2.76115156e-07,1.87678125e-01
2.76155156e-07,1.87718750e-01
2.76195156e-07,1.87682813e-01
2.76235156e-07,1.87717187e-01
2.76275156e-07,1.87684375e-01
2.76315156e-07,1.87715625e-01
2.76355156e-07,1.87684375e-01
2.76395156e-07,1.87715625e-01
2.76435156e-07,1.87682813e-01
2.76475156e-07,1.87717187e-01
2.76515156e-07,1.87681250e-01
2.76555156e-07,1.87721875e-01
2.76595156e-07,1.87673438e-01
2.76635156e-07,1.87735938e-01
2.76675156e-07,1.87639063e-01
2.76715156e-07,1.87914063e-01
2.76755156e-07,1.88148438e-01
2.76795156e-07,1.88075000e-01
2.76835156e-07,1.88115625e-01
2.76875156e-07,1.88090625e-01
2.76915156e-07,1.88107812e-01
2.76955156e-07,1.88095313e-01
2.76995156e-07,1.88103125e-01
2.77035156e-07,1.88096875e-01
2.77075156e-07,1.88101563e-01
2.77115156e-07,1.88098437e-01
2.77155156e-07,1.88100000e-01
2.77195156e-07,1.88100000e-01
2.77235156e-07,1.88100000e-01
2.77275156e-07,1.88101563e-01
2.77315156e-07,1.88098437e-01
2.77355156e-07,1.88101563e-01
2.77395156e-07,1.88098437e-01
2.77435156e-07,1.88101563e-01
2.77475156e-07,1.88096875e-01
2.77515156e-07,1.88103125e-01
2.77555156e-07,1.88096875e-01
2.77595156e-07,1.88103125e-01
2.77635156e-07,1.88096875e-01
2.77675156e-07,1.88104688e-01
2.77715156e-07,1.88095313e-01
2.77755156e-07,1.88104688e-01
2.77795156e-07,1.88093750e-01
2.77835156e-07,1.88106250e-01
2.77875156e-07,1.88093750e-01
2.77915156e-07,1.88107812e-01
2.77955156e-07,1.88090625e-01
2.77995156e-07,1.88109375e-01
2.78035156e-07,1.88089063e-01
2.78075156e-07,1.88114063e-01
2.78115156e-07,1.88082813e-01
2.78155156e-07,1.88121875e-01
2.78195156e-07,1.88068750e-01
2.78235156e-07,1.88156250e-01
2.78275156e-07,1.87890625e-01
2.78315156e-07,1.87648438e-01
2.78355156e-07,1.87728125e-01
2.78395156e-07,1.87681250e-01
2.78435156e-07,1.87712500e-01
2.78475156e-07,1.87690625e-01
2.78515156e-07,1.87707813e-01
2.78555156e-07,1.87693750e-01
2.78595156e-07,1.87704687e-01
2.78635156e-07,1.87696875e-01
2.78675156e-07,1.87703125e-01
2.78715156e-07,1.87698438e-01
2.78755156e-07,1.87700000e-01
2.78795156e-07,1.87700000e-01
2.78835156e-07,1.87698438e-01
2.78875156e-07,1.87701563e-01
2.78915156e-07,1.87696875e-01
2.78955156e-07,1.87704687e-01
2.78995156e-07,1.87693750e-01
2.79035156e-07,1.87707813e-01
2.79075156e-07,1.87690625e-01
2.79115156e-07,1.87712500e-01
2.79155156e-07,1.87681250e-01
2.79195156e-07,1.87728125e-01
2.79235156e-07,1.87645312e-01
2.79275156e-07,1.87907812e-01
2.79315156e-07,1.88154688e-01
2.79355156e-07,1.88070313e-01
2.79395156e-07,1.88120312e-01
2.79435156e-07,1.88085937e-01
2.79475156e-07,1.88109375e-01
2.79515156e-07,1.88093750e-01
2.79555156e-07,1.88103125e-01
2.79595156e-07,1.88101563e-01
2.79635156e-07,1.88093750e-01
2.79675156e-07,1.88117188e-01
2.79715156e-07,1.88057813e-01
2.79755156e-07,1.88295313e-01
2.79795156e-07,1.88567188e-01
2.79835156e-07,1.88456250e-01
2.79875156e-07,1.88534375e-01
2.79915156e-07,1.88470313e-01
2.79955156e-07,1.88526562e-01
2.79995156e-07,1.88473438e-01
2.80035156e-07,1.88525000e-01
2.80075156e-07,1.88473438e-01
2.80115156e-07,1.88528125e-01
2.80155156e-07,1.88467188e-01
2.80195156e-07,1.88542188e-01
2.80235156e-07,1.88434375e-01
2.80275156e-07,1.88718750e-01
2.80315156e-07,1.88943750e-01
2.80355156e-07,1.88879688e-01
2.80395156e-07,1.88912500e-01
2.80435156e-07,1.88892188e-01
2.80475156e-07,1.88904688e-01
2.80515156e-07,1.88896875e-01
2.80555156e-07,1.88901563e-01
2.80595156e-07,1.88898438e-01
2.80635156e-07,1.88900000e-01
2.80675156e-07,1.88900000e-01
2.80715156e-07,1.88900000e-01
2.80755156e-07,1.88900000e-01
2.80795156e-07,1.88900000e-01
2.80835156e-07,1.88900000e-01
2.80875156e-07,1.88900000e-01
2.80915156e-07,1.88900000e-01
2.80955156e-07,1.88900000e-01
2.80995156e-07,1.88900000e-01
2.81035156e-07,1.88900000e-01
2.81075156e-07,1.88898438e-01
2.81115156e-07,1.88901563e-01
2.81155156e-07,1.88896875e-01
2.81195156e-07,1.88904688e-01
2.81235156e-07,1.88892188e-01
2.81275156e-07,1.88912500e-01
2.81315156e-07,1.88878125e-01
2.81355156e-07,1.88945313e-01
2.81395156e-07,1.88701563e-01
2.81435156e-07,1.88435938e-01
2.81475156e-07,1.88540625e-01
2.81515156e-07,1.88468750e-01
2.81555156e-07,1.88528125e-01
2.81595156e-07,1.88475000e-01
2.81635156e-07,1.88525000e-01
2.81675156e-07,1.88476562e-01
2.81715156e-07,1.88525000e-01
2.81755156e-07,1.88475000e-01
2.81795156e-07,1.88526562e-01
2.81835156e-07,1.88470313e-01
2.81875156e-07,1.88534375e-01
2.81915156e-07,1.88454687e-01
2.81955156e-07,1.88570313e-01
2.81995156e-07,1.88276562e-01
2.82035156e-07,1.88062500e-01
2.82075156e-07,1.88112500e-01
2.82115156e-07,1.88098437e-01
2.82155156e-07,1.88095313e-01
2.82195156e-07,1.88109375e-01
2.82235156e-07,1.88084375e-01
2.82275156e-07,1.88121875e-01
2.82315156e-07,1.88067188e-01
2.82355156e-07,1.88159375e-01
2.82395156e-07,1.87885938e-01
2.82435156e-07,1.87654688e-01
2.82475156e-07,1.87720313e-01
2.82515156e-07,1.87692187e-01
2.82555156e-07,1.87698438e-01
2.82595156e-07,1.87709375e-01
2.82635156e-07,1.87678125e-01
2.82675156e-07,1.87748438e-01
2.82715156e-07,1.87495313e-01
2.82755156e-07,1.87243750e-01
2.82795156e-07,1.87329688e-01
2.82835156e-07,1.87282813e-01
2.82875156e-07,1.87309375e-01
2.82915156e-07,1.87298437e-01
2.82955156e-07,1.87289063e-01
2.82995156e-07,1.87337500e-01
2.83035156e-07,1.87107812e-01
2.83075156e-07,1.86831250e-01
2.83115156e-07,1.86945313e-01
2.83155156e-07,1.86865625e-01
2.83195156e-07,1.86929687e-01
2.83235156e-07,1.86873438e-01
2.83275156e-07,1.86923438e-01
2.83315156e-07,1.86878125e-01
2.83355156e-07,1.86920313e-01
2.83395156e-07,1.86879688e-01
2.83435156e-07,1.86918750e-01
2.83475156e-07,1.86881250e-01
2.83515156e-07,1.86918750e-01
2.83555156e-07,1.86882812e-01
2.83595156e-07,1.86917187e-01
2.83635156e-07,1.86882812e-01
2.83675156e-07,1.86918750e-01
2.83715156e-07,1.86881250e-01
2.83755156e-07,1.86918750e-01
2.83795156e-07,1.86879688e-01
2.83835156e-07,1.86920313e-01
2.83875156e-07,1.86878125e-01
2.83915156e-07,1.86923438e-01
2.83955156e-07,1.86875000e-01
2.83995156e-07,1.86929687e-01
2.84035156e-07,1.86865625e-01
2.84075156e-07,1.86945313e-01
2.84115156e-07,1.86829688e-01
2.84155156e-07,1.87125000e-01
2.84195156e-07,1.87335937e-01
2.84235156e-07,1.87289063e-01
2.84275156e-07,1.87300000e-01
2.84315156e-07,1.87309375e-01
2.84355156e-07,1.87282813e-01
2.84395156e-07,1.87329688e-01
2.84435156e-07,1.87243750e-01
2.84475156e-07,1.87510938e-01
2.84515156e-07,1.87748438e-01
2.84555156e-07,1.87676563e-01
2.84595156e-07,1.87710938e-01
2.84635156e-07,1.87696875e-01
2.84675156e-07,1.87693750e-01
2.84715156e-07,1.87718750e-01
2.84755156e-07,1.87654688e-01
2.84795156e-07,1.87898438e-01
2.84835156e-07,1.88162500e-01
2.84875156e-07,1.88062500e-01
2.84915156e-07,1.88126563e-01
2.84955156e-07,1.88078125e-01
2.84995156e-07,1.88118750e-01
2.85035156e-07,1.88084375e-01
2.85075156e-07,1.88114063e-01
2.85115156e-07,1.88087500e-01
2.85155156e-07,1.88110938e-01
2.85195156e-07,1.88090625e-01
2.85235156e-07,1.88109375e-01
2.85275156e-07,1.88092188e-01
2.85315156e-07,1.88107812e-01
2.85355156e-07,1.88093750e-01
2.85395156e-07,1.88106250e-01
2.85435156e-07,1.88093750e-01
2.85475156e-07,1.88104688e-01
2.85515156e-07,1.88095313e-01
2.85555156e-07,1.88103125e-01
2.85595156e-07,1.88096875e-01
2.85635156e-07,1.88101563e-01
2.85675156e-07,1.88100000e-01
2.85715156e-07,1.88100000e-01
2.85755156e-07,1.88103125e-01
2.85795156e-07,1.88093750e-01
2.85835156e-07,1.88110938e-01
2.85875156e-07,1.88079688e-01
2.85915156e-07,1.88145312e-01
2.85955156e-07,1.87901563e-01
2.85995156e-07,1.87635938e-01
2.86035156e-07,1.87740625e-01
2.86075156e-07,1.87667187e-01
2.86115156e-07,1.87728125e-01
2.86155156e-07,1.87675000e-01
2.86195156e-07,1.87723438e-01
2.86235156e-07,1.87676563e-01
2.86275156e-07,1.87723438e-01
2.86315156e-07,1.87675000e-01
2.86355156e-07,1.87726562e-01
2.86395156e-07,1.87671875e-01
2.86435156e-07,1.87734375e-01
2.86475156e-07,1.87656250e-01
2.86515156e-07,1.87768750e-01
2.86555156e-07,1.87478125e-01
2.86595156e-07,1.87259375e-01
2.86635156e-07,1.87315625e-01
2.86675156e-07,1.87293750e-01
2.86715156e-07,1.87300000e-01
2.86755156e-07,1.87304688e-01
2.86795156e-07,1.87292188e-01
2.86835156e-07,1.87312500e-01
2.86875156e-07,1.87281250e-01
2.86915156e-07,1.87329688e-01
2.86955156e-07,1.87245313e-01
2.86995156e-07,1.87509375e-01
2.87035156e-07,1.87753125e-01
2.87075156e-07,1.87671875e-01
2.87115156e-07,1.87718750e-01
2.87155156e-07,1.87687500e-01
2.87195156e-07,1.87709375e-01
2.87235156e-07,1.87693750e-01
2.87275156e-07,1.87703125e-01
2.87315156e-07,1.87698438e-01
2.87355156e-07,1.87698438e-01
2.87395156e-07,1.87704687e-01
2.87435156e-07,1.87689063e-01
2.87475156e-07,1.87720313e-01
2.87515156e-07,1.87654688e-01
2.87555156e-07,1.87898438e-01
2.87595156e-07,1.88164063e-01
2.87635156e-07,1.88059375e-01
2.87675156e-07,1.88131250e-01
2.87715156e-07,1.88071875e-01
2.87755156e-07,1.88126563e-01
2.87795156e-07,1.88073437e-01
2.87835156e-07,1.88126563e-01
2.87875156e-07,1.88068750e-01
2.87915156e-07,1.88139063e-01
2.87955156e-07,1.88035937e-01
2.87995156e-07,1.88315625e-01
2.88035156e-07,1.88546875e-01
2.88075156e-07,1.88476562e-01
2.88115156e-07,1.88514062e-01
2.88155156e-07,1.88490625e-01
2.88195156e-07,1.88506250e-01
2.88235156e-07,1.88495313e-01
2.88275156e-07,1.88504688e-01
2.88315156e-07,1.88496875e-01
2.88355156e-07,1.88503125e-01
2.88395156e-07,1.88498438e-01
2.88435156e-07,1.88501562e-01
2.88475156e-07,1.88498438e-01
2.88515156e-07,1.88501562e-01
2.88555156e-07,1.88498438e-01
2.88595156e-07,1.88500000e-01
2.88635156e-07,1.88500000e-01
2.88675156e-07,1.88500000e-01
2.88715156e-07,1.88500000e-01
2.88755156e-07,1.88500000e-01
2.88795156e-07,1.88500000e-01
2.88835156e-07,1.88500000e-01
2.88875156e-07,1.88500000e-01
2.88915156e-07,1.88500000e-01
2.88955156e-07,1.88500000e-01
2.88995156e-07,1.88500000e-01
2.89035156e-07,1.88500000e-01
2.89075156e-07,1.88500000e-01
2.89115156e-07,1.88500000e-01
2.89155156e-07,1.88500000e-01
2.89195156e-07,1.88500000e-01
2.89235156e-07,1.88500000e-01
2.89275156e-07,1.88500000e-01
2.89315156e-07,1.88500000e-01
2.89355156e-07,1.88500000e-01
2.89395156e-07,1.88500000e-01
2.89435156e-07,1.88500000e-01
2.89475156e-07,1.88498438e-01
2.89515156e-07,1.88501562e-01
2.89555156e-07,1.88498438e-01
2.89595156e-07,1.88501562e-01
2.89635156e-07,1.88498438e-01
2.89675156e-07,1.88501562e-01
2.89715156e-07,1.88498438e-01
2.89755156e-07,1.88501562e-01
2.89795156e-07,1.88498438e-01
2.89835156e-07,1.88501562e-01
2.89875156e-07,1.88498438e-01
2.89915156e-07,1.88501562e-01
2.89955156e-07,1.88498438e-01
2.89995156e-07,1.88501562e-01
2.90035156e-07,1.88498438e-01
2.90075156e-07,1.88501562e-01
2.90115156e-07,1.88498438e-01
2.90155156e-07,1.88501562e-01
2.90195156e-07,1.88498438e-01
2.90235156e-07,1.88501562e-01
2.90275156e-07,1.88498438e-01
2.90315156e-07,1.88501562e-01
2.90355156e-07,1.88498438e-01
2.90395156e-07,1.88503125e-01
2.90435156e-07,1.88496875e-01
2.90475156e-07,1.88503125e-01
2.90515156e-07,1.88496875e-01
2.90555156e-07,1.88503125e-01
2.90595156e-07,1.88496875e-01
2.90635156e-07,1.88503125e-01
2.90675156e-07,1.88495313e-01
2.90715156e-07,1.88504688e-01
2.90755156e-07,1.88495313e-01
2.90795156e-07,1.88504688e-01
2.90835156e-07,1.88493750e-01
2.90875156e-07,1.88506250e-01
2.90915156e-07,1.88492188e-01
2.90955156e-07,1.88507813e-01
2.90995156e-07,1.88490625e-01
2.91035156e-07,1.88510938e-01
2.91075156e-07,1.88487500e-01
2.91115156e-07,1.88515625e-01
2.91155156e-07,1.88478125e-01
2.91195156e-07,1.88531250e-01
2.91235156e-07,1.88443750e-01
2.91275156e-07,1.88709375e-01
2.91315156e-07,1.88953125e-01
2.91355156e-07,1.88871875e-01
2.91395156e-07,1.88918750e-01
2.91435156e-07,1.88885938e-01
2.91475156e-07,1.88909375e-01
2.91515156e-07,1.88892188e-01
2.91555156e-07,1.88904688e-01
2.91595156e-07,1.88896875e-01
2.91635156e-07,1.88901563e-01
2.91675156e-07,1.88900000e-01
2.91715156e-07,1.88896875e-01
2.91755156e-07,1.88906250e-01
2.91795156e-07,1.88887500e-01
2.91835156e-07,1.88921875e-01
2.91875156e-07,1.88853125e-01
2.91915156e-07,1.89100000e-01
2.91955156e-07,1.89362500e-01
2.91995156e-07,1.89262500e-01
2.92035156e-07,1.89328125e-01
2.92075156e-07,1.89276562e-01
2.92115156e-07,1.89320313e-01
2.92155156e-07,1.89281250e-01
2.92195156e-07,1.89317188e-01
2.92235156e-07,1.89282813e-01
2.92275156e-07,1.89317188e-01
2.92315156e-07,1.89284375e-01
2.92355156e-07,1.89315625e-01
2.92395156e-07,1.89282813e-01
2.92435156e-07,1.89317188e-01
2.92475156e-07,1.89281250e-01
2.92515156e-07,1.89320313e-01
2.92555156e-07,1.89278125e-01
2.92595156e-07,1.89326563e-01
2.92635156e-07,1.89264062e-01
2.92675156e-07,1.89360937e-01
2.92715156e-07,1.89087500e-01
2.92755156e-07,1.88850000e-01
2.92795156e-07,1.88926563e-01
2.92835156e-07,1.88882812e-01
2.92875156e-07,1.88914063e-01
2.92915156e-07,1.88887500e-01
2.92955156e-07,1.88912500e-01
2.92995156e-07,1.88887500e-01
2.93035156e-07,1.88917188e-01
2.93075156e-07,1.88875000e-01
2.93115156e-07,1.88948438e-01
2.93155156e-07,1.88700000e-01
2.93195156e-07,1.88435938e-01
2.93235156e-07,1.88542188e-01
2.93275156e-07,1.88464063e-01
2.93315156e-07,1.88535938e-01
2.93355156e-07,1.88457813e-01
2.93395156e-07,1.88565625e-01
2.93435156e-07,1.88282813e-01
2.93475156e-07,1.88051563e-01
2.93515156e-07,1.88126563e-01
2.93555156e-07,1.88079688e-01
2.93595156e-07,1.88120312e-01
2.93635156e-07,1.88075000e-01
2.93675156e-07,1.88148438e-01
2.93715156e-07,1.87901563e-01
2.93755156e-07,1.87632812e-01
2.93795156e-07,1.87745313e-01
2.93835156e-07,1.87659375e-01
2.93875156e-07,1.87740625e-01
2.93915156e-07,1.87651563e-01
2.93955156e-07,1.87771875e-01
2.93995156e-07,1.87475000e-01
2.94035156e-07,1.87262500e-01
2.94075156e-07,1.87314063e-01
2.94115156e-07,1.87296875e-01
2.94155156e-07,1.87296875e-01
2.94195156e-07,1.87307813e-01
2.94235156e-07,1.87287500e-01
2.94275156e-07,1.87318750e-01
2.94315156e-07,1.87270313e-01
2.94355156e-07,1.87356250e-01
2.94395156e-07,1.87090625e-01
2.94435156e-07,1.86848438e-01
2.94475156e-07,1.86928125e-01
2.94515156e-07,1.86882812e-01
2.94555156e-07,1.86912500e-01
2.94595156e-07,1.86892188e-01
2.94635156e-07,1.86906250e-01
2.94675156e-07,1.86896875e-01
2.94715156e-07,1.86901563e-01
2.94755156e-07,1.86900000e-01
2.94795156e-07,1.86898438e-01
2.94835156e-07,1.86904687e-01
2.94875156e-07,1.86893750e-01
2.94915156e-07,1.86910938e-01
2.94955156e-07,1.86884375e-01
2.94995156e-07,1.86926563e-01
2.95035156e-07,1.86848438e-01
2.95075156e-07,1.87104688e-01
2.95115156e-07,1.87357812e-01
2.95155156e-07,1.87267188e-01
2.95195156e-07,1.87323437e-01
2.95235156e-07,1.87281250e-01
2.95275156e-07,1.87315625e-01
2.95315156e-07,1.87287500e-01
2.95355156e-07,1.87310937e-01
2.95395156e-07,1.87289063e-01
2.95435156e-07,1.87309375e-01
2.95475156e-07,1.87292188e-01
2.95515156e-07,1.87307813e-01
2.95555156e-07,1.87292188e-01
2.95595156e-07,1.87306250e-01
2.95635156e-07,1.87293750e-01
2.95675156e-07,1.87306250e-01
2.95715156e-07,1.87293750e-01
2.95755156e-07,1.87304688e-01
2.95795156e-07,1.87295313e-01
2.95835156e-07,1.87304688e-01
2.95875156e-07,1.87295313e-01
2.95915156e-07,1.87304688e-01
2.95955156e-07,1.87295313e-01
2.95995156e-07,1.87303125e-01
2.96035156e-07,1.87296875e-01
2.96075156e-07,1.87303125e-01
2.96115156e-07,1.87296875e-01
2.96155156e-07,1.87303125e-01
2.96195156e-07,1.87296875e-01
2.96235156e-07,1.87303125e-01
2.96275156e-07,1.87296875e-01
2.96315156e-07,1.87303125e-01
2.96355156e-07,1.87296875e-01
2.96395156e-07,1.87303125e-01
2.96435156e-07,1.87298437e-01
2.96475156e-07,1.87301563e-01
2.96515156e-07,1.87298437e-01
2.96555156e-07,1.87301563e-01
2.96595156e-07,1.87298437e-01
2.96635156e-07,1.87301563e-01
2.96675156e-07,1.87298437e-01
2.96715156e-07,1.87301563e-01
2.96755156e-07,1.87298437e-01
2.96795156e-07,1.87301563e-01
2.96835156e-07,1.87298437e-01
2.96875156e-07,1.87301563e-01
2.96915156e-07,1.87300000e-01
2.96955156e-07,1.87300000e-01
2.96995156e-07,1.87300000e-01
2.97035156e-07,1.87300000e-01
2.97075156e-07,1.87300000e-01
2.97115156e-07,1.87300000e-01
2.97155156e-07,1.87300000e-01
2.97195156e-07,1.87298437e-01
2.97235156e-07,1.87301563e-01
2.97275156e-07,1.87298437e-01
2.97315156e-07,1.87301563e-01
2.97355156e-07,1.87296875e-01
2.97395156e-07,1.87303125e-01
2.97435156e-07,1.87295313e-01
2.97475156e-07,1.87306250e-01
2.97515156e-07,1.87292188e-01
2.97555156e-07,1.87310937e-01
2.97595156e-07,1.87284375e-01
2.97635156e-07,1.87325000e-01
2.97675156e-07,1.87250000e-01
2.97715156e-07,1.87503125e-01
2.97755156e-07,1.87759375e-01
2.97795156e-07,1.87664063e-01
2.97835156e-07,1.87726562e-01
2.97875156e-07,1.87678125e-01
2.97915156e-07,1.87718750e-01
2.97955156e-07,1.87682813e-01
2.97995156e-07,1.87715625e-01
2.98035156e-07,1.87684375e-01
2.98075156e-07,1.87714063e-01
2.98115156e-07,1.87685938e-01
2.98155156e-07,1.87715625e-01
2.98195156e-07,1.87684375e-01
2.98235156e-07,1.87717187e-01
2.98275156e-07,1.87681250e-01
2.98315156e-07,1.87721875e-01
2.98355156e-07,1.87673438e-01
2.98395156e-07,1.87735938e-01
2.98435156e-07,1.87639063e-01
2.98475156e-07,1.87912500e-01
2.98515156e-07,1.88150000e-01
2.98555156e-07,1.88075000e-01
2.98595156e-07,1.88117188e-01
2.98635156e-07,1.88089063e-01
2.98675156e-07,1.88109375e-01
2.98715156e-07,1.88093750e-01
2.98755156e-07,1.88104688e-01
2.98795156e-07,1.88095313e-01
2.98835156e-07,1.88103125e-01
2.98875156e-07,1.88096875e-01
2.98915156e-07,1.88103125e-01
2.98955156e-07,1.88098437e-01
2.98995156e-07,1.88101563e-01
2.99035156e-07,1.88098437e-01
2.99075156e-07,1.88101563e-01
2.99115156e-07,1.88098437e-01
2.99155156e-07,1.88100000e-01
2.99195156e-07,1.88100000e-01
2.99235156e-07,1.88100000e-01
2.99275156e-07,1.88100000e-01
2.99315156e-07,1.88100000e-01
2.99355156e-07,1.88100000e-01
2.99395156e-07,1.88100000e-01
2.99435156e-07,1.88100000e-01
2.99475156e-07,1.88100000e-01
2.99515156e-07,1.88100000e-01
2.99555156e-07,1.88100000e-01
2.99595156e-07,1.88100000e-01
2.99635156e-07,1.88100000e-01
2.99675156e-07,1.88100000e-01
2.99715156e-07,1.88100000e-01
2.99755156e-07,1.88100000e-01
2.99795156e-07,1.88100000e-01
2.99835156e-07,1.88100000e-01
2.99875156e-07,1.88100000e-01
2.99915156e-07,1.88100000e-01
2.99955156e-07,1.88100000e-01
2.99995156e-07,1.88101563e-01
3.00035156e-07,1.88098437e-01
3.00075156e-07,1.88101563e-01
3.00115156e-07,1.88098437e-01
3.00155156e-07,1.88101563e-01
3.00195156e-07,1.88098437e-01
3.00235156e-07,1.88101563e-01
3.00275156e-07,1.88098437e-01
3.00315156e-07,1.88101563e-01
3.00355156e-07,1.88098437e-01
3.00395156e-07,1.88101563e-01
3.00435156e-07,1.88098437e-01
3.00475156e-07,1.88101563e-01
3.00515156e-07,1.88098437e-01
3.00555156e-07,1.88101563e-01
3.00595156e-07,1.88098437e-01
3.00635156e-07,1.88101563e-01
3.00675156e-07,1.88096875e-01
3.00715156e-07,1.88103125e-01
3.00755156e-07,1.88096875e-01
3.00795156e-07,1.88103125e-01
3.00835156e-07,1.88096875e-01
3.00875156e-07,1.88104688e-01
3.00915156e-07,1.88095313e-01
3.00955156e-07,1.88106250e-01
3.00995156e-07,1.88093750e-01
3.01035156e-07,1.88107812e-01
3.01075156e-07,1.88090625e-01
3.01115156e-07,1.88112500e-01
3.01155156e-07,1.88082813e-01
3.01195156e-07,1.88128125e-01
3.01235156e-07,1.88048437e-01
3.01275156e-07,1.88304688e-01
3.01315156e-07,1.88557813e-01
3.01355156e-07,1.88465625e-01
3.01395156e-07,1.88525000e-01
3.01435156e-07,1.88479687e-01
3.01475156e-07,1.88517188e-01
3.01515156e-07,1.88484375e-01
3.01555156e-07,1.88514062e-01
3.01595156e-07,1.88485938e-01
3.01635156e-07,1.88514062e-01
3.01675156e-07,1.88485938e-01
3.01715156e-07,1.88514062e-01
3.01755156e-07,1.88485938e-01
3.01795156e-07,1.88514062e-01
3.01835156e-07,1.88484375e-01
3.01875156e-07,1.88517188e-01
3.01915156e-07,1.88481250e-01
3.01955156e-07,1.88521875e-01
3.01995156e-07,1.88471875e-01
3.02035156e-07,1.88537500e-01
3.02075156e-07,1.88435938e-01
3.02115156e-07,1.88717187e-01
3.02155156e-07,1.88943750e-01
3.02195156e-07,1.88882812e-01
3.02235156e-07,1.88904688e-01
3.02275156e-07,1.88904688e-01
3.02315156e-07,1.88882812e-01
3.02355156e-07,1.88943750e-01
3.02395156e-07,1.88701563e-01
3.02435156e-07,1.88437500e-01
3.02475156e-07,1.88539063e-01
3.02515156e-07,1.88471875e-01
3.02555156e-07,1.88523438e-01
3.02595156e-07,1.88479687e-01
3.02635156e-07,1.88517188e-01
3.02675156e-07,1.88484375e-01
3.02715156e-07,1.88515625e-01
3.02755156e-07,1.88485938e-01
3.02795156e-07,1.88514062e-01
3.02835156e-07,1.88487500e-01
3.02875156e-07,1.88512500e-01
3.02915156e-07,1.88487500e-01
3.02955156e-07,1.88512500e-01
3.02995156e-07,1.88487500e-01
3.03035156e-07,1.88512500e-01
3.03075156e-07,1.88487500e-01
3.03115156e-07,1.88512500e-01
3.03155156e-07,1.88485938e-01
3.03195156e-07,1.88514062e-01
3.03235156e-07,1.88484375e-01
3.03275156e-07,1.88515625e-01
3.03315156e-07,1.88482813e-01
3.03355156e-07,1.88520313e-01
3.03395156e-07,1.88476562e-01
3.03435156e-07,1.88528125e-01
3.03475156e-07,1.88460938e-01
3.03515156e-07,1.88564063e-01
3.03555156e-07,1.88282813e-01
3.03595156e-07,1.88056250e-01
3.03635156e-07,1.88120312e-01
3.03675156e-07,1.88090625e-01
3.03715156e-07,1.88103125e-01
3.03755156e-07,1.88100000e-01
3.03795156e-07,1.88095313e-01
3.03835156e-07,1.88107812e-01
3.03875156e-07,1.88087500e-01
3.03915156e-07,1.88118750e-01
3.03955156e-07,1.88070313e-01
3.03995156e-07,1.88156250e-01
3.04035156e-07,1.87889063e-01
3.04075156e-07,1.87650000e-01
3.04115156e-07,1.87725000e-01
3.04155156e-07,1.87687500e-01
3.04195156e-07,1.87704687e-01
3.04235156e-07,1.87704687e-01
3.04275156e-07,1.87684375e-01
3.04315156e-07,1.87743750e-01
3.04355156e-07,1.87501562e-01
3.04395156e-07,1.87239062e-01
3.04435156e-07,1.87334375e-01
3.04475156e-07,1.87279688e-01
3.04515156e-07,1.87306250e-01
3.04555156e-07,1.87320313e-01
3.04595156e-07,1.87125000e-01
3.04635156e-07,1.86812500e-01
3.04675156e-07,1.86965625e-01
3.04715156e-07,1.86842188e-01
3.04755156e-07,1.86959375e-01
3.04795156e-07,1.86834375e-01
3.04835156e-07,1.86989062e-01
3.04875156e-07,1.86657813e-01
3.04915156e-07,1.86481250e-01
3.04955156e-07,1.86493750e-01
3.04995156e-07,1.86520313e-01
3.05035156e-07,1.86465625e-01
3.05075156e-07,1.86562500e-01
3.05115156e-07,1.86281250e-01
3.05155156e-07,1.86057813e-01
3.05195156e-07,1.86115625e-01
3.05235156e-07,1.86096875e-01
3.05275156e-07,1.86095312e-01
3.05315156e-07,1.86114063e-01
3.05355156e-07,1.86075000e-01
3.05395156e-07,1.86153125e-01
3.05435156e-07,1.85892188e-01
3.05475156e-07,1.85646875e-01
3.05515156e-07,1.85728125e-01
3.05555156e-07,1.85682813e-01
3.05595156e-07,1.85710938e-01
3.05635156e-07,1.85695313e-01
3.05675156e-07,1.85700000e-01
3.05715156e-07,1.85706250e-01
3.05755156e-07,1.85682813e-01
3.05795156e-07,1.85743750e-01
3.05835156e-07,1.85503125e-01
3.05875156e-07,1.85235938e-01
3.05915156e-07,1.85340625e-01
3.05955156e-07,1.85268750e-01
3.05995156e-07,1.85326563e-01
3.06035156e-07,1.85276563e-01
3.06075156e-07,1.85321875e-01
3.06115156e-07,1.85279688e-01
3.06155156e-07,1.85320313e-01
3.06195156e-07,1.85279688e-01
3.06235156e-07,1.85321875e-01
3.06275156e-07,1.85276563e-01
3.06315156e-07,1.85328125e-01
3.06355156e-07,1.85262500e-01
3.06395156e-07,1.85362500e-01
3.06435156e-07,1.85085938e-01
3.06475156e-07,1.84851563e-01
3.06515156e-07,1.84925000e-01
3.06555156e-07,1.84884375e-01
3.06595156e-07,1.84910938e-01
3.06635156e-07,1.84892187e-01
3.06675156e-07,1.84906250e-01
3.06715156e-07,1.84895313e-01
3.06755156e-07,1.84904687e-01
3.06795156e-07,1.84896875e-01
3.06835156e-07,1.84903125e-01
3.06875156e-07,1.84896875e-01
3.06915156e-07,1.84903125e-01
3.06955156e-07,1.84898438e-01
3.06995156e-07,1.84901563e-01
3.07035156e-07,1.84898438e-01
3.07075156e-07,1.84901563e-01
3.07115156e-07,1.84898438e-01
3.07155156e-07,1.84901563e-01
3.07195156e-07,1.84898438e-01
3.07235156e-07,1.84901563e-01
3.07275156e-07,1.84898438e-01
3.07315156e-07,1.84901563e-01
3.07355156e-07,1.84896875e-01
3.07395156e-07,1.84903125e-01
3.07435156e-07,1.84896875e-01
3.07475156e-07,1.84903125e-01
3.07515156e-07,1.84896875e-01
3.07555156e-07,1.84904687e-01
3.07595156e-07,1.84895313e-01
3.07635156e-07,1.84904687e-01
3.07675156e-07,1.84893750e-01
3.07715156e-07,1.84907813e-01
3.07755156e-07,1.84890625e-01
3.07795156e-07,1.84912500e-01
3.07835156e-07,1.84882812e-01
3.07875156e-07,1.84926563e-01
3.07915156e-07,1.84848438e-01
3.07955156e-07,1.85104688e-01
3.07995156e-07,1.85357812e-01
3.08035156e-07,1.85265625e-01
3.08075156e-07,1.85325000e-01
3.08115156e-07,1.85279688e-01
3.08155156e-07,1.85317188e-01
3.08195156e-07,1.85284375e-01
3.08235156e-07,1.85314063e-01
3.08275156e-07,1.85285937e-01
3.08315156e-07,1.85314063e-01
3.08355156e-07,1.85285937e-01
3.08395156e-07,1.85314063e-01
3.08435156e-07,1.85285937e-01
3.08475156e-07,1.85315625e-01
3.08515156e-07,1.85282813e-01
3.08555156e-07,1.85320313e-01
3.08595156e-07,1.85275000e-01
3.08635156e-07,1.85334375e-01
3.08675156e-07,1.85240625e-01
3.08715156e-07,1.85512500e-01
3.08755156e-07,1.85750000e-01
3.08795156e-07,1.85673438e-01
3.08835156e-07,1.85717188e-01
3.08875156e-07,1.85687500e-01
3.08915156e-07,1.85709375e-01
3.08955156e-07,1.85692187e-01
3.08995156e-07,1.85706250e-01
3.09035156e-07,1.85695313e-01
3.09075156e-07,1.85704688e-01
3.09115156e-07,1.85696875e-01
3.09155156e-07,1.85703125e-01
3.09195156e-07,1.85696875e-01
3.09235156e-07,1.85703125e-01
3.09275156e-07,1.85698438e-01
3.09315156e-07,1.85701563e-01
3.09355156e-07,1.85698438e-01
3.09395156e-07,1.85701563e-01
3.09435156e-07,1.85698438e-01
3.09475156e-07,1.85701563e-01
3.09515156e-07,1.85698438e-01
3.09555156e-07,1.85701563e-01
3.09595156e-07,1.85698438e-01
3.09635156e-07,1.85700000e-01
3.09675156e-07,1.85700000e-01
3.09715156e-07,1.85700000e-01
3.09755156e-07,1.85700000e-01
3.09795156e-07,1.85700000e-01
3.09835156e-07,1.85700000e-01
3.09875156e-07,1.85700000e-01
3.09915156e-07,1.85700000e-01
3.09955156e-07,1.85700000e-01
3.09995156e-07,1.85700000e-01
3.10035156e-07,1.85700000e-01
3.10075156e-07,1.85700000e-01
3.10115156e-07,1.85700000e-01
3.10155156e-07,1.85700000e-01
3.10195156e-07,1.85700000e-01
3.10235156e-07,1.85700000e-01
3.10275156e-07,1.85700000e-01
3.10315156e-07,1.85700000e-01
3.10355156e-07,1.85700000e-01
3.10395156e-07,1.85700000e-01
3.10435156e-07,1.85700000e-01
3.10475156e-07,1.85701563e-01
3.10515156e-07,1.85698438e-01
3.10555156e-07,1.85701563e-01
3.10595156e-07,1.85698438e-01
3.10635156e-07,1.85701563e-01
3.10675156e-07,1.85698438e-01
3.10715156e-07,1.85701563e-01
3.10755156e-07,1.85698438e-01
3.10795156e-07,1.85701563e-01
3.10835156e-07,1.85698438e-01
3.10875156e-07,1.85701563e-01
3.10915156e-07,1.85696875e-01
3.10955156e-07,1.85703125e-01
3.10995156e-07,1.85696875e-01
3.11035156e-07,1.85703125e-01
3.11075156e-07,1.85696875e-01
3.11115156e-07,1.85704688e-01
3.11155156e-07,1.85695313e-01
3.11195156e-07,1.85706250e-01
3.11235156e-07,1.85693750e-01
3.11275156e-07,1.85707813e-01
3.11315156e-07,1.85689063e-01
3.11355156e-07,1.85714062e-01
3.11395156e-07,1.85681250e-01
3.11435156e-07,1.85728125e-01
3.11475156e-07,1.85646875e-01
3.11515156e-07,1.85906250e-01
3.11555156e-07,1.86156250e-01
3.11595156e-07,1.86067188e-01
3.11635156e-07,1.86123438e-01
3.11675156e-07,1.86081250e-01
3.11715156e-07,1.86115625e-01
3.11755156e-07,1.86085938e-01
3.11795156e-07,1.86112500e-01
3.11835156e-07,1.86087500e-01
3.11875156e-07,1.86110938e-01
3.11915156e-07,1.86089063e-01
3.11955156e-07,1.86110938e-01
3.11995156e-07,1.86089063e-01
3.12035156e-07,1.86110938e-01
3.12075156e-07,1.86089063e-01
3.12115156e-07,1.86112500e-01
3.12155156e-07,1.86087500e-01
3.12195156e-07,1.86114063e-01
3.12235156e-07,1.86084375e-01
3.12275156e-07,1.86118750e-01
3.12315156e-07,1.86076563e-01
3.12355156e-07,1.86132812e-01
3.12395156e-07,1.86042188e-01
3.12435156e-07,1.86310937e-01
3.12475156e-07,1.86551563e-01
3.12515156e-07,1.86471875e-01
3.12555156e-07,1.86518750e-01
3.12595156e-07,1.86485938e-01
3.12635156e-07,1.86510938e-01
3.12675156e-07,1.86490625e-01
3.12715156e-07,1.86507813e-01
3.12755156e-07,1.86493750e-01
3.12795156e-07,1.86506250e-01
3.12835156e-07,1.86495313e-01
3.12875156e-07,1.86504688e-01
3.12915156e-07,1.86495313e-01
3.12955156e-07,1.86504688e-01
3.12995156e-07,1.86496875e-01
3.13035156e-07,1.86503125e-01
3.13075156e-07,1.86496875e-01
3.13115156e-07,1.86503125e-01
3.13155156e-07,1.86496875e-01
3.13195156e-07,1.86503125e-01
3.13235156e-07,1.86496875e-01
3.13275156e-07,1.86503125e-01
3.13315156e-07,1.86496875e-01
3.13355156e-07,1.86503125e-01
3.13395156e-07,1.86496875e-01
3.13435156e-07,1.86503125e-01
3.13475156e-07,1.86496875e-01
3.13515156e-07,1.86504688e-01
3.13555156e-07,1.86495313e-01
3.13595156e-07,1.86504688e-01
3.13635156e-07,1.86495313e-01
3.13675156e-07,1.86506250e-01
3.13715156e-07,1.86493750e-01
3.13755156e-07,1.86507813e-01
3.13795156e-07,1.86490625e-01
3.13835156e-07,1.86512500e-01
3.13875156e-07,1.86482813e-01
3.13915156e-07,1.86526562e-01
3.13955156e-07,1.86448438e-01
3.13995156e-07,1.86704688e-01
3.14035156e-07,1.86959375e-01
3.14075156e-07,1.86864063e-01
3.14115156e-07,1.86926563e-01
3.14155156e-07,1.86876563e-01
3.14195156e-07,1.86921875e-01
3.14235156e-07,1.86878125e-01
3.14275156e-07,1.86923438e-01
3.14315156e-07,1.86873438e-01
3.14355156e-07,1.86935938e-01
3.14395156e-07,1.86840625e-01
3.14435156e-07,1.87112500e-01
3.14475156e-07,1.87350000e-01
3.14515156e-07,1.87273438e-01
3.14555156e-07,1.87318750e-01
3.14595156e-07,1.87285937e-01
3.14635156e-07,1.87310937e-01
3.14675156e-07,1.87290625e-01
3.14715156e-07,1.87309375e-01
3.14755156e-07,1.87292188e-01
3.14795156e-07,1.87307813e-01
3.14835156e-07,1.87292188e-01
3.14875156e-07,1.87307813e-01
3.14915156e-07,1.87292188e-01
3.14955156e-07,1.87309375e-01
3.14995156e-07,1.87290625e-01
3.15035156e-07,1.87310937e-01
3.15075156e-07,1.87287500e-01
3.15115156e-07,1.87315625e-01
3.15155156e-07,1.87279688e-01
3.15195156e-07,1.87329688e-01
3.15235156e-07,1.87245313e-01
3.15275156e-07,1.87507813e-01
3.15315156e-07,1.87754688e-01
3.15355156e-07,1.87668750e-01
3.15395156e-07,1.87721875e-01
3.15435156e-07,1.87682813e-01
3.15475156e-07,1.87714063e-01
3.15515156e-07,1.87687500e-01
3.15555156e-07,1.87710938e-01
3.15595156e-07,1.87690625e-01
3.15635156e-07,1.87707813e-01
3.15675156e-07,1.87692187e-01
3.15715156e-07,1.87707813e-01
3.15755156e-07,1.87693750e-01
3.15795156e-07,1.87706250e-01
3.15835156e-07,1.87693750e-01
3.15875156e-07,1.87706250e-01
3.15915156e-07,1.87693750e-01
3.15955156e-07,1.87706250e-01
3.15995156e-07,1.87693750e-01
3.16035156e-07,1.87706250e-01
3.16075156e-07,1.87693750e-01
3.16115156e-07,1.87704687e-01
3.16155156e-07,1.87695313e-01
3.16195156e-07,1.87704687e-01
3.16235156e-07,1.87695313e-01
3.16275156e-07,1.87704687e-01
3.16315156e-07,1.87695313e-01
3.16355156e-07,1.87704687e-01
3.16395156e-07,1.87695313e-01
3.16435156e-07,1.87704687e-01
3.16475156e-07,1.87695313e-01
3.16515156e-07,1.87706250e-01
3.16555156e-07,1.87693750e-01
3.16595156e-07,1.87706250e-01
3.16635156e-07,1.87693750e-01
3.16675156e-07,1.87706250e-01
3.16715156e-07,1.87693750e-01
3.16755156e-07,1.87706250e-01
3.16795156e-07,1.87693750e-01
3.16835156e-07,1.87706250e-01
3.16875156e-07,1.87693750e-01
3.16915156e-07,1.87707813e-01
3.16955156e-07,1.87692187e-01
3.16995156e-07,1.87707813e-01
3.17035156e-07,1.87690625e-01
3.17075156e-07,1.87709375e-01
3.17115156e-07,1.87689063e-01
3.17155156e-07,1.87710938e-01
3.17195156e-07,1.87687500e-01
3.17235156e-07,1.87715625e-01
3.17275156e-07,1.87681250e-01
3.17315156e-07,1.87723438e-01
3.17355156e-07,1.87667187e-01
3.17395156e-07,1.87757813e-01
3.17435156e-07,1.87489062e-01
3.17475156e-07,1.87248438e-01
3.17515156e-07,1.87328125e-01
3.17555156e-07,1.87281250e-01
3.17595156e-07,1.87312500e-01
3.17635156e-07,1.87290625e-01
3.17675156e-07,1.87307813e-01
3.17715156e-07,1.87293750e-01
3.17755156e-07,1.87304688e-01
3.17795156e-07,1.87295313e-01
3.17835156e-07,1.87303125e-01
3.17875156e-07,1.87296875e-01
3.17915156e-07,1.87303125e-01
3.17955156e-07,1.87298437e-01
3.17995156e-07,1.87301563e-01
3.18035156e-07,1.87298437e-01
3.18075156e-07,1.87301563e-01
3.18115156e-07,1.87298437e-01
3.18155156e-07,1.87300000e-01
3.18195156e-07,1.87300000e-01
3.18235156e-07,1.87300000e-01
3.18275156e-07,1.87300000e-01
3.18315156e-07,1.87300000e-01
3.18355156e-07,1.87300000e-01
3.18395156e-07,1.87300000e-01
3.18435156e-07,1.87300000e-01
3.18475156e-07,1.87298437e-01
3.18515156e-07,1.87301563e-01
3.18555156e-07,1.87298437e-01
3.18595156e-07,1.87301563e-01
3.18635156e-07,1.87298437e-01
3.18675156e-07,1.87301563e-01
3.18715156e-07,1.87298437e-01
3.18755156e-07,1.87301563e-01
3.18795156e-07,1.87296875e-01
3.18835156e-07,1.87303125e-01
3.18875156e-07,1.87296875e-01
3.18915156e-07,1.87303125e-01
3.18955156e-07,1.87296875e-01
3.18995156e-07,1.87303125e-01
3.19035156e-07,1.87295313e-01
3.19075156e-07,1.87304688e-01
3.19115156e-07,1.87295313e-01
3.19155156e-07,1.87306250e-01
3.19195156e-07,1.87293750e-01
3.19235156e-07,1.87307813e-01
3.19275156e-07,1.87292188e-01
3.19315156e-07,1.87309375e-01
3.19355156e-07,1.87287500e-01
3.19395156e-07,1.87315625e-01
3.19435156e-07,1.87279688e-01
3.19475156e-07,1.87329688e-01
3.19515156e-07,1.87245313e-01
3.19555156e-07,1.87507813e-01
3.19595156e-07,1.87754688e-01
3.19635156e-07,1.87668750e-01
3.19675156e-07,1.87721875e-01
3.19715156e-07,1.87684375e-01
3.19755156e-07,1.87714063e-01
3.19795156e-07,1.87689063e-01
3.19835156e-07,1.87709375e-01
3.19875156e-07,1.87690625e-01
3.19915156e-07,1.87707813e-01
3.19955156e-07,1.87692187e-01
3.19995156e-07,1.87707813e-01
3.20035156e-07,1.87693750e-01
3.20075156e-07,1.87706250e-01
3.20115156e-07,1.87693750e-01
3.20155156e-07,1.87706250e-01
3.20195156e-07,1.87692187e-01
3.20235156e-07,1.87707813e-01
3.20275156e-07,1.87692187e-01
3.20315156e-07,1.87709375e-01
3.20355156e-07,1.87689063e-01
3.20395156e-07,1.87714063e-01
3.20435156e-07,1.87681250e-01
3.20475156e-07,1.87728125e-01
3.20515156e-07,1.87648438e-01
3.20555156e-07,1.87904688e-01
3.20595156e-07,1.88157813e-01
3.20635156e-07,1.88064063e-01
3.20675156e-07,1.88126563e-01
3.20715156e-07,1.88076563e-01
3.20755156e-07,1.88120312e-01
3.20795156e-07,1.88079688e-01
3.20835156e-07,1.88120312e-01
3.20875156e-07,1.88078125e-01
3.20915156e-07,1.88123438e-01
3.20955156e-07,1.88071875e-01
3.20995156e-07,1.88137500e-01
3.21035156e-07,1.88037500e-01
3.21075156e-07,1.88315625e-01
3.21115156e-07,1.88545313e-01
3.21155156e-07,1.88478125e-01
3.21195156e-07,1.88512500e-01
3.21235156e-07,1.88493750e-01
3.21275156e-07,1.88501562e-01
3.21315156e-07,1.88501562e-01
3.21355156e-07,1.88495313e-01
3.21395156e-07,1.88509375e-01
3.21435156e-07,1.88485938e-01
3.21475156e-07,1.88525000e-01
3.21515156e-07,1.88450000e-01
3.21555156e-07,1.88703125e-01
3.21595156e-07,1.88957813e-01
3.21635156e-07,1.88865625e-01
3.21675156e-07,1.88925000e-01
3.21715156e-07,1.88881250e-01
3.21755156e-07,1.88915625e-01
3.21795156e-07,1.88885938e-01
3.21835156e-07,1.88912500e-01
3.21875156e-07,1.88889063e-01
3.21915156e-07,1.88910938e-01
3.21955156e-07,1.88890625e-01
3.21995156e-07,1.88909375e-01
3.22035156e-07,1.88892188e-01
3.22075156e-07,1.88907812e-01
3.22115156e-07,1.88892188e-01
3.22155156e-07,1.88907812e-01
3.22195156e-07,1.88893750e-01
3.22235156e-07,1.88906250e-01
3.22275156e-07,1.88893750e-01
3.22315156e-07,1.88906250e-01
3.22355156e-07,1.88893750e-01
3.22395156e-07,1.88906250e-01
3.22435156e-07,1.88893750e-01
3.22475156e-07,1.88904688e-01
3.22515156e-07,1.88895312e-01
3.22555156e-07,1.88904688e-01
3.22595156e-07,1.88895312e-01
3.22635156e-07,1.88904688e-01
3.22675156e-07,1.88895312e-01
3.22715156e-07,1.88904688e-01
3.22755156e-07,1.88895312e-01
3.22795156e-07,1.88904688e-01
3.22835156e-07,1.88895312e-01
3.22875156e-07,1.88904688e-01
3.22915156e-07,1.88895312e-01
3.22955156e-07,1.88904688e-01
3.22995156e-07,1.88895312e-01
3.23035156e-07,1.88904688e-01
3.23075156e-07,1.88895312e-01
3.23115156e-07,1.88906250e-01
3.23155156e-07,1.88893750e-01
3.23195156e-07,1.88906250e-01
3.23235156e-07,1.88893750e-01
3.23275156e-07,1.88906250e-01
3.23315156e-07,1.88893750e-01
3.23355156e-07,1.88907812e-01
3.23395156e-07,1.88892188e-01
3.23435156e-07,1.88909375e-01
3.23475156e-07,1.88890625e-01
3.23515156e-07,1.88910938e-01
3.23555156e-07,1.88885938e-01
3.23595156e-07,1.88915625e-01
3.23635156e-07,1.88878125e-01
3.23675156e-07,1.88931250e-01
3.23715156e-07,1.88843750e-01
3.23755156e-07,1.89109375e-01
3.23795156e-07,1.89353125e-01
3.23835156e-07,1.89270313e-01
3.23875156e-07,1.89320313e-01
3.23915156e-07,1.89284375e-01
3.23955156e-07,1.89312500e-01
3.23995156e-07,1.89289062e-01
3.24035156e-07,1.89309375e-01
3.24075156e-07,1.89292188e-01
3.24115156e-07,1.89307813e-01
3.24155156e-07,1.89292188e-01
3.24195156e-07,1.89306250e-01
3.24235156e-07,1.89293750e-01
3.24275156e-07,1.89306250e-01
3.24315156e-07,1.89293750e-01
3.24355156e-07,1.89306250e-01
3.24395156e-07,1.89293750e-01
3.24435156e-07,1.89306250e-01
3.24475156e-07,1.89293750e-01
3.24515156e-07,1.89306250e-01
3.24555156e-07,1.89293750e-01
3.24595156e-07,1.89306250e-01
3.24635156e-07,1.89293750e-01
3.24675156e-07,1.89306250e-01
3.24715156e-07,1.89293750e-01
3.24755156e-07,1.89307813e-01
3.24795156e-07,1.89292188e-01
3.24835156e-07,1.89309375e-01
3.24875156e-07,1.89290625e-01
3.24915156e-07,1.89310937e-01
3.24955156e-07,1.89287500e-01
3.24995156e-07,1.89314063e-01
3.25035156e-07,1.89282813e-01
3.25075156e-07,1.89323437e-01
3.25115156e-07,1.89267188e-01
3.25155156e-07,1.89357813e-01
3.25195156e-07,1.89089063e-01
3.25235156e-07,1.88848438e-01
3.25275156e-07,1.88926563e-01
3.25315156e-07,1.88882812e-01
3.25355156e-07,1.88910938e-01
3.25395156e-07,1.88892188e-01
3.25435156e-07,1.88904688e-01
3.25475156e-07,1.88896875e-01
3.25515156e-07,1.88900000e-01
3.25555156e-07,1.88903125e-01
3.25595156e-07,1.88893750e-01
3.25635156e-07,1.88910938e-01
3.25675156e-07,1.88878125e-01
3.25715156e-07,1.88946875e-01
3.25755156e-07,1.88700000e-01
3.25795156e-07,1.88437500e-01
3.25835156e-07,1.88539063e-01
3.25875156e-07,1.88470313e-01
3.25915156e-07,1.88525000e-01
3.25955156e-07,1.88478125e-01
3.25995156e-07,1.88520313e-01
3.26035156e-07,1.88479687e-01
3.26075156e-07,1.88520313e-01
3.26115156e-07,1.88479687e-01
3.26155156e-07,1.88521875e-01
3.26195156e-07,1.88475000e-01
3.26235156e-07,1.88528125e-01
3.26275156e-07,1.88462500e-01
3.26315156e-07,1.88562500e-01
3.26355156e-07,1.88284375e-01
3.26395156e-07,1.88053125e-01
3.26435156e-07,1.88123438e-01
3.26475156e-07,1.88085937e-01
3.26515156e-07,1.88109375e-01
3.26555156e-07,1.88092188e-01
3.26595156e-07,1.88104688e-01
3.26635156e-07,1.88095313e-01
3.26675156e-07,1.88103125e-01
3.26715156e-07,1.88096875e-01
3.26755156e-07,1.88101563e-01
3.26795156e-07,1.88098437e-01
3.26835156e-07,1.88101563e-01
3.26875156e-07,1.88098437e-01
3.26915156e-07,1.88100000e-01
3.26955156e-07,1.88100000e-01
3.26995156e-07,1.88100000e-01
3.27035156e-07,1.88100000e-01
3.27075156e-07,1.88100000e-01
3.27115156e-07,1.88100000e-01
3.27155156e-07,1.88100000e-01
3.27195156e-07,1.88100000e-01
3.27235156e-07,1.88100000e-01
3.27275156e-07,1.88100000e-01
3.27315156e-07,1.88100000e-01
3.27355156e-07,1.88100000e-01
3.27395156e-07,1.88100000e-01
3.27435156e-07,1.88100000e-01
3.27475156e-07,1.88100000e-01
3.27515156e-07,1.88100000e-01
3.27555156e-07,1.88100000e-01
3.27595156e-07,1.88100000e-01
3.27635156e-07,1.88100000e-01
3.27675156e-07,1.88100000e-01
3.27715156e-07,1.88100000e-01
3.27755156e-07,1.88100000e-01
3.27795156e-07,1.88100000e-01
3.27835156e-07,1.88100000e-01
3.27875156e-07,1.88100000e-01
3.27915156e-07,1.88100000e-01
3.27955156e-07,1.88101563e-01
3.27995156e-07,1.88098437e-01
3.28035156e-07,1.88101563e-01
3.28075156e-07,1.88098437e-01
3.28115156e-07,1.88101563e-01
3.28155156e-07,1.88096875e-01
3.28195156e-07,1.88103125e-01
3.28235156e-07,1.88095313e-01
3.28275156e-07,1.88104688e-01
3.28315156e-07,1.88093750e-01
3.28355156e-07,1.88107812e-01
3.28395156e-07,1.88089063e-01
3.28435156e-07,1.88115625e-01
3.28475156e-07,1.88073437e-01
3.28515156e-07,1.88150000e-01
3.28555156e-07,1.87896875e-01
3.28595156e-07,1.87640625e-01
3.28635156e-07,1.87735938e-01
3.28675156e-07,1.87673438e-01
3.28715156e-07,1.87721875e-01
3.28755156e-07,1.87681250e-01
3.28795156e-07,1.87717187e-01
3.28835156e-07,1.87684375e-01
3.28875156e-07,1.87714063e-01
3.28915156e-07,1.87685938e-01
3.28955156e-07,1.87714063e-01
3.28995156e-07,1.87685938e-01
3.29035156e-07,1.87712500e-01
3.29075156e-07,1.87685938e-01
3.29115156e-07,1.87714063e-01
3.29155156e-07,1.87685938e-01
3.29195156e-07,1.87714063e-01
3.29235156e-07,1.87684375e-01
3.29275156e-07,1.87715625e-01
3.29315156e-07,1.87682813e-01
3.29355156e-07,1.87718750e-01
3.29395156e-07,1.87679687e-01
3.29435156e-07,1.87723438e-01
3.29475156e-07,1.87670313e-01
3.29515156e-07,1.87739062e-01
3.29555156e-07,1.87634375e-01
3.29595156e-07,1.87918750e-01
3.29635156e-07,1.88142188e-01
3.29675156e-07,1.88081250e-01
3.29715156e-07,1.88107812e-01
3.29755156e-07,1.88098437e-01
3.29795156e-07,1.88095313e-01
3.29835156e-07,1.88109375e-01
3.29875156e-07,1.88084375e-01
3.29915156e-07,1.88128125e-01
3.29955156e-07,1.88046875e-01
3.29995156e-07,1.88307813e-01
3.30035156e-07,1.88553125e-01
3.30075156e-07,1.88473438e-01
3.30115156e-07,1.88515625e-01
3.30155156e-07,1.88492188e-01
3.30195156e-07,1.88500000e-01
3.30235156e-07,1.88510938e-01
3.30275156e-07,1.88462500e-01
3.30315156e-07,1.88690625e-01
3.30355156e-07,1.88970313e-01
3.30395156e-07,1.88853125e-01
3.30435156e-07,1.88939063e-01
3.30475156e-07,1.88864063e-01
3.30515156e-07,1.88934375e-01
3.30555156e-07,1.88862500e-01
3.30595156e-07,1.88945313e-01
3.30635156e-07,1.88831250e-01
3.30675156e-07,1.89120312e-01
3.30715156e-07,1.89342188e-01
3.30755156e-07,1.89281250e-01
3.30795156e-07,1.89310937e-01
3.30835156e-07,1.89293750e-01
3.30875156e-07,1.89303125e-01
3.30915156e-07,1.89298437e-01
3.30955156e-07,1.89301563e-01
3.30995156e-07,1.89300000e-01
3.31035156e-07,1.89300000e-01
3.31075156e-07,1.89301563e-01
3.31115156e-07,1.89298437e-01
3.31155156e-07,1.89301563e-01
3.31195156e-07,1.89298437e-01
3.31235156e-07,1.89301563e-01
3.31275156e-07,1.89298437e-01
3.31315156e-07,1.89303125e-01
3.31355156e-07,1.89296875e-01
3.31395156e-07,1.89303125e-01
3.31435156e-07,1.89296875e-01
3.31475156e-07,1.89303125e-01
3.31515156e-07,1.89296875e-01
3.31555156e-07,1.89303125e-01
3.31595156e-07,1.89296875e-01
3.31635156e-07,1.89304688e-01
3.31675156e-07,1.89295313e-01
3.31715156e-07,1.89304688e-01
3.31755156e-07,1.89295313e-01
3.31795156e-07,1.89306250e-01
3.31835156e-07,1.89293750e-01
3.31875156e-07,1.89306250e-01
3.31915156e-07,1.89292188e-01
3.31955156e-07,1.89309375e-01
3.31995156e-07,1.89289062e-01
3.32035156e-07,1.89312500e-01
3.32075156e-07,1.89284375e-01
3.32115156e-07,1.89320313e-01
3.32155156e-07,1.89270313e-01
3.32195156e-07,1.89354688e-01
3.32235156e-07,1.89092188e-01
3.32275156e-07,1.88845313e-01
3.32315156e-07,1.88929687e-01
3.32355156e-07,1.88879688e-01
3.32395156e-07,1.88915625e-01
3.32435156e-07,1.88887500e-01
3.32475156e-07,1.88910938e-01
3.32515156e-07,1.88890625e-01
3.32555156e-07,1.88907812e-01
3.32595156e-07,1.88892188e-01
3.32635156e-07,1.88906250e-01
3.32675156e-07,1.88893750e-01
3.32715156e-07,1.88906250e-01
3.32755156e-07,1.88893750e-01
3.32795156e-07,1.88904688e-01
3.32835156e-07,1.88895312e-01
3.32875156e-07,1.88904688e-01
3.32915156e-07,1.88895312e-01
3.32955156e-07,1.88904688e-01
3.32995156e-07,1.88895312e-01
3.33035156e-07,1.88904688e-01
3.33075156e-07,1.88895312e-01
3.33115156e-07,1.88904688e-01
3.33155156e-07,1.88896875e-01
3.33195156e-07,1.88903125e-01
3.33235156e-07,1.88896875e-01
3.33275156e-07,1.88903125e-01
3.33315156e-07,1.88896875e-01
3.33355156e-07,1.88903125e-01
3.33395156e-07,1.88896875e-01
3.33435156e-07,1.88903125e-01
3.33475156e-07,1.88896875e-01
3.33515156e-07,1.88903125e-01
3.33555156e-07,1.88896875e-01
3.33595156e-07,1.88903125e-01
3.33635156e-07,1.88896875e-01
3.33675156e-07,1.88903125e-01
3.33715156e-07,1.88896875e-01
3.33755156e-07,1.88903125e-01
3.33795156e-07,1.88896875e-01
3.33835156e-07,1.88903125e-01
3.33875156e-07,1.88896875e-01
3.33915156e-07,1.88903125e-01
3.33955156e-07,1.88896875e-01
3.33995156e-07,1.88903125e-01
3.34035156e-07,1.88896875e-01
3.34075156e-07,1.88903125e-01
3.34115156e-07,1.88896875e-01
3.34155156e-07,1.88904688e-01
3.34195156e-07,1.88895312e-01
3.34235156e-07,1.88904688e-01
3.34275156e-07,1.88895312e-01
3.34315156e-07,1.88904688e-01
3.34355156e-07,1.88895312e-01
3.34395156e-07,1.88904688e-01
3.34435156e-07,1.88895312e-01
3.34475156e-07,1.88904688e-01
3.34515156e-07,1.88893750e-01
3.34555156e-07,1.88906250e-01
3.34595156e-07,1.88893750e-01
3.34635156e-07,1.88906250e-01
3.34675156e-07,1.88892188e-01
3.34715156e-07,1.88907812e-01
3.34755156e-07,1.88890625e-01
3.34795156e-07,1.88909375e-01
3.34835156e-07,1.88889063e-01
3.34875156e-07,1.88914063e-01
3.34915156e-07,1.88882812e-01
3.34955156e-07,1.88921875e-01
3.34995156e-07,1.88868750e-01
3.35035156e-07,1.88956250e-01
3.35075156e-07,1.88690625e-01
3.35115156e-07,1.88446875e-01
3.35155156e-07,1.88529688e-01
3.35195156e-07,1.88479687e-01
3.35235156e-07,1.88514062e-01
3.35275156e-07,1.88489062e-01
3.35315156e-07,1.88509375e-01
3.35355156e-07,1.88492188e-01
3.35395156e-07,1.88507813e-01
3.35435156e-07,1.88493750e-01
3.35475156e-07,1.88506250e-01
3.35515156e-07,1.88495313e-01
3.35555156e-07,1.88504688e-01
3.35595156e-07,1.88495313e-01
3.35635156e-07,1.88503125e-01
3.35675156e-07,1.88496875e-01
3.35715156e-07,1.88503125e-01
3.35755156e-07,1.88496875e-01
3.35795156e-07,1.88503125e-01
3.35835156e-07,1.88496875e-01
3.35875156e-07,1.88503125e-01
3.35915156e-07,1.88498438e-01
3.35955156e-07,1.88501562e-01
3.35995156e-07,1.88498438e-01
