Model,MSO66B
Label,
Waveform Type,ANALOG
Horizontal Units,s
Sample Interval,4.00000000e-11
Record Length,10000
Zero Index,1599.07421875
Vertical Units,A
ANALOG_Thumbnail,
yOffset,1.84500000e-01
yPosition,8.40000000e-01

Labels,
TIME,CH1
-6.39629687e-08,1.83109375e-01
-6.39229688e-08,1.83353125e-01
-6.38829687e-08,1.83270313e-01
-6.38429687e-08,1.83320312e-01
-6.38029687e-08,1.83284375e-01
-6.37629687e-08,1.83314063e-01
-6.37229688e-08,1.83287500e-01
-6.36829687e-08,1.83310937e-01
-6.36429688e-08,1.83289063e-01
-6.36029687e-08,1.83309375e-01
-6.35629687e-08,1.83289063e-01
-6.35229687e-08,1.83310937e-01
-6.34829687e-08,1.83289063e-01
-6.34429688e-08,1.83310937e-01
-6.34029687e-08,1.83287500e-01
-6.33629688e-08,1.83314063e-01
-6.33229687e-08,1.83284375e-01
-6.32829687e-08,1.83318750e-01
-6.32429687e-08,1.83276563e-01
-6.32029687e-08,1.83334375e-01
-6.31629688e-08,1.83240625e-01
-6.31229687e-08,1.83512500e-01
-6.30829688e-08,1.83750000e-01
-6.30429687e-08,1.83673438e-01
-6.30029687e-08,1.83717188e-01
-6.29629687e-08,1.83689062e-01
-6.29229687e-08,1.83707813e-01
-6.28829688e-08,1.83693750e-01
-6.28429687e-08,1.83704688e-01
-6.28029688e-08,1.83696875e-01
-6.27629687e-08,1.83701562e-01
-6.27229687e-08,1.83700000e-01
-6.26829687e-08,1.83698438e-01
-6.26429687e-08,1.83701562e-01
-6.26029688e-08,1.83696875e-01
-6.25629687e-08,1.83704688e-01
-6.25229688e-08,1.83693750e-01
-6.24829687e-08,1.83709375e-01
-6.24429687e-08,1.83687500e-01
-6.24029687e-08,1.83718750e-01
-6.23629687e-08,1.83671875e-01
-6.23229688e-08,1.83753125e-01
-6.22829687e-08,1.83493750e-01
-6.22429688e-08,1.83245313e-01
-6.22029687e-08,1.83331250e-01
-6.21629687e-08,1.83278125e-01
-6.21229687e-08,1.83315625e-01
-6.20829687e-08,1.83287500e-01
-6.20429688e-08,1.83310937e-01
-6.20029687e-08,1.83290625e-01
-6.19629688e-08,1.83307813e-01
-6.19229687e-08,1.83293750e-01
-6.18829687e-08,1.83304688e-01
-6.18429687e-08,1.83296875e-01
-6.18029687e-08,1.83301563e-01
-6.17629688e-08,1.83300000e-01
-6.17229687e-08,1.83298437e-01
-6.16829687e-08,1.83303125e-01
-6.16429687e-08,1.83293750e-01
-6.16029687e-08,1.83312500e-01
-6.15629687e-08,1.83278125e-01
-6.15229687e-08,1.83346875e-01
-6.14829688e-08,1.83100000e-01
-6.14429687e-08,1.82837500e-01
-6.14029687e-08,1.82937500e-01
-6.13629687e-08,1.82871875e-01
-6.13229687e-08,1.82923438e-01
-6.12829687e-08,1.82878125e-01
-6.12429687e-08,1.82918750e-01
-6.12029688e-08,1.82882813e-01
-6.11629687e-08,1.82917187e-01
-6.11229687e-08,1.82882813e-01
-6.10829687e-08,1.82917187e-01
-6.10429687e-08,1.82882813e-01
-6.10029687e-08,1.82917187e-01
-6.09629687e-08,1.82882813e-01
-6.09229688e-08,1.82918750e-01
-6.08829687e-08,1.82879687e-01
-6.08429687e-08,1.82923438e-01
-6.08029687e-08,1.82871875e-01
-6.07629687e-08,1.82937500e-01
-6.07229687e-08,1.82837500e-01
-6.06829687e-08,1.83115625e-01
-6.06429688e-08,1.83346875e-01
-6.06029687e-08,1.83276563e-01
-6.05629687e-08,1.83314063e-01
-6.05229687e-08,1.83290625e-01
-6.04829687e-08,1.83306250e-01
-6.04429687e-08,1.83295313e-01
-6.04029687e-08,1.83303125e-01
-6.03629688e-08,1.83298437e-01
-6.03229687e-08,1.83300000e-01
-6.02829687e-08,1.83301563e-01
-6.02429687e-08,1.83298437e-01
-6.02029687e-08,1.83303125e-01
-6.01629687e-08,1.83295313e-01
-6.01229687e-08,1.83306250e-01
-6.00829688e-08,1.83292188e-01
-6.00429687e-08,1.83310937e-01
-6.00029687e-08,1.83284375e-01
-5.99629687e-08,1.83326563e-01
-5.99229687e-08,1.83250000e-01
-5.98829688e-08,1.83503125e-01
-5.98429687e-08,1.83759375e-01
-5.98029688e-08,1.83664063e-01
-5.97629687e-08,1.83726562e-01
-5.97229687e-08,1.83678125e-01
-5.96829687e-08,1.83718750e-01
-5.96429687e-08,1.83682813e-01
-5.96029687e-08,1.83717188e-01
-5.95629687e-08,1.83682813e-01
-5.95229687e-08,1.83717188e-01
-5.94829687e-08,1.83682813e-01
-5.94429687e-08,1.83720313e-01
-5.94029687e-08,1.83678125e-01
-5.93629687e-08,1.83726562e-01
-5.93229687e-08,1.83664063e-01
-5.92829687e-08,1.83760937e-01
-5.92429687e-08,1.83485938e-01
-5.92029687e-08,1.83251563e-01
-5.91629687e-08,1.83323438e-01
-5.91229687e-08,1.83285937e-01
-5.90829687e-08,1.83309375e-01
-5.90429687e-08,1.83293750e-01
-5.90029687e-08,1.83303125e-01
-5.89629687e-08,1.83298437e-01
-5.89229687e-08,1.83300000e-01
-5.88829687e-08,1.83301563e-01
-5.88429687e-08,1.83296875e-01
-5.88029687e-08,1.83306250e-01
-5.87629687e-08,1.83290625e-01
-5.87229687e-08,1.83314063e-01
-5.86829687e-08,1.83276563e-01
-5.86429687e-08,1.83348438e-01
-5.86029687e-08,1.83098438e-01
-5.85629687e-08,1.82839063e-01
-5.85229687e-08,1.82937500e-01
-5.84829687e-08,1.82871875e-01
-5.84429687e-08,1.82925000e-01
-5.84029687e-08,1.82878125e-01
-5.83629687e-08,1.82921875e-01
-5.83229687e-08,1.82876563e-01
-5.82829687e-08,1.82926563e-01
-5.82429687e-08,1.82864063e-01
-5.82029687e-08,1.82959375e-01
-5.81629687e-08,1.82689062e-01
-5.81229687e-08,1.82448438e-01
-5.80829687e-08,1.82529688e-01
-5.80429687e-08,1.82479688e-01
-5.80029687e-08,1.82517188e-01
-5.79629687e-08,1.82484375e-01
-5.79229687e-08,1.82515625e-01
-5.78829687e-08,1.82482813e-01
-5.78429687e-08,1.82521875e-01
-5.78029687e-08,1.82470313e-01
-5.77629687e-08,1.82554688e-01
-5.77229687e-08,1.82292188e-01
-5.76829687e-08,1.82043750e-01
-5.76429687e-08,1.82132813e-01
-5.76029687e-08,1.82076563e-01
-5.75629687e-08,1.82120313e-01
-5.75229687e-08,1.82082812e-01
-5.74829687e-08,1.82117187e-01
-5.74429687e-08,1.82082812e-01
-5.74029687e-08,1.82117187e-01
-5.73629687e-08,1.82079688e-01
-5.73229687e-08,1.82125000e-01
-5.72829687e-08,1.82067188e-01
-5.72429687e-08,1.82157813e-01
-5.72029687e-08,1.81889063e-01
-5.71629687e-08,1.81646875e-01
-5.71229687e-08,1.81729688e-01
-5.70829687e-08,1.81679688e-01
-5.70429687e-08,1.81715625e-01
-5.70029687e-08,1.81687500e-01
-5.69629687e-08,1.81710938e-01
-5.69229687e-08,1.81689062e-01
-5.68829687e-08,1.81709375e-01
-5.68429687e-08,1.81690625e-01
-5.68029687e-08,1.81709375e-01
-5.67629687e-08,1.81689062e-01
-5.67229687e-08,1.81710938e-01
-5.66829687e-08,1.81687500e-01
-5.66429687e-08,1.81714062e-01
-5.66029687e-08,1.81682813e-01
-5.65629687e-08,1.81721875e-01
-5.65229687e-08,1.81668750e-01
-5.64829687e-08,1.81756250e-01
-5.64429687e-08,1.81490625e-01
-5.64029687e-08,1.81246875e-01
-5.63629687e-08,1.81329688e-01
-5.63229687e-08,1.81279688e-01
-5.62829687e-08,1.81315625e-01
-5.62429687e-08,1.81287500e-01
-5.62029687e-08,1.81310938e-01
-5.61629687e-08,1.81290625e-01
-5.61229687e-08,1.81307812e-01
-5.60829687e-08,1.81292188e-01
-5.60429687e-08,1.81306250e-01
-5.60029687e-08,1.81293750e-01
-5.59629687e-08,1.81306250e-01
-5.59229687e-08,1.81293750e-01
-5.58829687e-08,1.81304688e-01
-5.58429687e-08,1.81295312e-01
-5.58029687e-08,1.81304688e-01
-5.57629687e-08,1.81295312e-01
-5.57229687e-08,1.81304688e-01
-5.56829687e-08,1.81295312e-01
-5.56429687e-08,1.81304688e-01
-5.56029687e-08,1.81295312e-01
-5.55629687e-08,1.81304688e-01
-5.55229687e-08,1.81295312e-01
-5.54829687e-08,1.81304688e-01
-5.54429687e-08,1.81295312e-01
-5.54029687e-08,1.81304688e-01
-5.53629687e-08,1.81295312e-01
-5.53229687e-08,1.81306250e-01
-5.52829687e-08,1.81293750e-01
-5.52429687e-08,1.81306250e-01
-5.52029687e-08,1.81293750e-01
-5.51629687e-08,1.81307812e-01
-5.51229687e-08,1.81292188e-01
-5.50829687e-08,1.81309375e-01
-5.50429687e-08,1.81290625e-01
-5.50029687e-08,1.81310938e-01
-5.49629687e-08,1.81285937e-01
-5.49229687e-08,1.81317188e-01
-5.48829687e-08,1.81278125e-01
-5.48429687e-08,1.81331250e-01
-5.48029687e-08,1.81243750e-01
-5.47629687e-08,1.81509375e-01
-5.47229687e-08,1.81753125e-01
-5.46829687e-08,1.81670313e-01
-5.46429687e-08,1.81718750e-01
-5.46029687e-08,1.81685938e-01
-5.45629687e-08,1.81710938e-01
-5.45229687e-08,1.81690625e-01
-5.44829687e-08,1.81707813e-01
-5.44429687e-08,1.81693750e-01
-5.44029687e-08,1.81704688e-01
-5.43629687e-08,1.81696875e-01
-5.43229687e-08,1.81701562e-01
-5.42829687e-08,1.81700000e-01
-5.42429687e-08,1.81698438e-01
-5.42029687e-08,1.81704688e-01
-5.41629687e-08,1.81689062e-01
-5.41229687e-08,1.81720313e-01
-5.40829687e-08,1.81656250e-01
-5.40429687e-08,1.81896875e-01
-5.40029687e-08,1.82165625e-01
-5.39629687e-08,1.82057812e-01
-5.39229687e-08,1.82134375e-01
-5.38829687e-08,1.82070312e-01
-5.38429687e-08,1.82129687e-01
-5.38029687e-08,1.82070312e-01
-5.37629687e-08,1.82131250e-01
-5.37229687e-08,1.82065625e-01
-5.36829687e-08,1.82143750e-01
-5.36429687e-08,1.82031250e-01
-5.36029687e-08,1.82321875e-01
-5.35629687e-08,1.82540625e-01
-5.35229687e-08,1.82482813e-01
-5.34829687e-08,1.82507813e-01
-5.34429687e-08,1.82498437e-01
-5.34029687e-08,1.82498437e-01
-5.33629687e-08,1.82504688e-01
-5.33229687e-08,1.82492188e-01
-5.32829687e-08,1.82512500e-01
-5.32429687e-08,1.82482813e-01
-5.32029687e-08,1.82528125e-01
-5.31629687e-08,1.82446875e-01
-5.31229687e-08,1.82706250e-01
-5.30829687e-08,1.82956250e-01
-5.30429687e-08,1.82868750e-01
-5.30029687e-08,1.82921875e-01
-5.29629687e-08,1.82882813e-01
-5.29229687e-08,1.82914063e-01
-5.28829687e-08,1.82887500e-01
-5.28429687e-08,1.82910938e-01
-5.28029687e-08,1.82889063e-01
-5.27629687e-08,1.82910938e-01
-5.27229687e-08,1.82889063e-01
-5.26829687e-08,1.82910938e-01
-5.26429687e-08,1.82889063e-01
-5.26029687e-08,1.82912500e-01
-5.25629687e-08,1.82885938e-01
-5.25229687e-08,1.82915625e-01
-5.24829687e-08,1.82879687e-01
-5.24429687e-08,1.82929687e-01
-5.24029687e-08,1.82845312e-01
-5.23629687e-08,1.83107812e-01
-5.23229687e-08,1.83354688e-01
-5.22829687e-08,1.83268750e-01
-5.22429687e-08,1.83321875e-01
-5.22029688e-08,1.83282813e-01
-5.21629687e-08,1.83314063e-01
-5.21229687e-08,1.83287500e-01
-5.20829687e-08,1.83312500e-01
-5.20429687e-08,1.83289063e-01
-5.20029687e-08,1.83310937e-01
-5.19629687e-08,1.83290625e-01
-5.19229687e-08,1.83309375e-01
-5.18829687e-08,1.83290625e-01
-5.18429687e-08,1.83309375e-01
-5.18029687e-08,1.83290625e-01
-5.17629687e-08,1.83309375e-01
-5.17229687e-08,1.83290625e-01
-5.16829687e-08,1.83309375e-01
-5.16429687e-08,1.83290625e-01
-5.16029687e-08,1.83309375e-01
-5.15629687e-08,1.83290625e-01
-5.15229687e-08,1.83309375e-01
-5.14829687e-08,1.83289063e-01
-5.14429687e-08,1.83310937e-01
-5.14029687e-08,1.83289063e-01
-5.13629687e-08,1.83310937e-01
-5.13229687e-08,1.83287500e-01
-5.12829687e-08,1.83312500e-01
-5.12429687e-08,1.83285937e-01
-5.12029687e-08,1.83315625e-01
-5.11629687e-08,1.83282813e-01
-5.11229687e-08,1.83318750e-01
-5.10829687e-08,1.83278125e-01
-5.10429687e-08,1.83328125e-01
-5.10029687e-08,1.83262500e-01
-5.09629687e-08,1.83362500e-01
-5.09229687e-08,1.83082812e-01
-5.08829687e-08,1.82854688e-01
-5.08429687e-08,1.82920313e-01
-5.08029687e-08,1.82889063e-01
-5.07629687e-08,1.82904687e-01
-5.07229687e-08,1.82898438e-01
-5.06829687e-08,1.82898438e-01
-5.06429687e-08,1.82904687e-01
-5.06029687e-08,1.82893750e-01
-5.05629687e-08,1.82909375e-01
-5.05229687e-08,1.82885938e-01
-5.04829687e-08,1.82920313e-01
-5.04429687e-08,1.82870313e-01
-5.04029687e-08,1.82956250e-01
-5.03629687e-08,1.82690625e-01
-5.03229687e-08,1.82446875e-01
-5.02829688e-08,1.82528125e-01
-5.02429687e-08,1.82482813e-01
-5.02029687e-08,1.82512500e-01
-5.01629687e-08,1.82490625e-01
-5.01229687e-08,1.82506250e-01
-5.00829687e-08,1.82496875e-01
-5.00429687e-08,1.82501563e-01
-5.00029688e-08,1.82500000e-01
-4.99629687e-08,1.82496875e-01
-4.99229687e-08,1.82506250e-01
-4.98829687e-08,1.82490625e-01
-4.98429687e-08,1.82515625e-01
-4.98029687e-08,1.82475000e-01
-4.97629687e-08,1.82550000e-01
-4.97229687e-08,1.82295313e-01
-4.96829687e-08,1.82042188e-01
-4.96429687e-08,1.82134375e-01
-4.96029687e-08,1.82076563e-01
-4.95629687e-08,1.82118750e-01
-4.95229687e-08,1.82084375e-01
-4.94829687e-08,1.82112500e-01
-4.94429687e-08,1.82089063e-01
-4.94029687e-08,1.82110938e-01
-4.93629687e-08,1.82090625e-01
-4.93229687e-08,1.82107812e-01
-4.92829687e-08,1.82092188e-01
-4.92429687e-08,1.82106250e-01
-4.92029687e-08,1.82093750e-01
-4.91629687e-08,1.82106250e-01
-4.91229687e-08,1.82095312e-01
-4.90829687e-08,1.82104688e-01
-4.90429687e-08,1.82095312e-01
-4.90029687e-08,1.82103125e-01
-4.89629687e-08,1.82096875e-01
-4.89229687e-08,1.82103125e-01
-4.88829687e-08,1.82098438e-01
-4.88429687e-08,1.82101563e-01
-4.88029687e-08,1.82098438e-01
-4.87629687e-08,1.82100000e-01
-4.87229687e-08,1.82100000e-01
-4.86829687e-08,1.82098438e-01
-4.86429688e-08,1.82101563e-01
-4.86029687e-08,1.82096875e-01
-4.85629687e-08,1.82104688e-01
-4.85229687e-08,1.82093750e-01
-4.84829687e-08,1.82109375e-01
-4.84429687e-08,1.82085938e-01
-4.84029687e-08,1.82125000e-01
-4.83629688e-08,1.82050000e-01
-4.83229687e-08,1.82301563e-01
-4.82829687e-08,1.82559375e-01
-4.82429687e-08,1.82464062e-01
-4.82029687e-08,1.82526563e-01
-4.81629687e-08,1.82478125e-01
-4.81229687e-08,1.82518750e-01
-4.80829688e-08,1.82482813e-01
-4.80429687e-08,1.82517188e-01
-4.80029687e-08,1.82484375e-01
-4.79629687e-08,1.82515625e-01
-4.79229687e-08,1.82484375e-01
-4.78829687e-08,1.82515625e-01
-4.78429687e-08,1.82484375e-01
-4.78029687e-08,1.82517188e-01
-4.77629687e-08,1.82481250e-01
-4.77229687e-08,1.82521875e-01
-4.76829687e-08,1.82473438e-01
-4.76429687e-08,1.82535937e-01
-4.76029687e-08,1.82439062e-01
-4.75629687e-08,1.82714062e-01
-4.75229687e-08,1.82948438e-01
-4.74829687e-08,1.82875000e-01
-4.74429687e-08,1.82915625e-01
-4.74029687e-08,1.82889063e-01
-4.73629687e-08,1.82907813e-01
-4.73229687e-08,1.82893750e-01
-4.72829687e-08,1.82904687e-01
-4.72429687e-08,1.82895313e-01
-4.72029687e-08,1.82903125e-01
-4.71629687e-08,1.82896875e-01
-4.71229687e-08,1.82903125e-01
-4.70829687e-08,1.82898438e-01
-4.70429687e-08,1.82901563e-01
-4.70029687e-08,1.82898438e-01
-4.69629687e-08,1.82901563e-01
-4.69229687e-08,1.82898438e-01
-4.68829687e-08,1.82901563e-01
-4.68429687e-08,1.82900000e-01
-4.68029687e-08,1.82900000e-01
-4.67629687e-08,1.82900000e-01
-4.67229688e-08,1.82900000e-01
-4.66829687e-08,1.82900000e-01
-4.66429687e-08,1.82900000e-01
-4.66029687e-08,1.82900000e-01
-4.65629687e-08,1.82900000e-01
-4.65229687e-08,1.82900000e-01
-4.64829687e-08,1.82900000e-01
-4.64429688e-08,1.82900000e-01
-4.64029687e-08,1.82900000e-01
-4.63629687e-08,1.82900000e-01
-4.63229687e-08,1.82900000e-01
-4.62829687e-08,1.82900000e-01
-4.62429687e-08,1.82900000e-01
-4.62029687e-08,1.82900000e-01
-4.61629688e-08,1.82898438e-01
-4.61229687e-08,1.82901563e-01
-4.60829687e-08,1.82898438e-01
-4.60429687e-08,1.82901563e-01
-4.60029687e-08,1.82898438e-01
-4.59629687e-08,1.82901563e-01
-4.59229687e-08,1.82898438e-01
-4.58829688e-08,1.82903125e-01
-4.58429687e-08,1.82896875e-01
-4.58029687e-08,1.82903125e-01
-4.57629687e-08,1.82895313e-01
-4.57229687e-08,1.82904687e-01
-4.56829687e-08,1.82893750e-01
-4.56429687e-08,1.82909375e-01
-4.56029687e-08,1.82889063e-01
-4.55629687e-08,1.82917187e-01
-4.55229687e-08,1.82873438e-01
-4.54829687e-08,1.82950000e-01
-4.54429687e-08,1.82696875e-01
-4.54029687e-08,1.82440625e-01
-4.53629687e-08,1.82535937e-01
-4.53229687e-08,1.82473438e-01
-4.52829687e-08,1.82521875e-01
-4.52429687e-08,1.82479688e-01
-4.52029687e-08,1.82518750e-01
-4.51629687e-08,1.82482813e-01
-4.51229687e-08,1.82517188e-01
-4.50829687e-08,1.82481250e-01
-4.50429687e-08,1.82520313e-01
-4.50029687e-08,1.82478125e-01
-4.49629687e-08,1.82526563e-01
-4.49229687e-08,1.82464062e-01
-4.48829687e-08,1.82560938e-01
-4.48429687e-08,1.82285937e-01
-4.48029688e-08,1.82051563e-01
-4.47629687e-08,1.82125000e-01
-4.47229687e-08,1.82084375e-01
-4.46829687e-08,1.82110938e-01
-4.46429687e-08,1.82092188e-01
-4.46029687e-08,1.82106250e-01
-4.45629687e-08,1.82095312e-01
-4.45229688e-08,1.82104688e-01
-4.44829687e-08,1.82096875e-01
-4.44429687e-08,1.82103125e-01
-4.44029687e-08,1.82098438e-01
-4.43629687e-08,1.82101563e-01
-4.43229687e-08,1.82098438e-01
-4.42829687e-08,1.82101563e-01
-4.42429688e-08,1.82098438e-01
-4.42029687e-08,1.82101563e-01
-4.41629687e-08,1.82100000e-01
-4.41229687e-08,1.82100000e-01
-4.40829687e-08,1.82100000e-01
-4.40429687e-08,1.82100000e-01
-4.40029687e-08,1.82100000e-01
-4.39629688e-08,1.82100000e-01
-4.39229687e-08,1.82100000e-01
-4.38829687e-08,1.82100000e-01
-4.38429687e-08,1.82100000e-01
-4.38029687e-08,1.82100000e-01
-4.37629687e-08,1.82100000e-01
-4.37229687e-08,1.82100000e-01
-4.36829688e-08,1.82100000e-01
-4.36429687e-08,1.82100000e-01
-4.36029687e-08,1.82100000e-01
-4.35629687e-08,1.82100000e-01
-4.35229687e-08,1.82100000e-01
-4.34829687e-08,1.82101563e-01
-4.34429687e-08,1.82098438e-01
-4.34029687e-08,1.82101563e-01
-4.33629687e-08,1.82098438e-01
-4.33229687e-08,1.82101563e-01
-4.32829687e-08,1.82096875e-01
-4.32429687e-08,1.82103125e-01
-4.32029687e-08,1.82095312e-01
-4.31629687e-08,1.82104688e-01
-4.31229687e-08,1.82093750e-01
-4.30829687e-08,1.82107812e-01
-4.30429687e-08,1.82089063e-01
-4.30029687e-08,1.82115625e-01
-4.29629687e-08,1.82073438e-01
-4.29229687e-08,1.82150000e-01
-4.28829688e-08,1.81896875e-01
-4.28429687e-08,1.81640625e-01
-4.28029687e-08,1.81734375e-01
-4.27629687e-08,1.81675000e-01
-4.27229687e-08,1.81720313e-01
-4.26829687e-08,1.81682813e-01
-4.26429687e-08,1.81715625e-01
-4.26029688e-08,1.81685938e-01
-4.25629687e-08,1.81714062e-01
-4.25229687e-08,1.81687500e-01
-4.24829687e-08,1.81712500e-01
-4.24429687e-08,1.81687500e-01
-4.24029687e-08,1.81710938e-01
-4.23629687e-08,1.81689062e-01
-4.23229688e-08,1.81710938e-01
-4.22829687e-08,1.81689062e-01
-4.22429687e-08,1.81710938e-01
-4.22029687e-08,1.81689062e-01
-4.21629687e-08,1.81710938e-01
-4.21229687e-08,1.81689062e-01
-4.20829687e-08,1.81710938e-01
-4.20429688e-08,1.81689062e-01
-4.20029687e-08,1.81710938e-01
-4.19629687e-08,1.81689062e-01
-4.19229687e-08,1.81710938e-01
-4.18829687e-08,1.81689062e-01
-4.18429687e-08,1.81710938e-01
-4.18029687e-08,1.81687500e-01
-4.17629688e-08,1.81712500e-01
-4.17229687e-08,1.81687500e-01
-4.16829687e-08,1.81712500e-01
-4.16429687e-08,1.81687500e-01
-4.16029687e-08,1.81714062e-01
-4.15629687e-08,1.81685938e-01
-4.15229687e-08,1.81714062e-01
-4.14829688e-08,1.81684375e-01
-4.14429687e-08,1.81715625e-01
-4.14029687e-08,1.81682813e-01
-4.13629687e-08,1.81718750e-01
-4.13229687e-08,1.81679688e-01
-4.12829687e-08,1.81721875e-01
-4.12429687e-08,1.81676562e-01
-4.12029687e-08,1.81728125e-01
-4.11629687e-08,1.81667187e-01
-4.11229687e-08,1.81743750e-01
-4.10829687e-08,1.81631250e-01
-4.10429687e-08,1.81921875e-01
-4.10029687e-08,1.82139063e-01
-4.09629688e-08,1.82085938e-01
-4.09229687e-08,1.82103125e-01
-4.08829687e-08,1.82103125e-01
-4.08429687e-08,1.82090625e-01
-4.08029687e-08,1.82114063e-01
-4.07629687e-08,1.82078125e-01
-4.07229687e-08,1.82132813e-01
-4.06829688e-08,1.82040625e-01
-4.06429687e-08,1.82314063e-01
-4.06029687e-08,1.82546875e-01
-4.05629687e-08,1.82478125e-01
-4.05229687e-08,1.82510937e-01
-4.04829687e-08,1.82496875e-01
-4.04429687e-08,1.82498437e-01
-4.04029688e-08,1.82507813e-01
-4.03629687e-08,1.82485938e-01
-4.03229687e-08,1.82525000e-01
-4.02829687e-08,1.82448438e-01
-4.02429687e-08,1.82706250e-01
-4.02029687e-08,1.82954688e-01
-4.01629687e-08,1.82870313e-01
-4.01229688e-08,1.82918750e-01
-4.00829687e-08,1.82887500e-01
-4.00429687e-08,1.82907813e-01
-4.00029687e-08,1.82895313e-01
-3.99629687e-08,1.82900000e-01
-3.99229687e-08,1.82903125e-01
-3.98829687e-08,1.82890625e-01
-3.98429688e-08,1.82920313e-01
-3.98029687e-08,1.82854688e-01
-3.97629687e-08,1.83100000e-01
-3.97229687e-08,1.83362500e-01
-3.96829687e-08,1.83262500e-01
-3.96429687e-08,1.83328125e-01
-3.96029687e-08,1.83276563e-01
-3.95629688e-08,1.83320312e-01
-3.95229687e-08,1.83282813e-01
-3.94829687e-08,1.83315625e-01
-3.94429687e-08,1.83285937e-01
-3.94029687e-08,1.83314063e-01
-3.93629687e-08,1.83285937e-01
-3.93229687e-08,1.83314063e-01
-3.92829688e-08,1.83285937e-01
-3.92429687e-08,1.83314063e-01
-3.92029687e-08,1.83285937e-01
-3.91629687e-08,1.83315625e-01
-3.91229687e-08,1.83282813e-01
-3.90829687e-08,1.83318750e-01
-3.90429688e-08,1.83276563e-01
-3.90029687e-08,1.83332812e-01
-3.89629687e-08,1.83242188e-01
-3.89229687e-08,1.83510937e-01
-3.88829687e-08,1.83751563e-01
-3.88429687e-08,1.83671875e-01
-3.88029687e-08,1.83718750e-01
-3.87629688e-08,1.83685938e-01
-3.87229687e-08,1.83712500e-01
-3.86829687e-08,1.83689062e-01
-3.86429687e-08,1.83709375e-01
-3.86029687e-08,1.83692187e-01
-3.85629687e-08,1.83707813e-01
-3.85229687e-08,1.83692187e-01
-3.84829688e-08,1.83706250e-01
-3.84429687e-08,1.83693750e-01
-3.84029687e-08,1.83706250e-01
-3.83629687e-08,1.83693750e-01
-3.83229687e-08,1.83706250e-01
-3.82829687e-08,1.83693750e-01
-3.82429687e-08,1.83706250e-01
-3.82029688e-08,1.83693750e-01
-3.81629687e-08,1.83706250e-01
-3.81229687e-08,1.83693750e-01
-3.80829687e-08,1.83706250e-01
-3.80429687e-08,1.83693750e-01
-3.80029687e-08,1.83707813e-01
-3.79629687e-08,1.83692187e-01
-3.79229688e-08,1.83707813e-01
-3.78829687e-08,1.83692187e-01
-3.78429687e-08,1.83707813e-01
-3.78029687e-08,1.83690625e-01
-3.77629687e-08,1.83709375e-01
-3.77229687e-08,1.83689062e-01
-3.76829687e-08,1.83710938e-01
-3.76429688e-08,1.83687500e-01
-3.76029687e-08,1.83712500e-01
-3.75629687e-08,1.83685938e-01
-3.75229687e-08,1.83717188e-01
-3.74829687e-08,1.83679687e-01
-3.74429687e-08,1.83725000e-01
-3.74029687e-08,1.83665625e-01
-3.73629688e-08,1.83759375e-01
-3.73229687e-08,1.83485938e-01
-3.72829687e-08,1.83251563e-01
-3.72429687e-08,1.83325000e-01
-3.72029687e-08,1.83284375e-01
-3.71629687e-08,1.83309375e-01
-3.71229688e-08,1.83293750e-01
-3.70829688e-08,1.83304688e-01
-3.70429687e-08,1.83296875e-01
-3.70029687e-08,1.83301563e-01
-3.69629687e-08,1.83300000e-01
-3.69229687e-08,1.83298437e-01
-3.68829687e-08,1.83301563e-01
-3.68429688e-08,1.83296875e-01
-3.68029687e-08,1.83304688e-01
-3.67629687e-08,1.83295313e-01
-3.67229687e-08,1.83306250e-01
-3.66829687e-08,1.83292188e-01
-3.66429687e-08,1.83309375e-01
-3.66029687e-08,1.83287500e-01
-3.65629688e-08,1.83315625e-01
-3.65229687e-08,1.83279688e-01
-3.64829687e-08,1.83331250e-01
-3.64429687e-08,1.83243750e-01
-3.64029687e-08,1.83509375e-01
-3.63629687e-08,1.83753125e-01
-3.63229687e-08,1.83670313e-01
-3.62829688e-08,1.83718750e-01
-3.62429687e-08,1.83685938e-01
-3.62029687e-08,1.83710938e-01
-3.61629687e-08,1.83690625e-01
-3.61229687e-08,1.83707813e-01
-3.60829687e-08,1.83693750e-01
-3.60429687e-08,1.83704688e-01
-3.60029688e-08,1.83695313e-01
-3.59629687e-08,1.83703125e-01
-3.59229687e-08,1.83696875e-01
-3.58829687e-08,1.83703125e-01
-3.58429687e-08,1.83698438e-01
-3.58029687e-08,1.83701562e-01
-3.57629687e-08,1.83698438e-01
-3.57229688e-08,1.83701562e-01
-3.56829687e-08,1.83700000e-01
-3.56429687e-08,1.83700000e-01
-3.56029687e-08,1.83700000e-01
-3.55629687e-08,1.83700000e-01
-3.55229687e-08,1.83700000e-01
-3.54829687e-08,1.83698438e-01
-3.54429688e-08,1.83701562e-01
-3.54029687e-08,1.83698438e-01
-3.53629687e-08,1.83701562e-01
-3.53229687e-08,1.83698438e-01
-3.52829687e-08,1.83701562e-01
-3.52429687e-08,1.83698438e-01
-3.52029688e-08,1.83703125e-01
-3.51629688e-08,1.83696875e-01
-3.51229687e-08,1.83703125e-01
-3.50829687e-08,1.83696875e-01
-3.50429687e-08,1.83703125e-01
-3.50029687e-08,1.83696875e-01
-3.49629687e-08,1.83703125e-01
-3.49229688e-08,1.83696875e-01
-3.48829687e-08,1.83704688e-01
-3.48429687e-08,1.83695313e-01
-3.48029687e-08,1.83704688e-01
-3.47629687e-08,1.83695313e-01
-3.47229687e-08,1.83704688e-01
-3.46829687e-08,1.83695313e-01
-3.46429688e-08,1.83704688e-01
-3.46029687e-08,1.83693750e-01
-3.45629687e-08,1.83706250e-01
-3.45229687e-08,1.83693750e-01
-3.44829687e-08,1.83706250e-01
-3.44429687e-08,1.83693750e-01
-3.44029687e-08,1.83706250e-01
-3.43629688e-08,1.83692187e-01
-3.43229687e-08,1.83707813e-01
-3.42829687e-08,1.83692187e-01
-3.42429687e-08,1.83707813e-01
-3.42029687e-08,1.83692187e-01
-3.41629687e-08,1.83709375e-01
-3.41229687e-08,1.83690625e-01
-3.40829688e-08,1.83709375e-01
-3.40429687e-08,1.83689062e-01
-3.40029687e-08,1.83710938e-01
-3.39629687e-08,1.83687500e-01
-3.39229687e-08,1.83712500e-01
-3.38829687e-08,1.83685938e-01
-3.38429687e-08,1.83715625e-01
-3.38029688e-08,1.83682813e-01
-3.37629687e-08,1.83718750e-01
-3.37229687e-08,1.83676563e-01
-3.36829687e-08,1.83728125e-01
-3.36429687e-08,1.83662500e-01
-3.36029687e-08,1.83762500e-01
-3.35629687e-08,1.83482813e-01
-3.35229688e-08,1.83254688e-01
-3.34829687e-08,1.83321875e-01
-3.34429687e-08,1.83289063e-01
-3.34029687e-08,1.83306250e-01
-3.33629687e-08,1.83296875e-01
-3.33229687e-08,1.83300000e-01
-3.32829688e-08,1.83301563e-01
-3.32429688e-08,1.83296875e-01
-3.32029687e-08,1.83304688e-01
-3.31629687e-08,1.83293750e-01
-3.31229687e-08,1.83307813e-01
-3.30829687e-08,1.83292188e-01
-3.30429687e-08,1.83309375e-01
-3.30029688e-08,1.83289063e-01
-3.29629688e-08,1.83312500e-01
-3.29229687e-08,1.83285937e-01
-3.28829687e-08,1.83317188e-01
-3.28429687e-08,1.83281250e-01
-3.28029687e-08,1.83323438e-01
-3.27629687e-08,1.83271875e-01
-3.27229688e-08,1.83339063e-01
-3.26829687e-08,1.83234375e-01
-3.26429687e-08,1.83518750e-01
-3.26029687e-08,1.83742188e-01
-3.25629687e-08,1.83682813e-01
-3.25229687e-08,1.83706250e-01
-3.24829687e-08,1.83700000e-01
-3.24429688e-08,1.83695313e-01
-3.24029687e-08,1.83707813e-01
-3.23629687e-08,1.83687500e-01
-3.23229687e-08,1.83717188e-01
-3.22829687e-08,1.83675000e-01
-3.22429687e-08,1.83735938e-01
-3.22029687e-08,1.83637500e-01
-3.21629688e-08,1.83917187e-01
-3.21229687e-08,1.84143750e-01
-3.20829687e-08,1.84082812e-01
-3.20429687e-08,1.84104688e-01
-3.20029687e-08,1.84104688e-01
-3.19629687e-08,1.84085938e-01
-3.19229687e-08,1.84126563e-01
-3.18829688e-08,1.84046875e-01
-3.18429687e-08,1.84309375e-01
-3.18029687e-08,1.84550000e-01
-3.17629687e-08,1.84476562e-01
-3.17229687e-08,1.84510937e-01
-3.16829687e-08,1.84496875e-01
-3.16429687e-08,1.84493750e-01
-3.16029688e-08,1.84518750e-01
-3.15629687e-08,1.84453125e-01
-3.15229687e-08,1.84701562e-01
-3.14829687e-08,1.84957813e-01
-3.14429687e-08,1.84867188e-01
-3.14029687e-08,1.84920313e-01
-3.13629688e-08,1.84885938e-01
-3.13229688e-08,1.84907813e-01
-3.12829687e-08,1.84898438e-01
-3.12429687e-08,1.84895313e-01
-3.12029687e-08,1.84915625e-01
-3.11629687e-08,1.84857812e-01
-3.11229687e-08,1.85096875e-01
-3.10829688e-08,1.85364063e-01
-3.10429688e-08,1.85260938e-01
-3.10029687e-08,1.85329688e-01
-3.09629687e-08,1.85276563e-01
-3.09229687e-08,1.85320313e-01
-3.08829687e-08,1.85282813e-01
-3.08429687e-08,1.85315625e-01
-3.08029688e-08,1.85285937e-01
-3.07629688e-08,1.85312500e-01
-3.07229687e-08,1.85289063e-01
-3.06829687e-08,1.85309375e-01
-3.06429687e-08,1.85290625e-01
-3.06029687e-08,1.85307813e-01
-3.05629687e-08,1.85292188e-01
-3.05229688e-08,1.85306250e-01
-3.04829687e-08,1.85293750e-01
-3.04429687e-08,1.85304688e-01
-3.04029687e-08,1.85295313e-01
-3.03629687e-08,1.85303125e-01
-3.03229687e-08,1.85296875e-01
-3.02829687e-08,1.85301563e-01
-3.02429688e-08,1.85298437e-01
-3.02029687e-08,1.85300000e-01
-3.01629687e-08,1.85300000e-01
-3.01229687e-08,1.85298437e-01
-3.00829687e-08,1.85301563e-01
-3.00429687e-08,1.85296875e-01
-3.00029687e-08,1.85304688e-01
-2.99629688e-08,1.85295313e-01
-2.99229687e-08,1.85306250e-01
-2.98829687e-08,1.85290625e-01
-2.98429687e-08,1.85310937e-01
-2.98029687e-08,1.85284375e-01
-2.97629687e-08,1.85320313e-01
-2.97229687e-08,1.85268750e-01
-2.96829687e-08,1.85356250e-01
-2.96429687e-08,1.85090625e-01
-2.96029687e-08,1.84848438e-01
-2.95629687e-08,1.84926563e-01
-2.95229687e-08,1.84884375e-01
-2.94829687e-08,1.84910938e-01
-2.94429687e-08,1.84893750e-01
-2.94029687e-08,1.84901563e-01
-2.93629687e-08,1.84901563e-01
-2.93229687e-08,1.84893750e-01
-2.92829687e-08,1.84912500e-01
-2.92429687e-08,1.84876563e-01
-2.92029687e-08,1.84950000e-01
-2.91629687e-08,1.84695313e-01
-2.91229687e-08,1.84442188e-01
-2.90829687e-08,1.84532813e-01
-2.90429687e-08,1.84478125e-01
-2.90029687e-08,1.84515625e-01
-2.89629687e-08,1.84489062e-01
-2.89229687e-08,1.84507813e-01
-2.88829687e-08,1.84496875e-01
-2.88429687e-08,1.84498438e-01
-2.88029687e-08,1.84507813e-01
-2.87629687e-08,1.84482813e-01
-2.87229687e-08,1.84543750e-01
-2.86829687e-08,1.84303125e-01
-2.86429687e-08,1.84035937e-01
-2.86029687e-08,1.84139063e-01
-2.85629687e-08,1.84070312e-01
-2.85229687e-08,1.84125000e-01
-2.84829687e-08,1.84079688e-01
-2.84429687e-08,1.84118750e-01
-2.84029687e-08,1.84082812e-01
-2.83629687e-08,1.84115625e-01
-2.83229687e-08,1.84085938e-01
-2.82829687e-08,1.84112500e-01
-2.82429687e-08,1.84089063e-01
-2.82029687e-08,1.84110938e-01
-2.81629687e-08,1.84090625e-01
-2.81229687e-08,1.84109375e-01
-2.80829687e-08,1.84090625e-01
-2.80429687e-08,1.84107812e-01
-2.80029687e-08,1.84092188e-01
-2.79629687e-08,1.84106250e-01
-2.79229687e-08,1.84093750e-01
-2.78829687e-08,1.84106250e-01
-2.78429687e-08,1.84095312e-01
-2.78029687e-08,1.84104688e-01
-2.77629687e-08,1.84096875e-01
-2.77229687e-08,1.84103125e-01
-2.76829687e-08,1.84098438e-01
-2.76429687e-08,1.84100000e-01
-2.76029687e-08,1.84101563e-01
-2.75629687e-08,1.84096875e-01
-2.75229687e-08,1.84106250e-01
-2.74829687e-08,1.84087500e-01
-2.74429687e-08,1.84121875e-01
-2.74029687e-08,1.84053125e-01
-2.73629687e-08,1.84300000e-01
-2.73229687e-08,1.84562500e-01
-2.72829687e-08,1.84460938e-01
-2.72429687e-08,1.84531250e-01
-2.72029687e-08,1.84473438e-01
-2.71629687e-08,1.84525000e-01
-2.71229687e-08,1.84476562e-01
-2.70829687e-08,1.84525000e-01
-2.70429687e-08,1.84471875e-01
-2.70029687e-08,1.84535937e-01
-2.69629687e-08,1.84440625e-01
-2.69229687e-08,1.84710938e-01
-2.68829687e-08,1.84953125e-01
-2.68429688e-08,1.84868750e-01
-2.68029687e-08,1.84923438e-01
-2.67629687e-08,1.84879688e-01
-2.67229687e-08,1.84921875e-01
-2.66829687e-08,1.84875000e-01
-2.66429687e-08,1.84934375e-01
-2.66029687e-08,1.84842188e-01
-2.65629687e-08,1.85110938e-01
-2.65229687e-08,1.85351563e-01
-2.64829687e-08,1.85273437e-01
-2.64429687e-08,1.85317188e-01
-2.64029687e-08,1.85289063e-01
-2.63629687e-08,1.85307813e-01
-2.63229687e-08,1.85295313e-01
-2.62829687e-08,1.85300000e-01
-2.62429687e-08,1.85303125e-01
-2.62029687e-08,1.85290625e-01
-2.61629687e-08,1.85320313e-01
-2.61229687e-08,1.85254688e-01
-2.60829687e-08,1.85498438e-01
-2.60429687e-08,1.85762500e-01
-2.60029687e-08,1.85660938e-01
-2.59629687e-08,1.85729688e-01
-2.59229687e-08,1.85676563e-01
-2.58829688e-08,1.85720313e-01
-2.58429687e-08,1.85681250e-01
-2.58029687e-08,1.85715625e-01
-2.57629687e-08,1.85684375e-01
-2.57229687e-08,1.85714062e-01
-2.56829687e-08,1.85687500e-01
-2.56429687e-08,1.85712500e-01
-2.56029687e-08,1.85689063e-01
-2.55629687e-08,1.85710938e-01
-2.55229687e-08,1.85689063e-01
-2.54829687e-08,1.85709375e-01
-2.54429687e-08,1.85690625e-01
-2.54029687e-08,1.85709375e-01
-2.53629687e-08,1.85690625e-01
-2.53229687e-08,1.85707813e-01
-2.52829687e-08,1.85692187e-01
-2.52429687e-08,1.85707813e-01
-2.52029687e-08,1.85692187e-01
-2.51629687e-08,1.85707813e-01
-2.51229687e-08,1.85693750e-01
-2.50829687e-08,1.85706250e-01
-2.50429687e-08,1.85693750e-01
-2.50029687e-08,1.85706250e-01
-2.49629687e-08,1.85693750e-01
-2.49229688e-08,1.85704688e-01
-2.48829687e-08,1.85695313e-01
-2.48429687e-08,1.85704688e-01
-2.48029687e-08,1.85695313e-01
-2.47629687e-08,1.85703125e-01
-2.47229687e-08,1.85696875e-01
-2.46829687e-08,1.85703125e-01
-2.46429687e-08,1.85698438e-01
-2.46029687e-08,1.85701563e-01
-2.45629687e-08,1.85700000e-01
-2.45229687e-08,1.85700000e-01
-2.44829687e-08,1.85701563e-01
-2.44429687e-08,1.85695313e-01
-2.44029687e-08,1.85707813e-01
-2.43629687e-08,1.85687500e-01
-2.43229687e-08,1.85721875e-01
-2.42829687e-08,1.85653125e-01
-2.42429687e-08,1.85900000e-01
-2.42029687e-08,1.86162500e-01
-2.41629687e-08,1.86062500e-01
-2.41229687e-08,1.86128125e-01
-2.40829687e-08,1.86076563e-01
-2.40429687e-08,1.86120312e-01
-2.40029687e-08,1.86081250e-01
-2.39629688e-08,1.86117188e-01
-2.39229687e-08,1.86082812e-01
-2.38829687e-08,1.86115625e-01
-2.38429687e-08,1.86084375e-01
-2.38029687e-08,1.86115625e-01
-2.37629687e-08,1.86085938e-01
-2.37229687e-08,1.86114063e-01
-2.36829688e-08,1.86084375e-01
-2.36429687e-08,1.86115625e-01
-2.36029687e-08,1.86084375e-01
-2.35629687e-08,1.86115625e-01
-2.35229687e-08,1.86082812e-01
-2.34829687e-08,1.86118750e-01
-2.34429687e-08,1.86078125e-01
-2.34029687e-08,1.86126563e-01
-2.33629687e-08,1.86064063e-01
-2.33229687e-08,1.86160938e-01
-2.32829687e-08,1.85887500e-01
-2.32429687e-08,1.85650000e-01
-2.32029687e-08,1.85726562e-01
-2.31629687e-08,1.85682813e-01
-2.31229687e-08,1.85712500e-01
-2.30829687e-08,1.85690625e-01
-2.30429687e-08,1.85707813e-01
-2.30029688e-08,1.85692187e-01
-2.29629687e-08,1.85706250e-01
-2.29229687e-08,1.85693750e-01
-2.28829687e-08,1.85706250e-01
-2.28429687e-08,1.85692187e-01
-2.28029687e-08,1.85707813e-01
-2.27629687e-08,1.85690625e-01
-2.27229688e-08,1.85710938e-01
-2.26829687e-08,1.85685938e-01
-2.26429687e-08,1.85718750e-01
-2.26029687e-08,1.85671875e-01
-2.25629687e-08,1.85753125e-01
-2.25229687e-08,1.85493750e-01
-2.24829687e-08,1.85243750e-01
-2.24429687e-08,1.85331250e-01
-2.24029687e-08,1.85278125e-01
-2.23629687e-08,1.85317188e-01
-2.23229687e-08,1.85285937e-01
-2.22829687e-08,1.85310937e-01
-2.22429687e-08,1.85290625e-01
-2.22029687e-08,1.85307813e-01
-2.21629687e-08,1.85293750e-01
-2.21229687e-08,1.85306250e-01
-2.20829687e-08,1.85295313e-01
-2.20429688e-08,1.85303125e-01
-2.20029687e-08,1.85298437e-01
-2.19629687e-08,1.85300000e-01
-2.19229687e-08,1.85303125e-01
-2.18829687e-08,1.85293750e-01
-2.18429687e-08,1.85310937e-01
-2.18029687e-08,1.85279688e-01
-2.17629688e-08,1.85345312e-01
-2.17229687e-08,1.85101563e-01
-2.16829687e-08,1.84837500e-01
-2.16429687e-08,1.84939063e-01
-2.16029687e-08,1.84870312e-01
-2.15629687e-08,1.84925000e-01
-2.15229687e-08,1.84878125e-01
-2.14829688e-08,1.84918750e-01
-2.14429687e-08,1.84882812e-01
-2.14029687e-08,1.84917187e-01
-2.13629687e-08,1.84884375e-01
-2.13229687e-08,1.84915625e-01
-2.12829687e-08,1.84885938e-01
-2.12429687e-08,1.84914063e-01
-2.12029687e-08,1.84887500e-01
-2.11629687e-08,1.84912500e-01
-2.11229687e-08,1.84887500e-01
-2.10829688e-08,1.84912500e-01
-2.10429687e-08,1.84887500e-01
-2.10029687e-08,1.84910938e-01
-2.09629687e-08,1.84889063e-01
-2.09229687e-08,1.84910938e-01
-2.08829687e-08,1.84889063e-01
-2.08429687e-08,1.84910938e-01
-2.08029688e-08,1.84889063e-01
-2.07629687e-08,1.84909375e-01
-2.07229687e-08,1.84890625e-01
-2.06829687e-08,1.84909375e-01
-2.06429687e-08,1.84890625e-01
-2.06029687e-08,1.84909375e-01
-2.05629687e-08,1.84892187e-01
-2.05229688e-08,1.84907813e-01
-2.04829687e-08,1.84893750e-01
-2.04429687e-08,1.84904687e-01
-2.04029687e-08,1.84898438e-01
-2.03629687e-08,1.84896875e-01
-2.03229687e-08,1.84912500e-01
-2.02829687e-08,1.84864063e-01
-2.02429687e-08,1.85089063e-01
-2.02029687e-08,1.85375000e-01
-2.01629687e-08,1.85246875e-01
-2.01229688e-08,1.85345312e-01
-2.00829687e-08,1.85257813e-01
-2.00429687e-08,1.85342188e-01
-2.00029687e-08,1.85253125e-01
-1.99629687e-08,1.85354688e-01
-1.99229687e-08,1.85220313e-01
-1.98829687e-08,1.85532813e-01
-1.98429688e-08,1.85729688e-01
-1.98029687e-08,1.85695313e-01
-1.97629687e-08,1.85693750e-01
-1.97229687e-08,1.85714062e-01
-1.96829687e-08,1.85678125e-01
-1.96429687e-08,1.85734375e-01
-1.96029687e-08,1.85640625e-01
-1.95629688e-08,1.85914063e-01
-1.95229687e-08,1.86146875e-01
-1.94829687e-08,1.86076563e-01
-1.94429687e-08,1.86112500e-01
-1.94029687e-08,1.86092188e-01
-1.93629687e-08,1.86104688e-01
-1.93229687e-08,1.86098438e-01
-1.92829688e-08,1.86100000e-01
-1.92429687e-08,1.86101563e-01
-1.92029687e-08,1.86096875e-01
-1.91629688e-08,1.86104688e-01
-1.91229687e-08,1.86093750e-01
-1.90829687e-08,1.86109375e-01
-1.90429687e-08,1.86087500e-01
-1.90029687e-08,1.86120312e-01
-1.89629687e-08,1.86059375e-01
-1.89229687e-08,1.86284375e-01
-1.88829688e-08,1.86603125e-01
-1.88429687e-08,1.86268750e-01
-1.88029687e-08,1.86059375e-01
-1.87629687e-08,1.86121875e-01
-1.87229687e-08,1.86082812e-01
-1.86829687e-08,1.86114063e-01
-1.86429687e-08,1.86087500e-01
-1.86029688e-08,1.86112500e-01
-1.85629687e-08,1.86087500e-01
-1.85229687e-08,1.86112500e-01
-1.84829687e-08,1.86087500e-01
-1.84429687e-08,1.86114063e-01
-1.84029687e-08,1.86085938e-01
-1.83629687e-08,1.86114063e-01
-1.83229688e-08,1.86084375e-01
-1.82829687e-08,1.86117188e-01
-1.82429687e-08,1.86081250e-01
-1.82029688e-08,1.86121875e-01
-1.81629687e-08,1.86075000e-01
-1.81229687e-08,1.86129688e-01
-1.80829687e-08,1.86059375e-01
-1.80429687e-08,1.86165625e-01
-1.80029687e-08,1.85881250e-01
-1.79629687e-08,1.85656250e-01
-1.79229688e-08,1.85718750e-01
-1.78829687e-08,1.85690625e-01
-1.78429687e-08,1.85703125e-01
-1.78029687e-08,1.85700000e-01
-1.77629687e-08,1.85696875e-01
-1.77229687e-08,1.85706250e-01
-1.76829687e-08,1.85690625e-01
-1.76429688e-08,1.85712500e-01
-1.76029687e-08,1.85682813e-01
-1.75629687e-08,1.85721875e-01
-1.75229687e-08,1.85667187e-01
-1.74829687e-08,1.85757813e-01
-1.74429687e-08,1.85487500e-01
-1.74029687e-08,1.85250000e-01
-1.73629688e-08,1.85325000e-01
-1.73229687e-08,1.85284375e-01
-1.72829687e-08,1.85309375e-01
-1.72429688e-08,1.85293750e-01
-1.72029687e-08,1.85303125e-01
-1.71629687e-08,1.85300000e-01
-1.71229687e-08,1.85298437e-01
-1.70829687e-08,1.85303125e-01
-1.70429687e-08,1.85293750e-01
-1.70029687e-08,1.85309375e-01
-1.69629688e-08,1.85287500e-01
-1.69229687e-08,1.85318750e-01
-1.68829687e-08,1.85271875e-01
-1.68429687e-08,1.85353125e-01
-1.68029687e-08,1.85092188e-01
-1.67629687e-08,1.84845312e-01
-1.67229687e-08,1.84929687e-01
-1.66829688e-08,1.84879688e-01
-1.66429687e-08,1.84915625e-01
-1.66029687e-08,1.84887500e-01
-1.65629687e-08,1.84909375e-01
-1.65229687e-08,1.84892187e-01
-1.64829687e-08,1.84906250e-01
-1.64429687e-08,1.84895313e-01
-1.64029688e-08,1.84904687e-01
-1.63629687e-08,1.84896875e-01
-1.63229687e-08,1.84903125e-01
-1.62829688e-08,1.84898438e-01
-1.62429687e-08,1.84901563e-01
-1.62029687e-08,1.84898438e-01
-1.61629687e-08,1.84900000e-01
-1.61229688e-08,1.84900000e-01
-1.60829687e-08,1.84900000e-01
-1.60429687e-08,1.84901563e-01
-1.60029688e-08,1.84898438e-01
-1.59629687e-08,1.84901563e-01
-1.59229687e-08,1.84896875e-01
-1.58829687e-08,1.84903125e-01
-1.58429687e-08,1.84895313e-01
-1.58029687e-08,1.84904687e-01
-1.57629687e-08,1.84893750e-01
-1.57229688e-08,1.84906250e-01
-1.56829687e-08,1.84892187e-01
-1.56429687e-08,1.84909375e-01
-1.56029687e-08,1.84889063e-01
-1.55629687e-08,1.84912500e-01
-1.55229687e-08,1.84882812e-01
-1.54829687e-08,1.84921875e-01
-1.54429688e-08,1.84868750e-01
-1.54029687e-08,1.84956250e-01
-1.53629687e-08,1.84690625e-01
-1.53229688e-08,1.84448438e-01
-1.52829687e-08,1.84528125e-01
-1.52429687e-08,1.84482813e-01
-1.52029687e-08,1.84512500e-01
-1.51629688e-08,1.84490625e-01
-1.51229687e-08,1.84506250e-01
-1.50829687e-08,1.84495313e-01
-1.50429688e-08,1.84503125e-01
-1.50029687e-08,1.84498438e-01
-1.49629687e-08,1.84500000e-01
-1.49229687e-08,1.84501562e-01
-1.48829687e-08,1.84498438e-01
-1.48429687e-08,1.84503125e-01
-1.48029687e-08,1.84493750e-01
-1.47629687e-08,1.84507813e-01
-1.47229687e-08,1.84489062e-01
-1.46829687e-08,1.84517188e-01
-1.46429687e-08,1.84473438e-01
-1.46029687e-08,1.84551563e-01
-1.45629687e-08,1.84293750e-01
-1.45229687e-08,1.84043750e-01
-1.44829687e-08,1.84132813e-01
-1.44429687e-08,1.84076563e-01
-1.44029687e-08,1.84117188e-01
-1.43629687e-08,1.84085938e-01
-1.43229687e-08,1.84112500e-01
-1.42829687e-08,1.84089063e-01
-1.42429687e-08,1.84109375e-01
-1.42029687e-08,1.84092188e-01
-1.41629687e-08,1.84107812e-01
-1.41229687e-08,1.84093750e-01
-1.40829687e-08,1.84106250e-01
-1.40429687e-08,1.84095312e-01
-1.40029687e-08,1.84104688e-01
-1.39629687e-08,1.84095312e-01
-1.39229687e-08,1.84103125e-01
-1.38829687e-08,1.84096875e-01
-1.38429687e-08,1.84103125e-01
-1.38029687e-08,1.84098438e-01
-1.37629687e-08,1.84101563e-01
-1.37229687e-08,1.84098438e-01
-1.36829687e-08,1.84100000e-01
-1.36429687e-08,1.84100000e-01
-1.36029687e-08,1.84100000e-01
-1.35629687e-08,1.84101563e-01
-1.35229687e-08,1.84098438e-01
-1.34829687e-08,1.84103125e-01
-1.34429687e-08,1.84096875e-01
-1.34029687e-08,1.84104688e-01
-1.33629687e-08,1.84093750e-01
-1.33229687e-08,1.84109375e-01
-1.32829687e-08,1.84087500e-01
-1.32429687e-08,1.84117188e-01
-1.32029687e-08,1.84073437e-01
-1.31629687e-08,1.84151563e-01
-1.31229687e-08,1.83895313e-01
-1.30829687e-08,1.83643750e-01
-1.30429687e-08,1.83732813e-01
-1.30029687e-08,1.83676563e-01
-1.29629687e-08,1.83718750e-01
-1.29229687e-08,1.83684375e-01
-1.28829687e-08,1.83712500e-01
-1.28429687e-08,1.83689062e-01
-1.28029687e-08,1.83710938e-01
-1.27629687e-08,1.83690625e-01
-1.27229687e-08,1.83709375e-01
-1.26829687e-08,1.83692187e-01
-1.26429687e-08,1.83707813e-01
-1.26029687e-08,1.83693750e-01
-1.25629687e-08,1.83706250e-01
-1.25229687e-08,1.83693750e-01
-1.24829687e-08,1.83706250e-01
-1.24429687e-08,1.83695313e-01
-1.24029687e-08,1.83704688e-01
-1.23629687e-08,1.83695313e-01
-1.23229687e-08,1.83704688e-01
-1.22829687e-08,1.83695313e-01
-1.22429687e-08,1.83704688e-01
-1.22029687e-08,1.83696875e-01
-1.21629687e-08,1.83703125e-01
-1.21229687e-08,1.83696875e-01
-1.20829687e-08,1.83703125e-01
-1.20429687e-08,1.83698438e-01
-1.20029687e-08,1.83701562e-01
-1.19629687e-08,1.83700000e-01
-1.19229687e-08,1.83700000e-01
-1.18829687e-08,1.83701562e-01
-1.18429687e-08,1.83696875e-01
-1.18029687e-08,1.83706250e-01
-1.17629687e-08,1.83689062e-01
-1.17229687e-08,1.83718750e-01
-1.16829687e-08,1.83657813e-01
-1.16429687e-08,1.83895313e-01
-1.16029687e-08,1.84170313e-01
-1.15629687e-08,1.84051563e-01
-1.15229687e-08,1.84143750e-01
-1.14829688e-08,1.84051563e-01
-1.14429687e-08,1.84170313e-01
-1.14029687e-08,1.83878125e-01
-1.13629687e-08,1.83657813e-01
-1.13229687e-08,1.83718750e-01
-1.12829687e-08,1.83689062e-01
-1.12429687e-08,1.83706250e-01
-1.12029687e-08,1.83695313e-01
-1.11629687e-08,1.83703125e-01
-1.11229687e-08,1.83698438e-01
-1.10829687e-08,1.83701562e-01
-1.10429687e-08,1.83700000e-01
-1.10029688e-08,1.83700000e-01
-1.09629687e-08,1.83700000e-01
-1.09229687e-08,1.83700000e-01
-1.08829687e-08,1.83700000e-01
-1.08429687e-08,1.83700000e-01
-1.08029687e-08,1.83700000e-01
-1.07629687e-08,1.83700000e-01
-1.07229687e-08,1.83700000e-01
-1.06829687e-08,1.83700000e-01
-1.06429687e-08,1.83700000e-01
-1.06029687e-08,1.83700000e-01
-1.05629687e-08,1.83700000e-01
-1.05229688e-08,1.83700000e-01
-1.04829687e-08,1.83700000e-01
-1.04429687e-08,1.83700000e-01
-1.04029687e-08,1.83700000e-01
-1.03629687e-08,1.83700000e-01
-1.03229687e-08,1.83700000e-01
-1.02829687e-08,1.83700000e-01
-1.02429687e-08,1.83698438e-01
-1.02029687e-08,1.83701562e-01
-1.01629687e-08,1.83698438e-01
-1.01229687e-08,1.83701562e-01
-1.00829687e-08,1.83698438e-01
-1.00429688e-08,1.83703125e-01
-1.00029687e-08,1.83696875e-01
-9.96296875e-09,1.83703125e-01
-9.92296875e-09,1.83695313e-01
-9.88296875e-09,1.83706250e-01
-9.84296875e-09,1.83693750e-01
-9.80296875e-09,1.83709375e-01
-9.76296875e-09,1.83687500e-01
-9.72296875e-09,1.83717188e-01
-9.68296875e-09,1.83673438e-01
-9.64296875e-09,1.83751563e-01
-9.60296875e-09,1.83495313e-01
-9.56296875e-09,1.83242188e-01
-9.52296875e-09,1.83334375e-01
-9.48296875e-09,1.83275000e-01
-9.44296875e-09,1.83320312e-01
-9.40296875e-09,1.83282813e-01
-9.36296875e-09,1.83315625e-01
-9.32296875e-09,1.83284375e-01
-9.28296875e-09,1.83315625e-01
-9.24296875e-09,1.83284375e-01
-9.20296875e-09,1.83315625e-01
-9.16296875e-09,1.83281250e-01
-9.12296875e-09,1.83321875e-01
-9.08296875e-09,1.83268750e-01
-9.04296875e-09,1.83354688e-01
-9.00296875e-09,1.83093750e-01
-8.96296875e-09,1.82842188e-01
-8.92296875e-09,1.82937500e-01
-8.88296875e-09,1.82868750e-01
-8.84296875e-09,1.82931250e-01
-8.80296875e-09,1.82860938e-01
-8.76296875e-09,1.82962500e-01
-8.72296875e-09,1.82684375e-01
-8.68296875e-09,1.82453125e-01
-8.64296875e-09,1.82521875e-01
-8.60296875e-09,1.82492188e-01
-8.56296875e-09,1.82495313e-01
-8.52296875e-09,1.82529688e-01
-8.48296875e-09,1.82317188e-01
-8.44296875e-09,1.82018750e-01
-8.40296875e-09,1.82162500e-01
-8.36296875e-09,1.82037500e-01
-8.32296875e-09,1.82182813e-01
-8.28296875e-09,1.81865625e-01
-8.24296875e-09,1.81670313e-01
-8.20296875e-09,1.81704688e-01
-8.16296875e-09,1.81707813e-01
-8.12296875e-09,1.81679688e-01
-8.08296875e-09,1.81746875e-01
-8.04296875e-09,1.81500000e-01
-8.00296875e-09,1.81237500e-01
-7.96296875e-09,1.81340625e-01
-7.92296875e-09,1.81267188e-01
-7.88296875e-09,1.81332812e-01
-7.84296875e-09,1.81260937e-01
-7.80296875e-09,1.81362500e-01
-7.76296875e-09,1.81085938e-01
-7.72296875e-09,1.80850000e-01
-7.68296875e-09,1.80926562e-01
-7.64296875e-09,1.80881250e-01
-7.60296875e-09,1.80914063e-01
-7.56296875e-09,1.80887500e-01
-7.52296875e-09,1.80910938e-01
-7.48296875e-09,1.80890625e-01
-7.44296875e-09,1.80909375e-01
-7.40296875e-09,1.80892187e-01
-7.36296875e-09,1.80907813e-01
-7.32296875e-09,1.80892187e-01
-7.28296875e-09,1.80907813e-01
-7.24296875e-09,1.80892187e-01
-7.20296875e-09,1.80907813e-01
-7.16296875e-09,1.80892187e-01
-7.12296875e-09,1.80907813e-01
-7.08296875e-09,1.80892187e-01
-7.04296875e-09,1.80907813e-01
-7.00296875e-09,1.80892187e-01
-6.96296875e-09,1.80907813e-01
-6.92296875e-09,1.80890625e-01
-6.88296875e-09,1.80909375e-01
-6.84296875e-09,1.80890625e-01
-6.80296875e-09,1.80910938e-01
-6.76296875e-09,1.80887500e-01
-6.72296875e-09,1.80914063e-01
-6.68296875e-09,1.80884375e-01
-6.64296875e-09,1.80918750e-01
-6.60296875e-09,1.80876563e-01
-6.56296875e-09,1.80932813e-01
-6.52296875e-09,1.80842188e-01
-6.48296875e-09,1.81112500e-01
-6.44296875e-09,1.81350000e-01
-6.40296875e-09,1.81273437e-01
-6.36296875e-09,1.81315625e-01
-6.32296875e-09,1.81289063e-01
-6.28296875e-09,1.81306250e-01
-6.24296875e-09,1.81296875e-01
-6.20296875e-09,1.81300000e-01
-6.16296875e-09,1.81303125e-01
-6.12296875e-09,1.81292188e-01
-6.08296875e-09,1.81317188e-01
-6.04296875e-09,1.81257813e-01
-6.00296875e-09,1.81495313e-01
-5.96296875e-09,1.81767188e-01
-5.92296875e-09,1.81654687e-01
-5.88296875e-09,1.81737500e-01
-5.84296875e-09,1.81665625e-01
-5.80296875e-09,1.81734375e-01
-5.76296875e-09,1.81662500e-01
-5.72296875e-09,1.81746875e-01
-5.68296875e-09,1.81628125e-01
-5.64296875e-09,1.81925000e-01
-5.60296875e-09,1.82137500e-01
-5.56296875e-09,1.82087500e-01
-5.52296875e-09,1.82101563e-01
-5.48296875e-09,1.82106250e-01
-5.44296875e-09,1.82085938e-01
-5.40296875e-09,1.82126563e-01
-5.36296875e-09,1.82046875e-01
-5.32296875e-09,1.82307812e-01
-5.28296875e-09,1.82553125e-01
-5.24296875e-09,1.82471875e-01
-5.20296875e-09,1.82515625e-01
-5.16296875e-09,1.82492188e-01
-5.12296875e-09,1.82500000e-01
-5.08296875e-09,1.82510937e-01
-5.04296875e-09,1.82462500e-01
-5.00296875e-09,1.82690625e-01
-4.96296875e-09,1.82970313e-01
-4.92296875e-09,1.82853125e-01
-4.88296875e-09,1.82937500e-01
-4.84296875e-09,1.82865625e-01
-4.80296875e-09,1.82931250e-01
-4.76296875e-09,1.82868750e-01
-4.72296875e-09,1.82932813e-01
-4.68296875e-09,1.82864063e-01
-4.64296875e-09,1.82945313e-01
-4.60296875e-09,1.82831250e-01
-4.56296875e-09,1.83121875e-01
-4.52296875e-09,1.83340625e-01
-4.48296875e-09,1.83282813e-01
-4.44296875e-09,1.83309375e-01
-4.40296875e-09,1.83295313e-01
-4.36296875e-09,1.83301563e-01
-4.32296875e-09,1.83300000e-01
-4.28296875e-09,1.83298437e-01
-4.24296875e-09,1.83303125e-01
-4.20296875e-09,1.83296875e-01
-4.16296875e-09,1.83304688e-01
-4.12296875e-09,1.83295313e-01
-4.08296875e-09,1.83306250e-01
-4.04296875e-09,1.83293750e-01
-4.00296875e-09,1.83307813e-01
-3.96296875e-09,1.83292188e-01
-3.92296875e-09,1.83309375e-01
-3.88296875e-09,1.83290625e-01
-3.84296875e-09,1.83310937e-01
-3.80296875e-09,1.83287500e-01
-3.76296875e-09,1.83314063e-01
-3.72296875e-09,1.83282813e-01
-3.68296875e-09,1.83323438e-01
-3.64296875e-09,1.83267188e-01
-3.60296875e-09,1.83357812e-01
-3.56296875e-09,1.83089063e-01
-3.52296875e-09,1.82848438e-01
-3.48296875e-09,1.82928125e-01
-3.44296875e-09,1.82881250e-01
-3.40296875e-09,1.82914063e-01
-3.36296875e-09,1.82889063e-01
-3.32296875e-09,1.82907813e-01
-3.28296875e-09,1.82893750e-01
-3.24296875e-09,1.82906250e-01
-3.20296875e-09,1.82895313e-01
-3.16296875e-09,1.82904687e-01
-3.12296875e-09,1.82896875e-01
-3.08296875e-09,1.82903125e-01
-3.04296875e-09,1.82896875e-01
-3.00296875e-09,1.82901563e-01
-2.96296875e-09,1.82898438e-01
-2.92296875e-09,1.82901563e-01
-2.88296875e-09,1.82898438e-01
-2.84296875e-09,1.82901563e-01
-2.80296875e-09,1.82898438e-01
-2.76296875e-09,1.82900000e-01
-2.72296875e-09,1.82900000e-01
-2.68296875e-09,1.82900000e-01
-2.64296875e-09,1.82900000e-01
-2.60296875e-09,1.82900000e-01
-2.56296875e-09,1.82901563e-01
-2.52296875e-09,1.82898438e-01
-2.48296875e-09,1.82901563e-01
-2.44296875e-09,1.82896875e-01
-2.40296875e-09,1.82904687e-01
-2.36296875e-09,1.82893750e-01
-2.32296875e-09,1.82909375e-01
-2.28296875e-09,1.82887500e-01
-2.24296875e-09,1.82921875e-01
-2.20296875e-09,1.82853125e-01
-2.16296875e-09,1.83098438e-01
-2.12296875e-09,1.83364063e-01
-2.08296875e-09,1.83257813e-01
-2.04296875e-09,1.83334375e-01
-2.00296875e-09,1.83267188e-01
-1.96296875e-09,1.83332812e-01
-1.92296875e-09,1.83264063e-01
-1.88296875e-09,1.83345312e-01
-1.84296875e-09,1.83231250e-01
-1.80296875e-09,1.83521875e-01
-1.76296875e-09,1.83739062e-01
-1.72296875e-09,1.83685938e-01
-1.68296875e-09,1.83703125e-01
-1.64296875e-09,1.83704688e-01
-1.60296875e-09,1.83687500e-01
-1.56296875e-09,1.83725000e-01
-1.52296875e-09,1.83648438e-01
-1.48296875e-09,1.83904687e-01
-1.44296875e-09,1.84156250e-01
-1.40296875e-09,1.84068750e-01
-1.36296875e-09,1.84120312e-01
-1.32296875e-09,1.84085938e-01
-1.28296875e-09,1.84107812e-01
-1.24296875e-09,1.84096875e-01
-1.20296875e-09,1.84096875e-01
-1.16296875e-09,1.84114063e-01
-1.12296875e-09,1.84060938e-01
-1.08296875e-09,1.84293750e-01
-1.04296875e-09,1.84568750e-01
-1.00296875e-09,1.84454688e-01
-9.62968750e-10,1.84535937e-01
-9.22968750e-10,1.84468750e-01
-8.82968750e-10,1.84528125e-01
-8.42968750e-10,1.84473438e-01
-8.02968750e-10,1.84525000e-01
-7.62968750e-10,1.84475000e-01
-7.22968750e-10,1.84525000e-01
-6.82968750e-10,1.84473438e-01
-6.42968750e-10,1.84529688e-01
-6.02968750e-10,1.84465625e-01
-5.62968750e-10,1.84542188e-01
-5.22968750e-10,1.84432813e-01
-4.82968750e-10,1.84720313e-01
-4.42968750e-10,1.84942188e-01
-4.02968750e-10,1.84881250e-01
-3.62968750e-10,1.84909375e-01
-3.22968750e-10,1.84895313e-01
-2.82968750e-10,1.84901563e-01
-2.42968750e-10,1.84900000e-01
-2.02968750e-10,1.84898438e-01
-1.62968750e-10,1.84903125e-01
-1.22968750e-10,1.84896875e-01
-8.29687500e-11,1.84904687e-01
-4.29687500e-11,1.84895313e-01
-2.96875000e-12,1.84904687e-01
3.70312500e-11,1.84895313e-01
7.70312500e-11,1.84906250e-01
1.17031250e-10,1.84893750e-01
1.57031250e-10,1.84906250e-01
1.97031250e-10,1.84893750e-01
2.37031250e-10,1.84907813e-01
2.77031250e-10,1.84892187e-01
3.17031250e-10,1.84907813e-01
3.57031250e-10,1.84892187e-01
3.97031250e-10,1.84909375e-01
4.37031250e-10,1.84890625e-01
4.77031250e-10,1.84909375e-01
5.17031250e-10,1.84889063e-01
5.57031250e-10,1.84910938e-01
5.97031250e-10,1.84889063e-01
6.37031250e-10,1.84912500e-01
6.77031250e-10,1.84885938e-01
7.17031250e-10,1.84914063e-01
7.57031250e-10,1.84882812e-01
7.97031250e-10,1.84918750e-01
8.37031250e-10,1.84878125e-01
8.77031250e-10,1.84928125e-01
9.17031250e-10,1.84862500e-01
9.57031250e-10,1.84962500e-01
9.97031250e-10,1.84684375e-01
1.03703125e-09,1.84454688e-01
1.07703125e-09,1.84521875e-01
1.11703125e-09,1.84489062e-01
1.15703125e-09,1.84506250e-01
1.19703125e-09,1.84498438e-01
1.23703125e-09,1.84498438e-01
1.27703125e-09,1.84504688e-01
1.31703125e-09,1.84490625e-01
1.35703125e-09,1.84515625e-01
1.39703125e-09,1.84475000e-01
1.43703125e-09,1.84550000e-01
1.47703125e-09,1.84296875e-01
1.51703125e-09,1.84042188e-01
1.55703125e-09,1.84134375e-01
1.59703125e-09,1.84073437e-01
1.63703125e-09,1.84121875e-01
1.67703125e-09,1.84081250e-01
1.71703125e-09,1.84118750e-01
1.75703125e-09,1.84079688e-01
1.79703125e-09,1.84123438e-01
1.83703125e-09,1.84067188e-01
1.87703125e-09,1.84156250e-01
1.91703125e-09,1.83892187e-01
1.95703125e-09,1.83645313e-01
1.99703125e-09,1.83732813e-01
2.03703125e-09,1.83675000e-01
2.07703125e-09,1.83720313e-01
2.11703125e-09,1.83681250e-01
2.15703125e-09,1.83718750e-01
2.19703125e-09,1.83681250e-01
2.23703125e-09,1.83720313e-01
2.27703125e-09,1.83678125e-01
2.31703125e-09,1.83726562e-01
2.35703125e-09,1.83664063e-01
2.39703125e-09,1.83760937e-01
2.43703125e-09,1.83485938e-01
2.47703125e-09,1.83251563e-01
2.51703125e-09,1.83325000e-01
2.55703125e-09,1.83284375e-01
2.59703125e-09,1.83310937e-01
2.63703125e-09,1.83292188e-01
2.67703125e-09,1.83304688e-01
2.71703125e-09,1.83296875e-01
2.75703125e-09,1.83303125e-01
2.79703125e-09,1.83298437e-01
2.83703125e-09,1.83300000e-01
2.87703125e-09,1.83300000e-01
2.91703125e-09,1.83300000e-01
2.95703125e-09,1.83301563e-01
2.99703125e-09,1.83298437e-01
3.03703125e-09,1.83301563e-01
3.07703125e-09,1.83296875e-01
3.11703125e-09,1.83303125e-01
3.15703125e-09,1.83296875e-01
3.19703125e-09,1.83304688e-01
3.23703125e-09,1.83295313e-01
3.27703125e-09,1.83304688e-01
3.31703125e-09,1.83295313e-01
3.35703125e-09,1.83306250e-01
3.39703125e-09,1.83293750e-01
3.43703125e-09,1.83306250e-01
3.47703125e-09,1.83292188e-01
3.51703125e-09,1.83307813e-01
3.55703125e-09,1.83290625e-01
3.59703125e-09,1.83310937e-01
3.63703125e-09,1.83289063e-01
3.67703125e-09,1.83312500e-01
3.71703125e-09,1.83285937e-01
3.75703125e-09,1.83317188e-01
3.79703125e-09,1.83279688e-01
3.83703125e-09,1.83326563e-01
3.87703125e-09,1.83264063e-01
3.91703125e-09,1.83360938e-01
3.95703125e-09,1.83084375e-01
3.99703125e-09,1.82853125e-01
4.03703125e-09,1.82921875e-01
4.07703125e-09,1.82887500e-01
4.11703125e-09,1.82906250e-01
4.15703125e-09,1.82896875e-01
4.19703125e-09,1.82900000e-01
4.23703125e-09,1.82903125e-01
4.27703125e-09,1.82893750e-01
4.31703125e-09,1.82909375e-01
4.35703125e-09,1.82885938e-01
4.39703125e-09,1.82920313e-01
4.43703125e-09,1.82868750e-01
4.47703125e-09,1.82957813e-01
4.51703125e-09,1.82687500e-01
4.55703125e-09,1.82451562e-01
4.59703125e-09,1.82523437e-01
4.63703125e-09,1.82489063e-01
4.67703125e-09,1.82503125e-01
4.71703125e-09,1.82506250e-01
4.75703125e-09,1.82481250e-01
4.79703125e-09,1.82545313e-01
4.83703125e-09,1.82300000e-01
4.87703125e-09,1.82040625e-01
4.91703125e-09,1.82134375e-01
4.95703125e-09,1.82078125e-01
4.99703125e-09,1.82114063e-01
5.03703125e-09,1.82093750e-01
5.07703125e-09,1.82093750e-01
5.11703125e-09,1.82131250e-01
5.15703125e-09,1.81914063e-01
5.19703125e-09,1.81623438e-01
5.23703125e-09,1.81753125e-01
5.27703125e-09,1.81656250e-01
5.31703125e-09,1.81740625e-01
5.35703125e-09,1.81659375e-01
5.39703125e-09,1.81742188e-01
5.43703125e-09,1.81650000e-01
5.47703125e-09,1.81773437e-01
5.51703125e-09,1.81473438e-01
5.55703125e-09,1.81262500e-01
5.59703125e-09,1.81314063e-01
5.63703125e-09,1.81295312e-01
5.67703125e-09,1.81300000e-01
5.71703125e-09,1.81301563e-01
5.75703125e-09,1.81296875e-01
5.79703125e-09,1.81304688e-01
5.83703125e-09,1.81293750e-01
5.87703125e-09,1.81307812e-01
5.91703125e-09,1.81292188e-01
5.95703125e-09,1.81309375e-01
5.99703125e-09,1.81290625e-01
6.03703125e-09,1.81310938e-01
6.07703125e-09,1.81287500e-01
6.11703125e-09,1.81314063e-01
6.15703125e-09,1.81282813e-01
6.19703125e-09,1.81320312e-01
6.23703125e-09,1.81275000e-01
6.27703125e-09,1.81334375e-01
6.31703125e-09,1.81239063e-01
6.35703125e-09,1.81514063e-01
6.39703125e-09,1.81746875e-01
6.43703125e-09,1.81678125e-01
6.47703125e-09,1.81710938e-01
6.51703125e-09,1.81696875e-01
6.55703125e-09,1.81695313e-01
6.59703125e-09,1.81715625e-01
6.63703125e-09,1.81659375e-01
6.67703125e-09,1.81893750e-01
6.71703125e-09,1.82168750e-01
6.75703125e-09,1.82054688e-01
6.79703125e-09,1.82139063e-01
6.83703125e-09,1.82062500e-01
6.87703125e-09,1.82143750e-01
6.91703125e-09,1.82034375e-01
6.95703125e-09,1.82315625e-01
6.99703125e-09,1.82548437e-01
7.03703125e-09,1.82473438e-01
7.07703125e-09,1.82521875e-01
7.11703125e-09,1.82478125e-01
7.15703125e-09,1.82528125e-01
7.19703125e-09,1.82448438e-01
7.23703125e-09,1.82703125e-01
7.27703125e-09,1.82960938e-01
7.31703125e-09,1.82860938e-01
7.35703125e-09,1.82931250e-01
7.39703125e-09,1.82870313e-01
7.43703125e-09,1.82929687e-01
7.47703125e-09,1.82867188e-01
7.51703125e-09,1.82940625e-01
7.55703125e-09,1.82834375e-01
7.59703125e-09,1.83117188e-01
7.63703125e-09,1.83345312e-01
7.67703125e-09,1.83278125e-01
7.71703125e-09,1.83312500e-01
7.75703125e-09,1.83292188e-01
7.79703125e-09,1.83304688e-01
7.83703125e-09,1.83296875e-01
7.87703125e-09,1.83301563e-01
7.91703125e-09,1.83300000e-01
7.95703125e-09,1.83300000e-01
7.99703125e-09,1.83301563e-01
8.03703125e-09,1.83298437e-01
8.07703125e-09,1.83301563e-01
8.11703125e-09,1.83296875e-01
8.15703125e-09,1.83303125e-01
8.19703125e-09,1.83296875e-01
8.23703125e-09,1.83303125e-01
8.27703125e-09,1.83295313e-01
8.31703125e-09,1.83304688e-01
8.35703125e-09,1.83295313e-01
8.39703125e-09,1.83306250e-01
8.43703125e-09,1.83293750e-01
8.47703125e-09,1.83307813e-01
8.51703125e-09,1.83292188e-01
8.55703125e-09,1.83309375e-01
8.59703125e-09,1.83290625e-01
8.63703125e-09,1.83310937e-01
8.67703125e-09,1.83287500e-01
8.71703125e-09,1.83315625e-01
8.75703125e-09,1.83281250e-01
8.79703125e-09,1.83323438e-01
8.83703125e-09,1.83265625e-01
8.87703125e-09,1.83359375e-01
8.91703125e-09,1.83087500e-01
8.95703125e-09,1.82850000e-01
8.99703125e-09,1.82925000e-01
9.03703125e-09,1.82885938e-01
9.07703125e-09,1.82909375e-01
9.11703125e-09,1.82895313e-01
9.15703125e-09,1.82901563e-01
9.19703125e-09,1.82901563e-01
9.23703125e-09,1.82893750e-01
9.27703125e-09,1.82912500e-01
9.31703125e-09,1.82878125e-01
9.35703125e-09,1.82946875e-01
9.39703125e-09,1.82700000e-01
9.43703125e-09,1.82439062e-01
9.47703125e-09,1.82537500e-01
9.51703125e-09,1.82471875e-01
9.55703125e-09,1.82523437e-01
9.59703125e-09,1.82478125e-01
9.63703125e-09,1.82520313e-01
9.67703125e-09,1.82479688e-01
9.71703125e-09,1.82520313e-01
9.75703125e-09,1.82478125e-01
9.79703125e-09,1.82526563e-01
9.83703125e-09,1.82464062e-01
9.87703125e-09,1.82559375e-01
9.91703125e-09,1.82289063e-01
9.95703125e-09,1.82048437e-01
9.99703125e-09,1.82128125e-01
1.00370313e-08,1.82081250e-01
1.00770312e-08,1.82114063e-01
1.01170312e-08,1.82087500e-01
1.01570312e-08,1.82110938e-01
1.01970312e-08,1.82090625e-01
1.02370313e-08,1.82109375e-01
1.02770312e-08,1.82090625e-01
1.03170312e-08,1.82109375e-01
1.03570312e-08,1.82089063e-01
1.03970312e-08,1.82110938e-01
1.04370312e-08,1.82087500e-01
1.04770312e-08,1.82114063e-01
1.05170313e-08,1.82084375e-01
1.05570312e-08,1.82118750e-01
1.05970312e-08,1.82076563e-01
1.06370312e-08,1.82134375e-01
1.06770312e-08,1.82040625e-01
1.07170313e-08,1.82312500e-01
1.07570312e-08,1.82550000e-01
1.07970312e-08,1.82475000e-01
1.08370312e-08,1.82514063e-01
1.08770312e-08,1.82492188e-01
1.09170312e-08,1.82503125e-01
1.09570312e-08,1.82501563e-01
1.09970313e-08,1.82492188e-01
1.10370312e-08,1.82517188e-01
1.10770312e-08,1.82457813e-01
1.11170312e-08,1.82695313e-01
1.11570312e-08,1.82967188e-01
1.11970313e-08,1.82854688e-01
1.12370312e-08,1.82937500e-01
1.12770312e-08,1.82862500e-01
1.13170312e-08,1.82943750e-01
1.13570312e-08,1.82834375e-01
1.13970312e-08,1.83115625e-01
1.14370312e-08,1.83350000e-01
1.14770313e-08,1.83271875e-01
1.15170312e-08,1.83321875e-01
1.15570312e-08,1.83276563e-01
1.15970312e-08,1.83329688e-01
1.16370312e-08,1.83248437e-01
1.16770312e-08,1.83503125e-01
1.17170312e-08,1.83760937e-01
1.17570312e-08,1.83660938e-01
1.17970312e-08,1.83732813e-01
1.18370312e-08,1.83665625e-01
1.18770312e-08,1.83740625e-01
1.19170312e-08,1.83637500e-01
1.19570313e-08,1.83914063e-01
1.19970312e-08,1.84150000e-01
1.20370312e-08,1.84073437e-01
1.20770312e-08,1.84118750e-01
1.21170312e-08,1.84084375e-01
1.21570312e-08,1.84114063e-01
1.21970312e-08,1.84084375e-01
1.22370312e-08,1.84117188e-01
1.22770312e-08,1.84079688e-01
1.23170312e-08,1.84129687e-01
1.23570312e-08,1.84045313e-01
1.23970312e-08,1.84306250e-01
1.24370312e-08,1.84556250e-01
1.24770312e-08,1.84467188e-01
1.25170312e-08,1.84523437e-01
1.25570312e-08,1.84481250e-01
1.25970312e-08,1.84515625e-01
1.26370312e-08,1.84485938e-01
1.26770312e-08,1.84514063e-01
1.27170312e-08,1.84487500e-01
1.27570312e-08,1.84512500e-01
1.27970312e-08,1.84487500e-01
1.28370312e-08,1.84512500e-01
1.28770312e-08,1.84487500e-01
1.29170312e-08,1.84512500e-01
1.29570312e-08,1.84485938e-01
1.29970312e-08,1.84514063e-01
1.30370312e-08,1.84484375e-01
1.30770312e-08,1.84517188e-01
1.31170312e-08,1.84479688e-01
1.31570312e-08,1.84526563e-01
1.31970312e-08,1.84464062e-01
1.32370312e-08,1.84560937e-01
1.32770312e-08,1.84285937e-01
1.33170312e-08,1.84051563e-01
1.33570312e-08,1.84125000e-01
1.33970312e-08,1.84084375e-01
1.34370312e-08,1.84109375e-01
1.34770312e-08,1.84093750e-01
1.35170312e-08,1.84103125e-01
1.35570312e-08,1.84098438e-01
1.35970312e-08,1.84100000e-01
1.36370312e-08,1.84103125e-01
1.36770312e-08,1.84095312e-01
1.37170312e-08,1.84107812e-01
1.37570312e-08,1.84089063e-01
1.37970312e-08,1.84115625e-01
1.38370312e-08,1.84073437e-01
1.38770312e-08,1.84151563e-01
1.39170312e-08,1.83895313e-01
1.39570312e-08,1.83643750e-01
1.39970312e-08,1.83732813e-01
1.40370312e-08,1.83678125e-01
1.40770312e-08,1.83717188e-01
1.41170312e-08,1.83687500e-01
1.41570312e-08,1.83709375e-01
1.41970312e-08,1.83693750e-01
1.42370312e-08,1.83701562e-01
1.42770312e-08,1.83703125e-01
1.43170312e-08,1.83685938e-01
1.43570312e-08,1.83739062e-01
1.43970312e-08,1.83509375e-01
1.44370312e-08,1.83228125e-01
1.44770312e-08,1.83348438e-01
1.45170312e-08,1.83260937e-01
1.45570312e-08,1.83335938e-01
1.45970312e-08,1.83265625e-01
1.46370312e-08,1.83334375e-01
1.46770312e-08,1.83264063e-01
1.47170312e-08,1.83339063e-01
1.47570312e-08,1.83251563e-01
1.47970312e-08,1.83373438e-01
1.48370312e-08,1.83073438e-01
1.48770312e-08,1.82864063e-01
1.49170312e-08,1.82910938e-01
1.49570313e-08,1.82898438e-01
1.49970312e-08,1.82895313e-01
1.50370312e-08,1.82909375e-01
1.50770312e-08,1.82885938e-01
1.51170312e-08,1.82920313e-01
1.51570312e-08,1.82868750e-01
1.51970312e-08,1.82957813e-01
1.52370313e-08,1.82689062e-01
1.52770312e-08,1.82448438e-01
1.53170312e-08,1.82526563e-01
1.53570313e-08,1.82482813e-01
1.53970312e-08,1.82512500e-01
1.54370312e-08,1.82492188e-01
1.54770312e-08,1.82506250e-01
1.55170313e-08,1.82495313e-01
1.55570312e-08,1.82503125e-01
1.55970312e-08,1.82498437e-01
1.56370313e-08,1.82501563e-01
1.56770312e-08,1.82500000e-01
1.57170312e-08,1.82500000e-01
1.57570312e-08,1.82500000e-01
1.57970312e-08,1.82498437e-01
1.58370312e-08,1.82501563e-01
1.58770312e-08,1.82498437e-01
1.59170313e-08,1.82503125e-01
1.59570312e-08,1.82496875e-01
1.59970312e-08,1.82503125e-01
1.60370312e-08,1.82496875e-01
1.60770312e-08,1.82504688e-01
1.61170312e-08,1.82495313e-01
1.61570312e-08,1.82504688e-01
1.61970313e-08,1.82493750e-01
1.62370312e-08,1.82506250e-01
1.62770312e-08,1.82493750e-01
1.63170313e-08,1.82507813e-01
1.63570312e-08,1.82492188e-01
1.63970312e-08,1.82507813e-01
1.64370312e-08,1.82490625e-01
1.64770313e-08,1.82510937e-01
1.65170312e-08,1.82489063e-01
1.65570312e-08,1.82512500e-01
1.65970313e-08,1.82484375e-01
1.66370312e-08,1.82518750e-01
1.66770312e-08,1.82476562e-01
1.67170312e-08,1.82534375e-01
1.67570312e-08,1.82440625e-01
1.67970312e-08,1.82712500e-01
1.68370312e-08,1.82950000e-01
1.68770313e-08,1.82873438e-01
1.69170312e-08,1.82915625e-01
1.69570312e-08,1.82889063e-01
1.69970312e-08,1.82907813e-01
1.70370312e-08,1.82895313e-01
1.70770312e-08,1.82903125e-01
1.71170312e-08,1.82898438e-01
1.71570313e-08,1.82901563e-01
1.71970312e-08,1.82900000e-01
1.72370312e-08,1.82898438e-01
1.72770312e-08,1.82901563e-01
1.73170312e-08,1.82896875e-01
1.73570312e-08,1.82903125e-01
1.73970312e-08,1.82895313e-01
1.74370313e-08,1.82906250e-01
1.74770312e-08,1.82892187e-01
1.75170312e-08,1.82909375e-01
1.75570313e-08,1.82887500e-01
1.75970312e-08,1.82915625e-01
1.76370312e-08,1.82879687e-01
1.76770312e-08,1.82929687e-01
1.77170312e-08,1.82845312e-01
1.77570312e-08,1.83109375e-01
1.77970312e-08,1.83353125e-01
1.78370313e-08,1.83270313e-01
1.78770312e-08,1.83320312e-01
1.79170312e-08,1.83285937e-01
1.79570312e-08,1.83310937e-01
1.79970312e-08,1.83290625e-01
1.80370312e-08,1.83307813e-01
1.80770312e-08,1.83293750e-01
1.81170313e-08,1.83304688e-01
1.81570312e-08,1.83295313e-01
1.81970312e-08,1.83303125e-01
1.82370312e-08,1.83296875e-01
1.82770312e-08,1.83303125e-01
1.83170312e-08,1.83298437e-01
1.83570312e-08,1.83301563e-01
1.83970313e-08,1.83298437e-01
1.84370312e-08,1.83300000e-01
1.84770312e-08,1.83300000e-01
1.85170313e-08,1.83300000e-01
1.85570312e-08,1.83300000e-01
1.85970312e-08,1.83298437e-01
1.86370312e-08,1.83301563e-01
1.86770312e-08,1.83298437e-01
1.87170312e-08,1.83301563e-01
1.87570312e-08,1.83296875e-01
1.87970313e-08,1.83303125e-01
1.88370312e-08,1.83296875e-01
1.88770312e-08,1.83304688e-01
1.89170312e-08,1.83295313e-01
1.89570312e-08,1.83306250e-01
1.89970312e-08,1.83293750e-01
1.90370312e-08,1.83307813e-01
1.90770313e-08,1.83290625e-01
1.91170312e-08,1.83310937e-01
1.91570312e-08,1.83287500e-01
1.91970312e-08,1.83315625e-01
1.92370312e-08,1.83278125e-01
1.92770312e-08,1.83331250e-01
1.93170312e-08,1.83243750e-01
1.93570313e-08,1.83509375e-01
1.93970312e-08,1.83753125e-01
1.94370312e-08,1.83671875e-01
1.94770312e-08,1.83718750e-01
1.95170312e-08,1.83685938e-01
1.95570312e-08,1.83710938e-01
1.95970312e-08,1.83692187e-01
1.96370312e-08,1.83706250e-01
1.96770312e-08,1.83693750e-01
1.97170312e-08,1.83704688e-01
1.97570313e-08,1.83696875e-01
1.97970312e-08,1.83703125e-01
1.98370312e-08,1.83698438e-01
1.98770312e-08,1.83701562e-01
1.99170312e-08,1.83700000e-01
1.99570312e-08,1.83700000e-01
1.99970312e-08,1.83700000e-01
2.00370313e-08,1.83698438e-01
2.00770312e-08,1.83701562e-01
2.01170312e-08,1.83696875e-01
2.01570312e-08,1.83703125e-01
2.01970312e-08,1.83696875e-01
2.02370312e-08,1.83704688e-01
2.02770312e-08,1.83693750e-01
2.03170313e-08,1.83706250e-01
2.03570312e-08,1.83692187e-01
2.03970312e-08,1.83709375e-01
2.04370312e-08,1.83687500e-01
2.04770312e-08,1.83715625e-01
2.05170312e-08,1.83679687e-01
2.05570312e-08,1.83731250e-01
2.05970312e-08,1.83643750e-01
2.06370312e-08,1.83909375e-01
2.06770312e-08,1.84153125e-01
2.07170313e-08,1.84071875e-01
2.07570312e-08,1.84118750e-01
2.07970312e-08,1.84087500e-01
2.08370312e-08,1.84109375e-01
2.08770312e-08,1.84093750e-01
2.09170312e-08,1.84104688e-01
2.09570312e-08,1.84096875e-01
2.09970313e-08,1.84100000e-01
2.10370312e-08,1.84101563e-01
2.10770312e-08,1.84095312e-01
2.11170312e-08,1.84107812e-01
2.11570312e-08,1.84087500e-01
2.11970312e-08,1.84123438e-01
2.12370312e-08,1.84051563e-01
2.12770313e-08,1.84301563e-01
2.13170312e-08,1.84560937e-01
2.13570312e-08,1.84462500e-01
2.13970312e-08,1.84528125e-01
2.14370312e-08,1.84476562e-01
2.14770312e-08,1.84520313e-01
2.15170312e-08,1.84481250e-01
2.15570312e-08,1.84517188e-01
2.15970312e-08,1.84482813e-01
2.16370312e-08,1.84517188e-01
2.16770312e-08,1.84481250e-01
2.17170312e-08,1.84520313e-01
2.17570312e-08,1.84475000e-01
2.17970312e-08,1.84534375e-01
2.18370312e-08,1.84442188e-01
2.18770312e-08,1.84710938e-01
2.19170312e-08,1.84953125e-01
2.19570313e-08,1.84870312e-01
2.19970312e-08,1.84921875e-01
2.20370312e-08,1.84882812e-01
2.20770312e-08,1.84915625e-01
2.21170312e-08,1.84885938e-01
2.21570312e-08,1.84914063e-01
2.21970312e-08,1.84885938e-01
2.22370313e-08,1.84915625e-01
2.22770312e-08,1.84882812e-01
2.23170312e-08,1.84918750e-01
2.23570312e-08,1.84875000e-01
2.23970312e-08,1.84934375e-01
2.24370312e-08,1.84840625e-01
2.24770312e-08,1.85112500e-01
2.25170312e-08,1.85350000e-01
2.25570312e-08,1.85275000e-01
2.25970312e-08,1.85315625e-01
2.26370312e-08,1.85289063e-01
2.26770312e-08,1.85306250e-01
2.27170312e-08,1.85296875e-01
2.27570312e-08,1.85301563e-01
2.27970312e-08,1.85301563e-01
2.28370312e-08,1.85295313e-01
2.28770312e-08,1.85307813e-01
2.29170313e-08,1.85285937e-01
2.29570312e-08,1.85323438e-01
2.29970312e-08,1.85251562e-01
2.30370312e-08,1.85501562e-01
2.30770312e-08,1.85759375e-01
2.31170312e-08,1.85664063e-01
2.31570312e-08,1.85726562e-01
2.31970313e-08,1.85679687e-01
2.32370312e-08,1.85717188e-01
2.32770312e-08,1.85684375e-01
2.33170312e-08,1.85714062e-01
2.33570312e-08,1.85687500e-01
2.33970312e-08,1.85710938e-01
2.34370312e-08,1.85689063e-01
2.34770312e-08,1.85710938e-01
2.35170312e-08,1.85690625e-01
2.35570312e-08,1.85709375e-01
2.35970312e-08,1.85690625e-01
2.36370312e-08,1.85709375e-01
2.36770312e-08,1.85690625e-01
2.37170312e-08,1.85709375e-01
2.37570312e-08,1.85690625e-01
2.37970312e-08,1.85709375e-01
2.38370312e-08,1.85690625e-01
2.38770313e-08,1.85709375e-01
2.39170312e-08,1.85689063e-01
2.39570312e-08,1.85712500e-01
2.39970312e-08,1.85685938e-01
2.40370312e-08,1.85718750e-01
2.40770312e-08,1.85673438e-01
2.41170312e-08,1.85751562e-01
2.41570313e-08,1.85496875e-01
2.41970312e-08,1.85239062e-01
2.42370312e-08,1.85340625e-01
2.42770312e-08,1.85265625e-01
2.43170312e-08,1.85334375e-01
2.43570312e-08,1.85257813e-01
2.43970312e-08,1.85365625e-01
2.44370312e-08,1.85081250e-01
2.44770312e-08,1.84856250e-01
2.45170312e-08,1.84917187e-01
2.45570312e-08,1.84895313e-01
2.45970312e-08,1.84892187e-01
2.46370312e-08,1.84934375e-01
2.46770312e-08,1.84712500e-01
2.47170312e-08,1.84423438e-01
2.47570312e-08,1.84556250e-01
2.47970312e-08,1.84445313e-01
2.48370312e-08,1.84573437e-01
2.48770312e-08,1.84278125e-01
2.49170312e-08,1.84054688e-01
2.49570312e-08,1.84126563e-01
2.49970312e-08,1.84073437e-01
2.50370312e-08,1.84146875e-01
2.50770312e-08,1.83904687e-01
2.51170313e-08,1.83628125e-01
2.51570312e-08,1.83754688e-01
2.51970312e-08,1.83643750e-01
2.52370312e-08,1.83776563e-01
2.52770312e-08,1.83471875e-01
2.53170312e-08,1.83265625e-01
2.53570312e-08,1.83310937e-01
2.53970312e-08,1.83300000e-01
2.54370312e-08,1.83292188e-01
2.54770312e-08,1.83314063e-01
2.55170312e-08,1.83275000e-01
2.55570312e-08,1.83351563e-01
2.55970312e-08,1.83095312e-01
2.56370312e-08,1.82843750e-01
2.56770312e-08,1.82931250e-01
2.57170312e-08,1.82878125e-01
2.57570312e-08,1.82917187e-01
2.57970312e-08,1.82885938e-01
2.58370312e-08,1.82910938e-01
2.58770312e-08,1.82890625e-01
2.59170312e-08,1.82909375e-01
2.59570312e-08,1.82892187e-01
2.59970312e-08,1.82906250e-01
2.60370312e-08,1.82893750e-01
2.60770313e-08,1.82904687e-01
2.61170312e-08,1.82895313e-01
2.61570312e-08,1.82903125e-01
2.61970312e-08,1.82896875e-01
2.62370312e-08,1.82901563e-01
2.62770312e-08,1.82900000e-01
2.63170312e-08,1.82898438e-01
2.63570312e-08,1.82904687e-01
2.63970312e-08,1.82890625e-01
2.64370312e-08,1.82918750e-01
2.64770312e-08,1.82856250e-01
2.65170312e-08,1.83095312e-01
2.65570312e-08,1.83367188e-01
2.65970312e-08,1.83256250e-01
2.66370312e-08,1.83335938e-01
2.66770312e-08,1.83268750e-01
2.67170312e-08,1.83331250e-01
2.67570312e-08,1.83268750e-01
2.67970312e-08,1.83332812e-01
2.68370312e-08,1.83262500e-01
2.68770312e-08,1.83345312e-01
2.69170312e-08,1.83229688e-01
2.69570312e-08,1.83523437e-01
2.69970312e-08,1.83739062e-01
2.70370312e-08,1.83684375e-01
2.70770312e-08,1.83706250e-01
2.71170312e-08,1.83700000e-01
2.71570312e-08,1.83696875e-01
2.71970312e-08,1.83706250e-01
2.72370312e-08,1.83692187e-01
2.72770312e-08,1.83710938e-01
2.73170312e-08,1.83687500e-01
2.73570312e-08,1.83715625e-01
2.73970312e-08,1.83681250e-01
2.74370312e-08,1.83721875e-01
2.74770312e-08,1.83671875e-01
2.75170312e-08,1.83739062e-01
2.75570312e-08,1.83634375e-01
2.75970312e-08,1.83918750e-01
2.76370312e-08,1.84140625e-01
2.76770312e-08,1.84085938e-01
2.77170312e-08,1.84101563e-01
2.77570312e-08,1.84107812e-01
2.77970312e-08,1.84078125e-01
2.78370312e-08,1.84148438e-01
2.78770312e-08,1.83896875e-01
2.79170312e-08,1.83643750e-01
2.79570312e-08,1.83731250e-01
2.79970312e-08,1.83678125e-01
2.80370312e-08,1.83715625e-01
2.80770312e-08,1.83689062e-01
2.81170312e-08,1.83707813e-01
2.81570312e-08,1.83695313e-01
2.81970312e-08,1.83703125e-01
2.82370312e-08,1.83700000e-01
2.82770312e-08,1.83698438e-01
2.83170312e-08,1.83704688e-01
2.83570312e-08,1.83690625e-01
2.83970312e-08,1.83715625e-01
2.84370312e-08,1.83675000e-01
2.84770312e-08,1.83751563e-01
2.85170312e-08,1.83495313e-01
2.85570312e-08,1.83243750e-01
2.85970312e-08,1.83332812e-01
2.86370312e-08,1.83278125e-01
2.86770312e-08,1.83315625e-01
2.87170312e-08,1.83287500e-01
2.87570312e-08,1.83309375e-01
2.87970312e-08,1.83293750e-01
2.88370312e-08,1.83303125e-01
2.88770312e-08,1.83300000e-01
2.89170312e-08,1.83296875e-01
2.89570312e-08,1.83309375e-01
2.89970312e-08,1.83279688e-01
2.90370312e-08,1.83345312e-01
2.90770312e-08,1.83101563e-01
2.91170312e-08,1.82837500e-01
2.91570312e-08,1.82939062e-01
2.91970312e-08,1.82870313e-01
2.92370312e-08,1.82923438e-01
2.92770312e-08,1.82879687e-01
2.93170312e-08,1.82918750e-01
2.93570312e-08,1.82882813e-01
2.93970312e-08,1.82915625e-01
2.94370312e-08,1.82885938e-01
2.94770312e-08,1.82914063e-01
2.95170312e-08,1.82887500e-01
2.95570312e-08,1.82912500e-01
2.95970312e-08,1.82887500e-01
2.96370312e-08,1.82910938e-01
2.96770312e-08,1.82889063e-01
2.97170312e-08,1.82910938e-01
2.97570312e-08,1.82889063e-01
2.97970312e-08,1.82909375e-01
2.98370312e-08,1.82890625e-01
2.98770312e-08,1.82909375e-01
2.99170312e-08,1.82890625e-01
2.99570312e-08,1.82909375e-01
2.99970313e-08,1.82890625e-01
3.00370313e-08,1.82909375e-01
3.00770312e-08,1.82890625e-01
3.01170312e-08,1.82909375e-01
3.01570312e-08,1.82890625e-01
3.01970312e-08,1.82909375e-01
3.02370312e-08,1.82890625e-01
3.02770313e-08,1.82910938e-01
3.03170313e-08,1.82889063e-01
3.03570312e-08,1.82910938e-01
3.03970312e-08,1.82887500e-01
3.04370312e-08,1.82912500e-01
3.04770312e-08,1.82885938e-01
3.05170312e-08,1.82915625e-01
3.05570313e-08,1.82881250e-01
3.05970313e-08,1.82923438e-01
3.06370312e-08,1.82867188e-01
3.06770312e-08,1.82957813e-01
3.07170312e-08,1.82689062e-01
3.07570312e-08,1.82448438e-01
3.07970312e-08,1.82528125e-01
3.08370313e-08,1.82481250e-01
3.08770313e-08,1.82514063e-01
3.09170312e-08,1.82489063e-01
3.09570312e-08,1.82509375e-01
3.09970312e-08,1.82492188e-01
3.10370312e-08,1.82506250e-01
3.10770312e-08,1.82493750e-01
3.11170313e-08,1.82506250e-01
3.11570312e-08,1.82493750e-01
3.11970312e-08,1.82504688e-01
3.12370312e-08,1.82495313e-01
3.12770312e-08,1.82504688e-01
3.13170312e-08,1.82495313e-01
3.13570312e-08,1.82506250e-01
3.13970313e-08,1.82493750e-01
3.14370312e-08,1.82506250e-01
3.14770312e-08,1.82493750e-01
3.15170312e-08,1.82507813e-01
3.15570312e-08,1.82490625e-01
3.15970312e-08,1.82509375e-01
3.16370312e-08,1.82487500e-01
3.16770313e-08,1.82515625e-01
3.17170312e-08,1.82479688e-01
3.17570312e-08,1.82529688e-01
3.17970312e-08,1.82445313e-01
3.18370312e-08,1.82707813e-01
3.18770312e-08,1.82954688e-01
3.19170312e-08,1.82868750e-01
3.19570313e-08,1.82921875e-01
3.19970312e-08,1.82882813e-01
3.20370312e-08,1.82915625e-01
3.20770312e-08,1.82887500e-01
3.21170312e-08,1.82912500e-01
3.21570312e-08,1.82887500e-01
3.21970313e-08,1.82912500e-01
3.22370313e-08,1.82887500e-01
3.22770312e-08,1.82915625e-01
3.23170312e-08,1.82881250e-01
3.23570312e-08,1.82928125e-01
3.23970312e-08,1.82848438e-01
3.24370312e-08,1.83103125e-01
3.24770313e-08,1.83360938e-01
3.25170313e-08,1.83262500e-01
3.25570312e-08,1.83331250e-01
3.25970312e-08,1.83271875e-01
3.26370312e-08,1.83329688e-01
3.26770312e-08,1.83267188e-01
3.27170312e-08,1.83342188e-01
3.27570313e-08,1.83232813e-01
3.27970312e-08,1.83520313e-01
3.28370312e-08,1.83742188e-01
3.28770312e-08,1.83682813e-01
3.29170312e-08,1.83704688e-01
3.29570312e-08,1.83703125e-01
3.29970312e-08,1.83689062e-01
3.30370313e-08,1.83723438e-01
3.30770312e-08,1.83650000e-01
3.31170312e-08,1.83904687e-01
3.31570312e-08,1.84156250e-01
3.31970312e-08,1.84068750e-01
3.32370312e-08,1.84118750e-01
3.32770312e-08,1.84089063e-01
3.33170313e-08,1.84103125e-01
3.33570312e-08,1.84107812e-01
3.33970312e-08,1.84065625e-01
3.34370312e-08,1.84287500e-01
3.34770312e-08,1.84573437e-01
3.35170312e-08,1.84450000e-01
3.35570312e-08,1.84542188e-01
3.35970313e-08,1.84460938e-01
3.36370312e-08,1.84537500e-01
3.36770312e-08,1.84459375e-01
3.37170312e-08,1.84548437e-01
3.37570312e-08,1.84428125e-01
3.37970312e-08,1.84723438e-01
3.38370312e-08,1.84939063e-01
3.38770313e-08,1.84882812e-01
3.39170312e-08,1.84907813e-01
3.39570312e-08,1.84896875e-01
3.39970312e-08,1.84901563e-01
3.40370312e-08,1.84900000e-01
3.40770312e-08,1.84898438e-01
3.41170313e-08,1.84903125e-01
3.41570313e-08,1.84896875e-01
3.41970312e-08,1.84903125e-01
3.42370312e-08,1.84896875e-01
3.42770312e-08,1.84903125e-01
3.43170312e-08,1.84895313e-01
3.43570312e-08,1.84904687e-01
3.43970313e-08,1.84895313e-01
3.44370313e-08,1.84904687e-01
3.44770312e-08,1.84895313e-01
3.45170312e-08,1.84904687e-01
3.45570312e-08,1.84895313e-01
3.45970312e-08,1.84904687e-01
3.46370312e-08,1.84895313e-01
3.46770313e-08,1.84904687e-01
3.47170312e-08,1.84895313e-01
3.47570312e-08,1.84904687e-01
3.47970312e-08,1.84895313e-01
3.48370312e-08,1.84904687e-01
3.48770312e-08,1.84895313e-01
3.49170312e-08,1.84904687e-01
3.49570313e-08,1.84895313e-01
3.49970312e-08,1.84904687e-01
3.50370312e-08,1.84895313e-01
3.50770312e-08,1.84904687e-01
3.51170312e-08,1.84895313e-01
3.51570312e-08,1.84904687e-01
3.51970312e-08,1.84895313e-01
3.52370313e-08,1.84904687e-01
3.52770312e-08,1.84893750e-01
3.53170312e-08,1.84906250e-01
3.53570312e-08,1.84893750e-01
3.53970312e-08,1.84906250e-01
3.54370312e-08,1.84893750e-01
3.54770312e-08,1.84906250e-01
3.55170313e-08,1.84893750e-01
3.55570312e-08,1.84907813e-01
3.55970312e-08,1.84892187e-01
3.56370312e-08,1.84907813e-01
3.56770312e-08,1.84890625e-01
3.57170312e-08,1.84909375e-01
3.57570312e-08,1.84889063e-01
3.57970313e-08,1.84912500e-01
3.58370312e-08,1.84884375e-01
3.58770312e-08,1.84920313e-01
3.59170312e-08,1.84870312e-01
3.59570312e-08,1.84954687e-01
3.59970312e-08,1.84692187e-01
3.60370312e-08,1.84445313e-01
3.60770313e-08,1.84531250e-01
3.61170312e-08,1.84478125e-01
3.61570312e-08,1.84518750e-01
3.61970312e-08,1.84484375e-01
3.62370312e-08,1.84514063e-01
3.62770312e-08,1.84485938e-01
3.63170313e-08,1.84515625e-01
3.63570313e-08,1.84482813e-01
3.63970312e-08,1.84521875e-01
3.64370312e-08,1.84468750e-01
3.64770312e-08,1.84554688e-01
3.65170312e-08,1.84292188e-01
3.65570312e-08,1.84043750e-01
3.65970313e-08,1.84132813e-01
3.66370312e-08,1.84076563e-01
3.66770312e-08,1.84120312e-01
3.67170312e-08,1.84082812e-01
3.67570312e-08,1.84117188e-01
3.67970312e-08,1.84082812e-01
3.68370312e-08,1.84117188e-01
3.68770313e-08,1.84079688e-01
3.69170312e-08,1.84125000e-01
3.69570312e-08,1.84067188e-01
3.69970312e-08,1.84157813e-01
3.70370312e-08,1.83889063e-01
3.70770312e-08,1.83648438e-01
3.71170312e-08,1.83728125e-01
3.71570313e-08,1.83679687e-01
3.71970312e-08,1.83715625e-01
3.72370312e-08,1.83687500e-01
3.72770312e-08,1.83710938e-01
3.73170312e-08,1.83690625e-01
3.73570312e-08,1.83709375e-01
3.73970312e-08,1.83692187e-01
3.74370313e-08,1.83707813e-01
3.74770312e-08,1.83692187e-01
3.75170312e-08,1.83709375e-01
3.75570312e-08,1.83690625e-01
3.75970312e-08,1.83710938e-01
3.76370312e-08,1.83689062e-01
3.76770312e-08,1.83714062e-01
3.77170313e-08,1.83684375e-01
3.77570312e-08,1.83721875e-01
3.77970312e-08,1.83668750e-01
3.78370312e-08,1.83756250e-01
3.78770312e-08,1.83492188e-01
3.79170312e-08,1.83246875e-01
3.79570312e-08,1.83329688e-01
3.79970313e-08,1.83279688e-01
3.80370312e-08,1.83315625e-01
3.80770312e-08,1.83287500e-01
3.81170312e-08,1.83310937e-01
3.81570312e-08,1.83290625e-01
3.81970312e-08,1.83307813e-01
3.82370312e-08,1.83292188e-01
3.82770313e-08,1.83306250e-01
3.83170312e-08,1.83293750e-01
3.83570312e-08,1.83306250e-01
3.83970312e-08,1.83295313e-01
3.84370312e-08,1.83304688e-01
3.84770312e-08,1.83295313e-01
3.85170313e-08,1.83304688e-01
3.85570312e-08,1.83295313e-01
3.85970312e-08,1.83304688e-01
3.86370312e-08,1.83296875e-01
3.86770312e-08,1.83303125e-01
3.87170312e-08,1.83296875e-01
3.87570312e-08,1.83303125e-01
3.87970313e-08,1.83296875e-01
3.88370312e-08,1.83303125e-01
3.88770312e-08,1.83296875e-01
3.89170312e-08,1.83303125e-01
3.89570312e-08,1.83296875e-01
3.89970312e-08,1.83303125e-01
3.90370312e-08,1.83296875e-01
3.90770313e-08,1.83301563e-01
3.91170312e-08,1.83298437e-01
3.91570312e-08,1.83301563e-01
3.91970312e-08,1.83298437e-01
3.92370312e-08,1.83301563e-01
3.92770312e-08,1.83298437e-01
3.93170312e-08,1.83301563e-01
3.93570313e-08,1.83298437e-01
3.93970312e-08,1.83301563e-01
3.94370312e-08,1.83300000e-01
3.94770312e-08,1.83300000e-01
3.95170312e-08,1.83300000e-01
3.95570312e-08,1.83300000e-01
3.95970312e-08,1.83300000e-01
3.96370313e-08,1.83298437e-01
3.96770312e-08,1.83301563e-01
3.97170312e-08,1.83296875e-01
3.97570312e-08,1.83303125e-01
3.97970312e-08,1.83295313e-01
3.98370312e-08,1.83304688e-01
3.98770312e-08,1.83293750e-01
3.99170313e-08,1.83309375e-01
3.99570312e-08,1.83287500e-01
3.99970312e-08,1.83317188e-01
4.00370312e-08,1.83271875e-01
4.00770312e-08,1.83353125e-01
4.01170312e-08,1.83093750e-01
4.01570312e-08,1.82845312e-01
4.01970313e-08,1.82931250e-01
4.02370312e-08,1.82879687e-01
4.02770312e-08,1.82914063e-01
4.03170312e-08,1.82890625e-01
4.03570312e-08,1.82904687e-01
4.03970312e-08,1.82901563e-01
4.04370312e-08,1.82887500e-01
4.04770312e-08,1.82937500e-01
4.05170312e-08,1.82709375e-01
4.05570312e-08,1.82428125e-01
4.05970312e-08,1.82548437e-01
4.06370312e-08,1.82460938e-01
4.06770312e-08,1.82535937e-01
4.07170313e-08,1.82465625e-01
4.07570312e-08,1.82534375e-01
4.07970312e-08,1.82464062e-01
4.08370312e-08,1.82539063e-01
4.08770312e-08,1.82451562e-01
4.09170312e-08,1.82571875e-01
4.09570312e-08,1.82275000e-01
4.09970313e-08,1.82062500e-01
4.10370312e-08,1.82114063e-01
4.10770312e-08,1.82095312e-01
4.11170312e-08,1.82100000e-01
4.11570312e-08,1.82103125e-01
4.11970312e-08,1.82095312e-01
4.12370312e-08,1.82106250e-01
4.12770313e-08,1.82092188e-01
4.13170312e-08,1.82109375e-01
4.13570312e-08,1.82090625e-01
4.13970312e-08,1.82110938e-01
4.14370312e-08,1.82087500e-01
4.14770312e-08,1.82112500e-01
4.15170312e-08,1.82085938e-01
4.15570313e-08,1.82117187e-01
4.15970312e-08,1.82081250e-01
4.16370312e-08,1.82121875e-01
4.16770312e-08,1.82071875e-01
4.17170312e-08,1.82137500e-01
4.17570312e-08,1.82037500e-01
4.17970312e-08,1.82317188e-01
4.18370313e-08,1.82545313e-01
4.18770312e-08,1.82479688e-01
4.19170312e-08,1.82510937e-01
4.19570312e-08,1.82495313e-01
4.19970312e-08,1.82501563e-01
4.20370312e-08,1.82503125e-01
4.20770312e-08,1.82493750e-01
4.21170313e-08,1.82509375e-01
4.21570312e-08,1.82484375e-01
4.21970312e-08,1.82526563e-01
4.22370312e-08,1.82448438e-01
4.22770312e-08,1.82704688e-01
4.23170312e-08,1.82957813e-01
4.23570312e-08,1.82867188e-01
4.23970312e-08,1.82925000e-01
4.24370312e-08,1.82879687e-01
4.24770312e-08,1.82917187e-01
4.25170312e-08,1.82884375e-01
4.25570312e-08,1.82915625e-01
4.25970312e-08,1.82884375e-01
4.26370312e-08,1.82918750e-01
4.26770312e-08,1.82878125e-01
4.27170312e-08,1.82931250e-01
4.27570312e-08,1.82845312e-01
4.27970312e-08,1.83107812e-01
4.28370312e-08,1.83356250e-01
4.28770312e-08,1.83267188e-01
4.29170313e-08,1.83323438e-01
4.29570312e-08,1.83279688e-01
4.29970312e-08,1.83317188e-01
4.30370312e-08,1.83284375e-01
4.30770312e-08,1.83315625e-01
4.31170312e-08,1.83284375e-01
4.31570312e-08,1.83315625e-01
4.31970313e-08,1.83282813e-01
4.32370312e-08,1.83317188e-01
4.32770312e-08,1.83279688e-01
4.33170312e-08,1.83323438e-01
4.33570312e-08,1.83271875e-01
4.33970312e-08,1.83337500e-01
4.34370312e-08,1.83237500e-01
4.34770313e-08,1.83515625e-01
4.35170312e-08,1.83746875e-01
4.35570312e-08,1.83678125e-01
4.35970312e-08,1.83712500e-01
4.36370312e-08,1.83692187e-01
4.36770312e-08,1.83704688e-01
4.37170312e-08,1.83698438e-01
4.37570313e-08,1.83700000e-01
4.37970312e-08,1.83701562e-01
4.38370312e-08,1.83696875e-01
4.38770312e-08,1.83704688e-01
4.39170312e-08,1.83692187e-01
4.39570312e-08,1.83709375e-01
4.39970312e-08,1.83687500e-01
4.40370313e-08,1.83715625e-01
4.40770312e-08,1.83679687e-01
4.41170312e-08,1.83731250e-01
4.41570312e-08,1.83643750e-01
4.41970312e-08,1.83909375e-01
4.42370312e-08,1.84151563e-01
4.42770312e-08,1.84071875e-01
4.43170312e-08,1.84117188e-01
4.43570312e-08,1.84087500e-01
4.43970312e-08,1.84107812e-01
4.44370312e-08,1.84095312e-01
4.44770312e-08,1.84103125e-01
4.45170312e-08,1.84100000e-01
4.45570312e-08,1.84096875e-01
4.45970312e-08,1.84106250e-01
4.46370312e-08,1.84087500e-01
4.46770312e-08,1.84121875e-01
4.47170312e-08,1.84053125e-01
4.47570312e-08,1.84300000e-01
4.47970312e-08,1.84562500e-01
4.48370312e-08,1.84460938e-01
4.48770312e-08,1.84529688e-01
4.49170312e-08,1.84475000e-01
4.49570312e-08,1.84523437e-01
4.49970312e-08,1.84476562e-01
4.50370312e-08,1.84525000e-01
4.50770312e-08,1.84471875e-01
4.51170313e-08,1.84535937e-01
4.51570312e-08,1.84439063e-01
4.51970312e-08,1.84712500e-01
4.52370312e-08,1.84951562e-01
4.52770312e-08,1.84871875e-01
4.53170312e-08,1.84920313e-01
4.53570312e-08,1.84884375e-01
4.53970313e-08,1.84914063e-01
4.54370312e-08,1.84885938e-01
4.54770312e-08,1.84914063e-01
4.55170312e-08,1.84884375e-01
4.55570312e-08,1.84917187e-01
4.55970312e-08,1.84878125e-01
4.56370312e-08,1.84931250e-01
4.56770313e-08,1.84843750e-01
4.57170312e-08,1.85107812e-01
4.57570312e-08,1.85354688e-01
4.57970312e-08,1.85268750e-01
4.58370312e-08,1.85321875e-01
4.58770312e-08,1.85282813e-01
4.59170312e-08,1.85314063e-01
4.59570313e-08,1.85287500e-01
4.59970312e-08,1.85310937e-01
4.60370312e-08,1.85290625e-01
4.60770312e-08,1.85309375e-01
4.61170312e-08,1.85290625e-01
4.61570312e-08,1.85309375e-01
4.61970312e-08,1.85290625e-01
4.62370312e-08,1.85309375e-01
4.62770312e-08,1.85289063e-01
4.63170312e-08,1.85312500e-01
4.63570312e-08,1.85284375e-01
4.63970312e-08,1.85320313e-01
4.64370312e-08,1.85270313e-01
4.64770312e-08,1.85353125e-01
4.65170312e-08,1.85093750e-01
4.65570312e-08,1.84843750e-01
4.65970312e-08,1.84934375e-01
4.66370312e-08,1.84875000e-01
4.66770312e-08,1.84921875e-01
4.67170312e-08,1.84881250e-01
4.67570312e-08,1.84918750e-01
4.67970312e-08,1.84881250e-01
4.68370312e-08,1.84920313e-01
4.68770312e-08,1.84878125e-01
4.69170312e-08,1.84926563e-01
4.69570312e-08,1.84864063e-01
4.69970312e-08,1.84960938e-01
4.70370313e-08,1.84687500e-01
4.70770312e-08,1.84450000e-01
4.71170312e-08,1.84525000e-01
4.71570312e-08,1.84484375e-01
4.71970312e-08,1.84510937e-01
4.72370312e-08,1.84492188e-01
4.72770312e-08,1.84506250e-01
4.73170313e-08,1.84495313e-01
4.73570312e-08,1.84503125e-01
4.73970312e-08,1.84496875e-01
4.74370312e-08,1.84501562e-01
4.74770312e-08,1.84498438e-01
4.75170312e-08,1.84500000e-01
4.75570312e-08,1.84500000e-01
4.75970313e-08,1.84500000e-01
4.76370312e-08,1.84501562e-01
4.76770312e-08,1.84498438e-01
4.77170312e-08,1.84501562e-01
4.77570312e-08,1.84496875e-01
4.77970312e-08,1.84503125e-01
4.78370312e-08,1.84495313e-01
4.78770313e-08,1.84504688e-01
4.79170312e-08,1.84493750e-01
4.79570312e-08,1.84507813e-01
4.79970312e-08,1.84490625e-01
4.80370312e-08,1.84510937e-01
4.80770312e-08,1.84485938e-01
4.81170312e-08,1.84520313e-01
4.81570312e-08,1.84470313e-01
4.81970312e-08,1.84554688e-01
4.82370312e-08,1.84292188e-01
4.82770312e-08,1.84045313e-01
4.83170312e-08,1.84131250e-01
4.83570312e-08,1.84079688e-01
4.83970312e-08,1.84115625e-01
4.84370312e-08,1.84087500e-01
4.84770312e-08,1.84110938e-01
4.85170312e-08,1.84090625e-01
4.85570312e-08,1.84107812e-01
4.85970312e-08,1.84093750e-01
4.86370312e-08,1.84106250e-01
4.86770312e-08,1.84095312e-01
4.87170312e-08,1.84104688e-01
4.87570312e-08,1.84096875e-01
4.87970312e-08,1.84103125e-01
4.88370312e-08,1.84098438e-01
4.88770312e-08,1.84101563e-01
4.89170312e-08,1.84098438e-01
4.89570312e-08,1.84100000e-01
4.89970312e-08,1.84101563e-01
4.90370312e-08,1.84098438e-01
4.90770312e-08,1.84103125e-01
4.91170312e-08,1.84095312e-01
4.91570312e-08,1.84106250e-01
4.91970312e-08,1.84090625e-01
4.92370313e-08,1.84115625e-01
4.92770312e-08,1.84075000e-01
4.93170312e-08,1.84150000e-01
4.93570312e-08,1.83896875e-01
4.93970312e-08,1.83640625e-01
4.94370312e-08,1.83735938e-01
4.94770312e-08,1.83673438e-01
4.95170313e-08,1.83721875e-01
4.95570312e-08,1.83681250e-01
4.95970312e-08,1.83717188e-01
4.96370312e-08,1.83682813e-01
4.96770312e-08,1.83715625e-01
4.97170312e-08,1.83684375e-01
4.97570312e-08,1.83715625e-01
4.97970313e-08,1.83682813e-01
4.98370312e-08,1.83718750e-01
4.98770312e-08,1.83679687e-01
4.99170312e-08,1.83725000e-01
4.99570312e-08,1.83665625e-01
4.99970312e-08,1.83759375e-01
5.00370312e-08,1.83489062e-01
5.00770312e-08,1.83248437e-01
5.01170312e-08,1.83328125e-01
5.01570312e-08,1.83281250e-01
5.01970312e-08,1.83314063e-01
5.02370312e-08,1.83287500e-01
5.02770312e-08,1.83310937e-01
5.03170312e-08,1.83290625e-01
5.03570312e-08,1.83309375e-01
5.03970312e-08,1.83290625e-01
5.04370312e-08,1.83309375e-01
5.04770312e-08,1.83290625e-01
5.05170312e-08,1.83310937e-01
5.05570312e-08,1.83289063e-01
5.05970312e-08,1.83312500e-01
5.06370312e-08,1.83284375e-01
5.06770312e-08,1.83321875e-01
5.07170312e-08,1.83268750e-01
5.07570312e-08,1.83356250e-01
5.07970312e-08,1.83092188e-01
5.08370312e-08,1.82846875e-01
5.08770312e-08,1.82929687e-01
5.09170312e-08,1.82879687e-01
5.09570312e-08,1.82915625e-01
5.09970312e-08,1.82887500e-01
5.10370312e-08,1.82910938e-01
5.10770312e-08,1.82890625e-01
5.11170312e-08,1.82907813e-01
5.11570312e-08,1.82893750e-01
5.11970312e-08,1.82906250e-01
5.12370312e-08,1.82895313e-01
5.12770312e-08,1.82904687e-01
5.13170312e-08,1.82896875e-01
5.13570312e-08,1.82903125e-01
5.13970312e-08,1.82896875e-01
5.14370313e-08,1.82901563e-01
5.14770312e-08,1.82898438e-01
5.15170312e-08,1.82900000e-01
5.15570312e-08,1.82900000e-01
5.15970312e-08,1.82898438e-01
5.16370312e-08,1.82903125e-01
5.16770312e-08,1.82893750e-01
5.17170313e-08,1.82909375e-01
5.17570312e-08,1.82885938e-01
5.17970312e-08,1.82923438e-01
5.18370312e-08,1.82851563e-01
5.18770312e-08,1.83101563e-01
5.19170312e-08,1.83360938e-01
5.19570312e-08,1.83262500e-01
5.19970312e-08,1.83328125e-01
5.20370312e-08,1.83276563e-01
5.20770312e-08,1.83320312e-01
5.21170312e-08,1.83281250e-01
5.21570312e-08,1.83318750e-01
5.21970312e-08,1.83282813e-01
5.22370312e-08,1.83317188e-01
5.22770312e-08,1.83282813e-01
5.23170312e-08,1.83318750e-01
5.23570312e-08,1.83279688e-01
5.23970312e-08,1.83321875e-01
5.24370312e-08,1.83273437e-01
5.24770312e-08,1.83335938e-01
5.25170312e-08,1.83239062e-01
5.25570312e-08,1.83512500e-01
5.25970312e-08,1.83750000e-01
5.26370312e-08,1.83673438e-01
5.26770312e-08,1.83717188e-01
5.27170312e-08,1.83687500e-01
5.27570312e-08,1.83710938e-01
5.27970312e-08,1.83690625e-01
5.28370312e-08,1.83707813e-01
5.28770312e-08,1.83692187e-01
5.29170312e-08,1.83709375e-01
5.29570312e-08,1.83689062e-01
5.29970312e-08,1.83712500e-01
5.30370312e-08,1.83682813e-01
5.30770312e-08,1.83726562e-01
5.31170312e-08,1.83650000e-01
5.31570312e-08,1.83903125e-01
5.31970312e-08,1.84159375e-01
5.32370312e-08,1.84064063e-01
5.32770312e-08,1.84128125e-01
5.33170312e-08,1.84076563e-01
5.33570312e-08,1.84121875e-01
5.33970312e-08,1.84079688e-01
5.34370312e-08,1.84120312e-01
5.34770312e-08,1.84078125e-01
5.35170312e-08,1.84123438e-01
5.35570312e-08,1.84071875e-01
5.35970312e-08,1.84137500e-01
5.36370312e-08,1.84037500e-01
5.36770312e-08,1.84314063e-01
5.37170312e-08,1.84548437e-01
5.37570312e-08,1.84475000e-01
5.37970312e-08,1.84515625e-01
5.38370312e-08,1.84489062e-01
5.38770312e-08,1.84507813e-01
5.39170312e-08,1.84493750e-01
5.39570312e-08,1.84504688e-01
5.39970312e-08,1.84496875e-01
5.40370312e-08,1.84503125e-01
5.40770312e-08,1.84496875e-01
5.41170312e-08,1.84501562e-01
5.41570312e-08,1.84498438e-01
5.41970312e-08,1.84501562e-01
5.42370312e-08,1.84498438e-01
5.42770312e-08,1.84501562e-01
5.43170312e-08,1.84498438e-01
5.43570312e-08,1.84501562e-01
5.43970312e-08,1.84498438e-01
5.44370312e-08,1.84501562e-01
5.44770312e-08,1.84498438e-01
5.45170312e-08,1.84500000e-01
5.45570312e-08,1.84498438e-01
5.45970312e-08,1.84501562e-01
5.46370312e-08,1.84498438e-01
5.46770312e-08,1.84501562e-01
5.47170312e-08,1.84498438e-01
5.47570312e-08,1.84501562e-01
5.47970312e-08,1.84498438e-01
5.48370312e-08,1.84503125e-01
5.48770312e-08,1.84496875e-01
5.49170312e-08,1.84503125e-01
5.49570312e-08,1.84495313e-01
5.49970312e-08,1.84504688e-01
5.50370312e-08,1.84493750e-01
5.50770312e-08,1.84507813e-01
5.51170312e-08,1.84489062e-01
5.51570312e-08,1.84517188e-01
5.51970312e-08,1.84473438e-01
5.52370312e-08,1.84550000e-01
5.52770312e-08,1.84296875e-01
5.53170312e-08,1.84040625e-01
5.53570312e-08,1.84135938e-01
5.53970312e-08,1.84073437e-01
5.54370312e-08,1.84121875e-01
5.54770312e-08,1.84081250e-01
5.55170312e-08,1.84117188e-01
5.55570312e-08,1.84084375e-01
5.55970312e-08,1.84115625e-01
5.56370312e-08,1.84084375e-01
5.56770312e-08,1.84115625e-01
5.57170312e-08,1.84082812e-01
5.57570312e-08,1.84118750e-01
5.57970312e-08,1.84079688e-01
5.58370312e-08,1.84125000e-01
5.58770312e-08,1.84065625e-01
5.59170312e-08,1.84159375e-01
5.59570312e-08,1.83887500e-01
5.59970312e-08,1.83648438e-01
5.60370312e-08,1.83728125e-01
5.60770312e-08,1.83681250e-01
5.61170312e-08,1.83714062e-01
5.61570312e-08,1.83689062e-01
5.61970312e-08,1.83709375e-01
5.62370312e-08,1.83690625e-01
5.62770312e-08,1.83707813e-01
5.63170312e-08,1.83692187e-01
5.63570312e-08,1.83707813e-01
5.63970312e-08,1.83690625e-01
5.64370312e-08,1.83709375e-01
5.64770312e-08,1.83689062e-01
5.65170312e-08,1.83712500e-01
5.65570312e-08,1.83684375e-01
5.65970312e-08,1.83720313e-01
5.66370312e-08,1.83670313e-01
5.66770312e-08,1.83754688e-01
5.67170312e-08,1.83492188e-01
5.67570312e-08,1.83246875e-01
5.67970312e-08,1.83329688e-01
5.68370312e-08,1.83279688e-01
5.68770312e-08,1.83314063e-01
5.69170312e-08,1.83289063e-01
5.69570312e-08,1.83307813e-01
5.69970312e-08,1.83293750e-01
5.70370312e-08,1.83303125e-01
5.70770312e-08,1.83300000e-01
5.71170312e-08,1.83296875e-01
5.71570312e-08,1.83309375e-01
5.71970312e-08,1.83281250e-01
5.72370312e-08,1.83343750e-01
5.72770312e-08,1.83103125e-01
5.73170312e-08,1.82835938e-01
5.73570312e-08,1.82940625e-01
5.73970312e-08,1.82868750e-01
5.74370312e-08,1.82926563e-01
5.74770312e-08,1.82876563e-01
5.75170312e-08,1.82920313e-01
5.75570312e-08,1.82881250e-01
5.75970312e-08,1.82917187e-01
5.76370312e-08,1.82884375e-01
5.76770312e-08,1.82915625e-01
5.77170312e-08,1.82885938e-01
5.77570312e-08,1.82912500e-01
5.77970312e-08,1.82887500e-01
5.78370312e-08,1.82909375e-01
5.78770312e-08,1.82892187e-01
5.79170312e-08,1.82903125e-01
5.79570312e-08,1.82906250e-01
5.79970312e-08,1.82870313e-01
5.80370312e-08,1.83082812e-01
5.80770312e-08,1.83381250e-01
5.81170312e-08,1.83240625e-01
5.81570312e-08,1.83351563e-01
5.81970312e-08,1.83250000e-01
5.82370312e-08,1.83350000e-01
5.82770312e-08,1.83245313e-01
5.83170312e-08,1.83364063e-01
5.83570312e-08,1.83210938e-01
5.83970312e-08,1.83543750e-01
5.84370312e-08,1.83717188e-01
5.84770312e-08,1.83710938e-01
5.85170312e-08,1.83675000e-01
5.85570312e-08,1.83740625e-01
5.85970312e-08,1.83629687e-01
5.86370312e-08,1.83926563e-01
5.86770312e-08,1.84131250e-01
5.87170312e-08,1.84096875e-01
5.87570312e-08,1.84085938e-01
5.87970312e-08,1.84129687e-01
5.88370312e-08,1.84040625e-01
5.88770312e-08,1.84317188e-01
5.89170312e-08,1.84542188e-01
5.89570312e-08,1.84487500e-01
5.89970312e-08,1.84496875e-01
5.90370312e-08,1.84518750e-01
5.90770312e-08,1.84451562e-01
5.91170312e-08,1.84704688e-01
5.91570312e-08,1.84954687e-01
5.91970312e-08,1.84871875e-01
5.92370312e-08,1.84917187e-01
5.92770312e-08,1.84890625e-01
5.93170312e-08,1.84903125e-01
5.93570312e-08,1.84903125e-01
5.93970312e-08,1.84889063e-01
5.94370312e-08,1.84921875e-01
5.94770312e-08,1.84851563e-01
5.95170312e-08,1.85103125e-01
5.95570312e-08,1.85357812e-01
5.95970312e-08,1.85267188e-01
5.96370313e-08,1.85321875e-01
5.96770312e-08,1.85284375e-01
5.97170312e-08,1.85312500e-01
5.97570312e-08,1.85292188e-01
5.97970312e-08,1.85306250e-01
5.98370313e-08,1.85296875e-01
5.98770312e-08,1.85300000e-01
5.99170313e-08,1.85303125e-01
5.99570312e-08,1.85292188e-01
5.99970312e-08,1.85312500e-01
6.00370312e-08,1.85276563e-01
6.00770312e-08,1.85350000e-01
6.01170313e-08,1.85096875e-01
6.01570312e-08,1.84842188e-01
6.01970313e-08,1.84932813e-01
6.02370312e-08,1.84876563e-01
6.02770312e-08,1.84917187e-01
6.03170312e-08,1.84887500e-01
6.03570312e-08,1.84909375e-01
6.03970313e-08,1.84895313e-01
6.04370312e-08,1.84901563e-01
6.04770313e-08,1.84904687e-01
6.05170312e-08,1.84885938e-01
6.05570312e-08,1.84940625e-01
6.05970312e-08,1.84706250e-01
6.06370312e-08,1.84431250e-01
6.06770313e-08,1.84545313e-01
6.07170312e-08,1.84462500e-01
6.07570313e-08,1.84534375e-01
6.07970312e-08,1.84467188e-01
6.08370312e-08,1.84535937e-01
6.08770312e-08,1.84456250e-01
6.09170312e-08,1.84567188e-01
6.09570313e-08,1.84281250e-01
6.09970312e-08,1.84054688e-01
6.10370313e-08,1.84121875e-01
6.10770312e-08,1.84085938e-01
6.11170312e-08,1.84110938e-01
6.11570312e-08,1.84092188e-01
6.11970312e-08,1.84107812e-01
6.12370313e-08,1.84092188e-01
6.12770312e-08,1.84109375e-01
6.13170312e-08,1.84087500e-01
6.13570312e-08,1.84117188e-01
6.13970312e-08,1.84075000e-01
6.14370312e-08,1.84150000e-01
6.14770312e-08,1.83896875e-01
6.15170313e-08,1.83640625e-01
6.15570312e-08,1.83735938e-01
6.15970312e-08,1.83671875e-01
6.16370312e-08,1.83723438e-01
6.16770312e-08,1.83679687e-01
6.17170312e-08,1.83718750e-01
6.17570312e-08,1.83681250e-01
6.17970313e-08,1.83718750e-01
6.18370312e-08,1.83679687e-01
6.18770312e-08,1.83721875e-01
6.19170312e-08,1.83673438e-01
6.19570312e-08,1.83735938e-01
6.19970312e-08,1.83639063e-01
6.20370312e-08,1.83912500e-01
6.20770313e-08,1.84150000e-01
6.21170312e-08,1.84073437e-01
6.21570312e-08,1.84117188e-01
6.21970312e-08,1.84085938e-01
6.22370312e-08,1.84110938e-01
6.22770312e-08,1.84090625e-01
6.23170312e-08,1.84109375e-01
6.23570313e-08,1.84092188e-01
6.23970312e-08,1.84107812e-01
6.24370312e-08,1.84090625e-01
6.24770312e-08,1.84109375e-01
6.25170312e-08,1.84089063e-01
6.25570312e-08,1.84114063e-01
6.25970312e-08,1.84081250e-01
6.26370313e-08,1.84128125e-01
6.26770312e-08,1.84046875e-01
6.27170312e-08,1.84306250e-01
6.27570312e-08,1.84556250e-01
6.27970312e-08,1.84467188e-01
6.28370312e-08,1.84523437e-01
6.28770312e-08,1.84479688e-01
6.29170313e-08,1.84517188e-01
6.29570312e-08,1.84484375e-01
6.29970312e-08,1.84514063e-01
6.30370312e-08,1.84485938e-01
6.30770312e-08,1.84512500e-01
6.31170312e-08,1.84487500e-01
6.31570312e-08,1.84512500e-01
6.31970313e-08,1.84485938e-01
6.32370312e-08,1.84514063e-01
6.32770312e-08,1.84484375e-01
6.33170312e-08,1.84517188e-01
6.33570312e-08,1.84479688e-01
6.33970313e-08,1.84525000e-01
6.34370312e-08,1.84465625e-01
6.34770313e-08,1.84559375e-01
6.35170312e-08,1.84287500e-01
6.35570312e-08,1.84051563e-01
6.35970312e-08,1.84125000e-01
6.36370312e-08,1.84084375e-01
6.36770313e-08,1.84109375e-01
6.37170312e-08,1.84093750e-01
6.37570313e-08,1.84103125e-01
6.37970312e-08,1.84100000e-01
6.38370312e-08,1.84096875e-01
6.38770312e-08,1.84109375e-01
6.39170312e-08,1.84081250e-01
6.39570313e-08,1.84143750e-01
6.39970312e-08,1.83903125e-01
6.40370313e-08,1.83632813e-01
6.40770312e-08,1.83743750e-01
6.41170312e-08,1.83664063e-01
6.41570312e-08,1.83732813e-01
6.41970312e-08,1.83667187e-01
6.42370313e-08,1.83735938e-01
6.42770312e-08,1.83654687e-01
6.43170313e-08,1.83768750e-01
6.43570312e-08,1.83478125e-01
6.43970312e-08,1.83257813e-01
6.44370312e-08,1.83317188e-01
6.44770312e-08,1.83292188e-01
6.45170313e-08,1.83303125e-01
6.45570312e-08,1.83301563e-01
6.45970313e-08,1.83295313e-01
6.46370312e-08,1.83307813e-01
6.46770312e-08,1.83289063e-01
6.47170312e-08,1.83317188e-01
6.47570312e-08,1.83273437e-01
6.47970313e-08,1.83351563e-01
6.48370312e-08,1.83095312e-01
6.48770313e-08,1.82843750e-01
6.49170312e-08,1.82932813e-01
6.49570312e-08,1.82876563e-01
6.49970312e-08,1.82918750e-01
6.50370312e-08,1.82884375e-01
6.50770313e-08,1.82912500e-01
6.51170312e-08,1.82889063e-01
6.51570312e-08,1.82910938e-01
6.51970312e-08,1.82890625e-01
6.52370312e-08,1.82909375e-01
6.52770312e-08,1.82890625e-01
6.53170312e-08,1.82909375e-01
6.53570313e-08,1.82890625e-01
6.53970312e-08,1.82909375e-01
6.54370312e-08,1.82890625e-01
6.54770312e-08,1.82909375e-01
6.55170312e-08,1.82889063e-01
6.55570312e-08,1.82910938e-01
6.55970312e-08,1.82887500e-01
6.56370313e-08,1.82915625e-01
6.56770312e-08,1.82879687e-01
6.57170312e-08,1.82929687e-01
6.57570312e-08,1.82845312e-01
6.57970312e-08,1.83106250e-01
6.58370312e-08,1.83356250e-01
6.58770312e-08,1.83267188e-01
6.59170313e-08,1.83323438e-01
6.59570312e-08,1.83281250e-01
6.59970312e-08,1.83317188e-01
6.60370312e-08,1.83284375e-01
6.60770312e-08,1.83315625e-01
6.61170312e-08,1.83284375e-01
6.61570312e-08,1.83315625e-01
6.61970313e-08,1.83282813e-01
6.62370312e-08,1.83320312e-01
6.62770312e-08,1.83275000e-01
6.63170312e-08,1.83334375e-01
6.63570312e-08,1.83240625e-01
6.63970312e-08,1.83510937e-01
6.64370312e-08,1.83751563e-01
6.64770313e-08,1.83673438e-01
6.65170312e-08,1.83717188e-01
6.65570312e-08,1.83687500e-01
6.65970312e-08,1.83709375e-01
6.66370312e-08,1.83692187e-01
6.66770312e-08,1.83706250e-01
6.67170312e-08,1.83693750e-01
6.67570313e-08,1.83704688e-01
6.67970312e-08,1.83695313e-01
6.68370312e-08,1.83703125e-01
6.68770312e-08,1.83696875e-01
6.69170312e-08,1.83703125e-01
6.69570312e-08,1.83698438e-01
6.69970312e-08,1.83701562e-01
6.70370313e-08,1.83698438e-01
6.70770312e-08,1.83701562e-01
6.71170312e-08,1.83700000e-01
6.71570312e-08,1.83700000e-01
6.71970312e-08,1.83700000e-01
6.72370312e-08,1.83700000e-01
6.72770312e-08,1.83701562e-01
6.73170313e-08,1.83698438e-01
6.73570312e-08,1.83701562e-01
6.73970312e-08,1.83696875e-01
6.74370312e-08,1.83703125e-01
6.74770312e-08,1.83695313e-01
6.75170313e-08,1.83704688e-01
6.75570312e-08,1.83693750e-01
6.75970313e-08,1.83709375e-01
6.76370312e-08,1.83687500e-01
6.76770312e-08,1.83717188e-01
6.77170312e-08,1.83673438e-01
6.77570312e-08,1.83751563e-01
6.77970313e-08,1.83495313e-01
6.78370312e-08,1.83242188e-01
6.78770313e-08,1.83334375e-01
6.79170312e-08,1.83275000e-01
6.79570312e-08,1.83320312e-01
6.79970312e-08,1.83282813e-01
6.80370312e-08,1.83314063e-01
6.80770313e-08,1.83287500e-01
6.81170312e-08,1.83312500e-01
6.81570313e-08,1.83289063e-01
6.81970312e-08,1.83310937e-01
6.82370312e-08,1.83289063e-01
6.82770312e-08,1.83309375e-01
6.83170312e-08,1.83290625e-01
6.83570313e-08,1.83309375e-01
6.83970312e-08,1.83290625e-01
6.84370313e-08,1.83309375e-01
6.84770312e-08,1.83290625e-01
6.85170312e-08,1.83309375e-01
6.85570312e-08,1.83290625e-01
6.85970312e-08,1.83310937e-01
6.86370313e-08,1.83289063e-01
6.86770312e-08,1.83310937e-01
6.87170313e-08,1.83287500e-01
6.87570312e-08,1.83312500e-01
6.87970312e-08,1.83285937e-01
6.88370312e-08,1.83315625e-01
6.88770312e-08,1.83282813e-01
6.89170313e-08,1.83320312e-01
6.89570312e-08,1.83273437e-01
6.89970312e-08,1.83335938e-01
6.90370312e-08,1.83239062e-01
6.90770312e-08,1.83514063e-01
6.91170312e-08,1.83746875e-01
6.91570312e-08,1.83676563e-01
6.91970313e-08,1.83712500e-01
6.92370312e-08,1.83693750e-01
6.92770312e-08,1.83701562e-01
6.93170312e-08,1.83703125e-01
6.93570312e-08,1.83690625e-01
6.93970312e-08,1.83718750e-01
6.94370312e-08,1.83656250e-01
6.94770313e-08,1.83896875e-01
6.95170312e-08,1.84165625e-01
6.95570312e-08,1.84056250e-01
6.95970312e-08,1.84135938e-01
6.96370312e-08,1.84064063e-01
6.96770312e-08,1.84142187e-01
6.97170312e-08,1.84035937e-01
6.97570313e-08,1.84314063e-01
6.97970312e-08,1.84550000e-01
6.98370312e-08,1.84471875e-01
6.98770312e-08,1.84520313e-01
6.99170312e-08,1.84481250e-01
6.99570312e-08,1.84518750e-01
6.99970312e-08,1.84478125e-01
7.00370313e-08,1.84531250e-01
7.00770312e-08,1.84445313e-01
7.01170312e-08,1.84707813e-01
7.01570312e-08,1.84954687e-01
7.01970312e-08,1.84868750e-01
7.02370312e-08,1.84921875e-01
7.02770312e-08,1.84882812e-01
7.03170313e-08,1.84915625e-01
7.03570312e-08,1.84885938e-01
7.03970312e-08,1.84912500e-01
7.04370312e-08,1.84889063e-01
7.04770312e-08,1.84910938e-01
7.05170312e-08,1.84890625e-01
7.05570312e-08,1.84909375e-01
7.05970313e-08,1.84890625e-01
7.06370312e-08,1.84909375e-01
7.06770312e-08,1.84890625e-01
7.07170312e-08,1.84909375e-01
7.07570312e-08,1.84890625e-01
7.07970312e-08,1.84909375e-01
7.08370312e-08,1.84890625e-01
7.08770313e-08,1.84910938e-01
7.09170312e-08,1.84889063e-01
7.09570312e-08,1.84912500e-01
7.09970312e-08,1.84885938e-01
7.10370312e-08,1.84915625e-01
7.10770312e-08,1.84881250e-01
7.11170312e-08,1.84923438e-01
7.11570313e-08,1.84867188e-01
7.11970312e-08,1.84956250e-01
7.12370312e-08,1.84690625e-01
7.12770312e-08,1.84446875e-01
7.13170312e-08,1.84529688e-01
7.13570312e-08,1.84478125e-01
7.13970312e-08,1.84517188e-01
7.14370313e-08,1.84484375e-01
7.14770312e-08,1.84515625e-01
7.15170312e-08,1.84482813e-01
7.15570312e-08,1.84520313e-01
7.15970312e-08,1.84470313e-01
7.16370312e-08,1.84553125e-01
7.16770312e-08,1.84295313e-01
7.17170313e-08,1.84042188e-01
7.17570312e-08,1.84135938e-01
7.17970312e-08,1.84073437e-01
7.18370312e-08,1.84123438e-01
7.18770312e-08,1.84078125e-01
7.19170313e-08,1.84120312e-01
7.19570312e-08,1.84079688e-01
7.19970313e-08,1.84121875e-01
7.20370312e-08,1.84075000e-01
7.20770312e-08,1.84129687e-01
7.21170312e-08,1.84060938e-01
7.21570312e-08,1.84164063e-01
7.21970313e-08,1.83882813e-01
7.22370312e-08,1.83654687e-01
7.22770313e-08,1.83721875e-01
7.23170312e-08,1.83687500e-01
7.23570312e-08,1.83706250e-01
7.23970312e-08,1.83696875e-01
7.24370312e-08,1.83700000e-01
7.24770313e-08,1.83701562e-01
7.25170312e-08,1.83695313e-01
7.25570313e-08,1.83706250e-01
7.25970312e-08,1.83690625e-01
7.26370312e-08,1.83712500e-01
7.26770312e-08,1.83681250e-01
7.27170312e-08,1.83728125e-01
7.27570313e-08,1.83646875e-01
7.27970312e-08,1.83906250e-01
7.28370312e-08,1.84154687e-01
7.28770312e-08,1.84068750e-01
7.29170312e-08,1.84121875e-01
7.29570312e-08,1.84084375e-01
7.29970312e-08,1.84112500e-01
7.30370313e-08,1.84089063e-01
7.30770312e-08,1.84109375e-01
7.31170312e-08,1.84092188e-01
7.31570312e-08,1.84107812e-01
7.31970312e-08,1.84093750e-01
7.32370312e-08,1.84106250e-01
7.32770312e-08,1.84095312e-01
7.33170313e-08,1.84104688e-01
7.33570312e-08,1.84095312e-01
7.33970312e-08,1.84103125e-01
7.34370312e-08,1.84096875e-01
7.34770312e-08,1.84103125e-01
7.35170312e-08,1.84096875e-01
7.35570312e-08,1.84103125e-01
7.35970313e-08,1.84098438e-01
7.36370312e-08,1.84101563e-01
7.36770312e-08,1.84098438e-01
7.37170312e-08,1.84101563e-01
7.37570312e-08,1.84098438e-01
7.37970312e-08,1.84100000e-01
7.38370312e-08,1.84100000e-01
7.38770313e-08,1.84100000e-01
7.39170312e-08,1.84100000e-01
7.39570312e-08,1.84100000e-01
7.39970312e-08,1.84101563e-01
7.40370312e-08,1.84098438e-01
7.40770312e-08,1.84101563e-01
7.41170312e-08,1.84098438e-01
7.41570313e-08,1.84103125e-01
7.41970312e-08,1.84096875e-01
7.42370312e-08,1.84104688e-01
7.42770312e-08,1.84095312e-01
7.43170312e-08,1.84106250e-01
7.43570312e-08,1.84092188e-01
7.43970312e-08,1.84109375e-01
7.44370313e-08,1.84087500e-01
7.44770312e-08,1.84117188e-01
7.45170312e-08,1.84071875e-01
7.45570312e-08,1.84153125e-01
7.45970312e-08,1.83893750e-01
7.46370312e-08,1.83643750e-01
7.46770312e-08,1.83732813e-01
7.47170313e-08,1.83676563e-01
7.47570312e-08,1.83718750e-01
7.47970312e-08,1.83684375e-01
7.48370312e-08,1.83714062e-01
7.48770312e-08,1.83687500e-01
7.49170312e-08,1.83710938e-01
7.49570312e-08,1.83690625e-01
7.49970313e-08,1.83709375e-01
7.50370312e-08,1.83690625e-01
7.50770312e-08,1.83707813e-01
7.51170312e-08,1.83692187e-01
7.51570312e-08,1.83707813e-01
7.51970312e-08,1.83692187e-01
7.52370312e-08,1.83707813e-01
7.52770313e-08,1.83692187e-01
7.53170312e-08,1.83707813e-01
7.53570312e-08,1.83692187e-01
7.53970312e-08,1.83707813e-01
7.54370312e-08,1.83692187e-01
7.54770312e-08,1.83707813e-01
7.55170312e-08,1.83692187e-01
7.55570313e-08,1.83709375e-01
7.55970312e-08,1.83690625e-01
7.56370312e-08,1.83710938e-01
7.56770312e-08,1.83689062e-01
7.57170312e-08,1.83712500e-01
7.57570312e-08,1.83685938e-01
7.57970312e-08,1.83717188e-01
7.58370313e-08,1.83678125e-01
7.58770312e-08,1.83732813e-01
7.59170312e-08,1.83643750e-01
7.59570312e-08,1.83909375e-01
7.59970312e-08,1.84153125e-01
7.60370312e-08,1.84071875e-01
7.60770312e-08,1.84118750e-01
7.61170313e-08,1.84085938e-01
7.61570312e-08,1.84110938e-01
7.61970312e-08,1.84090625e-01
7.62370312e-08,1.84107812e-01
7.62770312e-08,1.84092188e-01
7.63170313e-08,1.84106250e-01
7.63570312e-08,1.84093750e-01
7.63970312e-08,1.84104688e-01
7.64370312e-08,1.84095312e-01
7.64770312e-08,1.84104688e-01
7.65170312e-08,1.84095312e-01
7.65570312e-08,1.84103125e-01
7.65970313e-08,1.84096875e-01
7.66370312e-08,1.84103125e-01
7.66770312e-08,1.84096875e-01
7.67170312e-08,1.84103125e-01
7.67570312e-08,1.84096875e-01
7.67970312e-08,1.84103125e-01
7.68370312e-08,1.84096875e-01
7.68770313e-08,1.84103125e-01
7.69170312e-08,1.84096875e-01
7.69570312e-08,1.84103125e-01
7.69970312e-08,1.84096875e-01
7.70370312e-08,1.84103125e-01
7.70770312e-08,1.84096875e-01
7.71170312e-08,1.84103125e-01
7.71570313e-08,1.84096875e-01
7.71970312e-08,1.84103125e-01
7.72370312e-08,1.84096875e-01
7.72770312e-08,1.84103125e-01
7.73170312e-08,1.84096875e-01
7.73570312e-08,1.84103125e-01
7.73970312e-08,1.84096875e-01
7.74370313e-08,1.84103125e-01
7.74770312e-08,1.84096875e-01
7.75170312e-08,1.84103125e-01
7.75570312e-08,1.84096875e-01
7.75970312e-08,1.84103125e-01
7.76370312e-08,1.84096875e-01
7.76770312e-08,1.84103125e-01
7.77170313e-08,1.84096875e-01
7.77570312e-08,1.84103125e-01
7.77970312e-08,1.84096875e-01
7.78370312e-08,1.84103125e-01
7.78770312e-08,1.84096875e-01
7.79170312e-08,1.84103125e-01
7.79570312e-08,1.84096875e-01
7.79970313e-08,1.84103125e-01
7.80370312e-08,1.84096875e-01
7.80770312e-08,1.84103125e-01
7.81170312e-08,1.84096875e-01
7.81570312e-08,1.84103125e-01
7.81970312e-08,1.84096875e-01
7.82370312e-08,1.84103125e-01
7.82770313e-08,1.84095312e-01
7.83170312e-08,1.84104688e-01
7.83570312e-08,1.84095312e-01
7.83970312e-08,1.84104688e-01
7.84370312e-08,1.84095312e-01
7.84770312e-08,1.84104688e-01
7.85170312e-08,1.84095312e-01
7.85570313e-08,1.84104688e-01
7.85970312e-08,1.84095312e-01
7.86370312e-08,1.84106250e-01
7.86770312e-08,1.84093750e-01
7.87170312e-08,1.84106250e-01
7.87570312e-08,1.84093750e-01
7.87970312e-08,1.84106250e-01
7.88370313e-08,1.84092188e-01
7.88770312e-08,1.84107812e-01
7.89170312e-08,1.84092188e-01
7.89570312e-08,1.84109375e-01
7.89970312e-08,1.84090625e-01
7.90370312e-08,1.84110938e-01
7.90770312e-08,1.84089063e-01
7.91170313e-08,1.84112500e-01
7.91570312e-08,1.84084375e-01
7.91970312e-08,1.84118750e-01
7.92370312e-08,1.84076563e-01
7.92770312e-08,1.84132813e-01
7.93170312e-08,1.84040625e-01
7.93570312e-08,1.84312500e-01
7.93970313e-08,1.84550000e-01
7.94370312e-08,1.84473438e-01
7.94770312e-08,1.84517188e-01
7.95170312e-08,1.84489062e-01
7.95570312e-08,1.84507813e-01
7.95970312e-08,1.84493750e-01
7.96370312e-08,1.84504688e-01
7.96770313e-08,1.84496875e-01
7.97170312e-08,1.84501562e-01
7.97570312e-08,1.84500000e-01
7.97970312e-08,1.84500000e-01
7.98370312e-08,1.84501562e-01
7.98770312e-08,1.84498438e-01
7.99170312e-08,1.84503125e-01
7.99570313e-08,1.84495313e-01
7.99970312e-08,1.84504688e-01
8.00370312e-08,1.84493750e-01
8.00770312e-08,1.84507813e-01
8.01170312e-08,1.84489062e-01
8.01570312e-08,1.84514063e-01
8.01970312e-08,1.84481250e-01
8.02370312e-08,1.84529688e-01
8.02770312e-08,1.84445313e-01
8.03170312e-08,1.84707813e-01
8.03570312e-08,1.84954687e-01
8.03970312e-08,1.84870312e-01
8.04370312e-08,1.84920313e-01
8.04770312e-08,1.84884375e-01
8.05170312e-08,1.84912500e-01
8.05570312e-08,1.84890625e-01
8.05970312e-08,1.84907813e-01
8.06370312e-08,1.84893750e-01
8.06770312e-08,1.84904687e-01
8.07170313e-08,1.84895313e-01
8.07570312e-08,1.84903125e-01
8.07970312e-08,1.84896875e-01
8.08370312e-08,1.84901563e-01
8.08770312e-08,1.84900000e-01
8.09170312e-08,1.84900000e-01
8.09570312e-08,1.84901563e-01
8.09970313e-08,1.84896875e-01
8.10370312e-08,1.84904687e-01
8.10770312e-08,1.84893750e-01
8.11170312e-08,1.84909375e-01
8.11570312e-08,1.84884375e-01
8.11970312e-08,1.84925000e-01
8.12370312e-08,1.84850000e-01
8.12770313e-08,1.85103125e-01
8.13170312e-08,1.85359375e-01
8.13570312e-08,1.85265625e-01
8.13970312e-08,1.85325000e-01
8.14370312e-08,1.85279688e-01
8.14770312e-08,1.85317188e-01
8.15170312e-08,1.85284375e-01
8.15570313e-08,1.85314063e-01
8.15970312e-08,1.85287500e-01
8.16370312e-08,1.85310937e-01
8.16770312e-08,1.85289063e-01
8.17170312e-08,1.85309375e-01
8.17570312e-08,1.85290625e-01
8.17970312e-08,1.85309375e-01
8.18370313e-08,1.85290625e-01
8.18770312e-08,1.85309375e-01
8.19170312e-08,1.85292188e-01
8.19570312e-08,1.85307813e-01
8.19970312e-08,1.85292188e-01
8.20370312e-08,1.85307813e-01
8.20770312e-08,1.85292188e-01
8.21170313e-08,1.85307813e-01
8.21570312e-08,1.85292188e-01
8.21970312e-08,1.85307813e-01
8.22370312e-08,1.85292188e-01
8.22770312e-08,1.85307813e-01
8.23170312e-08,1.85292188e-01
8.23570312e-08,1.85309375e-01
8.23970313e-08,1.85290625e-01
8.24370312e-08,1.85309375e-01
8.24770312e-08,1.85289063e-01
8.25170312e-08,1.85310937e-01
8.25570312e-08,1.85287500e-01
8.25970312e-08,1.85314063e-01
8.26370312e-08,1.85282813e-01
8.26770313e-08,1.85321875e-01
8.27170312e-08,1.85267188e-01
8.27570312e-08,1.85356250e-01
8.27970312e-08,1.85090625e-01
8.28370312e-08,1.84846875e-01
8.28770312e-08,1.84929687e-01
8.29170312e-08,1.84879688e-01
8.29570313e-08,1.84915625e-01
8.29970312e-08,1.84887500e-01
8.30370312e-08,1.84910938e-01
8.30770312e-08,1.84890625e-01
8.31170312e-08,1.84907813e-01
8.31570312e-08,1.84892187e-01
8.31970312e-08,1.84907813e-01
8.32370313e-08,1.84892187e-01
8.32770312e-08,1.84907813e-01
8.33170312e-08,1.84892187e-01
8.33570312e-08,1.84907813e-01
8.33970312e-08,1.84892187e-01
8.34370312e-08,1.84909375e-01
8.34770312e-08,1.84890625e-01
8.35170313e-08,1.84910938e-01
8.35570312e-08,1.84887500e-01
8.35970312e-08,1.84915625e-01
8.36370312e-08,1.84879688e-01
8.36770312e-08,1.84929687e-01
8.37170312e-08,1.84845312e-01
8.37570312e-08,1.85107812e-01
8.37970313e-08,1.85354688e-01
8.38370312e-08,1.85268750e-01
8.38770312e-08,1.85321875e-01
8.39170312e-08,1.85282813e-01
8.39570312e-08,1.85314063e-01
8.39970312e-08,1.85289063e-01
8.40370312e-08,1.85310937e-01
8.40770312e-08,1.85290625e-01
8.41170312e-08,1.85307813e-01
8.41570312e-08,1.85292188e-01
8.41970312e-08,1.85307813e-01
8.42370312e-08,1.85293750e-01
8.42770312e-08,1.85306250e-01
8.43170312e-08,1.85293750e-01
8.43570312e-08,1.85306250e-01
8.43970312e-08,1.85293750e-01
8.44370312e-08,1.85306250e-01
8.44770312e-08,1.85293750e-01
8.45170312e-08,1.85306250e-01
8.45570312e-08,1.85293750e-01
8.45970312e-08,1.85306250e-01
8.46370312e-08,1.85293750e-01
8.46770312e-08,1.85306250e-01
8.47170312e-08,1.85293750e-01
8.47570312e-08,1.85306250e-01
8.47970312e-08,1.85293750e-01
8.48370313e-08,1.85306250e-01
8.48770312e-08,1.85293750e-01
8.49170312e-08,1.85306250e-01
8.49570312e-08,1.85292188e-01
8.49970312e-08,1.85307813e-01
8.50370312e-08,1.85290625e-01
8.50770312e-08,1.85309375e-01
8.51170313e-08,1.85289063e-01
8.51570312e-08,1.85312500e-01
8.51970312e-08,1.85284375e-01
8.52370312e-08,1.85320313e-01
8.52770312e-08,1.85270313e-01
8.53170312e-08,1.85354688e-01
8.53570312e-08,1.85092188e-01
8.53970313e-08,1.84845312e-01
8.54370312e-08,1.84931250e-01
8.54770312e-08,1.84878125e-01
8.55170312e-08,1.84917187e-01
8.55570312e-08,1.84884375e-01
8.55970312e-08,1.84914063e-01
8.56370312e-08,1.84887500e-01
8.56770313e-08,1.84912500e-01
8.57170312e-08,1.84885938e-01
8.57570312e-08,1.84915625e-01
8.57970312e-08,1.84882812e-01
8.58370312e-08,1.84921875e-01
8.58770312e-08,1.84868750e-01
8.59170312e-08,1.84956250e-01
8.59570313e-08,1.84692187e-01
8.59970312e-08,1.84445313e-01
8.60370312e-08,1.84531250e-01
8.60770312e-08,1.84478125e-01
8.61170312e-08,1.84517188e-01
8.61570312e-08,1.84485938e-01
8.61970312e-08,1.84512500e-01
8.62370313e-08,1.84487500e-01
8.62770312e-08,1.84510937e-01
8.63170312e-08,1.84489062e-01
8.63570312e-08,1.84510937e-01
8.63970312e-08,1.84489062e-01
8.64370312e-08,1.84510937e-01
8.64770312e-08,1.84489062e-01
8.65170313e-08,1.84510937e-01
8.65570312e-08,1.84487500e-01
8.65970312e-08,1.84514063e-01
8.66370312e-08,1.84484375e-01
8.66770312e-08,1.84517188e-01
8.67170312e-08,1.84479688e-01
8.67570312e-08,1.84525000e-01
8.67970313e-08,1.84465625e-01
8.68370312e-08,1.84559375e-01
8.68770312e-08,1.84285937e-01
8.69170312e-08,1.84051563e-01
8.69570312e-08,1.84125000e-01
8.69970312e-08,1.84085938e-01
8.70370312e-08,1.84109375e-01
8.70770313e-08,1.84095312e-01
8.71170312e-08,1.84101563e-01
8.71570312e-08,1.84101563e-01
8.71970312e-08,1.84095312e-01
8.72370312e-08,1.84107812e-01
8.72770312e-08,1.84085938e-01
8.73170312e-08,1.84123438e-01
8.73570313e-08,1.84051563e-01
8.73970312e-08,1.84303125e-01
8.74370312e-08,1.84559375e-01
8.74770312e-08,1.84464062e-01
8.75170312e-08,1.84526563e-01
8.75570312e-08,1.84479688e-01
8.75970312e-08,1.84517188e-01
8.76370313e-08,1.84484375e-01
8.76770312e-08,1.84514063e-01
8.77170312e-08,1.84487500e-01
8.77570312e-08,1.84512500e-01
8.77970312e-08,1.84489062e-01
8.78370312e-08,1.84510937e-01
8.78770312e-08,1.84490625e-01
8.79170312e-08,1.84509375e-01
8.79570312e-08,1.84490625e-01
8.79970312e-08,1.84509375e-01
8.80370312e-08,1.84490625e-01
8.80770312e-08,1.84509375e-01
8.81170312e-08,1.84490625e-01
8.81570312e-08,1.84509375e-01
8.81970312e-08,1.84490625e-01
8.82370312e-08,1.84509375e-01
8.82770312e-08,1.84490625e-01
8.83170312e-08,1.84509375e-01
8.83570312e-08,1.84490625e-01
8.83970312e-08,1.84509375e-01
8.84370312e-08,1.84490625e-01
8.84770312e-08,1.84510937e-01
8.85170312e-08,1.84489062e-01
8.85570312e-08,1.84512500e-01
8.85970312e-08,1.84484375e-01
8.86370312e-08,1.84517188e-01
8.86770312e-08,1.84478125e-01
8.87170312e-08,1.84531250e-01
8.87570312e-08,1.84443750e-01
8.87970312e-08,1.84709375e-01
8.88370312e-08,1.84953125e-01
8.88770312e-08,1.84870312e-01
8.89170312e-08,1.84921875e-01
8.89570312e-08,1.84882812e-01
8.89970312e-08,1.84915625e-01
8.90370312e-08,1.84885938e-01
8.90770312e-08,1.84914063e-01
8.91170312e-08,1.84884375e-01
8.91570312e-08,1.84917187e-01
8.91970312e-08,1.84878125e-01
8.92370313e-08,1.84931250e-01
8.92770312e-08,1.84845312e-01
8.93170312e-08,1.85107812e-01
8.93570312e-08,1.85354688e-01
8.93970312e-08,1.85268750e-01
8.94370312e-08,1.85321875e-01
8.94770312e-08,1.85282813e-01
8.95170313e-08,1.85315625e-01
8.95570312e-08,1.85285937e-01
8.95970312e-08,1.85312500e-01
8.96370312e-08,1.85289063e-01
8.96770312e-08,1.85310937e-01
8.97170312e-08,1.85289063e-01
8.97570312e-08,1.85309375e-01
8.97970313e-08,1.85290625e-01
8.98370312e-08,1.85309375e-01
8.98770312e-08,1.85290625e-01
8.99170312e-08,1.85309375e-01
8.99570312e-08,1.85290625e-01
8.99970312e-08,1.85310937e-01
9.00370312e-08,1.85289063e-01
9.00770313e-08,1.85310937e-01
9.01170312e-08,1.85287500e-01
9.01570312e-08,1.85312500e-01
9.01970312e-08,1.85285937e-01
9.02370312e-08,1.85315625e-01
9.02770312e-08,1.85281250e-01
9.03170312e-08,1.85323438e-01
9.03570313e-08,1.85267188e-01
9.03970312e-08,1.85357812e-01
9.04370312e-08,1.85089063e-01
9.04770312e-08,1.84848438e-01
9.05170312e-08,1.84929687e-01
9.05570312e-08,1.84879688e-01
9.05970312e-08,1.84917187e-01
9.06370313e-08,1.84885938e-01
9.06770312e-08,1.84914063e-01
9.07170312e-08,1.84884375e-01
9.07570312e-08,1.84920313e-01
9.07970312e-08,1.84871875e-01
9.08370312e-08,1.84951562e-01
9.08770312e-08,1.84695313e-01
9.09170313e-08,1.84440625e-01
9.09570312e-08,1.84535937e-01
9.09970312e-08,1.84471875e-01
9.10370312e-08,1.84523437e-01
9.10770312e-08,1.84478125e-01
9.11170312e-08,1.84521875e-01
9.11570312e-08,1.84478125e-01
9.11970313e-08,1.84523437e-01
9.12370312e-08,1.84475000e-01
9.12770312e-08,1.84529688e-01
9.13170312e-08,1.84460938e-01
9.13570312e-08,1.84564063e-01
9.13970312e-08,1.84282813e-01
9.14370312e-08,1.84054688e-01
9.14770313e-08,1.84121875e-01
9.15170312e-08,1.84087500e-01
9.15570312e-08,1.84107812e-01
9.15970312e-08,1.84095312e-01
9.16370312e-08,1.84101563e-01
9.16770312e-08,1.84100000e-01
9.17170312e-08,1.84100000e-01
9.17570312e-08,1.84101563e-01
9.17970312e-08,1.84096875e-01
9.18370312e-08,1.84103125e-01
9.18770312e-08,1.84095312e-01
9.19170312e-08,1.84104688e-01
9.19570312e-08,1.84095312e-01
9.19970312e-08,1.84106250e-01
9.20370312e-08,1.84093750e-01
9.20770312e-08,1.84106250e-01
9.21170312e-08,1.84092188e-01
9.21570312e-08,1.84107812e-01
9.21970312e-08,1.84090625e-01
9.22370312e-08,1.84109375e-01
9.22770312e-08,1.84089063e-01
9.23170312e-08,1.84112500e-01
9.23570312e-08,1.84085938e-01
9.23970312e-08,1.84115625e-01
9.24370312e-08,1.84081250e-01
9.24770312e-08,1.84121875e-01
9.25170312e-08,1.84073437e-01
9.25570312e-08,1.84137500e-01
9.25970312e-08,1.84037500e-01
9.26370312e-08,1.84315625e-01
9.26770312e-08,1.84545313e-01
9.27170312e-08,1.84479688e-01
9.27570312e-08,1.84510937e-01
9.27970312e-08,1.84495313e-01
9.28370312e-08,1.84500000e-01
9.28770312e-08,1.84504688e-01
9.29170312e-08,1.84492188e-01
9.29570312e-08,1.84512500e-01
9.29970312e-08,1.84481250e-01
9.30370312e-08,1.84529688e-01
9.30770312e-08,1.84445313e-01
9.31170312e-08,1.84709375e-01
9.31570312e-08,1.84951562e-01
9.31970312e-08,1.84871875e-01
9.32370312e-08,1.84917187e-01
9.32770312e-08,1.84889063e-01
9.33170312e-08,1.84906250e-01
9.33570312e-08,1.84896875e-01
9.33970312e-08,1.84898438e-01
9.34370312e-08,1.84906250e-01
9.34770312e-08,1.84887500e-01
9.35170312e-08,1.84921875e-01
9.35570312e-08,1.84851563e-01
9.35970312e-08,1.85101563e-01
9.36370313e-08,1.85359375e-01
9.36770312e-08,1.85264062e-01
9.37170312e-08,1.85325000e-01
9.37570312e-08,1.85279688e-01
9.37970312e-08,1.85317188e-01
9.38370312e-08,1.85285937e-01
9.38770312e-08,1.85312500e-01
9.39170313e-08,1.85289063e-01
9.39570312e-08,1.85309375e-01
9.39970312e-08,1.85292188e-01
9.40370312e-08,1.85306250e-01
9.40770312e-08,1.85293750e-01
9.41170312e-08,1.85304688e-01
9.41570312e-08,1.85296875e-01
9.41970313e-08,1.85303125e-01
9.42370312e-08,1.85298437e-01
9.42770312e-08,1.85300000e-01
9.43170312e-08,1.85303125e-01
9.43570312e-08,1.85293750e-01
9.43970312e-08,1.85310937e-01
9.44370312e-08,1.85279688e-01
9.44770313e-08,1.85345312e-01
9.45170312e-08,1.85101563e-01
9.45570312e-08,1.84835938e-01
9.45970312e-08,1.84940625e-01
9.46370312e-08,1.84868750e-01
9.46770312e-08,1.84926563e-01
9.47170312e-08,1.84875000e-01
9.47570313e-08,1.84923438e-01
9.47970312e-08,1.84876563e-01
9.48370312e-08,1.84923438e-01
9.48770312e-08,1.84873438e-01
9.49170312e-08,1.84929687e-01
9.49570312e-08,1.84860938e-01
9.49970312e-08,1.84964062e-01
9.50370313e-08,1.84684375e-01
9.50770312e-08,1.84453125e-01
9.51170312e-08,1.84523437e-01
9.51570312e-08,1.84485938e-01
9.51970312e-08,1.84509375e-01
9.52370312e-08,1.84493750e-01
9.52770312e-08,1.84504688e-01
9.53170312e-08,1.84496875e-01
9.53570312e-08,1.84503125e-01
9.53970312e-08,1.84498438e-01
9.54370312e-08,1.84501562e-01
9.54770312e-08,1.84498438e-01
9.55170312e-08,1.84501562e-01
9.55570312e-08,1.84498438e-01
9.55970312e-08,1.84500000e-01
9.56370312e-08,1.84500000e-01
9.56770312e-08,1.84500000e-01
9.57170312e-08,1.84500000e-01
9.57570312e-08,1.84500000e-01
9.57970312e-08,1.84500000e-01
9.58370312e-08,1.84500000e-01
9.58770312e-08,1.84500000e-01
9.59170312e-08,1.84500000e-01
9.59570312e-08,1.84500000e-01
9.59970312e-08,1.84500000e-01
9.60370312e-08,1.84500000e-01
9.60770312e-08,1.84500000e-01
9.61170312e-08,1.84500000e-01
9.61570312e-08,1.84500000e-01
9.61970312e-08,1.84500000e-01
9.62370312e-08,1.84500000e-01
9.62770312e-08,1.84500000e-01
9.63170312e-08,1.84500000e-01
9.63570312e-08,1.84500000e-01
9.63970312e-08,1.84500000e-01
9.64370312e-08,1.84500000e-01
9.64770312e-08,1.84500000e-01
9.65170312e-08,1.84498438e-01
9.65570312e-08,1.84501562e-01
9.65970312e-08,1.84498438e-01
9.66370312e-08,1.84501562e-01
9.66770312e-08,1.84498438e-01
9.67170312e-08,1.84501562e-01
9.67570312e-08,1.84498438e-01
9.67970312e-08,1.84501562e-01
9.68370312e-08,1.84498438e-01
9.68770312e-08,1.84501562e-01
9.69170312e-08,1.84498438e-01
9.69570312e-08,1.84501562e-01
9.69970312e-08,1.84498438e-01
9.70370312e-08,1.84503125e-01
9.70770312e-08,1.84496875e-01
9.71170312e-08,1.84503125e-01
9.71570312e-08,1.84496875e-01
9.71970312e-08,1.84503125e-01
9.72370312e-08,1.84495313e-01
9.72770312e-08,1.84504688e-01
9.73170312e-08,1.84495313e-01
9.73570312e-08,1.84506250e-01
9.73970312e-08,1.84493750e-01
9.74370312e-08,1.84507813e-01
9.74770312e-08,1.84490625e-01
9.75170312e-08,1.84510937e-01
9.75570312e-08,1.84485938e-01
9.75970312e-08,1.84518750e-01
9.76370312e-08,1.84471875e-01
9.76770312e-08,1.84553125e-01
9.77170312e-08,1.84293750e-01
9.77570313e-08,1.84043750e-01
9.77970312e-08,1.84134375e-01
9.78370312e-08,1.84075000e-01
9.78770312e-08,1.84120312e-01
9.79170312e-08,1.84081250e-01
9.79570312e-08,1.84118750e-01
9.79970312e-08,1.84079688e-01
9.80370313e-08,1.84123438e-01
9.80770312e-08,1.84068750e-01
9.81170312e-08,1.84154687e-01
9.81570312e-08,1.83892187e-01
9.81970312e-08,1.83643750e-01
9.82370312e-08,1.83734375e-01
9.82770312e-08,1.83673438e-01
9.83170313e-08,1.83725000e-01
9.83570312e-08,1.83675000e-01
9.83970312e-08,1.83728125e-01
9.84370312e-08,1.83664063e-01
9.84770312e-08,1.83760937e-01
9.85170312e-08,1.83487500e-01
9.85570312e-08,1.83250000e-01
9.85970313e-08,1.83326563e-01
9.86370312e-08,1.83282813e-01
9.86770312e-08,1.83312500e-01
9.87170312e-08,1.83290625e-01
9.87570312e-08,1.83307813e-01
9.87970312e-08,1.83293750e-01
9.88370312e-08,1.83306250e-01
9.88770313e-08,1.83295313e-01
9.89170312e-08,1.83304688e-01
9.89570312e-08,1.83296875e-01
9.89970312e-08,1.83303125e-01
9.90370312e-08,1.83296875e-01
9.90770312e-08,1.83303125e-01
9.91170312e-08,1.83298437e-01
9.91570312e-08,1.83301563e-01
9.91970312e-08,1.83298437e-01
9.92370312e-08,1.83301563e-01
9.92770312e-08,1.83298437e-01
9.93170312e-08,1.83300000e-01
9.93570312e-08,1.83300000e-01
9.93970312e-08,1.83300000e-01
9.94370312e-08,1.83300000e-01
9.94770312e-08,1.83298437e-01
9.95170312e-08,1.83301563e-01
9.95570312e-08,1.83298437e-01
9.95970312e-08,1.83303125e-01
9.96370312e-08,1.83296875e-01
9.96770312e-08,1.83304688e-01
9.97170312e-08,1.83293750e-01
9.97570312e-08,1.83309375e-01
9.97970312e-08,1.83285937e-01
9.98370312e-08,1.83323438e-01
9.98770312e-08,1.83251563e-01
9.99170312e-08,1.83500000e-01
9.99570312e-08,1.83762500e-01
9.99970312e-08,1.83659375e-01
1.00037031e-07,1.83732813e-01
1.00077031e-07,1.83670313e-01
1.00117031e-07,1.83729688e-01
1.00157031e-07,1.83667187e-01
1.00197031e-07,1.83740625e-01
1.00237031e-07,1.83634375e-01
1.00277031e-07,1.83917187e-01
1.00317031e-07,1.84145313e-01
1.00357031e-07,1.84079688e-01
1.00397031e-07,1.84110938e-01
1.00437031e-07,1.84093750e-01
1.00477031e-07,1.84101563e-01
1.00517031e-07,1.84103125e-01
1.00557031e-07,1.84090625e-01
1.00597031e-07,1.84118750e-01
1.00637031e-07,1.84056250e-01
1.00677031e-07,1.84296875e-01
1.00717031e-07,1.84565625e-01
1.00757031e-07,1.84457813e-01
1.00797031e-07,1.84534375e-01
1.00837031e-07,1.84470313e-01
1.00877031e-07,1.84528125e-01
1.00917031e-07,1.84471875e-01
1.00957031e-07,1.84529688e-01
1.00997031e-07,1.84465625e-01
1.01037031e-07,1.84543750e-01
1.01077031e-07,1.84431250e-01
1.01117031e-07,1.84721875e-01
1.01157031e-07,1.84940625e-01
1.01197031e-07,1.84882812e-01
1.01237031e-07,1.84907813e-01
1.01277031e-07,1.84898438e-01
1.01317031e-07,1.84896875e-01
1.01357031e-07,1.84906250e-01
1.01397031e-07,1.84890625e-01
1.01437031e-07,1.84914063e-01
1.01477031e-07,1.84881250e-01
1.01517031e-07,1.84929687e-01
1.01557031e-07,1.84843750e-01
1.01597031e-07,1.85109375e-01
1.01637031e-07,1.85353125e-01
1.01677031e-07,1.85271875e-01
1.01717031e-07,1.85317188e-01
1.01757031e-07,1.85287500e-01
1.01797031e-07,1.85307813e-01
1.01837031e-07,1.85295313e-01
1.01877031e-07,1.85303125e-01
1.01917031e-07,1.85300000e-01
1.01957031e-07,1.85296875e-01
1.01997031e-07,1.85306250e-01
1.02037031e-07,1.85287500e-01
1.02077031e-07,1.85323438e-01
1.02117031e-07,1.85251562e-01
1.02157031e-07,1.85501562e-01
1.02197031e-07,1.85760938e-01
1.02237031e-07,1.85664063e-01
1.02277031e-07,1.85726562e-01
1.02317031e-07,1.85678125e-01
1.02357031e-07,1.85718750e-01
1.02397031e-07,1.85684375e-01
1.02437031e-07,1.85714062e-01
1.02477031e-07,1.85685938e-01
1.02517031e-07,1.85712500e-01
1.02557031e-07,1.85689063e-01
1.02597031e-07,1.85710938e-01
1.02637031e-07,1.85689063e-01
1.02677031e-07,1.85709375e-01
1.02717031e-07,1.85690625e-01
1.02757031e-07,1.85709375e-01
1.02797031e-07,1.85690625e-01
1.02837031e-07,1.85709375e-01
1.02877031e-07,1.85690625e-01
1.02917031e-07,1.85709375e-01
1.02957031e-07,1.85690625e-01
1.02997031e-07,1.85709375e-01
1.03037031e-07,1.85690625e-01
1.03077031e-07,1.85709375e-01
1.03117031e-07,1.85690625e-01
1.03157031e-07,1.85709375e-01
1.03197031e-07,1.85690625e-01
1.03237031e-07,1.85710938e-01
1.03277031e-07,1.85689063e-01
1.03317031e-07,1.85712500e-01
1.03357031e-07,1.85685938e-01
1.03397031e-07,1.85715625e-01
1.03437031e-07,1.85681250e-01
1.03477031e-07,1.85723438e-01
1.03517031e-07,1.85667187e-01
1.03557031e-07,1.85757813e-01
1.03597031e-07,1.85489062e-01
1.03637031e-07,1.85248438e-01
1.03677031e-07,1.85328125e-01
1.03717031e-07,1.85281250e-01
1.03757031e-07,1.85314063e-01
1.03797031e-07,1.85289063e-01
1.03837031e-07,1.85309375e-01
1.03877031e-07,1.85292188e-01
1.03917031e-07,1.85306250e-01
1.03957031e-07,1.85293750e-01
1.03997031e-07,1.85304688e-01
1.04037031e-07,1.85295313e-01
1.04077031e-07,1.85304688e-01
1.04117031e-07,1.85296875e-01
1.04157031e-07,1.85303125e-01
1.04197031e-07,1.85296875e-01
1.04237031e-07,1.85303125e-01
1.04277031e-07,1.85296875e-01
1.04317031e-07,1.85303125e-01
1.04357031e-07,1.85296875e-01
1.04397031e-07,1.85303125e-01
1.04437031e-07,1.85296875e-01
1.04477031e-07,1.85303125e-01
1.04517031e-07,1.85296875e-01
1.04557031e-07,1.85303125e-01
1.04597031e-07,1.85296875e-01
1.04637031e-07,1.85301563e-01
1.04677031e-07,1.85296875e-01
1.04717031e-07,1.85303125e-01
1.04757031e-07,1.85296875e-01
1.04797031e-07,1.85303125e-01
1.04837031e-07,1.85296875e-01
1.04877031e-07,1.85303125e-01
1.04917031e-07,1.85296875e-01
1.04957031e-07,1.85303125e-01
1.04997031e-07,1.85296875e-01
1.05037031e-07,1.85303125e-01
1.05077031e-07,1.85296875e-01
1.05117031e-07,1.85303125e-01
1.05157031e-07,1.85296875e-01
1.05197031e-07,1.85304688e-01
1.05237031e-07,1.85295313e-01
1.05277031e-07,1.85304688e-01
1.05317031e-07,1.85295313e-01
1.05357031e-07,1.85304688e-01
1.05397031e-07,1.85293750e-01
1.05437031e-07,1.85306250e-01
1.05477031e-07,1.85292188e-01
1.05517031e-07,1.85309375e-01
1.05557031e-07,1.85289063e-01
1.05597031e-07,1.85314063e-01
1.05637031e-07,1.85281250e-01
1.05677031e-07,1.85328125e-01
1.05717031e-07,1.85246875e-01
1.05757031e-07,1.85506250e-01
1.05797031e-07,1.85756250e-01
1.05837031e-07,1.85667187e-01
1.05877031e-07,1.85723438e-01
1.05917031e-07,1.85681250e-01
1.05957031e-07,1.85715625e-01
1.05997031e-07,1.85685938e-01
1.06037031e-07,1.85714062e-01
1.06077031e-07,1.85687500e-01
1.06117031e-07,1.85712500e-01
1.06157031e-07,1.85687500e-01
1.06197031e-07,1.85714062e-01
1.06237031e-07,1.85684375e-01
1.06277031e-07,1.85718750e-01
1.06317031e-07,1.85676563e-01
1.06357031e-07,1.85732813e-01
1.06397031e-07,1.85643750e-01
1.06437031e-07,1.85909375e-01
1.06477031e-07,1.86153125e-01
1.06517031e-07,1.86070313e-01
1.06557031e-07,1.86120312e-01
1.06597031e-07,1.86084375e-01
1.06637031e-07,1.86112500e-01
1.06677031e-07,1.86089063e-01
1.06717031e-07,1.86109375e-01
1.06757031e-07,1.86092188e-01
1.06797031e-07,1.86107812e-01
1.06837031e-07,1.86092188e-01
1.06877031e-07,1.86107812e-01
1.06917031e-07,1.86093750e-01
1.06957031e-07,1.86106250e-01
1.06997031e-07,1.86093750e-01
1.07037031e-07,1.86106250e-01
1.07077031e-07,1.86093750e-01
1.07117031e-07,1.86106250e-01
1.07157031e-07,1.86093750e-01
1.07197031e-07,1.86106250e-01
1.07237031e-07,1.86092188e-01
1.07277031e-07,1.86107812e-01
1.07317031e-07,1.86092188e-01
1.07357031e-07,1.86107812e-01
1.07397031e-07,1.86090625e-01
1.07437031e-07,1.86110938e-01
1.07477031e-07,1.86089063e-01
1.07517031e-07,1.86114063e-01
1.07557031e-07,1.86084375e-01
1.07597031e-07,1.86120312e-01
1.07637031e-07,1.86070313e-01
1.07677031e-07,1.86154687e-01
1.07717031e-07,1.85892188e-01
1.07757031e-07,1.85645312e-01
1.07797031e-07,1.85732813e-01
1.07837031e-07,1.85676563e-01
1.07877031e-07,1.85720313e-01
1.07917031e-07,1.85679687e-01
1.07957031e-07,1.85723438e-01
1.07997031e-07,1.85668750e-01
1.08037031e-07,1.85753125e-01
1.08077031e-07,1.85495313e-01
1.08117031e-07,1.85240625e-01
1.08157031e-07,1.85335938e-01
1.08197031e-07,1.85270313e-01
1.08237031e-07,1.85326563e-01
1.08277031e-07,1.85271875e-01
1.08317031e-07,1.85331250e-01
1.08357031e-07,1.85260938e-01
1.08397031e-07,1.85364063e-01
1.08437031e-07,1.85082812e-01
1.08477031e-07,1.84854688e-01
1.08517031e-07,1.84921875e-01
1.08557031e-07,1.84887500e-01
1.08597031e-07,1.84907813e-01
1.08637031e-07,1.84895313e-01
1.08677031e-07,1.84901563e-01
1.08717031e-07,1.84900000e-01
1.08757031e-07,1.84898438e-01
1.08797031e-07,1.84903125e-01
1.08837031e-07,1.84893750e-01
1.08877031e-07,1.84907813e-01
1.08917031e-07,1.84887500e-01
1.08957031e-07,1.84917187e-01
1.08997031e-07,1.84873438e-01
1.09037031e-07,1.84951562e-01
1.09077031e-07,1.84693750e-01
1.09117031e-07,1.84443750e-01
1.09157031e-07,1.84532813e-01
1.09197031e-07,1.84476562e-01
1.09237031e-07,1.84517188e-01
1.09277031e-07,1.84485938e-01
1.09317031e-07,1.84512500e-01
1.09357031e-07,1.84489062e-01
1.09397031e-07,1.84509375e-01
1.09437031e-07,1.84490625e-01
1.09477031e-07,1.84507813e-01
1.09517031e-07,1.84492188e-01
1.09557031e-07,1.84506250e-01
1.09597031e-07,1.84493750e-01
1.09637031e-07,1.84506250e-01
1.09677031e-07,1.84495313e-01
1.09717031e-07,1.84504688e-01
1.09757031e-07,1.84495313e-01
1.09797031e-07,1.84504688e-01
1.09837031e-07,1.84495313e-01
1.09877031e-07,1.84504688e-01
1.09917031e-07,1.84495313e-01
1.09957031e-07,1.84503125e-01
1.09997031e-07,1.84496875e-01
1.10037031e-07,1.84503125e-01
1.10077031e-07,1.84496875e-01
1.10117031e-07,1.84503125e-01
1.10157031e-07,1.84496875e-01
1.10197031e-07,1.84503125e-01
1.10237031e-07,1.84496875e-01
1.10277031e-07,1.84503125e-01
1.10317031e-07,1.84496875e-01
1.10357031e-07,1.84503125e-01
1.10397031e-07,1.84496875e-01
1.10437031e-07,1.84503125e-01
1.10477031e-07,1.84496875e-01
1.10517031e-07,1.84503125e-01
1.10557031e-07,1.84498438e-01
1.10597031e-07,1.84501562e-01
1.10637031e-07,1.84498438e-01
1.10677031e-07,1.84501562e-01
1.10717031e-07,1.84498438e-01
1.10757031e-07,1.84501562e-01
1.10797031e-07,1.84498438e-01
1.10837031e-07,1.84501562e-01
1.10877031e-07,1.84498438e-01
1.10917031e-07,1.84501562e-01
1.10957031e-07,1.84498438e-01
1.10997031e-07,1.84501562e-01
1.11037031e-07,1.84498438e-01
1.11077031e-07,1.84501562e-01
1.11117031e-07,1.84498438e-01
1.11157031e-07,1.84501562e-01
1.11197031e-07,1.84498438e-01
1.11237031e-07,1.84501562e-01
1.11277031e-07,1.84498438e-01
1.11317031e-07,1.84501562e-01
1.11357031e-07,1.84498438e-01
1.11397031e-07,1.84501562e-01
1.11437031e-07,1.84498438e-01
1.11477031e-07,1.84501562e-01
1.11517031e-07,1.84498438e-01
1.11557031e-07,1.84501562e-01
1.11597031e-07,1.84498438e-01
1.11637031e-07,1.84501562e-01
1.11677031e-07,1.84496875e-01
1.11717031e-07,1.84503125e-01
1.11757031e-07,1.84496875e-01
1.11797031e-07,1.84503125e-01
1.11837031e-07,1.84496875e-01
1.11877031e-07,1.84503125e-01
1.11917031e-07,1.84496875e-01
1.11957031e-07,1.84503125e-01
1.11997031e-07,1.84495313e-01
1.12037031e-07,1.84504688e-01
1.12077031e-07,1.84495313e-01
1.12117031e-07,1.84506250e-01
1.12157031e-07,1.84492188e-01
1.12197031e-07,1.84507813e-01
1.12237031e-07,1.84489062e-01
1.12277031e-07,1.84512500e-01
1.12317031e-07,1.84481250e-01
1.12357031e-07,1.84528125e-01
1.12397031e-07,1.84448438e-01
1.12437031e-07,1.84704688e-01
1.12477031e-07,1.84957813e-01
1.12517031e-07,1.84865625e-01
1.12557031e-07,1.84925000e-01
1.12597031e-07,1.84878125e-01
1.12637031e-07,1.84920313e-01
1.12677031e-07,1.84881250e-01
1.12717031e-07,1.84920313e-01
1.12757031e-07,1.84875000e-01
1.12797031e-07,1.84932813e-01
1.12837031e-07,1.84843750e-01
1.12877031e-07,1.85107812e-01
1.12917031e-07,1.85356250e-01
1.12957031e-07,1.85265625e-01
1.12997031e-07,1.85326563e-01
1.13037031e-07,1.85276563e-01
1.13077031e-07,1.85325000e-01
1.13117031e-07,1.85271875e-01
1.13157031e-07,1.85335938e-01
1.13197031e-07,1.85239062e-01
1.13237031e-07,1.85514063e-01
1.13277031e-07,1.85748438e-01
1.13317031e-07,1.85675000e-01
1.13357031e-07,1.85714062e-01
1.13397031e-07,1.85692187e-01
1.13437031e-07,1.85703125e-01
1.13477031e-07,1.85701563e-01
1.13517031e-07,1.85692187e-01
1.13557031e-07,1.85717188e-01
1.13597031e-07,1.85656250e-01
1.13637031e-07,1.85896875e-01
1.13677031e-07,1.86165625e-01
1.13717031e-07,1.86057813e-01
1.13757031e-07,1.86131250e-01
1.13797031e-07,1.86073437e-01
1.13837031e-07,1.86123438e-01
1.13877031e-07,1.86078125e-01
1.13917031e-07,1.86120312e-01
1.13957031e-07,1.86079688e-01
1.13997031e-07,1.86118750e-01
1.14037031e-07,1.86081250e-01
1.14077031e-07,1.86118750e-01
1.14117031e-07,1.86081250e-01
1.14157031e-07,1.86118750e-01
1.14197031e-07,1.86081250e-01
1.14237031e-07,1.86118750e-01
1.14277031e-07,1.86079688e-01
1.14317031e-07,1.86120312e-01
1.14357031e-07,1.86078125e-01
1.14397031e-07,1.86121875e-01
1.14437031e-07,1.86076563e-01
1.14477031e-07,1.86126563e-01
1.14517031e-07,1.86070313e-01
1.14557031e-07,1.86135938e-01
1.14597031e-07,1.86054688e-01
1.14637031e-07,1.86170313e-01
1.14677031e-07,1.85875000e-01
1.14717031e-07,1.85662500e-01
1.14757031e-07,1.85712500e-01
1.14797031e-07,1.85698438e-01
1.14837031e-07,1.85695313e-01
1.14877031e-07,1.85710938e-01
1.14917031e-07,1.85684375e-01
1.14957031e-07,1.85723438e-01
1.14997031e-07,1.85665625e-01
1.15037031e-07,1.85760938e-01
1.15077031e-07,1.85484375e-01
1.15117031e-07,1.85254688e-01
1.15157031e-07,1.85320313e-01
1.15197031e-07,1.85290625e-01
1.15237031e-07,1.85303125e-01
1.15277031e-07,1.85303125e-01
1.15317031e-07,1.85292188e-01
1.15357031e-07,1.85315625e-01
1.15397031e-07,1.85273437e-01
1.15437031e-07,1.85353125e-01
1.15477031e-07,1.85093750e-01
1.15517031e-07,1.84845312e-01
1.15557031e-07,1.84929687e-01
1.15597031e-07,1.84879688e-01
1.15637031e-07,1.84914063e-01
1.15677031e-07,1.84889063e-01
1.15717031e-07,1.84907813e-01
1.15757031e-07,1.84895313e-01
1.15797031e-07,1.84903125e-01
1.15837031e-07,1.84898438e-01
1.15877031e-07,1.84900000e-01
1.15917031e-07,1.84901563e-01
1.15957031e-07,1.84895313e-01
1.15997031e-07,1.84906250e-01
1.16037031e-07,1.84890625e-01
1.16077031e-07,1.84912500e-01
1.16117031e-07,1.84881250e-01
1.16157031e-07,1.84928125e-01
1.16197031e-07,1.84845312e-01
1.16237031e-07,1.85107812e-01
1.16277031e-07,1.85353125e-01
1.16317031e-07,1.85271875e-01
1.16357031e-07,1.85317188e-01
1.16397031e-07,1.85289063e-01
1.16437031e-07,1.85306250e-01
1.16477031e-07,1.85298437e-01
1.16517031e-07,1.85295313e-01
1.16557031e-07,1.85315625e-01
1.16597031e-07,1.85259375e-01
1.16637031e-07,1.85493750e-01
1.16677031e-07,1.85767188e-01
1.16717031e-07,1.85654687e-01
1.16757031e-07,1.85735938e-01
1.16797031e-07,1.85667187e-01
1.16837031e-07,1.85732813e-01
1.16877031e-07,1.85665625e-01
1.16917031e-07,1.85742188e-01
1.16957031e-07,1.85634375e-01
1.16997031e-07,1.85917187e-01
1.17037031e-07,1.86145312e-01
1.17077031e-07,1.86076563e-01
1.17117031e-07,1.86114063e-01
1.17157031e-07,1.86090625e-01
1.17197031e-07,1.86107812e-01
1.17237031e-07,1.86093750e-01
1.17277031e-07,1.86104688e-01
1.17317031e-07,1.86095312e-01
1.17357031e-07,1.86104688e-01
1.17397031e-07,1.86095312e-01
1.17437031e-07,1.86104688e-01
1.17477031e-07,1.86095312e-01
1.17517031e-07,1.86104688e-01
1.17557031e-07,1.86095312e-01
1.17597031e-07,1.86104688e-01
1.17637031e-07,1.86095312e-01
1.17677031e-07,1.86104688e-01
1.17717031e-07,1.86093750e-01
1.17757031e-07,1.86106250e-01
1.17797031e-07,1.86093750e-01
1.17837031e-07,1.86107812e-01
1.17877031e-07,1.86092188e-01
1.17917031e-07,1.86109375e-01
1.17957031e-07,1.86089063e-01
1.17997031e-07,1.86110938e-01
1.18037031e-07,1.86085938e-01
1.18077031e-07,1.86115625e-01
1.18117031e-07,1.86081250e-01
1.18157031e-07,1.86125000e-01
1.18197031e-07,1.86065625e-01
1.18237031e-07,1.86160938e-01
1.18277031e-07,1.85885938e-01
1.18317031e-07,1.85653125e-01
1.18357031e-07,1.85721875e-01
1.18397031e-07,1.85690625e-01
1.18437031e-07,1.85701563e-01
1.18477031e-07,1.85706250e-01
1.18517031e-07,1.85682813e-01
1.18557031e-07,1.85743750e-01
1.18597031e-07,1.85503125e-01
1.18637031e-07,1.85234375e-01
1.18677031e-07,1.85342188e-01
1.18717031e-07,1.85265625e-01
1.18757031e-07,1.85334375e-01
1.18797031e-07,1.85260938e-01
1.18837031e-07,1.85360938e-01
1.18877031e-07,1.85089063e-01
1.18917031e-07,1.84845312e-01
1.18957031e-07,1.84934375e-01
1.18997031e-07,1.84870312e-01
1.19037031e-07,1.84931250e-01
1.19077031e-07,1.84860938e-01
1.19117031e-07,1.84964062e-01
1.19157031e-07,1.84682813e-01
1.19197031e-07,1.84454688e-01
1.19237031e-07,1.84520313e-01
1.19277031e-07,1.84490625e-01
1.19317031e-07,1.84501562e-01
1.19357031e-07,1.84506250e-01
1.19397031e-07,1.84481250e-01
1.19437031e-07,1.84545313e-01
1.19477031e-07,1.84301563e-01
1.19517031e-07,1.84037500e-01
1.19557031e-07,1.84137500e-01
1.19597031e-07,1.84073437e-01
1.19637031e-07,1.84121875e-01
1.19677031e-07,1.84082812e-01
1.19717031e-07,1.84115625e-01
1.19757031e-07,1.84087500e-01
1.19797031e-07,1.84110938e-01
1.19837031e-07,1.84092188e-01
1.19877031e-07,1.84106250e-01
1.19917031e-07,1.84096875e-01
1.19957031e-07,1.84100000e-01
1.19997031e-07,1.84104688e-01
1.20037031e-07,1.84084375e-01
1.20077031e-07,1.84140625e-01
1.20117031e-07,1.83906250e-01
1.20157031e-07,1.83631250e-01
1.20197031e-07,1.83745313e-01
1.20237031e-07,1.83662500e-01
1.20277031e-07,1.83732813e-01
1.20317031e-07,1.83670313e-01
1.20357031e-07,1.83729688e-01
1.20397031e-07,1.83670313e-01
1.20437031e-07,1.83731250e-01
1.20477031e-07,1.83664063e-01
1.20517031e-07,1.83745313e-01
1.20557031e-07,1.83631250e-01
1.20597031e-07,1.83921875e-01
1.20637031e-07,1.84140625e-01
1.20677031e-07,1.84082812e-01
1.20717031e-07,1.84109375e-01
1.20757031e-07,1.84095312e-01
1.20797031e-07,1.84101563e-01
1.20837031e-07,1.84100000e-01
1.20877031e-07,1.84098438e-01
1.20917031e-07,1.84103125e-01
1.20957031e-07,1.84096875e-01
1.20997031e-07,1.84104688e-01
1.21037031e-07,1.84095312e-01
1.21077031e-07,1.84106250e-01
1.21117031e-07,1.84093750e-01
1.21157031e-07,1.84106250e-01
1.21197031e-07,1.84093750e-01
1.21237031e-07,1.84107812e-01
1.21277031e-07,1.84092188e-01
1.21317031e-07,1.84109375e-01
1.21357031e-07,1.84089063e-01
1.21397031e-07,1.84112500e-01
1.21437031e-07,1.84085938e-01
1.21477031e-07,1.84117188e-01
1.21517031e-07,1.84078125e-01
1.21557031e-07,1.84131250e-01
1.21597031e-07,1.84043750e-01
1.21637031e-07,1.84307813e-01
1.21677031e-07,1.84554688e-01
1.21717031e-07,1.84468750e-01
1.21757031e-07,1.84521875e-01
1.21797031e-07,1.84481250e-01
1.21837031e-07,1.84515625e-01
1.21877031e-07,1.84484375e-01
1.21917031e-07,1.84517188e-01
1.21957031e-07,1.84479688e-01
1.21997031e-07,1.84528125e-01
1.22037031e-07,1.84446875e-01
1.22077031e-07,1.84704688e-01
1.22117031e-07,1.84959375e-01
1.22157031e-07,1.84862500e-01
1.22197031e-07,1.84929687e-01
1.22237031e-07,1.84871875e-01
1.22277031e-07,1.84928125e-01
1.22317031e-07,1.84868750e-01
1.22357031e-07,1.84940625e-01
1.22397031e-07,1.84835938e-01
1.22437031e-07,1.85117188e-01
1.22477031e-07,1.85343750e-01
1.22517031e-07,1.85279688e-01
1.22557031e-07,1.85309375e-01
1.22597031e-07,1.85298437e-01
1.22637031e-07,1.85293750e-01
1.22677031e-07,1.85317188e-01
1.22717031e-07,1.85257813e-01
1.22757031e-07,1.85495313e-01
1.22797031e-07,1.85767188e-01
1.22837031e-07,1.85656250e-01
1.22877031e-07,1.85734375e-01
1.22917031e-07,1.85668750e-01
1.22957031e-07,1.85731250e-01
1.22997031e-07,1.85665625e-01
1.23037031e-07,1.85742188e-01
1.23077031e-07,1.85634375e-01
1.23117031e-07,1.85918750e-01
1.23157031e-07,1.86145312e-01
1.23197031e-07,1.86078125e-01
1.23237031e-07,1.86112500e-01
1.23277031e-07,1.86092188e-01
1.23317031e-07,1.86106250e-01
1.23357031e-07,1.86095312e-01
1.23397031e-07,1.86103125e-01
1.23437031e-07,1.86098438e-01
1.23477031e-07,1.86101563e-01
1.23517031e-07,1.86100000e-01
1.23557031e-07,1.86100000e-01
1.23597031e-07,1.86100000e-01
1.23637031e-07,1.86100000e-01
1.23677031e-07,1.86100000e-01
1.23717031e-07,1.86098438e-01
1.23757031e-07,1.86101563e-01
1.23797031e-07,1.86098438e-01
1.23837031e-07,1.86101563e-01
1.23877031e-07,1.86098438e-01
1.23917031e-07,1.86101563e-01
1.23957031e-07,1.86098438e-01
1.23997031e-07,1.86101563e-01
1.24037031e-07,1.86096875e-01
1.24077031e-07,1.86103125e-01
1.24117031e-07,1.86096875e-01
1.24157031e-07,1.86103125e-01
1.24197031e-07,1.86096875e-01
1.24237031e-07,1.86103125e-01
1.24277031e-07,1.86096875e-01
1.24317031e-07,1.86104688e-01
1.24357031e-07,1.86095312e-01
1.24397031e-07,1.86104688e-01
1.24437031e-07,1.86095312e-01
1.24477031e-07,1.86104688e-01
1.24517031e-07,1.86093750e-01
1.24557031e-07,1.86106250e-01
1.24597031e-07,1.86092188e-01
1.24637031e-07,1.86107812e-01
1.24677031e-07,1.86090625e-01
1.24717031e-07,1.86110938e-01
1.24757031e-07,1.86087500e-01
1.24797031e-07,1.86114063e-01
1.24837031e-07,1.86082812e-01
1.24877031e-07,1.86123438e-01
1.24917031e-07,1.86067188e-01
1.24957031e-07,1.86157813e-01
1.24997031e-07,1.85889063e-01
1.25037031e-07,1.85650000e-01
1.25077031e-07,1.85726562e-01
1.25117031e-07,1.85684375e-01
1.25157031e-07,1.85710938e-01
1.25197031e-07,1.85693750e-01
1.25237031e-07,1.85703125e-01
1.25277031e-07,1.85700000e-01
1.25317031e-07,1.85695313e-01
1.25357031e-07,1.85709375e-01
1.25397031e-07,1.85679687e-01
1.25437031e-07,1.85745313e-01
1.25477031e-07,1.85501562e-01
1.25517031e-07,1.85235938e-01
1.25557031e-07,1.85340625e-01
1.25597031e-07,1.85267188e-01
1.25637031e-07,1.85329688e-01
1.25677031e-07,1.85270313e-01
1.25717031e-07,1.85331250e-01
1.25757031e-07,1.85260938e-01
1.25797031e-07,1.85360938e-01
1.25837031e-07,1.85087500e-01
1.25877031e-07,1.84848438e-01
1.25917031e-07,1.84929687e-01
1.25957031e-07,1.84876563e-01
1.25997031e-07,1.84925000e-01
1.26037031e-07,1.84868750e-01
1.26077031e-07,1.84953125e-01
1.26117031e-07,1.84695313e-01
1.26157031e-07,1.84440625e-01
1.26197031e-07,1.84535937e-01
1.26237031e-07,1.84470313e-01
1.26277031e-07,1.84526563e-01
1.26317031e-07,1.84473438e-01
1.26357031e-07,1.84529688e-01
1.26397031e-07,1.84462500e-01
1.26437031e-07,1.84562500e-01
1.26477031e-07,1.84285937e-01
1.26517031e-07,1.84051563e-01
1.26557031e-07,1.84125000e-01
1.26597031e-07,1.84082812e-01
1.26637031e-07,1.84112500e-01
1.26677031e-07,1.84090625e-01
1.26717031e-07,1.84107812e-01
1.26757031e-07,1.84093750e-01
1.26797031e-07,1.84106250e-01
1.26837031e-07,1.84095312e-01
1.26877031e-07,1.84104688e-01
1.26917031e-07,1.84095312e-01
1.26957031e-07,1.84104688e-01
1.26997031e-07,1.84095312e-01
1.27037031e-07,1.84104688e-01
1.27077031e-07,1.84095312e-01
1.27117031e-07,1.84104688e-01
1.27157031e-07,1.84095312e-01
1.27197031e-07,1.84104688e-01
1.27237031e-07,1.84095312e-01
1.27277031e-07,1.84104688e-01
1.27317031e-07,1.84095312e-01
1.27357031e-07,1.84106250e-01
1.27397031e-07,1.84093750e-01
1.27437031e-07,1.84106250e-01
1.27477031e-07,1.84092188e-01
1.27517031e-07,1.84109375e-01
1.27557031e-07,1.84090625e-01
1.27597031e-07,1.84110938e-01
1.27637031e-07,1.84085938e-01
1.27677031e-07,1.84117188e-01
1.27717031e-07,1.84078125e-01
1.27757031e-07,1.84131250e-01
1.27797031e-07,1.84043750e-01
1.27837031e-07,1.84310937e-01
1.27877031e-07,1.84551563e-01
1.27917031e-07,1.84471875e-01
1.27957031e-07,1.84517188e-01
1.27997031e-07,1.84487500e-01
1.28037031e-07,1.84509375e-01
1.28077031e-07,1.84493750e-01
1.28117031e-07,1.84504688e-01
1.28157031e-07,1.84498438e-01
1.28197031e-07,1.84500000e-01
1.28237031e-07,1.84501562e-01
1.28277031e-07,1.84495313e-01
1.28317031e-07,1.84507813e-01
1.28357031e-07,1.84485938e-01
1.28397031e-07,1.84523437e-01
1.28437031e-07,1.84451562e-01
1.28477031e-07,1.84701562e-01
1.28517031e-07,1.84959375e-01
1.28557031e-07,1.84864063e-01
1.28597031e-07,1.84926563e-01
1.28637031e-07,1.84878125e-01
1.28677031e-07,1.84918750e-01
1.28717031e-07,1.84884375e-01
1.28757031e-07,1.84914063e-01
1.28797031e-07,1.84887500e-01
1.28837031e-07,1.84912500e-01
1.28877031e-07,1.84889063e-01
1.28917031e-07,1.84910938e-01
1.28957031e-07,1.84889063e-01
1.28997031e-07,1.84909375e-01
1.29037031e-07,1.84890625e-01
1.29077031e-07,1.84909375e-01
1.29117031e-07,1.84890625e-01
1.29157031e-07,1.84909375e-01
1.29197031e-07,1.84892187e-01
1.29237031e-07,1.84907813e-01
1.29277031e-07,1.84892187e-01
1.29317031e-07,1.84907813e-01
1.29357031e-07,1.84892187e-01
1.29397031e-07,1.84907813e-01
1.29437031e-07,1.84892187e-01
1.29477031e-07,1.84907813e-01
1.29517031e-07,1.84892187e-01
1.29557031e-07,1.84907813e-01
1.29597031e-07,1.84892187e-01
1.29637031e-07,1.84907813e-01
1.29677031e-07,1.84892187e-01
1.29717031e-07,1.84907813e-01
1.29757031e-07,1.84892187e-01
1.29797031e-07,1.84907813e-01
1.29837031e-07,1.84892187e-01
1.29877031e-07,1.84907813e-01
1.29917031e-07,1.84892187e-01
1.29957031e-07,1.84907813e-01
1.29997031e-07,1.84892187e-01
1.30037031e-07,1.84907813e-01
1.30077031e-07,1.84892187e-01
1.30117031e-07,1.84907813e-01
1.30157031e-07,1.84890625e-01
1.30197031e-07,1.84909375e-01
1.30237031e-07,1.84890625e-01
1.30277031e-07,1.84909375e-01
1.30317031e-07,1.84889063e-01
1.30357031e-07,1.84910938e-01
1.30397031e-07,1.84887500e-01
1.30437031e-07,1.84912500e-01
1.30477031e-07,1.84885938e-01
1.30517031e-07,1.84917187e-01
1.30557031e-07,1.84879688e-01
1.30597031e-07,1.84925000e-01
1.30637031e-07,1.84865625e-01
1.30677031e-07,1.84959375e-01
1.30717031e-07,1.84687500e-01
1.30757031e-07,1.84450000e-01
1.30797031e-07,1.84525000e-01
1.30837031e-07,1.84484375e-01
1.30877031e-07,1.84510937e-01
1.30917031e-07,1.84492188e-01
1.30957031e-07,1.84506250e-01
1.30997031e-07,1.84495313e-01
1.31037031e-07,1.84503125e-01
1.31077031e-07,1.84496875e-01
1.31117031e-07,1.84501562e-01
1.31157031e-07,1.84498438e-01
1.31197031e-07,1.84500000e-01
1.31237031e-07,1.84500000e-01
1.31277031e-07,1.84498438e-01
1.31317031e-07,1.84501562e-01
1.31357031e-07,1.84498438e-01
1.31397031e-07,1.84503125e-01
1.31437031e-07,1.84496875e-01
1.31477031e-07,1.84503125e-01
1.31517031e-07,1.84495313e-01
1.31557031e-07,1.84504688e-01
1.31597031e-07,1.84493750e-01
1.31637031e-07,1.84507813e-01
1.31677031e-07,1.84490625e-01
1.31717031e-07,1.84510937e-01
1.31757031e-07,1.84485938e-01
1.31797031e-07,1.84518750e-01
1.31837031e-07,1.84470313e-01
1.31877031e-07,1.84553125e-01
1.31917031e-07,1.84293750e-01
1.31957031e-07,1.84045313e-01
1.31997031e-07,1.84131250e-01
1.32037031e-07,1.84078125e-01
1.32077031e-07,1.84117188e-01
1.32117031e-07,1.84085938e-01
1.32157031e-07,1.84112500e-01
1.32197031e-07,1.84089063e-01
1.32237031e-07,1.84109375e-01
1.32277031e-07,1.84092188e-01
1.32317031e-07,1.84107812e-01
1.32357031e-07,1.84092188e-01
1.32397031e-07,1.84106250e-01
1.32437031e-07,1.84093750e-01
1.32477031e-07,1.84106250e-01
1.32517031e-07,1.84093750e-01
1.32557031e-07,1.84106250e-01
1.32597031e-07,1.84093750e-01
1.32637031e-07,1.84106250e-01
1.32677031e-07,1.84093750e-01
1.32717031e-07,1.84106250e-01
1.32757031e-07,1.84093750e-01
1.32797031e-07,1.84106250e-01
1.32837031e-07,1.84093750e-01
1.32877031e-07,1.84106250e-01
1.32917031e-07,1.84093750e-01
1.32957031e-07,1.84106250e-01
1.32997031e-07,1.84092188e-01
1.33037031e-07,1.84107812e-01
1.33077031e-07,1.84090625e-01
1.33117031e-07,1.84110938e-01
1.33157031e-07,1.84087500e-01
1.33197031e-07,1.84115625e-01
1.33237031e-07,1.84079688e-01
1.33277031e-07,1.84129687e-01
1.33317031e-07,1.84046875e-01
1.33357031e-07,1.84306250e-01
1.33397031e-07,1.84556250e-01
1.33437031e-07,1.84467188e-01
1.33477031e-07,1.84525000e-01
1.33517031e-07,1.84479688e-01
1.33557031e-07,1.84518750e-01
1.33597031e-07,1.84481250e-01
1.33637031e-07,1.84520313e-01
1.33677031e-07,1.84476562e-01
1.33717031e-07,1.84532813e-01
1.33757031e-07,1.84443750e-01
1.33797031e-07,1.84707813e-01
1.33837031e-07,1.84956250e-01
1.33877031e-07,1.84867188e-01
1.33917031e-07,1.84925000e-01
1.33957031e-07,1.84878125e-01
1.33997031e-07,1.84921875e-01
1.34037031e-07,1.84875000e-01
1.34077031e-07,1.84932813e-01
1.34117031e-07,1.84843750e-01
1.34157031e-07,1.85109375e-01
1.34197031e-07,1.85354688e-01
1.34237031e-07,1.85267188e-01
1.34277031e-07,1.85325000e-01
1.34317031e-07,1.85278125e-01
1.34357031e-07,1.85321875e-01
1.34397031e-07,1.85275000e-01
1.34437031e-07,1.85332812e-01
1.34477031e-07,1.85243750e-01
1.34517031e-07,1.85509375e-01
1.34557031e-07,1.85754688e-01
1.34597031e-07,1.85668750e-01
1.34637031e-07,1.85723438e-01
1.34677031e-07,1.85681250e-01
1.34717031e-07,1.85717188e-01
1.34757031e-07,1.85682813e-01
1.34797031e-07,1.85717188e-01
1.34837031e-07,1.85682813e-01
1.34877031e-07,1.85720313e-01
1.34917031e-07,1.85675000e-01
1.34957031e-07,1.85734375e-01
1.34997031e-07,1.85642187e-01
1.35037031e-07,1.85910938e-01
1.35077031e-07,1.86151563e-01
1.35117031e-07,1.86071875e-01
1.35157031e-07,1.86118750e-01
1.35197031e-07,1.86085938e-01
1.35237031e-07,1.86110938e-01
1.35277031e-07,1.86092188e-01
1.35317031e-07,1.86107812e-01
1.35357031e-07,1.86093750e-01
1.35397031e-07,1.86104688e-01
1.35437031e-07,1.86095312e-01
1.35477031e-07,1.86104688e-01
1.35517031e-07,1.86096875e-01
1.35557031e-07,1.86103125e-01
1.35597031e-07,1.86096875e-01
1.35637031e-07,1.86103125e-01
1.35677031e-07,1.86096875e-01
1.35717031e-07,1.86103125e-01
1.35757031e-07,1.86098438e-01
1.35797031e-07,1.86101563e-01
1.35837031e-07,1.86098438e-01
1.35877031e-07,1.86101563e-01
1.35917031e-07,1.86098438e-01
1.35957031e-07,1.86101563e-01
1.35997031e-07,1.86098438e-01
1.36037031e-07,1.86101563e-01
1.36077031e-07,1.86100000e-01
1.36117031e-07,1.86100000e-01
1.36157031e-07,1.86100000e-01
1.36197031e-07,1.86100000e-01
1.36237031e-07,1.86100000e-01
1.36277031e-07,1.86100000e-01
1.36317031e-07,1.86101563e-01
1.36357031e-07,1.86098438e-01
1.36397031e-07,1.86101563e-01
1.36437031e-07,1.86096875e-01
1.36477031e-07,1.86103125e-01
1.36517031e-07,1.86095312e-01
1.36557031e-07,1.86106250e-01
1.36597031e-07,1.86090625e-01
1.36637031e-07,1.86114063e-01
1.36677031e-07,1.86076563e-01
1.36717031e-07,1.86146875e-01
1.36757031e-07,1.85900000e-01
1.36797031e-07,1.85635938e-01
1.36837031e-07,1.85742188e-01
1.36877031e-07,1.85664063e-01
1.36917031e-07,1.85735938e-01
1.36957031e-07,1.85659375e-01
1.36997031e-07,1.85764062e-01
1.37037031e-07,1.85485938e-01
1.37077031e-07,1.85250000e-01
1.37117031e-07,1.85329688e-01
1.37157031e-07,1.85276563e-01
1.37197031e-07,1.85323438e-01
1.37237031e-07,1.85270313e-01
1.37277031e-07,1.85353125e-01
1.37317031e-07,1.85096875e-01
1.37357031e-07,1.84839063e-01
1.37397031e-07,1.84937500e-01
1.37437031e-07,1.84868750e-01
1.37477031e-07,1.84928125e-01
1.37517031e-07,1.84870312e-01
1.37557031e-07,1.84932813e-01
1.37597031e-07,1.84859375e-01
1.37637031e-07,1.84965625e-01
1.37677031e-07,1.84682813e-01
1.37717031e-07,1.84454688e-01
1.37757031e-07,1.84521875e-01
1.37797031e-07,1.84487500e-01
1.37837031e-07,1.84507813e-01
1.37877031e-07,1.84496875e-01
1.37917031e-07,1.84501562e-01
1.37957031e-07,1.84500000e-01
1.37997031e-07,1.84496875e-01
1.38037031e-07,1.84504688e-01
1.38077031e-07,1.84492188e-01
1.38117031e-07,1.84510937e-01
1.38157031e-07,1.84484375e-01
1.38197031e-07,1.84525000e-01
1.38237031e-07,1.84450000e-01
1.38277031e-07,1.84703125e-01
1.38317031e-07,1.84959375e-01
1.38357031e-07,1.84864063e-01
1.38397031e-07,1.84926563e-01
1.38437031e-07,1.84878125e-01
1.38477031e-07,1.84918750e-01
1.38517031e-07,1.84882812e-01
1.38557031e-07,1.84917187e-01
1.38597031e-07,1.84882812e-01
1.38637031e-07,1.84917187e-01
1.38677031e-07,1.84881250e-01
1.38717031e-07,1.84920313e-01
1.38757031e-07,1.84875000e-01
1.38797031e-07,1.84934375e-01
1.38837031e-07,1.84840625e-01
1.38877031e-07,1.85112500e-01
1.38917031e-07,1.85350000e-01
1.38957031e-07,1.85273437e-01
1.38997031e-07,1.85317188e-01
1.39037031e-07,1.85287500e-01
1.39077031e-07,1.85310937e-01
1.39117031e-07,1.85292188e-01
1.39157031e-07,1.85307813e-01
1.39197031e-07,1.85293750e-01
1.39237031e-07,1.85306250e-01
1.39277031e-07,1.85295313e-01
1.39317031e-07,1.85304688e-01
1.39357031e-07,1.85295313e-01
1.39397031e-07,1.85304688e-01
1.39437031e-07,1.85296875e-01
1.39477031e-07,1.85303125e-01
1.39517031e-07,1.85296875e-01
1.39557031e-07,1.85303125e-01
1.39597031e-07,1.85296875e-01
1.39637031e-07,1.85303125e-01
1.39677031e-07,1.85296875e-01
1.39717031e-07,1.85303125e-01
1.39757031e-07,1.85296875e-01
1.39797031e-07,1.85303125e-01
1.39837031e-07,1.85296875e-01
1.39877031e-07,1.85303125e-01
1.39917031e-07,1.85296875e-01
1.39957031e-07,1.85303125e-01
1.39997031e-07,1.85296875e-01
1.40037031e-07,1.85304688e-01
1.40077031e-07,1.85295313e-01
1.40117031e-07,1.85304688e-01
1.40157031e-07,1.85295313e-01
1.40197031e-07,1.85304688e-01
1.40237031e-07,1.85293750e-01
1.40277031e-07,1.85306250e-01
1.40317031e-07,1.85293750e-01
1.40357031e-07,1.85307813e-01
1.40397031e-07,1.85290625e-01
1.40437031e-07,1.85310937e-01
1.40477031e-07,1.85287500e-01
1.40517031e-07,1.85315625e-01
1.40557031e-07,1.85279688e-01
1.40597031e-07,1.85329688e-01
1.40637031e-07,1.85245313e-01
1.40677031e-07,1.85507813e-01
1.40717031e-07,1.85754688e-01
1.40757031e-07,1.85670313e-01
1.40797031e-07,1.85721875e-01
1.40837031e-07,1.85684375e-01
1.40877031e-07,1.85712500e-01
1.40917031e-07,1.85689063e-01
1.40957031e-07,1.85709375e-01
1.40997031e-07,1.85692187e-01
1.41037031e-07,1.85707813e-01
1.41077031e-07,1.85692187e-01
1.41117031e-07,1.85706250e-01
1.41157031e-07,1.85693750e-01
1.41197031e-07,1.85706250e-01
1.41237031e-07,1.85695313e-01
1.41277031e-07,1.85704688e-01
1.41317031e-07,1.85695313e-01
1.41357031e-07,1.85704688e-01
1.41397031e-07,1.85695313e-01
1.41437031e-07,1.85704688e-01
1.41477031e-07,1.85695313e-01
1.41517031e-07,1.85704688e-01
1.41557031e-07,1.85695313e-01
1.41597031e-07,1.85703125e-01
1.41637031e-07,1.85696875e-01
1.41677031e-07,1.85703125e-01
1.41717031e-07,1.85696875e-01
1.41757031e-07,1.85703125e-01
1.41797031e-07,1.85696875e-01
1.41837031e-07,1.85703125e-01
1.41877031e-07,1.85696875e-01
1.41917031e-07,1.85703125e-01
1.41957031e-07,1.85696875e-01
1.41997031e-07,1.85703125e-01
1.42037031e-07,1.85696875e-01
1.42077031e-07,1.85703125e-01
1.42117031e-07,1.85696875e-01
1.42157031e-07,1.85703125e-01
1.42197031e-07,1.85696875e-01
1.42237031e-07,1.85703125e-01
1.42277031e-07,1.85696875e-01
1.42317031e-07,1.85703125e-01
1.42357031e-07,1.85696875e-01
1.42397031e-07,1.85703125e-01
1.42437031e-07,1.85696875e-01
1.42477031e-07,1.85703125e-01
1.42517031e-07,1.85696875e-01
1.42557031e-07,1.85703125e-01
1.42597031e-07,1.85696875e-01
1.42637031e-07,1.85704688e-01
1.42677031e-07,1.85695313e-01
1.42717031e-07,1.85704688e-01
1.42757031e-07,1.85695313e-01
1.42797031e-07,1.85704688e-01
1.42837031e-07,1.85695313e-01
1.42877031e-07,1.85704688e-01
1.42917031e-07,1.85695313e-01
1.42957031e-07,1.85704688e-01
1.42997031e-07,1.85695313e-01
1.43037031e-07,1.85706250e-01
1.43077031e-07,1.85693750e-01
1.43117031e-07,1.85706250e-01
1.43157031e-07,1.85693750e-01
1.43197031e-07,1.85706250e-01
1.43237031e-07,1.85692187e-01
1.43277031e-07,1.85707813e-01
1.43317031e-07,1.85690625e-01
1.43357031e-07,1.85710938e-01
1.43397031e-07,1.85687500e-01
1.43437031e-07,1.85714062e-01
1.43477031e-07,1.85682813e-01
1.43517031e-07,1.85721875e-01
1.43557031e-07,1.85668750e-01
1.43597031e-07,1.85756250e-01
1.43637031e-07,1.85490625e-01
1.43677031e-07,1.85246875e-01
1.43717031e-07,1.85328125e-01
1.43757031e-07,1.85281250e-01
1.43797031e-07,1.85314063e-01
1.43837031e-07,1.85289063e-01
1.43877031e-07,1.85309375e-01
1.43917031e-07,1.85292188e-01
1.43957031e-07,1.85306250e-01
1.43997031e-07,1.85293750e-01
1.44037031e-07,1.85304688e-01
1.44077031e-07,1.85295313e-01
1.44117031e-07,1.85303125e-01
1.44157031e-07,1.85296875e-01
1.44197031e-07,1.85303125e-01
1.44237031e-07,1.85296875e-01
1.44277031e-07,1.85301563e-01
1.44317031e-07,1.85298437e-01
1.44357031e-07,1.85301563e-01
1.44397031e-07,1.85298437e-01
1.44437031e-07,1.85301563e-01
1.44477031e-07,1.85298437e-01
1.44517031e-07,1.85301563e-01
1.44557031e-07,1.85298437e-01
1.44597031e-07,1.85300000e-01
1.44637031e-07,1.85300000e-01
1.44677031e-07,1.85300000e-01
1.44717031e-07,1.85300000e-01
1.44757031e-07,1.85300000e-01
1.44797031e-07,1.85300000e-01
1.44837031e-07,1.85300000e-01
1.44877031e-07,1.85300000e-01
1.44917031e-07,1.85300000e-01
1.44957031e-07,1.85300000e-01
1.44997031e-07,1.85300000e-01
1.45037031e-07,1.85301563e-01
1.45077031e-07,1.85298437e-01
1.45117031e-07,1.85301563e-01
1.45157031e-07,1.85298437e-01
1.45197031e-07,1.85301563e-01
1.45237031e-07,1.85298437e-01
1.45277031e-07,1.85301563e-01
1.45317031e-07,1.85298437e-01
1.45357031e-07,1.85301563e-01
1.45397031e-07,1.85296875e-01
1.45437031e-07,1.85303125e-01
1.45477031e-07,1.85296875e-01
1.45517031e-07,1.85303125e-01
1.45557031e-07,1.85296875e-01
1.45597031e-07,1.85303125e-01
1.45637031e-07,1.85296875e-01
1.45677031e-07,1.85304688e-01
1.45717031e-07,1.85295313e-01
1.45757031e-07,1.85304688e-01
1.45797031e-07,1.85295313e-01
1.45837031e-07,1.85306250e-01
1.45877031e-07,1.85293750e-01
1.45917031e-07,1.85307813e-01
1.45957031e-07,1.85292188e-01
1.45997031e-07,1.85309375e-01
1.46037031e-07,1.85290625e-01
1.46077031e-07,1.85310937e-01
1.46117031e-07,1.85287500e-01
1.46157031e-07,1.85315625e-01
1.46197031e-07,1.85281250e-01
1.46237031e-07,1.85325000e-01
1.46277031e-07,1.85265625e-01
1.46317031e-07,1.85359375e-01
1.46357031e-07,1.85085938e-01
1.46397031e-07,1.84853125e-01
1.46437031e-07,1.84921875e-01
1.46477031e-07,1.84887500e-01
1.46517031e-07,1.84904687e-01
1.46557031e-07,1.84900000e-01
1.46597031e-07,1.84893750e-01
1.46637031e-07,1.84912500e-01
1.46677031e-07,1.84876563e-01
1.46717031e-07,1.84950000e-01
1.46757031e-07,1.84695313e-01
1.46797031e-07,1.84443750e-01
1.46837031e-07,1.84531250e-01
1.46877031e-07,1.84481250e-01
1.46917031e-07,1.84510937e-01
1.46957031e-07,1.84496875e-01
1.46997031e-07,1.84490625e-01
1.47037031e-07,1.84535937e-01
1.47077031e-07,1.84310937e-01
1.47117031e-07,1.84028125e-01
1.47157031e-07,1.84148438e-01
1.47197031e-07,1.84060938e-01
1.47237031e-07,1.84134375e-01
1.47277031e-07,1.84067188e-01
1.47317031e-07,1.84132813e-01
1.47357031e-07,1.84067188e-01
1.47397031e-07,1.84137500e-01
1.47437031e-07,1.84054688e-01
1.47477031e-07,1.84168750e-01
1.47517031e-07,1.83878125e-01
1.47557031e-07,1.83657813e-01
1.47597031e-07,1.83718750e-01
1.47637031e-07,1.83690625e-01
1.47677031e-07,1.83704688e-01
1.47717031e-07,1.83696875e-01
1.47757031e-07,1.83701562e-01
1.47797031e-07,1.83700000e-01
1.47837031e-07,1.83700000e-01
1.47877031e-07,1.83701562e-01
1.47917031e-07,1.83698438e-01
1.47957031e-07,1.83701562e-01
1.47997031e-07,1.83698438e-01
1.48037031e-07,1.83701562e-01
1.48077031e-07,1.83700000e-01
1.48117031e-07,1.83700000e-01
1.48157031e-07,1.83700000e-01
1.48197031e-07,1.83698438e-01
1.48237031e-07,1.83703125e-01
1.48277031e-07,1.83695313e-01
1.48317031e-07,1.83707813e-01
1.48357031e-07,1.83687500e-01
1.48397031e-07,1.83721875e-01
1.48437031e-07,1.83653125e-01
1.48477031e-07,1.83898438e-01
1.48517031e-07,1.84164063e-01
1.48557031e-07,1.84059375e-01
1.48597031e-07,1.84131250e-01
1.48637031e-07,1.84073437e-01
1.48677031e-07,1.84125000e-01
1.48717031e-07,1.84076563e-01
1.48757031e-07,1.84121875e-01
1.48797031e-07,1.84078125e-01
1.48837031e-07,1.84123438e-01
1.48877031e-07,1.84075000e-01
1.48917031e-07,1.84126563e-01
1.48957031e-07,1.84068750e-01
1.48997031e-07,1.84140625e-01
1.49037031e-07,1.84034375e-01
1.49077031e-07,1.84318750e-01
1.49117031e-07,1.84543750e-01
1.49157031e-07,1.84479688e-01
1.49197031e-07,1.84510937e-01
1.49237031e-07,1.84493750e-01
1.49277031e-07,1.84503125e-01
1.49317031e-07,1.84500000e-01
1.49357031e-07,1.84498438e-01
1.49397031e-07,1.84501562e-01
1.49437031e-07,1.84496875e-01
1.49477031e-07,1.84504688e-01
1.49517031e-07,1.84495313e-01
1.49557031e-07,1.84506250e-01
1.49597031e-07,1.84493750e-01
1.49637031e-07,1.84507813e-01
1.49677031e-07,1.84492188e-01
1.49717031e-07,1.84509375e-01
1.49757031e-07,1.84489062e-01
1.49797031e-07,1.84514063e-01
1.49837031e-07,1.84482813e-01
1.49877031e-07,1.84521875e-01
1.49917031e-07,1.84468750e-01
1.49957031e-07,1.84556250e-01
1.49997031e-07,1.84290625e-01
1.50037031e-07,1.84046875e-01
1.50077031e-07,1.84129687e-01
1.50117031e-07,1.84079688e-01
1.50157031e-07,1.84115625e-01
1.50197031e-07,1.84085938e-01
1.50237031e-07,1.84112500e-01
1.50277031e-07,1.84089063e-01
1.50317031e-07,1.84110938e-01
1.50357031e-07,1.84089063e-01
1.50397031e-07,1.84112500e-01
1.50437031e-07,1.84084375e-01
1.50477031e-07,1.84118750e-01
1.50517031e-07,1.84071875e-01
1.50557031e-07,1.84153125e-01
1.50597031e-07,1.83895313e-01
1.50637031e-07,1.83642187e-01
1.50677031e-07,1.83734375e-01
1.50717031e-07,1.83675000e-01
1.50757031e-07,1.83721875e-01
1.50797031e-07,1.83681250e-01
1.50837031e-07,1.83717188e-01
1.50877031e-07,1.83682813e-01
1.50917031e-07,1.83717188e-01
1.50957031e-07,1.83682813e-01
1.50997031e-07,1.83718750e-01
1.51037031e-07,1.83679687e-01
1.51077031e-07,1.83723438e-01
1.51117031e-07,1.83671875e-01
1.51157031e-07,1.83737500e-01
1.51197031e-07,1.83637500e-01
1.51237031e-07,1.83915625e-01
1.51277031e-07,1.84145313e-01
1.51317031e-07,1.84078125e-01
1.51357031e-07,1.84110938e-01
1.51397031e-07,1.84095312e-01
1.51437031e-07,1.84100000e-01
1.51477031e-07,1.84104688e-01
1.51517031e-07,1.84089063e-01
1.51557031e-07,1.84120312e-01
1.51597031e-07,1.84054688e-01
1.51637031e-07,1.84298437e-01
1.51677031e-07,1.84564063e-01
1.51717031e-07,1.84459375e-01
1.51757031e-07,1.84532813e-01
1.51797031e-07,1.84470313e-01
1.51837031e-07,1.84529688e-01
1.51877031e-07,1.84467188e-01
1.51917031e-07,1.84540625e-01
1.51957031e-07,1.84434375e-01
1.51997031e-07,1.84717188e-01
1.52037031e-07,1.84945313e-01
1.52077031e-07,1.84879688e-01
1.52117031e-07,1.84910938e-01
1.52157031e-07,1.84895313e-01
1.52197031e-07,1.84900000e-01
1.52237031e-07,1.84904687e-01
1.52277031e-07,1.84890625e-01
1.52317031e-07,1.84920313e-01
1.52357031e-07,1.84854688e-01
1.52397031e-07,1.85098438e-01
1.52437031e-07,1.85362500e-01
1.52477031e-07,1.85260938e-01
1.52517031e-07,1.85329688e-01
1.52557031e-07,1.85275000e-01
1.52597031e-07,1.85321875e-01
1.52637031e-07,1.85279688e-01
1.52677031e-07,1.85318750e-01
1.52717031e-07,1.85281250e-01
1.52757031e-07,1.85318750e-01
1.52797031e-07,1.85281250e-01
1.52837031e-07,1.85318750e-01
1.52877031e-07,1.85281250e-01
1.52917031e-07,1.85320313e-01
1.52957031e-07,1.85278125e-01
1.52997031e-07,1.85323438e-01
1.53037031e-07,1.85273437e-01
1.53077031e-07,1.85331250e-01
1.53117031e-07,1.85259375e-01
1.53157031e-07,1.85365625e-01
1.53197031e-07,1.85081250e-01
1.53237031e-07,1.84856250e-01
1.53277031e-07,1.84918750e-01
1.53317031e-07,1.84890625e-01
1.53357031e-07,1.84904687e-01
1.53397031e-07,1.84898438e-01
1.53437031e-07,1.84898438e-01
1.53477031e-07,1.84903125e-01
1.53517031e-07,1.84893750e-01
1.53557031e-07,1.84907813e-01
1.53597031e-07,1.84890625e-01
1.53637031e-07,1.84912500e-01
1.53677031e-07,1.84884375e-01
1.53717031e-07,1.84921875e-01
1.53757031e-07,1.84868750e-01
1.53797031e-07,1.84956250e-01
1.53837031e-07,1.84690625e-01
1.53877031e-07,1.84448438e-01
1.53917031e-07,1.84528125e-01
1.53957031e-07,1.84481250e-01
1.53997031e-07,1.84514063e-01
1.54037031e-07,1.84490625e-01
1.54077031e-07,1.84507813e-01
1.54117031e-07,1.84493750e-01
1.54157031e-07,1.84504688e-01
1.54197031e-07,1.84495313e-01
1.54237031e-07,1.84503125e-01
1.54277031e-07,1.84496875e-01
1.54317031e-07,1.84501562e-01
1.54357031e-07,1.84498438e-01
1.54397031e-07,1.84501562e-01
1.54437031e-07,1.84498438e-01
1.54477031e-07,1.84500000e-01
1.54517031e-07,1.84500000e-01
1.54557031e-07,1.84500000e-01
1.54597031e-07,1.84500000e-01
1.54637031e-07,1.84500000e-01
1.54677031e-07,1.84500000e-01
1.54717031e-07,1.84500000e-01
1.54757031e-07,1.84500000e-01
1.54797031e-07,1.84500000e-01
1.54837031e-07,1.84500000e-01
1.54877031e-07,1.84501562e-01
1.54917031e-07,1.84496875e-01
1.54957031e-07,1.84504688e-01
1.54997031e-07,1.84493750e-01
1.55037031e-07,1.84510937e-01
1.55077031e-07,1.84479688e-01
1.55117031e-07,1.84543750e-01
1.55157031e-07,1.84303125e-01
1.55197031e-07,1.84032813e-01
1.55237031e-07,1.84143750e-01
1.55277031e-07,1.84064063e-01
1.55317031e-07,1.84132813e-01
1.55357031e-07,1.84067188e-01
1.55397031e-07,1.84132813e-01
1.55437031e-07,1.84064063e-01
1.55477031e-07,1.84140625e-01
1.55517031e-07,1.84050000e-01
1.55557031e-07,1.84176563e-01
1.55597031e-07,1.83868750e-01
1.55637031e-07,1.83670313e-01
1.55677031e-07,1.83703125e-01
1.55717031e-07,1.83712500e-01
1.55757031e-07,1.83673438e-01
1.55797031e-07,1.83756250e-01
1.55837031e-07,1.83487500e-01
1.55877031e-07,1.83253125e-01
1.55917031e-07,1.83318750e-01
1.55957031e-07,1.83295313e-01
1.55997031e-07,1.83290625e-01
1.56037031e-07,1.83337500e-01
1.56077031e-07,1.83109375e-01
1.56117031e-07,1.82828125e-01
1.56157031e-07,1.82951562e-01
1.56197031e-07,1.82850000e-01
1.56237031e-07,1.82967188e-01
1.56277031e-07,1.82684375e-01
1.56317031e-07,1.82450000e-01
1.56357031e-07,1.82531250e-01
1.56397031e-07,1.82473438e-01
1.56437031e-07,1.82528125e-01
1.56477031e-07,1.82464062e-01
1.56517031e-07,1.82559375e-01
1.56557031e-07,1.82287500e-01
1.56597031e-07,1.82050000e-01
1.56637031e-07,1.82126563e-01
1.56677031e-07,1.82082812e-01
1.56717031e-07,1.82112500e-01
1.56757031e-07,1.82090625e-01
1.56797031e-07,1.82106250e-01
1.56837031e-07,1.82095312e-01
1.56877031e-07,1.82103125e-01
1.56917031e-07,1.82096875e-01
1.56957031e-07,1.82101563e-01
1.56997031e-07,1.82100000e-01
1.57037031e-07,1.82100000e-01
1.57077031e-07,1.82101563e-01
1.57117031e-07,1.82098438e-01
1.57157031e-07,1.82103125e-01
1.57197031e-07,1.82095312e-01
1.57237031e-07,1.82104688e-01
1.57277031e-07,1.82093750e-01
1.57317031e-07,1.82107812e-01
1.57357031e-07,1.82090625e-01
1.57397031e-07,1.82110938e-01
1.57437031e-07,1.82085938e-01
1.57477031e-07,1.82117187e-01
1.57517031e-07,1.82076563e-01
1.57557031e-07,1.82132813e-01
1.57597031e-07,1.82040625e-01
1.57637031e-07,1.82312500e-01
1.57677031e-07,1.82548437e-01
1.57717031e-07,1.82476562e-01
1.57757031e-07,1.82512500e-01
1.57797031e-07,1.82493750e-01
1.57837031e-07,1.82500000e-01
1.57877031e-07,1.82504688e-01
1.57917031e-07,1.82489063e-01
1.57957031e-07,1.82523437e-01
1.57997031e-07,1.82451562e-01
1.58037031e-07,1.82703125e-01
1.58077031e-07,1.82957813e-01
1.58117031e-07,1.82867188e-01
1.58157031e-07,1.82921875e-01
1.58197031e-07,1.82884375e-01
1.58237031e-07,1.82909375e-01
1.58277031e-07,1.82895313e-01
1.58317031e-07,1.82898438e-01
1.58357031e-07,1.82912500e-01
1.58397031e-07,1.82860938e-01
1.58437031e-07,1.83092188e-01
1.58477031e-07,1.83370313e-01
1.58517031e-07,1.83254688e-01
1.58557031e-07,1.83335938e-01
1.58597031e-07,1.83268750e-01
1.58637031e-07,1.83329688e-01
1.58677031e-07,1.83271875e-01
1.58717031e-07,1.83326563e-01
1.58757031e-07,1.83271875e-01
1.58797031e-07,1.83329688e-01
1.58837031e-07,1.83265625e-01
1.58877031e-07,1.83342188e-01
1.58917031e-07,1.83232813e-01
1.58957031e-07,1.83520313e-01
1.58997031e-07,1.83743750e-01
1.59037031e-07,1.83679687e-01
1.59077031e-07,1.83710938e-01
1.59117031e-07,1.83693750e-01
1.59157031e-07,1.83703125e-01
1.59197031e-07,1.83698438e-01
1.59237031e-07,1.83700000e-01
1.59277031e-07,1.83701562e-01
1.59317031e-07,1.83698438e-01
1.59357031e-07,1.83701562e-01
1.59397031e-07,1.83696875e-01
1.59437031e-07,1.83703125e-01
1.59477031e-07,1.83696875e-01
1.59517031e-07,1.83704688e-01
1.59557031e-07,1.83695313e-01
1.59597031e-07,1.83706250e-01
1.59637031e-07,1.83693750e-01
1.59677031e-07,1.83707813e-01
1.59717031e-07,1.83690625e-01
1.59757031e-07,1.83710938e-01
1.59797031e-07,1.83685938e-01
1.59837031e-07,1.83718750e-01
1.59877031e-07,1.83671875e-01
1.59917031e-07,1.83753125e-01
1.59957031e-07,1.83493750e-01
1.59997031e-07,1.83242188e-01
1.60037031e-07,1.83334375e-01
1.60077031e-07,1.83275000e-01
1.60117031e-07,1.83320312e-01
1.60157031e-07,1.83282813e-01
1.60197031e-07,1.83317188e-01
1.60237031e-07,1.83284375e-01
1.60277031e-07,1.83317188e-01
1.60317031e-07,1.83282813e-01
1.60357031e-07,1.83320312e-01
1.60397031e-07,1.83275000e-01
1.60437031e-07,1.83334375e-01
1.60477031e-07,1.83242188e-01
1.60517031e-07,1.83510937e-01
1.60557031e-07,1.83751563e-01
1.60597031e-07,1.83671875e-01
1.60637031e-07,1.83720313e-01
1.60677031e-07,1.83684375e-01
1.60717031e-07,1.83712500e-01
1.60757031e-07,1.83689062e-01
1.60797031e-07,1.83710938e-01
1.60837031e-07,1.83689062e-01
1.60877031e-07,1.83710938e-01
1.60917031e-07,1.83687500e-01
1.60957031e-07,1.83714062e-01
1.60997031e-07,1.83681250e-01
1.61037031e-07,1.83728125e-01
1.61077031e-07,1.83648438e-01
1.61117031e-07,1.83903125e-01
1.61157031e-07,1.84159375e-01
1.61197031e-07,1.84062500e-01
1.61237031e-07,1.84129687e-01
1.61277031e-07,1.84073437e-01
1.61317031e-07,1.84126563e-01
1.61357031e-07,1.84070312e-01
1.61397031e-07,1.84137500e-01
1.61437031e-07,1.84039063e-01
1.61477031e-07,1.84312500e-01
1.61517031e-07,1.84550000e-01
1.61557031e-07,1.84471875e-01
1.61597031e-07,1.84520313e-01
1.61637031e-07,1.84482813e-01
1.61677031e-07,1.84517188e-01
1.61717031e-07,1.84479688e-01
1.61757031e-07,1.84528125e-01
1.61797031e-07,1.84448438e-01
1.61837031e-07,1.84701562e-01
1.61877031e-07,1.84960938e-01
1.61917031e-07,1.84860938e-01
1.61957031e-07,1.84932813e-01
1.61997031e-07,1.84870312e-01
1.62037031e-07,1.84929687e-01
1.62077031e-07,1.84865625e-01
1.62117031e-07,1.84942188e-01
1.62157031e-07,1.84832812e-01
1.62197031e-07,1.85120312e-01
1.62237031e-07,1.85342188e-01
1.62277031e-07,1.85281250e-01
1.62317031e-07,1.85309375e-01
1.62357031e-07,1.85295313e-01
1.62397031e-07,1.85300000e-01
1.62437031e-07,1.85303125e-01
1.62477031e-07,1.85295313e-01
1.62517031e-07,1.85307813e-01
1.62557031e-07,1.85289063e-01
1.62597031e-07,1.85314063e-01
1.62637031e-07,1.85279688e-01
1.62677031e-07,1.85331250e-01
1.62717031e-07,1.85243750e-01
1.62757031e-07,1.85510938e-01
1.62797031e-07,1.85751562e-01
1.62837031e-07,1.85673438e-01
1.62877031e-07,1.85715625e-01
1.62917031e-07,1.85690625e-01
1.62957031e-07,1.85704688e-01
1.62997031e-07,1.85698438e-01
1.63037031e-07,1.85696875e-01
1.63077031e-07,1.85709375e-01
1.63117031e-07,1.85679687e-01
1.63157031e-07,1.85745313e-01
1.63197031e-07,1.85501562e-01
1.63237031e-07,1.85237500e-01
1.63277031e-07,1.85339063e-01
1.63317031e-07,1.85270313e-01
1.63357031e-07,1.85325000e-01
1.63397031e-07,1.85278125e-01
1.63437031e-07,1.85320313e-01
1.63477031e-07,1.85279688e-01
1.63517031e-07,1.85320313e-01
1.63557031e-07,1.85278125e-01
1.63597031e-07,1.85326563e-01
1.63637031e-07,1.85265625e-01
1.63677031e-07,1.85359375e-01
1.63717031e-07,1.85089063e-01
1.63757031e-07,1.84846875e-01
1.63797031e-07,1.84931250e-01
1.63837031e-07,1.84876563e-01
1.63877031e-07,1.84920313e-01
1.63917031e-07,1.84879688e-01
1.63957031e-07,1.84923438e-01
1.63997031e-07,1.84867188e-01
1.64037031e-07,1.84956250e-01
1.64077031e-07,1.84692187e-01
1.64117031e-07,1.84445313e-01
1.64157031e-07,1.84531250e-01
1.64197031e-07,1.84478125e-01
1.64237031e-07,1.84518750e-01
1.64277031e-07,1.84484375e-01
1.64317031e-07,1.84514063e-01
1.64357031e-07,1.84485938e-01
1.64397031e-07,1.84514063e-01
1.64437031e-07,1.84485938e-01
1.64477031e-07,1.84515625e-01
1.64517031e-07,1.84481250e-01
1.64557031e-07,1.84521875e-01
1.64597031e-07,1.84468750e-01
1.64637031e-07,1.84556250e-01
1.64677031e-07,1.84292188e-01
1.64717031e-07,1.84045313e-01
1.64757031e-07,1.84131250e-01
1.64797031e-07,1.84078125e-01
1.64837031e-07,1.84117188e-01
1.64877031e-07,1.84084375e-01
1.64917031e-07,1.84114063e-01
1.64957031e-07,1.84085938e-01
1.64997031e-07,1.84114063e-01
1.65037031e-07,1.84085938e-01
1.65077031e-07,1.84114063e-01
1.65117031e-07,1.84082812e-01
1.65157031e-07,1.84118750e-01
1.65197031e-07,1.84076563e-01
1.65237031e-07,1.84132813e-01
1.65277031e-07,1.84042188e-01
1.65317031e-07,1.84310937e-01
1.65357031e-07,1.84551563e-01
1.65397031e-07,1.84473438e-01
1.65437031e-07,1.84518750e-01
1.65477031e-07,1.84487500e-01
1.65517031e-07,1.84509375e-01
1.65557031e-07,1.84492188e-01
1.65597031e-07,1.84506250e-01
1.65637031e-07,1.84495313e-01
1.65677031e-07,1.84504688e-01
1.65717031e-07,1.84496875e-01
1.65757031e-07,1.84503125e-01
1.65797031e-07,1.84496875e-01
1.65837031e-07,1.84501562e-01
1.65877031e-07,1.84498438e-01
1.65917031e-07,1.84501562e-01
1.65957031e-07,1.84500000e-01
1.65997031e-07,1.84500000e-01
1.66037031e-07,1.84500000e-01
1.66077031e-07,1.84498438e-01
1.66117031e-07,1.84501562e-01
1.66157031e-07,1.84498438e-01
1.66197031e-07,1.84503125e-01
1.66237031e-07,1.84496875e-01
1.66277031e-07,1.84504688e-01
1.66317031e-07,1.84493750e-01
1.66357031e-07,1.84506250e-01
1.66397031e-07,1.84490625e-01
1.66437031e-07,1.84512500e-01
1.66477031e-07,1.84482813e-01
1.66517031e-07,1.84526563e-01
1.66557031e-07,1.84448438e-01
1.66597031e-07,1.84704688e-01
1.66637031e-07,1.84957813e-01
1.66677031e-07,1.84865625e-01
1.66717031e-07,1.84925000e-01
1.66757031e-07,1.84879688e-01
1.66797031e-07,1.84917187e-01
1.66837031e-07,1.84884375e-01
1.66877031e-07,1.84914063e-01
1.66917031e-07,1.84885938e-01
1.66957031e-07,1.84914063e-01
1.66997031e-07,1.84885938e-01
1.67037031e-07,1.84914063e-01
1.67077031e-07,1.84884375e-01
1.67117031e-07,1.84918750e-01
1.67157031e-07,1.84876563e-01
1.67197031e-07,1.84932813e-01
1.67237031e-07,1.84843750e-01
1.67277031e-07,1.85109375e-01
1.67317031e-07,1.85353125e-01
1.67357031e-07,1.85268750e-01
1.67397031e-07,1.85321875e-01
1.67437031e-07,1.85282813e-01
1.67477031e-07,1.85315625e-01
1.67517031e-07,1.85285937e-01
1.67557031e-07,1.85314063e-01
1.67597031e-07,1.85284375e-01
1.67637031e-07,1.85317188e-01
1.67677031e-07,1.85278125e-01
1.67717031e-07,1.85331250e-01
1.67757031e-07,1.85245313e-01
1.67797031e-07,1.85507813e-01
1.67837031e-07,1.85756250e-01
1.67877031e-07,1.85667187e-01
1.67917031e-07,1.85723438e-01
1.67957031e-07,1.85679687e-01
1.67997031e-07,1.85718750e-01
1.68037031e-07,1.85681250e-01
1.68077031e-07,1.85720313e-01
1.68117031e-07,1.85675000e-01
1.68157031e-07,1.85732813e-01
1.68197031e-07,1.85642187e-01
1.68237031e-07,1.85909375e-01
1.68277031e-07,1.86153125e-01
1.68317031e-07,1.86070313e-01
1.68357031e-07,1.86120312e-01
1.68397031e-07,1.86084375e-01
1.68437031e-07,1.86112500e-01
1.68477031e-07,1.86089063e-01
1.68517031e-07,1.86110938e-01
1.68557031e-07,1.86090625e-01
1.68597031e-07,1.86109375e-01
1.68637031e-07,1.86090625e-01
1.68677031e-07,1.86107812e-01
1.68717031e-07,1.86092188e-01
1.68757031e-07,1.86107812e-01
1.68797031e-07,1.86092188e-01
1.68837031e-07,1.86107812e-01
1.68877031e-07,1.86090625e-01
1.68917031e-07,1.86109375e-01
1.68957031e-07,1.86090625e-01
1.68997031e-07,1.86109375e-01
1.69037031e-07,1.86090625e-01
1.69077031e-07,1.86110938e-01
1.69117031e-07,1.86089063e-01
1.69157031e-07,1.86112500e-01
1.69197031e-07,1.86087500e-01
1.69237031e-07,1.86114063e-01
1.69277031e-07,1.86084375e-01
1.69317031e-07,1.86117188e-01
1.69357031e-07,1.86078125e-01
1.69397031e-07,1.86126563e-01
1.69437031e-07,1.86064063e-01
1.69477031e-07,1.86160938e-01
1.69517031e-07,1.85884375e-01
1.69557031e-07,1.85653125e-01
1.69597031e-07,1.85721875e-01
1.69637031e-07,1.85687500e-01
1.69677031e-07,1.85706250e-01
1.69717031e-07,1.85696875e-01
1.69757031e-07,1.85700000e-01
1.69797031e-07,1.85703125e-01
1.69837031e-07,1.85695313e-01
1.69877031e-07,1.85707813e-01
1.69917031e-07,1.85687500e-01
1.69957031e-07,1.85717188e-01
1.69997031e-07,1.85671875e-01
1.70037031e-07,1.85753125e-01
1.70077031e-07,1.85492188e-01
1.70117031e-07,1.85245313e-01
1.70157031e-07,1.85329688e-01
1.70197031e-07,1.85279688e-01
1.70237031e-07,1.85315625e-01
1.70277031e-07,1.85289063e-01
1.70317031e-07,1.85309375e-01
1.70357031e-07,1.85292188e-01
1.70397031e-07,1.85306250e-01
1.70437031e-07,1.85295313e-01
1.70477031e-07,1.85303125e-01
1.70517031e-07,1.85298437e-01
1.70557031e-07,1.85300000e-01
1.70597031e-07,1.85300000e-01
1.70637031e-07,1.85298437e-01
1.70677031e-07,1.85303125e-01
1.70717031e-07,1.85295313e-01
1.70757031e-07,1.85307813e-01
1.70797031e-07,1.85289063e-01
1.70837031e-07,1.85317188e-01
1.70877031e-07,1.85273437e-01
1.70917031e-07,1.85351563e-01
1.70957031e-07,1.85095312e-01
1.70997031e-07,1.84842188e-01
1.71037031e-07,1.84932813e-01
1.71077031e-07,1.84876563e-01
1.71117031e-07,1.84918750e-01
1.71157031e-07,1.84884375e-01
1.71197031e-07,1.84912500e-01
1.71237031e-07,1.84889063e-01
1.71277031e-07,1.84909375e-01
1.71317031e-07,1.84890625e-01
1.71357031e-07,1.84907813e-01
1.71397031e-07,1.84892187e-01
1.71437031e-07,1.84906250e-01
1.71477031e-07,1.84893750e-01
1.71517031e-07,1.84906250e-01
1.71557031e-07,1.84895313e-01
1.71597031e-07,1.84904687e-01
1.71637031e-07,1.84895313e-01
1.71677031e-07,1.84904687e-01
1.71717031e-07,1.84896875e-01
1.71757031e-07,1.84903125e-01
1.71797031e-07,1.84896875e-01
1.71837031e-07,1.84903125e-01
1.71877031e-07,1.84896875e-01
1.71917031e-07,1.84901563e-01
1.71957031e-07,1.84898438e-01
1.71997031e-07,1.84901563e-01
1.72037031e-07,1.84898438e-01
1.72077031e-07,1.84900000e-01
1.72117031e-07,1.84900000e-01
1.72157031e-07,1.84900000e-01
1.72197031e-07,1.84900000e-01
1.72237031e-07,1.84898438e-01
1.72277031e-07,1.84901563e-01
1.72317031e-07,1.84898438e-01
1.72357031e-07,1.84903125e-01
1.72397031e-07,1.84896875e-01
1.72437031e-07,1.84904687e-01
1.72477031e-07,1.84895313e-01
1.72517031e-07,1.84906250e-01
1.72557031e-07,1.84892187e-01
1.72597031e-07,1.84910938e-01
1.72637031e-07,1.84885938e-01
1.72677031e-07,1.84918750e-01
1.72717031e-07,1.84871875e-01
1.72757031e-07,1.84953125e-01
1.72797031e-07,1.84692187e-01
1.72837031e-07,1.84445313e-01
1.72877031e-07,1.84531250e-01
1.72917031e-07,1.84479688e-01
1.72957031e-07,1.84515625e-01
1.72997031e-07,1.84487500e-01
1.73037031e-07,1.84509375e-01
1.73077031e-07,1.84492188e-01
1.73117031e-07,1.84506250e-01
1.73157031e-07,1.84495313e-01
1.73197031e-07,1.84503125e-01
1.73237031e-07,1.84498438e-01
1.73277031e-07,1.84500000e-01
1.73317031e-07,1.84503125e-01
1.73357031e-07,1.84493750e-01
1.73397031e-07,1.84512500e-01
1.73437031e-07,1.84478125e-01
1.73477031e-07,1.84546875e-01
1.73517031e-07,1.84300000e-01
1.73557031e-07,1.84037500e-01
1.73597031e-07,1.84137500e-01
1.73637031e-07,1.84071875e-01
1.73677031e-07,1.84123438e-01
1.73717031e-07,1.84079688e-01
1.73757031e-07,1.84118750e-01
1.73797031e-07,1.84082812e-01
1.73837031e-07,1.84115625e-01
1.73877031e-07,1.84085938e-01
1.73917031e-07,1.84114063e-01
1.73957031e-07,1.84085938e-01
1.73997031e-07,1.84112500e-01
1.74037031e-07,1.84087500e-01
1.74077031e-07,1.84112500e-01
1.74117031e-07,1.84087500e-01
1.74157031e-07,1.84112500e-01
1.74197031e-07,1.84087500e-01
1.74237031e-07,1.84112500e-01
1.74277031e-07,1.84087500e-01
1.74317031e-07,1.84112500e-01
1.74357031e-07,1.84087500e-01
1.74397031e-07,1.84112500e-01
1.74437031e-07,1.84085938e-01
1.74477031e-07,1.84114063e-01
1.74517031e-07,1.84084375e-01
1.74557031e-07,1.84115625e-01
1.74597031e-07,1.84081250e-01
1.74637031e-07,1.84121875e-01
1.74677031e-07,1.84073437e-01
1.74717031e-07,1.84135938e-01
1.74757031e-07,1.84039063e-01
1.74797031e-07,1.84314063e-01
1.74837031e-07,1.84548437e-01
1.74877031e-07,1.84475000e-01
1.74917031e-07,1.84515625e-01
1.74957031e-07,1.84489062e-01
1.74997031e-07,1.84507813e-01
1.75037031e-07,1.84493750e-01
1.75077031e-07,1.84504688e-01
1.75117031e-07,1.84496875e-01
1.75157031e-07,1.84503125e-01
1.75197031e-07,1.84498438e-01
1.75237031e-07,1.84501562e-01
1.75277031e-07,1.84498438e-01
1.75317031e-07,1.84501562e-01
1.75357031e-07,1.84500000e-01
1.75397031e-07,1.84500000e-01
1.75437031e-07,1.84500000e-01
1.75477031e-07,1.84500000e-01
1.75517031e-07,1.84500000e-01
1.75557031e-07,1.84500000e-01
1.75597031e-07,1.84500000e-01
1.75637031e-07,1.84500000e-01
1.75677031e-07,1.84500000e-01
1.75717031e-07,1.84500000e-01
1.75757031e-07,1.84500000e-01
1.75797031e-07,1.84500000e-01
1.75837031e-07,1.84500000e-01
1.75877031e-07,1.84500000e-01
1.75917031e-07,1.84500000e-01
1.75957031e-07,1.84500000e-01
1.75997031e-07,1.84500000e-01
1.76037031e-07,1.84500000e-01
1.76077031e-07,1.84501562e-01
1.76117031e-07,1.84500000e-01
1.76157031e-07,1.84500000e-01
1.76197031e-07,1.84498438e-01
1.76237031e-07,1.84500000e-01
1.76277031e-07,1.84500000e-01
1.76317031e-07,1.84500000e-01
1.76357031e-07,1.84500000e-01
1.76397031e-07,1.84500000e-01
1.76437031e-07,1.84498438e-01
1.76477031e-07,1.84500000e-01
1.76517031e-07,1.84500000e-01
1.76557031e-07,1.84501562e-01
1.76597031e-07,1.84500000e-01
1.76637031e-07,1.84500000e-01
1.76677031e-07,1.84500000e-01
1.76717031e-07,1.84500000e-01
1.76757031e-07,1.84500000e-01
1.76797031e-07,1.84500000e-01
1.76837031e-07,1.84500000e-01
1.76877031e-07,1.84500000e-01
1.76917031e-07,1.84500000e-01
1.76957031e-07,1.84500000e-01
1.76997031e-07,1.84500000e-01
1.77037031e-07,1.84500000e-01
1.77077031e-07,1.84500000e-01
1.77117031e-07,1.84500000e-01
1.77157031e-07,1.84500000e-01
1.77197031e-07,1.84500000e-01
1.77237031e-07,1.84500000e-01
1.77277031e-07,1.84500000e-01
1.77317031e-07,1.84500000e-01
1.77357031e-07,1.84500000e-01
1.77397031e-07,1.84500000e-01
1.77437031e-07,1.84500000e-01
1.77477031e-07,1.84500000e-01
1.77517031e-07,1.84500000e-01
1.77557031e-07,1.84500000e-01
1.77597031e-07,1.84500000e-01
1.77637031e-07,1.84500000e-01
1.77677031e-07,1.84500000e-01
1.77717031e-07,1.84500000e-01
1.77757031e-07,1.84500000e-01
1.77797031e-07,1.84500000e-01
1.77837031e-07,1.84500000e-01
1.77877031e-07,1.84500000e-01
1.77917031e-07,1.84500000e-01
1.77957031e-07,1.84500000e-01
1.77997031e-07,1.84498438e-01
1.78037031e-07,1.84501562e-01
1.78077031e-07,1.84498438e-01
1.78117031e-07,1.84501562e-01
1.78157031e-07,1.84498438e-01
1.78197031e-07,1.84501562e-01
1.78237031e-07,1.84498438e-01
1.78277031e-07,1.84501562e-01
1.78317031e-07,1.84498438e-01
1.78357031e-07,1.84501562e-01
1.78397031e-07,1.84498438e-01
1.78437031e-07,1.84503125e-01
1.78477031e-07,1.84496875e-01
1.78517031e-07,1.84503125e-01
1.78557031e-07,1.84496875e-01
1.78597031e-07,1.84503125e-01
1.78637031e-07,1.84495313e-01
1.78677031e-07,1.84504688e-01
1.78717031e-07,1.84495313e-01
1.78757031e-07,1.84506250e-01
1.78797031e-07,1.84493750e-01
1.78837031e-07,1.84507813e-01
1.78877031e-07,1.84490625e-01
1.78917031e-07,1.84510937e-01
1.78957031e-07,1.84487500e-01
1.78997031e-07,1.84515625e-01
1.79037031e-07,1.84478125e-01
1.79077031e-07,1.84531250e-01
1.79117031e-07,1.84443750e-01
1.79157031e-07,1.84709375e-01
1.79197031e-07,1.84951562e-01
1.79237031e-07,1.84871875e-01
1.79277031e-07,1.84917187e-01
1.79317031e-07,1.84887500e-01
1.79357031e-07,1.84907813e-01
1.79397031e-07,1.84895313e-01
1.79437031e-07,1.84901563e-01
1.79477031e-07,1.84903125e-01
1.79517031e-07,1.84892187e-01
1.79557031e-07,1.84918750e-01
1.79597031e-07,1.84856250e-01
1.79637031e-07,1.85096875e-01
1.79677031e-07,1.85365625e-01
1.79717031e-07,1.85259375e-01
1.79757031e-07,1.85331250e-01
1.79797031e-07,1.85273437e-01
1.79837031e-07,1.85325000e-01
1.79877031e-07,1.85276563e-01
1.79917031e-07,1.85321875e-01
1.79957031e-07,1.85278125e-01
1.79997031e-07,1.85321875e-01
1.80037031e-07,1.85278125e-01
1.80077031e-07,1.85323438e-01
1.80117031e-07,1.85275000e-01
1.80157031e-07,1.85326563e-01
1.80197031e-07,1.85267188e-01
1.80237031e-07,1.85342188e-01
1.80277031e-07,1.85232813e-01
1.80317031e-07,1.85520313e-01
1.80357031e-07,1.85740625e-01
1.80397031e-07,1.85682813e-01
1.80437031e-07,1.85706250e-01
1.80477031e-07,1.85700000e-01
1.80517031e-07,1.85693750e-01
1.80557031e-07,1.85714062e-01
1.80597031e-07,1.85675000e-01
1.80637031e-07,1.85750000e-01
1.80677031e-07,1.85496875e-01
1.80717031e-07,1.85242188e-01
1.80757031e-07,1.85334375e-01
1.80797031e-07,1.85275000e-01
1.80837031e-07,1.85318750e-01
1.80877031e-07,1.85284375e-01
1.80917031e-07,1.85314063e-01
1.80957031e-07,1.85287500e-01
1.80997031e-07,1.85312500e-01
1.81037031e-07,1.85289063e-01
1.81077031e-07,1.85310937e-01
1.81117031e-07,1.85289063e-01
1.81157031e-07,1.85310937e-01
1.81197031e-07,1.85289063e-01
1.81237031e-07,1.85310937e-01
1.81277031e-07,1.85289063e-01
1.81317031e-07,1.85312500e-01
1.81357031e-07,1.85285937e-01
1.81397031e-07,1.85315625e-01
1.81437031e-07,1.85281250e-01
1.81477031e-07,1.85323438e-01
1.81517031e-07,1.85267188e-01
1.81557031e-07,1.85357812e-01
1.81597031e-07,1.85089063e-01
1.81637031e-07,1.84848438e-01
1.81677031e-07,1.84928125e-01
1.81717031e-07,1.84881250e-01
1.81757031e-07,1.84914063e-01
1.81797031e-07,1.84889063e-01
1.81837031e-07,1.84909375e-01
1.81877031e-07,1.84892187e-01
1.81917031e-07,1.84906250e-01
1.81957031e-07,1.84893750e-01
1.81997031e-07,1.84904687e-01
1.82037031e-07,1.84895313e-01
1.82077031e-07,1.84904687e-01
1.82117031e-07,1.84896875e-01
1.82157031e-07,1.84903125e-01
1.82197031e-07,1.84896875e-01
1.82237031e-07,1.84903125e-01
1.82277031e-07,1.84896875e-01
1.82317031e-07,1.84903125e-01
1.82357031e-07,1.84898438e-01
1.82397031e-07,1.84901563e-01
1.82437031e-07,1.84898438e-01
1.82477031e-07,1.84901563e-01
1.82517031e-07,1.84898438e-01
1.82557031e-07,1.84901563e-01
1.82597031e-07,1.84898438e-01
1.82637031e-07,1.84901563e-01
1.82677031e-07,1.84898438e-01
1.82717031e-07,1.84900000e-01
1.82757031e-07,1.84900000e-01
1.82797031e-07,1.84900000e-01
1.82837031e-07,1.84900000e-01
1.82877031e-07,1.84900000e-01
1.82917031e-07,1.84900000e-01
1.82957031e-07,1.84900000e-01
1.82997031e-07,1.84900000e-01
1.83037031e-07,1.84900000e-01
1.83077031e-07,1.84900000e-01
1.83117031e-07,1.84898438e-01
1.83157031e-07,1.84901563e-01
1.83197031e-07,1.84898438e-01
1.83237031e-07,1.84901563e-01
1.83277031e-07,1.84898438e-01
1.83317031e-07,1.84901563e-01
1.83357031e-07,1.84898438e-01
1.83397031e-07,1.84903125e-01
1.83437031e-07,1.84896875e-01
1.83477031e-07,1.84903125e-01
1.83517031e-07,1.84896875e-01
1.83557031e-07,1.84904687e-01
1.83597031e-07,1.84895313e-01
1.83637031e-07,1.84904687e-01
1.83677031e-07,1.84893750e-01
1.83717031e-07,1.84906250e-01
1.83757031e-07,1.84892187e-01
1.83797031e-07,1.84907813e-01
1.83837031e-07,1.84890625e-01
1.83877031e-07,1.84910938e-01
1.83917031e-07,1.84885938e-01
1.83957031e-07,1.84915625e-01
1.83997031e-07,1.84879688e-01
1.84037031e-07,1.84925000e-01
1.84077031e-07,1.84867188e-01
1.84117031e-07,1.84946875e-01
1.84157031e-07,1.84817188e-01
1.84197031e-07,1.85160938e-01
1.84237031e-07,1.85148438e-01
1.84277031e-07,1.84812500e-01
1.84317031e-07,1.84954687e-01
1.84357031e-07,1.84860938e-01
1.84397031e-07,1.84931250e-01
1.84437031e-07,1.84873438e-01
1.84477031e-07,1.84923438e-01
1.84517031e-07,1.84879688e-01
1.84557031e-07,1.84918750e-01
1.84597031e-07,1.84882812e-01
1.84637031e-07,1.84915625e-01
1.84677031e-07,1.84885938e-01
1.84717031e-07,1.84914063e-01
1.84757031e-07,1.84887500e-01
1.84797031e-07,1.84912500e-01
1.84837031e-07,1.84889063e-01
1.84877031e-07,1.84910938e-01
1.84917031e-07,1.84889063e-01
1.84957031e-07,1.84909375e-01
1.84997031e-07,1.84890625e-01
1.85037031e-07,1.84909375e-01
1.85077031e-07,1.84892187e-01
1.85117031e-07,1.84907813e-01
1.85157031e-07,1.84892187e-01
1.85197031e-07,1.84907813e-01
1.85237031e-07,1.84893750e-01
1.85277031e-07,1.84906250e-01
1.85317031e-07,1.84893750e-01
1.85357031e-07,1.84904687e-01
1.85397031e-07,1.84895313e-01
1.85437031e-07,1.84903125e-01
1.85477031e-07,1.84898438e-01
1.85517031e-07,1.84900000e-01
1.85557031e-07,1.84903125e-01
1.85597031e-07,1.84892187e-01
1.85637031e-07,1.84918750e-01
1.85677031e-07,1.84857812e-01
1.85717031e-07,1.85095312e-01
1.85757031e-07,1.85367188e-01
1.85797031e-07,1.85256250e-01
1.85837031e-07,1.85334375e-01
1.85877031e-07,1.85270313e-01
1.85917031e-07,1.85326563e-01
1.85957031e-07,1.85275000e-01
1.85997031e-07,1.85325000e-01
1.86037031e-07,1.85275000e-01
1.86077031e-07,1.85325000e-01
1.86117031e-07,1.85273437e-01
1.86157031e-07,1.85328125e-01
1.86197031e-07,1.85270313e-01
1.86237031e-07,1.85334375e-01
1.86277031e-07,1.85256250e-01
1.86317031e-07,1.85368750e-01
1.86357031e-07,1.85078125e-01
1.86397031e-07,1.84859375e-01
1.86437031e-07,1.84915625e-01
1.86477031e-07,1.84893750e-01
1.86517031e-07,1.84901563e-01
1.86557031e-07,1.84901563e-01
1.86597031e-07,1.84896875e-01
1.86637031e-07,1.84904687e-01
1.86677031e-07,1.84893750e-01
1.86717031e-07,1.84907813e-01
1.86757031e-07,1.84890625e-01
1.86797031e-07,1.84910938e-01
1.86837031e-07,1.84889063e-01
1.86877031e-07,1.84912500e-01
1.86917031e-07,1.84884375e-01
1.86957031e-07,1.84917187e-01
1.86997031e-07,1.84879688e-01
1.87037031e-07,1.84925000e-01
1.87077031e-07,1.84864063e-01
1.87117031e-07,1.84960938e-01
1.87157031e-07,1.84685938e-01
1.87197031e-07,1.84451562e-01
1.87237031e-07,1.84523437e-01
1.87277031e-07,1.84485938e-01
1.87317031e-07,1.84509375e-01
1.87357031e-07,1.84493750e-01
1.87397031e-07,1.84504688e-01
1.87437031e-07,1.84498438e-01
1.87477031e-07,1.84501562e-01
1.87517031e-07,1.84500000e-01
1.87557031e-07,1.84498438e-01
1.87597031e-07,1.84501562e-01
1.87637031e-07,1.84498438e-01
1.87677031e-07,1.84503125e-01
1.87717031e-07,1.84496875e-01
1.87757031e-07,1.84504688e-01
1.87797031e-07,1.84495313e-01
1.87837031e-07,1.84504688e-01
1.87877031e-07,1.84493750e-01
1.87917031e-07,1.84506250e-01
1.87957031e-07,1.84493750e-01
1.87997031e-07,1.84507813e-01
1.88037031e-07,1.84492188e-01
1.88077031e-07,1.84509375e-01
1.88117031e-07,1.84489062e-01
1.88157031e-07,1.84512500e-01
1.88197031e-07,1.84485938e-01
1.88237031e-07,1.84517188e-01
1.88277031e-07,1.84478125e-01
1.88317031e-07,1.84531250e-01
1.88357031e-07,1.84443750e-01
1.88397031e-07,1.84709375e-01
1.88437031e-07,1.84953125e-01
1.88477031e-07,1.84868750e-01
1.88517031e-07,1.84921875e-01
1.88557031e-07,1.84881250e-01
1.88597031e-07,1.84918750e-01
1.88637031e-07,1.84878125e-01
1.88677031e-07,1.84928125e-01
1.88717031e-07,1.84848438e-01
1.88757031e-07,1.85103125e-01
1.88797031e-07,1.85360938e-01
1.88837031e-07,1.85262500e-01
1.88877031e-07,1.85331250e-01
1.88917031e-07,1.85271875e-01
1.88957031e-07,1.85326563e-01
1.88997031e-07,1.85271875e-01
1.89037031e-07,1.85329688e-01
1.89077031e-07,1.85265625e-01
1.89117031e-07,1.85343750e-01
1.89157031e-07,1.85231250e-01
1.89197031e-07,1.85521875e-01
1.89237031e-07,1.85739062e-01
1.89277031e-07,1.85684375e-01
1.89317031e-07,1.85704688e-01
1.89357031e-07,1.85701563e-01
1.89397031e-07,1.85693750e-01
1.89437031e-07,1.85710938e-01
1.89477031e-07,1.85684375e-01
1.89517031e-07,1.85721875e-01
1.89557031e-07,1.85667187e-01
1.89597031e-07,1.85759375e-01
1.89637031e-07,1.85485938e-01
1.89677031e-07,1.85253125e-01
1.89717031e-07,1.85321875e-01
1.89757031e-07,1.85290625e-01
1.89797031e-07,1.85303125e-01
1.89837031e-07,1.85303125e-01
1.89877031e-07,1.85290625e-01
1.89917031e-07,1.85317188e-01
1.89957031e-07,1.85271875e-01
1.89997031e-07,1.85354688e-01
1.90037031e-07,1.85089063e-01
1.90077031e-07,1.84851563e-01
1.90117031e-07,1.84920313e-01
1.90157031e-07,1.84895313e-01
1.90197031e-07,1.84889063e-01
1.90237031e-07,1.84939063e-01
1.90277031e-07,1.84704688e-01
1.90317031e-07,1.84437500e-01
1.90357031e-07,1.84535937e-01
1.90397031e-07,1.84479688e-01
1.90437031e-07,1.84506250e-01
1.90477031e-07,1.84521875e-01
1.90517031e-07,1.84323438e-01
1.90557031e-07,1.84014063e-01
1.90597031e-07,1.84162500e-01
1.90637031e-07,1.84043750e-01
1.90677031e-07,1.84154687e-01
1.90717031e-07,1.84039063e-01
1.90757031e-07,1.84184375e-01
1.90797031e-07,1.83864063e-01
1.90837031e-07,1.83673438e-01
1.90877031e-07,1.83703125e-01
1.90917031e-07,1.83707813e-01
1.90957031e-07,1.83685938e-01
1.90997031e-07,1.83721875e-01
1.91037031e-07,1.83667187e-01
1.91077031e-07,1.83757813e-01
1.91117031e-07,1.83487500e-01
1.91157031e-07,1.83250000e-01
1.91197031e-07,1.83326563e-01
1.91237031e-07,1.83284375e-01
1.91277031e-07,1.83310937e-01
1.91317031e-07,1.83292188e-01
1.91357031e-07,1.83306250e-01
1.91397031e-07,1.83295313e-01
1.91437031e-07,1.83303125e-01
1.91477031e-07,1.83296875e-01
1.91517031e-07,1.83301563e-01
1.91557031e-07,1.83298437e-01
1.91597031e-07,1.83300000e-01
1.91637031e-07,1.83300000e-01
1.91677031e-07,1.83300000e-01
1.91717031e-07,1.83301563e-01
1.91757031e-07,1.83298437e-01
1.91797031e-07,1.83301563e-01
1.91837031e-07,1.83296875e-01
1.91877031e-07,1.83303125e-01
1.91917031e-07,1.83296875e-01
1.91957031e-07,1.83304688e-01
1.91997031e-07,1.83293750e-01
1.92037031e-07,1.83306250e-01
1.92077031e-07,1.83290625e-01
1.92117031e-07,1.83312500e-01
1.92157031e-07,1.83282813e-01
1.92197031e-07,1.83326563e-01
1.92237031e-07,1.83248437e-01
1.92277031e-07,1.83504688e-01
1.92317031e-07,1.83757813e-01
1.92357031e-07,1.83665625e-01
1.92397031e-07,1.83725000e-01
1.92437031e-07,1.83679687e-01
1.92477031e-07,1.83718750e-01
1.92517031e-07,1.83682813e-01
1.92557031e-07,1.83715625e-01
1.92597031e-07,1.83684375e-01
1.92637031e-07,1.83715625e-01
1.92677031e-07,1.83684375e-01
1.92717031e-07,1.83717188e-01
1.92757031e-07,1.83681250e-01
1.92797031e-07,1.83721875e-01
1.92837031e-07,1.83673438e-01
1.92877031e-07,1.83735938e-01
1.92917031e-07,1.83640625e-01
1.92957031e-07,1.83912500e-01
1.92997031e-07,1.84150000e-01
1.93037031e-07,1.84073437e-01
1.93077031e-07,1.84117188e-01
1.93117031e-07,1.84087500e-01
1.93157031e-07,1.84109375e-01
1.93197031e-07,1.84093750e-01
1.93237031e-07,1.84106250e-01
1.93277031e-07,1.84095312e-01
1.93317031e-07,1.84103125e-01
1.93357031e-07,1.84096875e-01
1.93397031e-07,1.84103125e-01
1.93437031e-07,1.84096875e-01
1.93477031e-07,1.84101563e-01
1.93517031e-07,1.84098438e-01
1.93557031e-07,1.84101563e-01
1.93597031e-07,1.84098438e-01
1.93637031e-07,1.84101563e-01
1.93677031e-07,1.84098438e-01
1.93717031e-07,1.84101563e-01
1.93757031e-07,1.84098438e-01
1.93797031e-07,1.84101563e-01
1.93837031e-07,1.84098438e-01
1.93877031e-07,1.84100000e-01
1.93917031e-07,1.84098438e-01
1.93957031e-07,1.84101563e-01
1.93997031e-07,1.84098438e-01
1.94037031e-07,1.84101563e-01
1.94077031e-07,1.84098438e-01
1.94117031e-07,1.84101563e-01
1.94157031e-07,1.84098438e-01
1.94197031e-07,1.84101563e-01
1.94237031e-07,1.84098438e-01
1.94277031e-07,1.84101563e-01
1.94317031e-07,1.84096875e-01
1.94357031e-07,1.84103125e-01
1.94397031e-07,1.84096875e-01
1.94437031e-07,1.84104688e-01
1.94477031e-07,1.84095312e-01
1.94517031e-07,1.84106250e-01
1.94557031e-07,1.84090625e-01
1.94597031e-07,1.84110938e-01
1.94637031e-07,1.84082812e-01
1.94677031e-07,1.84126563e-01
1.94717031e-07,1.84048437e-01
1.94757031e-07,1.84303125e-01
1.94797031e-07,1.84557813e-01
1.94837031e-07,1.84465625e-01
1.94877031e-07,1.84525000e-01
1.94917031e-07,1.84479688e-01
1.94957031e-07,1.84517188e-01
1.94997031e-07,1.84484375e-01
1.95037031e-07,1.84514063e-01
1.95077031e-07,1.84485938e-01
1.95117031e-07,1.84512500e-01
1.95157031e-07,1.84487500e-01
1.95197031e-07,1.84512500e-01
1.95237031e-07,1.84489062e-01
1.95277031e-07,1.84510937e-01
1.95317031e-07,1.84489062e-01
1.95357031e-07,1.84510937e-01
1.95397031e-07,1.84489062e-01
1.95437031e-07,1.84510937e-01
1.95477031e-07,1.84489062e-01
1.95517031e-07,1.84510937e-01
1.95557031e-07,1.84489062e-01
1.95597031e-07,1.84510937e-01
1.95637031e-07,1.84489062e-01
1.95677031e-07,1.84510937e-01
1.95717031e-07,1.84489062e-01
1.95757031e-07,1.84510937e-01
1.95797031e-07,1.84487500e-01
1.95837031e-07,1.84512500e-01
1.95877031e-07,1.84487500e-01
1.95917031e-07,1.84512500e-01
1.95957031e-07,1.84487500e-01
1.95997031e-07,1.84514063e-01
1.96037031e-07,1.84485938e-01
1.96077031e-07,1.84514063e-01
1.96117031e-07,1.84484375e-01
1.96157031e-07,1.84515625e-01
1.96197031e-07,1.84484375e-01
1.96237031e-07,1.84517188e-01
1.96277031e-07,1.84481250e-01
1.96317031e-07,1.84518750e-01
1.96357031e-07,1.84479688e-01
1.96397031e-07,1.84521875e-01
1.96437031e-07,1.84475000e-01
1.96477031e-07,1.84528125e-01
1.96517031e-07,1.84465625e-01
1.96557031e-07,1.84545313e-01
1.96597031e-07,1.84429687e-01
1.96637031e-07,1.84725000e-01
1.96677031e-07,1.84937500e-01
1.96717031e-07,1.84889063e-01
1.96757031e-07,1.84900000e-01
1.96797031e-07,1.84906250e-01
1.96837031e-07,1.84887500e-01
1.96877031e-07,1.84917187e-01
1.96917031e-07,1.84875000e-01
1.96957031e-07,1.84935938e-01
1.96997031e-07,1.84837500e-01
1.97037031e-07,1.85118750e-01
1.97077031e-07,1.85342188e-01
1.97117031e-07,1.85284375e-01
1.97157031e-07,1.85303125e-01
1.97197031e-07,1.85304688e-01
1.97237031e-07,1.85285937e-01
1.97277031e-07,1.85326563e-01
1.97317031e-07,1.85246875e-01
1.97357031e-07,1.85507813e-01
1.97397031e-07,1.85751562e-01
1.97437031e-07,1.85673438e-01
1.97477031e-07,1.85714062e-01
1.97517031e-07,1.85692187e-01
1.97557031e-07,1.85701563e-01
1.97597031e-07,1.85704688e-01
1.97637031e-07,1.85689063e-01
1.97677031e-07,1.85723438e-01
1.97717031e-07,1.85651563e-01
1.97757031e-07,1.85903125e-01
1.97797031e-07,1.86157813e-01
1.97837031e-07,1.86067188e-01
1.97877031e-07,1.86121875e-01
1.97917031e-07,1.86084375e-01
1.97957031e-07,1.86112500e-01
1.97997031e-07,1.86090625e-01
1.98037031e-07,1.86106250e-01
1.98077031e-07,1.86096875e-01
1.98117031e-07,1.86101563e-01
1.98157031e-07,1.86101563e-01
1.98197031e-07,1.86095312e-01
1.98237031e-07,1.86107812e-01
1.98277031e-07,1.86085938e-01
1.98317031e-07,1.86125000e-01
1.98357031e-07,1.86050000e-01
1.98397031e-07,1.86303125e-01
1.98437031e-07,1.86557813e-01
1.98477031e-07,1.86465625e-01
1.98517031e-07,1.86523438e-01
1.98557031e-07,1.86481250e-01
1.98597031e-07,1.86514062e-01
1.98637031e-07,1.86487500e-01
1.98677031e-07,1.86510938e-01
1.98717031e-07,1.86492188e-01
1.98757031e-07,1.86507813e-01
1.98797031e-07,1.86493750e-01
1.98837031e-07,1.86504688e-01
1.98877031e-07,1.86496875e-01
1.98917031e-07,1.86503125e-01
1.98957031e-07,1.86498438e-01
1.98997031e-07,1.86501562e-01
1.99037031e-07,1.86500000e-01
1.99077031e-07,1.86498438e-01
1.99117031e-07,1.86501562e-01
1.99157031e-07,1.86496875e-01
1.99197031e-07,1.86504688e-01
1.99237031e-07,1.86493750e-01
1.99277031e-07,1.86507813e-01
1.99317031e-07,1.86489062e-01
1.99357031e-07,1.86512500e-01
1.99397031e-07,1.86482813e-01
1.99437031e-07,1.86523438e-01
1.99477031e-07,1.86465625e-01
1.99517031e-07,1.86559375e-01
1.99557031e-07,1.86285937e-01
1.99597031e-07,1.86053125e-01
1.99637031e-07,1.86120312e-01
1.99677031e-07,1.86092188e-01
1.99717031e-07,1.86098438e-01
1.99757031e-07,1.86109375e-01
1.99797031e-07,1.86076563e-01
1.99837031e-07,1.86150000e-01
1.99877031e-07,1.85893750e-01
1.99917031e-07,1.85648438e-01
1.99957031e-07,1.85723438e-01
1.99997031e-07,1.85690625e-01
2.00037031e-07,1.85692187e-01
2.00077031e-07,1.85735938e-01
2.00117031e-07,1.85506250e-01
2.00157031e-07,1.85234375e-01
2.00197031e-07,1.85337500e-01
2.00237031e-07,1.85276563e-01
2.00277031e-07,1.85307813e-01
2.00317031e-07,1.85318750e-01
2.00357031e-07,1.85126563e-01
2.00397031e-07,1.84810937e-01
2.00437031e-07,1.84968750e-01
2.00477031e-07,1.84834375e-01
2.00517031e-07,1.84984375e-01
2.00557031e-07,1.84668750e-01
2.00597031e-07,1.84464062e-01
2.00637031e-07,1.84518750e-01
2.00677031e-07,1.84479688e-01
2.00717031e-07,1.84540625e-01
2.00757031e-07,1.84309375e-01
2.00797031e-07,1.84026563e-01
2.00837031e-07,1.84153125e-01
2.00877031e-07,1.84053125e-01
2.00917031e-07,1.84146875e-01
2.00957031e-07,1.84046875e-01
2.00997031e-07,1.84176563e-01
2.01037031e-07,1.83871875e-01
2.01077031e-07,1.83665625e-01
2.01117031e-07,1.83712500e-01
2.01157031e-07,1.83696875e-01
2.01197031e-07,1.83698438e-01
2.01237031e-07,1.83703125e-01
2.01277031e-07,1.83695313e-01
2.01317031e-07,1.83706250e-01
2.01357031e-07,1.83693750e-01
2.01397031e-07,1.83707813e-01
2.01437031e-07,1.83692187e-01
2.01477031e-07,1.83707813e-01
2.01517031e-07,1.83690625e-01
2.01557031e-07,1.83709375e-01
2.01597031e-07,1.83690625e-01
2.01637031e-07,1.83709375e-01
2.01677031e-07,1.83689062e-01
2.01717031e-07,1.83710938e-01
2.01757031e-07,1.83689062e-01
2.01797031e-07,1.83712500e-01
2.01837031e-07,1.83687500e-01
2.01877031e-07,1.83714062e-01
2.01917031e-07,1.83684375e-01
2.01957031e-07,1.83718750e-01
2.01997031e-07,1.83676563e-01
2.02037031e-07,1.83732813e-01
2.02077031e-07,1.83643750e-01
2.02117031e-07,1.83909375e-01
2.02157031e-07,1.84154687e-01
2.02197031e-07,1.84067188e-01
2.02237031e-07,1.84125000e-01
2.02277031e-07,1.84075000e-01
2.02317031e-07,1.84131250e-01
2.02357031e-07,1.84046875e-01
2.02397031e-07,1.84303125e-01
2.02437031e-07,1.84562500e-01
2.02477031e-07,1.84456250e-01
2.02517031e-07,1.84543750e-01
2.02557031e-07,1.84435938e-01
2.02597031e-07,1.84712500e-01
2.02637031e-07,1.84954687e-01
2.02677031e-07,1.84864063e-01
2.02717031e-07,1.84935938e-01
2.02757031e-07,1.84843750e-01
2.02797031e-07,1.85104688e-01
2.02837031e-07,1.85360938e-01
2.02877031e-07,1.85257813e-01
2.02917031e-07,1.85342188e-01
2.02957031e-07,1.85239062e-01
2.02997031e-07,1.85509375e-01
2.03037031e-07,1.85757813e-01
2.03077031e-07,1.85659375e-01
2.03117031e-07,1.85742188e-01
2.03157031e-07,1.85635938e-01
2.03197031e-07,1.85915625e-01
2.03237031e-07,1.86146875e-01
2.03277031e-07,1.86078125e-01
2.03317031e-07,1.86109375e-01
2.03357031e-07,1.86103125e-01
2.03397031e-07,1.86070313e-01
2.03437031e-07,1.86284375e-01
2.03477031e-07,1.86579688e-01
2.03517031e-07,1.86443750e-01
2.03557031e-07,1.86550000e-01
2.03597031e-07,1.86450000e-01
2.03637031e-07,1.86556250e-01
2.03677031e-07,1.86420313e-01
2.03717031e-07,1.86731250e-01
2.03757031e-07,1.86931250e-01
2.03797031e-07,1.86890625e-01
2.03837031e-07,1.86900000e-01
2.03877031e-07,1.86906250e-01
2.03917031e-07,1.86890625e-01
2.03957031e-07,1.86910938e-01
2.03997031e-07,1.86885938e-01
2.04037031e-07,1.86915625e-01
2.04077031e-07,1.86881250e-01
2.04117031e-07,1.86923438e-01
2.04157031e-07,1.86871875e-01
2.04197031e-07,1.86939063e-01
2.04237031e-07,1.86835937e-01
2.04277031e-07,1.87118750e-01
2.04317031e-07,1.87343750e-01
2.04357031e-07,1.87281250e-01
2.04397031e-07,1.87307813e-01
2.04437031e-07,1.87298437e-01
2.04477031e-07,1.87296875e-01
2.04517031e-07,1.87306250e-01
2.04557031e-07,1.87289063e-01
2.04597031e-07,1.87317188e-01
2.04637031e-07,1.87271875e-01
2.04677031e-07,1.87354688e-01
2.04717031e-07,1.87092188e-01
2.04757031e-07,1.86846875e-01
2.04797031e-07,1.86929687e-01
2.04837031e-07,1.86881250e-01
2.04877031e-07,1.86914063e-01
2.04917031e-07,1.86889063e-01
2.04957031e-07,1.86907812e-01
2.04997031e-07,1.86893750e-01
2.05037031e-07,1.86904687e-01
2.05077031e-07,1.86896875e-01
2.05117031e-07,1.86901563e-01
2.05157031e-07,1.86898438e-01
2.05197031e-07,1.86900000e-01
2.05237031e-07,1.86901563e-01
2.05277031e-07,1.86898438e-01
2.05317031e-07,1.86903125e-01
2.05357031e-07,1.86895313e-01
2.05397031e-07,1.86906250e-01
2.05437031e-07,1.86892188e-01
2.05477031e-07,1.86909375e-01
2.05517031e-07,1.86885938e-01
2.05557031e-07,1.86918750e-01
2.05597031e-07,1.86871875e-01
2.05637031e-07,1.86953125e-01
2.05677031e-07,1.86692187e-01
2.05717031e-07,1.86445313e-01
2.05757031e-07,1.86531250e-01
2.05797031e-07,1.86478125e-01
2.05837031e-07,1.86515625e-01
2.05877031e-07,1.86487500e-01
2.05917031e-07,1.86510938e-01
2.05957031e-07,1.86490625e-01
2.05997031e-07,1.86507813e-01
2.06037031e-07,1.86493750e-01
2.06077031e-07,1.86504688e-01
2.06117031e-07,1.86495313e-01
2.06157031e-07,1.86503125e-01
2.06197031e-07,1.86496875e-01
2.06237031e-07,1.86501562e-01
2.06277031e-07,1.86500000e-01
2.06317031e-07,1.86500000e-01
2.06357031e-07,1.86501562e-01
2.06397031e-07,1.86496875e-01
2.06437031e-07,1.86506250e-01
2.06477031e-07,1.86490625e-01
2.06517031e-07,1.86514062e-01
2.06557031e-07,1.86476562e-01
2.06597031e-07,1.86548437e-01
2.06637031e-07,1.86298437e-01
2.06677031e-07,1.86039063e-01
2.06717031e-07,1.86137500e-01
2.06757031e-07,1.86071875e-01
2.06797031e-07,1.86123438e-01
2.06837031e-07,1.86079688e-01
2.06877031e-07,1.86120312e-01
2.06917031e-07,1.86081250e-01
2.06957031e-07,1.86120312e-01
2.06997031e-07,1.86078125e-01
2.07037031e-07,1.86125000e-01
2.07077031e-07,1.86065625e-01
2.07117031e-07,1.86157813e-01
2.07157031e-07,1.85890625e-01
2.07197031e-07,1.85645312e-01
2.07237031e-07,1.85731250e-01
2.07277031e-07,1.85675000e-01
2.07317031e-07,1.85721875e-01
2.07357031e-07,1.85678125e-01
2.07397031e-07,1.85726562e-01
2.07437031e-07,1.85665625e-01
2.07477031e-07,1.85759375e-01
2.07517031e-07,1.85487500e-01
2.07557031e-07,1.85250000e-01
2.07597031e-07,1.85325000e-01
2.07637031e-07,1.85285937e-01
2.07677031e-07,1.85307813e-01
2.07717031e-07,1.85300000e-01
2.07757031e-07,1.85289063e-01
2.07797031e-07,1.85337500e-01
2.07837031e-07,1.85109375e-01
2.07877031e-07,1.84828125e-01
2.07917031e-07,1.84950000e-01
2.07957031e-07,1.84859375e-01
2.07997031e-07,1.84937500e-01
2.08037031e-07,1.84862500e-01
2.08077031e-07,1.84940625e-01
2.08117031e-07,1.84851563e-01
2.08157031e-07,1.84973438e-01
2.08197031e-07,1.84675000e-01
2.08237031e-07,1.84462500e-01
2.08277031e-07,1.84514063e-01
2.08317031e-07,1.84495313e-01
2.08357031e-07,1.84500000e-01
2.08397031e-07,1.84503125e-01
2.08437031e-07,1.84493750e-01
2.08477031e-07,1.84507813e-01
2.08517031e-07,1.84489062e-01
2.08557031e-07,1.84512500e-01
2.08597031e-07,1.84484375e-01
2.08637031e-07,1.84521875e-01
2.08677031e-07,1.84468750e-01
2.08717031e-07,1.84556250e-01
2.08757031e-07,1.84290625e-01
2.08797031e-07,1.84046875e-01
2.08837031e-07,1.84128125e-01
2.08877031e-07,1.84081250e-01
2.08917031e-07,1.84114063e-01
2.08957031e-07,1.84089063e-01
2.08997031e-07,1.84109375e-01
2.09037031e-07,1.84092188e-01
2.09077031e-07,1.84107812e-01
2.09117031e-07,1.84093750e-01
2.09157031e-07,1.84106250e-01
2.09197031e-07,1.84093750e-01
2.09237031e-07,1.84106250e-01
2.09277031e-07,1.84093750e-01
2.09317031e-07,1.84106250e-01
2.09357031e-07,1.84092188e-01
2.09397031e-07,1.84107812e-01
2.09437031e-07,1.84090625e-01
2.09477031e-07,1.84112500e-01
2.09517031e-07,1.84082812e-01
2.09557031e-07,1.84126563e-01
2.09597031e-07,1.84048437e-01
2.09637031e-07,1.84303125e-01
2.09677031e-07,1.84559375e-01
2.09717031e-07,1.84464062e-01
2.09757031e-07,1.84526563e-01
2.09797031e-07,1.84478125e-01
2.09837031e-07,1.84518750e-01
2.09877031e-07,1.84482813e-01
2.09917031e-07,1.84517188e-01
2.09957031e-07,1.84482813e-01
2.09997031e-07,1.84517188e-01
2.10037031e-07,1.84482813e-01
2.10077031e-07,1.84518750e-01
2.10117031e-07,1.84479688e-01
2.10157031e-07,1.84521875e-01
2.10197031e-07,1.84471875e-01
2.10237031e-07,1.84537500e-01
2.10277031e-07,1.84439063e-01
2.10317031e-07,1.84714062e-01
2.10357031e-07,1.84948438e-01
2.10397031e-07,1.84875000e-01
2.10437031e-07,1.84915625e-01
2.10477031e-07,1.84889063e-01
2.10517031e-07,1.84907813e-01
2.10557031e-07,1.84893750e-01
2.10597031e-07,1.84904687e-01
2.10637031e-07,1.84896875e-01
2.10677031e-07,1.84903125e-01
2.10717031e-07,1.84896875e-01
2.10757031e-07,1.84903125e-01
2.10797031e-07,1.84896875e-01
2.10837031e-07,1.84903125e-01
2.10877031e-07,1.84896875e-01
2.10917031e-07,1.84904687e-01
2.10957031e-07,1.84893750e-01
2.10997031e-07,1.84909375e-01
2.11037031e-07,1.84885938e-01
2.11077031e-07,1.84923438e-01
2.11117031e-07,1.84853125e-01
2.11157031e-07,1.85100000e-01
2.11197031e-07,1.85362500e-01
2.11237031e-07,1.85260938e-01
2.11277031e-07,1.85331250e-01
2.11317031e-07,1.85273437e-01
2.11357031e-07,1.85323438e-01
2.11397031e-07,1.85278125e-01
2.11437031e-07,1.85321875e-01
2.11477031e-07,1.85279688e-01
2.11517031e-07,1.85320313e-01
2.11557031e-07,1.85278125e-01
2.11597031e-07,1.85321875e-01
2.11637031e-07,1.85278125e-01
2.11677031e-07,1.85323438e-01
2.11717031e-07,1.85275000e-01
2.11757031e-07,1.85326563e-01
2.11797031e-07,1.85270313e-01
2.11837031e-07,1.85332812e-01
2.11877031e-07,1.85260938e-01
2.11917031e-07,1.85350000e-01
2.11957031e-07,1.85225000e-01
2.11997031e-07,1.85529688e-01
2.12037031e-07,1.85731250e-01
2.12077031e-07,1.85695313e-01
2.12117031e-07,1.85692187e-01
2.12157031e-07,1.85717188e-01
2.12197031e-07,1.85675000e-01
2.12237031e-07,1.85739062e-01
2.12277031e-07,1.85632812e-01
2.12317031e-07,1.85923438e-01
2.12357031e-07,1.86135938e-01
2.12397031e-07,1.86093750e-01
2.12437031e-07,1.86090625e-01
2.12477031e-07,1.86125000e-01
2.12517031e-07,1.86045313e-01
2.12557031e-07,1.86312500e-01
2.12597031e-07,1.86545313e-01
2.12637031e-07,1.86484375e-01
2.12677031e-07,1.86500000e-01
2.12717031e-07,1.86517188e-01
2.12757031e-07,1.86453125e-01
2.12797031e-07,1.86704688e-01
2.12837031e-07,1.86953125e-01
2.12877031e-07,1.86876563e-01
2.12917031e-07,1.86907812e-01
2.12957031e-07,1.86909375e-01
2.12997031e-07,1.86862500e-01
2.13037031e-07,1.87095312e-01
2.13077031e-07,1.87364063e-01
2.13117031e-07,1.87262500e-01
2.13157031e-07,1.87323437e-01
2.13197031e-07,1.87285937e-01
2.13237031e-07,1.87304688e-01
2.13277031e-07,1.87307813e-01
2.13317031e-07,1.87265625e-01
2.13357031e-07,1.87489062e-01
2.13397031e-07,1.87771875e-01
2.13437031e-07,1.87654688e-01
2.13477031e-07,1.87735938e-01
2.13517031e-07,1.87670313e-01
2.13557031e-07,1.87725000e-01
2.13597031e-07,1.87678125e-01
2.13637031e-07,1.87718750e-01
2.13677031e-07,1.87684375e-01
2.13717031e-07,1.87714063e-01
2.13757031e-07,1.87689063e-01
2.13797031e-07,1.87706250e-01
2.13837031e-07,1.87698438e-01
2.13877031e-07,1.87690625e-01
2.13917031e-07,1.87734375e-01
2.13957031e-07,1.87512500e-01
2.13997031e-07,1.87225000e-01
2.14037031e-07,1.87351563e-01
2.14077031e-07,1.87256250e-01
2.14117031e-07,1.87339063e-01
2.14157031e-07,1.87262500e-01
2.14197031e-07,1.87337500e-01
2.14237031e-07,1.87260938e-01
2.14277031e-07,1.87342188e-01
2.14317031e-07,1.87248438e-01
2.14357031e-07,1.87376563e-01
2.14397031e-07,1.87071875e-01
2.14437031e-07,1.86865625e-01
2.14477031e-07,1.86909375e-01
2.14517031e-07,1.86900000e-01
2.14557031e-07,1.86893750e-01
2.14597031e-07,1.86910938e-01
2.14637031e-07,1.86884375e-01
2.14677031e-07,1.86921875e-01
2.14717031e-07,1.86868750e-01
2.14757031e-07,1.86956250e-01
2.14797031e-07,1.86690625e-01
2.14837031e-07,1.86446875e-01
2.14877031e-07,1.86528125e-01
2.14917031e-07,1.86481250e-01
2.14957031e-07,1.86514062e-01
2.14997031e-07,1.86487500e-01
2.15037031e-07,1.86510938e-01
2.15077031e-07,1.86490625e-01
2.15117031e-07,1.86509375e-01
2.15157031e-07,1.86489062e-01
2.15197031e-07,1.86512500e-01
2.15237031e-07,1.86485938e-01
2.15277031e-07,1.86518750e-01
2.15317031e-07,1.86471875e-01
2.15357031e-07,1.86553125e-01
2.15397031e-07,1.86295313e-01
2.15437031e-07,1.86042188e-01
2.15477031e-07,1.86134375e-01
2.15517031e-07,1.86075000e-01
2.15557031e-07,1.86120312e-01
2.15597031e-07,1.86082812e-01
2.15637031e-07,1.86115625e-01
2.15677031e-07,1.86085938e-01
2.15717031e-07,1.86112500e-01
2.15757031e-07,1.86087500e-01
2.15797031e-07,1.86112500e-01
2.15837031e-07,1.86089063e-01
2.15877031e-07,1.86110938e-01
2.15917031e-07,1.86089063e-01
2.15957031e-07,1.86110938e-01
2.15997031e-07,1.86089063e-01
2.16037031e-07,1.86110938e-01
2.16077031e-07,1.86089063e-01
2.16117031e-07,1.86110938e-01
2.16157031e-07,1.86089063e-01
2.16197031e-07,1.86112500e-01
2.16237031e-07,1.86087500e-01
2.16277031e-07,1.86112500e-01
2.16317031e-07,1.86085938e-01
2.16357031e-07,1.86114063e-01
2.16397031e-07,1.86084375e-01
2.16437031e-07,1.86118750e-01
2.16477031e-07,1.86078125e-01
2.16517031e-07,1.86126563e-01
2.16557031e-07,1.86064063e-01
2.16597031e-07,1.86160938e-01
2.16637031e-07,1.85885938e-01
2.16677031e-07,1.85651563e-01
2.16717031e-07,1.85725000e-01
2.16757031e-07,1.85684375e-01
2.16797031e-07,1.85710938e-01
2.16837031e-07,1.85692187e-01
2.16877031e-07,1.85704688e-01
2.16917031e-07,1.85696875e-01
2.16957031e-07,1.85703125e-01
2.16997031e-07,1.85698438e-01
2.17037031e-07,1.85701563e-01
2.17077031e-07,1.85700000e-01
2.17117031e-07,1.85700000e-01
2.17157031e-07,1.85700000e-01
2.17197031e-07,1.85698438e-01
2.17237031e-07,1.85701563e-01
2.17277031e-07,1.85698438e-01
2.17317031e-07,1.85701563e-01
2.17357031e-07,1.85696875e-01
2.17397031e-07,1.85703125e-01
2.17437031e-07,1.85696875e-01
2.17477031e-07,1.85703125e-01
2.17517031e-07,1.85696875e-01
2.17557031e-07,1.85704688e-01
2.17597031e-07,1.85695313e-01
2.17637031e-07,1.85704688e-01
2.17677031e-07,1.85695313e-01
2.17717031e-07,1.85704688e-01
2.17757031e-07,1.85693750e-01
2.17797031e-07,1.85706250e-01
2.17837031e-07,1.85692187e-01
2.17877031e-07,1.85707813e-01
2.17917031e-07,1.85690625e-01
2.17957031e-07,1.85709375e-01
2.17997031e-07,1.85689063e-01
2.18037031e-07,1.85714062e-01
2.18077031e-07,1.85682813e-01
2.18117031e-07,1.85721875e-01
2.18157031e-07,1.85668750e-01
2.18197031e-07,1.85756250e-01
2.18237031e-07,1.85490625e-01
2.18277031e-07,1.85246875e-01
2.18317031e-07,1.85328125e-01
2.18357031e-07,1.85281250e-01
2.18397031e-07,1.85314063e-01
2.18437031e-07,1.85289063e-01
2.18477031e-07,1.85309375e-01
2.18517031e-07,1.85292188e-01
2.18557031e-07,1.85306250e-01
2.18597031e-07,1.85293750e-01
2.18637031e-07,1.85304688e-01
2.18677031e-07,1.85295313e-01
2.18717031e-07,1.85303125e-01
2.18757031e-07,1.85296875e-01
2.18797031e-07,1.85303125e-01
2.18837031e-07,1.85298437e-01
2.18877031e-07,1.85301563e-01
2.18917031e-07,1.85298437e-01
2.18957031e-07,1.85301563e-01
2.18997031e-07,1.85298437e-01
2.19037031e-07,1.85300000e-01
2.19077031e-07,1.85300000e-01
2.19117031e-07,1.85300000e-01
2.19157031e-07,1.85300000e-01
2.19197031e-07,1.85300000e-01
2.19237031e-07,1.85301563e-01
2.19277031e-07,1.85298437e-01
2.19317031e-07,1.85301563e-01
2.19357031e-07,1.85298437e-01
2.19397031e-07,1.85303125e-01
2.19437031e-07,1.85296875e-01
2.19477031e-07,1.85303125e-01
2.19517031e-07,1.85295313e-01
2.19557031e-07,1.85306250e-01
2.19597031e-07,1.85293750e-01
2.19637031e-07,1.85309375e-01
2.19677031e-07,1.85289063e-01
2.19717031e-07,1.85314063e-01
2.19757031e-07,1.85279688e-01
2.19797031e-07,1.85329688e-01
2.19837031e-07,1.85245313e-01
2.19877031e-07,1.85509375e-01
2.19917031e-07,1.85753125e-01
2.19957031e-07,1.85671875e-01
2.19997031e-07,1.85717188e-01
2.20037031e-07,1.85690625e-01
2.20077031e-07,1.85701563e-01
2.20117031e-07,1.85709375e-01
2.20157031e-07,1.85665625e-01
2.20197031e-07,1.85889063e-01
2.20237031e-07,1.86173438e-01
2.20277031e-07,1.86048437e-01
2.20317031e-07,1.86142188e-01
2.20357031e-07,1.86060937e-01
2.20397031e-07,1.86139063e-01
2.20437031e-07,1.86057813e-01
2.20477031e-07,1.86151563e-01
2.20517031e-07,1.86025000e-01
2.20557031e-07,1.86328125e-01
2.20597031e-07,1.86534375e-01
2.20637031e-07,1.86489062e-01
2.20677031e-07,1.86501562e-01
2.20717031e-07,1.86504688e-01
2.20757031e-07,1.86490625e-01
2.20797031e-07,1.86514062e-01
2.20837031e-07,1.86479688e-01
2.20877031e-07,1.86531250e-01
2.20917031e-07,1.86443750e-01
2.20957031e-07,1.86710938e-01
2.20997031e-07,1.86951563e-01
2.21037031e-07,1.86873438e-01
2.21077031e-07,1.86917187e-01
2.21117031e-07,1.86887500e-01
2.21157031e-07,1.86909375e-01
2.21197031e-07,1.86893750e-01
2.21237031e-07,1.86904687e-01
2.21277031e-07,1.86896875e-01
2.21317031e-07,1.86903125e-01
2.21357031e-07,1.86898438e-01
2.21397031e-07,1.86900000e-01
2.21437031e-07,1.86900000e-01
2.21477031e-07,1.86898438e-01
2.21517031e-07,1.86901563e-01
2.21557031e-07,1.86896875e-01
2.21597031e-07,1.86903125e-01
2.21637031e-07,1.86895313e-01
2.21677031e-07,1.86906250e-01
2.21717031e-07,1.86892188e-01
2.21757031e-07,1.86909375e-01
2.21797031e-07,1.86887500e-01
2.21837031e-07,1.86917187e-01
2.21877031e-07,1.86871875e-01
2.21917031e-07,1.86953125e-01
2.21957031e-07,1.86695313e-01
2.21997031e-07,1.86442187e-01
2.22037031e-07,1.86534375e-01
2.22077031e-07,1.86475000e-01
2.22117031e-07,1.86520313e-01
2.22157031e-07,1.86481250e-01
2.22197031e-07,1.86518750e-01
2.22237031e-07,1.86481250e-01
2.22277031e-07,1.86521875e-01
2.22317031e-07,1.86468750e-01
2.22357031e-07,1.86554688e-01
2.22397031e-07,1.86293750e-01
2.22437031e-07,1.86042188e-01
2.22477031e-07,1.86135938e-01
2.22517031e-07,1.86071875e-01
2.22557031e-07,1.86126563e-01
2.22597031e-07,1.86073437e-01
2.22637031e-07,1.86131250e-01
2.22677031e-07,1.86060937e-01
2.22717031e-07,1.86164063e-01
2.22757031e-07,1.85882812e-01
2.22797031e-07,1.85654687e-01
2.22837031e-07,1.85720313e-01
2.22877031e-07,1.85689063e-01
2.22917031e-07,1.85703125e-01
2.22957031e-07,1.85701563e-01
2.22997031e-07,1.85693750e-01
2.23037031e-07,1.85712500e-01
2.23077031e-07,1.85676563e-01
2.23117031e-07,1.85750000e-01
2.23157031e-07,1.85496875e-01
2.23197031e-07,1.85242188e-01
2.23237031e-07,1.85334375e-01
2.23277031e-07,1.85276563e-01
2.23317031e-07,1.85317188e-01
2.23357031e-07,1.85285937e-01
2.23397031e-07,1.85310937e-01
2.23437031e-07,1.85292188e-01
2.23477031e-07,1.85306250e-01
2.23517031e-07,1.85296875e-01
2.23557031e-07,1.85298437e-01
2.23597031e-07,1.85306250e-01
2.23637031e-07,1.85282813e-01
2.23677031e-07,1.85342188e-01
2.23717031e-07,1.85104688e-01
2.23757031e-07,1.84832812e-01
2.23797031e-07,1.84942188e-01
2.23837031e-07,1.84867188e-01
2.23877031e-07,1.84928125e-01
2.23917031e-07,1.84875000e-01
2.23957031e-07,1.84923438e-01
2.23997031e-07,1.84878125e-01
2.24037031e-07,1.84920313e-01
2.24077031e-07,1.84879688e-01
2.24117031e-07,1.84920313e-01
2.24157031e-07,1.84879688e-01
2.24197031e-07,1.84920313e-01
2.24237031e-07,1.84879688e-01
2.24277031e-07,1.84920313e-01
2.24317031e-07,1.84878125e-01
2.24357031e-07,1.84921875e-01
2.24397031e-07,1.84876563e-01
2.24437031e-07,1.84926563e-01
2.24477031e-07,1.84870312e-01
2.24517031e-07,1.84934375e-01
2.24557031e-07,1.84854688e-01
2.24597031e-07,1.84970313e-01
2.24637031e-07,1.84675000e-01
2.24677031e-07,1.84464062e-01
2.24717031e-07,1.84510937e-01
2.24757031e-07,1.84501562e-01
2.24797031e-07,1.84487500e-01
2.24837031e-07,1.84525000e-01
2.24877031e-07,1.84448438e-01
2.24917031e-07,1.84706250e-01
2.24957031e-07,1.84954687e-01
2.24997031e-07,1.84868750e-01
2.25037031e-07,1.84920313e-01
2.25077031e-07,1.84884375e-01
2.25117031e-07,1.84912500e-01
2.25157031e-07,1.84890625e-01
2.25197031e-07,1.84907813e-01
2.25237031e-07,1.84893750e-01
2.25277031e-07,1.84904687e-01
2.25317031e-07,1.84895313e-01
2.25357031e-07,1.84903125e-01
2.25397031e-07,1.84896875e-01
2.25437031e-07,1.84903125e-01
2.25477031e-07,1.84898438e-01
2.25517031e-07,1.84901563e-01
2.25557031e-07,1.84898438e-01
2.25597031e-07,1.84900000e-01
2.25637031e-07,1.84900000e-01
2.25677031e-07,1.84900000e-01
2.25717031e-07,1.84900000e-01
2.25757031e-07,1.84900000e-01
2.25797031e-07,1.84900000e-01
2.25837031e-07,1.84900000e-01
2.25877031e-07,1.84901563e-01
2.25917031e-07,1.84898438e-01
2.25957031e-07,1.84901563e-01
2.25997031e-07,1.84898438e-01
2.26037031e-07,1.84901563e-01
2.26077031e-07,1.84898438e-01
2.26117031e-07,1.84901563e-01
2.26157031e-07,1.84896875e-01
2.26197031e-07,1.84903125e-01
2.26237031e-07,1.84896875e-01
2.26277031e-07,1.84903125e-01
2.26317031e-07,1.84896875e-01
2.26357031e-07,1.84903125e-01
2.26397031e-07,1.84896875e-01
2.26437031e-07,1.84904687e-01
2.26477031e-07,1.84895313e-01
2.26517031e-07,1.84904687e-01
2.26557031e-07,1.84895313e-01
2.26597031e-07,1.84906250e-01
2.26637031e-07,1.84893750e-01
2.26677031e-07,1.84906250e-01
2.26717031e-07,1.84892187e-01
2.26757031e-07,1.84909375e-01
2.26797031e-07,1.84890625e-01
2.26837031e-07,1.84910938e-01
2.26877031e-07,1.84885938e-01
2.26917031e-07,1.84917187e-01
2.26957031e-07,1.84878125e-01
2.26997031e-07,1.84931250e-01
2.27037031e-07,1.84843750e-01
2.27077031e-07,1.85109375e-01
2.27117031e-07,1.85351563e-01
2.27157031e-07,1.85271875e-01
2.27197031e-07,1.85318750e-01
2.27237031e-07,1.85285937e-01
2.27277031e-07,1.85310937e-01
2.27317031e-07,1.85292188e-01
2.27357031e-07,1.85306250e-01
2.27397031e-07,1.85295313e-01
2.27437031e-07,1.85304688e-01
2.27477031e-07,1.85296875e-01
2.27517031e-07,1.85301563e-01
2.27557031e-07,1.85298437e-01
2.27597031e-07,1.85300000e-01
2.27637031e-07,1.85301563e-01
2.27677031e-07,1.85296875e-01
2.27717031e-07,1.85304688e-01
2.27757031e-07,1.85293750e-01
2.27797031e-07,1.85309375e-01
2.27837031e-07,1.85285937e-01
2.27877031e-07,1.85325000e-01
2.27917031e-07,1.85251562e-01
2.27957031e-07,1.85501562e-01
2.27997031e-07,1.85760938e-01
2.28037031e-07,1.85664063e-01
2.28077031e-07,1.85728125e-01
2.28117031e-07,1.85676563e-01
2.28157031e-07,1.85720313e-01
2.28197031e-07,1.85681250e-01
2.28237031e-07,1.85718750e-01
2.28277031e-07,1.85681250e-01
2.28317031e-07,1.85718750e-01
2.28357031e-07,1.85679687e-01
2.28397031e-07,1.85721875e-01
2.28437031e-07,1.85673438e-01
2.28477031e-07,1.85735938e-01
2.28517031e-07,1.85639063e-01
2.28557031e-07,1.85912500e-01
2.28597031e-07,1.86150000e-01
2.28637031e-07,1.86073437e-01
2.28677031e-07,1.86117188e-01
2.28717031e-07,1.86087500e-01
2.28757031e-07,1.86109375e-01
2.28797031e-07,1.86092188e-01
2.28837031e-07,1.86106250e-01
2.28877031e-07,1.86093750e-01
2.28917031e-07,1.86104688e-01
2.28957031e-07,1.86095312e-01
2.28997031e-07,1.86104688e-01
2.29037031e-07,1.86095312e-01
2.29077031e-07,1.86104688e-01
2.29117031e-07,1.86095312e-01
2.29157031e-07,1.86104688e-01
2.29197031e-07,1.86095312e-01
2.29237031e-07,1.86104688e-01
2.29277031e-07,1.86095312e-01
2.29317031e-07,1.86106250e-01
2.29357031e-07,1.86093750e-01
2.29397031e-07,1.86107812e-01
2.29437031e-07,1.86090625e-01
2.29477031e-07,1.86110938e-01
2.29517031e-07,1.86085938e-01
2.29557031e-07,1.86118750e-01
2.29597031e-07,1.86071875e-01
2.29637031e-07,1.86153125e-01
2.29677031e-07,1.85893750e-01
2.29717031e-07,1.85643750e-01
2.29757031e-07,1.85732813e-01
2.29797031e-07,1.85676563e-01
2.29837031e-07,1.85717188e-01
2.29877031e-07,1.85684375e-01
2.29917031e-07,1.85712500e-01
2.29957031e-07,1.85689063e-01
2.29997031e-07,1.85710938e-01
2.30037031e-07,1.85690625e-01
2.30077031e-07,1.85709375e-01
2.30117031e-07,1.85690625e-01
2.30157031e-07,1.85707813e-01
2.30197031e-07,1.85692187e-01
2.30237031e-07,1.85707813e-01
2.30277031e-07,1.85692187e-01
2.30317031e-07,1.85707813e-01
2.30357031e-07,1.85692187e-01
2.30397031e-07,1.85707813e-01
2.30437031e-07,1.85692187e-01
2.30477031e-07,1.85707813e-01
2.30517031e-07,1.85692187e-01
2.30557031e-07,1.85707813e-01
2.30597031e-07,1.85692187e-01
2.30637031e-07,1.85707813e-01
2.30677031e-07,1.85692187e-01
2.30717031e-07,1.85707813e-01
2.30757031e-07,1.85692187e-01
2.30797031e-07,1.85707813e-01
2.30837031e-07,1.85692187e-01
2.30877031e-07,1.85709375e-01
2.30917031e-07,1.85690625e-01
2.30957031e-07,1.85709375e-01
2.30997031e-07,1.85690625e-01
2.31037031e-07,1.85710938e-01
2.31077031e-07,1.85689063e-01
2.31117031e-07,1.85712500e-01
2.31157031e-07,1.85685938e-01
2.31197031e-07,1.85715625e-01
2.31237031e-07,1.85682813e-01
2.31277031e-07,1.85720313e-01
2.31317031e-07,1.85673438e-01
2.31357031e-07,1.85735938e-01
2.31397031e-07,1.85639063e-01
2.31437031e-07,1.85914063e-01
2.31477031e-07,1.86146875e-01
2.31517031e-07,1.86078125e-01
2.31557031e-07,1.86112500e-01
2.31597031e-07,1.86093750e-01
2.31637031e-07,1.86103125e-01
2.31677031e-07,1.86101563e-01
2.31717031e-07,1.86095312e-01
2.31757031e-07,1.86109375e-01
2.31797031e-07,1.86085938e-01
2.31837031e-07,1.86125000e-01
2.31877031e-07,1.86050000e-01
2.31917031e-07,1.86304688e-01
2.31957031e-07,1.86557813e-01
2.31997031e-07,1.86467188e-01
2.32037031e-07,1.86523438e-01
2.32077031e-07,1.86481250e-01
2.32117031e-07,1.86515625e-01
2.32157031e-07,1.86487500e-01
2.32197031e-07,1.86510938e-01
2.32237031e-07,1.86490625e-01
2.32277031e-07,1.86509375e-01
2.32317031e-07,1.86492188e-01
2.32357031e-07,1.86507813e-01
2.32397031e-07,1.86493750e-01
2.32437031e-07,1.86506250e-01
2.32477031e-07,1.86493750e-01
2.32517031e-07,1.86504688e-01
2.32557031e-07,1.86495313e-01
2.32597031e-07,1.86504688e-01
2.32637031e-07,1.86495313e-01
2.32677031e-07,1.86504688e-01
2.32717031e-07,1.86496875e-01
2.32757031e-07,1.86503125e-01
2.32797031e-07,1.86496875e-01
2.32837031e-07,1.86503125e-01
2.32877031e-07,1.86496875e-01
2.32917031e-07,1.86503125e-01
2.32957031e-07,1.86498438e-01
2.32997031e-07,1.86501562e-01
2.33037031e-07,1.86498438e-01
2.33077031e-07,1.86501562e-01
2.33117031e-07,1.86498438e-01
2.33157031e-07,1.86500000e-01
2.33197031e-07,1.86500000e-01
2.33237031e-07,1.86500000e-01
2.33277031e-07,1.86501562e-01
2.33317031e-07,1.86498438e-01
2.33357031e-07,1.86501562e-01
2.33397031e-07,1.86496875e-01
2.33437031e-07,1.86504688e-01
2.33477031e-07,1.86493750e-01
2.33517031e-07,1.86507813e-01
2.33557031e-07,1.86489062e-01
2.33597031e-07,1.86515625e-01
2.33637031e-07,1.86473438e-01
2.33677031e-07,1.86551563e-01
2.33717031e-07,1.86295313e-01
2.33757031e-07,1.86042188e-01
2.33797031e-07,1.86134375e-01
2.33837031e-07,1.86075000e-01
2.33877031e-07,1.86120312e-01
2.33917031e-07,1.86082812e-01
2.33957031e-07,1.86115625e-01
2.33997031e-07,1.86085938e-01
2.34037031e-07,1.86112500e-01
2.34077031e-07,1.86089063e-01
2.34117031e-07,1.86110938e-01
2.34157031e-07,1.86089063e-01
2.34197031e-07,1.86109375e-01
2.34237031e-07,1.86090625e-01
2.34277031e-07,1.86109375e-01
2.34317031e-07,1.86090625e-01
2.34357031e-07,1.86107812e-01
2.34397031e-07,1.86092188e-01
2.34437031e-07,1.86107812e-01
2.34477031e-07,1.86092188e-01
2.34517031e-07,1.86107812e-01
2.34557031e-07,1.86092188e-01
2.34597031e-07,1.86107812e-01
2.34637031e-07,1.86092188e-01
2.34677031e-07,1.86107812e-01
2.34717031e-07,1.86092188e-01
2.34757031e-07,1.86107812e-01
2.34797031e-07,1.86092188e-01
2.34837031e-07,1.86107812e-01
2.34877031e-07,1.86092188e-01
2.34917031e-07,1.86107812e-01
2.34957031e-07,1.86092188e-01
2.34997031e-07,1.86107812e-01
2.35037031e-07,1.86092188e-01
2.35077031e-07,1.86107812e-01
2.35117031e-07,1.86092188e-01
2.35157031e-07,1.86107812e-01
2.35197031e-07,1.86092188e-01
2.35237031e-07,1.86107812e-01
2.35277031e-07,1.86092188e-01
2.35317031e-07,1.86107812e-01
2.35357031e-07,1.86092188e-01
2.35397031e-07,1.86107812e-01
2.35437031e-07,1.86092188e-01
2.35477031e-07,1.86107812e-01
2.35517031e-07,1.86092188e-01
2.35557031e-07,1.86107812e-01
2.35597031e-07,1.86092188e-01
2.35637031e-07,1.86107812e-01
2.35677031e-07,1.86092188e-01
2.35717031e-07,1.86107812e-01
2.35757031e-07,1.86090625e-01
2.35797031e-07,1.86109375e-01
2.35837031e-07,1.86090625e-01
2.35877031e-07,1.86109375e-01
2.35917031e-07,1.86090625e-01
2.35957031e-07,1.86109375e-01
2.35997031e-07,1.86089063e-01
2.36037031e-07,1.86110938e-01
2.36077031e-07,1.86087500e-01
2.36117031e-07,1.86112500e-01
2.36157031e-07,1.86085938e-01
2.36197031e-07,1.86114063e-01
2.36237031e-07,1.86084375e-01
2.36277031e-07,1.86118750e-01
2.36317031e-07,1.86078125e-01
2.36357031e-07,1.86126563e-01
2.36397031e-07,1.86064063e-01
2.36437031e-07,1.86160938e-01
2.36477031e-07,1.85885938e-01
2.36517031e-07,1.85651563e-01
2.36557031e-07,1.85723438e-01
2.36597031e-07,1.85685938e-01
2.36637031e-07,1.85709375e-01
2.36677031e-07,1.85693750e-01
2.36717031e-07,1.85704688e-01
2.36757031e-07,1.85698438e-01
2.36797031e-07,1.85701563e-01
2.36837031e-07,1.85700000e-01
2.36877031e-07,1.85700000e-01
2.36917031e-07,1.85701563e-01
2.36957031e-07,1.85698438e-01
2.36997031e-07,1.85703125e-01
2.37037031e-07,1.85696875e-01
2.37077031e-07,1.85704688e-01
2.37117031e-07,1.85695313e-01
2.37157031e-07,1.85704688e-01
2.37197031e-07,1.85693750e-01
2.37237031e-07,1.85706250e-01
2.37277031e-07,1.85693750e-01
2.37317031e-07,1.85707813e-01
2.37357031e-07,1.85692187e-01
2.37397031e-07,1.85709375e-01
2.37437031e-07,1.85690625e-01
2.37477031e-07,1.85710938e-01
2.37517031e-07,1.85687500e-01
2.37557031e-07,1.85714062e-01
2.37597031e-07,1.85682813e-01
2.37637031e-07,1.85720313e-01
2.37677031e-07,1.85675000e-01
2.37717031e-07,1.85735938e-01
2.37757031e-07,1.85639063e-01
2.37797031e-07,1.85914063e-01
2.37837031e-07,1.86146875e-01
2.37877031e-07,1.86076563e-01
2.37917031e-07,1.86112500e-01
2.37957031e-07,1.86093750e-01
2.37997031e-07,1.86103125e-01
2.38037031e-07,1.86101563e-01
2.38077031e-07,1.86095312e-01
2.38117031e-07,1.86109375e-01
2.38157031e-07,1.86085938e-01
2.38197031e-07,1.86125000e-01
2.38237031e-07,1.86050000e-01
2.38277031e-07,1.86304688e-01
2.38317031e-07,1.86557813e-01
2.38357031e-07,1.86467188e-01
2.38397031e-07,1.86523438e-01
2.38437031e-07,1.86481250e-01
2.38477031e-07,1.86515625e-01
2.38517031e-07,1.86487500e-01
2.38557031e-07,1.86510938e-01
2.38597031e-07,1.86490625e-01
2.38637031e-07,1.86507813e-01
2.38677031e-07,1.86492188e-01
2.38717031e-07,1.86506250e-01
2.38757031e-07,1.86493750e-01
2.38797031e-07,1.86506250e-01
2.38837031e-07,1.86495313e-01
2.38877031e-07,1.86504688e-01
2.38917031e-07,1.86495313e-01
2.38957031e-07,1.86504688e-01
2.38997031e-07,1.86496875e-01
2.39037031e-07,1.86503125e-01
2.39077031e-07,1.86496875e-01
2.39117031e-07,1.86503125e-01
2.39157031e-07,1.86496875e-01
2.39197031e-07,1.86503125e-01
2.39237031e-07,1.86498438e-01
2.39277031e-07,1.86501562e-01
2.39317031e-07,1.86498438e-01
2.39357031e-07,1.86501562e-01
2.39397031e-07,1.86498438e-01
2.39437031e-07,1.86501562e-01
2.39477031e-07,1.86498438e-01
2.39517031e-07,1.86501562e-01
2.39557031e-07,1.86498438e-01
2.39597031e-07,1.86501562e-01
2.39637031e-07,1.86498438e-01
2.39677031e-07,1.86500000e-01
2.39717031e-07,1.86500000e-01
2.39757031e-07,1.86500000e-01
2.39797031e-07,1.86500000e-01
2.39837031e-07,1.86500000e-01
2.39877031e-07,1.86500000e-01
2.39917031e-07,1.86500000e-01
2.39957031e-07,1.86500000e-01
2.39997031e-07,1.86500000e-01
2.40037031e-07,1.86500000e-01
2.40077031e-07,1.86500000e-01
2.40117031e-07,1.86500000e-01
2.40157031e-07,1.86500000e-01
2.40197031e-07,1.86500000e-01
2.40237031e-07,1.86500000e-01
2.40277031e-07,1.86501562e-01
2.40317031e-07,1.86498438e-01
2.40357031e-07,1.86501562e-01
2.40397031e-07,1.86498438e-01
2.40437031e-07,1.86501562e-01
2.40477031e-07,1.86498438e-01
2.40517031e-07,1.86501562e-01
2.40557031e-07,1.86498438e-01
2.40597031e-07,1.86501562e-01
2.40637031e-07,1.86498438e-01
2.40677031e-07,1.86501562e-01
2.40717031e-07,1.86498438e-01
2.40757031e-07,1.86503125e-01
2.40797031e-07,1.86496875e-01
2.40837031e-07,1.86503125e-01
2.40877031e-07,1.86496875e-01
2.40917031e-07,1.86503125e-01
2.40957031e-07,1.86496875e-01
2.40997031e-07,1.86503125e-01
2.41037031e-07,1.86496875e-01
2.41077031e-07,1.86503125e-01
2.41117031e-07,1.86495313e-01
2.41157031e-07,1.86504688e-01
2.41197031e-07,1.86495313e-01
2.41237031e-07,1.86504688e-01
2.41277031e-07,1.86495313e-01
2.41317031e-07,1.86504688e-01
2.41357031e-07,1.86493750e-01
2.41397031e-07,1.86506250e-01
2.41437031e-07,1.86493750e-01
2.41477031e-07,1.86507813e-01
2.41517031e-07,1.86492188e-01
2.41557031e-07,1.86509375e-01
2.41597031e-07,1.86490625e-01
2.41637031e-07,1.86510938e-01
2.41677031e-07,1.86487500e-01
2.41717031e-07,1.86515625e-01
2.41757031e-07,1.86481250e-01
2.41797031e-07,1.86523438e-01
2.41837031e-07,1.86467188e-01
2.41877031e-07,1.86557813e-01
2.41917031e-07,1.86287500e-01
2.41957031e-07,1.86050000e-01
2.41997031e-07,1.86126563e-01
2.42037031e-07,1.86082812e-01
2.42077031e-07,1.86110938e-01
2.42117031e-07,1.86092188e-01
2.42157031e-07,1.86104688e-01
2.42197031e-07,1.86096875e-01
2.42237031e-07,1.86101563e-01
2.42277031e-07,1.86100000e-01
2.42317031e-07,1.86098438e-01
2.42357031e-07,1.86103125e-01
2.42397031e-07,1.86095312e-01
2.42437031e-07,1.86107812e-01
2.42477031e-07,1.86089063e-01
2.42517031e-07,1.86117188e-01
2.42557031e-07,1.86073437e-01
2.42597031e-07,1.86151563e-01
2.42637031e-07,1.85895313e-01
2.42677031e-07,1.85643750e-01
2.42717031e-07,1.85732813e-01
2.42757031e-07,1.85676563e-01
2.42797031e-07,1.85717188e-01
2.42837031e-07,1.85685938e-01
2.42877031e-07,1.85712500e-01
2.42917031e-07,1.85689063e-01
2.42957031e-07,1.85709375e-01
2.42997031e-07,1.85692187e-01
2.43037031e-07,1.85707813e-01
2.43077031e-07,1.85693750e-01
2.43117031e-07,1.85706250e-01
2.43157031e-07,1.85693750e-01
2.43197031e-07,1.85704688e-01
2.43237031e-07,1.85695313e-01
2.43277031e-07,1.85704688e-01
2.43317031e-07,1.85695313e-01
2.43357031e-07,1.85703125e-01
2.43397031e-07,1.85696875e-01
2.43437031e-07,1.85703125e-01
2.43477031e-07,1.85696875e-01
2.43517031e-07,1.85701563e-01
2.43557031e-07,1.85698438e-01
2.43597031e-07,1.85701563e-01
2.43637031e-07,1.85698438e-01
2.43677031e-07,1.85700000e-01
2.43717031e-07,1.85700000e-01
2.43757031e-07,1.85700000e-01
2.43797031e-07,1.85701563e-01
2.43837031e-07,1.85698438e-01
2.43877031e-07,1.85701563e-01
2.43917031e-07,1.85696875e-01
2.43957031e-07,1.85704688e-01
2.43997031e-07,1.85693750e-01
2.44037031e-07,1.85707813e-01
2.44077031e-07,1.85689063e-01
2.44117031e-07,1.85715625e-01
2.44157031e-07,1.85673438e-01
2.44197031e-07,1.85750000e-01
2.44237031e-07,1.85496875e-01
2.44277031e-07,1.85242188e-01
2.44317031e-07,1.85334375e-01
2.44357031e-07,1.85275000e-01
2.44397031e-07,1.85320313e-01
2.44437031e-07,1.85282813e-01
2.44477031e-07,1.85315625e-01
2.44517031e-07,1.85285937e-01
2.44557031e-07,1.85312500e-01
2.44597031e-07,1.85287500e-01
2.44637031e-07,1.85310937e-01
2.44677031e-07,1.85289063e-01
2.44717031e-07,1.85310937e-01
2.44757031e-07,1.85289063e-01
2.44797031e-07,1.85309375e-01
2.44837031e-07,1.85290625e-01
2.44877031e-07,1.85309375e-01
2.44917031e-07,1.85289063e-01
2.44957031e-07,1.85310937e-01
2.44997031e-07,1.85289063e-01
2.45037031e-07,1.85310937e-01
2.45077031e-07,1.85289063e-01
2.45117031e-07,1.85312500e-01
2.45157031e-07,1.85287500e-01
2.45197031e-07,1.85314063e-01
2.45237031e-07,1.85284375e-01
2.45277031e-07,1.85318750e-01
2.45317031e-07,1.85275000e-01
2.45357031e-07,1.85334375e-01
2.45397031e-07,1.85242188e-01
2.45437031e-07,1.85510938e-01
2.45477031e-07,1.85750000e-01
2.45517031e-07,1.85673438e-01
2.45557031e-07,1.85717188e-01
2.45597031e-07,1.85687500e-01
2.45637031e-07,1.85709375e-01
2.45677031e-07,1.85692187e-01
2.45717031e-07,1.85706250e-01
2.45757031e-07,1.85695313e-01
2.45797031e-07,1.85704688e-01
2.45837031e-07,1.85695313e-01
2.45877031e-07,1.85703125e-01
2.45917031e-07,1.85696875e-01
2.45957031e-07,1.85703125e-01
2.45997031e-07,1.85696875e-01
2.46037031e-07,1.85701563e-01
2.46077031e-07,1.85698438e-01
2.46117031e-07,1.85701563e-01
2.46157031e-07,1.85698438e-01
2.46197031e-07,1.85701563e-01
2.46237031e-07,1.85698438e-01
2.46277031e-07,1.85701563e-01
2.46317031e-07,1.85698438e-01
2.46357031e-07,1.85701563e-01
2.46397031e-07,1.85698438e-01
2.46437031e-07,1.85701563e-01
2.46477031e-07,1.85698438e-01
2.46517031e-07,1.85701563e-01
2.46557031e-07,1.85698438e-01
2.46597031e-07,1.85701563e-01
2.46637031e-07,1.85698438e-01
2.46677031e-07,1.85700000e-01
2.46717031e-07,1.85700000e-01
2.46757031e-07,1.85700000e-01
2.46797031e-07,1.85698438e-01
2.46837031e-07,1.85700000e-01
2.46877031e-07,1.85700000e-01
2.46917031e-07,1.85700000e-01
2.46957031e-07,1.85700000e-01
2.46997031e-07,1.85700000e-01
2.47037031e-07,1.85700000e-01
2.47077031e-07,1.85700000e-01
2.47117031e-07,1.85700000e-01
2.47157031e-07,1.85700000e-01
2.47197031e-07,1.85700000e-01
2.47237031e-07,1.85700000e-01
2.47277031e-07,1.85700000e-01
2.47317031e-07,1.85700000e-01
2.47357031e-07,1.85700000e-01
2.47397031e-07,1.85700000e-01
2.47437031e-07,1.85700000e-01
2.47477031e-07,1.85700000e-01
2.47517031e-07,1.85700000e-01
2.47557031e-07,1.85700000e-01
2.47597031e-07,1.85700000e-01
2.47637031e-07,1.85700000e-01
2.47677031e-07,1.85700000e-01
2.47717031e-07,1.85700000e-01
2.47757031e-07,1.85700000e-01
2.47797031e-07,1.85700000e-01
2.47837031e-07,1.85700000e-01
2.47877031e-07,1.85700000e-01
2.47917031e-07,1.85700000e-01
2.47957031e-07,1.85700000e-01
2.47997031e-07,1.85700000e-01
2.48037031e-07,1.85700000e-01
2.48077031e-07,1.85700000e-01
2.48117031e-07,1.85700000e-01
2.48157031e-07,1.85700000e-01
2.48197031e-07,1.85700000e-01
2.48237031e-07,1.85700000e-01
2.48277031e-07,1.85700000e-01
2.48317031e-07,1.85700000e-01
2.48357031e-07,1.85700000e-01
2.48397031e-07,1.85700000e-01
2.48437031e-07,1.85700000e-01
2.48477031e-07,1.85700000e-01
2.48517031e-07,1.85698438e-01
2.48557031e-07,1.85701563e-01
2.48597031e-07,1.85698438e-01
2.48637031e-07,1.85701563e-01
2.48677031e-07,1.85696875e-01
2.48717031e-07,1.85703125e-01
2.48757031e-07,1.85695313e-01
2.48797031e-07,1.85706250e-01
2.48837031e-07,1.85692187e-01
2.48877031e-07,1.85710938e-01
2.48917031e-07,1.85684375e-01
2.48957031e-07,1.85725000e-01
2.48997031e-07,1.85650000e-01
2.49037031e-07,1.85901563e-01
2.49077031e-07,1.86160938e-01
2.49117031e-07,1.86062500e-01
2.49157031e-07,1.86128125e-01
2.49197031e-07,1.86076563e-01
2.49237031e-07,1.86120312e-01
2.49277031e-07,1.86081250e-01
2.49317031e-07,1.86118750e-01
2.49357031e-07,1.86082812e-01
2.49397031e-07,1.86117188e-01
2.49437031e-07,1.86082812e-01
2.49477031e-07,1.86118750e-01
2.49517031e-07,1.86081250e-01
2.49557031e-07,1.86120312e-01
2.49597031e-07,1.86078125e-01
2.49637031e-07,1.86125000e-01
2.49677031e-07,1.86070313e-01
2.49717031e-07,1.86140625e-01
2.49757031e-07,1.86034375e-01
2.49797031e-07,1.86318750e-01
2.49837031e-07,1.86543750e-01
2.49877031e-07,1.86481250e-01
2.49917031e-07,1.86509375e-01
2.49957031e-07,1.86496875e-01
2.49997031e-07,1.86500000e-01
2.50037031e-07,1.86503125e-01
2.50077031e-07,1.86493750e-01
2.50117031e-07,1.86509375e-01
2.50157031e-07,1.86485938e-01
2.50197031e-07,1.86520313e-01
2.50237031e-07,1.86470313e-01
2.50277031e-07,1.86554688e-01
2.50317031e-07,1.86290625e-01
2.50357031e-07,1.86046875e-01
2.50397031e-07,1.86128125e-01
2.50437031e-07,1.86081250e-01
2.50477031e-07,1.86112500e-01
2.50517031e-07,1.86090625e-01
2.50557031e-07,1.86107812e-01
2.50597031e-07,1.86095312e-01
2.50637031e-07,1.86103125e-01
2.50677031e-07,1.86098438e-01
2.50717031e-07,1.86100000e-01
2.50757031e-07,1.86101563e-01
2.50797031e-07,1.86095312e-01
2.50837031e-07,1.86106250e-01
2.50877031e-07,1.86090625e-01
2.50917031e-07,1.86115625e-01
2.50957031e-07,1.86075000e-01
2.50997031e-07,1.86150000e-01
2.51037031e-07,1.85895313e-01
2.51077031e-07,1.85642187e-01
2.51117031e-07,1.85734375e-01
2.51157031e-07,1.85675000e-01
2.51197031e-07,1.85718750e-01
2.51237031e-07,1.85684375e-01
2.51277031e-07,1.85714062e-01
2.51317031e-07,1.85687500e-01
2.51357031e-07,1.85710938e-01
2.51397031e-07,1.85690625e-01
2.51437031e-07,1.85709375e-01
2.51477031e-07,1.85690625e-01
2.51517031e-07,1.85707813e-01
2.51557031e-07,1.85692187e-01
2.51597031e-07,1.85707813e-01
2.51637031e-07,1.85693750e-01
2.51677031e-07,1.85706250e-01
2.51717031e-07,1.85693750e-01
2.51757031e-07,1.85706250e-01
2.51797031e-07,1.85693750e-01
2.51837031e-07,1.85706250e-01
2.51877031e-07,1.85695313e-01
2.51917031e-07,1.85704688e-01
2.51957031e-07,1.85695313e-01
2.51997031e-07,1.85704688e-01
2.52037031e-07,1.85695313e-01
2.52077031e-07,1.85704688e-01
2.52117031e-07,1.85695313e-01
2.52157031e-07,1.85704688e-01
2.52197031e-07,1.85695313e-01
2.52237031e-07,1.85704688e-01
2.52277031e-07,1.85695313e-01
2.52317031e-07,1.85704688e-01
2.52357031e-07,1.85695313e-01
2.52397031e-07,1.85704688e-01
2.52437031e-07,1.85695313e-01
2.52477031e-07,1.85704688e-01
2.52517031e-07,1.85695313e-01
2.52557031e-07,1.85704688e-01
2.52597031e-07,1.85695313e-01
2.52637031e-07,1.85704688e-01
2.52677031e-07,1.85695313e-01
2.52717031e-07,1.85704688e-01
2.52757031e-07,1.85695313e-01
2.52797031e-07,1.85704688e-01
2.52837031e-07,1.85695313e-01
2.52877031e-07,1.85704688e-01
2.52917031e-07,1.85695313e-01
2.52957031e-07,1.85704688e-01
2.52997031e-07,1.85695313e-01
2.53037031e-07,1.85704688e-01
2.53077031e-07,1.85695313e-01
2.53117031e-07,1.85704688e-01
2.53157031e-07,1.85693750e-01
2.53197031e-07,1.85706250e-01
2.53237031e-07,1.85693750e-01
2.53277031e-07,1.85706250e-01
2.53317031e-07,1.85692187e-01
2.53357031e-07,1.85707813e-01
2.53397031e-07,1.85690625e-01
2.53437031e-07,1.85710938e-01
2.53477031e-07,1.85687500e-01
2.53517031e-07,1.85715625e-01
2.53557031e-07,1.85678125e-01
2.53597031e-07,1.85731250e-01
2.53637031e-07,1.85643750e-01
2.53677031e-07,1.85909375e-01
2.53717031e-07,1.86153125e-01
2.53757031e-07,1.86070313e-01
2.53797031e-07,1.86120312e-01
2.53837031e-07,1.86085938e-01
2.53877031e-07,1.86110938e-01
2.53917031e-07,1.86090625e-01
2.53957031e-07,1.86107812e-01
2.53997031e-07,1.86093750e-01
2.54037031e-07,1.86104688e-01
2.54077031e-07,1.86095312e-01
2.54117031e-07,1.86103125e-01
2.54157031e-07,1.86098438e-01
2.54197031e-07,1.86100000e-01
2.54237031e-07,1.86101563e-01
2.54277031e-07,1.86096875e-01
2.54317031e-07,1.86106250e-01
2.54357031e-07,1.86089063e-01
2.54397031e-07,1.86120312e-01
2.54437031e-07,1.86054688e-01
2.54477031e-07,1.86298437e-01
2.54517031e-07,1.86564063e-01
2.54557031e-07,1.86459375e-01
2.54597031e-07,1.86531250e-01
2.54637031e-07,1.86473438e-01
2.54677031e-07,1.86525000e-01
2.54717031e-07,1.86476562e-01
2.54757031e-07,1.86523438e-01
2.54797031e-07,1.86476562e-01
2.54837031e-07,1.86523438e-01
2.54877031e-07,1.86475000e-01
2.54917031e-07,1.86528125e-01
2.54957031e-07,1.86467188e-01
2.54997031e-07,1.86542188e-01
2.55037031e-07,1.86432813e-01
2.55077031e-07,1.86720313e-01
2.55117031e-07,1.86942187e-01
2.55157031e-07,1.86881250e-01
2.55197031e-07,1.86909375e-01
2.55237031e-07,1.86896875e-01
2.55277031e-07,1.86900000e-01
2.55317031e-07,1.86901563e-01
2.55357031e-07,1.86895313e-01
2.55397031e-07,1.86906250e-01
2.55437031e-07,1.86892188e-01
2.55477031e-07,1.86910938e-01
2.55517031e-07,1.86887500e-01
2.55557031e-07,1.86915625e-01
2.55597031e-07,1.86878125e-01
2.55637031e-07,1.86931250e-01
2.55677031e-07,1.86842188e-01
2.55717031e-07,1.87110938e-01
2.55757031e-07,1.87351563e-01
2.55797031e-07,1.87271875e-01
2.55837031e-07,1.87317188e-01
2.55877031e-07,1.87287500e-01
2.55917031e-07,1.87309375e-01
2.55957031e-07,1.87293750e-01
2.55997031e-07,1.87304688e-01
2.56037031e-07,1.87295313e-01
2.56077031e-07,1.87303125e-01
2.56117031e-07,1.87298437e-01
2.56157031e-07,1.87301563e-01
2.56197031e-07,1.87300000e-01
2.56237031e-07,1.87300000e-01
2.56277031e-07,1.87301563e-01
2.56317031e-07,1.87298437e-01
2.56357031e-07,1.87303125e-01
2.56397031e-07,1.87296875e-01
2.56437031e-07,1.87304688e-01
2.56477031e-07,1.87295313e-01
2.56517031e-07,1.87306250e-01
2.56557031e-07,1.87292188e-01
2.56597031e-07,1.87309375e-01
2.56637031e-07,1.87289063e-01
2.56677031e-07,1.87315625e-01
2.56717031e-07,1.87279688e-01
2.56757031e-07,1.87329688e-01
2.56797031e-07,1.87245313e-01
2.56837031e-07,1.87507813e-01
2.56877031e-07,1.87753125e-01
2.56917031e-07,1.87670313e-01
2.56957031e-07,1.87720313e-01
2.56997031e-07,1.87684375e-01
2.57037031e-07,1.87712500e-01
2.57077031e-07,1.87690625e-01
2.57117031e-07,1.87707813e-01
2.57157031e-07,1.87693750e-01
2.57197031e-07,1.87706250e-01
2.57237031e-07,1.87695313e-01
2.57277031e-07,1.87704687e-01
2.57317031e-07,1.87696875e-01
2.57357031e-07,1.87703125e-01
2.57397031e-07,1.87696875e-01
2.57437031e-07,1.87701563e-01
2.57477031e-07,1.87698438e-01
2.57517031e-07,1.87701563e-01
2.57557031e-07,1.87698438e-01
2.57597031e-07,1.87700000e-01
2.57637031e-07,1.87700000e-01
2.57677031e-07,1.87700000e-01
2.57717031e-07,1.87701563e-01
2.57757031e-07,1.87698438e-01
2.57797031e-07,1.87701563e-01
2.57837031e-07,1.87696875e-01
2.57877031e-07,1.87703125e-01
2.57917031e-07,1.87696875e-01
2.57957031e-07,1.87704687e-01
2.57997031e-07,1.87695313e-01
2.58037031e-07,1.87706250e-01
2.58077031e-07,1.87692187e-01
2.58117031e-07,1.87710938e-01
2.58157031e-07,1.87687500e-01
2.58197031e-07,1.87718750e-01
2.58237031e-07,1.87671875e-01
2.58277031e-07,1.87753125e-01
2.58317031e-07,1.87495313e-01
2.58357031e-07,1.87242188e-01
2.58397031e-07,1.87334375e-01
2.58437031e-07,1.87275000e-01
2.58477031e-07,1.87321875e-01
2.58517031e-07,1.87278125e-01
2.58557031e-07,1.87323437e-01
2.58597031e-07,1.87268750e-01
2.58637031e-07,1.87353125e-01
2.58677031e-07,1.87095312e-01
2.58717031e-07,1.86839063e-01
2.58757031e-07,1.86939063e-01
2.58797031e-07,1.86865625e-01
2.58837031e-07,1.86935938e-01
2.58877031e-07,1.86857812e-01
2.58917031e-07,1.86967188e-01
2.58957031e-07,1.86681250e-01
2.58997031e-07,1.86457813e-01
2.59037031e-07,1.86517188e-01
2.59077031e-07,1.86493750e-01
2.59117031e-07,1.86498438e-01
2.59157031e-07,1.86509375e-01
2.59197031e-07,1.86479688e-01
2.59237031e-07,1.86546875e-01
2.59277031e-07,1.86300000e-01
2.59317031e-07,1.86039063e-01
2.59357031e-07,1.86135938e-01
2.59397031e-07,1.86073437e-01
2.59437031e-07,1.86121875e-01
2.59477031e-07,1.86082812e-01
2.59517031e-07,1.86115625e-01
2.59557031e-07,1.86085938e-01
2.59597031e-07,1.86112500e-01
2.59637031e-07,1.86089063e-01
2.59677031e-07,1.86110938e-01
2.59717031e-07,1.86090625e-01
2.59757031e-07,1.86109375e-01
2.59797031e-07,1.86092188e-01
2.59837031e-07,1.86107812e-01
2.59877031e-07,1.86092188e-01
2.59917031e-07,1.86107812e-01
2.59957031e-07,1.86093750e-01
2.59997031e-07,1.86106250e-01
2.60037031e-07,1.86093750e-01
2.60077031e-07,1.86106250e-01
2.60117031e-07,1.86093750e-01
2.60157031e-07,1.86104688e-01
2.60197031e-07,1.86095312e-01
2.60237031e-07,1.86104688e-01
2.60277031e-07,1.86095312e-01
2.60317031e-07,1.86104688e-01
2.60357031e-07,1.86095312e-01
2.60397031e-07,1.86104688e-01
2.60437031e-07,1.86095312e-01
2.60477031e-07,1.86103125e-01
2.60517031e-07,1.86096875e-01
2.60557031e-07,1.86103125e-01
2.60597031e-07,1.86096875e-01
2.60637031e-07,1.86103125e-01
2.60677031e-07,1.86096875e-01
2.60717031e-07,1.86103125e-01
2.60757031e-07,1.86096875e-01
2.60797031e-07,1.86103125e-01
2.60837031e-07,1.86096875e-01
2.60877031e-07,1.86101563e-01
2.60917031e-07,1.86098438e-01
2.60957031e-07,1.86101563e-01
2.60997031e-07,1.86098438e-01
2.61037031e-07,1.86101563e-01
2.61077031e-07,1.86098438e-01
2.61117031e-07,1.86101563e-01
2.61157031e-07,1.86100000e-01
2.61197031e-07,1.86100000e-01
2.61237031e-07,1.86100000e-01
2.61277031e-07,1.86100000e-01
2.61317031e-07,1.86101563e-01
2.61357031e-07,1.86098438e-01
2.61397031e-07,1.86101563e-01
2.61437031e-07,1.86096875e-01
2.61477031e-07,1.86104688e-01
2.61517031e-07,1.86093750e-01
2.61557031e-07,1.86107812e-01
2.61597031e-07,1.86089063e-01
2.61637031e-07,1.86115625e-01
2.61677031e-07,1.86075000e-01
2.61717031e-07,1.86150000e-01
2.61757031e-07,1.85896875e-01
2.61797031e-07,1.85640625e-01
2.61837031e-07,1.85734375e-01
2.61877031e-07,1.85675000e-01
2.61917031e-07,1.85720313e-01
2.61957031e-07,1.85682813e-01
2.61997031e-07,1.85715625e-01
2.62037031e-07,1.85685938e-01
2.62077031e-07,1.85714062e-01
2.62117031e-07,1.85687500e-01
2.62157031e-07,1.85712500e-01
2.62197031e-07,1.85687500e-01
2.62237031e-07,1.85712500e-01
2.62277031e-07,1.85687500e-01
2.62317031e-07,1.85712500e-01
2.62357031e-07,1.85687500e-01
2.62397031e-07,1.85712500e-01
2.62437031e-07,1.85687500e-01
2.62477031e-07,1.85714062e-01
2.62517031e-07,1.85684375e-01
2.62557031e-07,1.85717188e-01
2.62597031e-07,1.85679687e-01
2.62637031e-07,1.85725000e-01
2.62677031e-07,1.85665625e-01
2.62717031e-07,1.85759375e-01
2.62757031e-07,1.85489062e-01
2.62797031e-07,1.85248438e-01
2.62837031e-07,1.85326563e-01
2.62877031e-07,1.85281250e-01
2.62917031e-07,1.85314063e-01
2.62957031e-07,1.85289063e-01
2.62997031e-07,1.85309375e-01
2.63037031e-07,1.85292188e-01
2.63077031e-07,1.85306250e-01
2.63117031e-07,1.85293750e-01
2.63157031e-07,1.85306250e-01
2.63197031e-07,1.85293750e-01
2.63237031e-07,1.85306250e-01
2.63277031e-07,1.85293750e-01
2.63317031e-07,1.85306250e-01
2.63357031e-07,1.85292188e-01
2.63397031e-07,1.85309375e-01
2.63437031e-07,1.85289063e-01
2.63477031e-07,1.85314063e-01
2.63517031e-07,1.85281250e-01
2.63557031e-07,1.85328125e-01
2.63597031e-07,1.85246875e-01
2.63637031e-07,1.85504688e-01
2.63677031e-07,1.85757813e-01
2.63717031e-07,1.85667187e-01
2.63757031e-07,1.85725000e-01
2.63797031e-07,1.85679687e-01
2.63837031e-07,1.85717188e-01
2.63877031e-07,1.85684375e-01
2.63917031e-07,1.85714062e-01
2.63957031e-07,1.85685938e-01
2.63997031e-07,1.85714062e-01
2.64037031e-07,1.85685938e-01
2.64077031e-07,1.85714062e-01
2.64117031e-07,1.85685938e-01
2.64157031e-07,1.85715625e-01
2.64197031e-07,1.85682813e-01
2.64237031e-07,1.85720313e-01
2.64277031e-07,1.85675000e-01
2.64317031e-07,1.85734375e-01
2.64357031e-07,1.85642187e-01
2.64397031e-07,1.85910938e-01
2.64437031e-07,1.86151563e-01
2.64477031e-07,1.86071875e-01
2.64517031e-07,1.86118750e-01
2.64557031e-07,1.86085938e-01
2.64597031e-07,1.86112500e-01
2.64637031e-07,1.86090625e-01
2.64677031e-07,1.86109375e-01
2.64717031e-07,1.86090625e-01
2.64757031e-07,1.86109375e-01
2.64797031e-07,1.86090625e-01
2.64837031e-07,1.86109375e-01
2.64877031e-07,1.86089063e-01
2.64917031e-07,1.86114063e-01
2.64957031e-07,1.86081250e-01
2.64997031e-07,1.86128125e-01
2.65037031e-07,1.86046875e-01
2.65077031e-07,1.86304688e-01
2.65117031e-07,1.86557813e-01
2.65157031e-07,1.86465625e-01
2.65197031e-07,1.86525000e-01
2.65237031e-07,1.86479688e-01
2.65277031e-07,1.86517188e-01
2.65317031e-07,1.86484375e-01
2.65357031e-07,1.86515625e-01
2.65397031e-07,1.86485938e-01
2.65437031e-07,1.86514062e-01
2.65477031e-07,1.86485938e-01
2.65517031e-07,1.86515625e-01
2.65557031e-07,1.86484375e-01
2.65597031e-07,1.86517188e-01
2.65637031e-07,1.86481250e-01
2.65677031e-07,1.86521875e-01
2.65717031e-07,1.86473438e-01
2.65757031e-07,1.86535937e-01
2.65797031e-07,1.86439063e-01
2.65837031e-07,1.86714062e-01
2.65877031e-07,1.86948438e-01
2.65917031e-07,1.86876563e-01
2.65957031e-07,1.86914063e-01
2.65997031e-07,1.86890625e-01
2.66037031e-07,1.86906250e-01
2.66077031e-07,1.86896875e-01
2.66117031e-07,1.86901563e-01
2.66157031e-07,1.86900000e-01
2.66197031e-07,1.86898438e-01
2.66237031e-07,1.86903125e-01
2.66277031e-07,1.86895313e-01
2.66317031e-07,1.86906250e-01
2.66357031e-07,1.86890625e-01
2.66397031e-07,1.86912500e-01
2.66437031e-07,1.86882812e-01
2.66477031e-07,1.86926563e-01
2.66517031e-07,1.86846875e-01
2.66557031e-07,1.87106250e-01
2.66597031e-07,1.87356250e-01
2.66637031e-07,1.87267188e-01
2.66677031e-07,1.87323437e-01
2.66717031e-07,1.87281250e-01
2.66757031e-07,1.87314063e-01
2.66797031e-07,1.87287500e-01
2.66837031e-07,1.87310937e-01
2.66877031e-07,1.87290625e-01
2.66917031e-07,1.87309375e-01
2.66957031e-07,1.87292188e-01
2.66997031e-07,1.87307813e-01
2.67037031e-07,1.87292188e-01
2.67077031e-07,1.87306250e-01
2.67117031e-07,1.87293750e-01
2.67157031e-07,1.87306250e-01
2.67197031e-07,1.87293750e-01
2.67237031e-07,1.87306250e-01
2.67277031e-07,1.87293750e-01
2.67317031e-07,1.87306250e-01
2.67357031e-07,1.87295313e-01
2.67397031e-07,1.87304688e-01
2.67437031e-07,1.87295313e-01
2.67477031e-07,1.87304688e-01
2.67517031e-07,1.87295313e-01
2.67557031e-07,1.87304688e-01
2.67597031e-07,1.87295313e-01
2.67637031e-07,1.87304688e-01
2.67677031e-07,1.87295313e-01
2.67717031e-07,1.87304688e-01
2.67757031e-07,1.87295313e-01
2.67797031e-07,1.87304688e-01
2.67837031e-07,1.87295313e-01
2.67877031e-07,1.87304688e-01
2.67917031e-07,1.87295313e-01
2.67957031e-07,1.87304688e-01
2.67997031e-07,1.87295313e-01
2.68037031e-07,1.87304688e-01
2.68077031e-07,1.87295313e-01
2.68117031e-07,1.87304688e-01
2.68157031e-07,1.87293750e-01
2.68197031e-07,1.87306250e-01
2.68237031e-07,1.87293750e-01
2.68277031e-07,1.87306250e-01
2.68317031e-07,1.87293750e-01
2.68357031e-07,1.87306250e-01
2.68397031e-07,1.87292188e-01
2.68437031e-07,1.87307813e-01
2.68477031e-07,1.87292188e-01
2.68517031e-07,1.87307813e-01
2.68557031e-07,1.87290625e-01
2.68597031e-07,1.87309375e-01
2.68637031e-07,1.87289063e-01
2.68677031e-07,1.87312500e-01
2.68717031e-07,1.87285937e-01
2.68757031e-07,1.87315625e-01
2.68797031e-07,1.87281250e-01
2.68837031e-07,1.87323437e-01
2.68877031e-07,1.87265625e-01
2.68917031e-07,1.87359375e-01
2.68957031e-07,1.87087500e-01
2.68997031e-07,1.86850000e-01
2.69037031e-07,1.86925000e-01
2.69077031e-07,1.86884375e-01
2.69117031e-07,1.86909375e-01
2.69157031e-07,1.86893750e-01
2.69197031e-07,1.86903125e-01
2.69237031e-07,1.86900000e-01
2.69277031e-07,1.86896875e-01
2.69317031e-07,1.86907812e-01
2.69357031e-07,1.86887500e-01
2.69397031e-07,1.86923438e-01
2.69437031e-07,1.86851563e-01
2.69477031e-07,1.87101563e-01
2.69517031e-07,1.87360938e-01
2.69557031e-07,1.87264062e-01
2.69597031e-07,1.87326563e-01
2.69637031e-07,1.87278125e-01
2.69677031e-07,1.87318750e-01
2.69717031e-07,1.87282813e-01
2.69757031e-07,1.87315625e-01
2.69797031e-07,1.87285937e-01
2.69837031e-07,1.87314063e-01
2.69877031e-07,1.87285937e-01
2.69917031e-07,1.87314063e-01
2.69957031e-07,1.87285937e-01
2.69997031e-07,1.87314063e-01
2.70037031e-07,1.87285937e-01
2.70077031e-07,1.87314063e-01
2.70117031e-07,1.87284375e-01
2.70157031e-07,1.87317188e-01
2.70197031e-07,1.87279688e-01
2.70237031e-07,1.87325000e-01
2.70277031e-07,1.87265625e-01
2.70317031e-07,1.87359375e-01
2.70357031e-07,1.87087500e-01
2.70397031e-07,1.86850000e-01
2.70437031e-07,1.86926563e-01
2.70477031e-07,1.86882812e-01
2.70517031e-07,1.86912500e-01
2.70557031e-07,1.86890625e-01
2.70597031e-07,1.86906250e-01
2.70637031e-07,1.86893750e-01
2.70677031e-07,1.86904687e-01
2.70717031e-07,1.86896875e-01
2.70757031e-07,1.86903125e-01
2.70797031e-07,1.86896875e-01
2.70837031e-07,1.86901563e-01
2.70877031e-07,1.86898438e-01
2.70917031e-07,1.86901563e-01
2.70957031e-07,1.86898438e-01
2.70997031e-07,1.86900000e-01
2.71037031e-07,1.86900000e-01
2.71077031e-07,1.86900000e-01
2.71117031e-07,1.86900000e-01
2.71157031e-07,1.86900000e-01
2.71197031e-07,1.86901563e-01
2.71237031e-07,1.86898438e-01
2.71277031e-07,1.86901563e-01
2.71317031e-07,1.86896875e-01
2.71357031e-07,1.86903125e-01
2.71397031e-07,1.86895313e-01
2.71437031e-07,1.86904687e-01
2.71477031e-07,1.86893750e-01
2.71517031e-07,1.86907812e-01
2.71557031e-07,1.86889063e-01
2.71597031e-07,1.86917187e-01
2.71637031e-07,1.86873438e-01
2.71677031e-07,1.86951563e-01
2.71717031e-07,1.86696875e-01
2.71757031e-07,1.86440625e-01
2.71797031e-07,1.86534375e-01
2.71837031e-07,1.86473438e-01
2.71877031e-07,1.86520313e-01
2.71917031e-07,1.86481250e-01
2.71957031e-07,1.86515625e-01
2.71997031e-07,1.86484375e-01
2.72037031e-07,1.86514062e-01
2.72077031e-07,1.86485938e-01
2.72117031e-07,1.86514062e-01
2.72157031e-07,1.86485938e-01
2.72197031e-07,1.86514062e-01
2.72237031e-07,1.86485938e-01
2.72277031e-07,1.86514062e-01
2.72317031e-07,1.86484375e-01
2.72357031e-07,1.86515625e-01
2.72397031e-07,1.86482813e-01
2.72437031e-07,1.86518750e-01
2.72477031e-07,1.86478125e-01
2.72517031e-07,1.86528125e-01
2.72557031e-07,1.86462500e-01
2.72597031e-07,1.86562500e-01
2.72637031e-07,1.86284375e-01
2.72677031e-07,1.86053125e-01
2.72717031e-07,1.86123438e-01
2.72757031e-07,1.86085938e-01
2.72797031e-07,1.86107812e-01
2.72837031e-07,1.86095312e-01
2.72877031e-07,1.86103125e-01
2.72917031e-07,1.86098438e-01
2.72957031e-07,1.86100000e-01
2.72997031e-07,1.86101563e-01
2.73037031e-07,1.86096875e-01
2.73077031e-07,1.86104688e-01
2.73117031e-07,1.86093750e-01
2.73157031e-07,1.86107812e-01
2.73197031e-07,1.86090625e-01
2.73237031e-07,1.86112500e-01
2.73277031e-07,1.86084375e-01
2.73317031e-07,1.86120312e-01
2.73357031e-07,1.86068750e-01
2.73397031e-07,1.86156250e-01
2.73437031e-07,1.85890625e-01
2.73477031e-07,1.85646875e-01
2.73517031e-07,1.85728125e-01
2.73557031e-07,1.85681250e-01
2.73597031e-07,1.85712500e-01
2.73637031e-07,1.85690625e-01
2.73677031e-07,1.85706250e-01
2.73717031e-07,1.85695313e-01
2.73757031e-07,1.85703125e-01
2.73797031e-07,1.85700000e-01
2.73837031e-07,1.85698438e-01
2.73877031e-07,1.85704688e-01
2.73917031e-07,1.85692187e-01
2.73957031e-07,1.85714062e-01
2.73997031e-07,1.85676563e-01
2.74037031e-07,1.85748438e-01
2.74077031e-07,1.85498438e-01
2.74117031e-07,1.85240625e-01
2.74157031e-07,1.85335938e-01
2.74197031e-07,1.85273437e-01
2.74237031e-07,1.85320313e-01
2.74277031e-07,1.85282813e-01
2.74317031e-07,1.85315625e-01
2.74357031e-07,1.85285937e-01
2.74397031e-07,1.85312500e-01
2.74437031e-07,1.85287500e-01
2.74477031e-07,1.85310937e-01
2.74517031e-07,1.85289063e-01
2.74557031e-07,1.85309375e-01
2.74597031e-07,1.85290625e-01
2.74637031e-07,1.85309375e-01
2.74677031e-07,1.85290625e-01
2.74717031e-07,1.85307813e-01
2.74757031e-07,1.85292188e-01
2.74797031e-07,1.85307813e-01
2.74837031e-07,1.85292188e-01
2.74877031e-07,1.85307813e-01
2.74917031e-07,1.85292188e-01
2.74957031e-07,1.85307813e-01
2.74997031e-07,1.85292188e-01
2.75037031e-07,1.85307813e-01
2.75077031e-07,1.85292188e-01
2.75117031e-07,1.85307813e-01
2.75157031e-07,1.85292188e-01
2.75197031e-07,1.85307813e-01
2.75237031e-07,1.85292188e-01
2.75277031e-07,1.85307813e-01
2.75317031e-07,1.85292188e-01
2.75357031e-07,1.85307813e-01
2.75397031e-07,1.85292188e-01
2.75437031e-07,1.85307813e-01
2.75477031e-07,1.85290625e-01
2.75517031e-07,1.85309375e-01
2.75557031e-07,1.85290625e-01
2.75597031e-07,1.85309375e-01
2.75637031e-07,1.85289063e-01
2.75677031e-07,1.85310937e-01
2.75717031e-07,1.85287500e-01
2.75757031e-07,1.85314063e-01
2.75797031e-07,1.85284375e-01
2.75837031e-07,1.85318750e-01
2.75877031e-07,1.85275000e-01
2.75917031e-07,1.85334375e-01
2.75957031e-07,1.85240625e-01
2.75997031e-07,1.85512500e-01
2.76037031e-07,1.85750000e-01
2.76077031e-07,1.85673438e-01
2.76117031e-07,1.85717188e-01
2.76157031e-07,1.85689063e-01
2.76197031e-07,1.85707813e-01
2.76237031e-07,1.85693750e-01
2.76277031e-07,1.85704688e-01
2.76317031e-07,1.85696875e-01
2.76357031e-07,1.85701563e-01
2.76397031e-07,1.85700000e-01
2.76437031e-07,1.85698438e-01
2.76477031e-07,1.85703125e-01
2.76517031e-07,1.85693750e-01
2.76557031e-07,1.85709375e-01
2.76597031e-07,1.85685938e-01
2.76637031e-07,1.85723438e-01
2.76677031e-07,1.85651563e-01
2.76717031e-07,1.85901563e-01
2.76757031e-07,1.86160938e-01
2.76797031e-07,1.86062500e-01
2.76837031e-07,1.86128125e-01
2.76877031e-07,1.86076563e-01
2.76917031e-07,1.86121875e-01
2.76957031e-07,1.86079688e-01
2.76997031e-07,1.86120312e-01
2.77037031e-07,1.86079688e-01
2.77077031e-07,1.86120312e-01
2.77117031e-07,1.86078125e-01
2.77157031e-07,1.86125000e-01
2.77197031e-07,1.86070313e-01
2.77237031e-07,1.86139063e-01
2.77277031e-07,1.86035937e-01
2.77317031e-07,1.86317188e-01
2.77357031e-07,1.86545313e-01
2.77397031e-07,1.86478125e-01
2.77437031e-07,1.86512500e-01
2.77477031e-07,1.86493750e-01
2.77517031e-07,1.86503125e-01
2.77557031e-07,1.86500000e-01
2.77597031e-07,1.86498438e-01
2.77637031e-07,1.86504688e-01
2.77677031e-07,1.86492188e-01
2.77717031e-07,1.86510938e-01
2.77757031e-07,1.86484375e-01
2.77797031e-07,1.86526562e-01
2.77837031e-07,1.86448438e-01
2.77877031e-07,1.86704688e-01
2.77917031e-07,1.86957813e-01
2.77957031e-07,1.86867188e-01
2.77997031e-07,1.86923438e-01
2.78037031e-07,1.86881250e-01
2.78077031e-07,1.86915625e-01
2.78117031e-07,1.86887500e-01
2.78157031e-07,1.86910938e-01
2.78197031e-07,1.86889063e-01
2.78237031e-07,1.86909375e-01
2.78277031e-07,1.86890625e-01
2.78317031e-07,1.86907812e-01
2.78357031e-07,1.86892188e-01
2.78397031e-07,1.86907812e-01
2.78437031e-07,1.86893750e-01
2.78477031e-07,1.86906250e-01
2.78517031e-07,1.86893750e-01
2.78557031e-07,1.86906250e-01
2.78597031e-07,1.86893750e-01
2.78637031e-07,1.86906250e-01
2.78677031e-07,1.86893750e-01
2.78717031e-07,1.86904687e-01
2.78757031e-07,1.86895313e-01
2.78797031e-07,1.86904687e-01
2.78837031e-07,1.86895313e-01
2.78877031e-07,1.86904687e-01
2.78917031e-07,1.86895313e-01
2.78957031e-07,1.86904687e-01
2.78997031e-07,1.86895313e-01
2.79037031e-07,1.86904687e-01
2.79077031e-07,1.86895313e-01
2.79117031e-07,1.86904687e-01
2.79157031e-07,1.86895313e-01
2.79197031e-07,1.86904687e-01
2.79237031e-07,1.86895313e-01
2.79277031e-07,1.86904687e-01
2.79317031e-07,1.86895313e-01
2.79357031e-07,1.86904687e-01
2.79397031e-07,1.86895313e-01
2.79437031e-07,1.86904687e-01
2.79477031e-07,1.86895313e-01
2.79517031e-07,1.86904687e-01
2.79557031e-07,1.86895313e-01
2.79597031e-07,1.86904687e-01
2.79637031e-07,1.86895313e-01
2.79677031e-07,1.86906250e-01
2.79717031e-07,1.86893750e-01
2.79757031e-07,1.86906250e-01
2.79797031e-07,1.86893750e-01
2.79837031e-07,1.86906250e-01
2.79877031e-07,1.86893750e-01
2.79917031e-07,1.86906250e-01
2.79957031e-07,1.86892188e-01
2.79997031e-07,1.86907812e-01
2.80037031e-07,1.86890625e-01
2.80077031e-07,1.86909375e-01
2.80117031e-07,1.86889063e-01
2.80157031e-07,1.86912500e-01
2.80197031e-07,1.86885938e-01
2.80237031e-07,1.86917187e-01
2.80277031e-07,1.86878125e-01
2.80317031e-07,1.86931250e-01
2.80357031e-07,1.86843750e-01
2.80397031e-07,1.87109375e-01
2.80437031e-07,1.87353125e-01
2.80477031e-07,1.87271875e-01
2.80517031e-07,1.87318750e-01
2.80557031e-07,1.87285937e-01
2.80597031e-07,1.87310937e-01
2.80637031e-07,1.87290625e-01
2.80677031e-07,1.87307813e-01
2.80717031e-07,1.87293750e-01
2.80757031e-07,1.87306250e-01
2.80797031e-07,1.87293750e-01
2.80837031e-07,1.87304688e-01
2.80877031e-07,1.87295313e-01
2.80917031e-07,1.87304688e-01
2.80957031e-07,1.87295313e-01
2.80997031e-07,1.87303125e-01
2.81037031e-07,1.87296875e-01
2.81077031e-07,1.87303125e-01
2.81117031e-07,1.87296875e-01
2.81157031e-07,1.87303125e-01
2.81197031e-07,1.87296875e-01
2.81237031e-07,1.87303125e-01
2.81277031e-07,1.87296875e-01
2.81317031e-07,1.87303125e-01
2.81357031e-07,1.87296875e-01
2.81397031e-07,1.87303125e-01
2.81437031e-07,1.87296875e-01
2.81477031e-07,1.87303125e-01
2.81517031e-07,1.87295313e-01
2.81557031e-07,1.87304688e-01
2.81597031e-07,1.87295313e-01
2.81637031e-07,1.87306250e-01
2.81677031e-07,1.87293750e-01
2.81717031e-07,1.87307813e-01
2.81757031e-07,1.87290625e-01
2.81797031e-07,1.87310937e-01
2.81837031e-07,1.87285937e-01
2.81877031e-07,1.87318750e-01
2.81917031e-07,1.87271875e-01
2.81957031e-07,1.87353125e-01
2.81997031e-07,1.87093750e-01
2.82037031e-07,1.86843750e-01
2.82077031e-07,1.86932813e-01
2.82117031e-07,1.86876563e-01
2.82157031e-07,1.86918750e-01
2.82197031e-07,1.86884375e-01
2.82237031e-07,1.86914063e-01
2.82277031e-07,1.86887500e-01
2.82317031e-07,1.86912500e-01
2.82357031e-07,1.86887500e-01
2.82397031e-07,1.86910938e-01
2.82437031e-07,1.86889063e-01
2.82477031e-07,1.86910938e-01
2.82517031e-07,1.86889063e-01
2.82557031e-07,1.86910938e-01
2.82597031e-07,1.86887500e-01
2.82637031e-07,1.86912500e-01
2.82677031e-07,1.86885938e-01
2.82717031e-07,1.86915625e-01
2.82757031e-07,1.86882812e-01
2.82797031e-07,1.86920313e-01
2.82837031e-07,1.86875000e-01
2.82877031e-07,1.86934375e-01
2.82917031e-07,1.86840625e-01
2.82957031e-07,1.87112500e-01
2.82997031e-07,1.87350000e-01
2.83037031e-07,1.87273438e-01
2.83077031e-07,1.87317188e-01
2.83117031e-07,1.87287500e-01
2.83157031e-07,1.87309375e-01
2.83197031e-07,1.87293750e-01
2.83237031e-07,1.87304688e-01
2.83277031e-07,1.87295313e-01
2.83317031e-07,1.87303125e-01
2.83357031e-07,1.87296875e-01
2.83397031e-07,1.87301563e-01
2.83437031e-07,1.87298437e-01
2.83477031e-07,1.87301563e-01
2.83517031e-07,1.87300000e-01
2.83557031e-07,1.87300000e-01
2.83597031e-07,1.87300000e-01
2.83637031e-07,1.87300000e-01
2.83677031e-07,1.87301563e-01
2.83717031e-07,1.87298437e-01
2.83757031e-07,1.87301563e-01
2.83797031e-07,1.87298437e-01
2.83837031e-07,1.87303125e-01
2.83877031e-07,1.87296875e-01
2.83917031e-07,1.87304688e-01
2.83957031e-07,1.87295313e-01
2.83997031e-07,1.87306250e-01
2.84037031e-07,1.87292188e-01
2.84077031e-07,1.87309375e-01
2.84117031e-07,1.87287500e-01
2.84157031e-07,1.87317188e-01
2.84197031e-07,1.87273438e-01
2.84237031e-07,1.87350000e-01
2.84277031e-07,1.87096875e-01
2.84317031e-07,1.86840625e-01
2.84357031e-07,1.86935938e-01
2.84397031e-07,1.86871875e-01
2.84437031e-07,1.86925000e-01
2.84477031e-07,1.86875000e-01
2.84517031e-07,1.86928125e-01
2.84557031e-07,1.86864063e-01
2.84597031e-07,1.86959375e-01
2.84637031e-07,1.86689063e-01
2.84677031e-07,1.86446875e-01
2.84717031e-07,1.86529688e-01
2.84757031e-07,1.86478125e-01
2.84797031e-07,1.86518750e-01
2.84837031e-07,1.86482813e-01
2.84877031e-07,1.86517188e-01
2.84917031e-07,1.86479688e-01
2.84957031e-07,1.86523438e-01
2.84997031e-07,1.86467188e-01
2.85037031e-07,1.86557813e-01
2.85077031e-07,1.86290625e-01
2.85117031e-07,1.86046875e-01
2.85157031e-07,1.86129688e-01
2.85197031e-07,1.86079688e-01
2.85237031e-07,1.86115625e-01
2.85277031e-07,1.86087500e-01
2.85317031e-07,1.86110938e-01
2.85357031e-07,1.86090625e-01
2.85397031e-07,1.86107812e-01
2.85437031e-07,1.86092188e-01
2.85477031e-07,1.86107812e-01
2.85517031e-07,1.86093750e-01
2.85557031e-07,1.86106250e-01
2.85597031e-07,1.86093750e-01
2.85637031e-07,1.86106250e-01
2.85677031e-07,1.86093750e-01
2.85717031e-07,1.86107812e-01
2.85757031e-07,1.86092188e-01
2.85797031e-07,1.86107812e-01
2.85837031e-07,1.86090625e-01
2.85877031e-07,1.86109375e-01
2.85917031e-07,1.86087500e-01
2.85957031e-07,1.86114063e-01
2.85997031e-07,1.86081250e-01
2.86037031e-07,1.86128125e-01
2.86077031e-07,1.86046875e-01
2.86117031e-07,1.86306250e-01
2.86157031e-07,1.86556250e-01
2.86197031e-07,1.86467188e-01
2.86237031e-07,1.86525000e-01
2.86277031e-07,1.86479688e-01
2.86317031e-07,1.86517188e-01
2.86357031e-07,1.86484375e-01
2.86397031e-07,1.86515625e-01
2.86437031e-07,1.86484375e-01
2.86477031e-07,1.86515625e-01
2.86517031e-07,1.86484375e-01
2.86557031e-07,1.86517188e-01
2.86597031e-07,1.86481250e-01
2.86637031e-07,1.86521875e-01
2.86677031e-07,1.86473438e-01
2.86717031e-07,1.86535937e-01
2.86757031e-07,1.86439063e-01
2.86797031e-07,1.86714062e-01
2.86837031e-07,1.86946875e-01
2.86877031e-07,1.86876563e-01
2.86917031e-07,1.86914063e-01
2.86957031e-07,1.86892188e-01
2.86997031e-07,1.86903125e-01
2.87037031e-07,1.86900000e-01
2.87077031e-07,1.86896875e-01
2.87117031e-07,1.86907812e-01
2.87157031e-07,1.86887500e-01
2.87197031e-07,1.86923438e-01
2.87237031e-07,1.86851563e-01
2.87277031e-07,1.87103125e-01
2.87317031e-07,1.87359375e-01
2.87357031e-07,1.87264062e-01
2.87397031e-07,1.87326563e-01
2.87437031e-07,1.87279688e-01
2.87477031e-07,1.87317188e-01
2.87517031e-07,1.87284375e-01
2.87557031e-07,1.87314063e-01
2.87597031e-07,1.87287500e-01
2.87637031e-07,1.87312500e-01
2.87677031e-07,1.87289063e-01
2.87717031e-07,1.87310937e-01
2.87757031e-07,1.87290625e-01
2.87797031e-07,1.87309375e-01
2.87837031e-07,1.87290625e-01
2.87877031e-07,1.87309375e-01
2.87917031e-07,1.87290625e-01
2.87957031e-07,1.87309375e-01
2.87997031e-07,1.87290625e-01
2.88037031e-07,1.87309375e-01
2.88077031e-07,1.87290625e-01
2.88117031e-07,1.87309375e-01
2.88157031e-07,1.87290625e-01
2.88197031e-07,1.87309375e-01
2.88237031e-07,1.87290625e-01
2.88277031e-07,1.87309375e-01
2.88317031e-07,1.87289063e-01
2.88357031e-07,1.87310937e-01
2.88397031e-07,1.87287500e-01
2.88437031e-07,1.87314063e-01
2.88477031e-07,1.87282813e-01
2.88517031e-07,1.87321875e-01
2.88557031e-07,1.87268750e-01
2.88597031e-07,1.87356250e-01
2.88637031e-07,1.87092188e-01
2.88677031e-07,1.86845312e-01
2.88717031e-07,1.86931250e-01
2.88757031e-07,1.86876563e-01
2.88797031e-07,1.86918750e-01
2.88837031e-07,1.86882812e-01
2.88877031e-07,1.86917187e-01
2.88917031e-07,1.86881250e-01
2.88957031e-07,1.86923438e-01
2.88997031e-07,1.86868750e-01
2.89037031e-07,1.86956250e-01
2.89077031e-07,1.86690625e-01
2.89117031e-07,1.86445313e-01
2.89157031e-07,1.86531250e-01
2.89197031e-07,1.86478125e-01
2.89237031e-07,1.86517188e-01
2.89277031e-07,1.86485938e-01
2.89317031e-07,1.86512500e-01
2.89357031e-07,1.86489062e-01
2.89397031e-07,1.86510938e-01
2.89437031e-07,1.86489062e-01
2.89477031e-07,1.86509375e-01
2.89517031e-07,1.86490625e-01
2.89557031e-07,1.86509375e-01
2.89597031e-07,1.86490625e-01
2.89637031e-07,1.86509375e-01
2.89677031e-07,1.86490625e-01
2.89717031e-07,1.86509375e-01
2.89757031e-07,1.86490625e-01
2.89797031e-07,1.86510938e-01
2.89837031e-07,1.86489062e-01
2.89877031e-07,1.86510938e-01
2.89917031e-07,1.86487500e-01
2.89957031e-07,1.86514062e-01
2.89997031e-07,1.86484375e-01
2.90037031e-07,1.86517188e-01
2.90077031e-07,1.86479688e-01
2.90117031e-07,1.86525000e-01
2.90157031e-07,1.86465625e-01
2.90197031e-07,1.86559375e-01
2.90237031e-07,1.86287500e-01
2.90277031e-07,1.86050000e-01
2.90317031e-07,1.86125000e-01
2.90357031e-07,1.86084375e-01
2.90397031e-07,1.86110938e-01
2.90437031e-07,1.86092188e-01
2.90477031e-07,1.86106250e-01
2.90517031e-07,1.86095312e-01
2.90557031e-07,1.86103125e-01
2.90597031e-07,1.86096875e-01
2.90637031e-07,1.86101563e-01
2.90677031e-07,1.86098438e-01
2.90717031e-07,1.86101563e-01
2.90757031e-07,1.86100000e-01
2.90797031e-07,1.86100000e-01
2.90837031e-07,1.86100000e-01
2.90877031e-07,1.86098438e-01
2.90917031e-07,1.86101563e-01
2.90957031e-07,1.86098438e-01
2.90997031e-07,1.86101563e-01
2.91037031e-07,1.86098438e-01
2.91077031e-07,1.86103125e-01
2.91117031e-07,1.86096875e-01
2.91157031e-07,1.86103125e-01
2.91197031e-07,1.86096875e-01
2.91237031e-07,1.86103125e-01
2.91277031e-07,1.86095312e-01
2.91317031e-07,1.86104688e-01
2.91357031e-07,1.86095312e-01
2.91397031e-07,1.86104688e-01
2.91437031e-07,1.86093750e-01
2.91477031e-07,1.86106250e-01
2.91517031e-07,1.86093750e-01
2.91557031e-07,1.86107812e-01
2.91597031e-07,1.86092188e-01
2.91637031e-07,1.86109375e-01
2.91677031e-07,1.86089063e-01
2.91717031e-07,1.86112500e-01
2.91757031e-07,1.86085938e-01
2.91797031e-07,1.86117188e-01
2.91837031e-07,1.86076563e-01
2.91877031e-07,1.86132812e-01
2.91917031e-07,1.86042188e-01
2.91957031e-07,1.86310937e-01
2.91997031e-07,1.86550000e-01
2.92037031e-07,1.86473438e-01
2.92077031e-07,1.86515625e-01
2.92117031e-07,1.86489062e-01
2.92157031e-07,1.86507813e-01
2.92197031e-07,1.86495313e-01
2.92237031e-07,1.86503125e-01
2.92277031e-07,1.86500000e-01
2.92317031e-07,1.86498438e-01
2.92357031e-07,1.86503125e-01
2.92397031e-07,1.86493750e-01
2.92437031e-07,1.86509375e-01
2.92477031e-07,1.86484375e-01
2.92517031e-07,1.86525000e-01
2.92557031e-07,1.86448438e-01
2.92597031e-07,1.86704688e-01
2.92637031e-07,1.86957813e-01
2.92677031e-07,1.86865625e-01
2.92717031e-07,1.86923438e-01
2.92757031e-07,1.86881250e-01
2.92797031e-07,1.86915625e-01
2.92837031e-07,1.86885938e-01
2.92877031e-07,1.86910938e-01
2.92917031e-07,1.86889063e-01
2.92957031e-07,1.86909375e-01
2.92997031e-07,1.86890625e-01
2.93037031e-07,1.86907812e-01
2.93077031e-07,1.86892188e-01
2.93117031e-07,1.86906250e-01
2.93157031e-07,1.86893750e-01
2.93197031e-07,1.86906250e-01
2.93237031e-07,1.86895313e-01
2.93277031e-07,1.86904687e-01
2.93317031e-07,1.86895313e-01
2.93357031e-07,1.86904687e-01
2.93397031e-07,1.86896875e-01
2.93437031e-07,1.86903125e-01
2.93477031e-07,1.86896875e-01
2.93517031e-07,1.86903125e-01
2.93557031e-07,1.86896875e-01
2.93597031e-07,1.86901563e-01
2.93637031e-07,1.86898438e-01
2.93677031e-07,1.86901563e-01
2.93717031e-07,1.86900000e-01
2.93757031e-07,1.86900000e-01
2.93797031e-07,1.86900000e-01
2.93837031e-07,1.86898438e-01
2.93877031e-07,1.86901563e-01
2.93917031e-07,1.86896875e-01
2.93957031e-07,1.86904687e-01
2.93997031e-07,1.86892188e-01
2.94037031e-07,1.86910938e-01
2.94077031e-07,1.86884375e-01
2.94117031e-07,1.86925000e-01
2.94157031e-07,1.86850000e-01
2.94197031e-07,1.87103125e-01
2.94237031e-07,1.87359375e-01
2.94277031e-07,1.87265625e-01
2.94317031e-07,1.87325000e-01
2.94357031e-07,1.87279688e-01
2.94397031e-07,1.87317188e-01
2.94437031e-07,1.87284375e-01
2.94477031e-07,1.87314063e-01
2.94517031e-07,1.87287500e-01
2.94557031e-07,1.87312500e-01
2.94597031e-07,1.87289063e-01
2.94637031e-07,1.87310937e-01
2.94677031e-07,1.87289063e-01
2.94717031e-07,1.87309375e-01
2.94757031e-07,1.87290625e-01
2.94797031e-07,1.87309375e-01
2.94837031e-07,1.87290625e-01
2.94877031e-07,1.87309375e-01
2.94917031e-07,1.87290625e-01
2.94957031e-07,1.87309375e-01
2.94997031e-07,1.87292188e-01
2.95037031e-07,1.87307813e-01
2.95077031e-07,1.87292188e-01
2.95117031e-07,1.87307813e-01
2.95157031e-07,1.87292188e-01
2.95197031e-07,1.87307813e-01
2.95237031e-07,1.87292188e-01
2.95277031e-07,1.87307813e-01
2.95317031e-07,1.87292188e-01
2.95357031e-07,1.87307813e-01
2.95397031e-07,1.87292188e-01
2.95437031e-07,1.87307813e-01
2.95477031e-07,1.87292188e-01
2.95517031e-07,1.87307813e-01
2.95557031e-07,1.87292188e-01
2.95597031e-07,1.87307813e-01
2.95637031e-07,1.87292188e-01
2.95677031e-07,1.87307813e-01
2.95717031e-07,1.87292188e-01
2.95757031e-07,1.87307813e-01
2.95797031e-07,1.87290625e-01
2.95837031e-07,1.87309375e-01
2.95877031e-07,1.87290625e-01
2.95917031e-07,1.87309375e-01
2.95957031e-07,1.87290625e-01
2.95997031e-07,1.87309375e-01
2.96037031e-07,1.87290625e-01
2.96077031e-07,1.87310937e-01
2.96117031e-07,1.87289063e-01
2.96157031e-07,1.87310937e-01
2.96197031e-07,1.87287500e-01
2.96237031e-07,1.87312500e-01
2.96277031e-07,1.87285937e-01
2.96317031e-07,1.87314063e-01
2.96357031e-07,1.87282813e-01
2.96397031e-07,1.87318750e-01
2.96437031e-07,1.87278125e-01
2.96477031e-07,1.87326563e-01
2.96517031e-07,1.87264062e-01
2.96557031e-07,1.87360938e-01
2.96597031e-07,1.87085938e-01
2.96637031e-07,1.86853125e-01
2.96677031e-07,1.86923438e-01
2.96717031e-07,1.86885938e-01
2.96757031e-07,1.86909375e-01
2.96797031e-07,1.86893750e-01
2.96837031e-07,1.86903125e-01
2.96877031e-07,1.86898438e-01
2.96917031e-07,1.86900000e-01
2.96957031e-07,1.86900000e-01
2.96997031e-07,1.86898438e-01
2.97037031e-07,1.86903125e-01
2.97077031e-07,1.86896875e-01
2.97117031e-07,1.86904687e-01
2.97157031e-07,1.86895313e-01
2.97197031e-07,1.86906250e-01
2.97237031e-07,1.86893750e-01
2.97277031e-07,1.86907812e-01
2.97317031e-07,1.86892188e-01
2.97357031e-07,1.86909375e-01
2.97397031e-07,1.86889063e-01
2.97437031e-07,1.86912500e-01
2.97477031e-07,1.86884375e-01
2.97517031e-07,1.86918750e-01
2.97557031e-07,1.86876563e-01
2.97597031e-07,1.86934375e-01
2.97637031e-07,1.86840625e-01
2.97677031e-07,1.87112500e-01
2.97717031e-07,1.87350000e-01
2.97757031e-07,1.87275000e-01
2.97797031e-07,1.87315625e-01
2.97837031e-07,1.87290625e-01
2.97877031e-07,1.87306250e-01
2.97917031e-07,1.87296875e-01
2.97957031e-07,1.87300000e-01
2.97997031e-07,1.87303125e-01
2.98037031e-07,1.87295313e-01
2.98077031e-07,1.87309375e-01
2.98117031e-07,1.87284375e-01
2.98157031e-07,1.87325000e-01
2.98197031e-07,1.87250000e-01
2.98237031e-07,1.87503125e-01
2.98277031e-07,1.87757813e-01
2.98317031e-07,1.87665625e-01
2.98357031e-07,1.87725000e-01
2.98397031e-07,1.87681250e-01
2.98437031e-07,1.87715625e-01
2.98477031e-07,1.87685938e-01
2.98517031e-07,1.87712500e-01
2.98557031e-07,1.87689063e-01
2.98597031e-07,1.87709375e-01
2.98637031e-07,1.87690625e-01
2.98677031e-07,1.87709375e-01
2.98717031e-07,1.87692187e-01
2.98757031e-07,1.87707813e-01
2.98797031e-07,1.87692187e-01
2.98837031e-07,1.87706250e-01
2.98877031e-07,1.87693750e-01
2.98917031e-07,1.87706250e-01
2.98957031e-07,1.87693750e-01
2.98997031e-07,1.87706250e-01
2.99037031e-07,1.87693750e-01
2.99077031e-07,1.87706250e-01
2.99117031e-07,1.87693750e-01
2.99157031e-07,1.87706250e-01
2.99197031e-07,1.87693750e-01
2.99237031e-07,1.87707813e-01
2.99277031e-07,1.87692187e-01
2.99317031e-07,1.87709375e-01
2.99357031e-07,1.87689063e-01
2.99397031e-07,1.87712500e-01
2.99437031e-07,1.87685938e-01
2.99477031e-07,1.87718750e-01
2.99517031e-07,1.87671875e-01
2.99557031e-07,1.87753125e-01
2.99597031e-07,1.87493750e-01
2.99637031e-07,1.87243750e-01
2.99677031e-07,1.87332813e-01
2.99717031e-07,1.87276563e-01
2.99757031e-07,1.87320313e-01
2.99797031e-07,1.87282813e-01
2.99837031e-07,1.87315625e-01
2.99877031e-07,1.87284375e-01
2.99917031e-07,1.87314063e-01
2.99957031e-07,1.87285937e-01
2.99997031e-07,1.87315625e-01
3.00037031e-07,1.87282813e-01
3.00077031e-07,1.87318750e-01
3.00117031e-07,1.87278125e-01
3.00157031e-07,1.87326563e-01
3.00197031e-07,1.87264062e-01
3.00237031e-07,1.87360938e-01
3.00277031e-07,1.87085938e-01
3.00317031e-07,1.86851563e-01
3.00357031e-07,1.86923438e-01
3.00397031e-07,1.86885938e-01
3.00437031e-07,1.86909375e-01
3.00477031e-07,1.86895313e-01
3.00517031e-07,1.86903125e-01
3.00557031e-07,1.86900000e-01
3.00597031e-07,1.86896875e-01
3.00637031e-07,1.86904687e-01
3.00677031e-07,1.86890625e-01
3.00717031e-07,1.86914063e-01
3.00757031e-07,1.86875000e-01
3.00797031e-07,1.86950000e-01
3.00837031e-07,1.86696875e-01
3.00877031e-07,1.86440625e-01
3.00917031e-07,1.86534375e-01
3.00957031e-07,1.86475000e-01
3.00997031e-07,1.86520313e-01
3.01037031e-07,1.86482813e-01
3.01077031e-07,1.86514062e-01
3.01117031e-07,1.86487500e-01
3.01157031e-07,1.86512500e-01
3.01197031e-07,1.86489062e-01
3.01237031e-07,1.86510938e-01
3.01277031e-07,1.86490625e-01
3.01317031e-07,1.86509375e-01
3.01357031e-07,1.86490625e-01
3.01397031e-07,1.86507813e-01
3.01437031e-07,1.86492188e-01
3.01477031e-07,1.86507813e-01
3.01517031e-07,1.86492188e-01
3.01557031e-07,1.86507813e-01
3.01597031e-07,1.86492188e-01
3.01637031e-07,1.86507813e-01
3.01677031e-07,1.86492188e-01
3.01717031e-07,1.86507813e-01
3.01757031e-07,1.86492188e-01
3.01797031e-07,1.86507813e-01
3.01837031e-07,1.86492188e-01
3.01877031e-07,1.86507813e-01
3.01917031e-07,1.86492188e-01
3.01957031e-07,1.86507813e-01
3.01997031e-07,1.86492188e-01
3.02037031e-07,1.86507813e-01
3.02077031e-07,1.86490625e-01
3.02117031e-07,1.86509375e-01
3.02157031e-07,1.86490625e-01
3.02197031e-07,1.86510938e-01
3.02237031e-07,1.86487500e-01
3.02277031e-07,1.86512500e-01
3.02317031e-07,1.86484375e-01
3.02357031e-07,1.86518750e-01
3.02397031e-07,1.86476562e-01
3.02437031e-07,1.86532813e-01
3.02477031e-07,1.86442187e-01
3.02517031e-07,1.86710938e-01
3.02557031e-07,1.86951563e-01
3.02597031e-07,1.86871875e-01
3.02637031e-07,1.86918750e-01
3.02677031e-07,1.86885938e-01
3.02717031e-07,1.86910938e-01
3.02757031e-07,1.86892188e-01
3.02797031e-07,1.86906250e-01
3.02837031e-07,1.86893750e-01
3.02877031e-07,1.86904687e-01
3.02917031e-07,1.86895313e-01
3.02957031e-07,1.86903125e-01
3.02997031e-07,1.86896875e-01
3.03037031e-07,1.86903125e-01
3.03077031e-07,1.86896875e-01
3.03117031e-07,1.86903125e-01
3.03157031e-07,1.86898438e-01
3.03197031e-07,1.86901563e-01
3.03237031e-07,1.86898438e-01
3.03277031e-07,1.86901563e-01
3.03317031e-07,1.86898438e-01
3.03357031e-07,1.86901563e-01
3.03397031e-07,1.86898438e-01
3.03437031e-07,1.86901563e-01
3.03477031e-07,1.86898438e-01
3.03517031e-07,1.86900000e-01
3.03557031e-07,1.86900000e-01
3.03597031e-07,1.86900000e-01
3.03637031e-07,1.86900000e-01
3.03677031e-07,1.86900000e-01
3.03717031e-07,1.86900000e-01
3.03757031e-07,1.86900000e-01
3.03797031e-07,1.86900000e-01
3.03837031e-07,1.86900000e-01
3.03877031e-07,1.86900000e-01
3.03917031e-07,1.86900000e-01
3.03957031e-07,1.86900000e-01
3.03997031e-07,1.86900000e-01
3.04037031e-07,1.86901563e-01
3.04077031e-07,1.86898438e-01
3.04117031e-07,1.86901563e-01
3.04157031e-07,1.86898438e-01
3.04197031e-07,1.86901563e-01
3.04237031e-07,1.86898438e-01
3.04277031e-07,1.86901563e-01
3.04317031e-07,1.86896875e-01
3.04357031e-07,1.86903125e-01
3.04397031e-07,1.86896875e-01
3.04437031e-07,1.86904687e-01
3.04477031e-07,1.86893750e-01
3.04517031e-07,1.86906250e-01
3.04557031e-07,1.86890625e-01
3.04597031e-07,1.86912500e-01
3.04637031e-07,1.86882812e-01
3.04677031e-07,1.86926563e-01
3.04717031e-07,1.86848438e-01
3.04757031e-07,1.87103125e-01
3.04797031e-07,1.87359375e-01
3.04837031e-07,1.87264062e-01
3.04877031e-07,1.87326563e-01
3.04917031e-07,1.87278125e-01
3.04957031e-07,1.87320313e-01
3.04997031e-07,1.87281250e-01
3.05037031e-07,1.87318750e-01
3.05077031e-07,1.87279688e-01
3.05117031e-07,1.87321875e-01
3.05157031e-07,1.87275000e-01
3.05197031e-07,1.87334375e-01
3.05237031e-07,1.87240625e-01
3.05277031e-07,1.87510938e-01
3.05317031e-07,1.87751562e-01
3.05357031e-07,1.87671875e-01
3.05397031e-07,1.87720313e-01
3.05437031e-07,1.87684375e-01
3.05477031e-07,1.87714063e-01
3.05517031e-07,1.87687500e-01
3.05557031e-07,1.87712500e-01
3.05597031e-07,1.87685938e-01
3.05637031e-07,1.87717187e-01
3.05677031e-07,1.87679687e-01
3.05717031e-07,1.87729688e-01
3.05757031e-07,1.87645312e-01
3.05797031e-07,1.87907812e-01
3.05837031e-07,1.88156250e-01
3.05877031e-07,1.88068750e-01
3.05917031e-07,1.88123438e-01
3.05957031e-07,1.88081250e-01
3.05997031e-07,1.88115625e-01
3.06037031e-07,1.88085937e-01
3.06077031e-07,1.88112500e-01
3.06117031e-07,1.88089063e-01
3.06157031e-07,1.88110938e-01
3.06197031e-07,1.88089063e-01
3.06237031e-07,1.88110938e-01
3.06277031e-07,1.88089063e-01
3.06317031e-07,1.88110938e-01
3.06357031e-07,1.88089063e-01
3.06397031e-07,1.88110938e-01
3.06437031e-07,1.88089063e-01
3.06477031e-07,1.88112500e-01
3.06517031e-07,1.88087500e-01
3.06557031e-07,1.88114063e-01
3.06597031e-07,1.88085937e-01
3.06637031e-07,1.88117188e-01
3.06677031e-07,1.88079688e-01
3.06717031e-07,1.88125000e-01
3.06757031e-07,1.88065625e-01
3.06797031e-07,1.88159375e-01
3.06837031e-07,1.87887500e-01
3.06877031e-07,1.87650000e-01
3.06917031e-07,1.87726562e-01
3.06957031e-07,1.87682813e-01
3.06997031e-07,1.87712500e-01
3.07037031e-07,1.87690625e-01
3.07077031e-07,1.87707813e-01
3.07117031e-07,1.87693750e-01
3.07157031e-07,1.87704687e-01
3.07197031e-07,1.87695313e-01
3.07237031e-07,1.87703125e-01
3.07277031e-07,1.87696875e-01
3.07317031e-07,1.87703125e-01
3.07357031e-07,1.87696875e-01
3.07397031e-07,1.87701563e-01
3.07437031e-07,1.87698438e-01
3.07477031e-07,1.87703125e-01
3.07517031e-07,1.87696875e-01
3.07557031e-07,1.87703125e-01
3.07597031e-07,1.87696875e-01
3.07637031e-07,1.87704687e-01
3.07677031e-07,1.87693750e-01
3.07717031e-07,1.87709375e-01
3.07757031e-07,1.87685938e-01
3.07797031e-07,1.87721875e-01
3.07837031e-07,1.87653125e-01
3.07877031e-07,1.87898438e-01
3.07917031e-07,1.88164063e-01
3.07957031e-07,1.88057813e-01
3.07997031e-07,1.88132812e-01
3.08037031e-07,1.88070313e-01
3.08077031e-07,1.88129688e-01
3.08117031e-07,1.88070313e-01
3.08157031e-07,1.88131250e-01
3.08197031e-07,1.88064063e-01
3.08237031e-07,1.88145312e-01
3.08277031e-07,1.88029688e-01
3.08317031e-07,1.88325000e-01
3.08357031e-07,1.88537500e-01
3.08397031e-07,1.88489062e-01
3.08437031e-07,1.88500000e-01
3.08477031e-07,1.88507813e-01
3.08517031e-07,1.88484375e-01
3.08557031e-07,1.88528125e-01
3.08597031e-07,1.88445313e-01
3.08637031e-07,1.88709375e-01
3.08677031e-07,1.88951563e-01
3.08717031e-07,1.88875000e-01
3.08757031e-07,1.88914063e-01
3.08797031e-07,1.88893750e-01
3.08837031e-07,1.88896875e-01
3.08877031e-07,1.88914063e-01
3.08917031e-07,1.88859375e-01
3.08957031e-07,1.89093750e-01
3.08997031e-07,1.89368750e-01
3.09037031e-07,1.89256250e-01
3.09077031e-07,1.89335937e-01
3.09117031e-07,1.89267188e-01
3.09157031e-07,1.89331250e-01
3.09197031e-07,1.89265625e-01
3.09237031e-07,1.89342188e-01
3.09277031e-07,1.89234375e-01
3.09317031e-07,1.89517188e-01
3.09357031e-07,1.89746875e-01
3.09397031e-07,1.89676563e-01
3.09437031e-07,1.89714063e-01
3.09477031e-07,1.89689063e-01
3.09517031e-07,1.89707813e-01
3.09557031e-07,1.89693750e-01
3.09597031e-07,1.89706250e-01
3.09637031e-07,1.89695313e-01
3.09677031e-07,1.89704687e-01
3.09717031e-07,1.89695313e-01
3.09757031e-07,1.89704687e-01
3.09797031e-07,1.89695313e-01
3.09837031e-07,1.89704687e-01
3.09877031e-07,1.89695313e-01
3.09917031e-07,1.89704687e-01
3.09957031e-07,1.89693750e-01
3.09997031e-07,1.89706250e-01
3.10037031e-07,1.89693750e-01
3.10077031e-07,1.89707813e-01
3.10117031e-07,1.89692187e-01
3.10157031e-07,1.89707813e-01
3.10197031e-07,1.89690625e-01
3.10237031e-07,1.89710938e-01
3.10277031e-07,1.89687500e-01
3.10317031e-07,1.89714063e-01
3.10357031e-07,1.89681250e-01
3.10397031e-07,1.89723438e-01
3.10437031e-07,1.89667188e-01
3.10477031e-07,1.89757813e-01
3.10517031e-07,1.89487500e-01
3.10557031e-07,1.89250000e-01
3.10597031e-07,1.89325000e-01
3.10637031e-07,1.89284375e-01
3.10677031e-07,1.89309375e-01
3.10717031e-07,1.89293750e-01
3.10757031e-07,1.89303125e-01
3.10797031e-07,1.89300000e-01
3.10837031e-07,1.89298437e-01
3.10877031e-07,1.89304688e-01
3.10917031e-07,1.89290625e-01
3.10957031e-07,1.89314063e-01
3.10997031e-07,1.89275000e-01
3.11037031e-07,1.89350000e-01
3.11077031e-07,1.89095313e-01
3.11117031e-07,1.88842188e-01
3.11157031e-07,1.88934375e-01
3.11197031e-07,1.88876563e-01
3.11237031e-07,1.88918750e-01
3.11277031e-07,1.88884375e-01
3.11317031e-07,1.88912500e-01
3.11357031e-07,1.88889063e-01
3.11397031e-07,1.88909375e-01
3.11437031e-07,1.88890625e-01
3.11477031e-07,1.88907812e-01
3.11517031e-07,1.88893750e-01
3.11557031e-07,1.88906250e-01
3.11597031e-07,1.88895312e-01
3.11637031e-07,1.88904688e-01
3.11677031e-07,1.88896875e-01
3.11717031e-07,1.88903125e-01
3.11757031e-07,1.88898438e-01
3.11797031e-07,1.88901563e-01
3.11837031e-07,1.88900000e-01
3.11877031e-07,1.88898438e-01
3.11917031e-07,1.88901563e-01
3.11957031e-07,1.88896875e-01
3.11997031e-07,1.88906250e-01
3.12037031e-07,1.88890625e-01
3.12077031e-07,1.88914063e-01
3.12117031e-07,1.88875000e-01
3.12157031e-07,1.88950000e-01
3.12197031e-07,1.88696875e-01
3.12237031e-07,1.88440625e-01
3.12277031e-07,1.88535938e-01
3.12317031e-07,1.88475000e-01
3.12357031e-07,1.88520313e-01
3.12397031e-07,1.88482813e-01
3.12437031e-07,1.88515625e-01
3.12477031e-07,1.88485938e-01
3.12517031e-07,1.88512500e-01
3.12557031e-07,1.88489062e-01
3.12597031e-07,1.88510938e-01
3.12637031e-07,1.88490625e-01
3.12677031e-07,1.88509375e-01
3.12717031e-07,1.88492188e-01
3.12757031e-07,1.88507813e-01
3.12797031e-07,1.88493750e-01
3.12837031e-07,1.88506250e-01
3.12877031e-07,1.88493750e-01
3.12917031e-07,1.88504688e-01
3.12957031e-07,1.88495313e-01
3.12997031e-07,1.88503125e-01
3.13037031e-07,1.88498438e-01
3.13077031e-07,1.88500000e-01
3.13117031e-07,1.88501562e-01
3.13157031e-07,1.88495313e-01
3.13197031e-07,1.88509375e-01
3.13237031e-07,1.88481250e-01
3.13277031e-07,1.88543750e-01
3.13317031e-07,1.88303125e-01
3.13357031e-07,1.88034375e-01
3.13397031e-07,1.88142188e-01
3.13437031e-07,1.88065625e-01
3.13477031e-07,1.88129688e-01
3.13517031e-07,1.88073437e-01
3.13557031e-07,1.88126563e-01
3.13597031e-07,1.88073437e-01
3.13637031e-07,1.88126563e-01
3.13677031e-07,1.88070313e-01
3.13717031e-07,1.88132812e-01
3.13757031e-07,1.88057813e-01
3.13797031e-07,1.88167187e-01
3.13837031e-07,1.87879688e-01
3.13877031e-07,1.87656250e-01
3.13917031e-07,1.87718750e-01
3.13957031e-07,1.87689063e-01
3.13997031e-07,1.87706250e-01
3.14037031e-07,1.87696875e-01
3.14077031e-07,1.87701563e-01
3.14117031e-07,1.87700000e-01
3.14157031e-07,1.87698438e-01
3.14197031e-07,1.87701563e-01
3.14237031e-07,1.87696875e-01
3.14277031e-07,1.87703125e-01
3.14317031e-07,1.87696875e-01
3.14357031e-07,1.87703125e-01
3.14397031e-07,1.87696875e-01
3.14437031e-07,1.87704687e-01
3.14477031e-07,1.87695313e-01
3.14517031e-07,1.87704687e-01
3.14557031e-07,1.87695313e-01
3.14597031e-07,1.87704687e-01
3.14637031e-07,1.87695313e-01
3.14677031e-07,1.87704687e-01
3.14717031e-07,1.87695313e-01
3.14757031e-07,1.87704687e-01
3.14797031e-07,1.87695313e-01
3.14837031e-07,1.87704687e-01
3.14877031e-07,1.87695313e-01
3.14917031e-07,1.87704687e-01
3.14957031e-07,1.87693750e-01
3.14997031e-07,1.87706250e-01
3.15037031e-07,1.87693750e-01
3.15077031e-07,1.87706250e-01
3.15117031e-07,1.87693750e-01
3.15157031e-07,1.87706250e-01
3.15197031e-07,1.87693750e-01
3.15237031e-07,1.87706250e-01
3.15277031e-07,1.87693750e-01
3.15317031e-07,1.87706250e-01
3.15357031e-07,1.87693750e-01
3.15397031e-07,1.87706250e-01
3.15437031e-07,1.87693750e-01
3.15477031e-07,1.87706250e-01
3.15517031e-07,1.87693750e-01
3.15557031e-07,1.87706250e-01
3.15597031e-07,1.87693750e-01
3.15637031e-07,1.87707813e-01
3.15677031e-07,1.87692187e-01
3.15717031e-07,1.87707813e-01
3.15757031e-07,1.87692187e-01
3.15797031e-07,1.87707813e-01
3.15837031e-07,1.87692187e-01
3.15877031e-07,1.87707813e-01
3.15917031e-07,1.87692187e-01
3.15957031e-07,1.87707813e-01
3.15997031e-07,1.87690625e-01
3.16037031e-07,1.87709375e-01
3.16077031e-07,1.87690625e-01
3.16117031e-07,1.87709375e-01
3.16157031e-07,1.87690625e-01
3.16197031e-07,1.87710938e-01
3.16237031e-07,1.87689063e-01
3.16277031e-07,1.87710938e-01
3.16317031e-07,1.87687500e-01
3.16357031e-07,1.87714063e-01
3.16397031e-07,1.87685938e-01
3.16437031e-07,1.87715625e-01
3.16477031e-07,1.87682813e-01
3.16517031e-07,1.87720313e-01
3.16557031e-07,1.87676563e-01
3.16597031e-07,1.87728125e-01
3.16637031e-07,1.87662500e-01
3.16677031e-07,1.87764062e-01
3.16717031e-07,1.87482813e-01
3.16757031e-07,1.87254688e-01
3.16797031e-07,1.87320313e-01
3.16837031e-07,1.87289063e-01
3.16877031e-07,1.87304688e-01
3.16917031e-07,1.87298437e-01
3.16957031e-07,1.87298437e-01
3.16997031e-07,1.87304688e-01
3.17037031e-07,1.87292188e-01
3.17077031e-07,1.87312500e-01
3.17117031e-07,1.87281250e-01
3.17157031e-07,1.87328125e-01
3.17197031e-07,1.87245313e-01
3.17237031e-07,1.87507813e-01
3.17277031e-07,1.87754688e-01
3.17317031e-07,1.87670313e-01
3.17357031e-07,1.87720313e-01
3.17397031e-07,1.87684375e-01
3.17437031e-07,1.87712500e-01
3.17477031e-07,1.87690625e-01
3.17517031e-07,1.87707813e-01
3.17557031e-07,1.87693750e-01
3.17597031e-07,1.87704687e-01
3.17637031e-07,1.87695313e-01
3.17677031e-07,1.87703125e-01
3.17717031e-07,1.87696875e-01
3.17757031e-07,1.87703125e-01
3.17797031e-07,1.87698438e-01
3.17837031e-07,1.87701563e-01
3.17877031e-07,1.87698438e-01
3.17917031e-07,1.87700000e-01
3.17957031e-07,1.87700000e-01
3.17997031e-07,1.87700000e-01
3.18037031e-07,1.87701563e-01
3.18077031e-07,1.87698438e-01
3.18117031e-07,1.87701563e-01
3.18157031e-07,1.87696875e-01
3.18197031e-07,1.87703125e-01
3.18237031e-07,1.87696875e-01
3.18277031e-07,1.87704687e-01
3.18317031e-07,1.87695313e-01
3.18357031e-07,1.87706250e-01
3.18397031e-07,1.87693750e-01
3.18437031e-07,1.87707813e-01
3.18477031e-07,1.87690625e-01
3.18517031e-07,1.87712500e-01
3.18557031e-07,1.87684375e-01
3.18597031e-07,1.87720313e-01
3.18637031e-07,1.87670313e-01
3.18677031e-07,1.87754688e-01
3.18717031e-07,1.87492188e-01
3.18757031e-07,1.87245313e-01
3.18797031e-07,1.87329688e-01
3.18837031e-07,1.87279688e-01
3.18877031e-07,1.87315625e-01
3.18917031e-07,1.87287500e-01
3.18957031e-07,1.87310937e-01
3.18997031e-07,1.87292188e-01
3.19037031e-07,1.87307813e-01
3.19077031e-07,1.87293750e-01
3.19117031e-07,1.87306250e-01
3.19157031e-07,1.87295313e-01
3.19197031e-07,1.87304688e-01
3.19237031e-07,1.87296875e-01
3.19277031e-07,1.87303125e-01
3.19317031e-07,1.87296875e-01
3.19357031e-07,1.87303125e-01
3.19397031e-07,1.87298437e-01
3.19437031e-07,1.87301563e-01
3.19477031e-07,1.87298437e-01
3.19517031e-07,1.87301563e-01
3.19557031e-07,1.87300000e-01
3.19597031e-07,1.87300000e-01
3.19637031e-07,1.87300000e-01
3.19677031e-07,1.87300000e-01
3.19717031e-07,1.87301563e-01
3.19757031e-07,1.87298437e-01
3.19797031e-07,1.87301563e-01
3.19837031e-07,1.87296875e-01
3.19877031e-07,1.87303125e-01
3.19917031e-07,1.87295313e-01
3.19957031e-07,1.87304688e-01
3.19997031e-07,1.87293750e-01
3.20037031e-07,1.87307813e-01
3.20077031e-07,1.87290625e-01
3.20117031e-07,1.87312500e-01
3.20157031e-07,1.87281250e-01
3.20197031e-07,1.87328125e-01
3.20237031e-07,1.87246875e-01
3.20277031e-07,1.87506250e-01
3.20317031e-07,1.87756250e-01
3.20357031e-07,1.87667187e-01
3.20397031e-07,1.87723438e-01
3.20437031e-07,1.87682813e-01
3.20477031e-07,1.87714063e-01
3.20517031e-07,1.87687500e-01
3.20557031e-07,1.87710938e-01
3.20597031e-07,1.87690625e-01
3.20637031e-07,1.87709375e-01
3.20677031e-07,1.87692187e-01
3.20717031e-07,1.87707813e-01
3.20757031e-07,1.87692187e-01
3.20797031e-07,1.87706250e-01
3.20837031e-07,1.87693750e-01
3.20877031e-07,1.87706250e-01
3.20917031e-07,1.87693750e-01
3.20957031e-07,1.87704687e-01
3.20997031e-07,1.87695313e-01
3.21037031e-07,1.87704687e-01
3.21077031e-07,1.87695313e-01
3.21117031e-07,1.87704687e-01
3.21157031e-07,1.87696875e-01
3.21197031e-07,1.87703125e-01
3.21237031e-07,1.87696875e-01
3.21277031e-07,1.87703125e-01
3.21317031e-07,1.87696875e-01
3.21357031e-07,1.87701563e-01
3.21397031e-07,1.87698438e-01
3.21437031e-07,1.87701563e-01
3.21477031e-07,1.87700000e-01
3.21517031e-07,1.87698438e-01
3.21557031e-07,1.87703125e-01
3.21597031e-07,1.87693750e-01
3.21637031e-07,1.87710938e-01
3.21677031e-07,1.87681250e-01
3.21717031e-07,1.87743750e-01
3.21757031e-07,1.87503125e-01
3.21797031e-07,1.87232813e-01
3.21837031e-07,1.87345312e-01
3.21877031e-07,1.87262500e-01
3.21917031e-07,1.87334375e-01
3.21957031e-07,1.87265625e-01
3.21997031e-07,1.87337500e-01
3.22037031e-07,1.87253125e-01
3.22077031e-07,1.87370312e-01
3.22117031e-07,1.87076563e-01
3.22157031e-07,1.86860938e-01
3.22197031e-07,1.86915625e-01
3.22237031e-07,1.86895313e-01
3.22277031e-07,1.86898438e-01
3.22317031e-07,1.86906250e-01
3.22357031e-07,1.86889063e-01
3.22397031e-07,1.86917187e-01
3.22437031e-07,1.86873438e-01
3.22477031e-07,1.86953125e-01
3.22517031e-07,1.86693750e-01
3.22557031e-07,1.86443750e-01
3.22597031e-07,1.86531250e-01
3.22637031e-07,1.86478125e-01
3.22677031e-07,1.86517188e-01
3.22717031e-07,1.86485938e-01
3.22757031e-07,1.86510938e-01
3.22797031e-07,1.86490625e-01
3.22837031e-07,1.86509375e-01
3.22877031e-07,1.86492188e-01
3.22917031e-07,1.86506250e-01
3.22957031e-07,1.86493750e-01
3.22997031e-07,1.86506250e-01
3.23037031e-07,1.86495313e-01
3.23077031e-07,1.86504688e-01
3.23117031e-07,1.86495313e-01
3.23157031e-07,1.86504688e-01
3.23197031e-07,1.86495313e-01
3.23237031e-07,1.86504688e-01
3.23277031e-07,1.86495313e-01
3.23317031e-07,1.86504688e-01
3.23357031e-07,1.86495313e-01
3.23397031e-07,1.86504688e-01
3.23437031e-07,1.86495313e-01
3.23477031e-07,1.86504688e-01
3.23517031e-07,1.86495313e-01
3.23557031e-07,1.86504688e-01
3.23597031e-07,1.86495313e-01
3.23637031e-07,1.86504688e-01
3.23677031e-07,1.86495313e-01
3.23717031e-07,1.86504688e-01
3.23757031e-07,1.86493750e-01
3.23797031e-07,1.86506250e-01
3.23837031e-07,1.86492188e-01
3.23877031e-07,1.86507813e-01
3.23917031e-07,1.86489062e-01
3.23957031e-07,1.86512500e-01
3.23997031e-07,1.86482813e-01
3.24037031e-07,1.86526562e-01
3.24077031e-07,1.86448438e-01
3.24117031e-07,1.86704688e-01
3.24157031e-07,1.86959375e-01
3.24197031e-07,1.86864063e-01
3.24237031e-07,1.86926563e-01
3.24277031e-07,1.86878125e-01
3.24317031e-07,1.86920313e-01
3.24357031e-07,1.86879688e-01
3.24397031e-07,1.86920313e-01
3.24437031e-07,1.86878125e-01
3.24477031e-07,1.86923438e-01
3.24517031e-07,1.86871875e-01
3.24557031e-07,1.86937500e-01
3.24597031e-07,1.86837500e-01
3.24637031e-07,1.87115625e-01
3.24677031e-07,1.87345312e-01
3.24717031e-07,1.87278125e-01
3.24757031e-07,1.87310937e-01
3.24797031e-07,1.87295313e-01
3.24837031e-07,1.87300000e-01
3.24877031e-07,1.87306250e-01
3.24917031e-07,1.87287500e-01
3.24957031e-07,1.87323437e-01
3.24997031e-07,1.87251562e-01
3.25037031e-07,1.87503125e-01
3.25077031e-07,1.87757813e-01
3.25117031e-07,1.87667187e-01
3.25157031e-07,1.87721875e-01
3.25197031e-07,1.87685938e-01
3.25237031e-07,1.87706250e-01
3.25277031e-07,1.87704687e-01
3.25317031e-07,1.87670313e-01
3.25357031e-07,1.87882812e-01
3.25397031e-07,1.88181250e-01
3.25437031e-07,1.88040625e-01
3.25477031e-07,1.88153125e-01
3.25517031e-07,1.88046875e-01
3.25557031e-07,1.88159375e-01
3.25597031e-07,1.88017188e-01
3.25637031e-07,1.88334375e-01
3.25677031e-07,1.88526562e-01
3.25717031e-07,1.88496875e-01
3.25757031e-07,1.88492188e-01
3.25797031e-07,1.88515625e-01
3.25837031e-07,1.88476562e-01
3.25877031e-07,1.88534375e-01
3.25917031e-07,1.88439063e-01
3.25957031e-07,1.88715625e-01
3.25997031e-07,1.88945313e-01
3.26037031e-07,1.88879688e-01
3.26077031e-07,1.88909375e-01
3.26117031e-07,1.88896875e-01
3.26157031e-07,1.88896875e-01
3.26197031e-07,1.88907812e-01
3.26237031e-07,1.88885938e-01
3.26277031e-07,1.88925000e-01
3.26317031e-07,1.88848438e-01
3.26357031e-07,1.89104688e-01
3.26397031e-07,1.89356250e-01
3.26437031e-07,1.89267188e-01
3.26477031e-07,1.89321875e-01
3.26517031e-07,1.89282813e-01
3.26557031e-07,1.89314063e-01
3.26597031e-07,1.89289062e-01
3.26637031e-07,1.89309375e-01
3.26677031e-07,1.89292188e-01
3.26717031e-07,1.89307813e-01
3.26757031e-07,1.89293750e-01
3.26797031e-07,1.89306250e-01
3.26837031e-07,1.89295313e-01
3.26877031e-07,1.89304688e-01
3.26917031e-07,1.89295313e-01
3.26957031e-07,1.89303125e-01
3.26997031e-07,1.89296875e-01
3.27037031e-07,1.89303125e-01
3.27077031e-07,1.89296875e-01
3.27117031e-07,1.89301563e-01
3.27157031e-07,1.89298437e-01
3.27197031e-07,1.89301563e-01
3.27237031e-07,1.89298437e-01
3.27277031e-07,1.89301563e-01
3.27317031e-07,1.89298437e-01
3.27357031e-07,1.89300000e-01
3.27397031e-07,1.89300000e-01
3.27437031e-07,1.89300000e-01
3.27477031e-07,1.89300000e-01
3.27517031e-07,1.89300000e-01
3.27557031e-07,1.89300000e-01
3.27597031e-07,1.89300000e-01
3.27637031e-07,1.89301563e-01
3.27677031e-07,1.89298437e-01
3.27717031e-07,1.89301563e-01
3.27757031e-07,1.89298437e-01
3.27797031e-07,1.89301563e-01
3.27837031e-07,1.89298437e-01
3.27877031e-07,1.89303125e-01
3.27917031e-07,1.89296875e-01
3.27957031e-07,1.89303125e-01
3.27997031e-07,1.89296875e-01
3.28037031e-07,1.89304688e-01
3.28077031e-07,1.89295313e-01
3.28117031e-07,1.89304688e-01
3.28157031e-07,1.89293750e-01
3.28197031e-07,1.89307813e-01
3.28237031e-07,1.89292188e-01
3.28277031e-07,1.89309375e-01
3.28317031e-07,1.89287500e-01
3.28357031e-07,1.89315625e-01
3.28397031e-07,1.89279688e-01
3.28437031e-07,1.89329688e-01
3.28477031e-07,1.89245313e-01
3.28517031e-07,1.89507813e-01
3.28557031e-07,1.89754688e-01
3.28597031e-07,1.89670312e-01
3.28637031e-07,1.89720313e-01
3.28677031e-07,1.89684375e-01
3.28717031e-07,1.89712500e-01
3.28757031e-07,1.89689063e-01
3.28797031e-07,1.89709375e-01
3.28837031e-07,1.89692187e-01
3.28877031e-07,1.89707813e-01
3.28917031e-07,1.89692187e-01
3.28957031e-07,1.89706250e-01
3.28997031e-07,1.89693750e-01
3.29037031e-07,1.89706250e-01
3.29077031e-07,1.89693750e-01
3.29117031e-07,1.89707813e-01
3.29157031e-07,1.89692187e-01
3.29197031e-07,1.89709375e-01
3.29237031e-07,1.89687500e-01
3.29277031e-07,1.89715625e-01
3.29317031e-07,1.89675000e-01
3.29357031e-07,1.89748438e-01
3.29397031e-07,1.89498438e-01
3.29437031e-07,1.89237500e-01
3.29477031e-07,1.89339063e-01
3.29517031e-07,1.89268750e-01
3.29557031e-07,1.89328125e-01
3.29597031e-07,1.89273438e-01
3.29637031e-07,1.89328125e-01
3.29677031e-07,1.89270313e-01
3.29717031e-07,1.89334375e-01
3.29757031e-07,1.89256250e-01
3.29797031e-07,1.89370312e-01
3.29837031e-07,1.89076563e-01
3.29877031e-07,1.88862500e-01
3.29917031e-07,1.88912500e-01
3.29957031e-07,1.88900000e-01
3.29997031e-07,1.88892188e-01
3.30037031e-07,1.88917188e-01
3.30077031e-07,1.88871875e-01
3.30117031e-07,1.88956250e-01
3.30157031e-07,1.88689063e-01
3.30197031e-07,1.88451563e-01
3.30237031e-07,1.88523438e-01
3.30277031e-07,1.88489062e-01
3.30317031e-07,1.88501562e-01
3.30357031e-07,1.88507813e-01
3.30397031e-07,1.88479687e-01
3.30437031e-07,1.88546875e-01
3.30477031e-07,1.88296875e-01
3.30517031e-07,1.88042188e-01
3.30557031e-07,1.88131250e-01
3.30597031e-07,1.88081250e-01
3.30637031e-07,1.88109375e-01
3.30677031e-07,1.88098437e-01
3.30717031e-07,1.88089063e-01
3.30757031e-07,1.88137500e-01
3.30797031e-07,1.87907812e-01
3.30837031e-07,1.87631250e-01
3.30877031e-07,1.87743750e-01
3.30917031e-07,1.87667187e-01
3.30957031e-07,1.87726562e-01
3.30997031e-07,1.87678125e-01
3.31037031e-07,1.87718750e-01
3.31077031e-07,1.87684375e-01
3.31117031e-07,1.87712500e-01
3.31157031e-07,1.87690625e-01
3.31197031e-07,1.87706250e-01
3.31237031e-07,1.87700000e-01
3.31277031e-07,1.87690625e-01
3.31317031e-07,1.87734375e-01
3.31357031e-07,1.87512500e-01
3.31397031e-07,1.87226562e-01
3.31437031e-07,1.87350000e-01
3.31477031e-07,1.87259375e-01
3.31517031e-07,1.87335937e-01
3.31557031e-07,1.87267188e-01
3.31597031e-07,1.87332813e-01
3.31637031e-07,1.87268750e-01
3.31677031e-07,1.87331250e-01
3.31717031e-07,1.87267188e-01
3.31757031e-07,1.87334375e-01
3.31797031e-07,1.87260938e-01
3.31837031e-07,1.87348438e-01
3.31877031e-07,1.87226562e-01
3.31917031e-07,1.87525000e-01
3.31957031e-07,1.87737500e-01
3.31997031e-07,1.87687500e-01
3.32037031e-07,1.87704687e-01
3.32077031e-07,1.87700000e-01
3.32117031e-07,1.87696875e-01
3.32157031e-07,1.87706250e-01
3.32197031e-07,1.87692187e-01
3.32237031e-07,1.87707813e-01
3.32277031e-07,1.87690625e-01
3.32317031e-07,1.87710938e-01
3.32357031e-07,1.87689063e-01
3.32397031e-07,1.87712500e-01
3.32437031e-07,1.87687500e-01
3.32477031e-07,1.87714063e-01
3.32517031e-07,1.87684375e-01
3.32557031e-07,1.87717187e-01
3.32597031e-07,1.87681250e-01
3.32637031e-07,1.87721875e-01
3.32677031e-07,1.87671875e-01
3.32717031e-07,1.87737500e-01
3.32757031e-07,1.87637500e-01
3.32797031e-07,1.87915625e-01
3.32837031e-07,1.88146875e-01
3.32877031e-07,1.88076563e-01
3.32917031e-07,1.88112500e-01
3.32957031e-07,1.88092188e-01
3.32997031e-07,1.88104688e-01
3.33037031e-07,1.88096875e-01
3.33077031e-07,1.88101563e-01
3.33117031e-07,1.88100000e-01
3.33157031e-07,1.88100000e-01
3.33197031e-07,1.88101563e-01
3.33237031e-07,1.88098437e-01
3.33277031e-07,1.88103125e-01
3.33317031e-07,1.88096875e-01
3.33357031e-07,1.88103125e-01
3.33397031e-07,1.88096875e-01
3.33437031e-07,1.88104688e-01
3.33477031e-07,1.88095313e-01
3.33517031e-07,1.88104688e-01
3.33557031e-07,1.88095313e-01
3.33597031e-07,1.88104688e-01
3.33637031e-07,1.88095313e-01
3.33677031e-07,1.88106250e-01
3.33717031e-07,1.88093750e-01
3.33757031e-07,1.88106250e-01
3.33797031e-07,1.88093750e-01
3.33837031e-07,1.88106250e-01
3.33877031e-07,1.88093750e-01
3.33917031e-07,1.88106250e-01
3.33957031e-07,1.88092188e-01
3.33997031e-07,1.88107812e-01
3.34037031e-07,1.88092188e-01
3.34077031e-07,1.88107812e-01
3.34117031e-07,1.88092188e-01
3.34157031e-07,1.88107812e-01
3.34197031e-07,1.88090625e-01
3.34237031e-07,1.88109375e-01
3.34277031e-07,1.88090625e-01
3.34317031e-07,1.88109375e-01
3.34357031e-07,1.88089063e-01
3.34397031e-07,1.88110938e-01
3.34437031e-07,1.88089063e-01
3.34477031e-07,1.88112500e-01
3.34517031e-07,1.88087500e-01
3.34557031e-07,1.88114063e-01
3.34597031e-07,1.88085937e-01
3.34637031e-07,1.88115625e-01
3.34677031e-07,1.88082813e-01
3.34717031e-07,1.88120312e-01
3.34757031e-07,1.88076563e-01
3.34797031e-07,1.88128125e-01
3.34837031e-07,1.88062500e-01
3.34877031e-07,1.88164063e-01
3.34917031e-07,1.87882812e-01
3.34957031e-07,1.87654688e-01
3.34997031e-07,1.87720313e-01
3.35037031e-07,1.87689063e-01
3.35077031e-07,1.87704687e-01
3.35117031e-07,1.87698438e-01
3.35157031e-07,1.87698438e-01
3.35197031e-07,1.87703125e-01
3.35237031e-07,1.87693750e-01
3.35277031e-07,1.87707813e-01
3.35317031e-07,1.87690625e-01
3.35357031e-07,1.87712500e-01
3.35397031e-07,1.87682813e-01
3.35437031e-07,1.87721875e-01
3.35477031e-07,1.87667187e-01
3.35517031e-07,1.87757813e-01
3.35557031e-07,1.87487500e-01
3.35597031e-07,1.87250000e-01
3.35637031e-07,1.87325000e-01
3.35677031e-07,1.87285937e-01
3.35717031e-07,1.87309375e-01
3.35757031e-07,1.87295313e-01
3.35797031e-07,1.87300000e-01
3.35837031e-07,1.87303125e-01
3.35877031e-07,1.87292188e-01
3.35917031e-07,1.87312500e-01
3.35957031e-07,1.87276563e-01
3.35997031e-07,1.87350000e-01
